1 0 0 0 0 1 0 0 -0 0 1 0
1 -0.000621627 -9.7951e-05 -0.00248397 0.000621612 1 -0.000149476 0.00262793 9.80439e-05 0.000149415 1 0.00952868
1 -0.000586776 -7.04933e-05 -0.00243318 0.000586769 1 -9.80179e-05 0.000606593 7.05508e-05 9.79765e-05 1 0.00884496
1 -0.000581598 -0.000126887 -0.00237917 0.000581579 1 -0.00015203 -0.00140487 0.000126975 0.000151956 1 0.00815988
1 -0.000670727 -8.67866e-07 -0.00231845 0.000670727 1 -0.000174306 -0.00341454 9.84777e-07 0.000174305 1 0.00748003
1 -0.000478407 -0.000175031 0.00990444 0.000478388 1 -0.000104031 -0.00148706 0.000175081 0.000103947 1 0.0117125
1 -0.000526993 -0.000149965 -0.00274561 0.00052698 1 -8.78898e-05 0.000761727 0.000150011 8.78108e-05 1 0.00831856
1 -0.000546825 0.000152718 -0.0153296 0.000546853 1 -0.000182462 0.00302194 -0.000152618 0.000182546 1 0.0049556
1 -0.000668814 2.48192e-05 -0.0278316 0.000668815 1 -4.04689e-05 0.00529793 -2.47921e-05 4.04855e-05 1 0.00160744
1 -0.000344384 -0.000183132 -0.000256875 0.000344374 1 -5.17509e-05 -0.00146664 0.000183149 5.16879e-05 1 0.00960385
1 -0.000429881 -0.000111857 -0.00158631 0.000429863 1 -0.000161867 -0.00129825 0.000111927 0.000161819 1 0.0139212
1 -0.000535914 -0.000179189 -0.00290144 0.000535892 1 -0.000122652 -0.00110696 0.000179255 0.000122556 1 0.0182102
1 -0.000376041 -3.29848e-05 0.00367609 0.000376038 1 -0.000108246 0.00164294 3.30255e-05 0.000108234 1 0.00921308
1 -0.000535744 3.99798e-05 0.0102297 0.000535748 1 -0.000101826 0.00437484 -3.99252e-05 0.000101848 1 0.000242039
1 -0.000564937 -7.34671e-05 0.00052603 0.000564925 1 -0.000155983 0.00464515 7.35552e-05 0.000155941 1 0.0122636
1 -0.000566451 4.25846e-05 -0.00304074 0.000566456 1 -0.000118356 0.00665138 -4.25176e-05 0.000118381 1 0.00552865
1 -0.000504708 7.31291e-05 -0.0065976 0.000504712 1 -5.31622e-05 0.00863238 -7.31023e-05 5.31991e-05 1 -0.0011919
1 -0.000421916 -0.000133745 0.0096004 0.000421899 1 -0.000126031 -0.00027597 0.000133799 0.000125975 1 0.0119134
1 -0.000346371 -0.000474266 0.0256523 0.000346295 1 -0.000160044 -0.00912994 0.000474321 0.000159879 1 0.0249032
1 -0.000506653 -0.000145005 -0.000795491 0.000506625 1 -0.000189407 -0.00162286 0.000145101 0.000189333 1 0.0137866
1 -0.000561353 -2.82714e-05 -0.00211684 0.000561348 1 -0.000155933 -0.000817243 2.83589e-05 0.000155917 1 0.0100054
1 -0.000477297 -0.000176009 -0.00346412 0.000477282 1 -8.63249e-05 0.000142028 0.00017605 8.62409e-05 1 0.00940432
1 -0.000462347 8.89324e-06 -0.00481213 0.000462349 1 -0.000166646 0.00110453 -8.81619e-06 0.00016665 1 0.00878677
1 -0.000394389 -0.00025267 -0.00615209 0.000394385 1 -1.96364e-05 0.00206123 0.000252678 1.95367e-05 1 0.00817466
1 -0.000536874 -8.88103e-05 -0.00711537 0.000536861 1 -0.000147406 -0.000443487 8.88894e-05 0.000147358 1 0.0103504
1 -0.000444439 -0.000269196 -0.00806306 0.000444406 1 -0.000122641 -0.00293747 0.000269251 0.000122521 1 0.0125059
1 -0.000355646 -0.000132799 0.00084744 0.000355633 1 -0.000101729 -0.00587386 0.000132835 0.000101682 1 0.00846011
1 -0.000564465 -0.000149045 -0.00282689 0.000564451 1 -9.51505e-05 0.00647665 0.000149098 9.50664e-05 1 0.00610835
1 -0.000479421 -4.05581e-05 -0.00301705 0.000479414 1 -0.000182195 -0.0017928 4.06454e-05 0.000182175 1 0.0101579
1 -0.000268644 -0.000256423 -0.00319829 0.000268616 1 -0.000106744 -0.0100076 0.000256452 0.000106675 1 0.0141785
1 -0.000568666 -0.00013987 0.00265009 0.000568643 1 -0.000165084 -0.000683101 0.000139964 0.000165004 1 0.0106876
1 -0.000551189 -4.19512e-05 -0.00775627 0.000551182 1 -0.000145857 0.00502286 4.20316e-05 0.000145834 1 0.00605852
1 -0.000427431 -6.72174e-05 0.00428398 0.000427422 1 -0.000127618 -0.00323436 6.7272e-05 0.000127589 1 0.00931869
1 -0.000458665 -9.62309e-05 -0.00479936 0.000458648 1 -0.000175155 -0.00078171 9.63112e-05 0.000175111 1 0.011697
1 -0.00087133 -0.000174469 -0.01385 0.000871305 1 -0.000145843 0.00168484 0.000174596 0.000145691 1 0.0140662
1 -0.000388719 5.23216e-05 -0.00293348 0.000388727 1 -0.00014613 -0.00113506 -5.22648e-05 0.00014615 1 0.00508959
1 -0.000499172 -9.0806e-05 -0.00210376 0.000499158 1 -0.000155773 0.00541826 9.08837e-05 0.000155728 1 0.00709093
1 -0.000637808 2.2408e-05 -0.00287416 0.000637811 1 -0.000145654 0.00765619 -2.23151e-05 0.000145669 1 0.00368549
1 -0.000424496 -4.11299e-05 -0.0036558 0.000424492 1 -0.00010514 0.00987359 4.11745e-05 0.000105123 1 0.000304111
0.999999 -0.0012445 0.000311777 -0.00442158 0.00124454 0.999999 -0.000126769 0.0120654 -0.000311619 0.000127157 1 -0.00304695
1 -0.000474981 -3.45756e-05 0.00335594 0.000474976 1 -0.000144663 0.00023873 3.46443e-05 0.000144647 1 0.00771707
1 -0.000505345 -1.27991e-05 0.00266315 0.000505344 1 -0.000142859 0.00339743 1.28713e-05 0.000142852 1 0.00985713
1 -0.000752602 -0.000155608 0.00382332 0.000752588 1 -8.63559e-05 -0.00206624 0.000155673 8.62387e-05 1 0.00826447
1 -0.000425847 -0.000159962 -0.00313756 0.000425825 1 -0.000140606 -0.00131728 0.000160022 0.000140538 1 0.0123161
1 -0.000546934 -0.000268796 -0.0100718 0.000546884 1 -0.000183736 -0.000569134 0.000268896 0.000183589 1 0.0163501
1 -0.000611485 -4.56903e-05 0.00843093 0.000611478 1 -0.000154552 0.00210677 4.57847e-05 0.000154524 1 0.0089565
1 -0.000475494 -9.0943e-05 -0.00229265 0.000475485 1 -9.43924e-05 0.00406705 9.09878e-05 9.43492e-05 1 0.00810747
1 -0.000525533 -0.000154284 -0.00204955 0.000525511 1 -0.00014322 -7.27522e-05 0.000154359 0.000143138 1 0.0132388
1 -0.000483545 -0.000227182 -0.00180272 0.000483509 1 -0.000161465 -0.00420611 0.00022726 0.000161355 1 0.0183612
1 -0.00055651 -0.000100005 0.000931667 0.000556501 1 -9.26067e-05 -0.00351987 0.000100056 9.2551e-05 1 0.00779108
1 -0.000515746 8.67452e-05 0.00365548 0.000515748 1 -3.25276e-05 -0.00282489 -8.67284e-05 3.25724e-05 1 -0.00275454
1 -0.000530925 -0.000207122 -0.00328914 0.000530906 1 -8.99572e-05 -0.00275224 0.00020717 8.98472e-05 1 0.0106577
1 -0.000406679 -6.64593e-05 0.00249927 0.00040667 1 -0.00012975 0.00292982 6.6512e-05 0.000129723 1 0.00953057
1 -0.000481057 1.49499e-05 -0.002075 0.000481059 1 -0.000153027 0.00628569 -1.48763e-05 0.000153034 1 0.0078549
1 -0.000612619 -0.000152387 -0.00399185 0.000612597 1 -0.00014806 0.00287983 0.000152478 0.000147967 1 0.010693
1 -0.000474234 -0.000168546 0.000759372 0.000474214 1 -0.000119226 0.000298655 0.000168603 0.000119146 1 0.0122372
1 -0.000381334 -8.3977e-05 0.0054986 0.000381316 1 -0.000215538 -0.00229079 8.40592e-05 0.000215505 1 0.0137794
1 -0.000503955 -0.000156419 -0.000388786 0.000503941 1 -9.25536e-05 -0.00162852 0.000156465 9.24748e-05 1 0.00831014
1 -0.000433438 0.000121158 -0.00626313 0.000433462 1 -0.000198115 -0.00095696 -0.000121072 0.000198167 1 0.00285276
1 -0.000539327 -0.000162198 0.00234891 0.000539309 1 -0.000109526 0.00078903 0.000162257 0.000109439 1 0.00937157
1 -0.000639345 0.000161335 -0.00121075 0.000639375 1 -0.000186021 0.00668344 -0.000161216 0.000186124 1 0.00764349
1 -0.000452025 -0.000132945 0.0211448 0.000451997 1 -0.000206987 0.00261394 0.000133039 0.000206926 1 0.0156287
1 -0.000658875 0.000123952 0.0295622 0.000658907 1 -0.000261305 0.0054419 -0.00012378 0.000261387 1 0.0138473
1 -0.000550772 0.000396829 0.0379443 0.000550906 1 -0.00033629 0.00826242 -0.000396644 0.000336509 1 0.0120739
1 -0.000323464 3.08018e-06 0.0217749 0.000323465 1 -0.000214691 0.00044036 -3.01074e-06 0.000214692 1 0.0141616
1 -0.000689007 3.23369e-05 -0.00159772 0.000689016 1 -0.000267328 0.0104582 -3.21527e-05 0.00026735 1 0.0188252
1 -0.000726432 -6.5199e-05 -0.0133696 0.000726416 1 -0.000240115 0.0111786 6.53734e-05 0.000240068 1 0.0171906
1 -0.000949884 -2.25196e-05 -0.0349021 0.000949877 1 -0.00029963 0.0170585 2.28042e-05 0.000299609 1 0.0148117
1 -0.000799265 0.000109877 -0.0614002 0.000799304 1 -0.000356423 0.0109649 -0.000109593 0.00035651 1 0.0215001
0.999999 -0.00134626 0.000192382 -0.102381 0.00134633 0.999999 -0.000392419 0.0157215 -0.000191854 0.000392677 1 0.0274698
0.999997 -0.00173206 0.001885 -0.166748 0.00173363 0.999998 -0.000833456 0.0119609 -0.00188356 0.000836721 0.999998 0.0258356
0.999988 -0.00142023 0.00471966 -0.220833 0.00142799 0.999998 -0.00164148 0.00533225 -0.00471731 0.0016482 0.999988 0.0277331
0.999989 -0.00158757 0.00439271 -0.25889 0.00159386 0.999998 -0.00142831 -0.00110272 -0.00439044 0.0014353 0.999989 0.0236706
0.999994 -0.00144487 0.00310878 -0.297742 0.00144856 0.999998 -0.0011836 -0.0032216 -0.00310706 0.0011881 0.999994 0.0313265
0.999993 -0.00175317 0.00342165 -0.38934 0.00175737 0.999998 -0.00122302 0.00861629 -0.0034195 0.00122903 0.999993 0.034725
0.999995 -0.000525699 0.00317463 -0.453763 0.000529523 0.999999 -0.00120396 -0.00615481 -0.00317399 0.00120563 0.999994 0.0356687
0.999996 -8.08171e-05 0.00294872 -0.518208 8.42808e-05 0.999999 -0.00117455 -0.020841 -0.00294862 0.00117479 0.999995 0.0365988
0.999994 0.000238533 0.00333097 -0.60486 -0.000234155 0.999999 -0.00131479 -0.00888511 -0.00333128 0.001314 0.999994 0.0395983
0.999993 0.000147103 0.00384108 -0.704842 -0.000141804 0.999999 -0.00137983 -0.0084326 -0.00384128 0.00137927 0.999992 0.0321659
0.99999 -0.000756177 0.004477 -0.821954 0.000762963 0.999999 -0.00151404 0.0116456 -0.00447585 0.00151744 0.999989 0.0366238
0.999991 -0.00052636 0.00418583 -0.924683 0.000532564 0.999999 -0.00148101 0.0087658 -0.00418505 0.00148323 0.99999 0.0420059
0.999995 -0.000481171 0.00298062 -1.05954 0.00048414 0.999999 -0.00099568 0.00852602 -0.00298014 0.000997118 0.999995 0.0445523
0.999997 0.000975731 0.00233695 -1.17435 -0.000973828 0.999999 -0.000815238 -0.0092341 -0.00233775 0.000812959 0.999997 0.0487037
0.999997 0.000779298 0.00244107 -1.30685 -0.000777412 0.999999 -0.000773313 -0.00827784 -0.00244167 0.000771412 0.999997 0.0399704
0.999996 0.000602785 0.002664 -1.44845 -0.000600735 1 -0.000770083 0.00746427 -0.00266446 0.00076848 0.999996 0.0439675
0.999997 0.000743033 0.00215246 -1.58559 -0.000741533 0.999999 -0.000697833 0.00620206 -0.00215298 0.000696235 0.999997 0.0467817
0.999997 0.00118661 0.00190095 -1.74645 -0.00118534 0.999999 -0.000671424 -0.00581686 -0.00190175 0.000669169 0.999998 0.0586424
0.999999 0.000514304 0.00136139 -1.90119 -0.000513592 1 -0.000523501 0.0098016 -0.00136166 0.000522801 0.999999 0.0632886
0.999999 0.00141116 0.000756757 -2.05597 -0.00141088 0.999999 -0.000367365 0.0252921 -0.000757275 0.000366297 1 0.0678208
0.999999 0.000766168 0.000931438 -2.22772 -0.000766053 1 -0.000124617 0.0218329 -0.000931533 0.000123904 1 0.0423588
0.999999 0.000622458 0.000962897 -2.44315 -0.000622185 1 -0.000283757 0.0313665 -0.000963073 0.000283158 0.999999 0.056439
0.999999 0.00129125 0.000511777 -2.61246 -0.0012912 0.999999 -0.00011696 0.0193436 -0.000511928 0.000116299 1 0.051738
0.999999 0.00144138 2.5407e-05 -2.78179 -0.00144138 0.999999 5.3181e-05 0.00743939 -2.53303e-05 -5.32175e-05 1 0.0469708
0.999997 0.00226722 -0.000219998 -2.99687 -0.00226722 0.999997 2.4203e-05 0.0124134 0.000220052 -2.37042e-05 1 0.0513989
0.999999 0.00140289 -0.000588181 -3.17875 -0.00140284 0.999999 8.33075e-05 0.0333085 0.000588298 -8.24822e-05 1 0.0525266
0.999998 0.00187491 -0.00100865 -3.37061 -0.0018749 0.999998 1.11487e-05 0.0293368 0.00100867 -9.25758e-06 0.999999 0.0769011
0.999996 0.00236009 -0.00171231 -3.56253 -0.00236031 0.999997 -0.00012205 0.025443 0.00171202 0.000126091 0.999999 0.101128
0.999996 0.00254909 -0.00110533 -3.76288 -0.00254874 0.999997 0.00032167 0.0127486 0.00110614 -0.000318852 0.999999 0.071643
0.999999 0.00150998 -0.00078085 -3.96863 -0.00150981 0.999999 0.000220686 0.0363642 0.000781182 -0.000219506 1 0.0838286
0.999997 0.00237722 -0.000160854 -4.21122 -0.00237717 0.999997 0.000310932 0.00639507 0.000161593 -0.000310548 1 0.0849032
0.999998 0.001908 -0.000233846 -4.38761 -0.00190796 0.999998 0.0001454 0.0143722 0.000234123 -0.000144954 1 0.111284
0.999997 0.00235517 -0.000250601 -4.5986 -0.00235512 0.999997 0.00021711 0.00129046 0.000251112 -0.00021652 1 0.120356
0.999998 0.00204169 -0.000222344 -4.79233 -0.00204163 0.999998 0.000257624 0.00764492 0.000222869 -0.00025717 1 0.120093
0.999997 0.00249896 -0.000253799 -4.98608 -0.00249889 0.999997 0.000296111 0.0139351 0.000254538 -0.000295476 1 0.119844
0.999996 0.00257716 -0.000666546 -5.21621 -0.00257707 0.999997 0.000133816 0.00371826 0.000666889 -0.000132098 1 0.146781
0.999999 0.00146178 0.000401395 -5.4316 -0.0014619 0.999999 0.000297845 0.0126162 -0.000400959 -0.000298432 1 0.119376
0.999998 0.00213324 -0.000112994 -5.61696 -0.0021332 0.999998 0.000354258 0.016893 0.000113749 -0.000354016 1 0.131452
0.999997 0.00242994 -0.000414548 -5.83781 -0.0024298 0.999997 0.000357483 0.00317542 0.000415415 -0.000356475 1 0.133007
0.999998 0.00178394 -0.00105331 -6.08007 -0.00178336 0.999998 0.000554922 0.00943386 0.00105429 -0.000553042 0.999999 0.139006
0.999996 0.00269472 -0.000700302 -6.31384 -0.00269442 0.999996 0.000430094 0.00952498 0.000701458 -0.000428206 1 0.132634
0.999998 0.00194185 -0.000505396 -6.49742 -0.00194171 0.999998 0.000261231 0.0110641 0.000505902 -0.000260249 1 0.143662
0.999999 0.00157986 6.54054e-05 -6.71862 -0.0015799 0.999999 0.000532543 0.0139436 -6.4564e-05 -0.000532646 1 0.12686
1 0.00086023 -0.000492859 -6.94477 -0.000860127 1 0.000207905 0.0181753 0.000493038 -0.000207481 1 0.149339
1 4.55445e-05 -0.000845308 -7.17106 -4.52722e-05 1 0.000322115 0.0220219 0.000845322 -0.000322076 1 0.171551
1 4.68642e-05 -0.00098852 -7.33065 -4.61651e-05 1 0.000707183 0.0223674 0.000988553 -0.000707137 0.999999 0.153279
1 -0.000757736 -0.000374536 -7.5864 0.000757973 1 0.000632445 0.00908144 0.000374056 -0.000632729 1 0.171464
1 -0.000555989 0.000290663 -7.79577 0.000555794 1 0.000667773 0.00369652 -0.000291034 -0.000667611 1 0.160478
0.999999 -0.0015667 0.000377949 -7.98687 0.00156654 0.999999 0.000423724 0.000418309 -0.000378613 -0.000423132 1 0.169564
0.999998 -0.00186457 0.000457516 -8.21118 0.00186449 0.999998 0.000183785 0.00324203 -0.000457858 -0.000182932 1 0.173441
0.999995 -0.0032601 0.000533261 -8.46147 0.0032601 0.999995 3.99992e-06 0.00513689 -0.000533271 -2.26141e-06 1 0.172047
0.999992 -0.00389749 0.000618057 -8.64985 0.0038976 0.999992 -0.000176652 0.000348192 -0.000617364 0.00017906 1 0.187912
0.999988 -0.00473207 0.00133659 -8.83261 0.0047323 0.999989 -0.000170948 0.000754735 -0.00133576 0.000177271 0.999999 0.188903
0.999989 -0.0043856 0.00163513 -9.0723 0.00438609 0.99999 -0.000300675 -0.0104762 -0.0016338 0.000307843 0.999999 0.190668
0.999975 -0.00689992 0.00155587 -9.2828 0.00690055 0.999976 -0.000395334 -0.000210527 -0.00155311 0.000406061 0.999999 0.207433
0.999968 -0.00771848 0.00211741 -9.51561 0.00771916 0.99997 -0.000312871 -0.0121514 -0.00211493 0.000329206 0.999998 0.217521
0.999963 -0.00815098 0.00285289 -9.69899 0.00815136 0.999967 -0.000121339 -0.0205907 -0.0028518 0.00014459 0.999996 0.216451
0.999949 -0.00970548 0.00269641 -9.91869 0.00970645 0.999953 -0.000346789 -0.0101988 -0.00269291 0.000372944 0.999996 0.23687
0.999938 -0.0104945 0.00364914 -10.1146 0.0104972 0.999945 -0.000705088 -0.0214927 -0.00364154 0.00074335 0.999993 0.239883
0.999932 -0.0110272 0.0037613 -10.3295 0.0110298 0.999939 -0.000684488 -0.0223391 -0.00375352 0.000725928 0.999993 0.226767
0.999919 -0.0121785 0.00362424 -10.5466 0.0121815 0.999925 -0.000798626 -0.0267515 -0.00361424 0.000842711 0.999993 0.239701
0.999909 -0.0128614 0.00418752 -10.7563 0.0128638 0.999917 -0.000534193 -0.0405572 -0.0041803 0.000588011 0.999991 0.220763
0.999905 -0.0134069 0.00332039 -10.9659 0.013409 0.99991 -0.000612415 -0.0364345 -0.00331188 0.000656879 0.999994 0.242718
0.999888 -0.0146911 0.00301904 -11.1646 0.0146939 0.999892 -0.000900771 -0.0360329 -0.00300548 0.000945031 0.999995 0.262074
0.999879 -0.0151264 0.00361265 -11.3617 0.0151298 0.999885 -0.000897634 -0.0486549 -0.00359866 0.000952184 0.999993 0.248991
0.999857 -0.0165611 0.00350294 -11.5832 0.016564 0.999862 -0.000812119 -0.0430692 -0.00348901 0.000870026 0.999994 0.231499
0.999847 -0.01733 0.00222752 -11.7995 0.017333 0.999849 -0.00129798 -0.0507811 -0.00220468 0.00133639 0.999997 0.254187
0.999838 -0.0179671 0.00137739 -11.983 0.0179689 0.999838 -0.00131205 -0.073196 -0.0013536 0.00133658 0.999998 0.26883
0.999808 -0.0195192 0.00174858 -12.1915 0.0195214 0.999809 -0.0012512 -0.0657768 -0.00172382 0.00128509 0.999998 0.260566
0.999787 -0.0206532 0.000223477 -12.4043 0.0206536 0.999785 -0.00159616 -0.0705322 -0.000190464 0.00160044 0.999999 0.28479
0.999784 -0.0207808 -4.90114e-05 -12.5968 0.0207807 0.999783 -0.00133256 -0.0776673 7.66924e-05 0.00133125 0.999999 0.265881
0.999758 -0.0219635 -0.00129606 -12.7914 0.0219601 0.999756 -0.00258253 -0.0832975 0.00135246 0.00255345 0.999996 0.302731
0.999739 -0.0227503 -0.00206584 -12.9905 0.0227447 0.999738 -0.00272654 -0.109317 0.00212733 0.00267884 0.999994 0.29035
0.999721 -0.0235376 -0.00211169 -13.188 0.0235316 0.999719 -0.00279488 -0.1163 0.00217688 0.00274441 0.999994 0.283539
0.999685 -0.0250334 -0.00159822 -13.3755 0.0250287 0.999682 -0.00291095 -0.0994358 0.00167059 0.00287003 0.999994 0.295447
0.99967 -0.0256446 -0.00132119 -13.5882 0.0256409 0.999667 -0.0027888 -0.116714 0.00139226 0.00275401 0.999995 0.303569
0.999648 -0.0264733 -0.00195277 -13.7807 0.0264671 0.999645 -0.00314733 -0.124944 0.0020354 0.00309453 0.999993 0.316751
0.999628 -0.0272114 -0.00200499 -13.9645 0.0272046 0.999624 -0.00331498 -0.12954 0.00209444 0.0032592 0.999992 0.315942
0.999613 -0.0277883 -0.00117158 -14.1613 0.0277836 0.999606 -0.00388009 -0.127254 0.00127894 0.00384604 0.999992 0.317312
0.999619 -0.0276098 -0.000675163 -14.3442 0.0276072 0.999613 -0.0035184 -0.135039 0.000772044 0.00349842 0.999994 0.330118
0.999611 -0.0278618 0.00145497 -14.5196 0.0278652 0.999609 -0.00240781 -0.128418 -0.00138732 0.00244742 0.999996 0.315762
0.999612 -0.027686 0.00305579 -14.7162 0.0276918 0.999615 -0.00188035 -0.142155 -0.00300255 0.00196424 0.999994 0.308969
0.999612 -0.0276767 0.0030152 -14.9038 0.0276818 0.999615 -0.00165696 -0.158851 -0.00296819 0.00173978 0.999994 0.319469
0.999597 -0.0282759 0.00270319 -15.1014 0.0282804 0.999599 -0.00163277 -0.155667 -0.00265594 0.00170856 0.999995 0.327912
0.999598 -0.0282709 0.00226621 -15.2777 0.0282755 0.999598 -0.00201877 -0.160778 -0.00220822 0.00208204 0.999995 0.334817
0.999608 -0.0279102 0.00225487 -15.4493 0.0279166 0.999606 -0.00283281 -0.179507 -0.00217492 0.00289465 0.999993 0.350439
0.999579 -0.0289333 0.00193943 -15.6519 0.0289404 0.999574 -0.00378283 -0.170268 -0.00182915 0.00383737 0.999991 0.359296
0.999596 -0.0284053 0.00136917 -15.8451 0.0284114 0.999586 -0.00463115 -0.186963 -0.00123705 0.00466818 0.999988 0.370536
0.999579 -0.0289959 0.00125728 -16.005 0.0290041 0.999555 -0.00701411 -0.17964 -0.00105334 0.00704763 0.999975 0.343565
0.999602 -0.0281886 0.000646648 -16.1826 0.0281932 0.999564 -0.00875907 -0.212288 -0.00039946 0.00877381 0.999961 0.347306
0.999572 -0.0292476 -0.000598371 -16.3576 0.0292412 0.999534 -0.00873981 -0.210363 0.00085371 0.00871858 0.999962 0.345725
0.999555 -0.0298298 -0.000693234 -16.5342 0.0298219 0.999511 -0.00942578 -0.219389 0.000974064 0.00940091 0.999955 0.346434
0.999541 -0.0302787 -7.30282e-06 -16.6934 0.0302771 0.999492 -0.00998374 -0.224884 0.000309594 0.00997894 0.99995 0.352915
0.999517 -0.0310612 0.000935264 -16.8233 0.0310688 0.999469 -0.00982589 -0.23281 -0.000629564 0.0098502 0.999951 0.349457
0.999494 -0.0318031 0.000873328 -16.9739 0.0318101 0.999445 -0.00990258 -0.232368 -0.000557911 0.00992535 0.999951 0.371518
0.999428 -0.0338286 6.30456e-05 -17.1152 0.0338279 0.999391 -0.0085677 -0.223804 0.000226826 0.00856492 0.999963 0.365449
0.999366 -0.0355703 -0.00171456 -17.2542 0.0355565 0.999339 -0.00751979 -0.237994 0.00198091 0.00745406 0.99997 0.385376
0.999309 -0.0370438 -0.00288437 -17.3836 0.0370231 0.99929 -0.00694789 -0.235744 0.00313969 0.0068363 0.999972 0.391632
0.999265 -0.0382218 -0.00297858 -17.5146 0.0381994 0.999244 -0.00726339 -0.249846 0.00325395 0.00714427 0.999969 0.401344
0.999173 -0.0405364 -0.00316658 -17.646 0.0405164 0.99916 -0.00614375 -0.251728 0.00341297 0.00601037 0.999976 0.41601
0.999078 -0.042913 -0.00152349 -17.7454 0.0429039 0.999064 -0.00556962 -0.263171 0.00176108 0.00549912 0.999983 0.40664
0.998974 -0.0452785 -0.000594166 -17.8699 0.0452751 0.998963 -0.00477864 -0.263247 0.000809919 0.00474683 0.999988 0.408143
0.998843 -0.0480822 -0.000388275 -17.9874 0.0480799 0.998832 -0.0047198 -0.280254 0.00061476 0.00469567 0.999989 0.409475
0.998731 -0.0503611 -0.000916565 -18.1009 0.0503558 0.998718 -0.00510296 -0.289471 0.00117238 0.00505033 0.999987 0.412771
0.998594 -0.0529971 -0.000927941 -18.2071 0.0529908 0.998578 -0.00589754 -0.304097 0.00123917 0.00584008 0.999982 0.414977
0.998444 -0.0557592 -0.000947383 -18.3259 0.0557521 0.998424 -0.00636631 -0.309236 0.00130087 0.00630358 0.999979 0.426372
0.998238 -0.0593318 -0.000428102 -18.4516 0.0593273 0.998213 -0.00712605 -0.322496 0.000850138 0.0070881 0.999975 0.424686
0.998035 -0.0626533 -0.000791673 -18.5769 0.0626467 0.998014 -0.00659148 -0.32913 0.00120308 0.00652893 0.999978 0.437531
0.997844 -0.0656225 -0.000518078 -18.7032 0.0656167 0.997816 -0.00753036 -0.348975 0.00101111 0.00748014 0.999972 0.437316
0.997629 -0.068828 -7.7729e-05 -18.8294 0.0688248 0.997591 -0.0086371 -0.369247 0.000672016 0.00861127 0.999963 0.437052
0.997374 -0.0724146 -0.000719673 -18.9548 0.0724058 0.997339 -0.00855965 -0.390075 0.0013376 0.00848507 0.999963 0.445223
0.997102 -0.0760717 -0.000534607 -19.0602 0.0760644 0.997067 -0.00848888 -0.398994 0.0011788 0.00842361 0.999964 0.443189
0.996816 -0.0797308 0.000778032 -19.2072 0.0797346 0.996768 -0.00979023 -0.423384 5.06507e-06 0.0098211 0.999952 0.429069
0.996461 -0.0840332 0.00198569 -19.3232 0.0840503 0.996399 -0.0112038 -0.441842 -0.00103705 0.0113311 0.999935 0.438929
0.996084 -0.088393 0.00185161 -19.4573 0.0884096 0.996001 -0.0128673 -0.465658 -0.000706826 0.0129806 0.999915 0.44331
0.995634 -0.0933391 0.00130997 -19.5708 0.0933483 0.995539 -0.0137306 -0.483458 -2.25198e-05 0.013793 0.999905 0.434524
0.995158 -0.0982708 0.00184652 -19.7276 0.0982865 0.995076 -0.0128118 -0.499131 -0.000578398 0.0129313 0.999916 0.429737
0.994675 -0.103055 0.0014185 -19.8613 0.103064 0.994598 -0.0123446 -0.529991 -0.000138668 0.0124251 0.999923 0.415807
0.994159 -0.107927 -0.000404545 -20.0132 0.107912 0.994075 -0.0130344 -0.553118 0.00180891 0.0129146 0.999915 0.440437
0.993423 -0.114492 -0.00166568 -20.1553 0.114455 0.993321 -0.0146208 -0.57779 0.00332852 0.014334 0.999892 0.462818
0.992765 -0.120052 -0.00228659 -20.3245 0.119994 0.992621 -0.0174676 -0.60963 0.00436673 0.0170668 0.999845 0.459908
0.992024 -0.126042 -0.0012678 -20.4935 0.125997 0.991855 -0.0186863 -0.642373 0.00361274 0.0183776 0.999825 0.45683
0.991224 -0.13218 -0.00202143 -20.6689 0.132117 0.991047 -0.0192562 -0.670581 0.00454861 0.0188202 0.999813 0.454049
0.990408 -0.138156 -0.00213595 -20.8514 0.138099 0.990268 -0.0172642 -0.708375 0.00450032 0.0168036 0.999849 0.459666
0.989541 -0.144249 -0.000580985 -21.0337 0.144223 0.989423 -0.0155314 -0.747268 0.00281523 0.0152852 0.999879 0.465332
0.988397 -0.151892 0.000149918 -21.2301 0.151878 0.988288 -0.014836 -0.786687 0.00210531 0.0146866 0.99989 0.474594
0.9873 -0.158863 0.000712531 -21.419 0.158856 0.987194 -0.0146034 -0.833851 0.00161653 0.0145311 0.999893 0.483253
0.986106 -0.166114 0.00123386 -21.6414 0.166115 0.986005 -0.0141215 -0.876156 0.00112919 0.0141302 0.9999 0.475157
0.984754 -0.173942 0.0019058 -21.8381 0.173952 0.984658 -0.0137952 -0.924238 0.000523002 0.0139164 0.999903 0.488033
0.983386 -0.181518 0.00180219 -22.0987 0.181526 0.98329 -0.0137858 -0.978475 0.000730308 0.0138839 0.999903 0.484571
0.982048 -0.188616 0.00256413 -22.3226 0.188633 0.981963 -0.0129167 -1.03954 -8.15809e-05 0.0131685 0.999913 0.481822
0.980395 -0.197027 0.00250475 -22.5555 0.197043 0.980312 -0.0127369 -1.10025 5.40739e-05 0.0129808 0.999916 0.491716
0.978672 -0.205412 0.00262587 -22.7878 0.205428 0.978588 -0.0128026 -1.16294 6.01511e-05 0.0130689 0.999915 0.501571
0.976751 -0.214342 0.00383226 -23.0771 0.214373 0.976667 -0.0128328 -1.23183 -0.000992235 0.013356 0.99991 0.511757
0.974767 -0.223154 0.00552656 -23.32 0.223208 0.974691 -0.0125006 -1.31047 -0.00259713 0.0134188 0.999907 0.512712
0.972603 -0.232401 0.00569793 -23.5762 0.232454 0.972533 -0.0120135 -1.3782 -0.00274949 0.0130089 0.999912 0.51355
0.970304 -0.241836 0.00503326 -23.8568 0.241877 0.970252 -0.0103561 -1.45652 -0.00237904 0.011266 0.999934 0.502241
0.96807 -0.250639 0.00459149 -24.1373 0.250659 0.968064 -0.00470562 -1.54193 -0.00326545 0.00570627 0.999978 0.512812
0.965299 -0.261102 0.0049243 -24.4112 0.261118 0.965302 -0.00297231 -1.61854 -0.00397736 0.00415499 0.999983 0.507963
0.962646 -0.270682 0.00660773 -24.7093 0.27066 0.962667 0.00401254 -1.71417 -0.00744716 -0.00207421 0.99997 0.523186
0.959858 -0.280405 0.00678485 -25.0013 0.280355 0.959867 0.00745407 -1.82217 -0.00860271 -0.00525269 0.999949 0.528611
0.956763 -0.290824 0.00509723 -25.3102 0.290736 0.956708 0.0134821 -1.89755 -0.00879749 -0.0114172 0.999896 0.564678
0.954045 -0.299624 0.00492064 -25.6091 0.299527 0.953975 0.0146446 -2.01926 -0.00908205 -0.0124977 0.999881 0.589913
0.951126 -0.308762 0.00497985 -25.9157 0.308684 0.951084 0.0123823 -2.12679 -0.00855943 -0.0102399 0.999911 0.623181
0.948569 -0.316463 0.00819206 -26.2212 0.316408 0.948594 0.00738406 -2.26056 -0.0101077 -0.00441226 0.999939 0.61977
0.946503 -0.322536 0.0101818 -26.5692 0.322483 0.946553 0.00647584 -2.38028 -0.0117263 -0.00284593 0.999927 0.620972
0.94486 -0.327293 0.0108507 -26.8772 0.327222 0.944915 0.00787925 -2.4964 -0.0128318 -0.00389421 0.99991 0.601571
0.943184 -0.332118 0.0100607 -27.2264 0.332008 0.943211 0.0111494 -2.60612 -0.0131923 -0.0071757 0.999887 0.588743
0.941313 -0.33745 0.0075341 -27.5687 0.337275 0.94123 0.0182108 -2.72776 -0.0132366 -0.014601 0.999806 0.61375
0.940075 -0.340911 0.00619765 -27.9015 0.340735 0.93995 0.0198596 -2.85419 -0.0125958 -0.0165577 0.999784 0.65029
0.939835 -0.341569 0.00639088 -28.2391 0.341424 0.939754 0.0170631 -2.97169 -0.0118341 -0.0138545 0.999834 0.682857
0.939797 -0.341656 0.00728516 -28.6 0.34158 0.9398 0.00998311 -3.11724 -0.0102574 -0.00689363 0.999924 0.68488
0.940173 -0.34062 0.00730682 -28.9444 0.340572 0.940192 0.00712144 -3.2464 -0.00929551 -0.00420689 0.999948 0.68234
0.94108 -0.338123 0.00641306 -29.2994 0.338079 0.941091 0.00703268 -3.37159 -0.00841319 -0.0044502 0.999955 0.673204
0.942459 -0.334266 0.00605938 -29.6538 0.334219 0.942465 0.00761165 -3.49505 -0.00825507 -0.0051485 0.999953 0.689505
0.944615 -0.32811 0.00685378 -30.0318 0.328048 0.944621 0.00873969 -3.61996 -0.0093418 -0.00600727 0.999938 0.709952
0.946581 -0.322406 0.00628587 -30.4342 0.3223 0.946538 0.0137592 -3.74966 -0.0103859 -0.0109982 0.999886 0.756992
0.948918 -0.315432 0.00752735 -30.8277 0.315345 0.948915 0.0109034 -3.86618 -0.0105821 -0.00797277 0.999912 0.752768
0.951221 -0.308393 0.00848413 -31.1925 0.308338 0.95125 0.00715074 -3.98379 -0.0102758 -0.00418596 0.999938 0.75063
0.953721 -0.300556 0.00910239 -31.611 0.300501 0.953756 0.00692493 -4.1039 -0.0107628 -0.00386917 0.999935 0.755061
0.956638 -0.291127 0.00945138 -32.0167 0.291079 0.956679 0.00613717 -4.21582 -0.0108286 -0.00311995 0.999937 0.783577
0.959676 -0.28098 0.00844567 -32.461 0.280935 0.959707 0.00618083 -4.32731 -0.00984206 -0.00355892 0.999945 0.809469
0.962336 -0.271756 0.00762 -32.802 0.271709 0.962357 0.00664024 -4.43195 -0.00913768 -0.00431972 0.999949 0.801288
0.965358 -0.260849 0.00639577 -33.2125 0.260808 0.965368 0.00661492 -4.52042 -0.00789977 -0.0047177 0.999958 0.816858
0.968079 -0.250568 0.00627679 -33.6699 0.250535 0.968092 0.00555793 -4.61775 -0.00746914 -0.00380796 0.999965 0.837889
0.971034 -0.238887 0.00515949 -34.1151 0.238861 0.97104 0.00511626 -4.70527 -0.00623227 -0.00373566 0.999974 0.842249
0.973552 -0.228403 0.00538235 -34.5796 0.228377 0.97356 0.00500984 -4.7976 -0.0063843 -0.00364814 0.999973 0.842444
0.976286 -0.216441 0.0043178 -35.0199 0.216419 0.976287 0.00508224 -4.87187 -0.00531542 -0.00402727 0.999978 0.851445
0.978664 -0.205399 0.0052341 -35.4805 0.205372 0.97867 0.00512783 -4.96676 -0.0061757 -0.00394348 0.999973 0.86366
0.981184 -0.193012 0.00487108 -35.906 0.19299 0.981189 0.00474777 -5.02761 -0.00569583 -0.00371837 0.999977 0.883202
0.983294 -0.181937 0.00562631 -36.3881 0.181916 0.983306 0.00407307 -5.1283 -0.00627342 -0.00298151 0.999976 0.890271
0.98542 -0.170057 0.00537531 -36.8418 0.17004 0.985431 0.00340557 -5.19517 -0.00587614 -0.0024419 0.99998 0.896244
0.98737 -0.158339 0.00534747 -37.3277 0.158322 0.987381 0.0034925 -5.25273 -0.00583299 -0.00260177 0.99998 0.904532
0.989143 -0.146917 0.00352296 -37.7996 0.146903 0.989143 0.00402357 -5.28397 -0.00407584 -0.00346235 0.999986 0.920408
0.99069 -0.136127 0.00186256 -38.317 0.136113 0.990674 0.00618547 -5.34779 -0.0026872 -0.00587436 0.999979 0.949679
0.99211 -0.125352 0.00195203 -38.8002 0.125335 0.992088 0.00721848 -5.38267 -0.00284143 -0.00691687 0.999972 0.965195
0.993449 -0.114272 0.00126861 -39.3122 0.114259 0.993418 0.00807092 -5.41226 -0.00218254 -0.0078731 0.999967 0.957614
0.994504 -0.104691 0.000889053 -39.8413 0.104683 0.994482 0.00685959 -5.46161 -0.00160229 -0.00672882 0.999976 0.97724
0.995429 -0.0955003 0.000659777 -40.3209 0.0954932 0.995404 0.00716653 -5.50696 -0.00134115 -0.00707077 0.999974 0.9743
0.996033 -0.0889724 0.00128525 -40.8652 0.0889589 0.996001 0.00823329 -5.51708 -0.00201264 -0.0080863 0.999965 0.996078
0.996575 -0.0826989 0.000172135 -41.3456 0.0826936 0.996531 0.00941233 -5.52181 -0.000949928 -0.00936586 0.999956 1.00237
0.9971 -0.0760964 -0.00100743 -41.8857 0.0761028 0.997044 0.0105372 -5.55757 0.000202607 -0.0105834 0.999944 1.04624
0.997538 -0.0701229 -0.0011563 -42.4066 0.0701317 0.997467 0.0118788 -5.60843 0.000320391 -0.0119307 0.999929 1.04261
0.997875 -0.0651147 -0.00243994 -42.9747 0.0651388 0.997808 0.0116257 -5.61848 0.00167759 -0.0117599 0.999929 1.0598
0.998144 -0.060826 -0.0028384 -43.5135 0.0608512 0.998098 0.00985638 -5.64672 0.00223348 -0.0100108 0.999947 1.06798
0.99843 -0.0559695 -0.00220149 -44.071 0.0559869 0.998392 0.00883197 -5.67982 0.00170363 -0.00894136 0.999959 1.07335
0.998561 -0.053579 -0.00226506 -44.5845 0.0535953 0.998531 0.00789894 -5.67872 0.00183852 -0.00800897 0.999966 1.09501
0.998702 -0.0508897 -0.00213541 -45.1609 0.0509028 0.998682 0.00662917 -5.72994 0.00179524 -0.00672926 0.999976 1.08382
0.998831 -0.0483132 -0.00157897 -45.7588 0.0483229 0.998808 0.00683135 -5.74783 0.00124705 -0.00689967 0.999975 1.07654
0.998871 -0.0474978 -0.00123143 -46.2962 0.0475055 0.998844 0.00727641 -5.76993 0.00088439 -0.00732669 0.999973 1.09651
0.998904 -0.0467847 -0.00169797 -46.8575 0.0467932 0.99889 0.0053632 -5.80398 0.00144517 -0.00543678 0.999984 1.11496
0.998885 -0.0471922 -0.00161576 -47.4214 0.0471997 0.998873 0.00499313 -5.81369 0.00137831 -0.00506382 0.999986 1.16348
0.998921 -0.0464386 -7.11807e-05 -48.0209 0.0464385 0.998916 0.00334984 -5.8499 -8.44581e-05 -0.00334953 0.999994 1.14119
0.998911 -0.0466572 -0.000289114 -48.5823 0.0466579 0.998906 0.00326404 -5.88962 0.000136507 -0.00327397 0.999995 1.15327
0.998858 -0.0477853 -0.000425696 -49.1747 0.0477869 0.998845 0.00499569 -5.91326 0.000186484 -0.00501032 0.999987 1.1559
0.998818 -0.0485831 -0.00158653 -49.7339 0.048592 0.9988 0.00612382 -5.92272 0.00128711 -0.00619368 0.99998 1.18437
0.998802 -0.0489243 -0.00107832 -50.2888 0.0489295 0.998787 0.00551163 -5.95981 0.000807361 -0.00555779 0.999984 1.20812
0.998763 -0.0497025 0.00108882 -50.9069 0.0496949 0.998745 0.00617077 -5.98103 -0.00139415 -0.00610903 0.99998 1.18165
0.99872 -0.0505793 0.000955427 -51.4473 0.0505725 0.998701 0.00618421 -6.00816 -0.00126698 -0.00612797 0.99998 1.21454
0.998716 -0.050632 0.00173202 -52.0444 0.0506165 0.998686 0.00805208 -6.0404 -0.00213743 -0.00795407 0.999966 1.22287
0.998667 -0.0516082 0.00111129 -52.6002 0.051595 0.998621 0.00970968 -6.07815 -0.00161086 -0.0096394 0.999952 1.25126
0.99863 -0.0523062 0.00143966 -53.2108 0.052289 0.99858 0.0101594 -6.12226 -0.00196901 -0.0100702 0.999947 1.25527
0.99863 -0.0523154 0.00100366 -53.7807 0.0523043 0.998591 0.00895914 -6.13732 -0.00147095 -0.00889437 0.999959 1.27745
0.99861 -0.0526861 0.00158532 -54.3774 0.0526714 0.998578 0.00817524 -6.16174 -0.00201379 -0.00808037 0.999965 1.28322
0.998484 -0.0549862 0.00248691 -54.9739 0.0549597 0.998442 0.0096736 -6.18638 -0.00301495 -0.00952226 0.99995 1.28934
0.998475 -0.0551636 0.00221233 -55.5625 0.0551407 0.998435 0.00935677 -6.21852 -0.00272502 -0.00922051 0.999954 1.31234
0.998432 -0.0558938 0.00320771 -56.1641 0.0558568 0.998382 0.0106505 -6.25375 -0.00379782 -0.0104547 0.999938 1.30712
0.998385 -0.0566857 0.00368015 -56.7655 0.0566472 0.998346 0.00984999 -6.28947 -0.00423241 -0.00962562 0.999945 1.30258
0.998363 -0.0570865 0.00357056 -57.3459 0.0570524 0.998331 0.00900617 -6.33303 -0.00407873 -0.00878772 0.999953 1.34633
0.99834 -0.0574781 0.00356586 -57.9482 0.0574477 0.998315 0.00812394 -6.37848 -0.0040268 -0.00790561 0.999961 1.36935
0.998311 -0.0578594 0.00529404 -58.5505 0.0578273 0.998308 0.00602891 -6.42417 -0.00563391 -0.00571259 0.999968 1.39235
0.998275 -0.0585994 0.00371535 -59.1186 0.0585793 0.998269 0.00532646 -6.45378 -0.00402105 -0.00509963 0.999979 1.41815
0.998272 -0.0585605 0.00482894 -59.7319 0.0585378 0.998274 0.00470798 -6.48625 -0.0050963 -0.00441717 0.999977 1.42932
0.998217 -0.0594573 0.00531577 -60.3539 0.0594303 0.998219 0.00510661 -6.53152 -0.00560993 -0.00478158 0.999973 1.45833
0.998189 -0.0598541 0.0059768 -60.9492 0.0598276 0.998198 0.00452202 -6.56316 -0.00623669 -0.00415626 0.999972 1.47113
0.998126 -0.060892 0.00605441 -61.5709 0.0608656 0.998136 0.00446353 -6.58472 -0.00631492 -0.00408666 0.999972 1.48727
0.998043 -0.0620795 0.0074687 -62.1688 0.0620543 0.998066 0.00355595 -6.62743 -0.00767501 -0.00308553 0.999966 1.48437
0.997957 -0.0635163 0.00695454 -62.779 0.0634919 0.997976 0.00367244 -6.67435 -0.00717372 -0.00322338 0.999969 1.52482
0.997806 -0.0658851 0.00649784 -63.4145 0.0658625 0.997822 0.00362901 -6.72643 -0.00672278 -0.00319308 0.999972 1.54331
0.997607 -0.0688407 0.00639731 -64.0134 0.0688061 0.997615 0.00547439 -6.76002 -0.00675891 -0.00502111 0.999965 1.55977
0.997347 -0.0725234 0.00634283 -64.6292 0.0724753 0.997342 0.00750875 -6.80617 -0.00687053 -0.00702912 0.999952 1.58945
0.997106 -0.075655 0.00747042 -65.2583 0.0756022 0.997113 0.00710562 -6.87125 -0.00798642 -0.00652028 0.999947 1.5949
0.996796 -0.0796027 0.00782005 -65.8571 0.07955 0.996807 0.00684188 -6.91109 -0.00833971 -0.00619788 0.999946 1.62852
0.996478 -0.083467 0.00802616 -66.4769 0.0834121 0.996491 0.00695481 -6.96982 -0.00857849 -0.00626084 0.999944 1.63792
0.996032 -0.088717 0.00700227 -67.0967 0.0886731 0.99604 0.00635812 -7.00806 -0.00753862 -0.00571198 0.999955 1.65831
0.995645 -0.0930675 0.00546276 -67.7173 0.0930197 0.995629 0.00843379 -7.07593 -0.00622379 -0.00788891 0.99995 1.69399
0.995184 -0.0979155 0.00456298 -68.3228 0.0978701 0.995156 0.00927389 -7.1556 -0.00544894 -0.00878265 0.999947 1.69384
0.994721 -0.102547 0.00387555 -68.9507 0.102513 0.994698 0.0082418 -7.21821 -0.00470017 -0.007801 0.999959 1.70326
0.994123 -0.108205 0.00325132 -69.5455 0.108178 0.994102 0.00772044 -7.28304 -0.00406754 -0.00732335 0.999965 1.73178
0.993578 -0.113059 0.00446795 -70.1445 0.113024 0.993564 0.00748557 -7.35174 -0.0052855 -0.00693252 0.999962 1.76476
0.992962 -0.118339 0.00474699 -70.7515 0.118313 0.992961 0.00547816 -7.42745 -0.00536186 -0.00487797 0.999974 1.79271
0.992251 -0.124169 0.00445802 -71.3441 0.124148 0.992253 0.00471112 -7.51818 -0.00500846 -0.00412116 0.999979 1.80793
0.991472 -0.130236 0.00457452 -71.9515 0.130214 0.991474 0.00476841 -7.59521 -0.00515654 -0.00413208 0.999978 1.81778
0.990592 -0.136783 0.00415495 -72.5446 0.136753 0.990582 0.00681709 -7.69536 -0.00504828 -0.00618476 0.999968 1.84203
0.989535 -0.144261 0.00309901 -73.1505 0.144229 0.989504 0.00896998 -7.77828 -0.0043605 -0.00842914 0.999955 1.85511
0.988561 -0.150794 0.0027303 -73.7278 0.150765 0.98853 0.00881064 -7.8552 -0.00402757 -0.00829823 0.999957 1.86642
0.987598 -0.156984 0.00254752 -74.3249 0.156958 0.98757 0.00837506 -7.94484 -0.0038306 -0.00787134 0.999962 1.88973
0.986589 -0.163208 0.00234277 -74.8824 0.163184 0.986563 0.00802311 -8.07139 -0.00362072 -0.00753321 0.999965 1.88675
0.985444 -0.169982 0.00237615 -75.4894 0.169953 0.985409 0.00919127 -8.16933 -0.00390383 -0.00865365 0.999955 1.89641
0.984322 -0.176361 0.002628 -76.0779 0.176319 0.984264 0.0116349 -8.26978 -0.00463858 -0.0109891 0.999929 1.91212
0.983194 -0.182556 0.00177687 -76.6454 0.182518 0.983116 0.0130132 -8.38089 -0.0041225 -0.0124702 0.999914 1.94644
0.982017 -0.188788 0.00137354 -77.2226 0.188752 0.981927 0.0138424 -8.50564 -0.003962 -0.0133342 0.999903 1.98259
0.980826 -0.194885 0.000881286 -77.7923 0.194858 0.980746 0.0129356 -8.63846 -0.00338527 -0.0125158 0.999916 1.98907
0.979468 -0.201598 0.000586913 -78.358 0.201573 0.979382 0.0133858 -8.75318 -0.00327337 -0.0129927 0.99991 1.9916
0.978216 -0.207587 0.000368743 -78.9202 0.207563 0.978126 0.0136598 -8.87335 -0.00319627 -0.0132857 0.999907 2.00954
0.976967 -0.21339 0.000128442 -79.4959 0.213371 0.976889 0.0126669 -9.01533 -0.00282846 -0.0123478 0.99992 2.03614
0.97556 -0.219732 0.000180323 -80.0574 0.219714 0.97549 0.0120647 -9.14511 -0.00282691 -0.0117302 0.999927 2.03519
0.974094 -0.226143 -0.000556611 -80.5922 0.226133 0.974023 0.0119664 -9.28205 -0.00216397 -0.0117823 0.999928 2.04717
0.972657 -0.232245 -0.000491521 -81.1666 0.232235 0.972592 0.0115106 -9.40845 -0.00219523 -0.01131 0.999934 2.05721
0.971218 -0.23819 -0.000960025 -81.6999 0.238185 0.971151 0.0115701 -9.5442 -0.00182356 -0.0114658 0.999933 2.07573
0.969715 -0.244239 0.000497776 -82.2358 0.244215 0.969642 0.0123666 -9.70136 -0.00350308 -0.0118705 0.999923 2.10392
0.967906 -0.251303 0.00196545 -82.7686 0.251261 0.96784 0.0123715 -9.83985 -0.00501124 -0.0114806 0.999922 2.13538
0.966296 -0.257409 0.00346598 -83.3404 0.25735 0.966239 0.0123721 -10.0041 -0.00653366 -0.0110631 0.999917 2.12792
0.964519 -0.263994 0.00333688 -83.8216 0.263946 0.964479 0.0106667 -10.1387 -0.00603428 -0.00940743 0.999938 2.15031
0.96264 -0.270781 0.0014111 -84.3502 0.270757 0.962604 0.00919418 -10.3156 -0.00384793 -0.00846862 0.999957 2.17561
0.960824 -0.277155 -0.00113098 -84.8911 0.277156 0.960797 0.0073747 -10.4706 -0.000957295 -0.00739925 0.999972 2.18874
0.958909 -0.283706 -0.00214127 -85.4099 0.283714 0.958888 0.00631824 -10.6246 0.00026071 -0.00666613 0.999978 2.2003
0.956854 -0.290556 -0.00263146 -85.9167 0.290566 0.956838 0.0057159 -10.7862 0.000857096 -0.0062339 0.99998 2.21558
0.954835 -0.29712 -0.00321801 -86.4087 0.297134 0.954819 0.00567095 -10.9511 0.00138766 -0.006371 0.999979 2.23044
0.952838 -0.303465 -0.00281833 -86.9262 0.303477 0.952822 0.00572675 -11.1183 0.000947493 -0.00631196 0.99998 2.22286
0.950528 -0.310628 -0.0026639 -87.4232 0.31064 0.950502 0.00702725 -11.272 0.000349184 -0.00750711 0.999972 2.2331
0.948259 -0.317452 -0.00534986 -87.9109 0.31749 0.948216 0.00927049 -11.4236 0.00212989 -0.0104894 0.999943 2.21442
0.946097 -0.323729 -0.0100281 -88.4162 0.323814 0.946084 0.00839329 -11.6447 0.00677023 -0.0111881 0.999914 2.31636
0.943744 -0.330579 -0.00802451 -88.8916 0.330584 0.943776 -0.000667965 -11.8073 0.00779416 -0.00202239 0.999968 2.31661
0.941532 -0.336855 -0.00677876 -89.3853 0.336852 0.941556 -0.00170316 -12.0177 0.0069563 -0.000679855 0.999976 2.29463
0.938353 -0.345663 -0.00334383 -89.8697 0.34567 0.938354 0.00181719 -12.1891 0.00250956 -0.00286102 0.999993 2.27484
0.935172 -0.354184 -0.002761 -90.346 0.354195 0.935139 0.00779552 -12.3788 -0.000179132 -0.00826808 0.999966 2.28328
0.931991 -0.362472 -0.00283545 -90.846 0.362474 0.931884 0.0143048 -12.5918 -0.00254278 -0.0143597 0.999894 2.32373
0.929324 -0.369254 -0.00276583 -91.2734 0.369263 0.929271 0.00998731 -12.7793 -0.00111766 -0.0103028 0.999946 2.40271
