1 0 0 0 0 1 0 0 -0 0 1 0
1 -0.00059874 -0.000409182 -0.00595513 0.000598719 1 -4.98444e-05 0.00519001 0.000409212 4.95994e-05 1 0.0104411
1 -0.000709831 -0.00026737 -0.00144179 0.000709821 1 -3.70058e-05 -0.000701217 0.000267396 3.6816e-05 1 0.00711331
1 -0.000586796 -0.000317196 -0.00868871 0.000586767 1 -9.26747e-05 0.00111844 0.00031725 9.24885e-05 1 0.0093396
1 -0.000817226 -0.000320027 -0.00182141 0.000817205 1 -6.48477e-05 0.00196349 0.00032008 6.45862e-05 1 0.0101338
1 -0.000618089 -0.00025903 -0.00184587 0.000618078 1 -4.091e-05 0.00686374 0.000259055 4.07499e-05 1 0.00889627
1 -0.000727254 -0.000258744 0.0071297 0.000727245 1 -3.40893e-05 0.00162577 0.000258769 3.39012e-05 1 0.00796607
1 -0.00069571 -0.000343981 -0.00668177 0.000695671 1 -0.000113027 0.00455859 0.000344059 0.000112788 1 0.0109353
1 -0.000752428 -0.000334553 -0.00497654 0.000752397 1 -9.42159e-05 -0.000485677 0.000334624 9.39641e-05 1 0.0106363
1 -0.000911788 -0.000354346 0.00415851 0.000911749 1 -0.000111189 0.00808372 0.000354447 0.000110866 1 0.0140368
1 -0.000735693 -0.000263955 -0.00354867 0.000735683 1 -3.81916e-05 0.0101623 0.000263983 3.79974e-05 1 0.00869708
1 -0.000691569 -0.000414936 -0.00571557 0.00069154 1 -7.00762e-05 0.00669124 0.000414984 6.97892e-05 1 0.0111059
1 -0.000521159 -0.000227905 -0.00787956 0.000521129 1 -0.000132776 0.00321174 0.000227974 0.000132657 1 0.0135167
1 -0.000663608 -0.000288025 -0.000783061 0.00066357 1 -0.000131648 0.00510333 0.000288113 0.000131457 1 0.00976879
1 -0.000993088 -0.000102497 0.0061877 0.00099309 1 1.70051e-05 0.00687854 0.00010248 -1.71069e-05 1 0.00616164
1 -0.000679548 -0.000338435 -0.000652544 0.000679516 1 -9.32634e-05 -0.00130097 0.000338498 9.30334e-05 1 0.0124627
1 -0.000583721 -0.000248921 0.00487052 0.000583703 1 -7.24239e-05 -0.0011026 0.000248964 7.22786e-05 1 0.0106903
1 -0.000586273 -0.00036856 0.0103765 0.000586224 1 -0.000132225 -0.00090581 0.000368637 0.000132009 1 0.0089182
1 -0.000690707 -0.000266625 -0.00599542 0.000690675 1 -0.000118084 0.007688 0.000266707 0.0001179 1 0.0107744
1 -0.000689481 -0.000270104 0.00314665 0.000689464 1 -6.06828e-05 0.00102287 0.000270146 6.04965e-05 1 0.0116224
1 -0.000690175 -0.000398702 0.0122736 0.000690161 1 -3.53253e-05 -0.00562811 0.000398726 3.50501e-05 1 0.0124689
1 -0.000644221 -0.000381651 -0.000732377 0.000644182 1 -0.000102383 0.00373112 0.000381717 0.000102137 1 0.0135909
1 -0.000728136 -0.000349514 -0.013714 0.000728099 1 -0.000105148 0.0130621 0.000349591 0.000104893 1 0.0147003
1 -0.000808197 -0.000371739 -3.73714e-05 0.000808161 1 -9.77025e-05 -0.00354942 0.000371818 9.7402e-05 1 0.0103753
1 -0.000823029 -0.000374709 0.00375765 0.000822987 1 -0.000110473 0.00415682 0.0003748 0.000110164 1 0.0128974
1 -0.000649911 -0.000334569 9.74198e-05 0.000649891 1 -5.98656e-05 0.0119355 0.000334608 5.96482e-05 1 0.00837541
1 -0.000862316 -0.000234083 -0.00354309 0.000862304 1 -4.77494e-05 0.0196872 0.000234124 4.75476e-05 1 0.00386789
1 -0.000645503 -0.000399526 0.00553029 0.000645438 1 -0.000162766 0.0016457 0.000399631 0.000162508 1 0.0154158
1 -0.000590503 -0.000385432 0.00585469 0.000590467 1 -9.53057e-05 -0.000724793 0.000385488 9.50781e-05 1 0.0116075
1 -0.000699782 -0.000298932 0.00616722 0.000699761 1 -7.10401e-05 -0.00308549 0.000298981 7.08309e-05 1 0.0078078
1 -0.000657871 -0.000235678 0.00646337 0.000657861 1 -4.1073e-05 -0.00542564 0.000235705 4.0918e-05 1 0.00403016
1 -0.000749473 -0.000374791 -0.00627072 0.000749386 1 -0.000230106 0.0085174 0.000374963 0.000229825 1 0.0167546
1 -0.000596814 -0.000262666 -0.00656364 0.000596797 1 -6.68324e-05 0.00464386 0.000262706 6.66756e-05 1 0.0115276
0.999999 -0.000977585 -0.000257651 0.00608949 0.000977567 1 -6.87359e-05 0.00575005 0.000257718 6.8484e-05 1 0.00948794
1 -0.000700025 -0.000299417 -0.000710474 0.000699985 1 -0.000133925 0.00772428 0.000299511 0.000133715 1 0.0121515
1 -0.000612293 -0.000357016 -0.00128376 0.00061226 1 -9.14136e-05 0.00217893 0.000357071 9.1195e-05 1 0.012116
1 -0.000711606 -0.000370861 0.00854816 0.000711563 1 -0.000117992 0.00666324 0.000370945 0.000117728 1 0.0131958
1 -0.000576598 -0.000308428 -0.00582638 0.000576561 1 -0.000121231 0.00631932 0.000308498 0.000121053 1 0.0118528
1 -0.000747491 -0.000445308 0.00387696 0.000747404 1 -0.000195415 0.00702232 0.000445454 0.000195083 1 0.0153076
1 -0.000704919 -0.000295409 -0.00829036 0.000704893 1 -8.80061e-05 0.00922742 0.000295471 8.77978e-05 1 0.00993109
1 -0.000879779 -0.000304 6.59298e-05 0.00087975 1 -9.53779e-05 0.00944015 0.000304083 9.51104e-05 1 0.012628
1 5.76394e-05 -0.000652476 0.00840735 -5.78153e-05 1 -0.000269545 0.00965575 0.00065246 0.000269582 1 0.0153173
1 -0.000749436 -0.00026919 0.00265892 0.000749407 1 -0.000105752 0.00499774 0.00026927 0.00010555 1 0.0123425
1 -0.000833043 -0.000431077 0.00752461 0.000833006 1 -8.61112e-05 0.00826537 0.000431149 8.57521e-05 1 0.0139478
1 -0.000552378 -0.000359293 0.00533731 0.000552332 1 -0.000128679 0.00547836 0.000359364 0.00012848 1 0.0121674
1 -0.000616248 -0.000348411 0.00236558 0.000616206 1 -0.000120387 0.0120141 0.000348485 0.000120172 1 0.0106278
1 -0.000844593 -0.00027575 0.000819202 0.000844566 1 -9.64823e-05 0.00823555 0.000275832 9.62494e-05 1 0.0109351
1 -0.000693634 -0.000385553 -0.000711405 0.000693625 1 -2.32097e-05 0.00443108 0.000385569 2.29423e-05 1 0.011232
1 -0.000685393 -0.000267807 -0.00226 0.000685331 1 -0.000228944 0.000639485 0.000267964 0.000228761 1 0.0115292
1 -0.000823612 -0.000232611 -0.00380738 0.000823611 1 -4.10043e-06 -0.00314032 0.000232615 3.90885e-06 1 0.0118266
1 -0.000816512 -0.000305349 0.00261945 0.0008165 1 -3.77484e-05 0.00383007 0.00030538 3.7499e-05 1 0.00953364
1 -0.000665986 -0.000272649 -0.0010077 0.000665965 1 -7.53732e-05 0.00795411 0.000272699 7.51916e-05 1 0.0117398
1 -0.000809912 -0.000291377 -0.000745649 0.0008099 1 -4.0851e-05 0.00659524 0.00029141 4.0615e-05 1 0.00975705
1 -0.000752485 -0.000309618 0.00161875 0.00075247 1 -4.83301e-05 0.0131412 0.000309655 4.80971e-05 1 0.0124848
1 -0.000672846 -0.000435616 0.00397642 0.000672762 1 -0.000194741 0.0196564 0.000435747 0.000194448 1 0.0152052
1 -0.000669395 -0.000396662 0.00320733 0.000669369 1 -6.52539e-05 -0.000812208 0.000396706 6.49884e-05 1 0.00968271
1 -0.000715824 -0.0002645 -0.00413129 0.000715817 1 -2.64632e-05 0.00237114 0.000264518 2.62739e-05 1 0.00698285
1 -0.000822994 -0.000173065 -0.011446 0.000822976 1 -0.000103598 0.00555213 0.00017315 0.000103455 1 0.00429157
1 -0.00077111 -0.00030221 0.00527985 0.000771084 1 -8.59861e-05 0.00254668 0.000302276 8.57531e-05 1 0.011562
1 -0.000779943 -0.000291642 -0.0057885 0.000779927 1 -5.53532e-05 0.00710531 0.000291685 5.51258e-05 1 0.00863873
1 -0.000633539 -0.000319038 0.0024696 0.0006335 1 -0.000121887 0.00902657 0.000319115 0.000121685 1 0.0143394
1 -0.000699339 -0.00029874 -0.00467094 0.000699316 1 -7.71985e-05 0.00891428 0.000298794 7.69896e-05 1 0.0107856
1 -0.000761424 -0.00037796 0.00227588 0.000761379 1 -0.000117557 0.00776714 0.000378049 0.000117269 1 0.0126845
1 -0.000445969 -0.000371535 0.00920665 0.000445956 1 -3.43171e-05 0.00662178 0.00037155 3.41514e-05 1 0.0145788
1 -0.000646216 -0.000315292 0.00253565 0.000646205 1 -3.54629e-05 0.00385352 0.000315314 3.52592e-05 1 0.0100437
1 -0.000704779 -0.00022771 -0.0041154 0.000704768 1 -5.01679e-05 0.00110026 0.000227745 5.00074e-05 1 0.00552294
1 -0.000525058 -0.000386914 -0.0114227 0.000525021 1 -9.59218e-05 0.00638402 0.000386964 9.57186e-05 1 0.00831628
1 -0.000659916 -0.000313222 0.0018608 0.00065991 1 -2.10144e-05 0.00717174 0.000313236 2.08077e-05 1 0.00718859
1 -0.00058247 -0.00031384 -0.00336239 0.000582465 1 -1.69346e-05 -5.17083e-05 0.00031385 1.67518e-05 1 0.00905774
1 -0.000725427 -0.000364573 -0.00559649 0.00072538 1 -0.000129199 0.0135575 0.000364666 0.000128935 1 0.0107779
1 -0.000718614 -0.000266594 -0.00781624 0.000718602 1 -4.32779e-05 0.0271275 0.000266625 4.30864e-05 1 0.0124921
1 -0.000634423 -0.000274631 0.00160216 0.000634405 1 -6.49818e-05 0.00292598 0.000274672 6.48075e-05 1 0.0114511
1 -0.000784214 -0.000337145 -0.00384691 0.000784176 1 -0.000110369 0.00674952 0.000337231 0.000110105 1 0.0113652
1 -0.000631112 -0.000344245 -0.00928397 0.000631089 1 -6.66175e-05 0.0105735 0.000344287 6.64002e-05 1 0.0112816
1 -0.0007591 -0.000205503 0.00261264 0.000759092 1 -3.79236e-05 0.0133256 0.000205532 3.77676e-05 1 0.00906685
1 -0.000666815 -0.000317262 -0.00389942 0.000666789 1 -8.48783e-05 0.00654711 0.000317318 8.46667e-05 1 0.0119466
1 -0.000620438 -0.000345219 -0.0103725 0.000620409 1 -8.46439e-05 -0.000176004 0.000345272 8.44297e-05 1 0.0148135
1 -0.000487997 -0.000249957 5.89869e-05 0.000487963 1 -0.000136746 0.00352719 0.000250023 0.000136624 1 0.0113155
1 -0.000557611 -0.000218148 -0.00571173 0.000557606 1 -2.32407e-05 0.00244973 0.000218161 2.3119e-05 1 0.00741398
1 -0.000670292 -0.000334335 -0.000304908 0.000670254 1 -0.000113088 0.00654418 0.00033441 0.000112864 1 0.0126888
1 -0.000826701 -0.000366561 0.00508208 0.000826642 1 -0.000159433 0.0106243 0.000366692 0.00015913 1 0.0179644
1 -0.000623787 -0.000387491 -0.00524904 0.00062374 1 -0.000121767 -0.000383504 0.000387567 0.000121525 1 0.0134179
1 -0.000617831 -0.00040151 -0.00540321 0.000617777 1 -0.000134471 0.00672406 0.000401593 0.000134223 1 0.0150954
1 -0.000785759 -0.000337886 0.00922835 0.000785739 1 -5.7037e-05 0.0100852 0.00033793 5.67715e-05 1 0.0120866
1 -0.000731487 -0.00022788 0.00302468 0.000731462 1 -0.000107148 0.0112287 0.000227958 0.000106981 1 0.00825114
1 -0.000719586 -0.000332872 -0.00319308 0.000719595 1 2.66132e-05 0.0123547 0.000332852 -2.68528e-05 1 0.0044277
1 -0.00068378 -0.000314418 -0.00110437 0.000683758 1 -7.07174e-05 0.0039073 0.000314467 7.05024e-05 1 0.0119882
1 -0.000642122 -0.000418257 0.000999238 0.000642062 1 -0.000145264 -0.00443469 0.00041835 0.000144996 1 0.0194693
0.999999 -0.00100397 -0.000447553 0.0227972 0.00100391 0.999999 -0.00014918 0.0123796 0.000447702 0.000148731 1 0.0148765
1 -0.000408937 -0.000164772 0.0446046 0.000408917 1 -0.000118695 0.0291061 0.000164821 0.000118628 1 0.0103391
1 -0.000817025 -0.000281651 0.0484991 0.000817026 1 2.72679e-06 0.0167589 0.000281649 -2.95691e-06 1 0.00850169
1 -0.000648101 -0.000443063 0.0386173 0.000648065 1 -8.07951e-05 0.0189106 0.000443116 8.0508e-05 1 0.0150476
1 -0.000821692 -0.000254953 0.0280419 0.000821681 1 -4.19006e-05 0.0169749 0.000254987 4.16911e-05 1 0.0122942
1 -0.0007308 -0.000277845 0.00526434 0.000730782 1 -6.34066e-05 0.0133671 0.000277892 6.32036e-05 1 0.0107815
1 -0.000927375 -6.16974e-05 -0.0174432 0.000927371 1 -5.17847e-05 0.00981133 6.17454e-05 5.17275e-05 1 0.00926375
0.999999 -0.00115905 -8.49875e-05 -0.018856 0.00115905 0.999999 1.35427e-05 0.0168555 8.49718e-05 -1.36412e-05 1 0.00957196
1 -0.000640901 -0.000354511 -0.0203027 0.000640843 1 -0.000163956 0.0238938 0.000354616 0.000163729 1 0.00988053
1 -0.000767702 -0.000278353 -0.066614 0.000767669 1 -0.000120164 0.0137884 0.000278445 0.00011995 1 0.016454
0.999999 -0.00105537 4.09084e-06 -0.112899 0.00105537 0.999999 -5.55244e-05 0.00370437 -4.03224e-06 5.55287e-05 1 0.0230152
1 -0.000971271 -2.6767e-06 -0.125058 0.000971271 1 2.32626e-06 0.0211249 2.67444e-06 -2.32886e-06 1 0.0144722
1 -0.000901689 0.000399212 -0.182591 0.00090161 1 0.000196773 0.0107388 -0.000399389 -0.000196412 1 0.00932773
0.999999 -0.00162436 0.000563487 -0.240114 0.00162427 0.999999 0.000151164 0.000369581 -0.000563731 -0.000150248 1 0.00421597
0.999999 -0.00094331 0.000494017 -0.291904 0.00094322 1 0.000183414 0.00799961 -0.00049419 -0.000182948 1 0.0166609
0.999999 -0.00136053 0.000440523 -0.343668 0.00136055 0.999999 -5.78272e-05 0.0156421 -0.000440444 5.84265e-05 1 0.0290625
0.999999 -0.00118387 0.000541567 -0.417919 0.00118381 0.999999 9.87773e-05 0.00703241 -0.000541684 -9.81361e-05 1 0.0189766
0.999998 -0.00182132 0.000891742 -0.492175 0.00182107 0.999998 0.000270179 -0.00156043 -0.000892232 -0.000268554 1 0.00892843
0.999998 -0.00176809 0.000658443 -0.565564 0.00176804 0.999998 6.77754e-05 -0.00627943 -0.000658561 -6.66111e-05 1 0.0250002
0.999994 -0.00351707 0.000705711 -0.65942 0.00351688 0.999994 0.000269526 0.00296609 -0.000706655 -0.000267043 1 0.0235814
0.999984 -0.00551739 0.00086086 -0.748442 0.0055173 0.999985 0.000113191 0.00180546 -0.000861472 -0.00010844 1 0.0349455
0.999977 -0.00677094 0.00082641 -0.857571 0.00677084 0.999977 0.000117542 -0.0170437 -0.000827187 -0.000111944 1 0.0445758
0.999964 -0.00842835 0.000962673 -0.966606 0.00842825 0.999964 0.000115064 -0.0194465 -0.000963609 -0.000106947 1 0.035749
0.999939 -0.0109541 0.00105342 -1.07568 0.0109537 0.99994 0.000386422 -0.0220358 -0.00105759 -0.00037486 0.999999 0.0269776
0.999907 -0.0135655 0.00113186 -1.22953 0.0135652 0.999908 0.000243022 -0.0274385 -0.00113506 -0.000227645 0.999999 0.0333211
0.999861 -0.0166289 0.00107977 -1.37942 0.0166283 0.999862 0.000488871 -0.0179547 -0.00108775 -0.000470848 0.999999 0.0481881
0.999795 -0.0201979 -0.00162034 -1.505 0.0202091 0.999769 0.0072547 -0.0177619 0.00147344 -0.00728596 0.999972 0.0960246
0.999724 -0.0234753 0.000227739 -1.69765 0.0234726 0.99969 0.00828926 -0.0344511 -0.000422262 -0.00828163 0.999966 0.0676616
0.999646 -0.0266091 5.58928e-05 -1.88274 0.0266078 0.999613 0.00808928 -0.0410861 -0.00027112 -0.00808493 0.999967 0.0845271
0.999522 -0.0309199 6.19201e-05 -2.04826 0.0309184 0.999491 0.00789883 -0.0535693 -0.000306119 -0.00789314 0.999969 0.0886234
0.999382 -0.0351472 0.000558947 -2.24736 0.0351416 0.999351 0.0079366 -0.0723761 -0.000837533 -0.00791205 0.999968 0.0925498
0.999195 -0.0400744 0.00181434 -2.47759 0.0400571 0.999159 0.00875051 -0.0940429 -0.00216349 -0.00867079 0.99996 0.0721229
0.999038 -0.0438328 0.00154138 -2.6723 0.0438179 0.999002 0.00863465 -0.116455 -0.00191832 -0.0085588 0.999962 0.0881389
0.998776 -0.0494381 0.00177823 -2.8806 0.0494202 0.998737 0.00900742 -0.13062 -0.0022213 -0.00890851 0.999958 0.0817394
0.998532 -0.0540803 0.00307581 -3.11194 0.0540509 0.998498 0.00895728 -0.153159 -0.00355561 -0.00877787 0.999955 0.0916843
0.998229 -0.0594361 0.00264771 -3.33735 0.0594105 0.998194 0.00888049 -0.181611 -0.00317075 -0.00870745 0.999957 0.099719
0.997782 -0.0664099 0.00459746 -3.56263 0.0663653 0.997752 0.00925686 -0.211294 -0.00520187 -0.00893122 0.999947 0.107707
0.997402 -0.071836 0.0054137 -3.83962 0.0717784 0.997369 0.0101726 -0.23269 -0.00613022 -0.00975759 0.999934 0.105692
0.996931 -0.0780583 0.00599239 -4.10067 0.0779931 0.996899 0.0104312 -0.259822 -0.00678805 -0.00993179 0.999928 0.116766
0.996224 -0.0866449 0.00543703 -4.37916 0.0865846 0.996189 0.010482 -0.272477 -0.00632452 -0.00997165 0.99993 0.132596
0.995484 -0.0947193 0.00636517 -4.67512 0.0946502 0.995456 0.0104031 -0.319575 -0.00732162 -0.00975369 0.999926 0.127513
0.994695 -0.102646 0.00669165 -4.97064 0.102576 0.994674 0.0101353 -0.369104 -0.00769636 -0.00939516 0.999926 0.12286
0.993735 -0.111595 0.00613944 -5.27118 0.111533 0.993714 0.00961763 -0.419452 -0.00717413 -0.00887263 0.999935 0.164603
0.992537 -0.12178 0.00636458 -5.5831 0.121712 0.992514 0.0100805 -0.464312 -0.00754454 -0.0092306 0.999929 0.161122
0.99122 -0.132019 0.00733721 -5.8945 0.131938 0.991202 0.0105058 -0.512299 -0.00865962 -0.0094455 0.999918 0.157829
0.989842 -0.141964 0.00764554 -6.19948 0.141883 0.98983 0.0102419 -0.573158 -0.00902178 -0.00905313 0.999918 0.185045
0.988196 -0.152945 0.00871446 -6.54475 0.15285 0.988192 0.0106587 -0.641941 -0.0102418 -0.00920092 0.999905 0.186658
0.986437 -0.163931 0.00824671 -6.88919 0.163855 0.986442 0.00917694 -0.714579 -0.00963929 -0.0077012 0.999924 0.1887
0.984398 -0.1758 0.00746969 -7.19198 0.175738 0.984402 0.00829175 -0.786152 -0.00881087 -0.00684967 0.999938 0.220649
0.982167 -0.187853 0.00768566 -7.53582 0.187797 0.98218 0.00740149 -0.879418 -0.00893909 -0.00582615 0.999943 0.245731
0.980183 -0.197988 0.00654462 -7.87853 0.19794 0.980187 0.00724166 -0.976912 -0.00784871 -0.00580271 0.999952 0.270653
0.977469 -0.210915 0.0083258 -8.23037 0.210856 0.977489 0.00747232 -1.06372 -0.00971439 -0.00554842 0.999937 0.259231
0.974831 -0.222805 0.00788978 -8.59674 0.222747 0.974847 0.00753414 -1.1391 -0.00936998 -0.00558709 0.99994 0.275829
0.972031 -0.234743 0.00721727 -8.96861 0.23469 0.972042 0.00739417 -1.25848 -0.00875121 -0.00549353 0.999947 0.297656
0.969194 -0.246211 0.00663888 -9.31047 0.246166 0.969203 0.00688322 -1.3724 -0.00812915 -0.0050369 0.999954 0.310469
0.966271 -0.257444 0.00658212 -9.70695 0.257409 0.966286 0.00566094 -1.49603 -0.00781758 -0.0037757 0.999962 0.343791
0.963389 -0.267988 0.00802026 -10.0795 0.268002 0.963418 -0.00076958 -1.61305 -0.00752062 0.00289085 0.999968 0.323477
0.960503 -0.278148 0.00819746 -10.4716 0.278165 0.960533 -0.00107661 -1.74747 -0.00757448 0.00331434 0.999966 0.330577
0.957616 -0.287929 0.00823485 -10.8376 0.287946 0.957646 -0.00102464 -1.87542 -0.00759105 0.00335241 0.999966 0.333364
0.954781 -0.297215 0.00753288 -11.2211 0.29723 0.954806 -0.000856542 -1.99492 -0.00693786 0.0030568 0.999971 0.33865
0.952344 -0.30495 0.00677873 -11.6052 0.304961 0.952365 -0.000625579 -2.13436 -0.00626506 0.00266301 0.999977 0.348924
0.950076 -0.31196 0.00610038 -12.0081 0.311968 0.950093 -0.000336519 -2.26852 -0.00569094 0.00222284 0.999981 0.367433
0.948268 -0.317444 0.00420353 -12.4106 0.317444 0.948277 0.000499615 -2.40996 -0.00414471 0.000860618 0.999991 0.393395
0.946543 -0.322551 0.00412505 -12.8292 0.322553 0.946551 5.84276e-05 -2.55071 -0.00392342 0.00127524 0.999991 0.398909
0.945205 -0.326463 0.00315653 -13.2265 0.326458 0.94521 0.00188634 -2.68974 -0.0035994 -0.000752503 0.999993 0.416747
0.94426 -0.329183 0.00341315 -13.653 0.329181 0.944266 0.00114406 -2.83723 -0.00359953 4.32549e-05 0.999994 0.413564
0.943605 -0.331069 0.0016952 -14.1059 0.331062 0.943603 0.00351202 -3.00644 -0.00276232 -0.00275274 0.999992 0.448698
0.943283 -0.331989 0.000690255 -14.5291 0.331983 0.943275 0.0044716 -3.14415 -0.00213562 -0.00398883 0.99999 0.456258
0.942997 -0.332799 -0.000985482 -14.9521 0.332799 0.94298 0.00580536 -3.28232 -0.00100273 -0.00580241 0.999983 0.463441
0.942943 -0.33295 -0.00160221 -15.4167 0.332954 0.942925 0.00585068 -3.46368 -0.000437222 -0.00605032 0.999982 0.485858
0.942991 -0.332817 -0.000400939 -15.8729 0.332813 0.942974 0.00598701 -3.60148 -0.0016145 -0.00577914 0.999982 0.48068
0.943009 -0.332766 0.000287326 -16.3218 0.33276 0.942995 0.00555538 -3.76665 -0.00211959 -0.00514316 0.999985 0.507057
0.943236 -0.332116 0.00204462 -16.7957 0.332099 0.943225 0.00602052 -3.91645 -0.00392805 -0.00499976 0.99998 0.491263
0.943249 -0.33207 0.00340044 -17.2759 0.332047 0.943244 0.00591566 -4.08059 -0.00517186 -0.00445083 0.999977 0.516433
0.943418 -0.331582 0.00396759 -17.7563 0.33155 0.943411 0.00714183 -4.25643 -0.00611117 -0.00542228 0.999967 0.522913
0.94353 -0.331271 0.00319954 -18.2502 0.33123 0.943503 0.00948277 -4.43393 -0.00616014 -0.00788749 0.99995 0.561006
0.943777 -0.330575 0.00228448 -18.7352 0.330551 0.943759 0.00740433 -4.59495 -0.00460368 -0.0062329 0.99997 0.570574
0.944151 -0.329509 0.00174941 -19.2557 0.329494 0.94414 0.00574377 -4.77551 -0.00354431 -0.00484656 0.999982 0.573434
0.944199 -0.329364 0.00271026 -19.7205 0.329349 0.944197 0.00466618 -4.94545 -0.00409589 -0.00351318 0.999985 0.592407
0.94443 -0.328691 0.00378662 -20.2307 0.328671 0.944431 0.00497618 -5.1274 -0.00521182 -0.0034551 0.99998 0.600405
0.944326 -0.328981 0.00435768 -20.7447 0.328948 0.944322 0.00695945 -5.29028 -0.00640458 -0.00513854 0.999966 0.61064
0.944165 -0.329444 0.00433997 -21.273 0.329404 0.944155 0.00807286 -5.46124 -0.00675716 -0.00619251 0.999958 0.650888
0.944121 -0.32956 0.00505124 -21.8059 0.329506 0.944108 0.0092331 -5.64808 -0.00781178 -0.00705275 0.999945 0.677105
0.943488 -0.331373 0.00476668 -22.2932 0.331321 0.943473 0.00920841 -5.84113 -0.00754866 -0.00710872 0.999946 0.69635
0.942842 -0.333205 0.00485117 -22.8443 0.333165 0.942838 0.00755695 -6.03266 -0.00709188 -0.00550877 0.99996 0.721165
0.941872 -0.335944 0.00427002 -23.3682 0.335913 0.94187 0.00659899 -6.21228 -0.00623869 -0.00478105 0.999969 0.715985
0.941196 -0.337849 0.00285797 -23.9255 0.337824 0.941184 0.00690697 -6.43291 -0.00502339 -0.00553532 0.999972 0.745452
0.94027 -0.340414 0.00328861 -24.449 0.340392 0.940266 0.00580492 -6.60877 -0.00506825 -0.00433878 0.999978 0.762467
0.939413 -0.342783 0.00186659 -24.9921 0.342767 0.939402 0.00589676 -6.80548 -0.00377479 -0.00489969 0.999981 0.777987
0.938604 -0.344995 0.000576136 -25.5456 0.344989 0.938594 0.00486746 -7.01782 -0.00222001 -0.00436986 0.999988 0.780416
0.937399 -0.348251 -0.00212633 -26.1074 0.348257 0.937374 0.00690094 -7.19656 -0.000410087 -0.00720945 0.999974 0.752094
0.936288 -0.351162 -0.0070887 -26.6493 0.351214 0.936256 0.00853936 -7.41405 0.00363814 -0.0104849 0.999938 0.851122
0.935001 -0.354605 -0.00531187 -27.2056 0.354608 0.935015 -0.000367802 -7.66157 0.0050971 -0.00153974 0.999986 0.868355
0.933762 -0.357875 -0.00386927 -27.7849 0.357867 0.933769 -0.00255507 -7.89086 0.0045274 0.00100114 0.999989 0.848172
0.932015 -0.362418 -0.0012541 -28.3329 0.362417 0.932016 -0.00090156 -8.11457 0.00149558 0.000385762 0.999999 0.847538
0.929981 -0.367607 0.00109659 -28.9208 0.367589 0.929958 0.00744782 -8.33832 -0.00375765 -0.00652323 0.999972 0.826339
0.927962 -0.372675 0.000151667 -29.5142 0.372657 0.927922 0.00939162 -8.56379 -0.00364075 -0.00865854 0.999956 0.909724
0.926453 -0.376405 0.0020603 -30.0733 0.376392 0.926448 0.00486433 -8.79765 -0.00373971 -0.0037311 0.999986 0.931585
0.924139 -0.38205 0.00207123 -30.686 0.382049 0.924142 0.000512462 -9.07974 -0.0021099 0.000317727 0.999998 0.917423
0.921265 -0.388934 0.000336806 -31.2777 0.388934 0.921266 -0.000150847 -9.31484 -0.000251618 0.000269965 1 0.921672
0.918221 -0.396067 -0.000646517 -31.8659 0.396067 0.918221 0.00110437 -9.57851 0.000156241 -0.00127012 0.999999 0.942601
0.915041 -0.40336 0.00105372 -32.4712 0.403357 0.915039 0.0026254 -9.84551 -0.00202318 -0.00197733 0.999996 0.952337
0.911284 -0.411775 0.00145521 -33.0693 0.411771 0.911284 0.00230227 -10.13 -0.00227413 -0.00149881 0.999996 1.00156
0.907635 -0.419744 0.00366595 -33.673 0.419743 0.907643 0.0010395 -10.4471 -0.0037637 0.000595271 0.999993 1.01282
0.903568 -0.428411 0.00534196 -34.2932 0.428418 0.903581 -7.80108e-05 -10.731 -0.00479347 0.00235908 0.999986 1.03045
0.899349 -0.437196 0.00555967 -34.9204 0.437204 0.899362 -0.000158631 -11.0465 -0.0049308 0.00257337 0.999985 1.04804
0.894149 -0.447727 0.00612947 -35.5203 0.447732 0.894168 0.000627777 -11.3476 -0.00576185 0.00218303 0.999981 1.05726
0.888644 -0.458564 0.00550196 -36.1196 0.458564 0.88866 0.00144671 -11.6745 -0.00555279 0.00123739 0.999984 1.07001
0.883119 -0.469125 0.00464885 -36.7453 0.469127 0.883131 0.000881037 -12.0276 -0.00451886 0.00140284 0.999989 1.10426
0.877227 -0.480059 0.00403888 -37.3453 0.480062 0.877235 0.00030277 -12.379 -0.00368839 0.00167331 0.999992 1.11519
0.871626 -0.490169 0.00168452 -37.9789 0.490171 0.871625 -0.00164236 -12.7408 -0.000663239 0.00225723 0.999997 1.14096
0.865481 -0.50094 0.00112151 -38.6014 0.500941 0.86548 -0.00155743 -13.1074 -0.00019047 0.00190973 0.999998 1.12322
0.859022 -0.511938 -0.00112572 -39.1963 0.511937 0.859022 -0.000907931 -13.4716 0.00143182 0.000203633 0.999999 1.15348
0.852662 -0.522463 -0.000727162 -39.823 0.522462 0.852662 -0.0012416 -13.8687 0.00126871 0.000678754 0.999999 1.18201
0.846245 -0.532794 -0.000503251 -40.4297 0.532793 0.846244 -0.00169923 -14.2827 0.00133121 0.00116984 0.999998 1.19999
0.83905 -0.544053 -0.00105815 -41.0675 0.544053 0.839051 -0.000568516 -14.6603 0.00119714 -9.86744e-05 0.999999 1.20171
0.832177 -0.554504 -0.00261588 -41.6761 0.554506 0.832179 0.000488206 -15.1055 0.00190617 -0.00185679 0.999996 1.21271
0.825394 -0.564549 -0.002957 -42.2969 0.564555 0.825394 0.00152496 -15.5122 0.00157978 -0.00292809 0.999994 1.23707
0.818417 -0.574623 -0.00163459 -42.9102 0.574625 0.818416 0.00145284 -15.9719 0.000502933 -0.00212831 0.999998 1.25861
0.81154 -0.584296 -0.00123355 -43.5196 0.584297 0.81154 0.000417936 -16.4268 0.000756878 -0.00105993 0.999999 1.25754
0.805193 -0.593008 -0.0023989 -44.1417 0.593011 0.805194 0.000612313 -16.8691 0.00156847 -0.00191561 0.999997 1.27747
0.798936 -0.601403 -0.00400617 -44.7463 0.601408 0.798942 4.73816e-05 -17.3289 0.0031722 -0.0024472 0.999992 1.3013
0.793885 -0.608065 -0.00179366 -45.3746 0.608066 0.793886 -0.000119941 -17.8329 0.0014969 -0.000995448 0.999998 1.32096
0.789877 -0.613264 0.00090545 -45.9824 0.613262 0.789878 0.001781 -18.3351 -0.00180742 -0.000851497 0.999998 1.34911
0.786258 -0.61788 0.00466554 -46.5907 0.61787 0.786272 0.0036561 -18.8044 -0.00592742 8.06131e-06 0.999982 1.3517
0.782275 -0.622892 0.00716728 -47.1925 0.62286 0.782308 0.0063008 -19.2977 -0.00953174 -0.000464744 0.999954 1.36857
0.778929 -0.62708 0.00636217 -47.8155 0.627044 0.778954 0.00682218 -19.8007 -0.00923389 -0.00132463 0.999956 1.40564
0.775013 -0.631939 0.00295887 -48.4357 0.631923 0.775016 0.00492466 -20.307 -0.00540525 -0.00194689 0.999983 1.44232
0.77147 -0.636259 0.00295211 -49.0493 0.636252 0.771475 0.00303287 -20.8156 -0.00420717 -0.000461483 0.999991 1.46384
0.767715 -0.640786 0.00278476 -49.6509 0.640789 0.767717 -0.000362522 -21.3057 -0.00190561 0.00206276 0.999996 1.49361
0.764942 -0.644089 0.00360377 -50.2776 0.644096 0.764945 -0.000913008 -21.835 -0.00216863 0.00301957 0.999993 1.50108
0.762087 -0.647457 0.0047543 -50.8825 0.647464 0.762096 1.00988e-05 -22.3504 -0.00362977 0.00307054 0.999989 1.52434
0.759803 -0.650122 0.00635831 -51.5118 0.650133 0.75982 0.000448839 -22.8882 -0.00512297 0.00379272 0.99998 1.53732
0.757339 -0.652987 0.00673691 -52.118 0.653004 0.757355 -0.000337401 -23.425 -0.00488191 0.00465476 0.999977 1.58125
0.755277 -0.655374 0.00639316 -52.6993 0.655395 0.755285 -0.00171964 -23.9569 -0.00370165 0.00548885 0.999978 1.61241
0.753466 -0.657464 0.0054265 -53.3329 0.657484 0.753461 -0.00341741 -24.4883 -0.00184184 0.00614274 0.999979 1.63238
0.752165 -0.658961 0.00420925 -53.9773 0.658973 0.752131 -0.00735918 -25.0321 0.00168351 0.0083091 0.999964 1.64899
0.751404 -0.659833 0.00338183 -54.5762 0.659837 0.751369 -0.00770709 -25.5824 0.00254439 0.0080226 0.999965 1.6587
0.751131 -0.660148 0.00275771 -55.1927 0.660147 0.751098 -0.00763604 -26.1025 0.00296961 0.00755616 0.999967 1.66547
0.751501 -0.659719 0.00411398 -55.8324 0.65973 0.751467 -0.00731272 -26.6307 0.00173283 0.00820963 0.999965 1.68952
0.752752 -0.658293 0.00383585 -56.4513 0.658303 0.752727 -0.00625107 -27.1894 0.00122769 0.00723065 0.999973 1.71506
0.753099 -0.657896 0.00383312 -57.0572 0.657906 0.753074 -0.00618588 -27.7245 0.00118304 0.00718041 0.999974 1.73362
0.753827 -0.657072 0.00139682 -57.704 0.657062 0.7538 -0.00743985 -28.2831 0.00383559 0.00652616 0.999971 1.76175
0.75413 -0.656724 0.00128424 -58.3368 0.656699 0.754082 -0.0103433 -28.8057 0.00582429 0.00864358 0.999946 1.78058
0.755364 -0.655305 -0.000245475 -58.9492 0.655247 0.755302 -0.0130398 -29.3482 0.00873047 0.00968898 0.999915 1.78373
0.755669 -0.654952 -0.00149812 -59.5583 0.654881 0.755618 -0.0131485 -29.8787 0.00974361 0.00895479 0.999912 1.80064
0.757133 -0.653253 -0.00333386 -60.2023 0.65317 0.757103 -0.0128063 -30.4103 0.0108898 0.00751852 0.999912 1.83667
0.758069 -0.65217 -0.00228833 -60.7785 0.652095 0.758027 -0.0129546 -30.9178 0.0101832 0.00832825 0.999913 1.83794
0.759689 -0.650281 -0.00255329 -61.4181 0.650221 0.759663 -0.0111935 -31.4752 0.00921858 0.0068434 0.999934 1.87235
0.761128 -0.648602 -0.000232142 -62.0203 0.648566 0.76109 -0.0102428 -31.9645 0.0068202 0.00764555 0.999948 1.87533
0.763562 -0.645735 -6.40145e-05 -62.6312 0.645702 0.763524 -0.00998212 -32.4632 0.00649468 0.00758064 0.99995 1.88993
0.765725 -0.643168 -0.000118143 -63.268 0.643137 0.765691 -0.00958673 -32.9845 0.00625633 0.00726482 0.999954 1.90153
0.76801 -0.640438 0.00057841 -63.891 0.640408 0.767964 -0.0104866 -33.4981 0.00627184 0.00842425 0.999945 1.93019
0.77096 -0.636882 0.00138247 -64.5314 0.636865 0.770921 -0.0091494 -34.0013 0.00476132 0.00793427 0.999957 1.92318
0.773976 -0.633214 0.000649992 -65.1389 0.633197 0.773947 -0.00823919 -34.5193 0.00471411 0.00678851 0.999966 1.94508
0.776576 -0.630022 0.00125074 -65.764 0.630003 0.776534 -0.0095611 -35.0198 0.00505246 0.00821289 0.999954 1.96043
0.779354 -0.626582 0.00147119 -66.3817 0.626558 0.7793 -0.01082 -35.5032 0.00563309 0.00935437 0.99994 1.98748
0.783122 -0.621861 0.00309539 -67.0281 0.621847 0.783043 -0.0122567 -36.0341 0.00519813 0.0115233 0.99992 2.00564
0.786437 -0.617665 0.00242323 -67.6533 0.617649 0.786371 -0.0114179 -36.5305 0.00514687 0.0104761 0.999932 2.0293
0.790446 -0.61253 0.00155135 -68.2876 0.612503 0.790381 -0.0117218 -37.0008 0.00595382 0.0102157 0.99993 2.04518
0.793961 -0.607969 0.000629279 -68.9252 0.607937 0.793907 -0.0111931 -37.4846 0.00630544 0.00926941 0.999937 2.05119
0.797541 -0.603265 0.000281397 -69.5597 0.60322 0.797475 -0.0126481 -37.9662 0.00740578 0.0102572 0.99992 2.05766
0.800762 -0.59898 0.00142651 -70.2417 0.598945 0.800683 -0.0131167 -38.4268 0.00671447 0.0113578 0.999913 2.04841
0.804497 -0.593955 0.00144753 -70.9219 0.593915 0.804409 -0.0138068 -38.9223 0.0070362 0.0119672 0.999904 2.09054
0.807599 -0.589732 3.06422e-05 -71.567 0.589683 0.807532 -0.0129017 -39.3998 0.00758377 0.0104374 0.999917 2.13368
0.811521 -0.584323 8.21074e-05 -72.2147 0.584265 0.811439 -0.0141564 -39.8738 0.00820529 0.0115362 0.9999 2.17628
0.815466 -0.578804 0.000687141 -72.9255 0.57876 0.815388 -0.0133942 -40.3237 0.00719232 0.0113202 0.99991 2.15349
0.819332 -0.573319 0.000597738 -73.5664 0.57328 0.819262 -0.0126281 -40.7576 0.00675024 0.0106893 0.99992 2.17086
0.823219 -0.567713 0.00351727 -74.243 0.567709 0.823137 -0.0123198 -41.2193 0.00409889 0.0121386 0.999918 2.16511
0.82835 -0.560193 0.00454344 -74.9528 0.560209 0.828295 -0.00966082 -41.6958 0.00164861 0.0105478 0.999943 2.18034
0.83226 -0.55437 0.00412587 -75.5835 0.554384 0.832221 -0.00810629 -42.1149 0.00106025 0.00903386 0.999959 2.21506
0.83686 -0.547405 0.00361306 -76.2739 0.547415 0.836827 -0.00755803 -42.5501 0.0011138 0.00830286 0.999965 2.2261
0.840787 -0.541354 0.00364833 -76.9838 0.541366 0.84076 -0.00673256 -42.9721 0.00057733 0.00763573 0.999971 2.23019
0.845151 -0.534525 0.00145403 -77.6757 0.534524 0.845134 -0.00571147 -43.419 0.00182408 0.00560427 0.999983 2.2646
0.849969 -0.526832 0.000696785 -78.3512 0.526825 0.849948 -0.00668657 -43.8357 0.00293047 0.00605046 0.999977 2.28751
0.854824 -0.518917 8.46222e-06 -79.0904 0.518905 0.854804 -0.00695026 -44.256 0.00359938 0.00594564 0.999976 2.31311
0.859609 -0.510952 0.000126763 -79.755 0.510944 0.859593 -0.00607727 -44.6526 0.00299623 0.00528885 0.999982 2.32063
0.864385 -0.502831 -0.000430226 -80.4943 0.502817 0.864367 -0.00671147 -45.0434 0.00374661 0.00558496 0.999977 2.34905
0.869001 -0.494809 0.00149604 -81.1996 0.49481 0.86899 -0.00434567 -45.4276 0.000850229 0.00451664 0.999989 2.37028
0.873818 -0.486236 0.00404503 -81.9266 0.486242 0.873824 -0.000562933 -45.831 -0.00326092 0.00245876 0.999992 2.37966
0.878586 -0.47753 0.00720637 -82.6323 0.477536 0.878612 0.00100084 -46.188 -0.00680953 0.00256198 0.999974 2.41301
0.882777 -0.469718 0.00836946 -83.3772 0.469721 0.882813 0.00168361 -46.5843 -0.00817949 0.00244506 0.999964 2.42419
0.88726 -0.461213 0.00717226 -84.1001 0.46121 0.887288 0.00216589 -46.9481 -0.0073628 0.00138621 0.999972 2.45091
0.891324 -0.453313 0.00700978 -84.8475 0.453309 0.891351 0.00218488 -47.3007 -0.0072386 0.00123016 0.999973 2.48257
0.895962 -0.444083 0.00651217 -85.6139 0.444076 0.895985 0.00258435 -47.6657 -0.00698248 0.000576415 0.999975 2.51686
0.900034 -0.435743 0.00815435 -86.3397 0.435734 0.900071 0.00298364 -48.0125 -0.00863959 0.000867746 0.999962 2.56576
0.904249 -0.426806 0.0130183 -87.088 0.426815 0.904336 0.00223001 -48.3373 -0.0127247 0.00353993 0.999913 2.58833
0.908082 -0.418597 0.0127638 -87.8771 0.418601 0.908167 0.00251931 -48.6954 -0.0126462 0.0030552 0.999915 2.63494
0.912041 -0.409917 0.0122188 -88.5802 0.409916 0.912119 0.00268912 -48.9958 -0.0122473 0.0025561 0.999922 2.65776
0.916179 -0.400597 0.0117823 -89.3774 0.400598 0.916251 0.0023643 -49.3432 -0.0117427 0.00255384 0.999928 2.68015
0.919879 -0.391988 0.0129631 -90.0787 0.392005 0.919962 0.001262 -49.6446 -0.0124203 0.00392073 0.999915 2.71525
0.923648 -0.382975 0.0143204 -90.8784 0.382991 0.92375 0.00171435 -49.977 -0.013885 0.00390111 0.999896 2.74327
0.927427 -0.373721 0.0145526 -91.6317 0.373725 0.927536 0.00252645 -50.2796 -0.0144422 0.00309557 0.999891 2.79446
0.930785 -0.365303 0.0138573 -92.4415 0.36532 0.930881 0.0013826 -50.5552 -0.0134046 0.00377546 0.999903 2.81748
0.934566 -0.355524 0.0137391 -93.1771 0.355544 0.934659 0.000980402 -50.8479 -0.01319 0.00396862 0.999905 2.84148
0.937898 -0.346624 0.0140725 -94.0068 0.346651 0.937994 0.000537611 -51.1351 -0.0133862 0.00437402 0.999901 2.87906
0.941142 -0.337658 0.0154369 -94.7848 0.337699 0.941254 -2.19615e-05 -51.4253 -0.0145226 0.00523369 0.999881 2.91007
0.944066 -0.329394 0.0154698 -95.5616 0.329428 0.944181 0.000371401 -51.6735 -0.0147286 0.00474557 0.99988 2.91382
0.946663 -0.321955 0.0132185 -96.3853 0.321988 0.946744 -0.000398892 -51.9294 -0.0123861 0.0046338 0.999913 2.96407
0.949367 -0.313881 0.01344 -97.1717 0.313912 0.949452 -0.000200366 -52.1695 -0.0126977 0.00440919 0.99991 3.00535
0.951962 -0.305867 0.0146092 -97.9716 0.305918 0.952057 -0.00139615 -52.4281 -0.0134818 0.00579831 0.999892 3.03069
0.954136 -0.298966 0.0156084 -98.7883 0.299003 0.954252 -2.43225e-05 -52.6722 -0.0148871 0.00469018 0.999878 3.08591
0.956314 -0.291879 0.0164706 -99.5921 0.291903 0.956448 0.000991142 -52.9126 -0.0160426 0.00385998 0.999864 3.09233
0.958397 -0.285166 0.012462 -100.419 0.285186 0.958472 0.000159876 -53.1525 -0.0119901 0.00340077 0.999922 3.14581
0.9603 -0.278773 0.0104305 -101.23 0.278775 0.960356 0.0012438 -53.3871 -0.0103638 0.00171335 0.999945 3.14368
0.962278 -0.271948 0.0080377 -102.056 0.271948 0.962311 0.00110228 -53.5893 -0.00803454 0.00112514 0.999967 3.18712
0.964207 -0.265061 0.00687959 -102.872 0.265054 0.964232 0.00185334 -53.8241 -0.00712477 3.64579e-05 0.999975 3.21891
0.966088 -0.258061 0.00889314 -103.69 0.258073 0.966125 -0.000192465 -54.053 -0.00854222 0.00248102 0.99996 3.24995
0.967907 -0.251111 0.00994784 -104.509 0.251095 0.967958 0.00284802 -54.2491 -0.0103443 -0.000258771 0.999946 3.26641
0.969291 -0.245603 0.0123788 -105.33 0.245534 0.969363 0.00690956 -54.4392 -0.0136966 -0.00365797 0.9999 3.28435
0.971291 -0.237753 0.00820536 -106.158 0.237698 0.971313 0.00708278 -54.6384 -0.00965393 -0.00492904 0.999941 3.36205
0.97301 -0.230758 0.00123999 -106.986 0.230755 0.973009 0.00258583 -54.8309 -0.00180322 -0.00222991 0.999996 3.37638
0.97465 -0.223677 -0.00511563 -107.848 0.223673 0.974663 -0.00142742 -55.0293 0.0053053 0.000247009 0.999986 3.36995
0.976197 -0.216831 -0.0049514 -108.676 0.216826 0.976209 -0.00138886 -55.2007 0.00513475 0.000282206 0.999987 3.40928
0.977974 -0.208715 0.00227758 -109.517 0.208715 0.977976 0.000562079 -55.3554 -0.00234474 -7.43335e-05 0.999997 3.42881
0.979492 -0.201307 0.0084316 -110.333 0.201288 0.979527 0.00306521 -55.5283 -0.00887603 -0.00130517 0.99996 3.43802
0.98102 -0.193627 0.0104573 -111.223 0.193592 0.981073 0.0042212 -55.6944 -0.0110767 -0.00211663 0.999936 3.47998
0.982571 -0.185673 0.00887008 -112.053 0.185652 0.98261 0.00322943 -55.8494 -0.00931546 -0.0015264 0.999955 3.49709
0.984006 -0.178002 0.00687922 -112.894 0.177978 0.984027 0.00391404 -56.0081 -0.00746605 -0.00262709 0.999969 3.52158
0.985348 -0.170451 0.00599417 -113.769 0.170435 0.985364 0.00302589 -56.1319 -0.0064222 -0.00195994 0.999977 3.55823
0.986716 -0.162355 0.00568153 -114.593 0.16234 0.98673 0.00305495 -56.2554 -0.00610213 -0.00209202 0.999979 3.57536
0.987966 -0.15455 0.00606754 -115.489 0.154527 0.98798 0.00411997 -56.3936 -0.00663135 -0.00313279 0.999973 3.59123
0.989077 -0.147241 0.00687354 -116.32 0.147217 0.989097 0.00385622 -56.4908 -0.00736639 -0.0028022 0.999969 3.628
0.990124 -0.139996 0.00744761 -117.199 0.139951 0.990139 0.00624344 -56.6129 -0.00824822 -0.00513948 0.999953 3.66884
0.991257 -0.131742 0.00728408 -118.049 0.131688 0.991263 0.00750074 -56.7258 -0.0082086 -0.00647593 0.999945 3.68548
0.992227 -0.124218 0.00743575 -118.918 0.124151 0.992223 0.0089461 -56.824 -0.00848919 -0.00795341 0.999932 3.70908
0.993209 -0.116102 0.00750777 -119.763 0.116021 0.993192 0.0104575 -56.9214 -0.00867079 -0.00951545 0.999917 3.75008
0.994108 -0.108161 0.00707131 -120.656 0.108078 0.994079 0.0112596 -57.018 -0.0082473 -0.010429 0.999912 3.76991
0.994904 -0.100646 0.00609736 -121.51 0.100573 0.994866 0.0112671 -57.0798 -0.00720005 -0.0105965 0.999918 3.81305
0.995685 -0.0925523 0.00673093 -122.408 0.0924689 0.995646 0.011795 -57.1435 -0.00779327 -0.0111217 0.999908 3.83477
0.996367 -0.0848411 0.00741093 -123.277 0.0847385 0.996316 0.0132164 -57.2186 -0.00850492 -0.0125404 0.999885 3.87583
0.996965 -0.0775621 0.00672769 -124.163 0.0774653 0.996902 0.013621 -57.2845 -0.00776332 -0.0130585 0.999885 3.8921
0.997538 -0.0697859 0.0069639 -125.043 0.0697008 0.997498 0.0118023 -57.3186 -0.00777011 -0.0112878 0.999906 3.92649
0.998083 -0.061549 0.00641578 -125.949 0.0614784 0.998051 0.0106707 -57.3819 -0.00706005 -0.0102559 0.999922 3.95117
0.998543 -0.0537263 0.00501515 -126.816 0.053674 0.998508 0.0100352 -57.4156 -0.00554682 -0.00975143 0.999937 3.9914
0.998952 -0.0455476 0.00448094 -127.671 0.0455082 0.998928 0.00853187 -57.4459 -0.00486474 -0.00831901 0.999954 4.01267
0.99926 -0.0381822 0.00464989 -128.565 0.0381457 0.999242 0.00771746 -57.4691 -0.00494104 -0.00753437 0.999959 4.02532
0.999544 -0.0299063 0.00419999 -129.448 0.0298751 0.999527 0.00729668 -57.4918 -0.00441622 -0.00716788 0.999965 4.0571
0.999743 -0.0223705 0.00359445 -130.33 0.0223443 0.999725 0.00716343 -57.5073 -0.00375371 -0.00708127 0.999968 4.0884
0.999877 -0.0154374 0.00263835 -131.212 0.0154189 0.999857 0.0068906 -57.5196 -0.00274435 -0.00684907 0.999973 4.11245
0.999968 -0.00785742 0.00133583 -132.12 0.00784935 0.999952 0.00594675 -57.5164 -0.0013825 -0.00593607 0.999981 4.14014
0.999999 -0.00124874 0.00103904 -133.052 0.00124377 0.999988 0.00476726 -57.5108 -0.00104498 -0.00476596 0.999988 4.1565
0.999983 0.00562013 0.0015024 -133.931 -0.00562646 0.999975 0.00424188 -57.5077 -0.00147852 -0.00425026 0.99999 4.18186
0.999916 0.0126443 0.00267107 -134.815 -0.0126561 0.99991 0.00441793 -57.4839 -0.00261497 -0.00445136 0.999987 4.18708
0.999808 0.0193261 0.00323381 -135.738 -0.019344 0.999797 0.00556964 -57.4494 -0.00312552 -0.00563112 0.999979 4.22698
0.999657 0.0259201 0.0038624 -136.622 -0.025939 0.999651 0.00493928 -57.4246 -0.00373302 -0.00503777 0.99998 4.23998
0.999446 0.0330198 0.00411919 -137.546 -0.0330376 0.999445 0.00434876 -57.3874 -0.00397331 -0.00448244 0.999982 4.26218
0.999266 0.0380691 0.00418302 -138.435 -0.0380898 0.999262 0.00499348 -57.3334 -0.00398984 -0.00514915 0.999979 4.2836
0.998963 0.0453884 0.00365816 -139.34 -0.0454066 0.998956 0.00504345 -57.2967 -0.00342543 -0.00520432 0.999981 4.30847
0.99864 0.0517955 0.00587636 -140.281 -0.0518314 0.998637 0.00611489 -57.23 -0.00555162 -0.00641116 0.999964 4.36959
0.998278 0.0585394 0.00389243 -141.189 -0.0585635 0.998263 0.00639681 -57.173 -0.0035112 -0.00661374 0.999972 4.38359
0.997871 0.0651933 0.00164508 -142.135 -0.065203 0.997849 0.00676078 -57.0907 -0.00120078 -0.00685366 0.999976 4.3975
0.997364 0.0724734 -0.00363234 -143.036 -0.072442 0.99734 0.00812786 -57.0405 0.00421173 -0.0078433 0.99996 4.43021
0.996808 0.0798091 -0.00229061 -143.96 -0.0797909 0.996786 0.00717844 -56.9514 0.00285615 -0.00697275 0.999972 4.46317
0.996154 0.0875999 0.00187383 -144.871 -0.0876105 0.996132 0.00668132 -56.8635 -0.0012813 -0.00681979 0.999976 4.45478
0.995426 0.0954609 0.00385878 -145.804 -0.0954926 0.995389 0.00908391 -56.7633 -0.00297383 -0.00941084 0.999951 4.47798
