1 0 0 0 0 1 0 0 -0 0 1 0
0.999999 -0.0010405 0.000218444 8.80278e-06 0.00104053 0.999999 -0.000163403 -5.847e-06 -0.000218274 0.00016363 1 3.80681e-05
1 -0.000650902 -3.03431e-05 -0.00301184 0.0006509 1 -7.77993e-05 2.01956e-05 3.03937e-05 7.77795e-05 1 0.011181
1 -0.000552685 -1.04015e-05 0.000318014 0.000552684 1 -0.000111807 0.00168842 1.04633e-05 0.000111801 1 0.0091577
1 -0.000811603 -0.000310653 0.00362329 0.000811622 1 5.94237e-05 0.00335284 0.000310605 -5.96758e-05 1 0.00715662
1 -0.000619863 6.79488e-05 -0.008107 0.000619871 1 -0.000104912 0.00470786 -6.78837e-05 0.000104954 1 0.0115993
1 -0.000702587 -3.40966e-06 -0.00154006 0.000702586 1 -0.000108075 0.00587704 3.48559e-06 0.000108073 1 0.0128586
1 -0.000658974 -0.000213616 0.00498151 0.000658961 1 -6.3535e-05 0.00702258 0.000213658 6.33942e-05 1 0.0141163
1 -0.000617996 -6.42549e-05 -0.00284488 0.000617993 1 -4.81901e-05 0.00301386 6.42846e-05 4.81504e-05 1 0.0109491
1 -0.000612246 -6.78823e-05 -0.0106498 0.00061224 1 -8.29876e-05 -0.000983271 6.79331e-05 8.2946e-05 1 0.00778823
1 -0.000649551 1.06262e-05 -0.00582446 0.000649552 1 -0.000105933 0.00928899 -1.05574e-05 0.00010594 1 0.0125008
1 -0.000535536 -6.39547e-05 -0.00528092 0.000535529 1 -0.000109177 0.00181674 6.40132e-05 0.000109142 1 0.0151155
1 -0.000777872 -0.000192294 -0.00474539 0.00077786 1 -6.59347e-05 -0.0056218 0.000192345 6.57851e-05 1 0.0177055
1 -0.000486167 -8.20795e-06 -0.00857316 0.000486166 1 -9.72649e-05 0.00253915 8.25524e-06 9.72609e-05 1 0.0113093
1 -0.000633911 -5.32784e-05 -0.007815 0.000633907 1 -8.6822e-05 0.00368588 5.33334e-05 8.67882e-05 1 0.013816
1 -0.000376117 -5.97825e-05 -0.00706519 0.000376118 1 5.23716e-06 0.00483003 5.97805e-05 -5.25964e-06 1 0.016317
1 -0.000686022 -0.000135341 -0.00631025 0.000686014 1 -5.75981e-05 0.00596955 0.00013538 5.75052e-05 1 0.0188097
1 -0.000530417 -0.000202637 -0.00555355 0.000530401 1 -8.21681e-05 0.00710563 0.000202681 8.20606e-05 1 0.0212908
1 -0.0005528 -5.34608e-05 -0.0110647 0.000552792 1 -0.000154851 -0.00104109 5.35464e-05 0.000154821 1 0.0138467
1 -0.000514451 -3.58937e-05 -0.0115353 0.000514448 1 -8.10879e-05 0.00250016 3.59354e-05 8.10694e-05 1 0.0111474
1 -0.000590437 -3.37852e-05 -0.012003 0.000590435 1 -6.25201e-05 0.00603486 3.38221e-05 6.25001e-05 1 0.00845274
1 -0.000624783 -0.000136083 -0.00658891 0.000624767 1 -0.000118662 0.00215978 0.000136157 0.000118577 1 0.0150473
1 -0.000550999 8.61859e-05 -0.00979281 0.000551008 1 -0.000103456 0.000357891 -8.61288e-05 0.000103503 1 0.010742
1 -0.000602134 -8.57384e-05 -0.012979 0.000602125 1 -0.000103692 -0.00143728 8.58008e-05 0.00010364 1 0.00645157
1 -0.000478745 0.000209327 -0.0161432 0.000478752 1 -3.1724e-05 -0.00320936 -0.000209312 3.18242e-05 1 0.00219545
1 -0.000649651 3.14597e-05 0.00058333 0.000649657 1 -0.000195988 0.00436391 -3.13324e-05 0.000196009 1 0.0147093
1 -0.000580777 5.54217e-05 -0.00903396 0.000580784 1 -0.000115678 0.00084035 -5.53545e-05 0.00011571 1 0.0103133
1 -0.000555273 -5.59376e-05 -0.00886619 0.000555269 1 -7.20668e-05 0.00400179 5.59776e-05 7.20357e-05 1 0.0115497
1 -0.000702544 -2.67202e-05 -0.0086846 0.000702542 1 -7.66235e-05 0.00713936 2.6774e-05 7.66048e-05 1 0.0127794
1 -0.000675669 3.23761e-05 -0.00850185 0.000675673 1 -0.000124851 0.0102541 -3.22918e-05 0.000124873 1 0.0140032
1 -0.000621334 -3.2321e-05 0.0051856 0.000621333 1 -4.39545e-05 -0.000483976 3.23483e-05 4.39344e-05 1 0.0114897
1 -0.00054 5.92836e-06 0.018809 0.00054 1 -9.20224e-05 -0.0111887 -5.87866e-06 9.20256e-05 1 0.00900169
1 -0.000584882 1.28224e-05 -0.00475653 0.000584883 1 -9.3015e-05 0.00153575 -1.2768e-05 9.30225e-05 1 0.00896046
1 -0.000581028 9.61455e-06 -0.00778768 0.000581029 1 -0.000120496 -0.000807465 -9.54454e-06 0.000120502 1 0.013846
1 -0.00062021 -0.000142237 -0.0107898 0.000620193 1 -0.000118007 -0.00313243 0.00014231 0.000117919 1 0.0186924
1 -0.000580939 -0.000132856 -0.00608813 0.000580936 1 -1.92473e-05 -0.00270113 0.000132867 1.91701e-05 1 0.0130972
1 -0.00051209 -3.97289e-05 -0.00136132 0.000512086 1 -9.14147e-05 -0.00224636 3.97757e-05 9.13943e-05 1 0.00752188
1 -0.000586963 0.000142797 0.00331455 0.000586984 1 -0.000144954 -0.00179196 -0.000142712 0.000145038 1 0.001995
1 -0.00055305 -0.000123336 -0.00668977 0.000553042 1 -6.08531e-05 0.00207342 0.000123369 6.07849e-05 1 0.0147084
1 -0.00059224 -0.000119614 -0.00571744 0.000592239 1 -8.72553e-06 0.00226482 0.000119619 8.65469e-06 1 0.0139638
1 -0.000664225 -8.6927e-05 -0.00477485 0.00066421 1 -0.000180993 0.00245358 8.70472e-05 0.000180935 1 0.0131939
1 -0.000600572 -5.5493e-05 -0.00384441 0.000600577 1 8.6754e-05 0.00265841 5.54409e-05 -8.67873e-05 1 0.0124056
1 -0.000688555 9.17918e-05 -0.00291036 0.000688576 1 -0.000225823 0.0028716 -9.16363e-05 0.000225886 1 0.0116208
1 -0.000632646 6.83733e-05 -0.00568891 0.000632652 1 -9.15924e-05 0.00611531 -6.83154e-05 9.16356e-05 1 0.00841013
1 -0.000764267 0.000246216 0.0314435 0.000764307 1 -0.000161322 0.013118 -0.000246093 0.00016151 1 0.0095922
0.999999 -0.000932348 0.000379916 0.0267992 0.000932437 1 -0.00023514 0.0221175 -0.000379697 0.000235494 1 0.011035
0.999999 -0.000991686 0.000406468 0.0221369 0.000991781 0.999999 -0.000233775 0.0310935 -0.000406236 0.000234178 1 0.012485
0.999999 -0.0011267 0.000256258 0.0163656 0.00112675 0.999999 -0.000206433 0.0228708 -0.000256025 0.000206721 1 0.0163601
0.999999 -0.00110547 0.000333144 0.00160374 0.00110554 0.999999 -0.000195775 0.0175674 -0.000332927 0.000196143 1 0.0110239
1 -0.000725516 0.000164478 -0.0131631 0.000725529 1 -7.98882e-05 0.0122676 -0.00016442 8.00075e-05 1 0.00571711
0.999999 -0.00137517 0.000687999 -0.0279181 0.00137537 0.999999 -0.000294482 0.00697954 -0.000687594 0.000295428 1 0.000468944
1 -0.000898907 0.000282166 -0.0501831 0.000898929 1 -7.93346e-05 0.00995506 -0.000282095 7.95882e-05 1 0.0115981
0.999999 -0.0011781 0.000292734 -0.0872005 0.00117814 0.999999 -0.000146342 0.0214761 -0.000292561 0.000146686 1 0.0157948
0.999999 -0.00101373 0.000557252 -0.111564 0.00101385 0.999999 -0.00021934 0.0115206 -0.000557029 0.000219905 1 0.0114603
0.999999 -0.00131173 0.000931486 -0.152588 0.00131211 0.999999 -0.000408718 0.0198886 -0.000930949 0.00040994 0.999999 0.0182068
0.999999 -0.00114626 0.00111545 -0.180666 0.00114683 0.999999 -0.000514884 0.014162 -0.00111486 0.000516163 0.999999 0.0239571
0.999999 -0.00114265 0.00125034 -0.240015 0.00114331 0.999999 -0.000527562 0.012782 -0.00124974 0.000528991 0.999999 0.0206979
0.999999 -0.00120364 0.00117297 -0.299373 0.00120413 0.999999 -0.000415671 0.0114185 -0.00117247 0.000417083 0.999999 0.0174639
0.999998 -0.00133413 0.00138552 -0.368906 0.00133472 0.999999 -0.000425301 0.00883304 -0.00138495 0.000427149 0.999999 0.0206946
0.999999 -0.000583613 0.00119439 -0.483447 0.000584013 1 -0.000334935 -0.000687762 -0.0011942 0.000335632 0.999999 0.0284684
0.999999 -0.00042142 0.00162291 -0.544527 0.000422173 1 -0.000463182 -0.00393593 -0.00162272 0.000463866 0.999999 0.0309776
0.999999 -0.000490507 0.00151944 -0.64004 0.000491166 1 -0.000432977 0.00157713 -0.00151923 0.000433722 0.999999 0.0301938
0.999998 -0.000817071 0.00173567 -0.735547 0.000818016 1 -0.000543683 0.00707444 -0.00173523 0.000545101 0.999998 0.0294189
0.999998 -0.000842302 0.00178083 -0.817291 0.000843265 0.999999 -0.000540392 0.0103578 -0.00178037 0.000541893 0.999998 0.0355897
0.999997 -0.000884928 0.00220646 -0.933328 0.000886428 0.999999 -0.000678564 0.00800654 -0.00220586 0.000680518 0.999997 0.0401028
0.999997 -0.00116202 0.00192737 -1.03641 0.00116288 0.999999 -0.000448364 0.0188719 -0.00192684 0.000450604 0.999998 0.0371259
0.999998 -0.000746282 0.0020556 -1.15271 0.000747277 1 -0.000483006 0.00536958 -0.00205524 0.000484541 0.999998 0.0465989
0.999997 -0.00072257 0.00215512 -1.27677 0.000723686 1 -0.000517062 0.0079263 -0.00215475 0.00051862 0.999998 0.0527171
0.999995 -0.000434195 0.00317498 -1.42901 0.000437303 0.999999 -0.000978112 0.00490244 -0.00317455 0.000979496 0.999994 0.0580325
0.999994 -0.000777973 0.00333128 -1.56041 0.000781093 0.999999 -0.000935537 0.013325 -0.00333055 0.000938134 0.999994 0.0622645
0.999994 -0.000508446 0.00345801 -1.72361 0.000510984 1 -0.000733173 0.005747 -0.00345763 0.000734935 0.999994 0.0547786
0.999993 -0.000946136 0.00363449 -1.8964 0.000947937 0.999999 -0.000493976 0.0140771 -0.00363402 0.000497417 0.999993 0.049114
0.999995 -0.000622089 0.00305329 -2.06006 0.000623974 1 -0.000616582 0.0129517 -0.0030529 0.000618484 0.999995 0.0796275
0.999995 -0.000508344 0.00301612 -2.23542 0.00050975 1 -0.000465258 0.0097354 -0.00301589 0.000466793 0.999995 0.0694413
0.999995 -0.00106068 0.00310215 -2.40638 0.00106193 0.999999 -0.000400657 0.0219243 -0.00310172 0.000403949 0.999995 0.0635839
0.999992 -0.000909772 0.00381267 -2.61914 0.000911699 0.999999 -0.000503687 0.0135571 -0.00381221 0.000507159 0.999993 0.0687774
0.999989 -0.000312921 0.00465952 -2.78938 0.000315906 1 -0.000640048 0.0170792 -0.00465932 0.000641513 0.999989 0.0734442
0.999989 -0.000670504 0.00461609 -2.99968 0.000673449 1 -0.000636498 0.0162554 -0.00461567 0.0006396 0.999989 0.0878781
0.999989 -0.000710586 0.0046851 -3.21964 0.000712821 1 -0.000475496 0.0031223 -0.00468476 0.000478831 0.999989 0.0881046
0.99999 6.0246e-05 0.00441258 -3.44593 -5.75415e-05 1 -0.000613045 0.0086592 -0.00441262 0.000612786 0.99999 0.0950818
0.999985 0.000246718 0.00541647 -3.64697 -0.000241802 1 -0.000908345 0.00415593 -0.00541669 0.000907022 0.999985 0.103593
0.999983 -0.00038977 0.00579389 -3.89879 0.000394671 1 -0.000844783 0.0217122 -0.00579356 0.000847055 0.999983 0.101116
0.999987 7.31654e-05 0.00515456 -4.15631 -6.94891e-05 1 -0.000713385 0.00838379 -0.00515461 0.000713017 0.999986 0.106024
0.999989 -8.76414e-05 0.00475393 -4.3985 8.97335e-05 1 -0.000439864 0.0159752 -0.00475389 0.000440285 0.999989 0.105512
0.999993 -0.000553631 0.00359143 -4.65518 0.000554084 1 -0.000125153 0.0305375 -0.00359136 0.000127142 0.999994 0.115023
0.999996 -0.000472041 0.00284297 -4.94355 0.000471581 1 0.000162688 0.0210188 -0.00284304 -0.000161347 0.999996 0.121599
0.999997 -0.000830674 0.00249761 -5.20918 0.000830557 1 4.77487e-05 0.0277109 -0.00249765 -4.56742e-05 0.999997 0.137664
0.999996 -0.000923086 0.00253318 -5.48876 0.00092278 1 0.000121993 0.0260466 -0.00253329 -0.000119655 0.999997 0.133267
0.999998 -0.000695867 0.00201956 -5.77036 0.000695469 1 0.000197426 0.0303408 -0.00201969 -0.000196021 0.999998 0.139223
0.999997 -0.000654009 0.00218664 -6.05474 0.000653352 1 0.000301375 0.0268689 -0.00218684 -0.000299946 0.999998 0.133108
0.999998 -0.00063021 0.00167066 -6.33914 0.000629239 1 0.000581394 0.0234333 -0.00167103 -0.000580342 0.999998 0.127064
0.999998 -0.00148546 0.00164803 -6.68595 0.00148483 0.999999 0.000387356 0.0147544 -0.00164861 -0.000384908 0.999999 0.170394
0.999996 -0.0014018 0.00233779 -6.99768 0.00140108 0.999999 0.000309472 0.00753877 -0.00233822 -0.000306196 0.999997 0.178266
0.999995 -0.00189069 0.00271362 -7.29006 0.00188961 0.999998 0.000401436 0.0064142 -0.00271438 -0.000396307 0.999996 0.181955
0.999993 -0.00231262 0.00281882 -7.642 0.00231278 0.999997 -5.37144e-05 -0.00787998 -0.00281869 6.02333e-05 0.999996 0.217999
0.999991 -0.00259472 0.00327834 -7.97865 0.00259417 0.999997 0.0001699 0.00981062 -0.00327877 -0.000161394 0.999995 0.213467
0.999991 -0.00278884 0.00303739 -8.29565 0.00278841 0.999996 0.000146351 -0.000502581 -0.00303779 -0.00013788 0.999995 0.213533
0.99999 -0.00301451 0.00339776 -8.64406 0.00301393 0.999995 0.000175598 -0.000931232 -0.00339828 -0.000165356 0.999994 0.214547
0.999989 -0.00339909 0.00321613 -8.97541 0.00339884 0.999994 8.39487e-05 -0.00732522 -0.0032164 -7.30166e-05 0.999995 0.225273
0.999994 -0.00297239 0.00192265 -9.33343 0.00297204 0.999996 0.000180701 -0.0118001 -0.00192318 -0.000174986 0.999998 0.253416
0.99999 -0.00359119 0.00253463 -9.73038 0.00359058 0.999994 0.000244444 -0.0170044 -0.00253549 -0.00023534 0.999997 0.253602
0.99999 -0.00407333 0.00159468 -10.0847 0.00407272 0.999992 0.00038621 -0.010769 -0.00159624 -0.000379712 0.999999 0.266931
0.999988 -0.00474425 0.0015682 -10.4887 0.00474363 0.999989 0.000398834 0.00676664 -0.00157008 -0.00039139 0.999999 0.295973
0.999984 -0.00476376 0.00303594 -10.8478 0.00476331 0.999989 0.00015618 -0.0110548 -0.00303665 -0.000141716 0.999995 0.28751
0.999982 -0.00496392 0.00336216 -11.2076 0.00496416 0.999988 -6.27257e-05 -0.015118 -0.00336181 7.94149e-05 0.999994 0.285413
0.999973 -0.00562354 0.0046795 -11.6293 0.00562483 0.999984 -0.000264449 -0.00878123 -0.00467794 0.000290763 0.999989 0.294669
0.999964 -0.00605301 0.00590405 -11.9944 0.00605395 0.999982 -0.000140648 -0.0158026 -0.00590309 0.000176386 0.999983 0.285739
0.99996 -0.00652057 0.00619697 -12.4075 0.00652319 0.999979 -0.000402036 -0.0189433 -0.00619422 0.000442443 0.999981 0.325592
0.999946 -0.00708368 0.00758441 -12.8205 0.00708911 0.999975 -0.00068976 -0.0222946 -0.00757933 0.00074349 0.999971 0.365514
0.99994 -0.0070769 0.00841468 -13.1863 0.00708305 0.999975 -0.000700921 -0.0329525 -0.00840951 0.00076048 0.999964 0.359106
0.999935 -0.00705027 0.00897858 -13.6277 0.00705411 0.999975 -0.000396727 -0.0342763 -0.00897555 0.000460037 0.99996 0.344401
0.999932 -0.00726668 0.00914443 -14.0146 0.00727174 0.999973 -0.000520482 -0.0355365 -0.00914041 0.000586942 0.999958 0.340531
0.999939 -0.00772299 0.00787274 -14.4411 0.00773178 0.99997 -0.00108603 -0.0204479 -0.00786411 0.00114683 0.999968 0.37605
0.999944 -0.0073725 0.00764568 -14.8931 0.00738049 0.999972 -0.00101766 -0.02817 -0.00763796 0.00107404 0.99997 0.377572
0.999955 -0.00757948 0.00577582 -15.2733 0.00758464 0.999971 -0.000871988 -0.0282608 -0.00576905 0.000915756 0.999983 0.382856
0.999958 -0.00828283 0.00385734 -15.7342 0.00828825 0.999965 -0.00139149 -0.0256874 -0.00384567 0.0014234 0.999992 0.401804
0.999966 -0.0078225 0.00272786 -16.176 0.00782862 0.999967 -0.00224064 -0.0304719 -0.00271025 0.00226192 0.999994 0.420398
0.999969 -0.00758809 0.00190135 -16.6148 0.00759395 0.999966 -0.00309491 -0.0435229 -0.00187781 0.00310925 0.999993 0.448451
0.999959 -0.00856269 0.00284997 -17.0567 0.00857231 0.999958 -0.00338164 -0.0343982 -0.00282089 0.00340593 0.99999 0.452856
0.999949 -0.00874511 0.00498627 -17.496 0.00876047 0.999957 -0.00306718 -0.040401 -0.00495923 0.0031107 0.999983 0.47638
0.999941 -0.00801008 0.00739972 -17.9465 0.00802445 0.999966 -0.00191479 -0.0471087 -0.00738413 0.00197406 0.999971 0.480393
0.999932 -0.00810299 0.00840644 -18.4265 0.00811613 0.999966 -0.00153029 -0.052584 -0.00839375 0.00159841 0.999963 0.484893
0.999946 -0.0081355 0.00646557 -18.9064 0.00816457 0.999957 -0.0044832 -0.058169 -0.00642881 0.00453575 0.999969 0.489865
0.999958 -0.00809123 0.0042205 -19.3514 0.00812942 0.999925 -0.00911064 -0.0665317 -0.00414647 0.00914457 0.99995 0.535162
0.99996 -0.00792387 0.00412043 -19.8325 0.0079711 0.999901 -0.011575 -0.0841806 -0.0040283 0.0116074 0.999925 0.516504
0.99996 -0.00840516 0.00312258 -20.312 0.00843929 0.999903 -0.0110827 -0.0763198 -0.00302912 0.0111086 0.999934 0.516486
0.999949 -0.00978901 0.00262543 -20.7733 0.00980283 0.999938 -0.00530502 -0.0535044 -0.00257334 0.00533048 0.999982 0.536613
0.999953 -0.00938505 0.00243047 -21.2784 0.00939374 0.999949 -0.0035881 -0.0669166 -0.00239668 0.00361077 0.999991 0.550607
0.999957 -0.0089017 0.0026008 -21.7137 0.0089114 0.999953 -0.00374147 -0.0773983 -0.00256737 0.00376448 0.99999 0.582569
0.99996 -0.00836273 0.00304726 -22.2056 0.00837672 0.999954 -0.00460992 -0.0802129 -0.00300857 0.00463527 0.999985 0.596659
0.999961 -0.00869798 0.00151449 -22.6985 0.00871254 0.999913 -0.00988464 -0.0788025 -0.00142838 0.00989745 0.99995 0.604593
0.999954 -0.00955348 -0.000930217 -23.1579 0.00954568 0.999922 -0.00805719 -0.0895654 0.00100712 0.00804794 0.999967 0.582163
0.999947 -0.0101233 -0.00205457 -23.686 0.0101154 0.999942 -0.00381971 -0.0859779 0.00209312 0.00379872 0.999991 0.58272
0.999904 -0.0118465 -0.00716545 -24.1613 0.0118887 0.999912 0.00587043 -0.0793032 0.00709528 -0.00595506 0.999957 0.617463
0.999862 -0.0140783 -0.00884385 -24.6315 0.0141278 0.999885 0.00555691 -0.0876506 0.0087646 -0.00568108 0.999945 0.681745
0.999842 -0.0166169 -0.00635597 -25.1272 0.0166311 0.999859 0.00218799 -0.114152 0.00631872 -0.00229335 0.999977 0.718211
0.999797 -0.0196247 -0.00445367 -25.5689 0.0196009 0.999794 -0.00531581 -0.146224 0.00455707 0.00522744 0.999976 0.681537
0.999715 -0.0236056 -0.003443 -26.0941 0.0235864 0.999707 -0.00552169 -0.156651 0.00357233 0.00543891 0.999979 0.67684
0.999565 -0.0294092 -0.00238948 -26.5888 0.029412 0.999567 0.00110987 -0.162319 0.00235581 -0.00117966 0.999997 0.710407
0.999395 -0.0346355 0.00305392 -27.0818 0.0346225 0.999392 0.00420201 -0.178469 -0.0031976 -0.00409373 0.999987 0.726282
0.999296 -0.0373996 0.00286892 -27.5636 0.0373922 0.999297 0.00260488 -0.207911 -0.00296433 -0.00249578 0.999992 0.772
0.999098 -0.0423316 0.00334694 -28.0376 0.0423465 0.999093 -0.00453782 -0.250269 -0.00315181 0.00467546 0.999984 0.78757
0.998816 -0.0482472 0.00614973 -28.5755 0.0482935 0.998804 -0.00761266 -0.289063 -0.00577509 0.00790064 0.999952 0.75455
0.998502 -0.0542398 0.00725371 -29.0322 0.0542868 0.998505 -0.00645421 -0.326964 -0.00689278 0.00683832 0.999953 0.773557
0.998204 -0.0595139 0.00691277 -29.5276 0.0595486 0.998213 -0.00492938 -0.356171 -0.00660705 0.00533217 0.999964 0.778213
0.997861 -0.065149 0.0053379 -30.0097 0.0651726 0.997864 -0.00436896 -0.379593 -0.00504187 0.0047075 0.999976 0.799519
0.997504 -0.0706101 0.000627915 -30.5047 0.0706123 0.997492 -0.0048326 -0.425172 -0.00028511 0.00486487 0.999988 0.829229
0.997171 -0.0751656 0.000241747 -30.9996 0.0751646 0.997128 -0.00923635 -0.473614 0.000453203 0.00922839 0.999957 0.856603
0.996812 -0.0797794 0.000823468 -31.4861 0.0797835 0.996743 -0.0117504 -0.516544 0.000116654 0.0117787 0.999931 0.835085
0.996412 -0.0846184 0.00152565 -31.9832 0.0846313 0.996321 -0.0135252 -0.574312 -0.00037555 0.0136058 0.999907 0.860311
0.996014 -0.0891653 0.00238164 -32.4827 0.08919 0.995916 -0.0140027 -0.622659 -0.00112336 0.0141593 0.999899 0.856197
0.995519 -0.0944975 0.00346997 -32.9903 0.0945335 0.995445 -0.0123604 -0.676159 -0.00228614 0.012633 0.999918 0.869963
0.995059 -0.0992057 0.00406027 -33.4773 0.0992335 0.995037 -0.007329 -0.734164 -0.00331304 0.0076957 0.999965 0.869403
0.994624 -0.103455 0.00454123 -33.9648 0.103481 0.994614 -0.00588598 -0.771572 -0.00390784 0.00632427 0.999972 0.884739
0.994153 -0.107842 0.00549635 -34.4792 0.107868 0.994154 -0.0047064 -0.839115 -0.00495668 0.00527176 0.999974 0.912235
0.993825 -0.110779 0.00633117 -34.962 0.11082 0.993819 -0.00660691 -0.910125 -0.00556013 0.00726773 0.999958 0.968188
0.993442 -0.114051 0.00809359 -35.4618 0.114144 0.993389 -0.0122448 -0.962684 -0.00664354 0.0130884 0.999892 0.955151
0.993123 -0.116685 0.00958111 -35.9736 0.1168 0.993077 -0.0124605 -1.02641 -0.00806083 0.0134939 0.999876 0.958663
0.992785 -0.119493 0.00998554 -36.4887 0.119595 0.99277 -0.0102836 -1.0801 -0.00868452 0.0114037 0.999897 0.96821
0.992646 -0.120649 0.00990749 -37.0039 0.120724 0.992659 -0.00733103 -1.15389 -0.00895028 0.00847319 0.999924 1.00134
0.992538 -0.121567 0.00944232 -37.5153 0.121631 0.992554 -0.0065373 -1.20305 -0.00857729 0.007637 0.999934 1.01434
0.992533 -0.121674 0.00863276 -38.0169 0.121733 0.992541 -0.00660002 -1.27338 -0.00776532 0.00760162 0.999941 1.02568
0.992635 -0.121032 0.00530021 -38.5422 0.121071 0.992613 -0.00780014 -1.32982 -0.00431699 0.00838439 0.999956 1.04419
0.992616 -0.121218 0.00442786 -39.0252 0.121252 0.992588 -0.0082297 -1.3824 -0.00339745 0.00870582 0.999956 1.06721
0.99265 -0.120988 0.00295608 -39.5477 0.120996 0.992649 -0.00269379 -1.45039 -0.00260844 0.00303166 0.999992 1.05996
0.992708 -0.120545 -0.000406255 -40.0723 0.120545 0.992708 -0.000336695 -1.4888 0.000443879 0.000285267 1 1.08304
0.992799 -0.119789 -0.000864142 -40.593 0.119789 0.992799 6.47847e-05 -1.54775 0.000850159 -0.000167833 1 1.10781
0.992818 -0.119636 -0.000231917 -41.123 0.119637 0.992817 0.00126214 -1.61097 7.9253e-05 -0.00128082 0.999999 1.13072
0.992927 -0.118728 3.27854e-06 -41.6317 0.118728 0.992926 0.00144438 -1.68288 -0.000174744 -0.00143377 0.999999 1.15178
0.992979 -0.118285 0.00122299 -42.1851 0.118276 0.992964 0.00581641 -1.72247 -0.00190238 -0.00563092 0.999982 1.13906
0.993042 -0.117736 0.00233673 -42.7149 0.117715 0.993018 0.00771231 -1.77996 -0.00322842 -0.00738358 0.999968 1.15759
0.99319 -0.116476 0.00257391 -43.2535 0.116445 0.993147 0.00995963 -1.82918 -0.00371633 -0.00959208 0.999947 1.16325
0.993355 -0.115056 0.00270192 -43.7743 0.115034 0.993335 0.00732176 -1.88322 -0.00352632 -0.0069623 0.99997 1.19411
0.993479 -0.113989 0.00254218 -44.3135 0.113972 0.993465 0.00611024 -1.95837 -0.00322206 -0.00578066 0.999978 1.22086
0.993487 -0.113935 0.00174487 -44.8512 0.113926 0.993479 0.00451107 -2.01621 -0.00224746 -0.0042829 0.999988 1.2423
0.993531 -0.113539 0.00205506 -45.3984 0.113529 0.993524 0.0045637 -2.06748 -0.00255991 -0.00430087 0.999987 1.24917
0.993528 -0.113555 0.00280182 -45.9639 0.113536 0.993515 0.00611643 -2.1392 -0.0034782 -0.00575873 0.999977 1.24352
0.993421 -0.114483 0.00280606 -46.4963 0.114453 0.993387 0.00914916 -2.19842 -0.00383493 -0.00876781 0.999954 1.26735
0.993328 -0.11531 0.00146734 -47.0543 0.115292 0.99329 0.00904317 -2.27213 -0.00250027 -0.00881366 0.999958 1.29602
0.993311 -0.115471 0.000835395 -47.634 0.115459 0.993273 0.00881425 -2.32654 -0.00184756 -0.00865883 0.999961 1.29846
0.993155 -0.1168 0.000908683 -48.1799 0.116793 0.99314 0.00573679 -2.39399 -0.00157251 -0.0055914 0.999983 1.33698
0.993004 -0.118063 0.00217629 -48.7325 0.118056 0.993002 0.0032276 -2.46931 -0.00254212 -0.00294809 0.999992 1.35761
0.992798 -0.119788 0.00175995 -49.3014 0.119784 0.992796 0.00266732 -2.53041 -0.00206678 -0.00243729 0.999995 1.35403
0.992536 -0.12192 0.00285617 -49.88 0.121902 0.992526 0.00556937 -2.59547 -0.00351383 -0.00517962 0.99998 1.32903
0.992276 -0.124052 0.000617889 -50.4452 0.12404 0.992231 0.00957094 -2.66421 -0.00180038 -0.00942037 0.999954 1.34505
0.991975 -0.126405 -0.00265731 -51.0179 0.126427 0.991919 0.0106388 -2.71498 0.00129104 -0.0108894 0.99994 1.40718
0.99171 -0.128476 -0.00208972 -51.577 0.128487 0.991689 0.00661047 -2.80629 0.00122307 -0.00682418 0.999976 1.43936
0.991402 -0.130851 -0.000507552 -52.1635 0.130852 0.991398 0.00278229 -2.88411 0.00013912 -0.00282478 0.999996 1.44707
0.991054 -0.133423 0.00325754 -52.782 0.13342 0.991059 0.00129552 -2.99276 -0.00340127 -0.000849306 0.999994 1.43375
0.990421 -0.137988 0.00504467 -53.3578 0.137978 0.990432 0.00240689 -3.05318 -0.00532853 -0.00168778 0.999984 1.45317
0.98993 -0.141493 0.00435273 -53.9341 0.14148 0.989936 0.00305853 -3.13606 -0.00474168 -0.0024119 0.999986 1.48325
0.989595 -0.143826 0.00407053 -54.5383 0.143824 0.989603 0.000901374 -3.25675 -0.00415785 -0.000306557 0.999991 1.49696
0.989098 -0.147227 0.0029362 -55.1429 0.147236 0.989096 -0.00334344 -3.3445 -0.00241193 0.00373931 0.99999 1.51879
0.988573 -0.150729 0.00179871 -55.725 0.150737 0.988558 -0.00551905 -3.44529 -0.000946248 0.00572712 0.999983 1.53568
0.988078 -0.153951 0.00107022 -56.3404 0.153955 0.988056 -0.00659662 -3.53253 -4.18806e-05 0.00668274 0.999978 1.54038
0.987584 -0.15709 0.000788063 -56.9351 0.157092 0.987568 -0.00568364 -3.61769 0.000114578 0.00573687 0.999984 1.55268
0.987179 -0.1596 0.00219754 -57.5656 0.15961 0.987166 -0.00528336 -3.73678 -0.00132611 0.00556638 0.999984 1.56264
0.986683 -0.162635 0.00269091 -58.154 0.162649 0.986667 -0.00580567 -3.83638 -0.00171083 0.00616602 0.99998 1.58927
0.986185 -0.165576 0.00490471 -58.7647 0.165605 0.986173 -0.00614375 -3.93312 -0.00381963 0.00687112 0.999969 1.61144
0.985656 -0.168698 0.00486452 -59.375 0.16873 0.985637 -0.00710445 -4.03174 -0.00359615 0.00782333 0.999963 1.63485
0.985162 -0.171503 0.00652299 -59.9763 0.171539 0.985162 -0.00552543 -4.15131 -0.00547857 0.00656239 0.999963 1.62914
0.984669 -0.174361 0.00495115 -60.5811 0.174384 0.984667 -0.00462418 -4.2648 -0.00406896 0.00541669 0.999977 1.65232
0.984204 -0.176986 0.00419872 -61.2018 0.177003 0.984202 -0.00413502 -4.37922 -0.00340055 0.00481289 0.999983 1.68952
0.983688 -0.179831 0.0042561 -61.8013 0.179847 0.983688 -0.00358633 -4.48992 -0.00354174 0.00429327 0.999985 1.72247
0.983218 -0.182372 0.00474643 -62.4006 0.182391 0.983218 -0.00398836 -4.60228 -0.00393941 0.00478713 0.999981 1.75538
0.982618 -0.185556 0.00561421 -63.0119 0.185575 0.982625 -0.0030553 -4.72775 -0.00494974 0.00404405 0.99998 1.72557
0.98214 -0.188019 0.00706718 -63.6036 0.188036 0.98216 -0.00188221 -4.83983 -0.00658721 0.00317749 0.999973 1.74529
0.981638 -0.190651 0.00631295 -64.2077 0.190661 0.981656 -0.000905466 -4.9533 -0.00602451 0.00209247 0.99998 1.78728
0.981153 -0.19311 0.00688331 -64.8374 0.193118 0.981175 -0.000538989 -5.06818 -0.00664965 0.00185812 0.999976 1.78306
0.980608 -0.195891 0.00589619 -65.416 0.195898 0.980624 -0.000729895 -5.1894 -0.00563897 0.00187079 0.999982 1.83041
0.980262 -0.197608 0.00612597 -66.0067 0.197617 0.980279 -0.000998702 -5.3104 -0.0058078 0.00218959 0.999981 1.83422
0.980176 -0.198034 0.00616075 -66.5814 0.198046 0.980192 -0.00133321 -5.41944 -0.0057747 0.00252689 0.99998 1.85239
0.980068 -0.198536 0.00709353 -67.1912 0.198551 0.980089 -0.00144477 -5.56065 -0.00666545 0.0028244 0.999974 1.86183
0.980168 -0.198023 0.00762424 -67.7658 0.198033 0.980195 -0.000576214 -5.66486 -0.00735914 0.00207464 0.999971 1.88083
0.980131 -0.198204 0.00769017 -68.382 0.198201 0.980161 0.00115906 -5.77583 -0.00776733 0.000388171 0.99997 1.909
0.980077 -0.198439 0.00842058 -68.9981 0.198418 0.980112 0.00321935 -5.88687 -0.00889195 -0.00148442 0.999959 1.93737
0.980208 -0.197805 0.00811002 -69.5567 0.197785 0.98024 0.00312776 -5.99512 -0.00856846 -0.00146181 0.999962 1.94854
0.980325 -0.197281 0.00662816 -70.1528 0.197269 0.980346 0.00250257 -6.12206 -0.0069916 -0.00114581 0.999975 1.97505
0.980532 -0.196277 0.00562416 -70.7233 0.196278 0.980548 0.000326323 -6.22696 -0.00557881 0.00078393 0.999984 2.02966
0.980593 -0.195992 0.00492542 -71.3268 0.195993 0.980605 0.00031793 -6.3531 -0.00489221 0.000653588 0.999988 2.0449
0.980719 -0.195364 0.00481258 -71.8983 0.195361 0.980731 0.00109017 -6.47088 -0.00493282 -0.000128964 0.999988 2.04611
0.980891 -0.194511 0.00425242 -72.4628 0.194508 0.9809 0.00128647 -6.577 -0.00442144 -0.000434758 0.99999 2.08671
0.981113 -0.193354 0.00557682 -73.0538 0.19335 0.981129 0.00117065 -6.67448 -0.00569793 -7.02613e-05 0.999984 2.08498
0.981442 -0.191689 0.00526655 -73.5975 0.191691 0.981455 0.000231091 -6.80134 -0.00521318 0.000782746 0.999986 2.1227
0.981573 -0.191053 0.003602 -74.1451 0.191059 0.981577 -0.00143285 -6.89949 -0.00326189 0.00209464 0.999992 2.14046
0.981775 -0.19003 0.00265328 -74.6913 0.190035 0.981776 -0.0017583 -6.99661 -0.0022708 0.00223048 0.999995 2.14966
0.98205 -0.188617 0.000877576 -75.2343 0.188618 0.98205 -0.0007063 -7.11195 -0.000728603 0.000859149 0.999999 2.16456
0.982374 -0.186927 -0.000159528 -75.7756 0.186927 0.982374 0.000134725 -7.20159 0.000131533 -0.000162171 1 2.16803
0.98267 -0.185361 -0.00102975 -76.2885 0.185362 0.98267 0.000213214 -7.28977 0.000972382 -0.000400395 0.999999 2.19932
0.982893 -0.184175 -0.00103773 -76.777 0.184175 0.982893 0.000464051 -7.38241 0.000934511 -0.000647237 0.999999 2.20549
0.983114 -0.182987 -0.00168766 -77.2513 0.182988 0.983115 0.000414985 -7.46432 0.00158323 -0.000716799 0.999998 2.24329
0.983361 -0.181656 -0.0015689 -77.7346 0.181657 0.983362 0.000577916 -7.54593 0.00143781 -0.000853302 0.999999 2.23792
0.983473 -0.181039 -0.00234714 -78.1965 0.181046 0.98347 0.00294239 -7.63122 0.00177565 -0.0033187 0.999993 2.24797
0.983579 -0.180465 -0.00217902 -78.6585 0.180474 0.983567 0.00506094 -7.7162 0.00122989 -0.00537109 0.999985 2.2579
0.983746 -0.179543 -0.00290207 -79.1056 0.179558 0.98373 0.00588421 -7.81348 0.00179838 -0.00630965 0.999978 2.29441
0.983894 -0.178737 -0.00252436 -79.5336 0.17875 0.983875 0.00620021 -7.87348 0.00137545 -0.00655158 0.999978 2.28976
0.98394 -0.178483 -0.00249894 -79.9616 0.178494 0.983927 0.00526266 -7.93317 0.00151948 -0.00562418 0.999983 2.28527
0.984122 -0.177467 -0.00312584 -80.3416 0.177483 0.984106 0.00598581 -8.01973 0.00201388 -0.00644555 0.999977 2.30872
0.98426 -0.176706 -0.00275458 -80.7216 0.17672 0.98424 0.00649043 -8.10588 0.00156427 -0.00687506 0.999975 2.33202
0.984384 -0.176012 -0.00298085 -81.1107 0.176029 0.984357 0.00738473 -8.17059 0.00163443 -0.00779412 0.999968 2.33767
0.984451 -0.175616 -0.00385593 -81.4811 0.175644 0.984417 0.00852545 -8.23223 0.00229864 -0.00907016 0.999956 2.34618
0.98456 -0.174982 -0.00484496 -81.8173 0.175022 0.984515 0.00984384 -8.29678 0.00304745 -0.0105398 0.99994 2.35842
0.984631 -0.174558 -0.00563986 -82.1425 0.174604 0.984596 0.00918644 -8.3466 0.00394942 -0.01003 0.999942 2.36889
0.984608 -0.174683 -0.00575066 -82.4631 0.174732 0.98457 0.00955795 -8.3928 0.00399232 -0.0104157 0.999938 2.38954
0.984616 -0.174627 -0.00598136 -82.7544 0.174677 0.984583 0.0091488 -8.42822 0.00429152 -0.0100529 0.99994 2.39444
0.984495 -0.175296 -0.00644616 -83.055 0.175349 0.984467 0.00882713 -8.49639 0.00479866 -0.00982059 0.99994 2.40276
0.984487 -0.175353 -0.00606508 -83.3186 0.175404 0.984452 0.0093446 -8.55043 0.00433218 -0.0102635 0.999938 2.40357
0.98434 -0.176186 -0.00581976 -83.5523 0.176235 0.984304 0.00932679 -8.58548 0.00408516 -0.0102064 0.99994 2.41552
0.984265 -0.176635 -0.00472786 -83.7957 0.176674 0.984223 0.00955216 -8.6331 0.00296602 -0.0102371 0.999943 2.42273
0.984236 -0.176803 -0.0045052 -84.0165 0.176839 0.984194 0.00946208 -8.6728 0.00276107 -0.0101096 0.999945 2.41606
0.984131 -0.177399 -0.0040071 -84.2365 0.17743 0.984085 0.00976107 -8.71315 0.00221172 -0.0103172 0.999944 2.4175
0.983988 -0.178204 -0.00327134 -84.4247 0.178229 0.98393 0.0107469 -8.74543 0.00130363 -0.0111579 0.999937 2.43381
0.983897 -0.178719 -0.00254379 -84.6256 0.178736 0.983838 0.010775 -8.78591 0.000576977 -0.0110562 0.999939 2.44413
0.983817 -0.179162 -0.00209213 -84.804 0.179174 0.98375 0.011492 -8.82115 -8.00394e-07 -0.0116809 0.999932 2.45564
0.983806 -0.179227 -0.00199886 -84.9794 0.179239 0.98373 0.0121959 -8.84888 -0.000219506 -0.0123567 0.999924 2.44036
0.983708 -0.179766 -0.00169321 -85.126 0.179773 0.983628 0.0125751 -8.87121 -0.000595091 -0.0126746 0.999919 2.44311
0.983588 -0.180427 0.00102919 -85.2726 0.180403 0.983524 0.0116397 -8.89366 -0.00311234 -0.011263 0.999932 2.44599
0.983545 -0.180663 0.00095421 -85.3829 0.180638 0.983471 0.0124017 -8.94527 -0.00317898 -0.0120253 0.999923 2.45874
0.983427 -0.181292 0.00237894 -85.525 0.181246 0.983352 0.0129927 -8.97136 -0.00469479 -0.0123462 0.999913 2.46933
0.983352 -0.181684 0.00296139 -85.679 0.181629 0.983274 0.0135062 -8.99238 -0.00536573 -0.0127435 0.999904 2.4737
0.983286 -0.182048 0.00256154 -85.8236 0.181999 0.983209 0.0132663 -9.01591 -0.00493363 -0.0125784 0.999909 2.49562
0.98321 -0.182451 0.00319562 -85.9486 0.182397 0.983143 0.0127061 -9.03679 -0.00545998 -0.0119098 0.999914 2.48106
0.98308 -0.183157 0.0026505 -86.093 0.183111 0.983015 0.0123396 -9.07146 -0.00486555 -0.0116454 0.99992 2.49525
0.982977 -0.183703 0.00288442 -86.2358 0.183657 0.982917 0.0120483 -9.08773 -0.00504846 -0.0113135 0.999923 2.4942
0.98294 -0.183904 0.00283597 -86.391 0.183859 0.982883 0.011714 -9.12731 -0.00494167 -0.0109927 0.999927 2.49995
0.982838 -0.184446 0.00294859 -86.5463 0.184398 0.982778 0.0120303 -9.16691 -0.00511674 -0.0112801 0.999923 2.50567
0.982613 -0.185642 0.0027597 -86.666 0.185598 0.982555 0.0118227 -9.17538 -0.00490635 -0.011105 0.999926 2.50855
0.982456 -0.186463 0.00339956 -86.8102 0.186412 0.982402 0.0117316 -9.19652 -0.00552724 -0.010892 0.999925 2.51718
0.9822 -0.187788 0.00431587 -86.9502 0.187725 0.982148 0.0119861 -9.22389 -0.00648968 -0.0109626 0.999919 2.50651
0.98183 -0.18972 0.00393574 -87.1114 0.189661 0.981774 0.0121545 -9.25972 -0.00616997 -0.0111872 0.999918 2.53302
0.9814 -0.191937 0.00378287 -87.2721 0.19188 0.981344 0.0120721 -9.29771 -0.00602938 -0.0111217 0.99992 2.52676
0.980792 -0.195023 0.00373813 -87.44 0.194962 0.980729 0.0126384 -9.3278 -0.00613087 -0.0116669 0.999913 2.52984
0.980196 -0.197971 0.00473133 -87.6078 0.197899 0.980141 0.0126578 -9.35845 -0.00714325 -0.0114708 0.999909 2.53294
0.97966 -0.200606 0.00479039 -87.7852 0.20053 0.979602 0.0129683 -9.39801 -0.00729419 -0.0117439 0.999904 2.53467
0.979176 -0.202947 0.00513893 -87.9792 0.202866 0.979119 0.0131293 -9.4515 -0.00769617 -0.0118134 0.999901 2.54748
0.978471 -0.206302 0.00586163 -88.1537 0.206215 0.978423 0.0128051 -9.49098 -0.00837687 -0.0113207 0.999901 2.5391
0.977747 -0.209704 0.00597948 -88.3453 0.209618 0.977704 0.0124558 -9.52685 -0.00845819 -0.0109252 0.999905 2.55774
0.977128 -0.212579 0.00565666 -88.5574 0.212504 0.977092 0.011542 -9.5921 -0.00798067 -0.010076 0.999917 2.56606
0.976354 -0.216102 0.0056977 -88.7724 0.216027 0.97632 0.0114593 -9.63723 -0.00803916 -0.00995749 0.999918 2.575
0.975503 -0.219927 0.00502759 -88.9709 0.219859 0.975465 0.0114441 -9.69023 -0.0074211 -0.0100584 0.999922 2.57707
0.974687 -0.223524 0.00473883 -89.1986 0.22346 0.974647 0.0113486 -9.73507 -0.00715539 -0.0100024 0.999924 2.58656
0.973666 -0.227937 0.00437577 -89.4262 0.227876 0.973623 0.0114448 -9.78082 -0.00686905 -0.0101463 0.999925 2.596
0.972869 -0.231323 0.0039546 -89.676 0.231271 0.972831 0.0106202 -9.86808 -0.00630386 -0.0094175 0.999936 2.60488
0.971866 -0.2355 0.00407813 -89.927 0.23545 0.971834 0.0101223 -9.92505 -0.00634707 -0.00887734 0.99994 2.61033
0.970796 -0.23988 0.00344625 -90.2043 0.239823 0.97074 0.0121541 -10.0002 -0.00626094 -0.0109726 0.99992 2.6047
0.969544 -0.244915 0.000595329 -90.4723 0.244874 0.969421 0.0161379 -10.0669 -0.00452954 -0.0155006 0.99987 2.59264
0.968237 -0.250017 -0.00309436 -90.746 0.250031 0.968061 0.0185003 -10.1611 -0.00162985 -0.0186863 0.999824 2.61388
0.966715 -0.255833 -0.00346599 -91.0158 0.255856 0.966639 0.0120828 -10.2415 0.000259194 -0.0125674 0.999921 2.71066
0.965116 -0.261819 -0.00148435 -91.2992 0.261822 0.965113 0.00259409 -10.3244 0.000753382 -0.00289224 0.999996 2.70487
0.963088 -0.269186 0.000910473 -91.6072 0.269187 0.963082 -0.00348632 -10.4463 6.16074e-05 0.00360272 0.999994 2.68482
0.961071 -0.276287 0.00294495 -91.9328 0.276287 0.961075 0.000379396 -10.5351 -0.00293514 0.000449026 0.999996 2.63307
0.959055 -0.283209 0.00231087 -92.2428 0.283182 0.95903 0.00830154 -10.6221 -0.00456726 -0.00730724 0.999963 2.6423
0.956877 -0.290491 0.00140339 -92.5845 0.290449 0.956801 0.0130571 -10.7248 -0.00513574 -0.0120864 0.999914 2.68569
0.954601 -0.297883 0.00171729 -92.9021 0.297842 0.95454 0.0119406 -10.8363 -0.00519611 -0.010887 0.999927 2.72131
0.951679 -0.307068 0.0039565 -93.217 0.307015 0.951647 0.010462 -10.9458 -0.00697775 -0.00874177 0.999937 2.73428
0.949173 -0.314718 0.00480298 -93.5601 0.314688 0.949176 0.00608217 -11.1139 -0.00647305 -0.00426159 0.99997 2.7611
0.946555 -0.322457 0.00737965 -93.9236 0.322468 0.94658 -0.000234266 -11.2343 -0.0069099 0.00260145 0.999973 2.76452
0.943571 -0.331047 0.00906621 -94.2646 0.331086 0.943595 -0.00312398 -11.3827 -0.00752065 0.00594939 0.999954 2.7372
0.93975 -0.341756 0.00850739 -94.6519 0.341777 0.939781 -0.00104106 -11.5143 -0.00763929 0.00388596 0.999963 2.72102
0.936359 -0.351005 0.00526149 -95.0156 0.35099 0.936373 0.00350799 -11.6687 -0.00615804 -0.001438 0.99998 2.72389
0.933031 -0.35977 0.00424955 -95.3969 0.359738 0.933029 0.00677717 -11.8294 -0.00640317 -0.00479459 0.999968 2.77319
0.9294 -0.369045 0.00456938 -95.7666 0.369028 0.929409 0.00424113 -12 -0.00581199 -0.00225548 0.999981 2.82346
0.925463 -0.378765 0.00741206 -96.1545 0.378775 0.925489 0.000140029 -12.1712 -0.00691282 0.00267791 0.999973 2.83955
0.921186 -0.389014 0.00916818 -96.5522 0.389056 0.921208 -0.00329289 -12.3471 -0.00716482 0.0066003 0.999953 2.82882
0.916492 -0.399949 0.0090813 -96.9465 0.39999 0.916514 -0.0032554 -12.5298 -0.00702114 0.00661598 0.999953 2.82787
0.911614 -0.410944 0.00927101 -97.3708 0.410974 0.911646 -0.00150306 -12.7474 -0.0078342 0.00518036 0.999956 2.83725
0.906301 -0.422538 0.00892586 -97.7653 0.422555 0.906337 5.7e-05 -12.9223 -0.00811392 0.00372 0.99996 2.86176
0.901173 -0.433359 0.00927387 -98.174 0.433378 0.901212 3.21153e-06 -13.1495 -0.00835911 0.0040162 0.999957 2.86766
0.895722 -0.444493 0.0103607 -98.5891 0.444525 0.895766 -0.000878341 -13.3766 -0.00889037 0.00539235 0.999946 2.88495
0.889865 -0.456092 0.0110075 -99.0003 0.456134 0.88991 -0.00155891 -13.6085 -0.0090847 0.00640813 0.999938 2.91232
0.883677 -0.467961 0.0113211 -99.4369 0.468009 0.883721 -0.00191987 -13.858 -0.0091063 0.00699494 0.999934 2.9277
0.877097 -0.480182 0.0112248 -99.8529 0.480222 0.877147 -0.000950183 -14.1095 -0.00938951 0.00622378 0.999937 2.92609
0.870222 -0.49255 0.0104083 -100.29 0.492572 0.870271 0.000462969 -14.3816 -0.00928609 0.00472396 0.999946 2.94402
0.862719 -0.505585 0.0100341 -100.692 0.505603 0.862766 0.000837755 -14.6497 -0.00908064 0.00435053 0.999949 2.96022
0.855175 -0.518251 0.00954259 -101.148 0.518267 0.855219 0.00095492 -14.9283 -0.00865589 0.00412898 0.999954 2.96715
0.84754 -0.53066 0.00869156 -101.571 0.53068 0.847572 -1.09084e-05 -15.2277 -0.00736094 0.00462168 0.999962 2.98486
0.839116 -0.543903 0.0073254 -102.006 0.543923 0.839134 -0.000918479 -15.5119 -0.00564743 0.00475517 0.999973 2.99521
0.830663 -0.556742 0.00614477 -102.435 0.556759 0.830673 -0.00134436 -15.8338 -0.00435583 0.00453787 0.99998 3.01069
0.821691 -0.569907 0.00553843 -102.877 0.569923 0.821696 -0.00180361 -16.1435 -0.00352302 0.00463848 0.999983 3.02474
0.812745 -0.582604 0.00437943 -103.3 0.582611 0.812751 -0.000505442 -16.5006 -0.00326492 0.0029623 0.99999 3.04316
0.803192 -0.595708 0.00368007 -103.75 0.595713 0.803198 -0.000107481 -16.8417 -0.0028918 0.0022786 0.999993 3.07099
0.793559 -0.608475 0.0047644 -104.162 0.608486 0.793564 -0.00121657 -17.1778 -0.00304061 0.00386449 0.999988 3.07511
0.783851 -0.620929 0.00489037 -104.606 0.620944 0.783851 -0.00234851 -17.5468 -0.00237507 0.00487753 0.999985 3.10719
0.774231 -0.632888 0.0044683 -105.039 0.632902 0.774224 -0.00346595 -17.9348 -0.00126591 0.00551145 0.999984 3.09199
0.764654 -0.644432 0.00346555 -105.468 0.644441 0.764646 -0.0035418 -18.3087 -0.000367473 0.0049416 0.999988 3.10647
0.755703 -0.654907 0.00304495 -105.878 0.654915 0.755695 -0.00350708 -18.6837 -4.2357e-06 0.00464449 0.999989 3.1171
0.748134 -0.663542 0.00279187 -106.33 0.663547 0.748131 -0.00230357 -19.1102 -0.000560165 0.00357592 0.999993 3.12473
0.740678 -0.671856 0.00237519 -106.746 0.671859 0.740678 -0.000981476 -19.4849 -0.00109984 0.00232275 0.999997 3.16669
0.734251 -0.67887 0.00318664 -107.199 0.678875 0.734254 -0.000466816 -19.9095 -0.0020229 0.00250609 0.999995 3.17488
0.727887 -0.685688 0.00336578 -107.648 0.685695 0.727887 -0.0015135 -20.3384 -0.00141212 0.00340955 0.999993 3.18361
0.722072 -0.691812 0.00281243 -108.066 0.691815 0.722075 2.04114e-05 -20.7689 -0.0020449 0.00193094 0.999996 3.18769
0.716568 -0.697516 0.00156923 -108.529 0.697516 0.716569 0.000333682 -21.1994 -0.00135721 0.000855459 0.999999 3.19961
0.711837 -0.702341 0.00216573 -108.977 0.702342 0.711839 0.00047286 -21.6526 -0.00187376 0.00118449 0.999998 3.21847
0.708245 -0.705956 0.00393263 -109.407 0.705955 0.708254 0.00169736 -22.1145 -0.00398356 0.00157411 0.999991 3.24647
0.704735 -0.709419 0.00854126 -109.858 0.709414 0.70478 0.00414334 -22.5788 -0.00895907 0.00313933 0.999955 3.25867
0.702186 -0.711915 0.0105279 -110.315 0.711914 0.702252 0.00456769 -23.0091 -0.010645 0.00428757 0.999934 3.28484
0.700279 -0.713759 0.0125281 -110.764 0.713762 0.70037 0.00501544 -23.4977 -0.0123541 0.00542987 0.999909 3.30984
0.699011 -0.714965 0.0143999 -111.212 0.714991 0.699121 0.00422615 -23.9498 -0.0130888 0.00734165 0.999887 3.30965
0.699569 -0.714448 0.0129286 -111.676 0.714466 0.699659 0.00399903 -24.441 -0.0119027 0.00643943 0.999908 3.33536
