1 0 0 0 0 1 0 0 -0 0 1 0
1 -0.000661442 0.000180578 -0.00359451 0.000661448 1 -3.28383e-05 -0.0117111 -0.000180556 3.29578e-05 1 0.00485171
1 -0.000528753 0.000250942 -0.00244989 0.000528738 1 5.81847e-05 -0.0151358 -0.000250973 -5.8052e-05 1 0.0059391
1 -0.000601016 0.000187232 -0.00131011 0.000601007 1 5.04852e-05 -0.0185433 -0.000187262 -5.03727e-05 1 0.0070034
1 -0.000435724 0.000207738 -0.00209326 0.000435716 1 3.76544e-05 -0.0123422 -0.000207754 -3.75639e-05 1 0.00430231
1 -0.000786696 0.000356867 -0.00288196 0.0007867 1 -1.20836e-05 -0.0061732 -0.000356857 1.23644e-05 1 0.00160402
1 -0.000588603 0.000302251 -0.00466217 0.000588579 1 8.0256e-05 -0.0104895 -0.000302298 -8.00781e-05 1 0.00309454
1 -0.000834036 0.00031925 -0.00643575 0.000834043 1 -2.19459e-05 -0.0147966 -0.000319232 2.22121e-05 1 0.00457911
1 -0.000454127 0.00021575 -0.00819401 0.000454132 1 -2.34055e-05 -0.0190506 -0.000215739 2.35035e-05 1 0.00604761
1 -0.000562806 0.000314118 -0.00387326 0.000562802 1 1.29023e-05 -0.00593451 -0.000314125 -1.27255e-05 1 0.00181846
1 -0.000573365 0.000269051 -0.00276286 0.000573357 1 2.72844e-05 -0.011108 -0.000269066 -2.71301e-05 1 0.00343818
1 -0.000613057 0.000167287 -0.00167108 0.000613057 1 -1.78893e-06 -0.0162536 -0.000167286 1.89148e-06 1 0.0050482
1 -0.000620801 0.000214773 -0.00478834 0.000620801 1 -2.76442e-07 -0.00977281 -0.000214773 4.09773e-07 1 0.00166341
1 -0.000613473 0.000298623 -0.00788208 0.000613482 1 -3.27142e-05 -0.0033394 -0.000298603 3.28974e-05 1 -0.0016843
1 -0.000622887 0.000219272 -0.00167429 0.000622883 1 1.7761e-05 -0.00628701 -0.000219283 -1.76244e-05 1 0.00167456
1 -0.000515426 0.000270471 0.0045012 0.000515435 1 -3.16418e-05 -0.00924827 -0.000270454 3.17812e-05 1 0.00501891
1 -0.000551129 0.000243387 -0.00151407 0.000551133 1 -1.41129e-05 -0.00849611 -0.000243379 1.4247e-05 1 0.00159239
1 -0.000544316 0.000213309 -0.00752525 0.000544296 1 9.21256e-05 -0.00774444 -0.000213359 -9.20095e-05 1 -0.00182248
1 -0.000509068 0.000232048 -0.00132504 0.000509067 1 3.05524e-06 -0.0119941 -0.00023205 -2.93712e-06 1 0.00212746
1 -0.000435274 0.000296427 0.00485301 0.000435259 1 4.95072e-05 -0.0162371 -0.000296448 -4.93782e-05 1 0.00606682
1 -0.000550797 0.000176972 -0.000114341 0.000550799 1 -1.0319e-05 -0.00718225 -0.000176967 1.04164e-05 1 0.00374091
1 -0.000496124 0.000435643 -0.00507815 0.000496149 1 -5.87121e-05 0.00176358 -0.000435613 5.89282e-05 1 0.00140972
1 -0.000562047 0.000312078 -0.0045053 0.000562061 1 -4.58506e-05 -0.00767576 -0.000312052 4.6026e-05 1 0.00162638
1 -0.000519774 0.000278316 -0.00362543 0.000519775 1 -3.94438e-06 -0.0129808 -0.000278314 4.08904e-06 1 0.00213946
1 -0.000531346 0.000269814 -0.00274715 0.000531347 1 -3.45057e-06 -0.0182708 -0.000269812 3.59393e-06 1 0.00265163
1 -0.000533692 0.000234398 -0.00654605 0.000533695 1 -1.12495e-05 -0.0140932 -0.000234392 1.13745e-05 1 0.00165102
1 -0.000617738 0.000383263 -0.0103245 0.000617734 1 9.39772e-06 -0.00988563 -0.000383269 -9.16096e-06 1 0.000665771
1 -0.0006485 0.000272915 -0.00396909 0.000648494 1 2.23828e-05 -0.0101065 -0.00027293 -2.22058e-05 1 0.00189559
1 -0.000566227 0.000202029 0.00237462 0.000566221 1 3.02889e-05 -0.0103286 -0.000202046 -3.01745e-05 1 0.00312092
1 -0.000526526 0.000273741 -0.000514065 0.000526535 1 -3.08992e-05 -0.00763463 -0.000273725 3.10433e-05 1 0.000956051
1 -0.000558535 0.000228057 -0.00339049 0.000558521 1 6.06661e-05 -0.00491398 -0.000228091 -6.05387e-05 1 -0.00119632
1 -0.00056357 0.000320591 -0.00210723 0.000563574 1 -1.2718e-05 -0.00732348 -0.000320584 1.28987e-05 1 0.00382185
1 -0.00059281 0.00026226 -0.00572504 0.000592813 1 -1.10957e-05 -0.00591683 -0.000262253 1.12512e-05 1 0.00244624
1 -0.000468135 0.000315388 -0.00929932 0.000468129 1 1.8283e-05 -0.00452811 -0.000315396 -1.81353e-05 1 0.00107567
1 -0.000572225 0.000315759 -0.00238075 0.000572229 1 -1.27629e-05 0.00242434 -0.000315752 1.29436e-05 1 0.00326609
1 -0.000320854 0.000178585 0.00450018 0.000320859 1 -2.89206e-05 0.00932333 -0.000178576 2.89779e-05 1 0.00542576
1 -0.000523675 0.000399334 -0.00138696 0.000523659 1 3.91486e-05 -0.00509896 -0.000399355 -3.89394e-05 1 0.00236537
1 -0.000555194 0.00021488 -0.00664282 0.000555203 1 -4.41508e-05 -0.00567943 -0.000214855 4.42701e-05 1 0.00418854
1 -0.000697361 0.000463971 -0.0118696 0.000697334 1 5.84649e-05 -0.00622983 -0.000464012 -5.81414e-05 1 0.00599307
1 -0.000612128 0.000232255 -0.00243863 0.000612123 1 2.28222e-05 -0.00209266 -0.000232269 -2.268e-05 1 0.00525974
1 -0.000444038 0.000424309 0.00697834 0.000444029 1 2.09292e-05 0.0020134 -0.000424319 -2.07407e-05 1 0.00452607
1 -0.000528566 0.000298344 -0.0034144 0.000528551 1 5.16638e-05 -0.00590832 -0.000298371 -5.15061e-05 1 0.00192234
1 -0.000598603 0.00019939 -0.0042635 0.000598611 1 -4.39257e-05 -0.00257651 -0.000199364 4.4045e-05 1 0.00479705
1 -0.000554909 0.000378833 -0.00509342 0.000554852 1 0.000150563 0.000743153 -0.000378917 -0.000150353 1 0.0076656
1 -0.000632236 0.000212375 -0.00316724 0.000632238 1 -9.45157e-06 -0.00314849 -0.000212369 9.58584e-06 1 0.00226984
1 -0.000279644 0.000483036 -0.00124536 0.000279644 1 1.48298e-07 -0.00703976 -0.000483036 -1.32192e-08 1 -0.00310165
1 -0.000576559 0.000216815 -0.00394582 0.000576553 1 2.69195e-05 -0.00791811 -0.000216831 -2.67945e-05 1 0.00239559
1 -0.000555521 0.000187491 0.00533727 0.00055551 1 5.80433e-05 -0.00739883 -0.000187523 -5.79392e-05 1 0.00303783
1 -0.00056437 0.000417282 0.0146561 0.000564372 1 -4.66092e-06 -0.00688409 -0.000417279 4.89642e-06 1 0.00368664
1 -0.000422429 0.000560313 0.035555 0.000422407 1 3.86832e-05 -0.0212972 -0.000560329 -3.84465e-05 1 0.00492292
1 -0.000682304 0.00069307 0.0256489 0.000682325 1 -2.94719e-05 -0.020024 -0.00069305 2.99448e-05 1 0.00509761
0.999999 -0.000470805 0.00090085 0.0157544 0.000470689 1 0.000130021 -0.018746 -0.000900911 -0.000129597 1 0.0052953
0.999999 -0.000574702 0.000886695 0.00782691 0.000574661 1 4.6802e-05 -0.0180331 -0.000886722 -4.62924e-05 1 0.00534938
0.999999 -0.000502106 0.000927815 -0.00145409 0.000502169 1 -6.76462e-05 -0.0324201 -0.000927781 6.81121e-05 1 0.00813127
0.999999 -0.000843259 0.00120144 -0.0472963 0.000843291 1 -2.60282e-05 -0.0387878 -0.00120142 2.70413e-05 0.999999 0.00713924
0.999998 -0.00082302 0.00183986 -0.0778226 0.000823153 1 -7.14877e-05 -0.0444501 -0.0018398 7.3002e-05 0.999998 0.0094774
0.999996 -0.000979932 0.00254148 -0.134531 0.000980338 1 -0.000158397 -0.0308931 -0.00254133 0.000160887 0.999997 0.0106052
0.999993 -0.00121449 0.00363587 -0.20094 0.0012155 0.999999 -0.000274474 -0.0387477 -0.00363554 0.000278892 0.999993 0.0146994
0.999992 -0.00144964 0.00361433 -0.279016 0.00145077 0.999999 -0.000309095 -0.0398662 -0.00361387 0.000314336 0.999993 0.0156177
0.999993 -0.000888654 0.00358034 -0.357113 0.000889604 1 -0.000263567 -0.041016 -0.00358011 0.00026675 0.999994 0.0165212
0.99999 -0.00107766 0.00432159 -0.437688 0.00107896 0.999999 -0.000297786 -0.029677 -0.00432127 0.000302446 0.999991 0.01885
0.999988 -0.00133254 0.00481038 -0.543635 0.00133378 0.999999 -0.000253785 -0.0333417 -0.00481004 0.000260198 0.999988 0.0252655
0.999983 -0.00195352 0.00550826 -0.654178 0.00195313 0.999998 7.48312e-05 -0.0277625 -0.0055084 -6.40715e-05 0.999985 0.0231738
0.999983 -0.00126149 0.0056891 -0.764209 0.0012614 0.999999 1.99251e-05 -0.0434542 -0.00568912 -1.27486e-05 0.999984 0.0227131
0.999985 -0.00150035 0.00525711 -0.875968 0.00150235 0.999999 -0.000376775 -0.0224211 -0.00525654 0.000384668 0.999986 0.0286271
0.999989 -0.00139498 0.00446484 -1.00486 0.00140063 0.999998 -0.00126138 -0.0223426 -0.00446307 0.00126762 0.999989 0.0338087
0.999988 -0.00189781 0.00450244 -1.16186 0.00190668 0.999996 -0.00196839 -0.0350281 -0.00449869 0.00197695 0.999988 0.040604
0.999988 -0.00155577 0.00459822 -1.31892 0.00156735 0.999996 -0.00251626 -0.0477871 -0.00459428 0.00252344 0.999986 0.047362
0.999987 -0.00168461 0.00483322 -1.5232 0.00170513 0.99999 -0.0042449 -0.0328924 -0.00482602 0.00425309 0.999979 0.0466782
0.999984 -0.0020825 0.00525826 -1.69609 0.00210485 0.999989 -0.00424911 -0.0559848 -0.00524935 0.00426011 0.999977 0.0468831
0.999983 -0.00180067 0.0055579 -1.92132 0.00183409 0.99998 -0.00601294 -0.0410317 -0.00554696 0.00602303 0.999966 0.0502695
0.999987 -0.00134014 0.00500784 -2.12551 0.0013758 0.999974 -0.00712445 -0.0477446 -0.00499816 0.00713124 0.999962 0.0558978
0.999986 -0.00155611 0.00504477 -2.3566 0.00159371 0.999971 -0.00745729 -0.044124 -0.00503302 0.00746522 0.999959 0.0579947
0.999989 -0.0015889 0.00449667 -2.5877 0.00162201 0.999972 -0.00736954 -0.0405982 -0.00448483 0.00737675 0.999963 0.0601397
0.999979 -0.00169477 0.0063131 -2.85189 0.00173905 0.999974 -0.00701571 -0.0381138 -0.00630105 0.00702654 0.999955 0.0725157
0.99995 -0.00133922 0.00995919 -3.13231 0.00140013 0.99998 -0.00611168 -0.0286046 -0.00995081 0.00612532 0.999932 0.0765804
0.999898 -0.00151053 0.0142109 -3.42504 0.00155729 0.999993 -0.00327986 -0.0417902 -0.0142058 0.00330166 0.999894 0.0763178
0.999832 -0.00148744 0.0182677 -3.71779 0.00148237 0.999999 0.000291144 -0.0549717 -0.0182681 -0.000264015 0.999833 0.0773828
0.999768 -0.000583193 0.0215397 -4.00736 0.000545798 0.999998 0.00174192 -0.037472 -0.0215407 -0.00172976 0.999766 0.100591
0.999712 -0.000212729 0.0239789 -4.33079 7.72679e-05 0.999984 0.00564996 -0.0201457 -0.0239797 -0.00564648 0.999696 0.103196
0.999683 -0.000926584 0.0251686 -4.65298 0.000698434 0.999959 0.00907213 -0.0163138 -0.0251759 -0.00905167 0.999642 0.116959
0.999713 -2.40271e-05 0.0239546 -5.02479 -0.0002214 0.999948 0.0102428 -0.00461114 -0.0239536 -0.0102452 0.999661 0.136072
0.999752 0.000223185 0.0222662 -5.38946 -0.000453225 0.999947 0.0103269 -0.0109641 -0.0222627 -0.0103344 0.999699 0.1573
0.999835 0.000938725 0.0181201 -5.75133 -0.00107399 0.999972 0.00745667 0.00346831 -0.0181126 -0.0074749 0.999808 0.166856
0.999961 0.00159275 0.00865157 -6.17286 -0.00162858 0.99999 0.00413587 -0.0203128 -0.0086449 -0.0041498 0.999954 0.165232
0.99999 0.00105505 -0.00436279 -6.56219 -0.00104939 0.999999 0.00130039 -0.0140469 0.00436416 -0.0012958 0.99999 0.151279
0.999875 0.00121924 -0.0157916 -6.97785 -0.00118278 0.999997 0.00231772 0.00283942 0.0157944 -0.00229875 0.999873 0.139016
0.999785 0.000695181 -0.020721 -7.41482 -0.000566646 0.999981 0.00620836 0.0273085 0.0207249 -0.00619528 0.999766 0.138845
0.999758 0.00128523 -0.0219625 -7.81839 -0.0010488 0.999941 0.0107732 0.0163825 0.0219751 -0.0107476 0.999701 0.165183
0.999774 0.00174869 -0.0211876 -8.27305 -0.00154371 0.999952 0.00968735 0.0455577 0.0212035 -0.00965245 0.999729 0.208006
0.99983 0.00200801 -0.0183307 -8.72955 -0.00191769 0.999986 0.00494326 0.0246403 0.0183403 -0.00490726 0.99982 0.23657
0.999921 0.00286522 -0.0122206 -9.16589 -0.00287619 0.999995 -0.000879616 -0.0104373 0.012218 0.000914695 0.999925 0.230958
0.99999 0.00284179 -0.00336626 -9.64907 -0.00285634 0.999987 -0.00432743 0.000379919 0.00335392 0.00433701 0.999985 0.194936
0.999993 0.0037257 0.000314526 -10.154 -0.00372436 0.999984 -0.00414912 0.00782504 -0.00032998 0.00414791 0.999991 0.187338
0.999991 0.00415044 0.0005481 -10.626 -0.00414919 0.999989 -0.00225436 0.0315021 -0.00055745 0.00225207 0.999997 0.179404
0.999989 0.00458599 -0.000783379 -11.148 -0.00458766 0.999987 -0.00215293 0.0526089 0.000773496 0.0021565 0.999997 0.196639
0.999981 0.00568031 -0.0024604 -11.6897 -0.00568662 0.999981 -0.00256519 0.0311268 0.00244578 0.00257914 0.999994 0.22193
0.999981 0.00582594 -0.00203566 -12.1886 -0.00583471 0.999974 -0.00433176 0.0503986 0.00201037 0.00434356 0.999989 0.23254
0.99998 0.0063332 -0.000912264 -12.7456 -0.00633725 0.99997 -0.00450118 0.0406725 0.00088373 0.00450687 0.999989 0.252202
0.999979 0.00652202 0.000489202 -13.2919 -0.00651997 0.99997 -0.00408016 0.0696557 -0.000515798 0.00407688 0.999992 0.230162
0.999972 0.00750523 0.000411057 -13.8322 -0.00750375 0.999966 -0.00349934 0.0348639 -0.000437307 0.00349616 0.999994 0.245991
0.999968 0.00794506 -0.000138336 -14.4078 -0.00794551 0.999962 -0.00363259 0.0707739 0.000109469 0.00363357 0.999993 0.25621
0.999963 0.00854199 -0.00136017 -14.9556 -0.0085465 0.999958 -0.00334143 0.0990859 0.00133157 0.00335293 0.999993 0.259715
0.999956 0.00922156 -0.00183266 -15.5273 -0.00922387 0.999957 -0.00125653 0.0888608 0.001821 0.00127338 0.999998 0.252959
0.999945 0.00995814 -0.00343237 -16.1071 -0.00994912 0.999947 0.00263457 0.0969547 0.00345842 -0.00260028 0.999991 0.273585
0.999922 0.0112678 -0.00547411 -16.7157 -0.011245 0.999928 0.004171 0.0919068 0.00552071 -0.00410911 0.999976 0.288832
0.999899 0.0123307 -0.00699615 -17.2858 -0.01231 0.99992 0.00298954 0.0946298 0.00703245 -0.00290312 0.999971 0.316594
0.999894 0.0133988 -0.00566106 -17.8816 -0.0134027 0.99991 -0.000652956 0.125186 0.0056518 0.000728761 0.999984 0.330677
0.999885 0.0144252 -0.0045833 -18.4692 -0.0144447 0.999887 -0.00424468 0.132095 0.00452155 0.00431039 0.99998 0.339768
0.999882 0.0150379 -0.00310052 -19.0532 -0.0150493 0.99988 -0.00367228 0.132713 0.00304492 0.00371851 0.999988 0.335047
0.999875 0.0155587 -0.00266174 -19.6093 -0.0155586 0.999879 7.35289e-05 0.164818 0.00266257 -3.21068e-05 0.999996 0.315896
0.999845 0.0169818 -0.00473444 -20.2132 -0.0169623 0.999848 0.00412446 0.171646 0.00480376 -0.00404351 0.99998 0.344223
0.999803 0.019091 -0.00537648 -20.8172 -0.0190789 0.999815 0.00230067 0.179424 0.00541941 -0.00219764 0.999983 0.371382
0.999773 0.0203892 -0.0061712 -21.3989 -0.0203893 0.999792 5.27117e-05 0.212738 0.00617099 7.31264e-05 0.999981 0.415017
0.999759 0.0215748 -0.00403125 -22.0231 -0.0215891 0.999761 -0.0035465 0.209914 0.00395377 0.00363267 0.999986 0.425022
0.999736 0.0229432 -0.00114297 -22.5972 -0.0229496 0.999719 -0.00592089 0.231426 0.00100681 0.00594556 0.999982 0.422406
0.999716 0.0237907 0.00168685 -23.177 -0.0237819 0.999704 -0.0050604 0.24124 -0.00180674 0.00501884 0.999986 0.42981
0.999696 0.0244876 0.00271332 -23.7948 -0.0244766 0.999692 -0.00402087 0.278684 -0.00281095 0.00395324 0.999988 0.438201
0.999649 0.0264768 0.000463729 -24.3646 -0.0264743 0.999639 -0.00466134 0.288699 -0.000586979 0.00464742 0.999989 0.462128
0.999617 0.0275212 -0.00275409 -24.9834 -0.0275365 0.999605 -0.00567317 0.29221 0.00259687 0.00574684 0.99998 0.470442
0.999528 0.0299848 -0.00675326 -25.5732 -0.0300313 0.999525 -0.00689755 0.319755 0.00654323 0.0070971 0.999953 0.477358
0.999431 0.0318985 -0.0109574 -26.1629 -0.0319839 0.999459 -0.00770431 0.348724 0.0107057 0.00805039 0.99991 0.482008
0.999339 0.0339984 -0.0129064 -26.7516 -0.0341014 0.999388 -0.00784441 0.383796 0.0126318 0.00827935 0.999886 0.503147
0.999296 0.0354571 -0.012256 -27.3452 -0.0355483 0.999341 -0.00730696 0.387997 0.0119889 0.0077375 0.999898 0.51769
0.999269 0.0372717 -0.00847304 -27.928 -0.0373398 0.99927 -0.00802176 0.408223 0.00816787 0.00833228 0.999932 0.526534
0.999188 0.0399924 -0.00488724 -28.5228 -0.0400335 0.999161 -0.00860547 0.447272 0.00453899 0.00879413 0.999951 0.540371
0.999168 0.04078 -0.000880154 -29.0885 -0.0407866 0.999122 -0.00961865 0.464426 0.000487133 0.00964654 0.999953 0.565365
0.999088 0.0426478 0.00201762 -29.6636 -0.0426261 0.999043 -0.00980352 0.489835 -0.00243379 0.00970858 0.99995 0.571852
0.99897 0.0452836 0.00295053 -30.2567 -0.0452508 0.998922 -0.010361 0.500232 -0.00341653 0.0102168 0.999942 0.569407
0.998913 0.0465998 0.000971886 -30.8177 -0.0465872 0.99886 -0.0104259 0.524571 -0.00145662 0.0103693 0.999945 0.585513
0.998851 0.0478996 -0.00160341 -31.4046 -0.0479143 0.998791 -0.0109543 0.555566 0.00107676 0.0110185 0.999939 0.590022
0.998717 0.050515 -0.00360822 -32.0165 -0.050554 0.998653 -0.0116852 0.612886 0.00301308 0.0118526 0.999925 0.607046
0.998627 0.0521513 -0.00500682 -32.5728 -0.0522045 0.998574 -0.01116 0.643426 0.00441767 0.011406 0.999925 0.614647
0.998536 0.0537534 -0.00607359 -33.1621 -0.0538122 0.998501 -0.00997666 0.679718 0.00552821 0.0102889 0.999932 0.62376
0.998417 0.0558091 -0.00698695 -33.7207 -0.055867 0.998403 -0.00837839 0.712928 0.0065082 0.00875547 0.99994 0.619479
0.998321 0.0574153 -0.00766603 -34.2848 -0.0574701 0.998322 -0.00713054 0.762461 0.00724376 0.00755914 0.999945 0.64358
0.998198 0.0596087 -0.0068452 -34.8497 -0.0596604 0.99819 -0.00762245 0.806702 0.00637844 0.00801711 0.999948 0.659355
0.998085 0.0617293 -0.004099 -35.4166 -0.0617652 0.998047 -0.00929921 0.827833 0.00351696 0.00953457 0.999948 0.667226
0.998009 0.063053 -0.00174442 -35.9725 -0.063069 0.997942 -0.0115516 0.86761 0.00101247 0.0116386 0.999932 0.702924
0.997898 0.0647137 0.0034521 -36.5077 -0.0646652 0.997826 -0.0126814 0.905888 -0.00426525 0.0124315 0.999914 0.691104
0.997744 0.0668194 0.00644363 -37.0899 -0.0667474 0.997711 -0.0108119 0.934051 -0.00715133 0.0103574 0.999921 0.698939
0.997694 0.0676537 0.00549437 -37.6329 -0.067615 0.997687 -0.00693713 0.997032 -0.00595098 0.00654963 0.999961 0.711271
0.997526 0.0702041 0.00369208 -38.2118 -0.0701796 0.997514 -0.00637948 1.05938 -0.00413077 0.00610459 0.999973 0.760067
0.997371 0.072407 0.00293178 -38.7664 -0.0723789 0.997339 -0.00877031 1.0791 -0.00355901 0.00853505 0.999957 0.78267
0.997197 0.0747681 0.00285104 -39.3253 -0.0747342 0.997147 -0.0105817 1.11717 -0.00363408 0.010339 0.99994 0.789292
0.997018 0.0770538 0.00423049 -39.8897 -0.0770093 0.996982 -0.0098259 1.19131 -0.00497484 0.00947081 0.999943 0.788348
0.996814 0.0793539 0.00804872 -40.4084 -0.0792779 0.996809 -0.0093542 1.20434 -0.00876532 0.00868631 0.999924 0.802325
0.996641 0.0811864 0.0107874 -40.9769 -0.0810927 0.996667 -0.00885406 1.24641 -0.0114703 0.00794953 0.999903 0.824085
0.996448 0.0834728 0.0111605 -41.5484 -0.0833581 0.996466 -0.0103741 1.32109 -0.011987 0.00940689 0.999884 0.871063
0.996259 0.0857924 0.0103466 -42.0974 -0.0856822 0.996265 -0.0106691 1.37444 -0.0112233 0.00974263 0.99989 0.862433
0.996134 0.0876396 0.00604584 -42.6746 -0.0875882 0.996122 -0.00830323 1.44196 -0.00675009 0.00774159 0.999947 0.871337
0.995951 0.0898907 0.00101539 -43.2298 -0.0898823 0.995931 -0.00651916 1.48288 -0.00159727 0.0064015 0.999978 0.889608
0.995639 0.0931732 -0.00466065 -43.7849 -0.0931994 0.995631 -0.00577224 1.52515 0.00410247 0.00618144 0.999972 0.904993
0.995484 0.094534 -0.00865815 -44.3471 -0.0945928 0.995494 -0.00664526 1.61944 0.00799093 0.00743425 0.99994 0.931353
0.995227 0.0970355 -0.0103345 -44.9376 -0.0971169 0.995243 -0.00768727 1.65506 0.00953942 0.00865424 0.999917 0.920462
0.995091 0.0986763 -0.00756705 -45.5051 -0.0987267 0.995093 -0.00660253 1.7413 0.00687841 0.00731719 0.99995 0.928477
0.994915 0.100623 -0.00448209 -46.056 -0.100642 0.994914 -0.00415265 1.79669 0.00404145 0.00458262 0.999981 0.921483
0.994802 0.101792 -0.0025706 -46.6364 -0.1018 0.994799 -0.00340186 1.84282 0.00221095 0.00364586 0.999991 0.943732
0.994711 0.102706 -0.00116781 -47.2189 -0.10271 0.994704 -0.00378918 1.92248 0.000772451 0.00388909 0.999992 0.987754
0.994539 0.104358 -0.00157821 -47.7918 -0.104364 0.99453 -0.00432527 1.98836 0.0011182 0.00446636 0.999989 0.979987
0.994441 0.105274 -0.00227173 -48.3971 -0.105286 0.994425 -0.00583089 2.04181 0.00164522 0.00603766 0.99998 0.993873
0.994282 0.106766 -0.00214961 -48.9785 -0.106779 0.994257 -0.00710701 2.10456 0.00137848 0.00729591 0.999972 1.00263
0.994086 0.10856 -0.00277816 -49.5598 -0.108576 0.994067 -0.00651621 2.16821 0.00205428 0.00677931 0.999975 1.01156
0.994053 0.108826 -0.0039303 -50.141 -0.108845 0.994045 -0.00522366 2.23297 0.00333843 0.00562039 0.999979 1.02008
0.993819 0.110907 -0.00479313 -50.7289 -0.110929 0.993817 -0.00476132 2.31672 0.00423543 0.0052636 0.999977 1.036
0.99366 0.112316 -0.00489508 -51.3083 -0.112337 0.993661 -0.00435496 2.37652 0.00437492 0.00487726 0.999979 1.04715
0.993483 0.113854 -0.00531986 -51.9331 -0.113872 0.99349 -0.00335779 2.4592 0.00490293 0.00394169 0.99998 1.0691
0.993298 0.11551 -0.00416881 -52.5578 -0.115524 0.993299 -0.00325665 2.54283 0.0037647 0.00371642 0.999986 1.09072
0.993144 0.116859 -0.00295194 -53.1137 -0.116866 0.993145 -0.00236805 2.57512 0.00265497 0.00269679 0.999993 1.0935
0.993023 0.117901 -0.00197226 -53.7111 -0.117906 0.993022 -0.00242537 2.67704 0.00167254 0.00264099 0.999995 1.10858
0.992821 0.119596 -0.00192075 -54.3206 -0.1196 0.992821 -0.00183678 2.75828 0.00168728 0.00205332 0.999996 1.13217
0.992748 0.120195 -0.00215226 -54.9645 -0.120197 0.99275 -0.000466553 2.82907 0.00208058 0.000721864 0.999998 1.11298
0.992592 0.121425 -0.00422549 -55.5912 -0.121425 0.992601 0.000339229 2.93352 0.00423541 0.000176363 0.999991 1.14059
0.992423 0.122766 -0.00492684 -56.1952 -0.122773 0.992434 -0.00113829 2.9871 0.00474982 0.00173455 0.999987 1.17314
0.992337 0.123508 -0.00366274 -56.8483 -0.123513 0.992342 -0.00119963 3.08197 0.00348652 0.00164283 0.999993 1.16914
0.992384 0.123138 -0.0033126 -57.5012 -0.123138 0.99239 0.00011324 3.17726 0.00330134 0.00029553 0.999995 1.16597
0.992347 0.123412 -0.00423041 -58.0711 -0.123416 0.992355 -0.000795803 3.23575 0.00409985 0.00131181 0.999991 1.211
0.992414 0.122868 -0.00426975 -58.7285 -0.122877 0.99242 -0.00188854 3.32692 0.00400535 0.00239887 0.999989 1.21124
0.992459 0.122519 -0.00386226 -59.4055 -0.122528 0.992463 -0.00206667 3.38476 0.00357995 0.00252432 0.99999 1.16787
0.992481 0.122346 -0.00363813 -60.0239 -0.122356 0.992483 -0.00261936 3.48541 0.00329031 0.00304481 0.99999 1.2156
0.992576 0.121619 -0.000978236 -60.7137 -0.121622 0.992571 -0.00320345 3.56755 0.000581368 0.00329864 0.999994 1.22533
0.992647 0.121044 0.000558774 -61.3582 -0.121041 0.992638 -0.00437511 3.64543 -0.00108424 0.00427531 0.99999 1.23405
0.992668 0.120869 0.000787302 -62.0465 -0.120866 0.992664 -0.00314112 3.71424 -0.00116119 0.00302293 0.999995 1.21905
0.992751 0.120192 -0.000117899 -62.6999 -0.120192 0.992747 -0.00285514 3.82565 -0.000226121 0.00284861 0.999996 1.23431
0.992789 0.119877 -0.000265488 -63.3646 -0.119878 0.992786 -0.00226899 3.90116 -8.42799e-06 0.00228446 0.999997 1.26636
0.992785 0.119904 7.60935e-06 -64.0337 -0.119903 0.99278 -0.00335751 3.98494 -0.000410133 0.00333238 0.999994 1.29224
0.992789 0.119871 0.00103122 -64.6918 -0.119865 0.992778 -0.00485164 4.03262 -0.00160534 0.00469305 0.999988 1.29456
0.992883 0.119082 0.00155727 -65.4237 -0.119072 0.992871 -0.00544675 4.15903 -0.00219478 0.00522256 0.999984 1.29782
0.992856 0.119318 0.000111844 -66.1216 -0.119316 0.992846 -0.00459957 4.22176 -0.000659856 0.00455337 0.999989 1.32192
0.992856 0.119311 -0.00122927 -66.8195 -0.119316 0.992844 -0.00489911 4.28476 0.000635955 0.00501078 0.999987 1.34494
0.992893 0.119 -0.00162025 -67.5281 -0.119007 0.992881 -0.00492562 4.39915 0.00102257 0.00508343 0.999987 1.35039
0.992917 0.118807 -0.000910551 -68.2202 -0.118811 0.992898 -0.00610453 4.51034 0.000178823 0.00616947 0.999981 1.37379
0.992891 0.119017 0.00158525 -68.9086 -0.119003 0.992868 -0.00717562 4.58352 -0.00242797 0.00693596 0.999973 1.38026
0.992739 0.120289 0.000276139 -69.5971 -0.120286 0.992727 -0.00501788 4.65679 -0.000877725 0.00494822 0.999987 1.38851
0.992785 0.119896 0.00193955 -70.3309 -0.119884 0.992773 -0.00552084 4.70793 -0.00258746 0.00524848 0.999983 1.39064
0.992808 0.119716 0.000563523 -71.048 -0.119711 0.992792 -0.00577845 4.82073 -0.00125124 0.00566943 0.999983 1.44164
0.992805 0.119727 0.00209632 -71.7973 -0.119713 0.992791 -0.00586664 4.9111 -0.0027836 0.00557347 0.999981 1.42947
0.992729 0.120333 0.00287121 -72.4858 -0.12032 0.992726 -0.00431271 5.00689 -0.00336929 0.00393589 0.999987 1.4552
0.992788 0.119827 0.00360658 -73.2575 -0.119818 0.992792 -0.00259018 5.11882 -0.00389096 0.00213937 0.99999 1.47819
0.992853 0.119312 0.00271206 -73.9755 -0.119309 0.992856 -0.00133393 5.2258 -0.00285184 0.00100082 0.999995 1.5015
0.99276 0.120109 0.00150093 -74.7168 -0.120108 0.99276 -0.000829749 5.27911 -0.00158973 0.000643467 0.999999 1.5189
0.992929 0.118706 0.000439197 -75.4634 -0.118706 0.992929 0.000284423 5.38599 -0.000402328 -0.000334548 1 1.52005
0.992996 0.118147 0.000457587 -76.2095 -0.118147 0.992996 0.00104317 5.47924 -0.000331135 -0.00108992 0.999999 1.55951
0.993176 0.116618 0.000928008 -76.9626 -0.11662 0.993176 0.0013932 5.56241 -0.000759203 -0.00149192 0.999999 1.58279
0.993314 0.11542 0.0021368 -77.7159 -0.115423 0.993316 0.00127833 5.64445 -0.00197497 -0.00151642 0.999997 1.60638
0.993469 0.114061 0.00295143 -78.4527 -0.114063 0.993473 0.000305386 5.73763 -0.00289733 -0.00064004 0.999996 1.61661
0.993581 0.113063 0.00364593 -79.2194 -0.113066 0.993587 0.000713896 5.80074 -0.00354183 -0.00112155 0.999993 1.61628
0.993779 0.111348 0.00218435 -80.003 -0.111349 0.993781 3.89215e-05 5.9108 -0.00216643 -0.000281903 0.999998 1.65493
0.993914 0.110158 0.000666084 -80.7787 -0.110158 0.993914 7.89058e-06 6.01927 -0.000661161 -8.12173e-05 1 1.66581
0.994073 0.108716 -0.000315198 -81.524 -0.108716 0.994073 -0.000565667 6.08829 0.000251833 0.000596581 1 1.67686
0.994167 0.107847 -0.00113122 -82.298 -0.107846 0.994168 0.000406531 6.1592 0.00116847 -0.000282161 0.999999 1.68758
0.994367 0.105968 -0.00224973 -83.0605 -0.105964 0.994369 0.00168194 6.2525 0.00241529 -0.00143408 0.999996 1.71017
0.994489 0.104802 -0.00282304 -83.8164 -0.104799 0.994493 0.00125843 6.32114 0.00293938 -0.000955642 0.999995 1.74229
0.994605 0.103687 -0.00309811 -84.5993 -0.103686 0.99461 0.000305602 6.40734 0.0031131 1.72773e-05 0.999995 1.76205
0.994722 0.102574 -0.0024994 -85.3823 -0.102575 0.994725 -1.32825e-06 6.49268 0.00248608 0.000257696 0.999997 1.78159
0.994858 0.101264 -0.00156386 -86.1347 -0.101264 0.994859 0.000569116 6.55133 0.00161345 -0.000407828 0.999999 1.7713
0.99493 0.100556 -0.0017945 -86.8922 -0.100555 0.994931 0.000834888 6.64238 0.00186935 -0.00065021 0.999998 1.79873
0.99506 0.0992426 -0.00238107 -87.6598 -0.09924 0.995063 0.00117587 6.71781 0.00248601 -0.000933765 0.999996 1.80492
0.995145 0.0983987 -0.00197751 -88.446 -0.0983965 0.995147 0.00116858 6.78062 0.00208289 -0.000968326 0.999997 1.81122
0.995288 0.0969464 -0.00164237 -89.1988 -0.0969447 0.995289 0.00106679 6.87099 0.00173805 -0.00090254 0.999998 1.83637
0.995375 0.0960629 0.000560173 -89.9519 -0.0960634 0.995375 0.00082493 6.96025 -0.000478337 -0.000874927 1 1.86175
0.99541 0.0956964 0.00107166 -90.6815 -0.0956979 0.995409 0.00149347 7.01795 -0.000923822 -0.00158917 0.999998 1.87279
0.995372 0.0960903 0.00134877 -91.4236 -0.0960911 0.995372 0.000511329 7.07587 -0.0012934 -0.000638568 0.999999 1.90613
0.995326 0.0965684 0.00041831 -92.1952 -0.0965683 0.995326 -0.000378514 7.15837 -0.000452907 0.000336349 1 1.9251
0.99535 0.0963238 -0.000542493 -92.9667 -0.0963244 0.995349 -0.00136116 7.24118 0.000408857 0.00140709 0.999999 1.94338
0.995272 0.0971018 -0.00224811 -93.6714 -0.0971059 0.995272 -0.00182872 7.30443 0.00205991 0.00203838 0.999996 1.95209
0.995276 0.0970403 -0.002911 -94.4253 -0.0970478 0.995276 -0.00254011 7.39142 0.00265076 0.00281062 0.999993 1.9814
0.995242 0.0974048 -0.00231844 -95.1681 -0.097411 0.995241 -0.00271315 7.44365 0.00204313 0.00292609 0.999994 1.99232
0.995146 0.098367 -0.00276794 -95.8925 -0.0983758 0.995144 -0.00326576 7.49704 0.00243325 0.00352221 0.999991 2.00049
0.995166 0.098177 -0.00237156 -96.6304 -0.098187 0.995158 -0.00456247 7.58329 0.00191214 0.00477327 0.999987 2.03008
0.995153 0.0983216 -0.00168593 -97.3683 -0.0983292 0.99514 -0.00530369 7.66931 0.00115627 0.00544376 0.999985 2.05999
0.995109 0.0987834 -0.000813437 -98.0869 -0.0987865 0.995089 -0.00633063 7.75969 0.000184081 0.00638002 0.99998 2.06431
0.99503 0.0995797 9.85372e-05 -98.7857 -0.0995771 0.99501 -0.00631784 7.80908 -0.000727174 0.00627663 0.99998 2.08571
0.995045 0.0994272 0.000132755 -99.5176 -0.0994239 0.995021 -0.0070034 7.87229 -0.000828423 0.0069555 0.999975 2.11935
0.995013 0.0997395 0.000904993 -100.222 -0.0997256 0.994965 -0.00993508 7.97217 -0.00189136 0.00979528 0.99995 2.13615
0.995004 0.0998368 2.52256e-05 -100.947 -0.0998312 0.99495 -0.0104062 8.03218 -0.00106402 0.0103517 0.999946 2.1624
0.995008 0.0997912 -0.000208956 -101.655 -0.0997841 0.994908 -0.0141559 8.08669 -0.00120474 0.0141061 0.9999 2.19875
0.994943 0.100188 0.0070676 -102.353 -0.100071 0.994862 -0.0153119 8.13905 -0.00856536 0.0145272 0.999858 2.21299
0.994828 0.0998238 0.0187591 -103.039 -0.0995791 0.994937 -0.0135569 8.22754 -0.0200174 0.0116188 0.999732 2.2201
0.994713 0.0990365 0.0271805 -103.754 -0.098853 0.99507 -0.00801462 8.29854 -0.0278402 0.00528536 0.999598 2.21017
0.994731 0.0995066 0.0246669 -104.444 -0.0994478 0.995036 -0.00360035 8.38144 -0.0249028 0.0011283 0.999689 2.28017
0.994975 0.0993837 0.0121203 -105.155 -0.0993559 0.995048 -0.00287168 8.43328 -0.0123457 0.00165303 0.999922 2.30111
0.99496 0.0998289 -0.00940563 -105.848 -0.0998662 0.994994 -0.00358432 8.51004 0.00900073 0.00450556 0.999949 2.29678
0.994548 0.0996111 -0.0308563 -106.572 -0.0997108 0.995015 -0.00170548 8.60474 0.0305326 0.00477288 0.999522 2.28701
0.994343 0.0992168 -0.0379269 -107.289 -0.0992576 0.995061 0.000810135 8.67481 0.0378199 0.00295898 0.99928 2.29015
0.994679 0.099375 -0.027162 -107.969 -0.0994089 0.995047 0.000101793 8.74949 0.0270376 0.0025989 0.999631 2.32772
0.995006 0.0996828 -0.00505269 -108.665 -0.0997022 0.99501 -0.00374543 8.78645 0.00465412 0.00423049 0.99998 2.36881
0.994943 0.0991794 0.0158548 -109.338 -0.0990596 0.995048 -0.00817327 8.87813 -0.0165869 0.00656137 0.999841 2.36593
0.994771 0.0993647 0.0236007 -110.019 -0.0991924 0.995033 -0.00836925 8.92723 -0.0243151 0.00598448 0.999686 2.35178
0.995011 0.0987121 0.0144558 -110.698 -0.0986528 0.995111 -0.00476167 9.01967 -0.0148552 0.00331181 0.999884 2.37343
0.995101 0.0988288 0.00249952 -111.41 -0.0988206 0.9951 -0.00321293 9.07452 -0.00280481 0.00295019 0.999992 2.41855
0.995053 0.099232 -0.00474409 -112.131 -0.0992443 0.99506 -0.00241791 9.18542 0.00448072 0.00287678 0.999986 2.43415
0.995057 0.0990139 -0.00757231 -112.849 -0.0990214 0.995085 -0.000622287 9.24607 0.00747348 0.00136903 0.999971 2.44679
0.99507 0.0990776 -0.00436653 -113.567 -0.0990902 0.995075 -0.00278866 9.30662 0.00406873 0.00320759 0.999987 2.45743
0.995052 0.0993331 -0.00199022 -114.235 -0.0993417 0.995042 -0.00482663 9.35798 0.00150091 0.00500047 0.999986 2.4843
0.995064 0.0991988 0.00285374 -114.928 -0.0991825 0.995055 -0.00538104 9.43684 -0.00337342 0.00507144 0.999981 2.46827
0.995122 0.0985201 0.00503994 -115.619 -0.0985114 0.995134 -0.0019489 9.4972 -0.00520742 0.0014429 0.999985 2.47516
0.995094 0.0989007 0.00254006 -116.349 -0.0989046 0.995096 0.00147063 9.59643 -0.00238216 -0.00171464 0.999996 2.49744
0.995062 0.0992318 -0.00209735 -117.082 -0.0992264 0.995062 0.00254253 9.67161 0.0023393 -0.00232186 0.999995 2.53609
0.99503 0.099517 -0.00354026 -117.794 -0.0995161 0.995036 0.000417854 9.75739 0.00356427 -6.34644e-05 0.999994 2.5635
0.995009 0.099766 0.00194442 -118.485 -0.0997661 0.995011 -4.9027e-05 9.82872 -0.00193961 -0.000145205 0.999998 2.56505
0.995044 0.0990599 0.00860449 -119.231 -0.0990835 0.995076 0.00236457 9.90578 -0.00832789 -0.00320542 0.99996 2.56762
0.995018 0.0989427 0.0122563 -119.905 -0.0989952 0.995081 0.00375105 9.9493 -0.0118249 -0.00494568 0.999918 2.59683
0.995012 0.0991093 0.0113426 -120.648 -0.0991591 0.995064 0.00390849 10.0142 -0.0108992 -0.00501371 0.999928 2.61727
0.995074 0.0989369 0.00624786 -121.37 -0.0989608 0.995085 0.00364457 10.0978 -0.00585656 -0.00424491 0.999974 2.6377
0.995133 0.0985209 0.00191855 -122.115 -0.0985285 0.995124 0.00442605 10.1841 -0.00147314 -0.00459354 0.999988 2.65542
0.995196 0.0978977 0.00102909 -122.852 -0.0979014 0.995186 0.00448668 10.2629 -0.000584896 -0.00456588 0.999989 2.67934
0.995217 0.0976625 0.00214678 -123.568 -0.0976677 0.995216 0.00250294 10.3189 -0.00189207 -0.00270064 0.999995 2.70584
0.995276 0.0969958 0.00415046 -124.316 -0.0969965 0.995285 -1.3773e-05 10.3949 -0.00413223 -0.000388873 0.999991 2.70455
0.995386 0.0958243 0.0048991 -125.054 -0.0958292 0.995397 0.000778947 10.4753 -0.00480191 -0.00124483 0.999988 2.70701
0.995508 0.0946361 0.0029178 -125.806 -0.0946424 0.995509 0.00211719 10.5468 -0.00270434 -0.00238382 0.999994 2.73596
0.99569 0.0927465 0.000683376 -126.574 -0.0927479 0.995686 0.00256722 10.6077 -0.000442327 -0.00261954 0.999996 2.76659
0.995909 0.0903655 -0.000110141 -127.332 -0.0903652 0.995907 0.00163941 10.6867 0.000257836 -0.00162275 0.999999 2.7836
0.996115 0.088058 5.76344e-05 -128.086 -0.088058 0.996115 0.000489751 10.7685 -1.4284e-05 -0.000492924 1 2.81226
0.996336 0.0855158 0.0011643 -128.826 -0.0855164 0.996337 0.00041828 10.8228 -0.00112426 -0.000516314 0.999999 2.82221
0.996549 0.0829795 0.00218151 -129.593 -0.082977 0.996551 -0.00124883 10.8889 -0.00227761 0.00106351 0.999997 2.86089
0.996698 0.0811367 0.00321923 -130.309 -0.0811304 0.996701 -0.00204253 10.9366 -0.00337433 0.00177461 0.999993 2.87881
0.996909 0.0785164 0.00279148 -131.062 -0.0785136 0.996912 -0.0011175 11.0135 -0.0028706 0.000894879 0.999995 2.8921
0.99707 0.0764781 0.00128682 -131.772 -0.0764773 0.997071 -0.000694503 11.0538 -0.00133616 0.000594056 0.999999 2.91541
0.997258 0.0740003 2.75297e-05 -132.512 -0.0740003 0.997258 0.000347399 11.106 -1.74659e-06 -0.000348484 1 2.91889
0.997385 0.0722644 -0.000465161 -133.257 -0.0722639 0.997385 0.000874453 11.1535 0.000527136 -0.000838552 1 2.94145
0.997538 0.0701238 0.000494443 -134.002 -0.0701239 0.997538 0.000212888 11.226 -0.000478297 -0.000247037 1 2.96827
0.997724 0.0673739 0.00282876 -134.718 -0.0673748 0.997728 0.000253147 11.2654 -0.00280527 -0.000443158 0.999996 2.97361
0.997838 0.0655916 0.00411333 -135.431 -0.0655951 0.997846 0.000737285 11.309 -0.00405611 -0.00100551 0.999991 2.99397
0.998045 0.062383 0.0038515 -136.152 -0.0623886 0.998051 0.00136493 11.3418 -0.00375885 -0.00160256 0.999992 3.00939
0.998147 0.0608384 0.00147527 -136.905 -0.0608407 0.998146 0.00161977 11.3987 -0.001374 -0.00170652 0.999998 3.02736
0.998273 0.0587034 -0.00201509 -137.581 -0.0587002 0.998274 0.00158538 11.4346 0.00210468 -0.00146436 0.999997 3.06046
0.998449 0.0556068 -0.00279419 -138.313 -0.0556037 0.998452 0.00117372 11.4897 0.00285513 -0.00101653 0.999995 3.09031
0.998528 0.054245 -0.000131234 -139.016 -0.0542448 0.998526 0.00158254 11.5263 0.000216885 -0.00157309 0.999999 3.08966
0.998613 0.0524989 0.00389676 -139.71 -0.0524982 0.998621 -0.00027152 11.5597 -0.00390564 6.65708e-05 0.999992 3.14672
0.998552 0.0505767 0.0183398 -140.387 -0.050535 0.998719 -0.00273179 11.5703 -0.0184544 0.00180103 0.999828 3.16545
0.99829 0.0494203 0.0312101 -141.107 -0.0493808 0.998778 -0.00203601 11.6086 -0.0312726 0.000491349 0.999511 3.18319
0.998198 0.0480689 0.0359127 -141.79 -0.0481083 0.998842 0.000233841 11.6478 -0.0358599 -0.00196112 0.999355 3.20114
0.998518 0.0475465 0.0264777 -142.502 -0.0476214 0.998863 0.00220285 11.6653 -0.0263429 -0.00346049 0.999647 3.22309
0.998928 0.0462948 -0.000137902 -143.272 -0.0462939 0.99892 0.00405658 11.7185 0.000325551 -0.00404585 0.999992 3.24671
0.998614 0.0442773 -0.0284626 -143.97 -0.0442545 0.999019 0.00143078 11.7625 0.0284981 -0.000169198 0.999594 3.24675
0.998103 0.0436855 -0.0433822 -144.718 -0.0436611 0.999045 0.00151055 11.802 0.0434067 0.00038643 0.999057 3.23482
0.998468 0.0427819 -0.0351032 -145.417 -0.0427608 0.999084 0.00135097 11.8199 0.0351289 0.000152146 0.999383 3.27905
0.999053 0.0425066 -0.00925798 -146.129 -0.0424822 0.999093 0.00282127 11.8339 0.00936951 -0.0024253 0.999953 3.31696
0.998973 0.0422061 0.0164896 -146.817 -0.0422777 0.999098 0.00401742 11.8863 -0.0163051 -0.00471044 0.999856 3.33186
0.998828 0.0403885 0.0266543 -147.545 -0.0405327 0.999166 0.00489076 11.9205 -0.0264346 -0.00596541 0.999633 3.31115
0.999037 0.041238 0.0149772 -148.306 -0.0413172 0.999133 0.00501796 11.9386 -0.0147573 -0.00563194 0.999875 3.33065
0.999153 0.0411358 0.000383214 -149.051 -0.0411372 0.999141 0.00494969 11.9776 -0.000179276 -0.00496126 0.999988 3.36048
0.999096 0.041927 -0.00696868 -149.824 -0.0418911 0.999109 0.00521319 12.0102 0.00718104 -0.00491656 0.999962 3.36906
0.999117 0.0416333 -0.00571508 -150.544 -0.0415914 0.999108 0.00727107 12.0468 0.0060127 -0.00702695 0.999957 3.37875
0.999136 0.041564 0.000290657 -151.282 -0.0415649 0.999095 0.00901079 12.0943 8.41307e-05 -0.00901508 0.999959 3.40964
0.999066 0.0426277 0.00702721 -152.104 -0.0426933 0.999043 0.00946839 12.1395 -0.00661687 -0.00975957 0.99993 3.43148
0.999025 0.0431538 0.00936029 -152.832 -0.0432322 0.99903 0.00834541 12.1725 -0.00899107 -0.00874194 0.999921 3.44554
0.999018 0.0434636 0.00857616 -153.611 -0.0435276 0.999025 0.00741219 12.2011 -0.00824564 -0.00777821 0.999936 3.47224
0.99902 0.043812 0.00625182 -154.387 -0.0438459 0.999024 0.00539298 12.2431 -0.00600944 -0.00566181 0.999966 3.48717
0.999027 0.0439342 0.00374759 -155.157 -0.0439474 0.999028 0.00351574 12.2707 -0.00358948 -0.00367702 0.999987 3.51571
0.999 0.0446662 0.00212438 -155.91 -0.0446713 0.998999 0.00239571 12.2972 -0.00201525 -0.00248822 0.999995 3.52798
0.999013 0.0444173 0.00098179 -156.734 -0.0444191 0.999011 0.00195289 12.3468 -0.000894078 -0.00199457 0.999998 3.55065
0.998966 0.0454614 0.000192372 -157.508 -0.0454616 0.998965 0.0016499 12.3751 -0.000117166 -0.00165694 0.999999 3.55485
0.998978 0.0452051 -0.000599624 -158.279 -0.0452053 0.998978 -0.000268812 12.4143 0.000586859 0.000295643 1 3.57306
0.99893 0.046227 -0.00119517 -159.067 -0.0462277 0.998931 -0.000556837 12.453 0.00116815 0.000611491 0.999999 3.59446
0.998856 0.0478257 -0.000426701 -159.901 -0.0478258 0.998856 -0.000287307 12.4881 0.000412472 0.000307385 1 3.61428
0.998804 0.0488959 -7.06756e-05 -160.663 -0.048896 0.998804 -9.86807e-05 12.5418 6.5766e-05 0.000102018 1 3.63757
0.998785 0.049277 0.00106313 -161.468 -0.0492766 0.998785 -0.000349201 12.5923 -0.00107904 0.00029639 0.999999 3.65377
0.998697 0.0509992 0.00185262 -162.258 -0.051001 0.998698 0.000949585 12.6129 -0.00180178 -0.00104283 0.999998 3.67143
0.998653 0.0517902 0.0031038 -163.015 -0.0517962 0.998656 0.00185773 12.6585 -0.00300342 -0.00201599 0.999993 3.68716
0.998596 0.0528253 0.00396256 -163.839 -0.0528366 0.998599 0.00278981 12.698 -0.00380964 -0.00299527 0.999988 3.70854
0.998521 0.0541033 0.00532269 -164.636 -0.054125 0.998526 0.0040344 12.7315 -0.00509657 -0.00431652 0.999978 3.73718
0.998441 0.0554049 0.00679098 -165.462 -0.0554364 0.998452 0.00452972 12.7894 -0.0065295 -0.00489913 0.999967 3.75756
0.998346 0.056998 0.00751005 -166.265 -0.057024 0.998367 0.00329008 12.8534 -0.00731026 -0.00371289 0.999966 3.79004
0.998176 0.0599834 0.00680927 -167.077 -0.0599992 0.998196 0.00214221 12.8944 -0.00666849 -0.00254686 0.999975 3.81676
0.998002 0.0629278 0.00562568 -167.911 -0.0629399 0.998015 0.00200056 12.9651 -0.00548862 -0.00235064 0.999982 3.82709
0.997787 0.0663413 0.00451885 -168.738 -0.0663532 0.997793 0.00254865 13.0172 -0.0043398 -0.00284285 0.999987 3.84735
0.997551 0.0698179 0.00417032 -169.538 -0.0698291 0.997556 0.00261041 13.0716 -0.00397788 -0.00289523 0.999988 3.87744
0.997316 0.0729949 0.005772 -170.339 -0.0730121 0.997327 0.00283019 13.1288 -0.00554999 -0.00324402 0.999979 3.90716
0.99702 0.0768937 0.00614469 -171.174 -0.0769116 0.997034 0.00274045 13.2092 -0.00591574 -0.00320488 0.999977 3.92359
0.996718 0.0806745 0.00668926 -172.011 -0.0806925 0.996736 0.00246773 13.274 -0.00646834 -0.0029994 0.999975 3.93154
0.996463 0.0839226 0.0043383 -172.834 -0.0839346 0.996468 0.00264569 13.3575 -0.00410094 -0.00300047 0.999987 3.96547
0.996284 0.0860588 0.00352896 -173.658 -0.0860695 0.996285 0.00301427 13.4619 -0.00325644 -0.00330681 0.999989 3.96713
0.995929 0.0900923 0.00285681 -174.465 -0.0901032 0.995925 0.00395941 13.5176 -0.00248846 -0.0042007 0.999988 3.98712
0.995682 0.0927575 0.00360405 -175.313 -0.0927756 0.995673 0.00523361 13.6177 -0.003103 -0.00554538 0.99998 4.01204
0.995504 0.0946148 0.00438183 -176.114 -0.0946415 0.995491 0.00632676 13.6807 -0.00376346 -0.00671302 0.99997 4.04013
0.995336 0.0963528 0.00468175 -176.924 -0.096385 0.995318 0.00722981 13.7568 -0.00396321 -0.00764734 0.999963 4.05323
0.995273 0.0970261 0.00410691 -177.737 -0.0970569 0.995246 0.00813545 13.8606 -0.00329803 -0.0084956 0.999958 4.06978
