1 0 0 0 0 1 0 0 -0 0 1 0
0.999999 -0.00117698 0.000161588 -3.38661e-05 0.00117693 0.999999 0.000303866 5.4763e-06 -0.000161945 -0.000303675 1 4.55694e-05
1 -0.000733279 -3.66372e-05 -0.00587523 0.000733285 1 0.000166745 -0.00503513 3.65149e-05 -0.000166772 1 0.00639644
1 -0.000821089 -6.98539e-05 -0.0116956 0.000821107 1 0.000255194 -0.0100673 6.96443e-05 -0.000255251 1 0.0127327
1 -0.000813453 3.54936e-05 -0.0112112 0.000813446 1 0.000204311 -0.00569686 -3.56598e-05 -0.000204282 1 0.00795651
1 -0.00090344 0.000113867 -0.010719 0.000903415 1 0.000220601 -0.00134834 -0.000114066 -0.000220498 1 0.00319263
1 -0.000764322 -8.72899e-05 -0.000137457 0.000764339 1 0.000203667 -0.00872603 8.71342e-05 -0.000203733 1 0.00918765
1 -0.000816113 -7.79403e-05 -0.00573681 0.000816128 1 0.000196852 -0.00723821 7.77796e-05 -0.000196916 1 0.00642121
1 -0.000829463 1.59217e-05 -0.00666941 0.00082946 1 0.000228457 -0.00311101 -1.61112e-05 -0.000228444 1 0.00659149
1 -0.000700127 -0.000114561 -0.00757395 0.00070014 1 0.000111288 0.000994106 0.000114483 -0.000111368 1 0.00677514
1 -0.00055256 -3.08246e-05 -0.00702727 0.000552566 1 0.000183901 -0.00796833 3.07229e-05 -0.000183918 1 0.00781083
1 -0.000778627 1.23247e-06 -0.00647244 0.000778627 1 0.000310083 -0.0169188 -1.47391e-06 -0.000310082 1 0.00884164
1 -0.000651516 -1.93505e-05 -0.0046646 0.000651521 1 0.000240994 -0.0108702 1.91935e-05 -0.000241007 1 0.00868545
1 -0.0009807 -7.05127e-05 -0.00286116 0.000980713 1 0.000189542 -0.00482583 7.03268e-05 -0.000189611 1 0.00852717
1 -0.000323456 3.2398e-05 -0.00106442 0.000323449 1 0.000230682 0.0011949 -3.24726e-05 -0.000230672 1 0.00836253
1 -0.000664965 -6.27638e-05 -0.00208357 0.000664981 1 0.000242919 -0.00989455 6.26023e-05 -0.000242961 1 0.00948144
1 -0.000541567 0.000111412 -0.00309977 0.000541537 1 0.000265798 -0.0209332 -0.000111556 -0.000265738 1 0.0105874
1 -0.000859032 9.20509e-05 -0.0055203 0.000859014 1 0.000195115 -0.00355104 -9.22184e-05 -0.000195036 1 0.00543878
1 -0.000655234 -6.20814e-05 0.00507641 0.000655247 1 0.000217336 -0.00622284 6.1939e-05 -0.000217376 1 0.00840423
1 -0.000672274 2.82726e-05 -0.0096874 0.000672268 1 0.000190377 -0.0125779 -2.84006e-05 -0.000190358 1 0.00900388
1 -0.000749884 2.53012e-05 -0.00609099 0.000749879 1 0.000223668 -0.00971235 -2.54689e-05 -0.000223649 1 0.00656673
1 -0.000712531 0.000142042 -0.00253828 0.000712494 1 0.000260846 -0.00676079 -0.000142228 -0.000260745 1 0.00419068
1 -0.000780876 2.25685e-05 -0.00581127 0.000780871 1 0.000238457 -0.00606118 -2.27547e-05 -0.00023844 1 0.00641402
1 -0.000577833 -5.06499e-05 -0.00432322 0.000577842 1 0.000174695 -0.0128813 5.0549e-05 -0.000174724 1 0.00821837
1 -0.000605938 0.000115249 -0.00717626 0.00060591 1 0.000239653 -0.00435288 -0.000115395 -0.000239583 1 0.00673962
1 -0.000760809 -1.10768e-05 -0.00653375 0.000760812 1 0.000238702 0.00235673 1.08952e-05 -0.00023871 1 0.00738177
1 -0.000806213 8.00433e-05 -0.00632814 0.000806196 1 0.000217664 -0.00862317 -8.02188e-05 -0.000217599 1 0.00534755
1 -0.000546673 -6.07994e-05 -0.00198905 0.000546687 1 0.000235285 -0.0136725 6.06708e-05 -0.000235318 1 0.00827263
1 -0.000623874 9.53295e-05 -0.00594405 0.000623853 1 0.00022241 -0.0140041 -9.54683e-05 -0.00022235 1 0.00577487
1 -0.000697899 8.60906e-05 -0.00258896 0.000697881 1 0.000201795 -0.00259696 -8.62314e-05 -0.000201734 1 0.00581795
1 -0.000743489 7.37755e-05 -0.00660641 0.000743469 1 0.000272213 -0.00564107 -7.39779e-05 -0.000272158 1 0.00718036
1 -0.00076683 -3.00247e-05 -0.0106135 0.000766839 1 0.000301698 -0.00867542 2.97933e-05 -0.000301721 1 0.00853699
1 -0.000478229 8.90325e-05 -0.0145888 0.000478216 1 0.000151794 -0.0116933 -8.91051e-05 -0.000151752 1 0.00988605
1 -0.000658045 3.28851e-05 -0.00263412 0.000658037 1 0.000269887 -0.00934409 -3.30627e-05 -0.000269865 1 0.0076238
1 -0.000641185 2.5237e-05 0.00163229 0.00064118 1 0.000207799 -0.00907387 -2.53702e-05 -0.000207783 1 0.00736723
1 -0.000674143 1.08893e-05 0.00577507 0.00067414 1 0.000258877 -0.0087631 -1.10638e-05 -0.00025887 1 0.00712681
1 -0.000636648 3.51742e-05 -0.00649618 0.000636641 1 0.00020012 -0.00372593 -3.53016e-05 -0.000200097 1 0.00803965
1 -0.000749174 0.000157857 -0.00583136 0.000749134 1 0.0002548 -0.00578822 -0.000158048 -0.000254681 1 0.00413838
1 -0.000670894 7.87506e-05 0.0063966 0.000670877 1 0.000205646 -0.00650666 -7.88885e-05 -0.000205593 1 0.00513015
1 -0.000643377 -1.28617e-05 -0.00519094 0.000643379 1 0.00018288 -0.00949058 1.2744e-05 -0.000182888 1 0.00766216
1 -0.000635379 1.95433e-05 -0.00264077 0.000635375 1 0.000224009 -0.0119678 -1.96857e-05 -0.000223996 1 0.00653512
1 -0.000697817 6.43543e-05 -9.40544e-05 0.000697808 1 0.000152749 -0.0144339 -6.44609e-05 -0.000152704 1 0.0054098
1 -0.000662658 5.4647e-05 0.00268565 0.000662647 1 0.000215507 -0.00793309 -5.47898e-05 -0.00021547 1 0.00714457
1 -0.000751526 -4.53145e-05 0.0216323 0.000751533 1 0.000165211 -0.0130803 4.51903e-05 -0.000165245 1 0.00835299
1 -0.000854217 -3.66943e-05 0.0475734 0.000854228 1 0.000281478 -0.0285342 3.64538e-05 -0.00028151 1 0.00920247
1 -0.000978164 2.68787e-05 0.0539924 0.000978157 0.999999 0.000263836 -0.0170994 -2.71368e-05 -0.000263809 1 0.0109649
0.999999 -0.00134203 1.80683e-06 0.0603807 0.00134203 0.999999 0.000354138 -0.0057025 -2.28209e-06 -0.000354135 1 0.0127185
0.999999 -0.0010768 -2.47373e-06 0.0403509 0.0010768 0.999999 0.00028848 -0.0221965 2.16309e-06 -0.000288483 1 0.014041
0.999999 -0.00125821 -8.48658e-06 0.0203131 0.00125821 0.999999 0.000440355 -0.0386644 7.93251e-06 -0.000440365 1 0.0153558
0.999999 -0.00116268 -5.24381e-05 0.00478398 0.00116269 0.999999 0.00027091 -0.0287086 5.21231e-05 -0.000270971 1 0.0133719
0.999999 -0.00127367 0.000167817 -0.0169537 0.00127363 0.999999 0.000234951 -0.0303451 -0.000168116 -0.000234738 1 0.0103487
0.999999 -0.00139816 0.000164702 -0.0415409 0.00139811 0.999999 0.000258239 -0.0211474 -0.000165063 -0.000258009 1 0.0143688
0.999998 -0.00184328 0.000322813 -0.0732411 0.0018432 0.999998 0.000244872 -0.0147143 -0.000323264 -0.000244276 1 0.0140685
0.999999 -0.00153202 0.000343698 -0.105038 0.0015319 0.999999 0.000334882 -0.00828267 -0.000344211 -0.000334355 1 0.0138183
0.999999 -0.00132465 0.000688359 -0.17653 0.00132437 0.999999 0.000413754 0.00166359 -0.000688907 -0.000412842 1 0.0161112
0.999998 -0.00158145 0.000934396 -0.227881 0.00158095 0.999999 0.000528972 7.18716e-06 -0.000935231 -0.000527494 0.999999 0.0133226
0.999998 -0.00170626 0.0010359 -0.293409 0.00170577 0.999998 0.000474903 -0.00153309 -0.00103671 -0.000473135 0.999999 0.0150333
0.999998 -0.00115768 0.00151864 -0.358946 0.0011566 0.999999 0.000711432 -0.00306701 -0.00151947 -0.000709675 0.999999 0.0167416
0.999998 -0.00153931 0.00122455 -0.435689 0.00153883 0.999999 0.00039121 0.00373179 -0.00122515 -0.000389325 0.999999 0.0224277
0.999997 -0.00170212 0.00178126 -0.532953 0.00170111 0.999998 0.000567143 0.00132686 -0.00178222 -0.000564112 0.999998 0.0162493
0.999996 -0.0016897 0.00221895 -0.629384 0.00168814 0.999998 0.000704679 -0.00618301 -0.00222014 -0.000700931 0.999997 0.0164801
0.999996 -0.00167618 0.00243057 -0.734663 0.00167408 0.999998 0.000867529 0.0136591 -0.00243202 -0.000863457 0.999997 0.0192737
0.999993 -0.00239259 0.00295754 -0.845659 0.00238989 0.999997 0.000917363 0.00715836 -0.00295972 -0.000910288 0.999995 0.0243551
0.999993 -0.00225836 0.00302522 -0.966023 0.00225524 0.999997 0.00103454 0.00562726 -0.00302754 -0.00102771 0.999995 0.0291658
0.999991 -0.00212123 0.00374721 -1.05221 0.00211717 0.999997 0.00108495 0.00360445 -0.0037495 -0.00107701 0.999992 0.0318025
0.999988 -0.00237849 0.00423467 -1.22325 0.00237304 0.999996 0.00129293 0.00385337 -0.00423773 -0.00128287 0.99999 0.0329521
0.999986 -0.00252229 0.00465148 -1.37505 0.00251708 0.999996 0.00112514 -0.00505821 -0.0046543 -0.00111342 0.999989 0.0388481
0.999986 -0.00152962 0.00511758 -1.53193 0.00152242 0.999998 0.00141012 -0.00799195 -0.00511972 -0.00140231 0.999986 0.0460455
0.999985 -0.00120894 0.00529652 -1.71174 0.00120326 0.999999 0.00107543 0.000427129 -0.00529781 -0.00106904 0.999985 0.0472714
0.999984 -0.000133662 0.00572165 -1.89158 0.00012702 0.999999 0.00116114 0.00894003 -0.0057218 -0.0011604 0.999983 0.048544
0.999986 -0.00104304 0.00511479 -2.07149 0.00103636 0.999999 0.00131003 0.0176549 -0.00511615 -0.00130471 0.999986 0.0499291
0.999986 0.000889015 0.00522902 -2.29048 -0.000897887 0.999998 0.00169459 0.0270495 -0.0052275 -0.00169926 0.999985 0.0645648
0.999988 0.00184386 0.00446562 -2.48537 -0.00185214 0.999997 0.00185078 0.022017 -0.00446219 -0.00185902 0.999988 0.0708272
0.999983 0.00342455 0.00468431 -2.70126 -0.00343451 0.999992 0.00212026 0.0182995 -0.00467701 -0.00213631 0.999987 0.0768223
0.999977 0.00423125 0.00530715 -2.91723 -0.00424535 0.999987 0.00264846 0.0149156 -0.00529588 -0.00267093 0.999982 0.0828682
0.999965 0.00601048 0.00584254 -3.19818 -0.00602837 0.999977 0.00304974 0.0231819 -0.00582407 -0.00308485 0.999978 0.0847208
0.999954 0.00739322 0.00613971 -3.44229 -0.00741421 0.999967 0.00340308 0.0295298 -0.00611435 -0.00344845 0.999975 0.0939298
0.999934 0.00892194 0.00725344 -3.68644 -0.00894862 0.999953 0.00365389 0.0362198 -0.0072205 -0.00371855 0.999967 0.103217
0.999911 0.0108927 0.0077671 -3.971 -0.0109219 0.999933 0.00372344 0.0379828 -0.00772603 -0.00380793 0.999963 0.101929
0.999896 0.0115738 0.0085782 -4.26257 -0.0116014 0.999928 0.0031818 0.0418077 -0.00854076 -0.00328099 0.999958 0.113224
0.999858 0.0142121 0.00905105 -4.55417 -0.014234 0.999896 0.00236582 0.0458292 -0.00901649 -0.00249431 0.999956 0.124685
0.999828 0.0151328 0.0106818 -4.84347 -0.0151546 0.999883 0.0019628 0.0394082 -0.0106508 -0.00212434 0.999941 0.115899
0.999793 0.0169773 0.0112017 -5.1593 -0.0170028 0.999853 0.00218378 0.040967 -0.011163 -0.00237379 0.999935 0.124489
0.999746 0.0187884 0.0124419 -5.49893 -0.018826 0.999819 0.0029112 0.0741744 -0.0123849 -0.0031447 0.999918 0.128889
0.999718 0.0197023 0.0132573 -5.83189 -0.0197495 0.999799 0.00344221 0.112929 -0.0131868 -0.00370306 0.999906 0.14223
0.999672 0.0218828 0.0133262 -6.16208 -0.0219304 0.999754 0.00343409 0.107285 -0.0132477 -0.00372521 0.999905 0.162741
0.999644 0.0235144 0.0125739 -6.51914 -0.0235562 0.999717 0.00318899 0.119008 -0.0124953 -0.00348405 0.999916 0.178471
0.999598 0.0256328 0.0120893 -6.87349 -0.0256709 0.999666 0.00300795 0.117917 -0.0120081 -0.00331708 0.999922 0.186291
0.999533 0.0279596 0.0123477 -7.22787 -0.0279871 0.999606 0.00206552 0.117604 -0.0122851 -0.00241013 0.999922 0.193967
0.999465 0.0302408 0.01247 -7.61614 -0.0302628 0.999541 0.00158067 0.129162 -0.0124164 -0.0019572 0.999921 0.206981
0.9994 0.0324656 0.0120496 -7.99613 -0.0324801 0.999472 0.00100912 0.143806 -0.0120105 -0.00139989 0.999927 0.206372
0.999366 0.0335389 0.0119108 -8.37943 -0.033553 0.999436 0.000984677 0.174733 -0.0118711 -0.0013837 0.999929 0.21159
0.999305 0.035291 0.0119738 -8.80984 -0.0353174 0.999374 0.0019999 0.19454 -0.0118957 -0.00242139 0.999926 0.222798
0.999234 0.0374493 0.0113964 -9.18694 -0.0374816 0.999294 0.00263802 0.214281 -0.0112896 -0.00306316 0.999932 0.245981
0.999183 0.0386678 0.0117746 -9.628 -0.0386964 0.999249 0.00220446 0.229673 -0.0116805 -0.0026583 0.999928 0.258994
0.999096 0.0408088 0.0118733 -10.0549 -0.040835 0.999164 0.00197679 0.234615 -0.0117827 -0.00245985 0.999928 0.266914
0.999063 0.0420652 0.0102139 -10.4749 -0.0420858 0.999112 0.00180518 0.260397 -0.0101289 -0.00223335 0.999946 0.269634
0.998985 0.0441676 0.00883274 -10.9317 -0.0441903 0.99902 0.00239617 0.278956 -0.00871826 -0.00278406 0.999958 0.288752
0.998937 0.0452464 0.00884889 -11.3646 -0.0452731 0.998971 0.00284386 0.300698 -0.00871111 -0.00324146 0.999957 0.299232
0.998896 0.0459944 0.00957185 -11.7975 -0.046031 0.998933 0.00363779 0.322974 -0.00939432 -0.00407437 0.999948 0.309707
0.998858 0.0467235 0.0100244 -12.2829 -0.0467627 0.998899 0.00372026 0.367106 -0.00983959 -0.00418478 0.999943 0.318479
0.998802 0.0481152 0.00891578 -12.7572 -0.0481493 0.998833 0.00365224 0.413159 -0.00872965 -0.00407716 0.999954 0.331501
0.998789 0.0484469 0.0085171 -13.2542 -0.0484843 0.998815 0.0042434 0.411363 -0.00830143 -0.00465121 0.999955 0.350501
0.998804 0.0482025 0.00816746 -13.7251 -0.0482475 0.998821 0.00540103 0.435468 -0.00789748 -0.00578863 0.999952 0.365826
0.998821 0.0479239 0.00771226 -14.1898 -0.047966 0.998835 0.00535854 0.469862 -0.00744647 -0.00572215 0.999956 0.390384
0.998847 0.047387 0.00771599 -14.7027 -0.0474311 0.998859 0.00564084 0.482462 -0.00743988 -0.00600031 0.999954 0.408975
0.998881 0.04658 0.0081796 -15.2292 -0.0466231 0.998899 0.00515438 0.541171 -0.00793051 -0.00552998 0.999953 0.41125
0.998874 0.0465947 0.00888574 -15.7089 -0.0466442 0.998897 0.00544728 0.533426 -0.00862212 -0.00585561 0.999946 0.430534
0.998903 0.0456563 0.0104052 -16.2445 -0.0457143 0.99894 0.00540207 0.562354 -0.0101475 -0.00587181 0.999931 0.437282
0.99889 0.0455976 0.0118446 -16.7728 -0.0456607 0.998944 0.00511621 0.57523 -0.0115988 -0.00565136 0.999917 0.448646
0.99893 0.0447169 0.0117832 -17.3231 -0.0447867 0.99898 0.00573455 0.617204 -0.0115147 -0.00625615 0.999914 0.469643
0.998973 0.0440308 0.0107239 -17.8574 -0.044107 0.999002 0.00697294 0.622464 -0.0104062 -0.00743878 0.999918 0.479033
0.999004 0.0435375 0.00975846 -18.4104 -0.0436028 0.999027 0.00658258 0.658234 -0.00946238 -0.00700152 0.999931 0.501073
0.999027 0.043101 0.00933952 -18.9634 -0.0431677 0.999043 0.00705589 0.693672 -0.00902647 -0.00745219 0.999931 0.522524
0.999048 0.0427207 0.00884015 -19.5162 -0.0427777 0.999064 0.00636456 0.687557 -0.00855998 -0.00673666 0.999941 0.532717
0.999096 0.0415891 0.0088562 -20.0888 -0.0416496 0.999109 0.00676442 0.729328 -0.00856699 -0.00712716 0.999938 0.555684
0.999068 0.0416831 0.011213 -20.7241 -0.0417661 0.999101 0.00727124 0.737819 -0.0108999 -0.00773279 0.999911 0.560786
0.999087 0.0407363 0.0128786 -21.2896 -0.0408292 0.999141 0.00703985 0.775678 -0.0125808 -0.00755925 0.999892 0.58891
0.998963 0.0414088 0.0189442 -21.8604 -0.0415395 0.999115 0.00655943 0.79373 -0.0186558 -0.00733956 0.999799 0.599545
0.998584 0.0407121 0.0342558 -22.4503 -0.0410187 0.999124 0.00829571 0.815192 -0.033888 -0.00968909 0.999379 0.647058
0.997889 0.0409271 0.0504292 -23.0242 -0.0415679 0.999067 0.0117239 0.851696 -0.0499023 -0.0137953 0.998659 0.6719
0.99741 0.0409334 0.0591378 -23.6399 -0.0420591 0.998954 0.0179174 0.901101 -0.0583425 -0.0203583 0.998089 0.691348
0.997528 0.0412297 0.0569094 -24.2784 -0.0425147 0.998863 0.0215566 0.929797 -0.055956 -0.0239228 0.998147 0.741289
0.998503 0.0406076 0.0366362 -24.9241 -0.0413111 0.998972 0.0186536 0.975488 -0.035841 -0.0201392 0.999155 0.785008
0.999112 0.0410992 0.00930517 -25.5731 -0.0412336 0.999041 0.014741 1.01932 -0.00869041 -0.0151116 0.999848 0.785613
0.999124 0.0393595 -0.0141816 -26.2489 -0.0391514 0.999126 0.0146682 1.02603 0.0147466 -0.0141001 0.999792 0.797838
0.99889 0.0374494 -0.0285646 -26.9366 -0.0370084 0.99919 0.0158145 1.06539 0.0291337 -0.0147398 0.999467 0.792266
0.998913 0.0365154 -0.0289879 -27.6073 -0.035965 0.999167 0.0192858 1.06779 0.0296679 -0.0182223 0.999394 0.8055
0.999148 0.035391 -0.0212466 -28.3 -0.0349979 0.999214 0.0185961 1.09956 0.0218881 -0.0178367 0.999601 0.841785
0.999384 0.0343018 -0.00738018 -28.9642 -0.0341919 0.99931 0.0145405 1.0962 0.00787385 -0.0142792 0.999867 0.901626
0.999376 0.0325295 0.0137619 -29.6269 -0.0326544 0.999427 0.00895465 1.10227 -0.0134628 -0.00939845 0.999865 0.896188
0.999146 0.0309618 0.0273614 -30.3428 -0.031116 0.999502 0.00522667 1.13383 -0.027186 -0.00607359 0.999612 0.899011
0.999136 0.0283017 0.0304472 -31.0301 -0.0285176 0.999571 0.00668218 1.17961 -0.030245 -0.00754468 0.999514 0.890794
0.999297 0.0278896 0.0250663 -31.8146 -0.0281213 0.999565 0.00893929 1.18577 -0.0248061 -0.0096379 0.999646 0.906306
0.999484 0.0277375 0.0161742 -32.5744 -0.0278838 0.999572 0.00889449 1.20948 -0.0159206 -0.0093409 0.99983 0.960514
0.999554 0.0280385 0.0102827 -33.2856 -0.0281157 0.999577 0.00744453 1.2404 -0.0100696 -0.00773031 0.999919 1.00045
0.999524 0.0287507 0.0111681 -34.0606 -0.028826 0.999562 0.00664302 1.25638 -0.0109722 -0.00696179 0.999916 1.01573
0.999498 0.0283851 0.0140697 -34.7992 -0.028485 0.99957 0.00695732 1.27839 -0.0138661 -0.00735461 0.999877 1.03436
0.999433 0.0290023 0.0171324 -35.6187 -0.0291486 0.99954 0.00835453 1.31933 -0.0168822 -0.00884917 0.999818 1.0605
0.999402 0.0291177 0.0186365 -36.3873 -0.0292902 0.99953 0.00904965 1.34723 -0.0183642 -0.00959011 0.999785 1.0992
0.999412 0.0289285 0.0183844 -37.2052 -0.029105 0.999532 0.00940962 1.36756 -0.0181036 -0.00993917 0.999787 1.12783
0.99942 0.0285543 0.0185505 -37.9805 -0.0287237 0.999548 0.00892631 1.39122 -0.0182873 -0.00945397 0.999788 1.16437
0.999418 0.0268581 0.0210149 -38.818 -0.0270172 0.999608 0.00732493 1.40838 -0.0208099 -0.00788843 0.999752 1.19778
0.999428 0.0250331 0.0227364 -39.6555 -0.0251869 0.999662 0.00650108 1.42412 -0.022566 -0.00707002 0.99972 1.23323
0.999466 0.0240577 0.0221055 -40.4653 -0.0241986 0.999688 0.00612806 1.45189 -0.0219512 -0.00665971 0.999737 1.25412
0.999562 0.0225173 0.0192236 -41.3044 -0.0226079 0.999734 0.00450874 1.46091 -0.019117 -0.00494137 0.999805 1.28755
0.999664 0.0205288 0.0158359 -42.1229 -0.0205882 0.999782 0.00359223 1.48619 -0.0157587 -0.00391705 0.999868 1.32741
0.999693 0.019074 0.0158095 -43.0044 -0.0191184 0.999814 0.00266249 1.51896 -0.0157557 -0.00296393 0.999871 1.34818
0.999734 0.0178253 0.0146359 -43.8805 -0.0178717 0.999836 0.00304785 1.52651 -0.0145791 -0.0033086 0.999888 1.37314
0.999775 0.0159065 0.0140616 -44.7368 -0.0159567 0.999867 0.00346929 1.54091 -0.0140045 -0.00369289 0.999895 1.40474
0.999777 0.0154125 0.0144686 -45.5819 -0.0154643 0.999874 0.00347712 1.54869 -0.0144132 -0.00370009 0.999889 1.43418
0.999774 0.0138621 0.0161022 -46.4995 -0.0139188 0.999897 0.00341079 1.54386 -0.0160533 -0.00363414 0.999865 1.46519
0.99978 0.0128494 0.0166 -47.4081 -0.0129084 0.999911 0.00345456 1.57328 -0.0165541 -0.00366808 0.999856 1.50045
0.999827 0.0109672 0.0150486 -48.2152 -0.0110289 0.999931 0.0040254 1.57487 -0.0150034 -0.00419067 0.999879 1.52484
0.999868 0.0093206 0.0132821 -49.1563 -0.00936368 0.999951 0.0031848 1.59246 -0.0132518 -0.00330875 0.999907 1.56763
0.999894 0.00788553 0.0122624 -50.0974 -0.00792426 0.999964 0.00311328 1.60846 -0.0122374 -0.00321012 0.99992 1.60873
0.999919 0.00615525 0.0111031 -50.9844 -0.00618063 0.999978 0.00225303 1.62041 -0.0110889 -0.00232147 0.999936 1.62954
0.999934 0.00356366 0.010933 -51.838 -0.00359091 0.99999 0.00247362 1.62395 -0.0109241 -0.00251272 0.999937 1.63821
0.999939 0.00193507 0.0108445 -52.6914 -0.00196387 0.999995 0.00264606 1.63682 -0.0108393 -0.00266719 0.999938 1.68163
0.999947 -0.000128701 0.0102757 -53.6303 9.59848e-05 0.999995 0.00318422 1.63771 -0.0102761 -0.00318307 0.999942 1.70949
0.999965 -0.00217682 0.0081299 -54.4826 0.00214529 0.99999 0.00388405 1.63472 -0.00813828 -0.00386647 0.999959 1.75559
0.999954 -0.0037067 0.00885473 -55.3375 0.00369268 0.999992 0.00159931 1.62477 -0.00886059 -0.00156654 0.99996 1.78838
0.999884 -0.00612215 0.0139457 -56.1748 0.00611483 0.999981 0.000568159 1.61226 -0.0139489 -0.000482817 0.999903 1.81676
0.999756 -0.0088649 0.020233 -57.012 0.00882726 0.999959 0.00194901 1.59773 -0.0202495 -0.00176994 0.999793 1.84935
0.999719 -0.0101993 0.0213841 -57.9395 0.0101514 0.999946 0.0023487 1.59798 -0.0214069 -0.00213096 0.999769 1.87668
0.999789 -0.0123328 0.0163997 -58.8109 0.0123071 0.999923 0.00166643 1.5875 -0.016419 -0.00146424 0.999864 1.9292
0.999832 -0.0139264 0.0119322 -59.6426 0.0139217 0.999903 0.000474485 1.57694 -0.0119377 -0.000308289 0.999929 1.97152
0.999814 -0.015579 0.0113952 -60.5486 0.0155898 0.999878 -0.000861391 1.5653 -0.0113804 0.00103888 0.999935 2.00175
0.999751 -0.0170408 0.0144394 -61.395 0.0170436 0.999855 -7.53873e-05 1.51833 -0.0144361 0.000321469 0.999896 2.0416
0.999664 -0.0187323 0.0179288 -62.24 0.0187445 0.999824 -0.000509458 1.53509 -0.0179162 0.000845354 0.999839 2.06569
0.999642 -0.0192741 0.0185582 -63.1033 0.0192811 0.999814 -0.000197209 1.48575 -0.018551 0.000554962 0.999828 2.11448
0.999642 -0.0201477 0.0176064 -63.9601 0.0201719 0.999796 -0.00119874 1.49954 -0.0175787 0.00155346 0.999844 2.13753
0.99965 -0.0211732 0.015852 -64.8145 0.021199 0.999774 -0.00145882 1.47645 -0.0158175 0.00179435 0.999873 2.18195
0.999648 -0.0216208 0.0153518 -65.7026 0.0216337 0.999766 -0.000672159 1.45557 -0.0153337 0.00100404 0.999882 2.20254
0.99967 -0.0217268 0.0137046 -66.5384 0.0217267 0.999764 0.000154297 1.43148 -0.0137047 0.000143509 0.999906 2.24854
0.999629 -0.0231604 0.0143353 -67.3887 0.0231637 0.999732 -6.2175e-05 1.42673 -0.01433 0.00039421 0.999897 2.25881
0.99961 -0.0239446 0.014343 -68.2145 0.0239253 0.999713 0.00151006 1.42148 -0.014375 -0.00116631 0.999896 2.27575
0.999607 -0.024601 0.0134471 -69.0913 0.024558 0.999693 0.00335464 1.42197 -0.0135255 -0.00302309 0.999904 2.31757
0.999574 -0.0260042 0.0132634 -69.9012 0.0259579 0.999656 0.00364604 1.40135 -0.0133537 -0.0033002 0.999905 2.35719
0.999525 -0.0259782 0.016566 -70.7456 0.0259543 0.999662 0.00165543 1.35317 -0.0166034 -0.00122469 0.999861 2.40867
0.999346 -0.0277356 0.0231958 -71.56 0.0277513 0.999615 -0.000358499 1.37026 -0.023177 0.00100198 0.999731 2.42519
0.999216 -0.0284327 0.0275441 -72.3753 0.0284113 0.999596 0.00116722 1.30347 -0.0275662 -0.000383735 0.99962 2.45967
0.99906 -0.030417 0.0308883 -73.2107 0.0303931 0.999537 0.00124244 1.27293 -0.0309117 -0.000302478 0.999522 2.51985
0.998665 -0.0304482 0.0417344 -74.0598 0.0303938 0.999536 0.00193729 1.2682 -0.041774 -0.000666237 0.999127 2.577
0.997954 -0.0327813 0.054894 -74.9069 0.0325026 0.999454 0.00596172 1.25517 -0.0550594 -0.00416532 0.998474 2.61372
0.997793 -0.0339263 0.0570835 -75.6826 0.0334995 0.999403 0.00841756 1.2264 -0.057335 -0.00648671 0.998334 2.67542
0.998683 -0.0348221 0.0376757 -76.5128 0.034648 0.999386 0.00526283 1.18788 -0.0378358 -0.00395051 0.999276 2.70421
0.999287 -0.0375701 0.00365064 -77.3924 0.0375524 0.999283 0.00480486 1.15434 -0.00382854 -0.00466435 0.999982 2.71174
0.998805 -0.0398406 -0.0282903 -78.2426 0.039914 0.999201 0.00203397 1.14416 0.0281866 -0.00316072 0.999598 2.71908
0.998301 -0.0414568 -0.0409342 -79.1234 0.0414583 0.99914 -0.000812705 1.09105 0.0409327 -0.00088574 0.999162 2.76038
0.998904 -0.0420672 -0.0205051 -79.8593 0.0419417 0.999099 -0.00651129 1.05623 0.0207605 0.00564414 0.999769 2.84041
0.998811 -0.0441978 0.0205557 -80.6732 0.0442973 0.999009 -0.00441055 0.994716 -0.0203404 0.00531587 0.999779 2.83478
0.99781 -0.0462503 0.047293 -81.5442 0.0463152 0.998927 -0.00027617 0.968361 -0.0472295 0.00246595 0.998881 2.8392
0.997835 -0.0483736 0.044548 -82.3677 0.0484617 0.998825 -0.000899288 0.939155 -0.0444522 0.00305622 0.999007 2.87298
0.998424 -0.0486434 0.027994 -83.1887 0.0487984 0.998797 -0.0048804 0.873516 -0.027723 0.00623878 0.999596 2.91913
0.998522 -0.0503195 0.020523 -84.0616 0.0505422 0.998667 -0.0104842 0.85041 -0.0199681 0.0115059 0.999734 2.98857
0.998344 -0.0520436 0.0245091 -84.9276 0.0523524 0.998555 -0.0121316 0.783581 -0.0238423 0.0133946 0.999626 3.01714
0.998122 -0.0532193 0.03034 -85.7747 0.0535785 0.998501 -0.0111506 0.730647 -0.0297011 0.0127552 0.999477 3.04227
0.997964 -0.0558549 0.0307768 -86.6224 0.056185 0.998371 -0.00996556 0.701852 -0.0301701 0.0116745 0.999477 3.06796
0.998111 -0.0563562 0.0244688 -87.5081 0.0565504 0.998373 -0.00732022 0.634206 -0.0240164 0.00869011 0.999674 3.11109
0.998135 -0.058856 0.0161785 -88.3273 0.058997 0.998223 -0.00837875 0.606873 -0.0156566 0.00931761 0.999834 3.16165
0.998179 -0.0588036 0.0134737 -89.2059 0.0589276 0.998222 -0.00900351 0.527613 -0.0129203 0.00978109 0.999869 3.18541
0.998059 -0.0607039 0.0139317 -90.084 0.060848 0.998095 -0.0101667 0.489504 -0.013288 0.0109947 0.999851 3.22204
0.997998 -0.0611367 0.0161997 -90.9876 0.0613024 0.99807 -0.00993674 0.455504 -0.0155609 0.0109099 0.999819 3.2564
0.997878 -0.0621611 0.0193946 -91.8032 0.0623089 0.998032 -0.00710873 0.376151 -0.0189146 0.0083021 0.999787 3.27541
0.997894 -0.0618299 0.0196024 -92.6519 0.061922 0.998072 -0.00412848 0.341274 -0.0193093 0.0053336 0.999799 3.30757
0.997939 -0.0616862 0.0177009 -93.5397 0.0617206 0.998092 -0.00140101 0.292142 -0.0175807 0.00249064 0.999842 3.33647
0.997954 -0.0615254 0.0173754 -94.4288 0.0615523 0.998103 -0.00101401 0.236704 -0.0172801 0.00208143 0.999849 3.37951
0.997829 -0.0628289 0.0197521 -95.2715 0.062843 0.998023 -9.27014e-05 0.206983 -0.0197073 0.00133378 0.999805 3.42214
0.997695 -0.063353 0.0243243 -96.1628 0.0633521 0.997991 0.000808983 0.12261 -0.0243267 0.000733877 0.999704 3.4681
0.997462 -0.0650254 0.0290175 -97.0622 0.0650763 0.99788 -0.00081214 0.0793119 -0.0289032 0.00269843 0.999579 3.52424
0.997352 -0.0660602 0.0304043 -97.9444 0.066175 0.997804 -0.00278349 0.0086751 -0.0301536 0.00478812 0.999534 3.57315
0.997236 -0.0680913 0.0297362 -98.8096 0.0682821 0.997651 -0.005447 -0.0299098 -0.0292954 0.00746239 0.999543 3.61583
0.997247 -0.069225 0.026588 -99.7078 0.0694671 0.99755 -0.00828795 -0.101388 -0.0259491 0.0101121 0.999612 3.66678
0.997246 -0.0704092 0.0233046 -100.594 0.0706575 0.99745 -0.0100089 -0.149202 -0.0225404 0.011628 0.999678 3.69309
0.997156 -0.0721987 0.0215995 -101.543 0.0724458 0.997313 -0.0108827 -0.197254 -0.0207558 0.0124166 0.999707 3.71764
0.997122 -0.0728466 0.0210222 -102.424 0.0730888 0.997265 -0.0109884 -0.269146 -0.0201642 0.0124932 0.999719 3.76149
0.997018 -0.0737849 0.0226103 -103.334 0.074034 0.997202 -0.0103837 -0.347015 -0.0217808 0.0120267 0.99969 3.78663
0.996846 -0.0750692 0.0257499 -104.238 0.0753873 0.997087 -0.0116086 -0.382336 -0.0248034 0.0135131 0.999601 3.83573
0.996763 -0.0756978 0.0270755 -105.159 0.0760388 0.997035 -0.0117926 -0.455751 -0.0261026 0.0138132 0.999564 3.88697
0.996624 -0.0775416 0.0269891 -106.026 0.0778795 0.996894 -0.0117025 -0.563384 -0.0259978 0.0137649 0.999567 3.93098
0.996581 -0.0782354 0.0265642 -106.936 0.0785812 0.996833 -0.0122313 -0.64577 -0.0255232 0.0142769 0.999572 3.97171
0.996548 -0.079052 0.0253599 -107.865 0.079382 0.996769 -0.0122805 -0.715196 -0.0243072 0.0142513 0.999603 4.00868
0.996522 -0.0796562 0.0244777 -108.782 0.0799908 0.996711 -0.0130093 -0.787632 -0.0233609 0.014922 0.999616 4.05405
0.996641 -0.0786069 0.0229852 -109.699 0.0789094 0.996803 -0.0125624 -0.860577 -0.0219242 0.014334 0.999657 4.09849
0.996708 -0.0781224 0.0217011 -110.616 0.0783879 0.996855 -0.0116638 -0.941387 -0.0207216 0.0133265 0.999696 4.11897
0.99683 -0.0771572 0.0193945 -111.535 0.0774046 0.996923 -0.0123452 -0.991548 -0.0183823 0.0138073 0.999736 4.16663
0.996856 -0.0763401 0.0212024 -112.479 0.0766069 0.996988 -0.0120725 -1.0714 -0.0202169 0.0136588 0.999702 4.19997
0.996822 -0.0755257 0.0253432 -113.381 0.0758252 0.99706 -0.0110697 -1.16415 -0.0244326 0.0129562 0.999618 4.24567
0.996849 -0.0740787 0.0283726 -114.293 0.0744168 0.997166 -0.0110506 -1.23085 -0.0274736 0.0131272 0.999536 4.29199
0.996901 -0.0734467 0.0281809 -115.246 0.0737785 0.997215 -0.010917 -1.29337 -0.0273006 0.0129623 0.999543 4.33696
0.996974 -0.0730978 0.026452 -116.153 0.0734317 0.99723 -0.0118776 -1.3555 -0.0255105 0.0137841 0.99958 4.38513
0.997124 -0.071921 0.0238882 -117.109 0.0722242 0.997315 -0.0120805 -1.42383 -0.0229553 0.0137711 0.999642 4.42518
0.997286 -0.0704883 0.0212691 -118.009 0.0707469 0.997426 -0.011659 -1.47683 -0.0203925 0.0131321 0.999706 4.46273
0.997288 -0.0711356 0.018903 -118.946 0.0713531 0.997389 -0.0110916 -1.5256 -0.0180646 0.0124103 0.99976 4.50378
0.997421 -0.0694463 0.0181104 -119.842 0.0696471 0.997514 -0.0107022 -1.60853 -0.0173221 0.0119359 0.999779 4.53513
0.997438 -0.0687423 0.0198135 -120.739 0.0689402 0.997576 -0.00948316 -1.66864 -0.0191135 0.0108248 0.999759 4.58253
0.997365 -0.0685935 0.0236363 -121.671 0.0688335 0.997583 -0.00949346 -1.73219 -0.022928 0.0110954 0.999676 4.63162
0.997235 -0.0693696 0.0266316 -122.589 0.069654 0.997522 -0.00990216 -1.79492 -0.0258787 0.0117298 0.999596 4.67173
0.997273 -0.0690449 0.0260592 -123.495 0.0693491 0.997532 -0.0109534 -1.85756 -0.0252386 0.0127307 0.9996 4.72478
0.997315 -0.0691845 0.0240148 -124.375 0.0694763 0.997517 -0.0115367 -1.9184 -0.023157 0.0131742 0.999645 4.75491
0.997462 -0.0682039 0.0204437 -125.256 0.0684519 0.997586 -0.0116889 -1.98532 -0.0195972 0.0130586 0.999723 4.78205
0.997499 -0.0684796 0.0174941 -126.175 0.0686694 0.997584 -0.0104912 -2.03334 -0.0167334 0.0116662 0.999792 4.81305
0.99753 -0.0683112 0.0163775 -127.082 0.0684708 0.997609 -0.00939301 -2.0918 -0.0156967 0.0104912 0.999822 4.87124
0.997486 -0.068154 0.0194198 -127.985 0.0683231 0.99763 -0.00817757 -2.13327 -0.0188164 0.00948383 0.999778 4.89795
0.997379 -0.0681776 0.0242237 -128.841 0.0683585 0.997638 -0.00672007 -2.22008 -0.0237083 0.00835835 0.999684 4.94925
0.997268 -0.0683156 0.0280975 -129.687 0.0685201 0.997629 -0.00638117 -2.28175 -0.0275949 0.00828898 0.999585 4.99183
0.997208 -0.0678575 0.0311678 -130.558 0.0681181 0.99765 -0.00737483 -2.33139 -0.0305941 0.00947733 0.999487 5.03865
0.996651 -0.0682664 0.0450272 -131.434 0.0686386 0.997619 -0.0067713 -2.37718 -0.0444577 0.00983922 0.998963 5.10577
0.995602 -0.0687322 0.0636618 -132.272 0.0689018 0.997623 -0.000469146 -2.44226 -0.0634782 0.00485349 0.997971 5.15684
0.994915 -0.0690374 0.0733312 -133.136 0.0690485 0.99761 0.00238748 -2.49231 -0.0733208 0.00268807 0.997305 5.25061
0.995835 -0.0701921 0.0581796 -133.992 0.0702414 0.997529 0.00119988 -2.52734 -0.0581201 0.00289173 0.998305 5.27159
0.997339 -0.0704814 0.0186156 -134.893 0.0705132 0.99751 -0.00105443 -2.59092 -0.018495 0.00236428 0.999826 5.29938
0.997163 -0.0720314 -0.0218426 -135.798 0.0719237 0.997394 -0.00567749 -2.67464 0.0221946 0.00409038 0.999745 5.33311
0.996469 -0.0725245 -0.042297 -136.728 0.0721986 0.997348 -0.00918448 -2.73121 0.042851 0.00609827 0.999063 5.35105
0.996924 -0.0734649 -0.0272882 -137.58 0.0732473 0.997274 -0.00888865 -2.81028 0.0278669 0.00686252 0.999588 5.39492
0.997148 -0.0743761 0.0128295 -138.403 0.074451 0.99721 -0.00546054 -2.85557 -0.0123876 0.00640014 0.999903 5.43931
0.995983 -0.0768979 0.0458736 -139.237 0.077075 0.997023 -0.00210014 -2.91415 -0.0455755 0.00562741 0.998945 5.44718
0.995728 -0.078895 0.0479632 -140.097 0.0790216 0.996873 -0.000746191 -2.99393 -0.0477543 0.00453313 0.998849 5.45118
0.996412 -0.0795231 0.0289836 -141.021 0.0796187 0.996823 -0.00216057 -3.06821 -0.0287197 0.00446045 0.999578 5.52126
0.99666 -0.0804339 0.0141386 -141.917 0.0805035 0.996745 -0.00442323 -3.11009 -0.0137368 0.00554666 0.99989 5.55184
0.996678 -0.0808396 0.00987698 -142.825 0.0808768 0.996718 -0.0034317 -3.24261 -0.00956715 0.00421912 0.999945 5.58957
0.996454 -0.0825594 0.0162575 -143.71 0.0825924 0.996582 -0.0013668 -3.31815 -0.0160891 0.0027047 0.999867 5.62447
0.99607 -0.0843013 0.0271463 -144.574 0.0843368 0.996437 -0.000164037 -3.36026 -0.0270357 0.00245282 0.999631 5.66937
0.995661 -0.0861399 0.0352089 -145.456 0.086159 0.996281 0.00097656 -3.43185 -0.035162 0.00206124 0.999379 5.71247
0.99561 -0.0869385 0.0346682 -146.348 0.0869915 0.996209 -2.07022e-05 -3.50597 -0.0345349 0.00303645 0.999399 5.76214
0.995647 -0.0888476 0.0281802 -147.284 0.0889314 0.996036 -0.00172961 -3.56052 -0.0279149 0.00422819 0.999601 5.80662
0.995722 -0.0897275 0.0220444 -148.165 0.089826 0.995951 -0.00351655 -3.64771 -0.0216397 0.00548167 0.999751 5.84213
0.995694 -0.0906292 0.0194801 -149.064 0.0907134 0.995871 -0.00347976 -3.73446 -0.0190843 0.00523188 0.999804 5.86762
0.995399 -0.0932012 0.0222367 -149.973 0.0932608 0.99564 -0.00165611 -3.82497 -0.0219854 0.0037223 0.999751 5.91976
0.995165 -0.0944077 0.027079 -150.882 0.0944749 0.995527 -0.00120881 -3.91763 -0.0268437 0.00376125 0.999633 5.97465
0.994828 -0.0967182 0.0310366 -151.773 0.096755 0.995308 0.000317717 -3.99246 -0.0309218 0.00268688 0.999518 6.00861
0.994618 -0.0985711 0.0319027 -152.67 0.0986309 0.995124 -0.000303675 -4.07962 -0.0317172 0.00344863 0.999491 6.06505
0.994486 -0.100312 0.030587 -153.59 0.100394 0.994947 -0.00116035 -4.1972 -0.0303161 0.00422472 0.999531 6.09698
0.994454 -0.101933 0.0258863 -154.475 0.102022 0.99478 -0.00211792 -4.27749 -0.0255353 0.00474714 0.999663 6.14342
0.994285 -0.10406 0.0238479 -155.439 0.104134 0.994561 -0.00190654 -4.3734 -0.0235198 0.00437903 0.999714 6.17519
0.994153 -0.105592 0.022603 -156.357 0.105598 0.994408 0.000931182 -4.49632 -0.0225749 0.0014611 0.999744 6.21039
0.99388 -0.10791 0.0236041 -157.227 0.107864 0.99416 0.00322242 -4.55889 -0.023814 -0.000656683 0.999716 6.25702
0.993695 -0.108925 0.0265575 -158.166 0.10887 0.99405 0.0035145 -4.6678 -0.0267823 -0.000601036 0.999641 6.33134
0.993365 -0.110471 0.0319627 -159.052 0.110446 0.993879 0.00256083 -4.74171 -0.0320499 0.000986306 0.999486 6.38086
0.993186 -0.111246 0.0347188 -160.011 0.11124 0.993791 0.00210385 -4.83503 -0.0347373 0.00177261 0.999395 6.42408
0.993196 -0.111842 0.0324603 -160.906 0.111842 0.993724 0.00182397 -4.95853 -0.0324606 0.00181887 0.999471 6.46391
0.99314 -0.113343 0.0287486 -161.827 0.11335 0.993554 0.00137793 -5.0397 -0.0287194 0.00189018 0.999586 6.50231
0.993145 -0.114061 0.0255577 -162.776 0.114076 0.993472 0.000869699 -5.14822 -0.02549 0.00205177 0.999673 6.56245
0.993023 -0.115114 0.0255655 -163.712 0.115124 0.993351 0.00108933 -5.25266 -0.0255209 0.00186146 0.999673 6.607
0.99281 -0.116735 0.0264891 -164.627 0.116707 0.993163 0.00257333 -5.36084 -0.0266084 0.000536651 0.999646 6.65503
0.992621 -0.117812 0.0287064 -165.581 0.117749 0.993036 0.00387856 -5.47903 -0.0289634 -0.000469784 0.99958 6.69131
0.992294 -0.120616 0.0283562 -166.476 0.12053 0.992699 0.00469564 -5.55886 -0.0287155 -0.00124167 0.999587 6.74666
0.992033 -0.122732 0.0284092 -167.414 0.122647 0.992439 0.00472176 -5.70151 -0.028774 -0.00119984 0.999585 6.80637
0.991741 -0.124868 0.029284 -168.349 0.124836 0.992173 0.00292024 -5.80017 -0.0294195 0.000759594 0.999567 6.85471
0.991499 -0.126025 0.0323703 -169.266 0.125993 0.992026 0.00303091 -5.95112 -0.0324941 0.00107329 0.999471 6.87711
0.991023 -0.127741 0.039455 -170.244 0.127408 0.991791 0.010849 -6.05984 -0.040517 -0.0057247 0.999162 6.91015
0.990602 -0.12948 0.0440808 -171.13 0.128826 0.991515 0.0173896 -6.17567 -0.0459584 -0.0115474 0.998877 6.9976
0.990407 -0.131403 0.0427575 -172.063 0.130775 0.991263 0.0171728 -6.27966 -0.0446405 -0.0114164 0.998938 7.08253
0.990467 -0.133819 0.0326662 -173.036 0.133469 0.990972 0.0126797 -6.4057 -0.0340681 -0.00819885 0.999386 7.13709
0.990558 -0.136279 0.01493 -173.968 0.136206 0.990663 0.00583728 -6.52034 -0.0155861 -0.00374861 0.999872 7.1748
0.990467 -0.137745 -0.00136586 -174.944 0.137745 0.990468 0.000298299 -6.672 0.00131175 -0.000483596 0.999999 7.20338
0.990408 -0.138116 -0.00389715 -175.893 0.138109 0.990415 -0.0019387 -6.81159 0.00412756 0.00138187 0.999991 7.22452
0.990175 -0.139408 0.0108928 -176.81 0.139439 0.990228 -0.00217057 -6.96039 -0.0104838 0.00366814 0.999938 7.29205
0.989491 -0.140998 0.0320432 -177.757 0.14103 0.990005 0.00125511 -7.10473 -0.0318999 0.00327713 0.999486 7.31317
0.988798 -0.143396 0.0414151 -178.694 0.143373 0.989662 0.00352395 -7.21557 -0.0414923 0.00245335 0.999136 7.3352
0.988653 -0.145567 0.0370804 -179.638 0.145512 0.989348 0.00420793 -7.36021 -0.0372979 0.00123545 0.999303 7.38502
0.988855 -0.146589 0.0260461 -180.602 0.146585 0.989196 0.00206116 -7.5133 -0.0260669 0.0017798 0.999659 7.43257
0.988858 -0.147957 0.0163846 -181.574 0.147976 0.988991 3.74156e-05 -7.64113 -0.0162097 0.00238753 0.999866 7.47972
0.988617 -0.149828 0.0137137 -182.516 0.149844 0.98871 -0.000113918 -7.79047 -0.0135418 0.00216753 0.999906 7.50183
0.988376 -0.151213 0.0157592 -183.491 0.151195 0.988501 0.00230613 -7.92653 -0.0159267 0.000103395 0.999873 7.55357
0.988064 -0.152742 0.02 -184.435 0.152647 0.988261 0.00621635 -8.07198 -0.0207147 -0.00308922 0.999781 7.57857
0.987765 -0.154512 0.0211438 -185.389 0.154356 0.987976 0.00882685 -8.21771 -0.0222534 -0.00545517 0.999737 7.61646
0.987654 -0.155769 0.0166035 -186.343 0.155658 0.98778 0.00777592 -8.36507 -0.0176118 -0.00509545 0.999832 7.65579
0.98741 -0.157426 0.0154346 -187.329 0.157313 0.987514 0.00827363 -8.52375 -0.0165444 -0.00574141 0.999847 7.69911
0.987117 -0.158996 0.0179196 -188.296 0.1589 0.987272 0.00666686 -8.67197 -0.0187515 -0.00373355 0.999817 7.79537
0.986508 -0.161081 0.0292423 -189.22 0.160937 0.986938 0.0072274 -8.83093 -0.0300245 -0.00242371 0.999546 7.83294
0.985832 -0.163718 0.0364982 -190.2 0.163518 0.986504 0.00842534 -8.97514 -0.0373851 -0.00233784 0.999298 7.8818
0.985438 -0.166274 0.035567 -191.18 0.166098 0.986078 0.00787303 -9.12899 -0.0363809 -0.00185078 0.999336 7.90878
0.985364 -0.168395 0.0264604 -192.094 0.168336 0.98572 0.00446914 -9.30874 -0.0268351 5.05038e-05 0.99964 7.97458
0.985238 -0.170162 0.0187235 -193.093 0.170185 0.985412 0.00036311 -9.48507 -0.0185122 0.00282871 0.999825 8.03278
0.984819 -0.172879 0.0156382 -194.024 0.172925 0.984934 -0.00163645 -9.62561 -0.0151197 0.00431584 0.999876 8.07581
0.984416 -0.175128 0.0159865 -194.912 0.17519 0.984531 -0.00257975 -9.78456 -0.0152874 0.00534022 0.999869 8.11159
0.984053 -0.176873 0.0188508 -195.881 0.176947 0.984218 -0.00231347 -9.94885 -0.0181441 0.00561218 0.99982 8.15828
0.983504 -0.179588 0.0216315 -196.787 0.17962 0.983736 0.000452963 -10.112 -0.021361 0.00343997 0.999766 8.16932
0.983182 -0.181423 0.0209448 -197.681 0.181433 0.983402 0.00141633 -10.317 -0.0208541 0.00240758 0.99978 8.22026
0.982778 -0.183757 0.0195346 -198.604 0.183783 0.982967 0.000486743 -10.4694 -0.0192913 0.00311176 0.999809 8.26806
0.982193 -0.186666 0.0212708 -199.505 0.186739 0.982408 -0.00148079 -10.6256 -0.0206202 0.00542652 0.999773 8.33706
0.981866 -0.187668 0.0268293 -200.416 0.187767 0.982213 -0.00120026 -10.7981 -0.0261268 0.00621614 0.999639 8.35722
0.981348 -0.190202 0.0278996 -201.325 0.190264 0.981733 0.000458025 -10.9791 -0.0274771 0.00485879 0.999611 8.40361
0.981 -0.192449 0.0245457 -202.225 0.192462 0.981303 0.0018461 -11.1667 -0.024442 0.00291309 0.999697 8.42357
0.980782 -0.194204 0.0187349 -203.121 0.194222 0.980957 0.000852336 -11.3067 -0.0185436 0.00280277 0.999824 8.50327
0.980398 -0.195843 0.0215851 -204.033 0.195907 0.980622 -0.000878877 -11.5215 -0.0209948 0.00509033 0.999767 8.55048
0.979425 -0.197921 0.0394279 -204.86 0.197859 0.980215 0.00551588 -11.6937 -0.0397395 0.00239875 0.999207 8.56424
0.977841 -0.201163 0.0579771 -205.72 0.200523 0.979547 0.0167009 -11.8425 -0.0601508 -0.00470505 0.998178 8.63793
0.977206 -0.202994 0.0621497 -206.595 0.202092 0.979151 0.0205422 -12.0167 -0.0650239 -0.00751404 0.997855 8.73311
0.977855 -0.205077 0.0417564 -207.486 0.204693 0.978735 0.0133343 -12.2114 -0.0436031 -0.0044918 0.999039 8.77962
0.978306 -0.207051 0.00683968 -208.399 0.207027 0.978327 0.00411886 -12.3945 -0.00754426 -0.00261351 0.999968 8.79493
0.977504 -0.209426 -0.0250408 -209.319 0.209373 0.977824 -0.00472659 -12.5999 0.0254754 -0.00062262 0.999675 8.8259
0.97677 -0.211352 -0.0353781 -210.231 0.211151 0.977409 -0.00936356 -12.7976 0.0365578 0.00167593 0.99933 8.83535
0.976814 -0.213589 -0.0146075 -211.057 0.213495 0.976913 -0.00776334 -12.9818 0.0159284 0.00446472 0.999863 8.87548
0.976348 -0.215031 0.0224762 -211.893 0.215076 0.976597 0.000461208 -13.1632 -0.0220494 0.00438379 0.999747 8.88414
0.975101 -0.216908 0.0461431 -212.753 0.2169 0.97618 0.00523089 -13.3769 -0.0461786 0.00490779 0.998921 8.92409
0.974812 -0.218863 0.0428984 -213.64 0.218834 0.975747 0.00544163 -13.5602 -0.0430489 0.00408305 0.999065 8.93677
0.975106 -0.22063 0.0221672 -214.538 0.220643 0.975353 0.00188772 -13.7469 -0.0220373 0.00305031 0.999752 8.99521
0.975171 -0.221355 0.00655927 -215.488 0.221366 0.97519 -0.000956675 -13.942 -0.00618477 0.00238492 0.999978 9.04557
0.97489 -0.222612 0.00577042 -216.343 0.222633 0.974897 -0.00320452 -14.1505 -0.0049122 0.00440874 0.999978 9.09836
