1 0 0 0 0 1 0 0 -0 0 1 0
1 -0.000744732 0.000159584 1.02541e-06 0.000744735 1 -1.948e-05 -1.37521e-05 -0.000159569 1.95989e-05 1 1.19066e-05
1 0.000365783 2.88347e-05 -1.19108e-05 -0.000365785 1 5.13573e-05 -3.56223e-05 -2.88159e-05 -5.13679e-05 1 3.59493e-05
0.999998 -0.00176598 0.000256256 -1.02474e-05 0.00176601 0.999998 -9.00783e-05 -7.98626e-05 -0.000256097 9.05307e-05 1 7.28023e-05
1 -0.000565352 0.00010102 -0.00202888 0.00056535 1 1.80979e-05 0.000265979 -0.00010103 -1.80408e-05 1 0.00356599
0.999999 -0.00142396 9.50613e-05 -0.00407874 0.00142398 0.999999 -0.000163741 0.000639241 -9.48281e-05 0.000163876 1 0.00702068
1 -0.000498314 8.43135e-05 6.12964e-05 0.000498314 1 1.95496e-06 -0.00544427 -8.43144e-05 -1.91294e-06 1 0.00386634
1 -0.000509942 7.85144e-05 0.0024361 0.00050994 1 2.83259e-05 -0.00314871 -7.85288e-05 -2.82859e-05 1 0.00626438
1 -0.000517984 0.000104263 -0.00428064 0.000517984 1 1.82816e-06 -0.00193894 -0.000104264 -1.77415e-06 1 0.00272715
1 -0.000614168 0.00023286 -0.0109876 0.000614149 1 7.92602e-05 -0.000733853 -0.000232909 -7.91172e-05 1 -0.00078355
1 -0.000573378 0.000131132 0.00173748 0.000573379 1 -8.40378e-06 0.000359267 -0.000131128 8.47896e-06 1 0.00265245
1 -0.000513674 0.000100721 -0.000878427 0.000513677 1 -3.32625e-05 -0.0034746 -0.000100703 3.33143e-05 1 0.00359486
1 -0.000529628 5.54703e-05 -0.00349144 0.000529625 1 5.39723e-05 -0.00730188 -5.54989e-05 -5.39429e-05 1 0.00453952
1 -0.000497964 0.000129833 -0.00610074 0.00049797 1 -4.35681e-05 -0.0111067 -0.000129812 4.36327e-05 1 0.00548073
1 -0.000506158 0.000136986 0.000484664 0.000506158 1 -1.50857e-06 -0.00482016 -0.000136985 1.5779e-06 1 0.00301371
1 -0.000498276 9.79083e-05 -0.00714297 0.000498274 1 2.4005e-05 -0.000875531 -9.79202e-05 -2.39562e-05 1 0.00449908
1 -0.000402325 0.000101289 -0.00302751 0.000402326 1 -9.06605e-06 -0.00714858 -0.000101286 9.1068e-06 1 0.00328242
1 -0.000517411 4.17505e-05 0.0019161 0.000517412 1 -1.9371e-05 0.000203993 -4.17404e-05 1.93926e-05 1 0.00426006
1 -0.000475418 8.19816e-05 -0.00251507 0.00047542 1 -2.28675e-05 -0.00344981 -8.19707e-05 2.29064e-05 1 0.00388015
1 -0.000638492 4.80595e-05 -0.00694316 0.000638492 1 6.58065e-06 -0.00707095 -4.80636e-05 -6.54996e-06 1 0.00350643
1 -0.000554283 0.000128223 -0.00591413 0.000554284 1 -5.66557e-06 -0.00279138 -0.000128219 5.73664e-06 1 0.00313691
1 -0.000618 4.53088e-05 -0.00488956 0.000617999 1 1.45294e-05 0.0014972 -4.53178e-05 -1.45014e-05 1 0.00276898
1 -0.000574698 0.000177788 -0.0038824 0.000574697 1 2.82417e-06 0.00578831 -0.00017779 -2.722e-06 1 0.00242299
1 -0.00058375 8.16195e-05 -0.00291782 0.000583749 1 1.64095e-05 0.0100281 -8.16291e-05 -1.63619e-05 1 0.00209338
1 -0.000544825 7.44183e-05 -0.00414665 0.000544826 1 -8.2492e-06 0.00496394 -7.44138e-05 8.28975e-06 1 0.00405985
1 -0.000584969 3.38458e-05 -0.00539716 0.000584968 1 3.3157e-05 -3.80755e-05 -3.38652e-05 -3.31372e-05 1 0.00599032
1 -0.000652407 9.40324e-05 -0.00955244 0.000652406 1 7.42444e-06 0.00863306 -9.40373e-05 -7.3631e-06 1 0.0050924
1 -0.000609598 9.34682e-05 -0.00592808 0.000609598 1 6.32124e-06 0.00871177 -9.3472e-05 -6.26426e-06 1 0.00405945
1 -0.000737774 0.000188052 -0.00231619 0.000737772 1 6.3688e-06 0.00879659 -0.000188056 -6.23006e-06 1 0.00303413
1 -0.000400043 1.92803e-05 0.00126291 0.000400043 1 -6.12677e-06 0.00887876 -1.92778e-05 6.13449e-06 1 0.00201432
1 -0.000868211 0.00023253 0.00480261 0.000868206 1 2.50844e-05 0.00896361 -0.000232552 -2.48825e-05 1 0.0010125
1 -0.000638652 8.40195e-05 -0.0103718 0.000638652 1 2.77626e-09 0.00471892 -8.40195e-05 5.08829e-08 1 0.00457381
1 -0.00061065 3.00126e-05 -0.00837192 0.00061065 1 2.37494e-06 0.00395995 -3.0014e-05 -2.35661e-06 1 0.00483089
1 -0.000589583 8.43363e-05 -0.00976682 0.000589585 1 -2.21969e-05 0.0106668 -8.43232e-05 2.22466e-05 1 0.00329034
1 -0.000588974 7.97201e-05 -0.00605842 0.000588972 1 1.82389e-05 0.00598489 -7.97309e-05 -1.8192e-05 1 0.00491724
1 -0.000425239 5.36144e-05 -0.00234972 0.000425243 1 -7.21359e-05 0.00131274 -5.35837e-05 7.21587e-05 1 0.0065411
1 -0.00064149 0.000130577 -0.00713195 0.000641491 1 -1.42839e-06 0.0100619 -0.000130576 1.51216e-06 1 0.00391933
1 -0.000597436 9.2558e-05 -0.00441495 0.000597442 1 -6.70085e-05 0.0108712 -9.25179e-05 6.70638e-05 1 0.00314468
1 -0.000601309 0.000137603 -0.00170134 0.0006013 1 7.02886e-05 0.0116699 -0.000137645 -7.02058e-05 1 0.0023775
1 -0.000601639 5.77702e-05 -0.00889281 0.000601638 1 6.65379e-06 0.00200787 -5.77742e-05 -6.61904e-06 1 0.00437466
1 -0.000711268 0.000100646 -0.00823167 0.00071127 1 -2.81101e-05 0.00779835 -0.000100626 2.81817e-05 1 0.00336178
1 -0.000571076 0.000159423 -0.00757844 0.00057108 1 -2.52794e-05 0.0135756 -0.000159409 2.53704e-05 1 0.00235404
1 -0.000716284 0.000107907 -0.00691609 0.000716282 1 1.03517e-05 0.0193301 -0.000107914 -1.02744e-05 1 0.00136381
1 -0.000599601 8.52129e-05 -0.00745212 0.000599601 1 4.26337e-06 0.00526328 -8.52155e-05 -4.21228e-06 1 0.00508707
1 -0.000575165 9.42937e-05 0.00735233 0.000575164 1 4.52089e-06 0.00652883 -9.42963e-05 -4.46665e-06 1 0.00372604
1 -0.000731957 0.000157864 0.0221542 0.000731954 1 1.90428e-05 0.00778944 -0.000157877 -1.89272e-05 1 0.00237028
1 -0.000372713 0.000348332 0.0369054 0.000372704 1 2.52233e-05 0.00905318 -0.000348342 -2.50935e-05 1 0.00105331
1 -0.000525573 0.000449001 0.0204552 0.000525586 1 -2.71702e-05 0.000394182 -0.000448987 2.74062e-05 1 0.0045
1 -0.000776703 0.000449419 0.00137181 0.000776681 1 4.89467e-05 0.00698668 -0.000449457 -4.85976e-05 1 0.00884718
1 -0.000605317 0.000502159 -0.0177071 0.000605337 1 -3.82768e-05 0.0135726 -0.000502136 3.85808e-05 1 0.013187
1 -0.000695249 0.000573359 -0.0329672 0.000695215 1 6.01384e-05 -0.00106235 -0.000573401 -5.97398e-05 1 0.0103199
0.999999 -0.000907337 0.000646495 -0.0624985 0.000907348 1 -1.76729e-05 0.000850326 -0.000646479 1.82595e-05 1 0.0106365
0.999999 -0.000775468 0.000661813 -0.0920723 0.000775413 1 8.36847e-05 0.00275897 -0.000661878 -8.31715e-05 1 0.0109821
0.999999 -0.00132347 0.00083007 -0.152456 0.00132344 0.999999 3.7951e-05 0.00464878 -0.000830119 -3.68524e-05 1 0.0144423
0.999999 -0.00135817 0.00106855 -0.212839 0.00135828 0.999999 -0.000107832 0.00651121 -0.00106841 0.000109283 0.999999 0.0179173
0.999997 -0.00164779 0.00156779 -0.29988 0.001648 0.999999 -0.000135883 0.00900559 -0.00156756 0.000138466 0.999999 0.0183815
0.999995 -0.00204518 0.00228315 -0.386873 0.00204597 0.999998 -0.000341297 0.0114562 -0.00228244 0.000345966 0.999997 0.0188976
0.999994 -0.00194345 0.00282488 -0.463829 0.00194454 0.999998 -0.000381903 0.00224422 -0.00282413 0.000387394 0.999996 0.0287977
0.999991 -0.00261165 0.00319537 -0.549134 0.00261326 0.999996 -0.000499322 0.0109225 -0.00319405 0.000507669 0.999995 0.0248234
0.999991 -0.00257142 0.00341295 -0.660334 0.00257264 0.999997 -0.000352494 -0.00624061 -0.00341203 0.000361271 0.999994 0.0275683
0.999983 -0.00339415 0.00483076 -0.781151 0.00339611 0.999994 -0.000397505 0.00761706 -0.00482938 0.000413904 0.999988 0.0395876
0.999972 -0.00386749 0.00638337 -0.913739 0.00387086 0.999992 -0.000515386 -0.0109795 -0.00638133 0.000540081 0.999979 0.0463306
0.999959 -0.00443646 0.00792179 -1.03821 0.00443675 0.99999 -1.93087e-05 -0.00398514 -0.00792163 5.44549e-05 0.999969 0.0500835
0.999954 -0.00464586 0.00842171 -1.18702 0.00464554 0.999989 5.78632e-05 -0.0200488 -0.00842188 -1.87372e-05 0.999965 0.0523064
0.999945 -0.00548052 0.00891602 -1.35479 0.00548654 0.999985 -0.000650741 -0.0127402 -0.00891232 0.000699624 0.99996 0.0628582
0.999937 -0.00599866 0.00953837 -1.52091 0.00601409 0.999981 -0.00158988 -0.00745707 -0.00952865 0.00164715 0.999953 0.0603987
0.99993 -0.00631572 0.0100113 -1.68106 0.00633648 0.999978 -0.0020428 -0.0255617 -0.00999822 0.00210609 0.999948 0.0675398
0.99992 -0.00701537 0.0104972 -1.86681 0.00703903 0.999973 -0.00221825 -0.03529 -0.0104814 0.00229197 0.999942 0.0736363
0.999912 -0.00772782 0.0108276 -2.08221 0.00775327 0.999967 -0.00231018 -0.032743 -0.0108094 0.00239392 0.999939 0.0790895
0.999895 -0.00842652 0.0118304 -2.29502 0.00845367 0.999962 -0.00224708 -0.0236106 -0.011811 0.00234685 0.999927 0.0822155
0.999871 -0.00940955 0.0130051 -2.51813 0.00942939 0.999954 -0.001465 -0.0222919 -0.0129908 0.00158744 0.999914 0.0798839
0.999854 -0.00996111 0.0138559 -2.74289 0.00997813 0.99995 -0.00115982 -0.0284807 -0.0138436 0.00129791 0.999903 0.0867391
0.999841 -0.0106888 0.0142828 -2.99599 0.0106929 0.999943 -0.000213736 -0.0366729 -0.0142797 0.000366427 0.999898 0.0820615
0.999814 -0.01163 0.0153673 -3.28253 0.0116361 0.999932 -0.000310483 -0.0383707 -0.0153626 0.000489241 0.999882 0.109041
0.999792 -0.0121735 0.0163881 -3.5607 0.0121955 0.999925 -0.00124501 -0.0644283 -0.0163717 0.00144461 0.999865 0.118088
0.999823 -0.012556 0.0140309 -3.83808 0.0125991 0.999916 -0.00299102 -0.0452103 -0.0139922 0.00316727 0.999897 0.13221
0.999854 -0.0121858 0.011999 -4.1309 0.0122281 0.999919 -0.00345769 -0.0680275 -0.0119559 0.00360391 0.999922 0.125981
0.999861 -0.0125543 0.0109858 -4.4603 0.0125895 0.999916 -0.0031462 -0.0588978 -0.0109453 0.00328407 0.999935 0.136362
0.999866 -0.0121801 0.0109127 -4.80185 0.0121991 0.999924 -0.00167569 -0.0526791 -0.0108914 0.00180859 0.999939 0.144736
0.999865 -0.0124135 0.0107217 -5.12363 0.0124269 0.999922 -0.00117887 -0.0542436 -0.0107062 0.00131195 0.999942 0.159621
0.99985 -0.0135738 0.0107834 -5.48935 0.0135958 0.999906 -0.00197671 -0.0409962 -0.0107556 0.00212302 0.99994 0.171713
0.999858 -0.0131366 0.0106009 -5.81904 0.0131654 0.99991 -0.00265461 -0.0884603 -0.010565 0.00279379 0.99994 0.175879
0.999847 -0.0140963 0.0103574 -6.20023 0.0141328 0.999894 -0.00345721 -0.0984042 -0.0103076 0.00360306 0.99994 0.186352
0.999844 -0.0144464 0.0101771 -6.58766 0.0144822 0.999889 -0.00344886 -0.0924597 -0.0101261 0.00359571 0.999942 0.201906
0.99983 -0.0153647 0.0101715 -6.99632 0.0153905 0.999879 -0.0024575 -0.0790313 -0.0101325 0.00261363 0.999945 0.194368
0.99982 -0.0162142 0.00985334 -7.41726 0.016225 0.999868 -0.00101474 -0.0832882 -0.00983559 0.00117443 0.999951 0.219715
0.999811 -0.0167204 0.00992256 -7.83821 0.0167316 0.999859 -0.00104802 -0.0878679 -0.00990364 0.00121384 0.99995 0.244929
0.999804 -0.0169705 0.0102407 -8.25915 0.0169967 0.999852 -0.00247079 -0.0926698 -0.0101972 0.00264436 0.999945 0.270144
0.999789 -0.0171247 0.0113475 -8.68172 0.0171755 0.999843 -0.00439406 -0.101858 -0.0112704 0.00458803 0.999926 0.268644
0.999766 -0.017873 0.0121874 -9.13708 0.017933 0.999828 -0.00482673 -0.115873 -0.0120991 0.00504416 0.999914 0.274161
0.999754 -0.0184171 0.0123426 -9.6058 0.0184636 0.999823 -0.00366525 -0.12149 -0.0122729 0.00389224 0.999917 0.279121
0.999744 -0.0185926 0.0128929 -10.0844 0.0186276 0.999823 -0.00260258 -0.13226 -0.0128423 0.00284208 0.999913 0.297181
0.999711 -0.0196486 0.013885 -10.563 0.0196834 0.999803 -0.002373 -0.143101 -0.0138357 0.00264561 0.999901 0.315546
0.999714 -0.0199596 0.0131985 -11.0628 0.0200007 0.999796 -0.00298612 -0.137818 -0.0131362 0.00324925 0.999908 0.337143
0.99972 -0.0204364 0.0118952 -11.5732 0.0204915 0.99978 -0.00453052 -0.159322 -0.0118 0.004773 0.999919 0.363849
0.999725 -0.0209568 0.0104779 -12.0702 0.0210215 0.99976 -0.00610312 -0.153702 -0.0103475 0.00632171 0.999926 0.373894
0.999717 -0.0215354 0.010061 -12.6279 0.021601 0.999746 -0.0064539 -0.165476 -0.00991945 0.0066694 0.999929 0.390789
0.999721 -0.0212436 0.0103249 -13.1556 0.0212959 0.999761 -0.00498725 -0.183071 -0.0102165 0.00520573 0.999934 0.404998
0.999694 -0.0219983 0.011341 -13.7035 0.0220495 0.999747 -0.00441256 -0.189053 -0.0112411 0.00466127 0.999926 0.430873
0.999689 -0.0218046 0.0121255 -14.2141 0.0218629 0.99975 -0.00469388 -0.213841 -0.0120201 0.00495751 0.999915 0.449527
0.99968 -0.0222452 0.0120699 -14.8053 0.0223163 0.999734 -0.005784 -0.224097 -0.011938 0.0060515 0.99991 0.462766
0.999677 -0.0227917 0.0112504 -15.3965 0.0228579 0.999722 -0.00578616 -0.234642 -0.0111154 0.00604145 0.99992 0.475939
0.999686 -0.0230336 0.00982646 -15.9517 0.0230899 0.999717 -0.00565471 -0.249522 -0.00969344 0.00587983 0.999936 0.479175
0.999692 -0.0232954 0.00859194 -16.5535 0.0233387 0.999715 -0.00496747 -0.250166 -0.00847377 0.00516647 0.999951 0.502474
0.9997 -0.0230906 0.00811562 -17.1485 0.0231385 0.999715 -0.00586536 -0.245598 -0.00797787 0.00605138 0.99995 0.518524
0.999718 -0.0221476 0.00860597 -17.739 0.0222053 0.999731 -0.00666686 -0.273967 -0.008456 0.00685607 0.999941 0.544326
0.999731 -0.0212089 0.0093573 -18.3465 0.0212701 0.999753 -0.0064876 -0.283086 -0.0092174 0.00668489 0.999935 0.549279
0.999738 -0.0202467 0.0106814 -18.9765 0.0203073 0.999778 -0.00559395 -0.280293 -0.0105657 0.00580939 0.999927 0.569893
0.999751 -0.0192953 0.0112022 -19.5889 0.0193579 0.999797 -0.0055078 -0.319302 -0.0110937 0.00572328 0.999922 0.591641
0.999773 -0.0185684 0.0104879 -20.2377 0.0186265 0.999812 -0.00547526 -0.317063 -0.0103843 0.00566936 0.99993 0.61996
0.999791 -0.0175032 0.0106046 -20.8756 0.0175592 0.999832 -0.00521246 -0.316984 -0.0105116 0.00539758 0.99993 0.640724
0.999803 -0.016652 0.0108426 -21.544 0.0167131 0.999845 -0.00557006 -0.32909 -0.0107482 0.00575017 0.999926 0.66542
0.999814 -0.0156205 0.0113387 -22.1864 0.0156824 0.999862 -0.00539376 -0.339362 -0.0112529 0.00557058 0.999921 0.698514
0.999823 -0.0141064 0.0124476 -22.8596 0.0141792 0.999883 -0.00577952 -0.345426 -0.0123646 0.005955 0.999906 0.71176
0.999831 -0.0138845 0.0120446 -23.534 0.0139661 0.99988 -0.0067188 -0.346537 -0.0119499 0.00688588 0.999905 0.731496
0.999864 -0.012606 0.0106267 -24.2325 0.0126712 0.999901 -0.00609568 -0.356062 -0.0105489 0.00622951 0.999925 0.737564
0.999896 -0.0114853 0.00871767 -24.9105 0.0115333 0.999919 -0.00547238 -0.339044 -0.00865411 0.00557236 0.999947 0.765606
0.999918 -0.0101121 0.00789405 -25.6086 0.010148 0.999938 -0.00452413 -0.355218 -0.00784781 0.00460387 0.999959 0.79237
0.999917 -0.009653 0.0085414 -26.3159 0.00968757 0.999945 -0.00401526 -0.337898 -0.00850217 0.00409767 0.999955 0.804904
0.999918 -0.00832323 0.00970151 -27.0402 0.00835682 0.999959 -0.0034266 -0.350212 -0.00967259 0.00350739 0.999947 0.828885
0.999917 -0.00799937 0.0101347 -27.7611 0.00803863 0.99996 -0.00383835 -0.340596 -0.0101036 0.0039195 0.999941 0.862363
0.999922 -0.0053593 0.0112891 -28.4819 0.00541037 0.999975 -0.00449852 -0.330802 -0.0112647 0.00455924 0.999926 0.896149
0.999912 -0.00540795 0.0121521 -29.1832 0.00546057 0.999976 -0.00430123 -0.346614 -0.0121286 0.0043672 0.999917 0.91188
0.999913 -0.00435971 0.0124198 -29.9387 0.00441415 0.999981 -0.00435911 -0.347031 -0.0124005 0.00441355 0.999913 0.933075
0.999944 -0.00333954 0.0100744 -30.6943 0.00339255 0.99998 -0.00524948 -0.346683 -0.0100566 0.00528336 0.999935 0.954481
0.999967 -0.00187804 0.0079286 -31.4264 0.00192304 0.999982 -0.00567224 -0.348808 -0.00791781 0.0056873 0.999952 0.99094
0.999975 -0.000744204 0.00701783 -32.1764 0.000797084 0.999971 -0.00753529 -0.340985 -0.00701202 0.0075407 0.999947 1.01557
0.999963 0.000782678 0.00851796 -32.9071 -0.000710523 0.999964 -0.00847071 -0.339715 -0.00852428 0.00846434 0.999928 1.02663
0.999938 0.00132141 0.0110798 -33.6906 -0.00122146 0.999959 -0.00902313 -0.318874 -0.0110912 0.00900904 0.999898 1.04816
0.999922 0.00315815 0.0120985 -34.4392 -0.00305983 0.999962 -0.00813698 -0.361194 -0.0121237 0.00809932 0.999894 1.06794
0.999931 0.00399532 0.0110264 -35.2248 -0.00391972 0.999969 -0.00686971 -0.354191 -0.0110535 0.00682602 0.999916 1.10553
0.999945 0.00460376 0.00946318 -35.988 -0.00454778 0.999972 -0.00592779 -0.336722 -0.00949021 0.00588442 0.999938 1.12304
0.999958 0.00482761 0.00778577 -36.7921 -0.00479122 0.999978 -0.00468566 -0.322858 -0.00780822 0.00464816 0.999959 1.15374
0.999976 0.00459645 0.00508942 -37.5765 -0.00457413 0.99998 -0.00438908 -0.314709 -0.00510949 0.0043657 0.999977 1.18008
0.999979 0.0046944 0.0045563 -38.3384 -0.0046759 0.999981 -0.00406151 -0.3117 -0.00457528 0.00404012 0.999981 1.20003
0.999977 0.00404411 0.0053548 -39.1419 -0.0040233 0.999984 -0.00389077 -0.299009 -0.00537045 0.00386913 0.999978 1.22818
0.99996 0.00350913 0.00817013 -39.9444 -0.00347292 0.999984 -0.00444221 -0.306947 -0.00818559 0.00441366 0.999957 1.24549
0.99995 0.00293981 0.00953091 -40.7507 -0.00289588 0.999985 -0.00461966 -0.292697 -0.00954435 0.00459183 0.999944 1.27257
0.999958 0.00245362 0.00883279 -41.5793 -0.00242192 0.999991 -0.00359753 -0.286755 -0.00884154 0.00357599 0.999955 1.29388
0.999962 0.00265477 0.0082701 -42.3649 -0.00262957 0.999992 -0.00305647 -0.289542 -0.00827815 0.00303461 0.999961 1.31365
0.999969 0.00213644 0.00762115 -43.1853 -0.00211281 0.999993 -0.00310842 -0.284921 -0.00762774 0.00309223 0.999966 1.34853
0.999978 0.0017268 0.00645819 -43.9851 -0.0017041 0.999992 -0.00352015 -0.272405 -0.00646422 0.00350906 0.999973 1.36434
0.999987 0.00162394 0.00482615 -44.7984 -0.00161285 0.999996 -0.00230131 -0.270967 -0.00482987 0.0022935 0.999986 1.37933
0.999999 0.000419265 0.00142472 -45.6351 -0.000416335 0.999998 -0.00205579 -0.260252 -0.00142558 0.0020552 0.999997 1.40117
0.999999 0.000938554 -0.00113307 -46.4335 -0.000941056 0.999997 -0.00220981 -0.256999 0.001131 0.00221087 0.999997 1.42947
1 0.000482676 9.83097e-05 -47.2781 -0.000482397 0.999996 -0.00281428 -0.264259 -9.96677e-05 0.00281423 0.999996 1.46261
0.999994 0.000141614 0.00358659 -48.0725 -0.000128546 0.999993 -0.00364351 -0.257744 -0.00358708 0.00364302 0.999987 1.49341
0.999966 0.000191773 0.00821261 -48.8754 -0.000157478 0.999991 -0.00417641 -0.252186 -0.00821334 0.00417498 0.999958 1.5079
0.99994 -0.00013233 0.010987 -49.6852 0.000174589 0.999993 -0.0038454 -0.251681 -0.0109864 0.00384708 0.999932 1.52716
0.999964 0.000190669 0.00844608 -50.4444 -0.000168305 0.999996 -0.0026485 -0.256608 -0.00844655 0.00264698 0.999961 1.54761
0.99999 -0.000382161 0.00444065 -51.2526 0.000391366 0.999998 -0.00207217 -0.248255 -0.00443985 0.00207389 0.999988 1.58702
0.999998 -0.00113202 0.00153965 -52.0653 0.00113547 0.999997 -0.00224518 -0.240645 -0.0015371 0.00224693 0.999996 1.60655
0.999999 -0.000825663 0.00103077 -52.8609 0.000827983 0.999997 -0.00225292 -0.258467 -0.00102891 0.00225377 0.999997 1.62749
0.999997 -0.00119046 0.0019134 -53.6313 0.00119301 0.999998 -0.00133508 -0.250284 -0.00191181 0.00133736 0.999997 1.65861
0.999993 -0.00104762 0.00351162 -54.4098 0.00105192 0.999999 -0.00122315 -0.226697 -0.00351034 0.00122684 0.999993 1.67968
0.999982 -0.00043018 0.00591009 -55.1639 0.000436517 0.999999 -0.0010711 -0.251424 -0.00590962 0.00107366 0.999982 1.71575
0.999971 -0.00121625 0.00750978 -55.952 0.00123382 0.999997 -0.00233617 -0.240035 -0.00750692 0.00234537 0.999969 1.74389
0.999952 -0.000915562 0.00973284 -56.7232 0.000942741 0.999996 -0.00278837 -0.226073 -0.00973024 0.00279741 0.999949 1.75924
0.999958 -0.00196625 0.00889734 -57.4909 0.0019901 0.999994 -0.00267228 -0.224237 -0.00889204 0.00268988 0.999957 1.79673
0.999981 -0.00143373 0.00606795 -58.2388 0.00144869 0.999996 -0.0024616 -0.249345 -0.00606439 0.00247034 0.999979 1.80646
0.999996 -0.00117715 0.00271112 -59.0328 0.0011833 0.999997 -0.00226966 -0.213686 -0.00270843 0.00227286 0.999994 1.84122
0.999999 -0.00069348 0.00136501 -59.7834 0.000696518 0.999997 -0.00222657 -0.230088 -0.00136346 0.00222751 0.999997 1.86614
0.999998 -0.00103279 0.00162843 -60.5298 0.0010357 0.999998 -0.00178689 -0.215662 -0.00162658 0.00178857 0.999997 1.88605
0.999994 -0.000626172 0.00342914 -61.2798 0.000632514 0.999998 -0.00184866 -0.220058 -0.00342798 0.00185082 0.999992 1.90795
0.999979 -0.000745302 0.00641434 -62.0189 0.000764146 0.999995 -0.0029358 -0.234451 -0.00641212 0.00294064 0.999975 1.96004
0.999957 0.000411127 0.00921177 -62.7394 -0.000367137 0.999989 -0.00477664 -0.241792 -0.00921363 0.00477305 0.999946 1.98318
0.999937 0.00109522 0.0112086 -63.4964 -0.00102922 0.999982 -0.00589232 -0.230167 -0.0112148 0.00588041 0.99992 1.99555
0.999937 0.0026428 0.0108949 -64.2106 -0.00257859 0.999979 -0.00590261 -0.237759 -0.0109102 0.00587414 0.999923 2.01756
0.99996 0.00317039 0.00832087 -64.9443 -0.00312189 0.999978 -0.00583513 -0.242955 -0.00833918 0.00580893 0.999948 2.04848
0.999972 0.00362105 0.00656386 -65.6735 -0.00357745 0.999972 -0.00664321 -0.230979 -0.00658773 0.00661954 0.999956 2.07098
0.999963 0.00476012 0.00721716 -66.4187 -0.00471227 0.999967 -0.00663225 -0.21045 -0.00724849 0.00659799 0.999952 2.07808
0.999948 0.00603054 0.00817408 -67.106 -0.00597576 0.99996 -0.00670915 -0.193794 -0.00821421 0.00665996 0.999944 2.11867
0.999937 0.00667782 0.00902707 -67.8472 -0.00661683 0.999955 -0.0067688 -0.179372 -0.00907187 0.00670864 0.999936 2.15681
0.999926 0.00777557 0.00937848 -68.565 -0.00770345 0.999941 -0.00770228 -0.199921 -0.00943781 0.00762946 0.999926 2.16953
0.99994 0.00824172 0.00725455 -69.2824 -0.00817546 0.999925 -0.00911515 -0.18556 -0.00732913 0.00905529 0.999932 2.19271
0.999942 0.00916847 0.00570761 -70.02 -0.00910781 0.999903 -0.0105651 -0.180578 -0.00580392 0.0105125 0.999928 2.21174
0.999943 0.00943827 0.00501026 -70.7491 -0.0093887 0.999908 -0.00982619 -0.18328 -0.00510254 0.00977859 0.999939 2.24302
0.99993 0.0104742 0.00550576 -71.4772 -0.0104199 0.999898 -0.00981046 -0.172243 -0.00560795 0.0097524 0.999937 2.26311
0.999925 0.010861 0.00572415 -72.1762 -0.0108007 0.999887 -0.0104619 -0.16483 -0.00583714 0.0103993 0.999929 2.29946
0.99991 0.0115388 0.00680628 -72.9152 -0.0114529 0.999856 -0.0125331 -0.156756 -0.00694991 0.012454 0.999898 2.31783
0.99991 0.0115054 0.0068822 -73.6442 -0.0114134 0.999847 -0.0132593 -0.147203 -0.00703371 0.0131796 0.999888 2.32333
0.999912 0.0120191 0.00565245 -74.3478 -0.0119425 0.999839 -0.0133851 -0.127863 -0.00581242 0.0133165 0.999894 2.32256
0.999927 0.0119671 0.00166597 -75.0768 -0.0119462 0.999856 -0.0120281 -0.117889 -0.00180967 0.0120073 0.999926 2.35778
0.999919 0.0126268 -0.00153112 -75.7985 -0.0126427 0.999861 -0.0108502 -0.0990627 0.00139391 0.0108687 0.99994 2.34428
0.999897 0.0134617 -0.00494776 -76.5282 -0.0135075 0.999865 -0.00933483 -0.0764012 0.00482143 0.0094007 0.999944 2.38729
0.999887 0.0142651 -0.00477455 -77.2321 -0.0143061 0.99986 -0.00865796 -0.0576187 0.00465038 0.00872529 0.999951 2.41054
0.999896 0.0144251 -0.000645265 -77.9591 -0.01443 0.99986 -0.0085117 -0.0658842 0.000522393 0.00852012 0.999964 2.44582
0.999864 0.0147968 0.00728624 -78.6878 -0.0147218 0.999839 -0.0102333 -0.0555647 -0.00743649 0.0101247 0.999921 2.47483
0.999784 0.0153253 0.0140271 -79.4056 -0.0151666 0.999821 -0.0113493 -0.0226265 -0.0141985 0.0111342 0.999837 2.50283
0.999731 0.0154165 0.0173234 -80.1233 -0.0152265 0.999823 -0.0110448 -0.0297034 -0.0174906 0.0107781 0.999789 2.50799
0.99976 0.0162784 0.0146642 -80.8353 -0.0161034 0.999799 -0.0119794 0.0115737 -0.0148562 0.0117403 0.999821 2.55106
0.999818 0.0163782 0.00981552 -81.5781 -0.0162396 0.99977 -0.0140379 0.0324498 -0.0100432 0.0138759 0.999853 2.57013
0.999828 0.0171031 0.00720114 -82.2949 -0.0169855 0.999726 -0.0160895 0.0542161 -0.00747435 0.0159644 0.999845 2.59076
0.999786 0.0178413 0.0104988 -83.0167 -0.0176663 0.999707 -0.0165332 0.0563603 -0.0107907 0.0163442 0.999808 2.62093
0.999579 0.0175053 0.0231333 -83.7348 -0.0172235 0.999776 -0.0123275 0.0722564 -0.0233439 0.0119239 0.999656 2.64114
0.999122 0.0180392 0.0378058 -84.4727 -0.0178131 0.999821 -0.00630685 0.102235 -0.0379128 0.00562787 0.999265 2.66169
0.998935 0.0187769 0.042152 -85.1761 -0.0187347 0.999824 -0.00139641 0.0914485 -0.0421708 0.000605219 0.99911 2.7338
0.999321 0.0197529 0.031109 -85.9209 -0.0197146 0.999804 -0.0015375 0.132462 -0.0311333 0.000923152 0.999515 2.7625
0.999766 0.0213268 0.00369006 -86.6825 -0.0213122 0.999765 -0.00394902 0.166173 -0.00377341 0.00386945 0.999985 2.78091
0.999495 0.022282 -0.0226527 -87.4365 -0.0224212 0.999731 -0.00590578 0.196223 0.022515 0.00641069 0.999726 2.79306
0.999191 0.0236475 -0.0325373 -88.1526 -0.0239831 0.999663 -0.00996123 0.206676 0.0322908 0.0107335 0.999421 2.81399
0.999461 0.0248862 -0.0214023 -88.8924 -0.0251419 0.999615 -0.01176 0.202777 0.0211013 0.0122917 0.999702 2.85255
0.999645 0.0265723 0.0021761 -89.6214 -0.0265424 0.999566 -0.012786 0.227203 -0.00251491 0.0127237 0.999916 2.86662
0.999452 0.0278429 0.0179213 -90.3435 -0.0276073 0.999531 -0.0132663 0.261966 -0.0182822 0.0127643 0.999751 2.88058
0.999336 0.0303619 0.020141 -91.0911 -0.0300842 0.99945 -0.0139549 0.284289 -0.0205537 0.0133397 0.9997 2.88867
0.999358 0.0325382 0.0150019 -91.8612 -0.0323206 0.999372 -0.0145219 0.328688 -0.015465 0.0140277 0.999782 2.89591
0.999378 0.0341523 0.00876562 -92.6073 -0.0340297 0.999326 -0.0137742 0.368366 -0.00923013 0.0134673 0.999867 2.91346
0.999362 0.0349665 0.00732946 -93.3575 -0.0348703 0.999309 -0.0128659 0.372311 -0.00777427 0.0126021 0.99989 2.94777
0.999284 0.0367105 0.00910888 -94.1338 -0.0365999 0.999258 -0.0120211 0.413525 -0.00954343 0.0116792 0.999886 2.99287
0.999206 0.0382013 0.0113085 -94.8589 -0.0380845 0.999221 -0.0103737 0.461625 -0.011696 0.00993476 0.999882 2.99589
0.999145 0.0397865 0.0112415 -95.6447 -0.0396966 0.999179 -0.00810634 0.508424 -0.0115548 0.00765316 0.999904 3.02208
0.999072 0.0420037 0.00951631 -96.3973 -0.0419375 0.999095 -0.00705413 0.537745 -0.009804 0.0066485 0.99993 3.0485
0.998974 0.0447037 0.00724134 -97.1663 -0.0446446 0.99897 -0.00812454 0.559821 -0.00759707 0.00779292 0.999941 3.09537
0.998931 0.045732 0.00676657 -97.9319 -0.0456581 0.9989 -0.0106966 0.592882 -0.0072483 0.0103762 0.99992 3.11559
0.998858 0.0470606 0.00820831 -98.7521 -0.0469724 0.99884 -0.0106198 0.636118 -0.00869856 0.0102222 0.99991 3.12156
0.998804 0.0479745 0.00941795 -99.488 -0.0478953 0.998817 -0.0084578 0.687708 -0.00981256 0.00799661 0.99992 3.15108
0.998701 0.0499338 0.010183 -100.322 -0.0498668 0.998733 -0.00673124 0.739128 -0.0105062 0.0062147 0.999925 3.18077
0.998561 0.0525131 0.0109182 -101.112 -0.0524359 0.998598 -0.00724534 0.792467 -0.0112834 0.0066624 0.999914 3.23323
0.998439 0.0544223 0.0125328 -101.91 -0.0543269 0.998493 -0.00782925 0.862004 -0.01294 0.00713617 0.999891 3.25912
0.998306 0.0564637 0.0140011 -102.693 -0.0563287 0.998364 -0.00985629 0.897582 -0.0145347 0.00905093 0.999853 3.2987
0.998209 0.057754 0.0155824 -103.468 -0.0575666 0.998267 -0.0122138 0.927958 -0.0162608 0.0112949 0.999804 3.30961
0.998067 0.0603545 0.0148399 -104.27 -0.0601732 0.998111 -0.0123717 0.99446 -0.0155585 0.0114548 0.999813 3.34762
0.998006 0.062002 0.0117914 -105.102 -0.0618572 0.99801 -0.0122748 1.03813 -0.012529 0.0115209 0.999855 3.37031
0.997891 0.0646192 0.00619314 -105.923 -0.0645408 0.997841 -0.0121271 1.07693 -0.00696342 0.0117018 0.999907 3.41551
0.997775 0.0666007 0.00300532 -106.747 -0.0665605 0.997711 -0.0119345 1.15479 -0.00379329 0.0117079 0.999924 3.43554
0.997621 0.0688767 0.00301774 -107.562 -0.0688291 0.997534 -0.0137495 1.2037 -0.00395732 0.0135091 0.999901 3.47574
0.997421 0.071338 0.00794348 -108.381 -0.0712134 0.997348 -0.014998 1.26817 -0.00899235 0.0143937 0.999856 3.49678
0.997235 0.0727304 0.0152754 -109.226 -0.0724744 0.997231 -0.0166971 1.33673 -0.0164474 0.0155438 0.999744 3.52682
0.99694 0.0757062 0.0194856 -110.032 -0.0753798 0.99701 -0.0169726 1.39827 -0.0207123 0.0154519 0.999666 3.56323
0.996746 0.0783421 0.0189536 -110.858 -0.0780182 0.996802 -0.0172636 1.46622 -0.0202454 0.0157287 0.999671 3.58203
0.996623 0.0807595 0.0148251 -111.719 -0.0804882 0.996592 -0.0180658 1.54213 -0.0162335 0.0168116 0.999727 3.5986
0.9965 0.0830489 0.00948547 -112.54 -0.0828876 0.996426 -0.016292 1.60913 -0.0108046 0.0154487 0.999822 3.6324
0.996338 0.0852699 0.00627753 -113.372 -0.085171 0.996259 -0.0146148 1.69222 -0.00750025 0.0140267 0.999873 3.64646
0.996109 0.0879668 0.00526743 -114.225 -0.0878962 0.996053 -0.0123941 1.77538 -0.0063369 0.0118829 0.999909 3.68627
0.995893 0.0901991 0.00782751 -115.067 -0.0900956 0.995852 -0.0126944 1.83059 -0.00894007 0.011937 0.999889 3.74635
0.995618 0.0924387 0.0141214 -115.9 -0.0921939 0.995594 -0.0171019 1.92205 -0.0156401 0.0157251 0.999754 3.77665
0.995344 0.0940576 0.0210608 -116.785 -0.093725 0.995465 -0.016258 2.00531 -0.0224945 0.0142084 0.999646 3.79419
0.995142 0.0959541 0.0220432 -117.597 -0.0956645 0.995317 -0.013842 2.08439 -0.0232682 0.011666 0.999661 3.82701
0.995 0.0977582 0.020437 -118.468 -0.0975023 0.995148 -0.0131669 2.1857 -0.0216251 0.0111084 0.999704 3.87924
0.994963 0.0987007 0.0175132 -119.344 -0.0984969 0.995063 -0.0121409 2.28394 -0.018625 0.0103548 0.999773 3.92736
0.994812 0.100129 0.0179658 -120.181 -0.0998918 0.994905 -0.0136549 2.3722 -0.0192415 0.0117894 0.999745 3.98025
0.994639 0.101419 0.0202102 -121.056 -0.101121 0.994757 -0.0152493 2.43524 -0.0216508 0.0131238 0.999679 4.03022
0.994518 0.102347 0.0214056 -121.904 -0.102012 0.994651 -0.0162036 2.56056 -0.0229495 0.0139311 0.99964 4.04022
0.994487 0.103317 0.0179236 -122.751 -0.103099 0.99459 -0.0126907 2.66177 -0.0191378 0.0107729 0.999759 4.0772
0.994415 0.105056 0.0101398 -123.616 -0.104937 0.994411 -0.0116171 2.7458 -0.0113036 0.0104882 0.999881 4.10558
0.994223 0.107294 0.00299615 -124.482 -0.107254 0.994168 -0.0112627 2.83145 -0.0041871 0.0108763 0.999932 4.1272
0.994076 0.108659 0.00230868 -125.338 -0.108627 0.994022 -0.0110142 2.92765 -0.00349167 0.0106982 0.999937 4.15945
0.993859 0.110478 0.00626936 -126.201 -0.110407 0.993828 -0.0107995 3.04412 -0.00742377 0.010041 0.999922 4.15918
0.993722 0.11143 0.0100187 -127.035 -0.111328 0.993732 -0.010182 3.13494 -0.0110905 0.00900276 0.999898 4.19872
0.993505 0.11312 0.0123578 -127.905 -0.112988 0.993537 -0.0108858 3.24611 -0.0135093 0.00941878 0.999864 4.25268
0.993337 0.114604 0.0121042 -128.779 -0.114455 0.993352 -0.0123368 3.35771 -0.0134376 0.0108693 0.999851 4.28194
0.993191 0.116058 0.0100763 -129.683 -0.115931 0.99318 -0.0124055 3.4487 -0.0114474 0.0111528 0.999872 4.31073
0.993054 0.117464 0.0068127 -130.55 -0.117376 0.993013 -0.0121325 3.55721 -0.00819024 0.0112486 0.999903 4.33454
0.992912 0.118736 0.00523885 -131.391 -0.118683 0.992887 -0.00942204 3.67955 -0.00632032 0.0087335 0.999942 4.33727
0.992724 0.120264 0.00598265 -132.255 -0.120219 0.99272 -0.00735055 3.77392 -0.0068231 0.00657784 0.999955 4.39569
0.992531 0.121687 0.00858506 -133.143 -0.121622 0.992546 -0.00773802 3.87918 -0.00946269 0.00663609 0.999933 4.46248
0.992311 0.123233 0.0115145 -134.032 -0.123161 0.992364 -0.00678753 3.98872 -0.012263 0.0053172 0.999911 4.4618
0.992243 0.123906 0.0100179 -134.915 -0.123847 0.992281 -0.00639102 4.1383 -0.0107325 0.00510076 0.999929 4.50263
0.992213 0.124324 0.0075596 -135.799 -0.124281 0.99223 -0.00587403 4.28828 -0.00823114 0.00488878 0.999954 4.54203
0.991947 0.126494 0.00636117 -136.66 -0.126458 0.991955 -0.00584867 4.33693 -0.00704981 0.00499715 0.999963 4.5708
0.99188 0.127047 0.00566803 -137.542 -0.127012 0.991882 -0.00624748 4.45531 -0.00641574 0.00547685 0.999964 4.59293
0.991856 0.127238 0.00572253 -138.425 -0.127202 0.991856 -0.00637856 4.57419 -0.00648753 0.0055987 0.999963 4.61452
0.991915 0.126786 0.00547111 -139.307 -0.126745 0.991909 -0.0072817 4.69323 -0.00635006 0.00652939 0.999959 4.63618
0.991933 0.126539 0.00748597 -140.223 -0.126475 0.991933 -0.00852604 4.79541 -0.00850446 0.00751048 0.999936 4.69538
0.991919 0.126539 0.00924432 -141.102 -0.12645 0.991926 -0.00964224 4.91758 -0.0103898 0.00839537 0.999911 4.72246
0.991902 0.126581 0.0103609 -142.005 -0.126489 0.991927 -0.00906181 5.02847 -0.0114243 0.00767789 0.999905 4.73708
0.991976 0.125984 0.0105877 -142.866 -0.125899 0.992008 -0.00835102 5.15333 -0.0115551 0.00695104 0.999909 4.77242
0.991963 0.126072 0.0107202 -143.76 -0.125984 0.991996 -0.00851748 5.26514 -0.0117082 0.00709846 0.999906 4.8366
0.991967 0.126006 0.0110958 -144.644 -0.125909 0.992001 -0.00901107 5.39048 -0.0121424 0.00754163 0.999898 4.85752
0.991998 0.125817 0.0104537 -145.551 -0.125721 0.992021 -0.00941036 5.49339 -0.0115543 0.00802081 0.999901 4.88141
0.992118 0.125032 0.00834081 -146.414 -0.124952 0.992117 -0.00952745 5.61639 -0.0094663 0.00841015 0.99992 4.92209
0.992116 0.125075 0.00793132 -147.292 -0.12499 0.992103 -0.0104204 5.72723 -0.00917202 0.00934688 0.999914 4.94961
0.992069 0.125342 0.00940811 -148.205 -0.125237 0.992066 -0.0109961 5.83329 -0.0107117 0.00973069 0.999895 4.98199
0.992082 0.1251 0.0110658 -149.079 -0.124974 0.992095 -0.0113915 5.93829 -0.0124034 0.00991837 0.999874 4.99844
0.992116 0.124935 0.00981436 -149.953 -0.124837 0.992127 -0.0100339 6.04312 -0.0109907 0.00872959 0.999901 5.01644
0.992215 0.12421 0.00895721 -150.845 -0.124109 0.992206 -0.011125 6.1716 -0.0102692 0.00992673 0.999898 5.08222
0.992151 0.124606 0.0104986 -151.71 -0.124497 0.992165 -0.0104716 6.28454 -0.0117211 0.00908239 0.99989 5.09384
0.992213 0.123981 0.0119409 -152.586 -0.123884 0.99226 -0.00856169 6.38161 -0.01291 0.00701573 0.999892 5.1306
0.992241 0.123718 0.0122952 -153.445 -0.123636 0.992301 -0.00723604 6.49477 -0.0130957 0.00565978 0.999898 5.16558
0.992273 0.123612 0.0107215 -154.34 -0.123557 0.992321 -0.00569431 6.60983 -0.011343 0.0043256 0.999926 5.21595
0.992347 0.123124 0.00940481 -155.196 -0.123071 0.99238 -0.00598806 6.72061 -0.0100704 0.00478477 0.999938 5.23119
0.992349 0.123115 0.00931393 -156.071 -0.123073 0.992385 -0.0049479 6.85 -0.00985217 0.00376375 0.999944 5.27934
0.992366 0.122884 0.0104741 -156.926 -0.122832 0.992413 -0.00543373 6.94186 -0.0110623 0.0041057 0.99993 5.3145
0.992369 0.122739 0.0118113 -157.785 -0.122688 0.992433 -0.0049614 7.0461 -0.0123309 0.00347442 0.999918 5.34317
0.992411 0.122347 0.0122937 -158.611 -0.122292 0.992481 -0.00516417 7.15046 -0.012833 0.00362157 0.999911 5.37578
0.992503 0.121595 0.0123691 -159.454 -0.121537 0.992573 -0.00534037 7.27462 -0.0129266 0.00379703 0.999909 5.41718
0.992519 0.121525 0.0117479 -160.327 -0.121467 0.99258 -0.00558914 7.37482 -0.01234 0.00412034 0.999915 5.44499
0.992537 0.121513 0.0102148 -161.149 -0.121455 0.992578 -0.00608307 7.46174 -0.0108782 0.00479704 0.999929 5.47296
0.992519 0.121784 0.00866901 -162.012 -0.121741 0.992548 -0.00527453 7.59153 -0.00924676 0.0041797 0.999949 5.5051
0.992586 0.121327 0.00732234 -162.85 -0.121299 0.992607 -0.00422792 7.68897 -0.00778117 0.00330838 0.999964 5.54034
0.992634 0.120943 0.00711127 -163.695 -0.120916 0.992654 -0.00411352 7.78094 -0.00755654 0.00322335 0.999966 5.55944
0.992606 0.121143 0.00765932 -164.539 -0.121106 0.992627 -0.00503163 7.87262 -0.00821239 0.00406683 0.999958 5.57836
0.992686 0.120444 0.00821395 -165.352 -0.120403 0.992711 -0.00526283 7.99106 -0.00878795 0.00423535 0.999952 5.62124
0.99268 0.120407 0.00935787 -166.155 -0.120369 0.992719 -0.00454003 8.07433 -0.00983639 0.0033804 0.999946 5.64284
0.992721 0.120062 0.00945093 -166.993 -0.120024 0.992761 -0.00451788 8.19173 -0.00992493 0.00335066 0.999945 5.6789
0.992697 0.120285 0.00920554 -167.803 -0.120253 0.992735 -0.00395796 8.30052 -0.00961474 0.00282206 0.99995 5.70511
0.992701 0.120176 0.0101486 -168.595 -0.120139 0.992748 -0.00415342 8.37644 -0.0105742 0.00290386 0.99994 5.73511
0.99266 0.12031 0.0123123 -169.414 -0.120263 0.992732 -0.00443211 8.47977 -0.012756 0.00291886 0.999914 5.76349
0.992695 0.119853 0.0138482 -170.201 -0.119812 0.992789 -0.00378266 8.56496 -0.0142017 0.00209586 0.999897 5.79456
0.992707 0.119748 0.0139257 -171.001 -0.119704 0.992802 -0.00398981 8.67842 -0.0143032 0.00229375 0.999895 5.84462
0.992717 0.119749 0.013125 -171.829 -0.119694 0.992799 -0.00492778 8.77933 -0.0136205 0.00332091 0.999902 5.88896
0.992766 0.119536 0.0112521 -172.627 -0.119472 0.992818 -0.00625348 8.85205 -0.0119188 0.00486394 0.999917 5.92247
0.992745 0.119767 0.0106216 -173.404 -0.119696 0.992786 -0.00705396 8.95626 -0.0113898 0.00573142 0.999919 5.94665
0.992772 0.119661 0.00926644 -174.185 -0.119593 0.992794 -0.00759955 9.04877 -0.010109 0.00643642 0.999928 5.9819
0.992864 0.118772 0.0106798 -174.966 -0.118688 0.992898 -0.00819315 9.1412 -0.0115771 0.00686712 0.999909 6.01615
0.992833 0.11912 0.00960784 -175.754 -0.119033 0.992848 -0.00914396 9.26353 -0.0106284 0.00793478 0.999912 6.03992
0.992847 0.118921 0.010625 -176.54 -0.118812 0.992863 -0.010358 9.35007 -0.0117809 0.00902153 0.99989 6.07804
0.992833 0.118787 0.0130929 -177.325 -0.118658 0.992883 -0.0101611 9.4364 -0.0142067 0.00853472 0.999863 6.11708
0.992834 0.118688 0.0139081 -178.107 -0.118545 0.992891 -0.0106595 9.53014 -0.0150744 0.00893442 0.999846 6.13342
0.992887 0.118129 0.0148998 -178.854 -0.117967 0.992954 -0.0112636 9.63255 -0.0161254 0.00942581 0.999826 6.18515
0.992894 0.117861 0.016456 -179.663 -0.117645 0.992963 -0.0135358 9.72431 -0.0179356 0.0115036 0.999773 6.19545
0.992986 0.117187 0.0156943 -180.435 -0.116964 0.993032 -0.0144061 9.81075 -0.0172731 0.0124694 0.999773 6.23927
0.992932 0.117638 0.0157133 -181.193 -0.117356 0.99293 -0.0178414 9.8839 -0.017701 0.0158713 0.999717 6.2796
0.992854 0.117125 0.022872 -181.985 -0.11671 0.99299 -0.0186896 9.98267 -0.0249007 0.0158866 0.999564 6.30632
0.992624 0.116559 0.0333355 -182.74 -0.116025 0.993092 -0.0175088 10.0876 -0.035146 0.0135119 0.999291 6.3325
0.992354 0.116742 0.0400543 -183.506 -0.11643 0.993148 -0.0100378 10.1652 -0.0409516 0.00529755 0.999147 6.37178
0.992519 0.116985 0.0349347 -184.281 -0.116837 0.993131 -0.00626058 10.2627 -0.0354272 0.00213206 0.99937 6.43474
0.993037 0.116601 0.0167801 -185.077 -0.116503 0.993168 -0.00670641 10.3702 -0.0174475 0.00470479 0.999837 6.49444
0.993035 0.117539 -0.00816304 -185.903 -0.117586 0.993047 -0.00552726 10.4594 0.00745661 0.00644862 0.999951 6.4844
0.99283 0.117245 -0.0232793 -186.714 -0.117362 0.993082 -0.00372255 10.5628 0.0226818 0.00642797 0.999722 6.4864
0.992756 0.118629 -0.0190431 -187.476 -0.118715 0.992923 -0.00340193 10.6529 0.0185048 0.00563798 0.999813 6.51816
0.992793 0.119739 0.00496373 -188.291 -0.119694 0.992774 -0.00860781 10.7395 -0.00595855 0.00795164 0.999951 6.57483
0.992309 0.120228 0.0294541 -189.035 -0.119874 0.992697 -0.0135071 10.8389 -0.030863 0.00987248 0.999475 6.58891
0.991955 0.120528 0.0386958 -189.813 -0.120118 0.992678 -0.0127522 10.9223 -0.0399494 0.00800156 0.99917 6.60481
0.992281 0.120458 0.0294815 -190.6 -0.120235 0.992703 -0.00922514 11.0298 -0.0303776 0.00560923 0.999523 6.64629
0.992485 0.121143 0.0172692 -191.417 -0.12105 0.992626 -0.00634149 11.1543 -0.01791 0.0042034 0.999831 6.67117
0.992531 0.1218 0.00685974 -192.22 -0.121786 0.992554 -0.00237216 11.2563 -0.00709759 0.00151902 0.999974 6.70676
0.99249 0.122291 0.00278015 -193.033 -0.122283 0.992491 -0.00287686 11.3592 -0.00311109 0.00251529 0.999992 6.77358
0.992458 0.122356 0.00742165 -193.872 -0.122317 0.992475 -0.00556751 11.432 -0.00804703 0.00461773 0.999957 6.79291
0.992451 0.121787 0.0144641 -194.653 -0.121699 0.992544 -0.00681265 11.5496 -0.015186 0.00500094 0.999872 6.78786
0.992436 0.121446 0.0179247 -195.465 -0.121392 0.992596 -0.0040403 11.658 -0.0182827 0.00183382 0.999831 6.81808
0.992469 0.121566 0.0150992 -196.277 -0.121558 0.992583 -0.00139519 11.7671 -0.0151568 -0.000450742 0.999885 6.84551
0.992389 0.122628 0.0112144 -197.082 -0.122627 0.992452 -0.000771154 11.8401 -0.0112243 -0.000609907 0.999937 6.8841
0.992378 0.122438 0.0139471 -197.928 -0.122429 0.992476 -0.00153217 11.956 -0.0140298 -0.000187027 0.999902 6.91426
0.992324 0.12198 0.0203599 -198.742 -0.121981 0.992532 -0.00117672 12.0615 -0.0203514 -0.00131584 0.999792 6.96244
0.992246 0.121868 0.0244326 -199.56 -0.121886 0.992544 -0.000747426 12.1647 -0.0243415 -0.00223636 0.999701 7.00932
0.992319 0.121476 0.023381 -200.398 -0.121487 0.992593 -0.000956217 12.2783 -0.0233239 -0.00189162 0.999726 7.03437
0.992387 0.121678 0.0190435 -201.209 -0.121708 0.992566 0.000428399 12.3703 -0.0188498 -0.00274289 0.999819 7.06859
0.99242 0.122145 0.0135434 -202.058 -0.122159 0.99251 0.000249945 12.4866 -0.0134114 -0.0019025 0.999908 7.11274
0.992392 0.122577 0.0114902 -202.894 -0.122573 0.992459 -0.00108399 12.5741 -0.0115364 -0.000332641 0.999933 7.16394
0.992402 0.122475 0.0117238 -203.716 -0.122448 0.99247 -0.00303012 12.6916 -0.0120066 0.00157155 0.999927 7.18416
