1 0 0 0 0 1 0 0 -0 0 1 0
1 -0.000727154 -7.67971e-05 0.00344289 0.000727205 1 0.000661584 0.0017029 7.6316e-05 -0.000661639 1 0.00355077
1 -0.000666588 -0.000131344 0.00782263 0.00066666 1 0.000544179 0.00247946 0.000130981 -0.000544266 1 0.00233094
1 -0.000682638 -3.98308e-05 0.0121181 0.000682663 1 0.000622714 0.00323258 3.94057e-05 -0.000622741 1 0.00113263
1 -0.000615916 -0.000167485 -0.00127754 0.000616013 1 0.000577365 -0.000639581 0.00016713 -0.000577468 1 0.00347276
1 -0.000649253 -0.000131837 0.00239379 0.000649315 1 0.000469231 -0.00263751 0.000131532 -0.000469316 1 0.00577798
1 -0.000320286 -8.17237e-05 0.00606112 0.000320296 1 0.00012311 -0.004594 8.16843e-05 -0.000123136 1 0.00806349
1 -0.000762776 -4.59108e-05 0.00505351 0.000762805 1 0.000618684 -0.00274501 4.54389e-05 -0.000618719 1 0.000874597
1 -0.000349637 -0.000101252 0.00406712 0.000349728 1 0.000897389 -0.000886833 0.000100938 -0.000897424 1 -0.00630442
0.999999 -0.0010689 -7.40968e-06 0.00309098 0.00106891 0.999999 0.00124879 0.00094418 6.07485e-06 -0.0012488 0.999999 -0.0134117
1 -0.000603374 -7.39672e-05 0.00877122 0.000603408 1 0.00046349 -0.00365266 7.36875e-05 -0.000463535 1 0.00358207
1 -0.00067147 -0.000100545 0.0058186 0.000671522 1 0.000516471 -0.00161853 0.000100198 -0.000516539 1 0.00237097
1 -0.000430635 -7.23051e-05 0.0166971 0.000430668 1 0.000451368 -0.00259464 7.21108e-05 -0.000451399 1 0.00579009
1 -0.000324297 -0.000281872 0.0275082 0.000324497 1 0.000713203 -0.00356897 0.00028164 -0.000713294 1 0.00921064
1 -0.00072964 -6.72444e-05 0.00560262 0.000729682 1 0.000627499 0.00218329 6.67865e-05 -0.000627548 1 0.00251071
1 -0.000913027 -6.73098e-05 0.00512226 0.000913067 0.999999 0.000584156 0.00376529 6.67764e-05 -0.000584217 1 0.0018625
1 -0.000308813 -1.58938e-05 0.00465677 0.000308821 1 0.000511264 0.00534504 1.5736e-05 -0.000511269 1 0.00121822
1 -0.000891996 -6.89483e-05 0.00426695 0.000892039 0.999999 0.000625338 0.0068661 6.83905e-05 -0.000625399 1 0.00062636
1 -0.000723005 -5.3418e-06 0.00388132 0.000723007 1 0.000482 0.00835269 4.99331e-06 -0.000482003 1 3.07336e-05
1 -0.000605325 -0.000119816 0.00711332 0.000605395 1 0.000583338 0.00137047 0.000119463 -0.00058341 1 0.00250913
1 -0.00041901 -0.000149179 0.0103481 0.000419072 1 0.000412882 -0.00559881 0.000149006 -0.000412945 1 0.00497623
1 -0.000525109 -0.000224361 0.0135546 0.000525241 1 0.000588512 -0.0125298 0.000224052 -0.00058863 1 0.00744271
1 -0.000731021 -7.71825e-05 0.00379464 0.000731062 1 0.000540946 0.00307748 7.6787e-05 -0.000541003 1 0.00349088
1 -0.000737524 -0.000118938 -0.00198244 0.000737609 0.999999 0.000714456 0.00269899 0.000118411 -0.000714543 1 0.00196788
1 -0.00041123 -0.000238594 0.0153466 0.000411367 1 0.000577437 -0.00494787 0.000238357 -0.000577535 1 0.00582757
1 -0.000490866 -0.000129555 0.0093129 0.000490937 1 0.000548174 -0.00623325 0.000129286 -0.000548238 1 0.00236994
1 -0.000480818 -0.000238746 0.00331617 0.000481079 0.999999 0.00109502 -0.00750409 0.00023822 -0.00109513 0.999999 -0.00106121
1 -0.000483392 -0.000139098 0.0116188 0.000483464 1 0.00051259 -0.00201816 0.00013885 -0.000512657 1 0.00385698
1 -0.000497625 -8.63455e-05 0.00418559 0.000497662 1 0.000423008 -0.00587865 8.6135e-05 -0.00042305 1 0.00333648
1 -0.000693003 -4.3549e-06 0.00491283 0.000693005 1 0.000423262 -0.000322006 4.06158e-06 -0.000423265 1 0.00144739
1 -0.000625882 -0.000208327 0.00564033 0.000626013 1 0.000630396 0.00519241 0.000207932 -0.000630526 1 -0.000436879
1 -0.000669339 -9.56016e-05 -0.00478835 0.000669397 1 0.000605541 -0.00169776 9.51963e-05 -0.000605605 1 0.00192718
1 -0.000635559 -0.000241711 0.00673994 0.000635668 1 0.000450299 0.00739709 0.000241425 -0.000450453 1 0.00438012
1 -0.000615597 -0.000157972 0.0112036 0.000615686 1 0.000561254 0.00130397 0.000157626 -0.000561351 1 0.000456379
1 -0.000310057 -0.000166856 0.0156069 0.000310188 1 0.000783331 -0.00480523 0.000166613 -0.000783383 1 -0.00340767
1 -0.00078742 3.80323e-05 0.0199863 0.000787394 0.999999 0.00068852 -0.0109122 -3.85745e-05 -0.00068849 1 -0.00724543
1 -0.000611058 -6.96389e-05 0.00340008 0.000611087 1 0.000421756 -0.00417483 6.93811e-05 -0.000421798 1 0.00296258
1 -0.000629483 -0.000191004 0.00639562 0.000629585 1 0.000536852 -0.00282354 0.000190666 -0.000536972 1 0.00628555
1 -0.000637342 -8.25881e-05 0.0212777 0.000637394 1 0.00062634 -0.000155356 8.21889e-05 -0.000626393 1 -6.76861e-05
1 -0.000454042 -0.000156322 0.0291424 0.000454094 1 0.000330176 -0.00736149 0.000156172 -0.000330247 1 0.00953687
1 -0.000478812 -1.27478e-05 0.0370847 0.000478815 1 0.00026079 -0.014543 1.26229e-05 -0.000260797 1 0.0191141
1 -0.000328058 0.00037232 0.0622644 0.000328015 1 0.000114558 -0.00593516 -0.000372358 -0.000114436 1 0.0169089
1 -0.000519159 0.000375685 0.0469024 0.000519066 1 0.000247608 -0.00838463 -0.000375814 -0.000247413 1 0.0150239
1 -0.000178403 0.000579825 0.031552 0.000178193 1 0.000362116 -0.0108309 -0.000579889 -0.000362012 1 0.0131565
1 -0.000494257 0.000212041 0.0255095 0.000494187 1 0.000331207 -0.0120694 -0.000212205 -0.000331102 1 0.0173036
1 -1.88799e-05 -2.92104e-05 0.0194705 1.88887e-05 1 0.000299573 -0.013303 2.92047e-05 -0.000299573 1 0.0214426
1 -0.000603964 0.000143239 -0.0147357 0.000603907 1 0.000395879 -0.0106893 -0.000143478 -0.000395792 1 0.0198673
1 -0.000503558 2.16268e-05 -0.0342556 0.000503548 1 0.000465747 -0.00643253 -2.18614e-05 -0.000465736 1 0.0227444
1 -0.00040096 0.00025117 -0.0538061 0.000401013 1 -0.000212307 -0.0021711 -0.000251085 0.000212408 1 0.0255928
1 -0.00067128 0.000220886 -0.115231 0.000671261 1 8.64684e-05 -0.0127871 -0.000220944 -8.63201e-05 1 0.0271303
1 -0.000656802 0.000434788 -0.147279 0.000656874 1 -0.000166197 -0.0149284 -0.000434678 0.000166483 1 0.0286899
0.999999 -0.00135481 0.000645202 -0.215869 0.00135483 0.999999 -2.65475e-05 -0.0153619 -0.000645166 2.74217e-05 1 0.0229681
0.999999 -0.00140336 0.000919697 -0.260501 0.00140354 0.999999 -0.000185311 -0.01851 -0.000919436 0.000186601 1 0.0296247
0.999997 -0.0020488 0.00130547 -0.334815 0.00204942 0.999998 -0.000477061 -0.017492 -0.00130449 0.000479735 0.999999 0.0350837
0.999996 -0.0021827 0.00191244 -0.393709 0.00218311 0.999998 -0.000209256 -0.0232733 -0.00191198 0.000213431 0.999998 0.0301825
0.999994 -0.00280164 0.00177844 -0.476638 0.0028023 0.999996 -0.000364605 -0.0204182 -0.00177741 0.000369587 0.999998 0.0423457
0.99999 -0.00369893 0.0023166 -0.559531 0.00370215 0.999992 -0.00138567 -0.0175599 -0.00231146 0.00139423 0.999996 0.0544379
0.999992 -0.00336505 0.00201825 -0.642426 0.00336769 0.999993 -0.00130482 -0.0148119 -0.00201385 0.00131161 0.999997 0.0665357
0.999985 -0.0048493 0.0023895 -0.756281 0.0048504 0.999988 -0.000453428 -0.0234831 -0.00238727 0.000465012 0.999997 0.0380896
0.999982 -0.00554681 0.00240684 -0.853002 0.0055488 0.999984 -0.000818182 -0.0305623 -0.00240227 0.000831523 0.999997 0.0542338
0.999978 -0.0059009 0.00289468 -0.977506 0.00590419 0.999982 -0.00112993 -0.0312561 -0.00288796 0.00114699 0.999995 0.0562039
0.999975 -0.00651515 0.00277864 -1.06422 0.00651731 0.999978 -0.000771351 -0.0321371 -0.00277355 0.000789441 0.999996 0.0640549
0.999965 -0.00758357 0.00359984 -1.19248 0.00758602 0.999971 -0.000668053 -0.0310192 -0.00359467 0.000695338 0.999993 0.057325
0.999957 -0.00842419 0.00376521 -1.32079 0.00842653 0.999964 -0.000606881 -0.0300335 -0.00375996 0.000638583 0.999993 0.0507029
0.999953 -0.00916413 0.003212 -1.4614 0.00916718 0.999958 -0.000935231 -0.0364582 -0.0032033 0.000964632 0.999994 0.0735275
0.999948 -0.00975112 0.00283676 -1.59835 0.00975209 0.999952 -0.000329155 -0.0315748 -0.00283342 0.000356803 0.999996 0.0640065
0.999942 -0.0103497 0.00281184 -1.76049 0.0103522 0.999946 -0.000880223 -0.0258186 -0.00280258 0.000909281 0.999996 0.0727877
0.999932 -0.0114084 0.00258862 -1.94276 0.0114118 0.999934 -0.00130637 -0.0264006 -0.00257355 0.00133582 0.999996 0.0771079
0.999939 -0.0106174 0.00300845 -2.12505 0.0106226 0.999942 -0.00172803 -0.0271775 -0.00298993 0.00175988 0.999994 0.0813954
0.999922 -0.0122326 0.00247218 -2.31021 0.0122348 0.999925 -0.000902084 -0.0276637 -0.00246096 0.00093226 0.999997 0.0851203
0.999927 -0.0117972 0.00276561 -2.48628 0.0117993 0.99993 -0.000759313 -0.045605 -0.00275646 0.00079189 0.999996 0.0936241
0.999921 -0.0123632 0.00239069 -2.70417 0.0123657 0.999923 -0.00104393 -0.0316883 -0.0023776 0.00107341 0.999997 0.103904
0.999897 -0.014026 0.00290819 -2.92204 0.0140304 0.9999 -0.00150685 -0.0179759 -0.00288677 0.00154749 0.999995 0.114131
0.999898 -0.0140799 0.00244412 -3.16632 0.0140815 0.999901 -0.000626443 -0.0395734 -0.00243506 0.000660796 0.999997 0.104744
0.99989 -0.0146192 0.00264604 -3.38745 0.0146211 0.999893 -0.000685558 -0.0522677 -0.00263574 0.00072417 0.999996 0.0967879
0.999868 -0.015819 0.00357433 -3.64577 0.015819 0.999875 3.471e-05 -0.0485774 -0.00357443 2.1837e-05 0.999994 0.0906534
0.999861 -0.0162847 0.00348637 -3.89829 0.0162873 0.999867 -0.000738814 -0.0605162 -0.00347387 0.000795495 0.999994 0.110361
0.999858 -0.0162269 0.00465074 -4.15081 0.0162386 0.999865 -0.00248181 -0.0725824 -0.00460984 0.00255698 0.999986 0.129985
0.999847 -0.0170442 0.00397313 -4.40056 0.017051 0.999853 -0.00169257 -0.0798898 -0.0039437 0.00176006 0.999991 0.125919
0.999823 -0.0181811 0.00485771 -4.66774 0.018188 0.999834 -0.00137824 -0.0882693 -0.00483185 0.00146635 0.999987 0.130243
0.999822 -0.0183671 0.00436935 -4.96011 0.0183739 0.99983 -0.00152789 -0.0842665 -0.00434054 0.0016079 0.999989 0.144408
0.999802 -0.0192929 0.00479304 -5.25446 0.019303 0.999812 -0.00206837 -0.0997837 -0.00475223 0.00216048 0.999986 0.15804
0.999782 -0.0203712 0.00455455 -5.59433 0.0203792 0.999791 -0.00171882 -0.0869242 -0.00451859 0.00181126 0.999988 0.158101
0.999778 -0.0203933 0.00538319 -5.90678 0.0204059 0.999789 -0.00229539 -0.0922256 -0.00533525 0.00240473 0.999983 0.173707
0.999747 -0.0216412 0.00616221 -6.28119 0.0216556 0.999763 -0.00228272 -0.10898 -0.00611135 0.00241558 0.999978 0.171661
0.999729 -0.0223083 0.00661514 -6.62632 0.0223255 0.999748 -0.00253787 -0.122271 -0.00655685 0.00268487 0.999975 0.173914
0.999701 -0.0235928 0.00648798 -6.98606 0.0236136 0.999716 -0.00315147 -0.121358 -0.00641178 0.00330373 0.999974 0.191848
0.99969 -0.0241973 0.00581794 -7.32374 0.0242111 0.999704 -0.0023151 -0.124633 -0.0057602 0.00245524 0.99998 0.195216
0.99968 -0.0248579 0.00476575 -7.71164 0.024866 0.999689 -0.00164509 -0.133862 -0.00472337 0.00176307 0.999987 0.209575
0.999667 -0.0252612 0.00529134 -8.06576 0.0252779 0.999676 -0.00310618 -0.165751 -0.00521115 0.0032389 0.999981 0.233162
0.999657 -0.025708 0.00505173 -8.41638 0.0257218 0.999666 -0.00267954 -0.175254 -0.00498115 0.00280856 0.999984 0.230151
0.999599 -0.0278395 0.00512025 -8.8293 0.0278533 0.999609 -0.00263488 -0.17251 -0.00504489 0.00277644 0.999983 0.23299
0.999579 -0.0284786 0.00561129 -9.24704 0.0284939 0.99959 -0.0026594 -0.186813 -0.00553326 0.00281817 0.999981 0.25723
0.999539 -0.0297481 0.00610055 -9.68086 0.0297568 0.999556 -0.00135213 -0.209638 -0.00605762 0.00153304 0.99998 0.248802
0.999484 -0.0316313 0.00554388 -10.1089 0.0316461 0.999496 -0.00260633 -0.217015 -0.00545865 0.00278043 0.999981 0.287902
0.999433 -0.0331617 0.0058188 -10.5203 0.0331696 0.999449 -0.00125011 -0.240283 -0.00577414 0.0014424 0.999982 0.269103
0.999377 -0.034784 0.00590641 -10.997 0.0347984 0.999392 -0.00235457 -0.259059 -0.00582092 0.00255864 0.99998 0.299828
0.999295 -0.037109 0.00564764 -11.4532 0.037123 0.999308 -0.00240173 -0.262585 -0.00555461 0.0026097 0.999981 0.319064
0.999236 -0.0385668 0.00631119 -11.8974 0.0385914 0.999248 -0.00382038 -0.278343 -0.0061591 0.00406102 0.999973 0.362629
0.999161 -0.0403696 0.00692752 -12.3908 0.0404003 0.999174 -0.00435057 -0.317453 -0.00674617 0.0046268 0.999967 0.370418
0.999061 -0.0427457 0.00708842 -12.8848 0.0427814 0.999072 -0.00496533 -0.321435 -0.0068696 0.00526392 0.999963 0.394321
0.998969 -0.0449008 0.00670863 -13.3978 0.0449167 0.998988 -0.0022356 -0.358991 -0.00660146 0.00253462 0.999975 0.373564
0.998892 -0.0466355 0.00627756 -13.8816 0.0466444 0.998911 -0.00126922 -0.38457 -0.00621154 0.00156063 0.999979 0.386432
0.998787 -0.0488268 0.00632729 -14.3949 0.0488344 0.998806 -0.00105015 -0.423051 -0.00626846 0.00135786 0.999979 0.40597
0.998714 -0.0502965 0.006324 -14.9083 0.0503071 0.998733 -0.00153194 -0.462575 -0.00623893 0.00184812 0.999979 0.425539
0.99853 -0.0538379 0.00623539 -15.4402 0.0538397 0.99855 -0.000132154 -0.466383 -0.00621923 0.000467672 0.999981 0.432742
0.998415 -0.0559194 0.00641689 -15.9892 0.0559198 0.998435 0.00011555 -0.510891 -0.00641331 0.000243464 0.999979 0.426385
0.998286 -0.0580995 0.00705382 -16.5382 0.0581031 0.998311 -0.000298591 -0.556499 -0.00702455 0.000707928 0.999975 0.420231
0.998119 -0.060875 0.00732062 -17.1259 0.0608988 0.998139 -0.0030791 -0.55578 -0.00711956 0.00351913 0.999968 0.50058
0.997968 -0.0632755 0.00748091 -17.6332 0.0632847 0.997995 -0.000993416 -0.607741 -0.00740305 0.00146482 0.999972 0.490052
0.997786 -0.0659722 0.0084191 -18.2512 0.0659812 0.997821 -0.00079957 -0.645567 -0.008348 0.0013533 0.999964 0.515302
0.99758 -0.0689866 0.00870205 -18.8457 0.0689844 0.997618 0.000550665 -0.687829 -0.00871931 5.09738e-05 0.999962 0.530366
0.997437 -0.0710014 0.00884752 -19.398 0.0710024 0.997476 0.00019668 -0.741714 -0.00883915 0.00043202 0.999961 0.541742
0.997294 -0.0729561 0.00904308 -20.0245 0.0729877 0.997328 -0.00320968 -0.77791 -0.00878474 0.00386103 0.999954 0.575738
0.997172 -0.074651 0.00865398 -20.6042 0.0746799 0.997203 -0.00305537 -0.834539 -0.00840169 0.00369301 0.999958 0.586086
0.996971 -0.0774882 0.00673177 -21.2571 0.0774974 0.996992 -0.00110955 -0.869057 -0.00662555 0.00162789 0.999977 0.602141
0.996887 -0.0785531 0.00675745 -21.8521 0.0785664 0.996907 -0.00171942 -0.919164 -0.00660149 0.00224497 0.999976 0.630213
0.996754 -0.0801708 0.00740261 -22.4766 0.080181 0.99678 -0.00109448 -1.0021 -0.00729103 0.00168447 0.999972 0.636986
0.996724 -0.0805817 0.00695742 -23.1412 0.0806068 0.99674 -0.00340576 -1.04188 -0.0066603 0.00395542 0.99997 0.665656
0.996599 -0.0820824 0.00721795 -23.8018 0.0821144 0.996614 -0.00425296 -1.09885 -0.00684442 0.0048312 0.999965 0.68999
0.996529 -0.0829527 0.00704996 -24.4231 0.0829822 0.996543 -0.00399486 -1.16646 -0.0066942 0.00456602 0.999967 0.693349
0.996429 -0.0841857 0.00647844 -25.1064 0.0842085 0.996443 -0.0033333 -1.21059 -0.00617477 0.00386694 0.999973 0.712254
0.996326 -0.0853567 0.00694917 -25.7767 0.0853828 0.996342 -0.00354472 -1.27056 -0.00662118 0.00412504 0.99997 0.731586
0.996324 -0.0854505 0.0061116 -26.447 0.0854698 0.996336 -0.00296874 -1.33132 -0.00583553 0.00348019 0.999977 0.751251
0.996221 -0.0866533 0.00584561 -27.1717 0.086676 0.996229 -0.00375342 -1.37921 -0.00549832 0.00424591 0.999976 0.795312
0.99612 -0.0876913 0.00738988 -27.865 0.0877179 0.99614 -0.00334625 -1.44371 -0.00706792 0.00398149 0.999967 0.783237
0.996002 -0.0889236 0.00857246 -28.5905 0.0889709 0.99602 -0.00530587 -1.50859 -0.00806653 0.00604735 0.999949 0.822014
0.995873 -0.0902587 0.00946534 -29.2497 0.0903098 0.995901 -0.00511133 -1.56703 -0.00896519 0.00594505 0.999942 0.845742
0.995912 -0.0899406 0.00834759 -30.0011 0.0899949 0.995922 -0.00637036 -1.61769 -0.0077406 0.00709556 0.999945 0.884803
0.996017 -0.0888224 0.00781947 -30.7296 0.0888827 0.996012 -0.00774424 -1.68197 -0.00710043 0.00840841 0.999939 0.907818
0.996229 -0.0865727 0.00576752 -31.4582 0.0866223 0.996201 -0.00898243 -1.74543 -0.00496797 0.00944815 0.999943 0.930337
0.996349 -0.0851635 0.00595486 -32.2099 0.0852084 0.996333 -0.0077373 -1.82524 -0.00527409 0.00821646 0.999952 0.943265
0.996492 -0.0833738 0.00720103 -32.926 0.0834452 0.99646 -0.0102516 -1.86661 -0.00632082 0.0108166 0.999922 0.977849
0.996675 -0.0811724 0.00711185 -33.6912 0.081236 0.996653 -0.00916871 -1.91226 -0.0063438 0.00971596 0.999933 0.999761
0.996831 -0.0792191 0.00729045 -34.4657 0.079279 0.996818 -0.00833086 -1.98903 -0.00660729 0.00888243 0.999939 0.999834
0.996979 -0.0773555 0.00694709 -35.2262 0.0774106 0.996967 -0.00804165 -2.03827 -0.00630395 0.00855514 0.999944 0.98881
0.997158 -0.0750949 0.00606935 -36.0375 0.0751491 0.997129 -0.00925792 -2.08162 -0.0053567 0.00968771 0.999939 1.01309
0.997371 -0.0722371 0.00579139 -36.7737 0.0722912 0.997336 -0.00974497 -2.12938 -0.00507201 0.010138 0.999936 1.06388
0.99753 -0.0699985 0.00576613 -37.5883 0.0700538 0.997493 -0.0100172 -2.18185 -0.00505049 0.0103964 0.999933 1.12009
0.997755 -0.0664684 0.00819673 -38.381 0.0665545 0.997725 -0.0107121 -2.23717 -0.00746607 0.0112335 0.999909 1.13298
0.997946 -0.063296 0.00988201 -39.1344 0.0633933 0.99794 -0.00985975 -2.28692 -0.00923757 0.0104659 0.999903 1.16157
0.998112 -0.060606 0.0099214 -39.9757 0.0607072 0.998103 -0.0102356 -2.31781 -0.00928224 0.0108186 0.999898 1.18471
0.998289 -0.0578595 0.00839022 -40.7985 0.0579279 0.998287 -0.00815343 -2.36756 -0.0079041 0.00862551 0.999932 1.21341
0.998494 -0.0542371 0.00826835 -41.6215 0.0543159 0.998477 -0.00962485 -2.41499 -0.00773374 0.0100595 0.999919 1.24083
0.99861 -0.0519561 0.00882843 -42.4792 0.0520353 0.998605 -0.00898598 -2.42076 -0.00834924 0.00943288 0.999921 1.27037
0.998762 -0.0486703 0.0103205 -43.3142 0.0487628 0.998771 -0.00890941 -2.45214 -0.00987415 0.00940163 0.999907 1.32042
0.998882 -0.0457471 0.0119014 -44.16 0.0458205 0.998932 -0.00596465 -2.51097 -0.0116158 0.00650331 0.999911 1.34211
0.999038 -0.0419729 0.0126676 -44.9934 0.0420422 0.999102 -0.00525871 -2.52694 -0.0124355 0.00578623 0.999906 1.34876
0.999131 -0.0397274 0.0125774 -45.8268 0.0397805 0.9992 -0.00399516 -2.53982 -0.0124086 0.00449203 0.999913 1.35612
0.999305 -0.0357726 0.0105153 -46.7062 0.0358085 0.999353 -0.00324201 -2.57225 -0.0103925 0.00361629 0.999939 1.41895
0.999399 -0.0332134 0.00995389 -47.6188 0.0332421 0.999444 -0.00273076 -2.58292 -0.00985766 0.00306001 0.999947 1.45113
0.999492 -0.0301318 0.010369 -48.4768 0.0301464 0.999545 -0.00125277 -2.62067 -0.0103265 0.00156472 0.999945 1.45633
0.999585 -0.0269075 0.0103009 -49.3626 0.0269154 0.999638 -0.000621568 -2.63495 -0.0102805 0.000898563 0.999947 1.4889
0.99965 -0.0239482 0.0112795 -50.2382 0.0239562 0.999713 -0.000578369 -2.66723 -0.0112624 0.00084838 0.999936 1.49251
0.999759 -0.0197051 0.00966561 -51.155 0.019717 0.999805 -0.00113557 -2.68391 -0.00964135 0.00132587 0.999953 1.5641
0.999808 -0.016832 0.0100551 -52.0455 0.0168438 0.999858 -0.00108829 -2.69913 -0.0100353 0.00125745 0.999949 1.58266
0.999848 -0.0142566 0.010044 -52.9533 0.0142589 0.999898 -0.00015699 -2.69781 -0.0100407 0.000300182 0.99995 1.61108
0.999887 -0.0107168 0.0105664 -53.8701 0.0107232 0.999942 -0.000544978 -2.69571 -0.0105599 0.000658222 0.999944 1.65694
0.999912 -0.00922373 0.00953728 -54.7962 0.00921146 0.999957 0.00132972 -2.68406 -0.00954913 -0.00124175 0.999954 1.69725
0.999924 -0.00836429 0.00908051 -55.7227 0.00834528 0.999963 0.00212909 -2.69273 -0.00909799 -0.00205315 0.999957 1.73798
0.999934 -0.0078419 0.00838034 -56.6493 0.00782357 0.999967 0.00221767 -2.70056 -0.00839745 -0.00215196 0.999962 1.77824
0.999933 -0.00726946 0.00904105 -57.5569 0.00724719 0.999971 0.00249416 -2.71702 -0.00905891 -0.00242847 0.999956 1.80175
0.999928 -0.00788597 0.00903502 -58.5062 0.00786654 0.999967 0.00218421 -2.71788 -0.00905194 -0.00211297 0.999957 1.82128
0.999919 -0.00902325 0.00896562 -59.4534 0.00901257 0.999959 0.00123057 -2.73121 -0.00897635 -0.00114967 0.999959 1.85305
0.999908 -0.00978794 0.00935911 -60.4098 0.00978781 0.999952 6.05515e-05 -2.73456 -0.00935925 3.10592e-05 0.999956 1.87324
0.999891 -0.0107492 0.0101536 -61.4157 0.0107698 0.99994 -0.00197334 -2.73476 -0.0101318 0.00208248 0.999947 1.91604
0.999877 -0.0110202 0.0111576 -62.3385 0.0110655 0.999931 -0.00400349 -2.74875 -0.0111127 0.00412647 0.99993 1.9362
0.999875 -0.0112524 0.0111187 -63.3147 0.0113124 0.999922 -0.00535124 -2.76446 -0.0110576 0.00547635 0.999924 1.98116
0.999856 -0.0121632 0.0118239 -64.2525 0.0122402 0.999904 -0.00645907 -2.77737 -0.0117442 0.00660287 0.999909 2.0096
0.99984 -0.0119177 0.0133216 -65.2865 0.0120017 0.999909 -0.00623831 -2.78677 -0.013246 0.00639719 0.999892 2.01256
0.999856 -0.0118734 0.0121214 -66.2485 0.0119582 0.999904 -0.0069448 -2.78132 -0.0120378 0.00708875 0.999902 2.08863
0.999842 -0.0126317 0.0125271 -67.274 0.0127142 0.999898 -0.00652668 -2.79945 -0.0124433 0.00668492 0.9999 2.13164
0.999851 -0.0119713 0.0123983 -68.2444 0.0120634 0.9999 -0.00738265 -2.8039 -0.0123086 0.00753112 0.999896 2.17334
0.999863 -0.0117817 0.0116408 -69.2083 0.0118558 0.99991 -0.00631762 -2.82669 -0.0115653 0.00645476 0.999912 2.19663
0.999865 -0.0113185 0.0119079 -70.2252 0.011362 0.999929 -0.00359156 -2.8339 -0.0118664 0.00372637 0.999923 2.20085
0.999884 -0.0113729 0.0100856 -71.2718 0.0113995 0.999932 -0.00257992 -2.84016 -0.0100556 0.00269459 0.999946 2.27006
0.999918 -0.0104667 0.00731266 -72.2958 0.010476 0.999944 -0.00123281 -2.81515 -0.00729935 0.00130932 0.999973 2.2963
0.999908 -0.0107595 0.00820549 -73.3358 0.0107518 0.999942 0.000985496 -2.82039 -0.00821561 -0.000897182 0.999966 2.33732
0.999881 -0.00991124 0.011817 -74.3526 0.00989943 0.99995 0.00105761 -2.8452 -0.0118269 -0.000940503 0.99993 2.37576
0.999863 -0.00865314 0.0141381 -75.3692 0.008606 0.999957 0.00339168 -2.86879 -0.0141669 -0.00326954 0.999894 2.41796
0.999816 -0.00891128 0.0169764 -76.4211 0.00887938 0.999959 0.00195324 -2.8614 -0.0169931 -0.00180214 0.999854 2.4653
0.9998 -0.00906179 0.0178425 -77.4492 0.0090124 0.999955 0.00284692 -2.86086 -0.0178675 -0.00268554 0.999837 2.51809
0.999798 -0.00829158 0.0183119 -78.4792 0.00826927 0.999965 0.00129366 -2.87275 -0.018322 -0.00114197 0.999831 2.5731
0.999798 -0.00923048 0.0178777 -79.5331 0.00919104 0.999955 0.00228663 -2.87245 -0.0178981 -0.00212185 0.999838 2.5946
0.999825 -0.00910831 0.0163552 -80.614 0.00907186 0.999956 0.00230122 -2.85368 -0.0163754 -0.00215245 0.999864 2.63444
0.999835 -0.00891433 0.0158344 -81.7048 0.00885717 0.999954 0.00367627 -2.87282 -0.0158664 -0.00353541 0.999868 2.65568
0.999842 -0.00849487 0.0156418 -82.7734 0.0084315 0.999956 0.00411244 -2.8791 -0.0156761 -0.0039799 0.999869 2.72771
0.999825 -0.00741476 0.0171983 -83.8237 0.00733125 0.999961 0.00491356 -2.8849 -0.017234 -0.00478661 0.99984 2.74919
0.999785 -0.00745065 0.0193755 -84.8564 0.00739526 0.999968 0.00292899 -2.90349 -0.0193967 -0.00278507 0.999808 2.8052
0.999719 -0.00765418 0.0224463 -85.9638 0.00763285 0.99997 0.00103561 -2.89881 -0.0224535 -0.000863987 0.999748 2.84868
0.999725 -0.00824553 0.0219625 -87.0368 0.00824013 0.999966 0.000336223 -2.91384 -0.0219645 -0.000155156 0.999759 2.89815
0.999816 -0.00734634 0.0177357 -88.1837 0.00732506 0.999972 0.00126418 -2.91859 -0.0177445 -0.00113403 0.999842 2.9352
0.999904 -0.00698044 0.0120048 -89.2579 0.00695924 0.999974 0.00180672 -2.9123 -0.0120171 -0.001723 0.999926 2.98132
0.999947 -0.00572972 0.00853711 -90.3257 0.00572636 0.999984 0.000417531 -2.9024 -0.00853936 -0.000368622 0.999963 3.03606
0.99994 -0.00477676 0.00984804 -91.4319 0.00475549 0.999986 0.00218156 -2.90041 -0.00985833 -0.0021346 0.999949 3.06702
0.999916 -0.00441422 0.0121863 -92.5264 0.00435852 0.99998 0.0045936 -2.89591 -0.0122063 -0.0045401 0.999915 3.08283
0.999917 -0.00203 0.0127363 -93.5755 0.00199443 0.999994 0.00280477 -2.91762 -0.0127419 -0.00277913 0.999915 3.14799
0.999944 -0.00138764 0.0105111 -94.6451 0.0013479 0.999992 0.00378683 -2.90835 -0.0105163 -0.00377245 0.999938 3.18635
0.999955 0.000252315 0.00950144 -95.7199 -0.000281991 0.999995 0.00312216 -2.88491 -0.00950061 -0.0031247 0.99995 3.22372
0.99995 0.00168148 0.00986879 -96.8091 -0.00170409 0.999996 0.00228318 -2.89042 -0.00986491 -0.00229989 0.999949 3.26493
0.999919 0.00316757 0.0123568 -97.858 -0.00318875 0.999993 0.00169469 -2.88423 -0.0123513 -0.00173395 0.999922 3.30256
0.999899 0.00437251 0.0135441 -98.9068 -0.00440569 0.999987 0.00242114 -2.87636 -0.0135334 -0.00248057 0.999905 3.34285
0.999875 0.00481993 0.0150649 -99.9467 -0.00484227 0.999987 0.00144673 -2.86893 -0.0150577 -0.0015195 0.999885 3.37866
0.999855 0.00636371 0.0158031 -100.986 -0.00637423 0.999979 0.000615022 -2.86092 -0.0157988 -0.000715665 0.999875 3.41601
0.999847 0.00774195 0.0156786 -102.027 -0.00774944 0.99997 0.000417029 -2.86778 -0.0156749 -0.000538466 0.999877 3.4691
0.999851 0.00686819 0.0158216 -103.13 -0.00689272 0.999975 0.00149591 -2.84775 -0.0158109 -0.00160474 0.999874 3.52003
0.999855 0.00535676 0.0161571 -104.156 -0.00536536 0.999985 0.000488525 -2.84806 -0.0161543 -0.000575143 0.999869 3.55547
0.999865 0.00543976 0.0155141 -105.178 -0.00543021 0.999985 -0.000657587 -2.82854 -0.0155174 0.000573254 0.999879 3.60853
0.999878 0.00525041 0.0147343 -106.216 -0.00524774 0.999986 -0.000219531 -2.82966 -0.0147353 0.000142183 0.999891 3.65734
0.999882 0.00567693 0.0142579 -107.212 -0.00566987 0.999984 -0.000535784 -2.82815 -0.0142607 0.00045488 0.999898 3.6845
0.999905 0.00488533 0.0129143 -108.25 -0.00485717 0.999986 -0.00221128 -2.80423 -0.0129249 0.00214834 0.999914 3.74505
0.999919 0.00410094 0.0120308 -109.284 -0.00407655 0.99999 -0.00205111 -2.79293 -0.012039 0.0020019 0.999926 3.80398
0.999911 0.00186287 0.0132297 -110.308 -0.00186666 0.999998 0.000274315 -2.7928 -0.0132291 -0.000298986 0.999912 3.82302
0.999918 -0.000383987 0.0128069 -111.325 0.000345632 0.999995 0.00299691 -2.79318 -0.012808 -0.00299224 0.999913 3.87645
0.999902 -0.00391508 0.0134475 -112.334 0.00384895 0.99998 0.00494011 -2.82265 -0.0134666 -0.00488787 0.999897 3.9079
0.999861 -0.0092555 0.0138395 -113.359 0.00920142 0.99995 0.00396633 -2.81582 -0.0138755 -0.00383844 0.999896 3.96337
0.999802 -0.013566 0.0145289 -114.367 0.0135213 0.999904 0.00317203 -2.81838 -0.0145705 -0.00297495 0.999889 4.00001
0.999737 -0.0178969 0.0143562 -115.375 0.0178802 0.999839 0.001293 -2.82547 -0.014377 -0.00103597 0.999896 4.03732
0.999629 -0.0226382 0.0151535 -116.364 0.0226093 0.999742 0.00207934 -2.85525 -0.0151967 -0.00173596 0.999883 4.08702
0.9995 -0.0280741 0.0145402 -117.353 0.0280377 0.999603 0.00270191 -2.88961 -0.0146103 -0.00229288 0.999891 4.13753
0.999321 -0.0336777 0.014946 -118.406 0.0336002 0.999421 0.00540801 -2.9346 -0.0151195 -0.00490215 0.999874 4.15262
0.999142 -0.0388199 0.0144545 -119.392 0.0387728 0.999242 0.00352626 -2.94741 -0.0145804 -0.00296279 0.999889 4.22977
0.998908 -0.0437865 0.0162649 -120.397 0.0437346 0.999037 0.00353316 -3.01128 -0.0164039 -0.00281796 0.999861 4.25857
0.998661 -0.0487601 0.0172806 -121.409 0.0487196 0.998809 0.00275829 -3.04919 -0.0173945 -0.0019127 0.999847 4.32878
0.9984 -0.0532824 0.0189489 -122.418 0.0532346 0.998577 0.00301706 -3.10837 -0.0190827 -0.00200349 0.999816 4.34138
0.998156 -0.0577466 0.0187316 -123.423 0.0577027 0.99833 0.00287399 -3.17645 -0.0188663 -0.00178783 0.99982 4.36957
0.997936 -0.0621537 0.0161326 -124.411 0.0621343 0.998066 0.00170091 -3.23589 -0.0162071 -0.000695009 0.999868 4.42682
0.997727 -0.0655967 0.0154284 -125.395 0.0655931 0.997846 0.000743519 -3.29857 -0.015444 0.000270169 0.999881 4.4644
0.997493 -0.0689911 0.0157449 -126.397 0.0689974 0.997617 0.000139727 -3.36653 -0.015717 0.000946978 0.999876 4.53086
0.997246 -0.0722515 0.0167516 -127.379 0.0722546 0.997386 0.000425618 -3.43423 -0.0167386 0.000785933 0.99986 4.57083
0.996999 -0.0753494 0.0177375 -128.434 0.0753379 0.997157 0.00131775 -3.51328 -0.0177864 2.25084e-05 0.999842 4.60047
0.996838 -0.0775459 0.0173196 -129.439 0.0776071 0.99698 -0.00289296 -3.59004 -0.0170429 0.00422793 0.999846 4.65903
0.99677 -0.078466 0.0171337 -130.443 0.0785621 0.996897 -0.00500837 -3.67623 -0.0166876 0.00633826 0.999841 4.69857
0.996726 -0.0790776 0.0168783 -131.476 0.07925 0.996807 -0.00979961 -3.74637 -0.0160495 0.0111051 0.99981 4.76478
0.996637 -0.0802002 0.0168144 -132.476 0.0803636 0.996722 -0.00927698 -3.7932 -0.0160153 0.010597 0.999816 4.78223
0.996651 -0.0801233 0.0163114 -133.455 0.0802679 0.996738 -0.00841328 -3.8761 -0.0155841 0.00969439 0.999832 4.83697
0.996616 -0.0805236 0.0165066 -134.481 0.0806453 0.996719 -0.00683995 -3.98255 -0.0159016 0.00814798 0.99984 4.90711
0.996597 -0.0806613 0.0170039 -135.506 0.0807727 0.996715 -0.00596715 -4.04269 -0.0164667 0.00732029 0.999838 4.93915
0.99656 -0.0810786 0.0171869 -136.498 0.08121 0.996672 -0.00708988 -4.13518 -0.0165548 0.00846124 0.999827 5.01403
0.996484 -0.0820287 0.0170358 -137.523 0.0821729 0.996586 -0.00794846 -4.19671 -0.0163256 0.00932039 0.999823 5.0326
0.996612 -0.0807183 0.0157514 -138.555 0.0808788 0.996675 -0.00983219 -4.30942 -0.0149054 0.0110728 0.999828 5.07305
0.996848 -0.0778665 0.0152226 -139.507 0.0780495 0.996879 -0.0118209 -4.35931 -0.0142546 0.0129718 0.999814 5.09142
0.996997 -0.0757874 0.0159035 -140.521 0.0759905 0.997029 -0.0125825 -4.45059 -0.0149027 0.0137532 0.999794 5.13858
0.99719 -0.0729991 0.0168291 -141.523 0.0732059 0.997244 -0.0120155 -4.5176 -0.0159056 0.0132137 0.999786 5.17525
0.997346 -0.0706066 0.017773 -142.514 0.0708087 0.997429 -0.0110101 -4.59258 -0.0169499 0.0122393 0.999781 5.22769
0.99758 -0.0671234 0.0181294 -143.504 0.0673112 0.997682 -0.00995162 -4.6651 -0.0174194 0.0111478 0.999786 5.28117
0.997771 -0.0643229 0.0177574 -144.518 0.0645335 0.997849 -0.0115524 -4.73761 -0.0169761 0.0126726 0.999776 5.33589
0.997864 -0.0626292 0.0185806 -145.548 0.062885 0.997929 -0.0135175 -4.75982 -0.0176955 0.014657 0.999736 5.38934
0.997994 -0.0603999 0.0189475 -146.513 0.0606741 0.998056 -0.0142455 -4.81466 -0.0180502 0.0153666 0.999719 5.41555
0.99818 -0.0572828 0.0188714 -147.543 0.0575662 0.998231 -0.0148341 -4.8678 -0.0179883 0.0158935 0.999712 5.4543
0.998303 -0.0551783 0.018595 -148.517 0.0554927 0.998317 -0.0168396 -4.92923 -0.0176346 0.0178429 0.999685 5.50396
0.998461 -0.0524449 0.0180448 -149.492 0.0527092 0.998505 -0.0144934 -4.98511 -0.0172577 0.0154222 0.999732 5.53986
0.998609 -0.0497445 0.0174828 -150.48 0.0500031 0.998641 -0.0146791 -5.06864 -0.0167288 0.0155329 0.999739 5.58133
0.998753 -0.0470556 0.0166878 -151.46 0.0473052 0.998769 -0.0148935 -5.09161 -0.0159664 0.0156643 0.99975 5.64108
0.998833 -0.0449835 0.0175719 -152.455 0.0452422 0.998869 -0.0146138 -5.11341 -0.0168947 0.0153917 0.999739 5.66175
0.998947 -0.042509 0.0172578 -153.423 0.0427518 0.998988 -0.013948 -5.15137 -0.0166474 0.0146711 0.999754 5.7108
0.999011 -0.0410675 0.0170331 -154.4 0.0412849 0.999068 -0.0126184 -5.18446 -0.0164991 0.0133091 0.999775 5.75406
0.999038 -0.0403629 0.0171184 -155.368 0.0405747 0.999102 -0.0122145 -5.18606 -0.01661 0.0128973 0.999779 5.81264
0.999081 -0.0392559 0.0172271 -156.319 0.0394615 0.999152 -0.0117585 -5.20421 -0.0167509 0.0124275 0.999782 5.83912
0.999132 -0.0379078 0.017273 -157.312 0.0381213 0.999199 -0.0122032 -5.22417 -0.0167966 0.0128511 0.999776 5.88452
0.999192 -0.036226 0.0174064 -158.276 0.036416 0.999279 -0.0107262 -5.2633 -0.0170053 0.0113514 0.999791 5.93281
0.999261 -0.0341725 0.0175984 -159.215 0.0343745 0.999345 -0.0113053 -5.26802 -0.0172005 0.0119019 0.999781 5.96973
0.99934 -0.0316446 0.0178585 -160.207 0.0318221 0.999446 -0.00974057 -5.35759 -0.0175404 0.0103024 0.999793 6.02346
0.999381 -0.030008 0.0183459 -161.151 0.0301754 0.999505 -0.0089156 -5.36476 -0.0180692 0.00946368 0.999792 6.07986
0.999406 -0.0288133 0.0189139 -162.067 0.028973 0.999546 -0.00822419 -5.37265 -0.0186684 0.00876729 0.999787 6.1214
0.999462 -0.0267706 0.0189228 -163.044 0.0269262 0.999605 -0.00801699 -5.41393 -0.0187007 0.00852221 0.999789 6.18385
0.999505 -0.0248736 0.0192881 -163.977 0.0250167 0.999661 -0.00721378 -5.45735 -0.0191021 0.00769274 0.999788 6.22221
0.999544 -0.0233168 0.0191904 -164.892 0.0234833 0.999688 -0.00849614 -5.47317 -0.0189863 0.00894292 0.99978 6.2702
0.999588 -0.0210714 0.0194797 -165.84 0.0212474 0.999735 -0.00887609 -5.49017 -0.0192875 0.00928633 0.999771 6.32497
0.99961 -0.0197804 0.0197165 -166.776 0.0199545 0.999763 -0.00867239 -5.50432 -0.0195403 0.00906244 0.999768 6.36577
0.999627 -0.0179622 0.0205831 -167.694 0.0181601 0.99979 -0.00946576 -5.50501 -0.0204088 0.00983602 0.999743 6.38654
0.999653 -0.0162128 0.020761 -168.642 0.0164238 0.999815 -0.0100327 -5.52545 -0.0205945 0.0103702 0.999734 6.4365
0.999715 -0.0134091 0.0197442 -169.539 0.01365 0.999833 -0.0121146 -5.55441 -0.0195785 0.0123807 0.999732 6.50655
0.999727 -0.0124771 0.019743 -170.501 0.012716 0.999847 -0.0120254 -5.53121 -0.01959 0.0122732 0.999733 6.55835
0.999718 -0.0110706 0.0209979 -171.398 0.0113097 0.999872 -0.0113 -5.52956 -0.0208701 0.0115343 0.999716 6.57312
0.999741 -0.00934189 0.020738 -172.323 0.00959507 0.99988 -0.0121429 -5.54633 -0.020622 0.0123388 0.999711 6.60463
0.999748 -0.00874126 0.0206953 -173.244 0.00905818 0.999842 -0.0152696 -5.55253 -0.0205586 0.0154532 0.999669 6.67177
0.999751 -0.00801153 0.0208186 -174.162 0.00832301 0.999854 -0.0149181 -5.57943 -0.0206961 0.0150877 0.999672 6.70275
0.999748 -0.00800547 0.0209692 -175.059 0.00832453 0.99985 -0.015173 -5.53488 -0.0208446 0.0153438 0.999665 6.73416
0.999758 -0.00663938 0.0209644 -175.958 0.00697137 0.999851 -0.0158029 -5.57391 -0.0208564 0.0159453 0.999655 6.77628
0.999771 -0.00540471 0.020723 -176.865 0.00571423 0.999873 -0.0149059 -5.54802 -0.0206398 0.0150209 0.999674 6.81955
0.999773 -0.00506676 0.0206947 -177.769 0.00539209 0.999862 -0.0156949 -5.57917 -0.0206124 0.0158029 0.999663 6.87117
0.999757 -0.00502309 0.0214754 -178.686 0.00534857 0.999871 -0.0151252 -5.56967 -0.0213967 0.0152364 0.999655 6.90301
0.999758 -0.00482008 0.0214756 -179.622 0.00515986 0.999862 -0.0157946 -5.54808 -0.0213965 0.0159016 0.999645 6.94529
0.999798 -0.0039728 0.019681 -180.489 0.00427067 0.999877 -0.0151157 -5.5906 -0.0196185 0.0151967 0.999692 6.99581
0.999859 -0.0020284 0.0166943 -181.373 0.00226472 0.999897 -0.0141491 -5.59874 -0.0166639 0.0141849 0.999761 7.02871
0.999892 -0.00295165 0.0144253 -182.29 0.00315169 0.999899 -0.0138647 -5.58033 -0.0143829 0.0139086 0.9998 7.09083
0.999898 -0.00189966 0.0141539 -183.157 0.00209598 0.999902 -0.0138688 -5.5886 -0.0141261 0.013897 0.999804 7.14372
0.999873 -0.000918216 0.0159089 -184.018 0.001133 0.999908 -0.0134971 -5.62138 -0.0158951 0.0135134 0.999782 7.18892
0.999797 -0.00123717 0.0201062 -184.907 0.00149837 0.999915 -0.0129811 -5.57999 -0.0200884 0.0130086 0.999714 7.21194
0.999757 -0.000420392 0.0220269 -185.779 0.000744647 0.999891 -0.0147147 -5.59135 -0.0220183 0.0147275 0.999649 7.25965
0.999752 0.000118035 0.0222781 -186.641 0.000184461 0.999908 -0.0135756 -5.58071 -0.0222777 0.0135764 0.99966 7.2812
0.999784 -4.35773e-05 0.0207734 -187.517 0.000357206 0.999886 -0.0150941 -5.55858 -0.0207704 0.0150983 0.99967 7.32521
0.999804 -0.00086657 0.0198033 -188.389 0.00118727 0.999868 -0.0161884 -5.56358 -0.0197867 0.0162087 0.999673 7.37204
0.999815 -0.00132665 0.0191759 -189.238 0.00170029 0.999809 -0.019482 -5.55801 -0.0191463 0.019511 0.999626 7.44685
0.999793 -0.00109896 0.0203175 -190.096 0.0014862 0.999817 -0.0190541 -5.53295 -0.0202929 0.0190803 0.999612 7.48506
0.999783 -0.00133878 0.0207901 -190.963 0.00176483 0.999789 -0.0204882 -5.56888 -0.0207583 0.0205205 0.999574 7.53852
0.999764 -0.00190285 0.0216516 -191.809 0.00232693 0.999806 -0.0195779 -5.57578 -0.0216101 0.0196237 0.999574 7.5561
0.99978 -0.00184161 0.0209037 -192.646 0.00224881 0.999808 -0.0194733 -5.58378 -0.0208639 0.0195161 0.999592 7.59327
0.999814 -0.00258538 0.019118 -193.499 0.00298587 0.999776 -0.0209499 -5.57981 -0.0190595 0.0210031 0.999598 7.62498
0.999864 -0.00240803 0.0163204 -194.317 0.00271913 0.999815 -0.0190672 -5.57249 -0.0162715 0.019109 0.999685 7.65879
0.999882 -0.00372731 0.0149028 -195.169 0.00401819 0.999801 -0.0195365 -5.52811 -0.014827 0.0195941 0.999698 7.70233
0.999879 -0.00381644 0.0150822 -196.015 0.0041181 0.999791 -0.0200215 -5.54971 -0.0150026 0.0200811 0.999686 7.72079
0.999887 -0.00371486 0.0145888 -196.795 0.00402038 0.999772 -0.0209689 -5.56579 -0.0145076 0.0210252 0.999674 7.7848
0.999876 -0.00383134 0.0152584 -197.68 0.00411884 0.999814 -0.0188552 -5.572 -0.0151833 0.0189157 0.999706 7.81986
0.999876 -0.00393405 0.0152571 -198.477 0.00422675 0.999807 -0.0191999 -5.55923 -0.0151787 0.019262 0.999699 7.86113
0.999876 -0.00400174 0.0152386 -199.289 0.00425277 0.999855 -0.0164768 -5.57167 -0.0151704 0.0165395 0.999748 7.88168
0.999881 -0.00386263 0.0149341 -200.099 0.00414599 0.999811 -0.0189895 -5.55186 -0.014858 0.0190491 0.999708 7.92557
0.999883 -0.00279038 0.0150573 -200.905 0.00305881 0.999836 -0.0178341 -5.62083 -0.0150051 0.0178781 0.999728 7.96039
0.999873 -0.00367082 0.0154791 -201.696 0.00395473 0.999824 -0.0183507 -5.59111 -0.015409 0.0184095 0.999712 8.0022
0.999871 -0.00349277 0.0156637 -202.495 0.00375055 0.999858 -0.0164586 -5.58981 -0.0156039 0.0165152 0.999742 8.02883
0.999869 -0.00358238 0.0158103 -203.294 0.00385426 0.999845 -0.0171997 -5.58839 -0.0157462 0.0172584 0.999727 8.05555
0.99988 -0.003151 0.01516 -204.118 0.00337776 0.999882 -0.0149558 -5.59161 -0.0151111 0.0150052 0.999773 8.10786
0.999859 -0.00345864 0.0164066 -204.933 0.00374294 0.999843 -0.0173296 -5.57183 -0.0163441 0.0173885 0.999715 8.13707
0.999856 -0.00395574 0.016514 -205.696 0.00423736 0.999846 -0.0170531 -5.56084 -0.016444 0.0171206 0.999718 8.17811
0.99988 -0.00402608 0.0149543 -206.478 0.00426464 0.999864 -0.015955 -5.58789 -0.014888 0.0160169 0.999761 8.22912
0.999879 -0.00349683 0.0151491 -207.233 0.00375507 0.999848 -0.0170515 -5.59479 -0.0150871 0.0171063 0.99974 8.25192
0.999881 -0.00404881 0.0148637 -208.031 0.00430825 0.999838 -0.0174645 -5.59981 -0.0147906 0.0175265 0.999737 8.28218
0.999882 -0.0037322 0.0149125 -208.771 0.00397664 0.999858 -0.0163957 -5.60343 -0.0148492 0.016453 0.999754 8.29717
0.999882 -0.00429682 0.0147614 -209.52 0.00455939 0.999831 -0.0178002 -5.60895 -0.0146825 0.0178654 0.999733 8.36032
0.999867 -0.00464319 0.015612 -210.305 0.00491577 0.999835 -0.0174669 -5.62702 -0.0155283 0.0175413 0.999726 8.38153
0.999845 -0.00478177 0.0169176 -211.047 0.00509793 0.999812 -0.0186942 -5.61302 -0.0168251 0.0187776 0.999682 8.4145
0.999855 -0.00548964 0.0161421 -211.789 0.00579333 0.999806 -0.0188275 -5.59917 -0.0160356 0.0189183 0.999692 8.44846
0.999841 -0.00504482 0.0171 -212.549 0.00537074 0.999804 -0.0190673 -5.60489 -0.0170004 0.0191561 0.999672 8.47469
0.999842 -0.00503648 0.0170231 -213.273 0.00538596 0.999774 -0.0205466 -5.61463 -0.0169157 0.0206351 0.999644 8.51395
0.999859 -0.00430081 0.016217 -213.997 0.00464615 0.999762 -0.0213177 -5.62038 -0.0161215 0.02139 0.999641 8.54447
0.999853 -0.00379137 0.0167117 -214.729 0.00415492 0.999754 -0.0217734 -5.6252 -0.016625 0.0218397 0.999623 8.56048
0.999863 -0.00284883 0.0162831 -215.421 0.00319546 0.999768 -0.0213014 -5.63807 -0.0162187 0.0213505 0.99964 8.59086
0.999873 -0.00237275 0.015754 -216.114 0.00271613 0.999758 -0.0218104 -5.61569 -0.0156985 0.0218505 0.999638 8.61728
0.999876 -0.0018257 0.0156133 -216.867 0.00219573 0.999716 -0.0237154 -5.61371 -0.0155655 0.0237467 0.999597 8.64831
0.999876 -0.000978187 0.0157087 -217.504 0.00135487 0.999711 -0.0239868 -5.64197 -0.0156807 0.0240051 0.999589 8.69462
0.999882 -0.000284024 0.0153489 -218.203 0.000631493 0.999744 -0.0226379 -5.65247 -0.0153386 0.0226449 0.999626 8.73069
0.999896 0.000599814 0.014426 -218.884 -0.00028499 0.999762 -0.0218155 -5.63183 -0.0144356 0.0218092 0.999658 8.74959
0.999903 0.00115291 0.0138447 -219.578 -0.000857692 0.999773 -0.0213104 -5.61536 -0.0138661 0.0212965 0.999677 8.77557
0.999913 0.00171995 0.0131067 -220.208 -0.00143298 0.99976 -0.0218726 -5.63626 -0.0131412 0.0218519 0.999675 8.81274
0.99993 0.00195291 0.0117054 -220.879 -0.00170792 0.99978 -0.0209029 -5.61422 -0.0117436 0.0208815 0.999713 8.86553
0.999926 0.00349833 0.0116318 -221.508 -0.0032459 0.99976 -0.0216494 -5.63739 -0.0117048 0.02161 0.999698 8.87494
0.99993 0.00407941 0.0110795 -222.157 -0.00386041 0.999798 -0.019716 -5.62169 -0.0111577 0.0196718 0.999744 8.90776
0.999933 0.00486782 0.010543 -222.782 -0.00465979 0.999796 -0.0196666 -5.60418 -0.0106366 0.0196162 0.999751 8.94619
