1 0 0 0 0 1 0 0 -0 0 1 0
0.999999 -0.00100425 8.38719e-05 -1.43116e-05 0.00100422 0.999999 0.000403506 1.14692e-05 -8.4277e-05 -0.000403421 1 5.64096e-05
0.999999 -0.00104722 4.03771e-05 -0.0107768 0.00104723 0.999999 -0.000235902 0.00205463 -4.013e-05 0.000235944 1 0.0140564
0.999999 -0.00117805 -0.000110966 -0.0214039 0.00117798 0.999999 -0.000605428 0.00415529 0.000111679 0.000605297 1 0.0279655
1 -0.000948156 0.000195169 -0.00395654 0.000948151 1 2.6033e-05 0.0073729 -0.000195194 -2.58479e-05 1 0.00873868
1 -0.000942902 0.000178576 -0.00816397 0.000942925 1 -0.000132421 0.00652564 -0.000178451 0.000132589 1 0.00825478
1 -0.000883022 0.000229296 -0.00455336 0.000883081 1 -0.000259436 -0.00255408 -0.000229066 0.000259638 1 0.0131994
0.999999 -0.00103058 -0.000136673 -0.00983339 0.00103056 0.999999 -0.000129899 0.00357215 0.000136807 0.000129758 1 0.0164335
1 -0.000715329 7.84318e-05 0.00122412 0.000715319 1 0.000124086 0.00614533 -7.85206e-05 -0.00012403 1 0.00560594
1 -0.000985922 1.48689e-05 -0.00671243 0.000985926 0.999999 -0.000248043 0.00376234 -1.46243e-05 0.000248058 1 0.016746
0.999999 -0.00105699 7.45103e-05 -0.00470938 0.001057 0.999999 -9.27438e-05 0.00422037 -7.44123e-05 9.28225e-05 1 0.0111649
1 -0.000841992 6.48588e-05 -0.00272932 0.000841989 1 4.96111e-05 0.00467033 -6.49005e-05 -4.95565e-05 1 0.00558939
1 -0.00095236 9.97496e-05 -0.00434104 0.000952375 1 -0.000143634 -0.00199668 -9.96128e-05 0.000143729 1 0.0135447
1 -0.00086737 -8.287e-05 -0.00599285 0.000867347 1 -0.00028594 -0.00858774 8.31179e-05 0.000285869 1 0.0214239
0.999999 -0.00102277 0.000132772 -0.0116206 0.00102278 0.999999 -8.01847e-05 0.00633748 -0.00013269 8.03205e-05 1 0.0117882
0.999999 -0.00100295 0.000238777 -0.0123292 0.00100301 0.999999 -0.000221659 -0.00353256 -0.000238555 0.000221898 1 0.0124596
1 -0.00098158 0.000144804 -0.0111419 0.000981604 1 -0.000166228 -0.00142936 -0.00014464 0.00016637 1 0.0105886
1 -0.000859775 0.000110726 -0.00995481 0.000859779 1 -3.27707e-05 0.000666439 -0.000110698 3.28659e-05 1 0.00872274
0.999999 -0.00106528 5.10539e-05 -0.00881767 0.00106527 0.999999 0.000160724 0.00255791 -5.12251e-05 -0.00016067 1 0.00696364
1 -0.000730544 0.000367604 -0.00767173 0.000730641 1 -0.000265145 0.0043548 -0.00036741 0.000265413 1 0.005252
1 -0.000991923 7.57777e-05 -0.0100038 0.00099194 0.999999 -0.000224973 -0.00342241 -7.55545e-05 0.000225048 1 0.0161007
0.999999 -0.00104945 0.000142952 -0.00640922 0.00104946 0.999999 -4.03779e-05 -0.00321958 -0.000142909 4.05279e-05 1 0.0105375
1 -0.000932224 0.000162311 -0.0028653 0.000932242 1 -0.000111581 -0.00300799 -0.000162207 0.000111732 1 0.00498003
1 -0.000721428 6.14792e-06 -0.00486834 0.000721429 1 -0.000225955 -0.00747834 -5.9849e-06 0.000225959 1 0.0147074
1 -0.000907221 9.46374e-05 -0.0121123 0.000907236 1 -0.000158719 -0.00138147 -9.44933e-05 0.000158804 1 0.0114662
1 -0.000979119 0.000116219 -0.0150216 0.000979125 1 -5.68584e-05 0.00386469 -0.000116164 5.69722e-05 1 0.00908172
1 -0.000848136 0.000173714 -0.0105761 0.000848149 1 -7.25477e-05 -0.00288161 -0.000173653 7.2695e-05 1 0.00754268
0.999999 -0.000971871 0.000254524 -0.00894144 0.000971818 1 0.000206833 -0.0019673 -0.000254725 -0.000206585 1 0.00561164
1 -0.000907995 0.00014806 -0.00704652 0.000908014 1 -0.000124099 -0.0038171 -0.000147947 0.000124234 1 0.00991329
1 -0.000901044 8.46926e-05 -0.00516348 0.000901052 1 -9.12042e-05 -0.00566616 -8.46104e-05 9.12804e-05 1 0.014224
1 -0.000715312 0.000127844 -0.00332588 0.000715376 1 -0.000502851 -0.00748068 -0.000127484 0.000502942 1 0.0184931
1 -0.000651405 -4.20288e-05 -0.00149285 0.000651395 1 -0.000226384 -0.0092442 4.21762e-05 0.000226357 1 0.0227586
1 -0.000954892 0.000185517 -0.0181009 0.00095489 1 8.7844e-06 0.00269328 -0.000185525 -8.60724e-06 1 0.00959113
1 -0.000784856 0.000117847 -0.00760164 0.000784869 1 -0.000110789 0.00497337 -0.00011776 0.000110882 1 0.00827428
0.999999 -0.00122591 0.000111001 0.00281076 0.0012259 0.999999 0.000159086 0.0071739 -0.000111196 -0.00015895 1 0.00699735
0.999999 -0.00138841 0.000286205 -0.0239963 0.00138843 0.999999 -9.32125e-05 -0.000316519 -0.000286076 9.36098e-05 1 0.00935608
1 -0.000925632 0.000214116 -0.0121261 0.000925638 1 -2.84452e-05 0.00021396 -0.000214089 2.86434e-05 1 0.00706653
1 -0.00092273 0.000215639 -0.0115499 0.00092277 1 -0.000184186 2.97623e-05 -0.000215469 0.000184385 1 0.0111972
1 -0.000995762 3.42615e-05 -0.0115178 0.000995764 1 -5.78773e-05 0.00459661 -3.42039e-05 5.79114e-05 1 0.0108518
0.999999 -0.00102766 0.000455129 -0.0114793 0.00102785 0.999999 -0.00041045 0.00913478 -0.000454707 0.000410918 1 0.0104951
0.999999 -0.000986343 0.000240749 -0.0142048 0.000986411 0.999999 -0.000281186 -0.00439487 -0.000240471 0.000281423 1 0.0135058
1 -0.000960596 0.000225524 -0.0164949 0.000960601 1 -2.06279e-05 -0.00605306 -0.000225504 2.08445e-05 1 0.00864633
0.999999 -0.00103661 0.000101324 -0.00578926 0.00103664 0.999999 -0.000369763 0.00512975 -0.00010094 0.000369868 1 0.0152247
1 -0.000951913 0.000113173 -0.00657293 0.000951929 1 -0.000134778 0.000657156 -0.000113044 0.000134886 1 0.0107384
1 -0.000937471 0.000188095 -0.00455089 0.000937466 1 2.77237e-05 0.00357007 -0.000188121 -2.75474e-05 1 0.00595015
1 -0.00092849 0.00017691 -0.00254493 0.000928457 1 0.000187795 0.00646875 -0.000177084 -0.000187631 1 0.00116997
1 -0.000874465 0.000250532 -0.0092365 0.000874468 1 -9.90725e-06 0.000761201 -0.000250523 1.01263e-05 1 0.0080585
0.999999 -0.00115218 -6.93499e-05 -0.0158473 0.00115218 0.999999 -5.74295e-05 -0.00492414 6.9416e-05 5.73496e-05 1 0.0149299
1 -0.000879544 0.000233971 -0.00753741 0.000879551 1 -3.00453e-05 -0.00102267 -0.000233944 3.02511e-05 1 0.00820855
0.999999 -0.00101262 0.000154059 -0.0156428 0.00101263 0.999999 -8.95504e-05 -0.00388157 -0.000153969 8.97063e-05 1 0.0116523
0.999999 -0.00107429 0.000151178 -0.0138076 0.00107432 0.999999 -0.000168614 0.00354641 -0.000150996 0.000168776 1 0.00885588
0.999999 -0.00107441 0.000174257 -0.0119896 0.00107441 0.999999 2.8819e-05 0.0109215 -0.000174288 -2.86318e-05 1 0.00608731
0.999999 -0.00100666 0.000217364 -0.0151451 0.00100668 0.999999 -0.000119244 0.000573863 -0.000217244 0.000119463 1 0.0126154
1 -0.000901263 0.000168296 -0.00680982 0.000901275 1 -7.3347e-05 0.00063256 -0.000168229 7.34986e-05 1 0.00996616
0.999999 -0.00100124 0.000301264 -0.0119889 0.00100129 0.999999 -0.000155652 -0.00256652 -0.000301108 0.000155953 1 0.00882943
1 -0.000960922 0.000156521 -0.005442 0.000960926 1 -2.82384e-05 -0.00749773 -0.000156494 2.83888e-05 1 0.00786556
1 -0.000763142 0.000274143 0.00107813 0.000763162 1 -7.31646e-05 -0.0123813 -0.000274087 7.33738e-05 1 0.0068986
1 -0.000636296 0.000143337 0.00754768 0.00063628 1 0.000108409 -0.0172087 -0.000143406 -0.000108317 1 0.00595221
1 -0.000642323 0.000307634 0.0193421 0.000642358 1 -0.000114477 -0.00719316 -0.00030756 0.000114674 1 0.0114385
1 -0.000569556 0.000677346 0.0311324 0.00056974 1 -0.000272381 0.00280334 -0.00067719 0.000272767 1 0.0169293
0.999999 -0.000385786 0.000936653 0.042943 0.000386195 1 -0.000436916 0.0035777 -0.000936485 0.000437278 0.999999 0.021646
0.999999 -0.000864335 0.00086443 0.0215748 0.000864801 0.999999 -0.000539507 0.00133483 -0.000863964 0.000540254 0.999999 0.0246377
1 -0.000401424 0.000758346 0.0220431 0.000401846 1 -0.000555741 0.000414954 -0.000758123 0.000556046 1 0.0229593
1 -0.000619058 0.000576618 0.0223999 0.000619099 1 -7.11306e-05 -0.000519827 -0.000576574 7.14875e-05 1 0.0213083
0.999999 -0.00142593 0.000635526 -0.0306734 0.00142627 0.999999 -0.00054313 0.0042209 -0.000634751 0.000544035 1 0.0339451
0.999997 -0.00214765 0.00133411 -0.0837006 0.00214933 0.999997 -0.00125432 0.00889288 -0.00133141 0.00125718 0.999998 0.046581
0.999994 -0.00298802 0.00190462 -0.136682 0.00299056 0.999995 -0.00133333 0.0134833 -0.00190063 0.00133902 0.999997 0.0592539
0.999988 -0.00383478 0.00291319 -0.173222 0.00383748 0.999992 -0.000924494 -0.00276737 -0.00290963 0.000935663 0.999995 0.0346272
0.99998 -0.00559881 0.00290831 -0.254252 0.00560139 0.999984 -0.000881299 -0.00375045 -0.00290333 0.000897572 0.999995 0.0355292
0.999977 -0.00616992 0.00275735 -0.300172 0.00617262 0.99998 -0.000970113 -0.00666079 -0.00275131 0.000987111 0.999996 0.036829
0.999963 -0.00821298 0.00264899 -0.371023 0.00821508 0.999966 -0.000783822 -0.0170544 -0.00264246 0.000805554 0.999996 0.0480512
0.999946 -0.00988562 0.00306666 -0.459285 0.00988785 0.999951 -0.000711193 -0.0221715 -0.00305947 0.000741478 0.999995 0.0390753
0.999915 -0.0128471 0.00237108 -0.547613 0.0128501 0.999917 -0.00126594 -0.0275093 -0.00235461 0.0012963 0.999996 0.0301865
0.999889 -0.014596 0.00289273 -0.668393 0.0146007 0.999892 -0.00160362 -0.0492682 -0.00286901 0.00164568 0.999995 0.0497831
0.999852 -0.0168906 0.00329763 -0.763908 0.0168952 0.999856 -0.00135734 -0.0501346 -0.00327423 0.00141285 0.999994 0.0364947
0.999811 -0.019231 0.00289297 -0.897082 0.0192362 0.999813 -0.00178486 -0.0574597 -0.0028581 0.00184018 0.999994 0.0415759
0.999759 -0.0217733 0.00268552 -1.03028 0.0217795 0.99976 -0.00229134 -0.0651155 -0.00263499 0.00234928 0.999994 0.0466196
0.999733 -0.0229319 0.00271271 -1.16354 0.0229403 0.999732 -0.00309827 -0.0731178 -0.00264093 0.00315967 0.999992 0.0516474
0.999645 -0.0264209 0.00337038 -1.33498 0.0264315 0.999646 -0.00313105 -0.0739251 -0.00328646 0.00321902 0.999989 0.0496646
0.999575 -0.0288303 0.00424549 -1.50276 0.0288457 0.999577 -0.00362918 -0.0779748 -0.00413906 0.0037501 0.999984 0.0811772
0.999546 -0.0298075 0.00442451 -1.67039 0.02982 0.999551 -0.00278424 -0.0824297 -0.00433953 0.00291491 0.999986 0.112687
0.999462 -0.032347 0.00541465 -1.88805 0.0323498 0.999477 -0.000422605 -0.10438 -0.00539815 0.00059754 0.999985 0.0673377
0.999414 -0.0338277 0.00517856 -2.05254 0.0338318 0.999427 -0.000717121 -0.108187 -0.00515133 0.000891901 0.999986 0.0778301
0.99939 -0.0346045 0.00479071 -2.24607 0.034613 0.999399 -0.00170125 -0.121563 -0.00472896 0.00186604 0.999987 0.0777176
0.999337 -0.0361054 0.00467263 -2.48971 0.0361247 0.999339 -0.0041153 -0.109488 -0.00452096 0.00428137 0.999981 0.0919531
0.999273 -0.0377615 0.00531283 -2.72568 0.0377856 0.999276 -0.00450392 -0.133767 -0.00513891 0.00470139 0.999976 0.0987156
0.999229 -0.0386176 0.00701046 -2.97881 0.0386443 0.999246 -0.00370532 -0.138496 -0.00686209 0.00397338 0.999969 0.094876
0.999192 -0.0395638 0.0071309 -3.232 0.0395802 0.999214 -0.00216735 -0.143527 -0.00703954 0.00244784 0.999972 0.0914809
0.999172 -0.0398717 0.00808115 -3.50749 0.039884 0.999203 -0.00135959 -0.158972 -0.0080205 0.00168078 0.999966 0.0981096
0.999179 -0.0398424 0.00730199 -3.78303 0.0398546 0.999204 -0.00152793 -0.174491 -0.00723531 0.0018177 0.999972 0.10495
0.999174 -0.0401273 0.00648768 -4.08434 0.0401446 0.999191 -0.00256547 -0.201515 -0.00637948 0.0028238 0.999976 0.140345
0.999166 -0.0402341 0.00699195 -4.38051 0.0402442 0.999189 -0.00131279 -0.19701 -0.00693346 0.00159308 0.999975 0.113537
0.999138 -0.0409309 0.00691412 -4.71821 0.0409501 0.999158 -0.00265352 -0.222018 -0.00679969 0.00293437 0.999973 0.135765
0.99909 -0.0423029 0.00551891 -5.05962 0.0423185 0.9991 -0.0027425 -0.212814 -0.00539793 0.00297356 0.999981 0.153164
0.999081 -0.0426511 0.00414771 -5.39166 0.0426574 0.999089 -0.00144464 -0.240815 -0.00408231 0.00162024 0.99999 0.144092
0.999047 -0.0434491 0.00426703 -5.72372 0.0434614 0.999051 -0.00284284 -0.2689 -0.00413946 0.00302558 0.999987 0.134547
0.999022 -0.0441191 0.00284748 -6.08092 0.0441253 0.999024 -0.00215998 -0.270294 -0.0027494 0.00228352 0.999994 0.163629
0.998954 -0.045606 0.00337403 -6.48428 0.045617 0.998954 -0.00323598 -0.301351 -0.00322292 0.0033865 0.999989 0.163009
0.998896 -0.0467953 0.00410004 -6.84702 0.0468063 0.998901 -0.00263571 -0.322121 -0.00397219 0.00282471 0.999988 0.174384
0.998834 -0.0480904 0.00433291 -7.24525 0.0481027 0.998839 -0.00278319 -0.329905 -0.00419403 0.00298837 0.999987 0.191668
0.998742 -0.0498705 0.00528692 -7.67366 0.0498809 0.998753 -0.00185406 -0.360381 -0.00518787 0.00211544 0.999984 0.202498
0.998681 -0.0509737 0.00618617 -8.07542 0.0509882 0.998697 -0.0022089 -0.377005 -0.00606551 0.00252141 0.999978 0.211606
0.998646 -0.0516282 0.00636968 -8.48855 0.05165 0.99866 -0.00330866 -0.409582 -0.00619033 0.00363318 0.999974 0.223477
0.998611 -0.0522218 0.00698302 -8.97042 0.0522519 0.998625 -0.00419715 -0.444826 -0.00675424 0.0045562 0.999967 0.242652
0.998479 -0.0546571 0.0072666 -9.42868 0.0546929 0.998492 -0.00482154 -0.45636 -0.00699211 0.00521164 0.999962 0.251714
0.998413 -0.0558719 0.00705315 -9.86001 0.0559034 0.998427 -0.00434554 -0.477415 -0.00679926 0.00473293 0.999966 0.254726
0.998342 -0.0571222 0.00714812 -10.3557 0.0571631 0.998349 -0.00566137 -0.499555 -0.00681293 0.00606059 0.999958 0.281533
0.998313 -0.0576461 0.00695007 -10.8101 0.0576938 0.998311 -0.00687918 -0.530323 -0.00654177 0.00726855 0.999952 0.289757
0.998205 -0.0594405 0.00737748 -11.3282 0.0594902 0.998206 -0.00670923 -0.585281 -0.00696545 0.00713608 0.99995 0.28752
0.998159 -0.0602483 0.00696178 -11.7916 0.0603055 0.998145 -0.00831996 -0.606961 -0.0064476 0.00872447 0.999941 0.322183
0.998079 -0.0615559 0.0070031 -12.3241 0.0616133 0.998066 -0.00830133 -0.627751 -0.00647856 0.00871687 0.999941 0.333319
0.997962 -0.0634243 0.00701812 -12.8956 0.0634794 0.997952 -0.0079383 -0.654448 -0.00650026 0.00836763 0.999944 0.333521
0.997938 -0.0638663 0.00637798 -13.3859 0.0639234 0.997912 -0.00919633 -0.703393 -0.00577733 0.00958507 0.999937 0.352925
0.997885 -0.0646025 0.00721559 -13.9445 0.0646824 0.99784 -0.0114388 -0.726107 -0.00646103 0.0118814 0.999909 0.390554
0.997884 -0.0645894 0.0074686 -14.506 0.0646715 0.997842 -0.0113263 -0.780113 -0.00672092 0.0117853 0.999908 0.404579
0.997881 -0.0647864 0.00607709 -15.0479 0.0648547 0.997825 -0.0118018 -0.798681 -0.00529927 0.0121709 0.999912 0.410537
0.997772 -0.0664234 0.00617988 -15.6776 0.0664938 0.997715 -0.0119823 -0.852765 -0.00536985 0.0123665 0.999909 0.415887
0.997763 -0.0665837 0.00598191 -16.3071 0.0666469 0.997715 -0.0110589 -0.907808 -0.0052319 0.0114328 0.999921 0.421382
0.997748 -0.0667449 0.00666699 -16.8935 0.0668228 0.99769 -0.0122437 -0.939761 -0.00583438 0.0126616 0.999903 0.442914
0.99763 -0.0685404 0.00596877 -17.4798 0.0686107 0.997565 -0.0124833 -0.971901 -0.00509863 0.0128632 0.999904 0.464878
0.997625 -0.0684148 0.00793314 -18.1227 0.0685163 0.997561 -0.0133188 -1.03044 -0.00700259 0.0138307 0.99988 0.497078
0.997595 -0.0687451 0.00884955 -18.7775 0.0688733 0.997511 -0.0151029 -1.07782 -0.00778927 0.0156761 0.999847 0.531058
0.99756 -0.0692752 0.00868308 -19.396 0.0694061 0.997463 -0.0158021 -1.10761 -0.00756636 0.0163662 0.999837 0.534242
0.997593 -0.0688771 0.00795161 -20.0555 0.0690033 0.997474 -0.0168691 -1.14906 -0.00676962 0.0173772 0.999826 0.566219
0.997641 -0.0681106 0.00856899 -20.7414 0.0682555 0.997507 -0.0179291 -1.18622 -0.00732646 0.0184717 0.999803 0.566107
0.997722 -0.0670359 0.00757761 -21.4376 0.0671629 0.99758 -0.0179826 -1.24399 -0.00635379 0.0184506 0.99981 0.612882
0.997735 -0.0667245 0.00848358 -22.1594 0.0668532 0.997636 -0.0159121 -1.26591 -0.00740179 0.0164432 0.999837 0.58057
0.997871 -0.064699 0.00827417 -22.8394 0.0648238 0.997771 -0.015823 -1.32619 -0.007232 0.0163256 0.999841 0.608649
0.997998 -0.0627718 0.00768049 -23.5198 0.0628896 0.997889 -0.0161999 -1.38505 -0.00664738 0.0166505 0.999839 0.636635
0.998033 -0.06228 0.00721853 -24.288 0.0624005 0.997891 -0.0178823 -1.39231 -0.00608959 0.0182976 0.999814 0.670075
0.998158 -0.0601418 0.0079635 -25.0613 0.0602834 0.998002 -0.0189252 -1.44272 -0.00680939 0.0193705 0.999789 0.686436
0.998306 -0.0576569 0.0077496 -25.7878 0.0577927 0.998155 -0.0186244 -1.49339 -0.00666148 0.0190407 0.999797 0.709102
0.998375 -0.0564306 0.00788016 -26.5455 0.0565648 0.998237 -0.0180017 -1.51424 -0.00685042 0.0184182 0.999807 0.710046
0.998467 -0.0548957 0.00702702 -27.2888 0.0550164 0.998317 -0.0183145 -1.54819 -0.00600981 0.018673 0.999808 0.733891
0.998606 -0.0524201 0.00616564 -28.0324 0.0525214 0.998464 -0.0176158 -1.58092 -0.00523275 0.017915 0.999826 0.757156
0.998707 -0.0504862 0.0058828 -28.8485 0.0505804 0.998573 -0.0171434 -1.63381 -0.00500889 0.0174188 0.999836 0.784693
0.998766 -0.0493507 0.00550767 -29.6646 0.0494428 0.998614 -0.0180679 -1.68521 -0.00460837 0.0183179 0.999822 0.811932
0.998842 -0.0479084 0.00438013 -30.455 0.0479776 0.998697 -0.0173718 -1.72069 -0.00354217 0.0175618 0.99984 0.838118
0.998853 -0.0476394 0.00483365 -31.2454 0.0477201 0.998694 -0.0182439 -1.75497 -0.00395821 0.0184536 0.999822 0.863364
0.998859 -0.0475019 0.00489626 -32.1016 0.047573 0.998746 -0.0156149 -1.76867 -0.00414838 0.01583 0.999866 0.870186
0.998887 -0.0469443 0.00464711 -32.9226 0.0470047 0.998799 -0.0138596 -1.82271 -0.00399089 0.0140626 0.999893 0.873595
0.998867 -0.0472914 0.00531569 -33.7437 0.047356 0.998797 -0.0127634 -1.87632 -0.0047057 0.0130007 0.999904 0.876972
0.998896 -0.046743 0.00462274 -34.5749 0.0468065 0.998795 -0.0147486 -1.91447 -0.00392778 0.0149487 0.999881 0.946107
0.998873 -0.0472864 0.00409681 -35.5107 0.0473384 0.998785 -0.013702 -1.94906 -0.00344391 0.0138805 0.999898 0.96087
0.998885 -0.0470798 0.00338353 -36.3456 0.047119 0.998809 -0.0126486 -1.97758 -0.00278401 0.0127939 0.999914 0.978351
0.998853 -0.047808 0.00259291 -37.181 0.0478364 0.99878 -0.0122896 -2.02185 -0.00200221 0.0123996 0.999921 1.0032
0.998856 -0.0476887 0.00349228 -38.0503 0.0477307 0.998774 -0.013159 -2.04651 -0.00286046 0.0133107 0.999907 1.04034
0.998777 -0.0493006 0.00370596 -39.0085 0.0493456 0.998694 -0.0132308 -2.09001 -0.00304884 0.0133975 0.999906 1.05743
0.998715 -0.0505677 0.00346977 -39.8486 0.0506095 0.99863 -0.0132673 -2.1386 -0.00279412 0.0134259 0.999906 1.0791
0.998643 -0.0519479 0.00370803 -40.7822 0.0519964 0.998543 -0.0144614 -2.20523 -0.00295139 0.0146346 0.999889 1.1109
0.99854 -0.0539643 0.00257275 -41.7105 0.0539906 0.998474 -0.0115765 -2.24438 -0.0019441 0.0116985 0.99993 1.10188
0.99839 -0.056685 0.00215009 -42.6442 0.0567051 0.998331 -0.0109106 -2.28965 -0.00152804 0.011015 0.999938 1.12634
0.998186 -0.0601141 0.0033833 -43.6058 0.0601472 0.998132 -0.0107275 -2.34214 -0.00273211 0.0109115 0.999937 1.16856
0.997933 -0.0641665 0.00351061 -44.567 0.0642007 0.99788 -0.0106942 -2.39788 -0.00281696 0.0108975 0.999937 1.21181
0.997772 -0.0666166 0.00354141 -45.495 0.0666468 0.997734 -0.00923478 -2.46675 -0.00291819 0.00945023 0.999951 1.22533
0.997565 -0.0696468 0.00353658 -46.4371 0.0696757 0.99753 -0.00884941 -2.50617 -0.00291151 0.00907428 0.999955 1.24267
0.997381 -0.0722993 0.00219929 -47.4176 0.0723147 0.99735 -0.007965 -2.61387 -0.0016176 0.00810318 0.999966 1.27642
0.997123 -0.0757639 0.00233069 -48.416 0.0757786 0.9971 -0.00701352 -2.66246 -0.00179256 0.00716996 0.999973 1.28492
0.996789 -0.0800176 0.00291877 -49.3951 0.0800384 0.996761 -0.00788182 -2.74711 -0.00227863 0.00809013 0.999965 1.33433
0.996426 -0.084365 0.00433125 -50.4002 0.0843974 0.996401 -0.00794182 -2.82989 -0.00364564 0.00827897 0.999959 1.34186
0.996001 -0.0892227 0.0046853 -51.405 0.0892612 0.995969 -0.00878719 -2.91711 -0.0038824 0.00917026 0.99995 1.35067
0.995644 -0.0931379 0.00438166 -52.3996 0.0931664 0.995627 -0.0068359 -3.02369 -0.00372582 0.00721435 0.999967 1.33643
0.995225 -0.0975484 0.00341916 -53.4624 0.0975719 0.9952 -0.00754449 -3.14835 -0.0026668 0.00784207 0.999966 1.37311
0.994707 -0.102724 0.00223097 -54.4485 0.102739 0.994671 -0.00857722 -3.23771 -0.001338 0.00876103 0.999961 1.42369
0.99421 -0.107451 0.00039466 -55.4763 0.107451 0.994182 -0.00746054 -3.37617 0.000409276 0.00745975 0.999972 1.44944
0.993517 -0.113679 -0.00101137 -56.5155 0.113666 0.99348 -0.00886214 -3.46543 0.00201221 0.00868973 0.99996 1.47793
0.992772 -0.120009 -0.00117001 -57.5608 0.119992 0.992728 -0.00964093 -3.59206 0.00231849 0.00943086 0.999953 1.49734
0.992147 -0.12507 -0.00121669 -58.6065 0.125055 0.992109 -0.00901244 -3.74987 0.00233427 0.00878951 0.999959 1.51181
0.991417 -0.130737 -0.000283638 -59.6928 0.130728 0.99137 -0.0097753 -3.86533 0.00155919 0.00965431 0.999952 1.52503
0.9906 -0.136779 0.00171534 -60.7375 0.13679 0.99054 -0.0108961 -4.01507 -0.00020876 0.0110283 0.999939 1.55969
0.989995 -0.141061 0.00354575 -61.8095 0.141094 0.989922 -0.0121229 -4.18759 -0.00179995 0.0125019 0.99992 1.5849
0.989297 -0.14585 0.00448598 -62.9114 0.145899 0.989203 -0.0138349 -4.34359 -0.00241974 0.0143413 0.999894 1.61629
0.988582 -0.150593 0.00515108 -64.035 0.150658 0.988451 -0.0163411 -4.48911 -0.00263073 0.0169306 0.999853 1.63932
0.988106 -0.153674 0.00555776 -65.1373 0.153746 0.987969 -0.0166958 -4.67478 -0.00292519 0.0173517 0.999845 1.65603
0.987773 -0.155815 0.00506532 -66.1603 0.155878 0.987636 -0.0166173 -4.83544 -0.00241347 0.0172037 0.999849 1.67609
0.987282 -0.158926 0.0041972 -67.3603 0.158973 0.987153 -0.0160478 -4.98952 -0.00159287 0.016511 0.999862 1.7152
0.987066 -0.160274 0.00355658 -68.4411 0.160309 0.986957 -0.0147103 -5.18662 -0.00115252 0.0150902 0.999885 1.74087
0.986749 -0.162213 0.00377731 -69.5575 0.16225 0.98665 -0.0140532 -5.3655 -0.00144727 0.0144799 0.999894 1.77641
0.986655 -0.162759 0.0046517 -70.666 0.16281 0.986553 -0.0143563 -5.58404 -0.00225254 0.014922 0.999886 1.80864
0.986389 -0.164369 0.00432872 -71.816 0.164415 0.986282 -0.0146469 -5.75655 -0.00186185 0.0151592 0.999883 1.83906
0.986464 -0.163934 0.00367328 -72.9694 0.163972 0.986344 -0.0154683 -5.93718 -0.00108733 0.0158613 0.999874 1.86813
0.986653 -0.162814 0.00291215 -74.0863 0.16284 0.986498 -0.0174889 -6.13801 -2.53924e-05 0.0177297 0.999843 1.9152
0.986755 -0.162191 0.00301291 -75.2877 0.162219 0.986574 -0.0189003 -6.30202 9.29942e-05 0.0191387 0.999817 1.92914
0.987258 -0.159114 0.00212207 -76.4484 0.159126 0.987089 -0.0183008 -6.52206 0.000817255 0.0184053 0.99983 1.92799
0.987555 -0.157256 0.00256267 -77.629 0.157276 0.987347 -0.0202756 -6.6798 0.000658223 0.0204264 0.999791 1.98195
0.987676 -0.156485 0.00289339 -78.81 0.156511 0.987449 -0.0211896 -6.83554 0.000458773 0.0213813 0.999771 2.03612
0.988311 -0.152372 0.00493215 -79.9768 0.152437 0.988148 -0.0180557 -7.06922 -0.00212251 0.0185965 0.999825 2.007
0.988565 -0.15065 0.00660786 -81.1721 0.150745 0.988417 -0.0175445 -7.21309 -0.00388825 0.0183399 0.999824 2.0427
0.988803 -0.149025 0.0077306 -82.3641 0.149142 0.988655 -0.0178197 -7.39533 -0.00498732 0.0187731 0.999811 2.08701
0.989291 -0.145705 0.00852622 -83.5923 0.145824 0.989187 -0.0156549 -7.57108 -0.00615303 0.0167306 0.999841 2.1422
0.989616 -0.143385 0.0100666 -84.7971 0.143511 0.98956 -0.013218 -7.75384 -0.00806622 0.0145254 0.999862 2.15281
0.990144 -0.139829 0.00787334 -85.9922 0.139912 0.990101 -0.0111658 -7.91953 -0.0062341 0.0121573 0.999907 2.19984
0.990224 -0.139382 0.00539535 -87.252 0.139439 0.990155 -0.0122055 -8.06028 -0.003641 0.0128385 0.999911 2.23603
0.990797 -0.135302 0.00380005 -88.4573 0.135336 0.990739 -0.0109957 -8.25692 -0.00227712 0.0114088 0.999932 2.25646
0.991106 -0.133026 0.00371036 -89.6964 0.133066 0.991007 -0.0140603 -8.42531 -0.0018066 0.014429 0.999894 2.29253
0.991398 -0.130802 0.00462683 -90.9422 0.130854 0.991306 -0.0138068 -8.57183 -0.00278065 0.0142934 0.999894 2.32504
0.991863 -0.127138 0.00657533 -92.1818 0.127214 0.991794 -0.0127247 -8.73263 -0.00490357 0.0134576 0.999897 2.37188
0.992021 -0.125956 0.00538939 -93.4641 0.126015 0.991948 -0.0126315 -8.90591 -0.00375498 0.0132099 0.999906 2.4203
0.992073 -0.125649 0.00169427 -94.7628 0.12566 0.992005 -0.0116447 -9.03985 -0.000217574 0.0117653 0.999931 2.41718
0.99228 -0.12402 -0.000479918 -96.0209 0.124003 0.992195 -0.0131163 -9.20604 0.00210286 0.0129556 0.999914 2.46932
0.992295 -0.123898 5.60748e-05 -97.3111 0.123884 0.992173 -0.0156718 -9.33371 0.00188607 0.015558 0.999877 2.51479
0.992428 -0.122825 0.000189058 -98.6057 0.122815 0.992317 -0.0149663 -9.49447 0.00165064 0.0148762 0.999888 2.5325
0.992563 -0.121705 0.00243816 -99.8267 0.121728 0.992452 -0.0148633 -9.65699 -0.000610817 0.0150496 0.999887 2.5459
0.992634 -0.121102 0.00354161 -101.116 0.121142 0.992521 -0.0150493 -9.82341 -0.00169262 0.0153675 0.99988 2.595
0.992592 -0.121354 0.00581085 -102.402 0.121421 0.992516 -0.0130184 -9.96778 -0.00418752 0.0136275 0.999898 2.63044
0.992675 -0.120661 0.00612768 -103.661 0.120734 0.992594 -0.0134029 -10.1211 -0.00446509 0.0140445 0.999891 2.68346
0.992636 -0.121031 0.00504348 -104.904 0.121087 0.992557 -0.0130095 -10.2768 -0.00343138 0.0135244 0.999903 2.69833
0.992775 -0.119936 0.00349579 -106.133 0.119975 0.992664 -0.0149749 -10.4435 -0.00167411 0.0152861 0.999882 2.76031
0.992722 -0.120378 0.00334647 -107.424 0.120416 0.992609 -0.0151031 -10.5452 -0.00150364 0.0153962 0.99988 2.80144
0.992746 -0.120196 0.0030142 -108.654 0.12023 0.992604 -0.0167861 -10.7228 -0.000974292 0.0170267 0.999855 2.84606
0.992951 -0.118486 0.00293475 -109.899 0.11852 0.99278 -0.0184551 -10.8824 -0.000726885 0.0186729 0.999825 2.8777
0.993116 -0.117115 0.00201863 -111.144 0.117132 0.992926 -0.0194561 -11.0398 0.000274243 0.0195586 0.999809 2.90897
0.993128 -0.116976 0.00354006 -112.407 0.117023 0.992942 -0.0192658 -11.1495 -0.00126144 0.0195477 0.999808 2.91311
0.993355 -0.114952 0.00564409 -113.682 0.115046 0.993138 -0.0210124 -11.3034 -0.00318994 0.0215221 0.999763 2.97108
0.993309 -0.115113 0.00932417 -114.955 0.115274 0.993148 -0.0192069 -11.425 -0.00704932 0.0201532 0.999772 2.99223
0.993431 -0.113837 0.0116169 -116.202 0.114041 0.9933 -0.0186959 -11.5388 -0.00941074 0.0198979 0.999758 3.0354
0.993691 -0.111579 0.011296 -117.379 0.111761 0.993588 -0.0171108 -11.71 -0.00931435 0.0182653 0.99979 3.06772
0.99378 -0.110951 0.00954082 -118.634 0.111104 0.993658 -0.0173223 -11.8606 -0.00755838 0.0182746 0.999804 3.13097
0.993914 -0.109748 0.00950739 -119.908 0.109899 0.993795 -0.0171622 -11.9812 -0.00756488 0.0181026 0.999808 3.14938
0.993969 -0.109293 0.00901208 -121.121 0.109431 0.993855 -0.0166314 -12.1185 -0.007139 0.0175173 0.999821 3.21183
0.993918 -0.109744 0.00913535 -122.382 0.109885 0.993805 -0.0166554 -12.2505 -0.00725092 0.0175579 0.99982 3.24433
0.993857 -0.110278 0.00937088 -123.643 0.110412 0.993768 -0.0153017 -12.3832 -0.00762504 0.0162423 0.999839 3.27705
0.993877 -0.110161 0.00851208 -124.847 0.110281 0.993784 -0.0152376 -12.5458 -0.00678058 0.016083 0.999848 3.32124
0.993795 -0.110927 0.00812333 -126.129 0.111042 0.993694 -0.0155217 -12.67 -0.00635034 0.0163274 0.999847 3.36261
0.993743 -0.111358 0.00866133 -127.373 0.111483 0.993644 -0.0155878 -12.7975 -0.00687045 0.0164559 0.999841 3.4031
0.993684 -0.11175 0.0102206 -128.653 0.111893 0.993611 -0.0147421 -12.926 -0.00850786 0.0157926 0.999839 3.44206
0.99354 -0.112933 0.0111156 -129.87 0.113085 0.993484 -0.0141967 -13.0689 -0.0094399 0.015362 0.999837 3.48309
0.993395 -0.1142 0.0111625 -131.085 0.114349 0.993345 -0.013771 -13.2212 -0.00951557 0.0149565 0.999843 3.50474
0.99347 -0.113679 0.00968239 -132.311 0.113835 0.993344 -0.0175756 -13.3481 -0.00761998 0.018563 0.999799 3.58159
0.993385 -0.11444 0.00952112 -133.571 0.114585 0.993276 -0.016495 -13.5021 -0.00756942 0.0174769 0.999819 3.6135
0.993456 -0.11378 0.00992678 -134.773 0.113934 0.993349 -0.0166367 -13.6594 -0.00796784 0.0176588 0.999812 3.67805
0.993446 -0.113802 0.0107121 -136.062 0.113967 0.99335 -0.0163225 -13.7681 -0.00878331 0.0174363 0.999809 3.70854
0.993543 -0.112841 0.0118214 -137.271 0.113021 0.993466 -0.0158444 -13.9043 -0.00995631 0.0170782 0.999805 3.75562
0.993525 -0.11307 0.0111422 -138.507 0.11324 0.993439 -0.0160174 -14.0385 -0.00925797 0.0171754 0.99981 3.81605
0.993644 -0.112136 0.00986132 -139.734 0.112295 0.993523 -0.0173702 -14.1602 -0.00784962 0.0183672 0.9998 3.8527
0.993816 -0.110574 0.0101908 -140.984 0.110738 0.993701 -0.0171743 -14.3185 -0.00822762 0.0181966 0.999801 3.89863
0.993965 -0.109047 0.0119241 -142.208 0.109233 0.993885 -0.0161741 -14.4566 -0.0100874 0.017379 0.999798 3.93428
0.994072 -0.107892 0.0133982 -143.452 0.108099 0.994013 -0.0158715 -14.598 -0.0116056 0.0172258 0.999784 4.00181
0.994089 -0.107377 0.0160191 -144.718 0.107624 0.994071 -0.0154708 -14.718 -0.0142629 0.0171033 0.999752 4.04912
0.994056 -0.107487 0.017306 -145.933 0.107709 0.994105 -0.0124145 -14.8433 -0.0158696 0.0142047 0.999773 4.05222
0.994108 -0.107222 0.0158987 -147.177 0.10743 0.994129 -0.0128576 -14.9812 -0.0144267 0.0144898 0.999791 4.11869
0.993954 -0.108815 0.0146408 -148.414 0.108983 0.993981 -0.0111929 -15.0973 -0.0133347 0.0127208 0.99983 4.14772
0.993912 -0.109375 0.0132948 -149.651 0.109539 0.993906 -0.0123535 -15.2153 -0.0118626 0.0137345 0.999835 4.1753
0.993934 -0.109413 0.0111005 -150.88 0.109556 0.993893 -0.0132205 -15.3449 -0.00958619 0.0143565 0.999851 4.24776
0.993846 -0.110283 0.0103668 -152.109 0.110429 0.993775 -0.0147047 -15.4745 -0.00868061 0.015759 0.999838 4.31736
0.99394 -0.109411 0.010579 -153.355 0.109557 0.993876 -0.0144148 -15.6198 -0.00893704 0.0154865 0.99984 4.34125
0.994044 -0.108517 0.0100006 -154.574 0.108663 0.993958 -0.0154962 -15.7591 -0.00825863 0.0164906 0.99983 4.41159
0.993999 -0.108749 0.011834 -155.798 0.108908 0.993957 -0.0137481 -15.8812 -0.0102673 0.0149544 0.999835 4.45358
0.994193 -0.106816 0.0130804 -157.022 0.107006 0.994148 -0.0148099 -16.0224 -0.0114219 0.0161235 0.999805 4.50636
0.994296 -0.105857 0.0129968 -158.246 0.106048 0.994248 -0.0150044 -16.1612 -0.0113337 0.0162971 0.999803 4.56041
0.994451 -0.104572 0.0115244 -159.47 0.104751 0.994366 -0.0162172 -16.2986 -0.00976359 0.0173344 0.999802 4.61411
0.994524 -0.103914 0.01116 -160.716 0.104091 0.994429 -0.0166256 -16.4012 -0.00937021 0.0176962 0.9998 4.63755
0.994497 -0.104094 0.0118074 -161.956 0.104284 0.994405 -0.0168309 -16.5158 -0.00998935 0.0179696 0.999789 4.68651
0.994554 -0.103565 0.0117328 -163.197 0.10372 0.994515 -0.0134942 -16.6308 -0.010271 0.0146376 0.99984 4.73627
0.994479 -0.104097 0.0132806 -164.414 0.104286 0.994442 -0.0145049 -16.7774 -0.0116969 0.0158098 0.999807 4.76996
0.994388 -0.104754 0.0148176 -165.63 0.10495 0.994391 -0.0131298 -16.9208 -0.0133591 0.0146113 0.999804 4.81432
0.994323 -0.105232 0.0157801 -166.866 0.105457 0.994323 -0.0141916 -17.0263 -0.0141971 0.0157751 0.999775 4.8776
0.994151 -0.106744 0.0163965 -168.096 0.106992 0.994145 -0.0151012 -17.1374 -0.0146885 0.0167671 0.999752 4.91951
0.994171 -0.106797 0.0148069 -169.313 0.107019 0.994141 -0.0151665 -17.2928 -0.0131004 0.0166627 0.999775 4.94646
0.99411 -0.107659 0.0124504 -170.551 0.107853 0.994036 -0.0161498 -17.4243 -0.0106374 0.0173975 0.999792 5.0035
0.994024 -0.10857 0.0113333 -171.808 0.108745 0.993937 -0.0162115 -17.5415 -0.00950448 0.0173471 0.999804 5.04254
0.993939 -0.10923 0.0123869 -173.065 0.10942 0.993868 -0.0159349 -17.6598 -0.0105704 0.0171937 0.999796 5.0802
0.993878 -0.109453 0.0150332 -174.275 0.109686 0.993844 -0.0155909 -17.8115 -0.0132341 0.0171444 0.999765 5.12729
0.993784 -0.109853 0.0180519 -175.518 0.110132 0.993799 -0.0152976 -17.9135 -0.0162595 0.0171906 0.99972 5.17141
0.993841 -0.109324 0.0181106 -176.732 0.109604 0.993858 -0.015275 -18.0624 -0.0163294 0.017166 0.999719 5.24838
0.993908 -0.108934 0.0167467 -177.944 0.109186 0.993909 -0.0149209 -18.213 -0.0150193 0.0166585 0.999748 5.28847
0.993874 -0.109703 0.0134384 -179.201 0.109901 0.99383 -0.0149824 -18.3207 -0.0117118 0.0163675 0.999797 5.33665
0.993768 -0.110814 0.012069 -180.461 0.110989 0.993709 -0.0149712 -18.4407 -0.0103341 0.0162175 0.999815 5.3918
0.99379 -0.110591 0.012329 -181.689 0.110776 0.993724 -0.0155295 -18.5839 -0.0105342 0.0167988 0.999803 5.43339
0.993635 -0.111678 0.0147754 -182.927 0.111893 0.993613 -0.0146064 -18.7072 -0.0130498 0.0161667 0.999784 5.48331
0.993699 -0.110907 0.0161551 -184.149 0.111148 0.993694 -0.0148075 -18.838 -0.014411 0.0165098 0.99976 5.51501
0.993621 -0.111648 0.015866 -185.402 0.111899 0.993593 -0.0158629 -18.9811 -0.0139933 0.0175371 0.999748 5.57808
0.993747 -0.110731 0.0143565 -186.647 0.110998 0.993632 -0.0193507 -19.1291 -0.0121224 0.0208232 0.99971 5.624
0.993656 -0.111862 0.0115817 -187.881 0.112101 0.993442 -0.0225042 -19.2465 -0.00898833 0.0236598 0.99968 5.67527
0.993774 -0.110895 0.0107796 -189.105 0.111143 0.993461 -0.0261224 -19.3718 -0.00781226 0.0271579 0.999601 5.73977
0.993753 -0.110823 0.0131456 -190.366 0.111162 0.993387 -0.0287156 -19.5235 -0.00987636 0.0299975 0.999501 5.76613
0.993868 -0.109728 0.0136674 -191.601 0.110097 0.993468 -0.0299969 -19.6736 -0.0102866 0.0313176 0.999457 5.83118
0.993876 -0.109285 0.0163546 -192.837 0.109716 0.993561 -0.0282644 -19.7876 -0.0131604 0.0298856 0.999467 5.86354
0.99382 -0.109571 0.0177919 -194.067 0.110011 0.993589 -0.026044 -19.9223 -0.0148242 0.0278403 0.999502 5.92144
0.993911 -0.108694 0.0180798 -195.314 0.109139 0.993693 -0.0257639 -20.0332 -0.0151654 0.0275802 0.999505 5.95093
0.993926 -0.108956 0.0154631 -196.586 0.109337 0.993654 -0.0263942 -20.2071 -0.0124891 0.0279246 0.999532 6.022
0.994026 -0.108227 0.0141066 -197.822 0.108574 0.993729 -0.0267089 -20.3277 -0.0111275 0.028081 0.999544 6.06
0.994045 -0.107981 0.0146503 -199.099 0.108351 0.993735 -0.0274008 -20.4295 -0.0115998 0.028825 0.999517 6.12475
0.994101 -0.107304 0.0157876 -200.307 0.107716 0.993785 -0.0280804 -20.5847 -0.0126763 0.0296153 0.999481 6.16774
0.993969 -0.108549 0.0156029 -201.573 0.108965 0.993627 -0.0288491 -20.6986 -0.0123719 0.0303753 0.999462 6.19905
0.993933 -0.109049 0.014371 -202.843 0.109435 0.993554 -0.0295774 -20.8594 -0.011053 0.0309706 0.999459 6.24676
0.993929 -0.109358 0.0120865 -204.055 0.109684 0.993487 -0.0308656 -20.9907 -0.0086324 0.0320039 0.99945 6.29289
0.993815 -0.110491 0.0111081 -205.323 0.110825 0.993182 -0.0361511 -21.1321 -0.00703801 0.0371586 0.999285 6.36209
0.993714 -0.11119 0.0130395 -206.608 0.111633 0.992926 -0.0404369 -21.2588 -0.00845105 0.0416383 0.999097 6.42188
0.993526 -0.112778 0.0136923 -207.849 0.11325 0.992727 -0.040829 -21.3876 -0.0089881 0.0421153 0.999072 6.4502
0.993572 -0.112396 0.0134779 -209.046 0.11288 0.992672 -0.0431245 -21.5438 -0.00853207 0.0443687 0.998979 6.48356
0.993494 -0.112998 0.0141778 -210.335 0.113517 0.992573 -0.0437244 -21.6845 -0.00913177 0.0450494 0.998943 6.50959
0.993396 -0.11366 0.0156754 -211.554 0.11424 0.992514 -0.043197 -21.842 -0.0106483 0.0447025 0.998944 6.55319
0.99341 -0.11349 0.0160496 -212.823 0.114084 0.992544 -0.0429116 -21.9786 -0.0110599 0.0444598 0.99895 6.60326
0.993485 -0.112895 0.0155678 -214.049 0.11348 0.992566 -0.0439883 -22.1283 -0.0104861 0.0454684 0.998911 6.64571
0.993518 -0.112503 0.0162823 -215.313 0.113117 0.992623 -0.043632 -22.2599 -0.0112535 0.045191 0.998915 6.68438
0.993394 -0.113639 0.0159703 -216.594 0.114222 0.992559 -0.0421816 -22.3882 -0.011058 0.0437271 0.998982 6.74048
0.99351 -0.11256 0.0163939 -217.825 0.113161 0.992686 -0.0420589 -22.546 -0.0115398 0.0436411 0.998981 6.81569
0.993555 -0.112163 0.0163864 -219.081 0.112771 0.992705 -0.0426506 -22.6911 -0.0114831 0.0442236 0.998956 6.8658
0.993471 -0.112931 0.0162021 -220.37 0.113546 0.992553 -0.0441219 -22.8062 -0.0110987 0.0456735 0.998895 6.93477
0.993567 -0.112041 0.0164461 -221.568 0.112671 0.992645 -0.0442841 -22.9508 -0.0113635 0.0458522 0.998884 6.96694
0.993642 -0.111306 0.01691 -222.784 0.111979 0.992635 -0.0462191 -23.0996 -0.0116411 0.0478189 0.998788 7.0207
0.993796 -0.10968 0.0184503 -224.019 0.110419 0.992844 -0.04548 -23.2333 -0.01333 0.0472351 0.998795 7.06786
0.993888 -0.108622 0.0197037 -225.26 0.109418 0.992964 -0.0452837 -23.3525 -0.0146463 0.0471629 0.99878 7.13397
0.994097 -0.107083 0.0174694 -226.522 0.10779 0.993092 -0.0463734 -23.5001 -0.0123829 0.0479826 0.998771 7.17187
0.994163 -0.107399 0.0102671 -227.747 0.107793 0.992781 -0.0525888 -23.5953 -0.00454503 0.0533885 0.998563 7.24525
0.994398 -0.105543 0.00577512 -228.948 0.105701 0.992829 -0.0558451 -23.7173 0.000160362 0.0561427 0.998423 7.2601
0.994584 -0.103837 0.00453932 -230.164 0.103926 0.992918 -0.0575598 -23.8666 0.00146967 0.0577198 0.998332 7.29621
0.994801 -0.101715 0.00503991 -231.415 0.101838 0.993278 -0.0550189 -23.9841 0.00059022 0.0552461 0.998473 7.287
0.994856 -0.101176 0.00508654 -232.586 0.101303 0.993512 -0.0516895 -24.1315 0.00017618 0.0519388 0.99865 7.33784
0.994949 -0.100314 0.00370958 -233.802 0.100378 0.993866 -0.0464172 -24.2508 0.000969463 0.0465551 0.998915 7.35594
0.994987 -0.0999655 0.00270549 -235.003 0.0999872 0.994007 -0.0441782 -24.3612 0.00172702 0.0442273 0.99902 7.39124
0.995021 -0.0996338 0.0023718 -236.219 0.0996407 0.994034 -0.044368 -24.4563 0.0020629 0.0443835 0.999012 7.44764
0.995042 -0.0993809 0.00380875 -237.453 0.0994519 0.994047 -0.0445028 -24.5718 0.000636649 0.0446609 0.999002 7.4806
0.994968 -0.100043 0.00547915 -238.648 0.100187 0.994017 -0.043505 -24.6979 -0.00109398 0.043835 0.999038 7.52236
0.994897 -0.100712 0.00606756 -239.86 0.100877 0.994059 -0.0408811 -24.8007 -0.00191428 0.0412845 0.999146 7.51685
0.994853 -0.101277 0.00315011 -241.059 0.101323 0.994093 -0.0388987 -24.9251 0.000808052 0.0390177 0.999238 7.58202
0.994818 -0.101646 0.00211878 -242.251 0.101652 0.994086 -0.0382194 -25.0466 0.00177859 0.0382368 0.999267 7.59838
0.994703 -0.102759 0.00268982 -243.47 0.102785 0.993928 -0.0392743 -25.1729 0.0013623 0.0393427 0.999225 7.64409
0.994578 -0.103956 0.00284124 -244.67 0.103984 0.993717 -0.0414056 -25.2918 0.00148096 0.0414765 0.999138 7.68305
0.994479 -0.104864 0.00397902 -245.926 0.104937 0.993454 -0.0451434 -25.4195 0.000780949 0.0453117 0.998973 7.71479
0.99445 -0.105099 0.00489627 -247.104 0.105212 0.993257 -0.0486908 -25.5646 0.000254097 0.0489357 0.998802 7.73138
0.994546 -0.104094 0.00658841 -248.292 0.104295 0.993221 -0.0513318 -25.7065 -0.00120042 0.0517389 0.99866 7.73649
0.994562 -0.103903 0.0070918 -249.536 0.104129 0.993309 -0.0499513 -25.8119 -0.00185424 0.0504181 0.998726 7.78506
0.994606 -0.103487 0.00705 -250.719 0.103711 0.99336 -0.0497939 -25.9413 -0.00185015 0.0502564 0.998735 7.83052
0.994387 -0.105577 0.00699621 -251.935 0.10579 0.993278 -0.0469895 -26.0511 -0.00198818 0.0474659 0.998871 7.8524
0.994166 -0.107639 0.00689933 -253.128 0.107844 0.99308 -0.0465007 -26.1629 -0.00184629 0.0469734 0.998894 7.90229
0.993948 -0.10969 0.00602463 -254.35 0.10985 0.992959 -0.0443257 -26.2938 -0.0011201 0.0447193 0.998999 7.93521
0.993677 -0.112166 0.00507132 -255.572 0.11228 0.992789 -0.0419874 -26.4271 -0.000325189 0.0422913 0.999105 7.96739
0.99346 -0.114075 0.00501834 -256.773 0.114183 0.992726 -0.0381784 -26.5736 -0.000626651 0.0385017 0.999258 7.99318
0.99322 -0.11615 0.0047415 -257.98 0.116245 0.99262 -0.0345346 -26.695 -0.00069531 0.0348517 0.999392 8.03145
0.993092 -0.117258 0.00421276 -259.191 0.117332 0.992668 -0.0290273 -26.8402 -0.000778182 0.0293211 0.99957 8.0623
0.992897 -0.118927 0.0033184 -260.396 0.118974 0.992546 -0.0264022 -26.9735 -0.000153722 0.0266095 0.999646 8.10156
0.9927 -0.120491 0.00528854 -261.601 0.120589 0.992357 -0.0261836 -27.1088 -0.00209323 0.0266302 0.999643 8.14006
0.992653 -0.120875 0.00543538 -262.799 0.120976 0.992323 -0.0256842 -27.2793 -0.00228907 0.026153 0.999655 8.18617
0.992588 -0.121319 0.00711519 -263.991 0.121472 0.992202 -0.0279296 -27.4006 -0.00367132 0.0285869 0.999585 8.22746
0.99251 -0.121908 0.0078551 -265.189 0.122085 0.99211 -0.0285173 -27.5515 -0.00431663 0.0292627 0.999562 8.24945
0.992555 -0.121656 0.00594478 -266.394 0.121781 0.992099 -0.0301512 -27.69 -0.00222974 0.0306507 0.999528 8.30038
0.992707 -0.120413 0.00570597 -267.537 0.120533 0.992219 -0.0311896 -27.845 -0.00190594 0.0316499 0.999497 8.32113
0.992849 -0.119268 0.00500883 -268.724 0.119367 0.992361 -0.031177 -27.981 -0.00125213 0.031552 0.999501 8.35596
0.993012 -0.117905 0.00507527 -269.929 0.118004 0.992571 -0.0296417 -28.1072 -0.00154265 0.0300334 0.999548 8.3873
0.993101 -0.117163 0.00491188 -271.133 0.117257 0.992662 -0.0295453 -28.2317 -0.00141421 0.0299175 0.999551 8.41896
0.993295 -0.115563 0.00310342 -272.291 0.115605 0.992974 -0.025277 -28.3903 -0.000160533 0.0254663 0.999676 8.44057
