1 0 0 0 0 1 0 0 -0 0 1 0
0.999999 -0.00103886 -6.11344e-05 0.00128702 0.00103884 0.999999 -0.000366573 0.0159276 6.15152e-05 0.00036651 1 0.00428788
1 -0.000970177 0.000129027 -0.00805924 0.000970233 0.999999 -0.000436254 0.011882 -0.000128603 0.000436379 1 0.00318
0.999999 -0.00111876 -1.99212e-05 -0.00490915 0.00111876 0.999999 -0.000253344 0.0202857 2.02046e-05 0.000253321 1 0.00693646
1 -0.00097459 -9.99455e-07 -0.00467338 0.00097459 1 -0.000135173 0.0127692 1.13119e-06 0.000135172 1 0.00556628
1 -0.000985447 0.000152871 -0.00446302 0.000985475 0.999999 -0.000183611 0.00531359 -0.00015269 0.000183761 1 0.00425228
0.999999 -0.00114152 -4.01599e-05 0.00356119 0.0011415 0.999999 -0.000340987 0.0174104 4.05491e-05 0.000340941 1 0.00510436
0.999999 -0.00104799 -1.23329e-05 0.000237586 0.00104798 0.999999 -0.000320347 0.0166656 1.26686e-05 0.000320334 1 0.00288375
0.999999 -0.00119307 8.13153e-05 -0.00305658 0.00119307 0.999999 2.06445e-05 0.0158918 -8.13399e-05 -2.05475e-05 1 0.000717096
0.999999 -0.00102886 -3.39274e-05 -0.00285413 0.00102885 0.999999 -0.000302239 0.0112266 3.42383e-05 0.000302204 1 0.00242205
0.999999 -0.00110671 2.20325e-05 -0.00713873 0.00110672 0.999999 -0.000482395 0.0208237 -2.14986e-05 0.000482419 1 0.00371604
0.999999 -0.00120557 0.000124498 -0.00762863 0.00120562 0.999999 -0.000419621 0.0169196 -0.000123992 0.000419771 1 0.00134157
1 -0.000788311 -4.86196e-05 -0.00812325 0.000788279 0.999999 -0.00066851 0.0130313 4.91465e-05 0.000668471 1 -0.00099998
0.999999 -0.00105279 2.2027e-06 -0.00715842 0.00105279 0.999999 -0.000160178 0.012347 -2.03406e-06 0.000160181 1 0.00472784
0.999999 -0.000998363 -0.000226822 -0.00621302 0.000998238 0.999999 -0.000551877 0.0117318 0.000227372 0.00055165 1 0.0103423
0.999999 -0.00109103 -6.67353e-05 -0.00528821 0.00109102 0.999999 -9.46874e-05 0.0111706 6.68386e-05 9.46145e-05 1 0.0158507
1 -0.000985679 0.000106528 -0.00603567 0.000985738 0.999999 -0.000551679 0.0180215 -0.000105985 0.000551784 1 0.00344852
1 -0.000976906 -2.83245e-05 -0.00112562 0.000976902 1 -0.000157048 0.013084 2.84779e-05 0.00015702 1 0.00404377
0.999999 -0.00111004 6.14486e-05 -0.00273647 0.00111007 0.999999 -0.000359883 0.0223536 -6.10491e-05 0.000359951 1 0.003207
1 -0.000935342 -5.00947e-05 -0.00560012 0.000935321 0.999999 -0.000408349 0.0170738 5.04766e-05 0.000408302 1 0.0035497
0.999999 -0.00101526 -8.40102e-05 -0.00845923 0.00101524 0.999999 -0.000156055 0.0117946 8.41686e-05 0.00015597 1 0.00388421
0.999999 -0.00103858 0.000101365 -0.0117801 0.00103863 0.999999 -0.000559553 0.0162917 -0.000100784 0.000559658 1 0.00402321
1 -0.00084332 -0.000126145 -0.0150153 0.00084327 1 -0.0003949 0.0207272 0.000126478 0.000394794 1 0.00411275
0.999999 -0.0011461 -9.83417e-05 -0.0116724 0.00114607 0.999999 -0.000353736 0.0210237 9.87471e-05 0.000353623 1 0.00527441
0.999999 -0.00102218 -1.82358e-05 -0.00893378 0.00102217 0.999999 -0.000443527 0.0153397 1.86892e-05 0.000443508 1 0.00357657
1 -0.00099067 1.96485e-05 -0.00626342 0.000990676 0.999999 -0.000320257 0.00969099 -1.93312e-05 0.000320276 1 0.00187704
1 -0.000926817 -2.51054e-05 -0.0036657 0.000926809 1 -0.000313243 0.00416126 2.53957e-05 0.00031322 1 0.000175536
0.999999 -0.00108301 -9.61934e-06 -0.0120247 0.00108301 0.999999 -0.000262853 0.0190618 9.90401e-06 0.000262842 1 0.00143733
0.999999 -0.00102178 -9.11176e-05 -0.00436177 0.00102173 0.999999 -0.000460262 0.0192447 9.15878e-05 0.000460168 1 0.0030851
0.999999 -0.00114403 -9.7598e-05 0.00311257 0.001144 0.999999 -0.000287352 0.0193897 9.79266e-05 0.000287241 1 0.00472952
1 -0.000971074 -1.32894e-06 -0.011168 0.000971073 0.999999 -0.000477891 0.0108181 1.79301e-06 0.000477889 1 0.00484872
1 -0.000982316 7.25849e-05 -0.00707117 0.000982348 0.999999 -0.000434956 0.019523 -7.21576e-05 0.000435027 1 0.0037163
1 -0.000978255 -1.78434e-05 -0.00910501 0.00097825 0.999999 -0.000303784 0.0164715 1.81406e-05 0.000303767 1 0.00318287
0.999999 -0.00111511 0.000288084 -0.0109224 0.0011153 0.999999 -0.000659178 0.0134581 -0.000287349 0.000659499 1 0.00264171
1 -0.000879139 -0.000116078 -0.0127126 0.000879106 1 -0.000279386 0.0104663 0.000116324 0.000279284 1 0.00209879
0.999999 -0.00101804 0.000203772 -0.014484 0.00101819 0.999999 -0.000731205 0.00752805 -0.000203028 0.000731412 1 0.00157169
0.999999 -0.0010665 -3.18421e-06 -0.00393141 0.0010665 0.999999 -0.000656205 0.0204862 3.88405e-06 0.000656202 1 0.00623319
1 -0.000866207 3.3498e-06 -0.00673761 0.000866208 1 -0.000481114 0.0132321 -2.93305e-06 0.000481117 1 0.00296599
1 -0.00085714 0.000140158 -0.00956642 0.000857233 0.999999 -0.000666867 0.00606341 -0.000139586 0.000666986 1 -0.000273783
1 -0.00088462 7.33974e-05 -0.0100478 0.000884665 0.999999 -0.000617683 0.0116962 -7.28509e-05 0.000617747 1 0.00310923
0.999999 -0.00104408 -1.68352e-06 -0.0105852 0.00104408 0.999999 -0.000437976 0.0173004 2.1408e-06 0.000437974 1 0.00641169
0.999999 -0.00113009 -4.17233e-06 -0.0110416 0.00113008 0.999999 -0.000563688 0.0228291 4.80934e-06 0.000563683 1 0.00965347
1 -0.000969866 0.000194392 -0.0143851 0.00096994 0.999999 -0.000380252 0.0150126 -0.000194023 0.00038044 1 0.0029063
1 -0.000977074 7.60186e-05 -0.00659036 0.000977113 0.999999 -0.000520608 0.0180348 -7.55099e-05 0.000520682 1 0.00245578
0.999999 -0.00100212 0.000132721 0.00119305 0.00100218 0.999999 -0.000428701 0.0210226 -0.000132292 0.000428834 1 0.0020147
0.999999 -0.00100487 7.44741e-05 -0.00508223 0.0010049 0.999999 -0.000351713 0.0156474 -7.41206e-05 0.000351788 1 0.00603874
0.999999 -0.0011846 9.21237e-05 0.000371745 0.00118464 0.999999 -0.000485212 0.0183028 -9.15488e-05 0.000485321 1 0.00493298
0.999999 -0.00106132 7.86718e-05 -0.00892658 0.00106136 0.999999 -0.000526227 0.0177775 -7.81132e-05 0.00052631 1 0.00462939
0.999999 -0.00111505 0.0001661 -0.0181256 0.00111517 0.999999 -0.000717834 0.0172563 -0.000165299 0.000718019 1 0.00432373
1 -0.0009572 0.000110919 -0.0129439 0.000957246 0.999999 -0.000416365 0.0153476 -0.00011052 0.000416471 1 0.00458482
1 -0.000867581 0.000108192 -0.00772574 0.00086763 1 -0.000450671 0.0135196 -0.000107801 0.000450765 1 0.0048438
0.999999 -0.00103988 0.000129145 -0.0109744 0.00103998 0.999999 -0.000714856 0.0196397 -0.000128401 0.00071499 1 0.00314676
0.999999 -0.00105489 0.000221279 -0.0141603 0.00105499 0.999999 -0.000459011 0.0257106 -0.000220795 0.000459244 1 0.00149733
0.999999 -0.00105225 0.000223172 -0.00298876 0.00105238 0.999999 -0.000575794 0.0205696 -0.000222566 0.000576029 1 0.00304967
0.999999 -0.00106841 0.000101072 -0.00342715 0.00106847 0.999999 -0.00058205 0.025289 -0.00010045 0.000582158 1 -5.98065e-05
0.999999 -0.00112476 7.1251e-05 -0.00377297 0.0011248 0.999999 -0.000549311 0.0203322 -7.06331e-05 0.000549391 1 0.00639438
0.999999 -0.0010252 -0.000159088 -0.00409847 0.00102515 0.999999 -0.000358386 0.0153715 0.000159456 0.000358223 1 0.0127808
0.999999 -0.000996455 0.000177434 -0.0105483 0.000996565 0.999999 -0.000620499 0.0168353 -0.000176816 0.000620676 1 0.000152789
1 -0.000998341 3.88594e-05 -0.00358296 0.000998357 0.999999 -0.00042466 0.012499 -3.84354e-05 0.000424698 1 0.00242104
1 -0.000685029 0.000197746 0.00329325 0.000685124 1 -0.000482722 0.00818062 -0.000197415 0.000482858 1 0.00471794
0.999999 -0.00103339 0.000158338 -0.00566657 0.00103343 0.999999 -0.000291717 0.020797 -0.000158037 0.000291881 1 0.00335311
0.999999 -0.00112547 0.000111363 0.00894662 0.00112551 0.999999 -0.000433928 0.0181658 -0.000110875 0.000434053 1 0.00446946
0.999999 -0.00118177 0.000279676 0.0233796 0.00118186 0.999999 -0.000328334 0.0155125 -0.000279287 0.000328664 1 0.00563295
0.999999 -0.0012521 0.000390557 0.0135445 0.00125227 0.999999 -0.000423542 0.0279495 -0.000390027 0.000424031 1 0.0104924
0.999998 -0.00178345 0.000372272 0.0037507 0.00178359 0.999998 -0.000376812 0.0402779 -0.0003716 0.000377475 1 0.0153246
0.999999 -0.00135196 0.000374327 -0.0104337 0.00135212 0.999999 -0.000414313 0.0197609 -0.000373766 0.000414819 1 0.0118284
0.999999 -0.00121434 0.000254997 -0.00955395 0.00121445 0.999999 -0.000436545 0.0231418 -0.000254466 0.000436855 1 0.0112154
0.999999 -0.00131289 0.000192926 -0.0354605 0.00131294 0.999999 -0.000256032 0.020516 -0.00019259 0.000256285 1 0.00957268
0.999999 -0.00105782 0.000463221 -0.0613345 0.00105813 0.999999 -0.000669894 0.0179288 -0.000462512 0.000670383 1 0.00795751
0.999999 -0.00127281 0.000282557 -0.0666956 0.00127293 0.999999 -0.000438049 0.0225359 -0.000281999 0.000438408 1 0.0101304
0.999999 -0.00167639 0.000223688 -0.0898275 0.00167649 0.999999 -0.000418029 0.0342122 -0.000222987 0.000418404 1 0.0132101
0.999999 -0.00156021 0.000253545 -0.12038 0.0015603 0.999999 -0.000354857 0.0194854 -0.000252991 0.000355252 1 0.0113163
0.999999 -0.00164402 0.000156552 -0.155475 0.00164411 0.999998 -0.000571273 0.0261598 -0.000155613 0.00057153 1 0.0149826
0.999999 -0.00164808 0.000431215 -0.171957 0.00164828 0.999999 -0.000452907 0.0344855 -0.000430468 0.000453617 1 0.0141526
0.999999 -0.00159934 0.000576312 -0.216267 0.00159945 0.999999 -0.000200108 0.0304652 -0.000575991 0.00020103 1 0.00992359
0.999999 -0.0014578 0.000375466 -0.25307 0.00145791 0.999999 -0.000276415 0.0320491 -0.000375063 0.000276962 1 0.0186197
0.999998 -0.00189004 0.000432267 -0.290014 0.00189031 0.999998 -0.000623359 0.0465964 -0.000431088 0.000624175 1 0.0220148
0.999998 -0.00173629 0.000866101 -0.352995 0.00173639 0.999998 -0.000117368 0.0377006 -0.000865896 0.000118872 1 0.0165771
0.999997 -0.00178049 0.00165623 -0.416001 0.00178201 0.999998 -0.000921135 0.0289268 -0.00165459 0.000924083 0.999998 0.0113693
0.999993 -0.00298695 0.0020886 -0.478595 0.00298947 0.999995 -0.00120284 0.0505262 -0.002085 0.00120907 0.999997 0.015904
0.999994 -0.00273074 0.00217542 -0.532638 0.0027328 0.999996 -0.000945342 0.0438751 -0.00217283 0.000951281 0.999997 0.0270827
0.999991 -0.00295377 0.00308711 -0.599298 0.00295987 0.999994 -0.00197132 0.0460843 -0.00308127 0.00198044 0.999993 0.0222044
0.999992 -0.0024753 0.00317852 -0.666014 0.0024787 0.999996 -0.00106602 0.0482681 -0.00317587 0.00107389 0.999994 0.0174667
0.999994 -0.00256577 0.00250304 -0.732579 0.00256646 0.999997 -0.000271078 0.0356457 -0.00250234 0.0002775 0.999997 0.0268077
0.999994 -0.00175213 0.00295874 -0.814899 0.00175346 0.999998 -0.000448409 0.0341063 -0.00295795 0.000453594 0.999996 0.0275982
0.999991 -0.00217524 0.00366914 -0.917417 0.00217881 0.999997 -0.000969366 0.0433607 -0.00366702 0.000977352 0.999993 0.0251334
0.999991 -0.00194089 0.003833 -1.0101 0.00194517 0.999997 -0.00111287 0.0331569 -0.00383083 0.00112032 0.999992 0.0352938
0.999988 -0.00197515 0.00446379 -1.1083 0.00197995 0.999997 -0.00106957 0.0408353 -0.00446166 0.00107839 0.999989 0.031921
0.999988 -0.00213498 0.00436632 -1.21376 0.00213981 0.999997 -0.00110178 0.041874 -0.00436396 0.00111111 0.99999 0.0361513
0.999991 -0.00163735 0.00384656 -1.31387 0.00164023 0.999998 -0.000744767 0.0353016 -0.00384533 0.00075107 0.999992 0.0511666
0.999989 -0.00210941 0.00419463 -1.45666 0.00211211 0.999998 -0.000641667 0.0454338 -0.00419327 0.00065052 0.999991 0.0410474
0.999988 -0.00235413 0.00436873 -1.56801 0.00235634 0.999997 -0.000499409 0.0474106 -0.00436754 0.000509697 0.99999 0.0571114
0.999986 -0.00211341 0.00491581 -1.72505 0.00211293 0.999998 0.000101244 0.0483378 -0.00491601 -9.08558e-05 0.999988 0.0530746
0.999981 -0.00172722 0.00591812 -1.86056 0.00172507 0.999998 0.00036826 0.0524112 -0.00591875 -0.000358044 0.999982 0.0409115
0.999984 -0.00224703 0.00523122 -2.0183 0.00224486 0.999997 0.000420704 0.0498957 -0.00523215 -0.000408954 0.999986 0.0520234
0.999984 -0.00175301 0.00546612 -2.1704 0.00174938 0.999998 0.000667748 0.0432953 -0.00546728 -0.000658175 0.999985 0.05671
0.999973 -0.00173412 0.00711006 -2.33218 0.00172924 0.999998 0.000692238 0.0563087 -0.00711125 -0.000679925 0.999974 0.0472703
0.999977 -0.00149298 0.00668524 -2.51525 0.00148272 0.999998 0.00153836 0.0339921 -0.00668752 -0.00152841 0.999976 0.0556383
0.999969 -0.00135196 0.00779366 -2.68315 0.00134077 0.999998 0.00144071 0.0432542 -0.00779559 -0.00143021 0.999969 0.0591324
0.999965 -0.000891954 0.00832335 -2.88823 0.000874257 0.999997 0.00212957 0.0289205 -0.00832522 -0.00212222 0.999963 0.0562112
0.999965 -0.000924224 0.0082639 -3.08722 0.000909217 0.999998 0.00181963 0.013754 -0.00826557 -0.00181205 0.999964 0.0590721
0.999964 -0.000532091 0.00845505 -3.29412 0.000519692 0.999999 0.00146855 0.0317832 -0.00845582 -0.0014641 0.999963 0.0598268
0.999965 -0.00116948 0.00827204 -3.53095 0.0011655 0.999999 0.000486439 0.0520353 -0.0082726 -0.00047678 0.999966 0.0843319
0.999961 -7.5383e-05 0.00887646 -3.7673 6.27895e-05 0.999999 0.00141903 0.0352113 -0.00887656 -0.00141841 0.99996 0.0822496
0.999957 -0.000562609 0.00930833 -4.00046 0.000530105 0.999994 0.00349407 0.0230802 -0.00931024 -0.00348899 0.999951 0.0782
0.999959 0.000162764 0.00905125 -4.26265 -0.00019394 0.999994 0.00344363 0.0294467 -0.00905063 -0.00344525 0.999953 0.0845811
0.999957 -4.43106e-05 0.00925054 -4.50343 8.30236e-06 0.999992 0.00389256 0.0256723 -0.00925065 -0.00389231 0.99995 0.0991948
0.999957 -0.000200174 0.0092403 -4.79313 0.000161125 0.999991 0.00422651 0.0215306 -0.00924106 -0.00422484 0.999948 0.107168
0.999958 -0.000783736 0.00909504 -5.09855 0.000737549 0.999987 0.00508055 0.0344556 -0.0090989 -0.00507363 0.999946 0.110761
0.999956 -0.000771446 0.00938513 -5.40164 0.000712684 0.99998 0.00626291 0.0403935 -0.00938977 -0.00625595 0.999936 0.119274
0.999958 -0.00121761 0.00906882 -5.70487 0.00116873 0.999985 0.00539249 0.0462843 -0.00907525 -0.00538166 0.999944 0.12774
0.999953 -0.000463808 0.00972963 -6.0351 0.000401893 0.99998 0.00636453 0.0434979 -0.00973239 -0.00636032 0.999932 0.129099
0.99995 -0.000302818 0.00999816 -6.33733 0.000220935 0.999966 0.00818995 0.0204614 -0.0100003 -0.00818733 0.999916 0.139878
0.999955 -0.000631688 0.00950433 -6.69263 0.000546224 0.999959 0.00899204 0.0343784 -0.00950963 -0.00898644 0.999914 0.154698
0.999957 -0.000585638 0.00927582 -7.0823 0.000498879 0.999956 0.00935279 0.0611179 -0.00928089 -0.00934775 0.999913 0.153204
0.99996 -8.38277e-05 0.00889403 -7.45764 -5.42163e-06 0.99995 0.0100343 0.0698256 -0.00889442 -0.0100339 0.99991 0.172442
0.999964 0.0003981 0.00842782 -7.81052 -0.000489886 0.999941 0.0108916 0.0575526 -0.00842298 -0.0108953 0.999905 0.182178
0.999963 6.13412e-05 0.00860462 -8.20915 -0.000168858 0.999922 0.0124951 0.0483734 -0.00860318 -0.0124961 0.999885 0.180509
0.999966 -0.000489851 0.0081962 -8.59932 0.000407937 0.99995 0.00999275 0.0819083 -0.00820069 -0.00998907 0.999916 0.21237
0.999972 0.000164391 0.00753991 -9.03418 -0.000257924 0.999923 0.0124058 0.0679867 -0.00753729 -0.0124074 0.999895 0.20435
0.999974 0.00084419 0.00718802 -9.50568 -0.000941673 0.999907 0.0135694 0.0486447 -0.0071759 -0.0135758 0.999882 0.211526
0.999975 -7.53587e-05 0.00706768 -9.91853 -9.45158e-06 0.999928 0.0119989 0.0704929 -0.00706807 -0.0119987 0.999903 0.238391
0.999983 0.000150907 0.00576153 -10.3346 -0.0002227 0.999922 0.0124623 0.0602853 -0.0057592 -0.0124634 0.999906 0.285712
0.999985 -0.000253234 0.00551882 -10.8159 0.000185473 0.999925 0.0122753 0.0795779 -0.00552151 -0.0122741 0.999909 0.299665
0.999985 0.000922941 0.00548479 -11.2914 -0.000987894 0.999929 0.0118515 0.0576627 -0.00547347 -0.0118567 0.999915 0.30535
0.999981 0.000485883 0.00609744 -11.7763 -0.000557828 0.99993 0.0118032 0.0876449 -0.00609128 -0.0118064 0.999912 0.303021
0.999982 0.000489554 0.00590235 -12.2523 -0.000560346 0.999928 0.011998 0.0840321 -0.00589605 -0.0120011 0.999911 0.316724
0.999984 -0.000121031 0.00565636 -12.8057 6.62885e-05 0.999953 0.00967727 0.103286 -0.00565726 -0.00967674 0.999937 0.343025
0.999983 0.000195209 0.0058332 -13.3143 -0.000251146 0.999954 0.00959014 0.102382 -0.00583106 -0.00959144 0.999937 0.337471
0.999983 -0.00016756 0.00587811 -13.8813 9.89131e-05 0.999932 0.0116767 0.0953989 -0.00587967 -0.0116759 0.999915 0.340727
0.999986 0.000380521 0.00532037 -14.3711 -0.000435949 0.999946 0.0104207 0.0933896 -0.00531612 -0.0104229 0.999932 0.357136
0.999983 0.000228673 0.00578656 -14.9607 -0.000295591 0.999933 0.0115663 0.0958968 -0.00578353 -0.0115678 0.999916 0.366581
0.999985 0.000472565 0.00537707 -15.5084 -0.000537452 0.999927 0.0120723 0.0778148 -0.00537097 -0.012075 0.999913 0.374676
0.99998 0.00117991 0.00616903 -16.1168 -0.00123706 0.999956 0.00926859 0.0697154 -0.00615783 -0.00927604 0.999938 0.387531
0.999982 0.00080055 0.00589237 -16.6754 -0.00085067 0.999963 0.00850825 0.0928597 -0.00588535 -0.00851311 0.999946 0.426398
0.999979 0.00140808 0.00628859 -17.2485 -0.00146051 0.999964 0.00834163 0.0718263 -0.00627662 -0.00835064 0.999945 0.444959
0.999983 0.00158184 0.00555643 -17.8217 -0.00162632 0.999967 0.00801133 0.0511535 -0.00554357 -0.00802023 0.999952 0.463644
0.999983 0.00124464 0.00563611 -18.4695 -0.00128128 0.999978 0.00650223 0.0815201 -0.00562789 -0.00650934 0.999963 0.475077
0.999985 0.00147463 0.00532095 -19.1172 -0.00151289 0.999973 0.00719468 0.111435 -0.0053102 -0.00720262 0.99996 0.486827
0.999985 0.00209186 0.00499723 -19.7419 -0.00211718 0.999985 0.00506624 0.0976899 -0.00498655 -0.00507674 0.999975 0.5163
0.999987 0.00237489 0.00454418 -20.4064 -0.00240515 0.999975 0.00666552 0.0964817 -0.00452823 -0.00667636 0.999967 0.512349
0.999993 0.00238489 0.00277875 -21.0883 -0.00240669 0.999966 0.00786889 0.111649 -0.00275989 -0.00787552 0.999965 0.537762
0.999988 0.00287553 0.00391529 -21.7603 -0.00290038 0.999976 0.00635481 0.104904 -0.00389692 -0.00636609 0.999972 0.55385
0.999986 0.00323448 0.00417202 -22.4013 -0.00325709 0.99998 0.0054225 0.107376 -0.0041544 -0.00543601 0.999977 0.552892
0.999989 0.00228222 0.00398934 -23.1377 -0.00230074 0.999987 0.00464403 0.125211 -0.00397869 -0.00465316 0.999981 0.5714
0.999991 0.00234087 0.00355133 -23.8619 -0.00235091 0.999993 0.00282338 0.146971 -0.0035447 -0.0028317 0.99999 0.62358
0.999989 0.00334385 0.00318373 -24.537 -0.00335054 0.999992 0.00209715 0.140274 -0.00317669 -0.0021078 0.999993 0.628987
0.999993 0.0033152 0.00160275 -25.2991 -0.0033192 0.999991 0.00250329 0.133992 -0.00159444 -0.0025086 0.999996 0.662949
0.999992 0.00356063 0.00177828 -26.0196 -0.00356414 0.999992 0.0019749 0.160609 -0.00177124 -0.00198122 0.999996 0.669836
0.99999 0.0036693 0.00256824 -26.7819 -0.00367138 0.999993 0.000806614 0.152662 -0.00256526 -0.000816035 0.999996 0.686735
0.999986 0.00394498 0.00348694 -27.5488 -0.00394918 0.999991 0.0011979 0.152803 -0.00348218 -0.00121165 0.999993 0.68434
0.999991 0.00317144 0.00290904 -28.301 -0.00317234 0.999995 0.000304774 0.182178 -0.00290806 -0.000314 0.999996 0.701936
0.999985 0.00469658 0.00293005 -29.0911 -0.00469998 0.999988 0.00115524 0.161683 -0.00292459 -0.001169 0.999995 0.714128
0.999982 0.00494232 0.00329929 -29.876 -0.00493902 0.999987 -0.00100776 0.171505 -0.00330423 0.000991448 0.999994 0.740179
0.999979 0.0047168 0.00436968 -30.6767 -0.0047188 0.999989 0.00044751 0.179844 -0.00436752 -0.00046812 0.99999 0.729584
0.999985 0.00417891 0.00348708 -31.5013 -0.0041695 0.999988 -0.00270021 0.206976 -0.00349832 0.00268563 0.99999 0.790087
0.999977 0.00517574 0.00427095 -32.3022 -0.00515942 0.999979 -0.00382223 0.203954 -0.00429064 0.00380011 0.999984 0.79185
0.999984 0.00441433 0.00350314 -33.1209 -0.00439766 0.999979 -0.00475283 0.199211 -0.00352405 0.00473735 0.999983 0.820537
0.999982 0.00504768 0.00314454 -33.9637 -0.00503448 0.999979 -0.00419369 0.177378 -0.00316564 0.00417779 0.999986 0.827
0.999977 0.00567684 0.00369809 -34.8279 -0.00565769 0.999971 -0.00516972 0.185011 -0.00372733 0.00514868 0.99998 0.831472
0.999965 0.00738858 0.00399427 -35.6661 -0.00736698 0.999958 -0.00539402 0.160604 -0.00403396 0.00536441 0.999977 0.848471
0.999968 0.00681554 0.00420026 -36.5149 -0.00678366 0.999948 -0.00755748 0.16561 -0.00425155 0.00752874 0.999963 0.879491
0.999978 0.00565983 0.00348125 -37.4075 -0.00563569 0.99996 -0.00690605 0.237489 -0.0035202 0.00688628 0.99997 0.925085
0.999975 0.0064219 0.00283613 -38.2771 -0.00640685 0.999966 -0.00528473 0.230262 -0.00286997 0.00526643 0.999982 0.917365
0.999966 0.00797418 0.00229308 -39.1666 -0.00796863 0.999965 -0.00241815 0.210538 -0.00231229 0.00239979 0.999994 0.929828
0.99997 0.00746626 0.00223402 -40.0987 -0.00746629 0.999972 8.1777e-06 0.253434 -0.0022339 -2.48573e-05 0.999998 0.951239
0.999964 0.0084809 0.000120579 -40.9866 -0.00848071 0.999963 -0.00148041 0.267612 -0.000133129 0.00147933 0.999999 1.01341
0.999956 0.0091206 0.00217043 -41.942 -0.00911757 0.999957 -0.00140135 0.26757 -0.00218312 0.0013815 0.999997 1.03402
0.999952 0.00878789 0.00430962 -42.8968 -0.00879546 0.99996 0.00174161 0.277411 -0.00429414 -0.00177943 0.999989 1.0248
0.999962 0.00812158 0.00302003 -43.8444 -0.00812057 0.999967 -0.000346811 0.283677 -0.00302275 0.000322274 0.999995 1.0711
0.999948 0.0101467 0.00131569 -44.7436 -0.0101478 0.999948 0.000888714 0.27558 -0.00130661 -0.000902019 0.999999 1.06562
0.999944 0.0100577 -0.00319344 -45.7144 -0.0100614 0.999949 -0.00113429 0.294247 0.00318187 0.00116636 0.999994 1.10304
0.999955 0.00941825 -0.00108077 -46.7058 -0.00941911 0.999955 -0.000796274 0.311798 0.00107322 0.000806418 0.999999 1.10387
0.999947 0.010244 0.00135962 -47.6903 -0.0102392 0.999941 -0.00352861 0.292008 -0.00139569 0.0035145 0.999993 1.14466
0.999941 0.0105485 0.00258632 -48.6683 -0.0105396 0.999939 -0.00344082 0.303188 -0.00262246 0.00341335 0.999991 1.14281
0.999939 0.010732 0.0027378 -49.6432 -0.0107255 0.99994 -0.00239221 0.309755 -0.00276331 0.0023627 0.999993 1.1842
0.999947 0.0102428 0.000331335 -50.6373 -0.0102414 0.999939 -0.00410685 0.347613 -0.000373381 0.00410325 0.999992 1.19489
0.999953 0.00868485 -0.00435734 -51.6895 -0.0087165 0.999935 -0.0072975 0.368251 0.00429368 0.00733513 0.999964 1.22908
0.999949 0.00873393 -0.00514552 -52.7309 -0.00877336 0.999932 -0.00769141 0.384166 0.00507799 0.00773616 0.999957 1.25166
0.999957 0.00774992 -0.0051605 -53.7251 -0.00779121 0.999937 -0.0080293 0.403648 0.00509795 0.00806916 0.999954 1.27216
0.999963 0.00771062 -0.0039243 -54.7927 -0.00774345 0.999935 -0.00842075 0.410067 0.00385912 0.00845083 0.999957 1.29617
0.999962 0.00822258 -0.00297979 -55.8565 -0.00824381 0.99994 -0.00718554 0.411216 0.00292052 0.00720983 0.99997 1.31087
0.99997 0.007143 -0.00284754 -56.8975 -0.00716059 0.999955 -0.00621626 0.418954 0.00280301 0.00623647 0.999977 1.33613
0.999977 0.00597507 -0.00318381 -57.9241 -0.00599078 0.99997 -0.0049473 0.471723 0.00315415 0.00496626 0.999983 1.33449
0.999972 0.00612321 -0.0041959 -58.991 -0.00614376 0.999969 -0.00490283 0.442183 0.00416575 0.00492847 0.999979 1.36814
0.999971 0.0066712 -0.00380259 -60.0793 -0.00669188 0.999963 -0.00545344 0.453876 0.00376606 0.00547873 0.999978 1.38857
0.999977 0.00623337 -0.00250186 -61.1357 -0.00624262 0.999974 -0.00370564 0.439418 0.0024787 0.00372117 0.99999 1.4034
0.999984 0.00506257 -0.00268345 -62.2386 -0.00508061 0.999964 -0.00675749 0.481933 0.00264915 0.00677101 0.999974 1.44261
0.999985 0.00523793 -0.00148359 -63.3084 -0.00524684 0.999968 -0.00606411 0.463476 0.00145178 0.00607181 0.999981 1.45264
0.999984 0.00516294 -0.00251262 -64.4077 -0.00518038 0.999962 -0.00698673 0.492486 0.00247645 0.00699963 0.999972 1.47238
0.999978 0.0058164 -0.0030372 -65.5 -0.00584045 0.999951 -0.0079719 0.488693 0.00299068 0.00798946 0.999964 1.52217
0.999975 0.00664264 -0.00228388 -66.6115 -0.00666283 0.999938 -0.00895025 0.471625 0.00222428 0.00896524 0.999957 1.55606
0.999982 0.0059293 -0.000300959 -67.6857 -0.00593182 0.99994 -0.00918143 0.496788 0.000246502 0.00918306 0.999958 1.56909
0.999983 0.00581714 9.63425e-05 -68.7936 -0.00581597 0.999938 -0.00946163 0.5055 -0.000151376 0.00946091 0.999955 1.56848
0.999982 0.00577443 -0.00173472 -69.9051 -0.00579138 0.999934 -0.00992747 0.526954 0.00167728 0.00993734 0.999949 1.6115
0.999972 0.00622335 -0.00403884 -71.0254 -0.00626377 0.99993 -0.0100748 0.523683 0.00397585 0.0100998 0.999941 1.6266
0.999971 0.0067236 -0.00360546 -72.1255 -0.00675678 0.999934 -0.00926858 0.526076 0.00354291 0.00929267 0.999951 1.64174
0.999977 0.0066407 -0.00116279 -73.2542 -0.00665264 0.999922 -0.0105825 0.528934 0.00109242 0.01059 0.999943 1.65019
0.999974 0.00677851 0.0023211 -74.3899 -0.00675356 0.999921 -0.0105928 0.556742 -0.00239272 0.0105768 0.999941 1.67151
0.999968 0.00610943 0.00519174 -75.4927 -0.00605351 0.999924 -0.0107199 0.58745 -0.00525684 0.0106882 0.999929 1.70194
0.999965 0.0064282 0.00527587 -76.6287 -0.00636495 0.999909 -0.0119187 0.572322 -0.005352 0.0118847 0.999915 1.73423
0.999964 0.00711566 0.00464614 -77.7648 -0.00704535 0.999863 -0.0149775 0.557599 -0.00475208 0.0149442 0.999877 1.76657
0.999955 0.00643033 0.00695257 -78.9397 -0.00632134 0.999859 -0.0155861 0.582896 -0.00705181 0.0155415 0.999854 1.78103
0.999944 0.00620457 0.00862691 -80.0611 -0.00605441 0.999832 -0.0173241 0.603454 -0.00873294 0.0172709 0.999813 1.83263
0.999938 0.00648775 0.0091042 -81.2104 -0.00633262 0.999836 -0.0169668 0.620457 -0.00921278 0.0169081 0.999815 1.87136
0.999945 0.00663638 0.00811842 -82.3913 -0.00648189 0.9998 -0.0189105 0.636943 -0.0082423 0.0188568 0.999788 1.91343
0.999948 0.00575876 0.00841059 -83.5338 -0.00557822 0.999757 -0.0213332 0.640578 -0.0085314 0.0212852 0.999737 1.92694
0.999938 0.00693943 0.00865608 -84.7199 -0.00674649 0.999732 -0.0221228 0.60628 -0.00880729 0.0220631 0.999718 1.95053
0.999954 0.00617563 0.00735739 -85.8557 -0.00602208 0.999767 -0.0207116 0.642232 -0.00748359 0.0206663 0.999758 1.98355
0.999964 0.0062001 0.00582732 -87.0287 -0.00608916 0.999803 -0.0188667 0.657237 -0.00594315 0.0188305 0.999805 2.02088
0.999967 0.00649979 0.00487426 -88.2225 -0.00640169 0.999782 -0.019879 0.658089 -0.00500241 0.0198471 0.999791 2.0644
0.999967 0.00555584 0.00598677 -89.3939 -0.00542686 0.999757 -0.0213477 0.674714 -0.00610392 0.0213145 0.999754 2.10941
0.999964 0.00506313 0.00685882 -90.5836 -0.0049156 0.99976 -0.0213593 0.685334 -0.00696532 0.0213248 0.999748 2.13637
0.999958 0.00584202 0.00713077 -91.7698 -0.00568162 0.999735 -0.0223116 0.690007 -0.00725922 0.0222701 0.999726 2.16345
0.999962 0.00615912 0.00615751 -92.951 -0.00600537 0.999677 -0.0246837 0.692474 -0.00630755 0.0246458 0.999676 2.20467
0.999968 0.00656998 0.00452219 -94.1609 -0.00645211 0.999651 -0.025603 0.665601 -0.00468882 0.025573 0.999662 2.23837
0.999983 0.00566369 0.00133055 -95.374 -0.00562566 0.999619 -0.0270335 0.703159 -0.00148316 0.0270256 0.999634 2.26255
0.99998 0.00573462 -0.00280628 -96.5862 -0.00580775 0.999624 -0.0267855 0.704748 0.00265162 0.0268013 0.999637 2.27615
0.999961 0.00531684 -0.00706136 -97.7924 -0.00548992 0.999679 -0.0247217 0.711113 0.00692765 0.0247595 0.999669 2.29689
0.999935 0.00564223 -0.00991863 -99.0131 -0.00586683 0.999724 -0.0227627 0.746 0.00978745 0.0228194 0.999692 2.32301
0.999919 0.0053067 -0.0115562 -100.236 -0.00553766 0.999784 -0.0200464 0.755747 0.0114473 0.0201087 0.999732 2.34244
0.999928 0.00570888 -0.0105985 -101.475 -0.00589923 0.99982 -0.0180165 0.76381 0.0104937 0.0180777 0.999782 2.34264
0.999949 0.00533348 -0.00861796 -102.696 -0.00550045 0.999795 -0.0194689 0.776144 0.00851236 0.0195153 0.999773 2.36764
0.999962 0.00551856 -0.0067699 -103.917 -0.00564665 0.999803 -0.0190495 0.787912 0.00666344 0.019087 0.999796 2.39494
0.999985 0.00463005 -0.00295233 -105.154 -0.0046888 0.999785 -0.0202105 0.817121 0.00285812 0.020224 0.999791 2.39862
0.999985 0.00544304 0.000595481 -106.428 -0.00543049 0.999798 -0.0193711 0.828375 -0.000700798 0.0193675 0.999812 2.43054
0.999981 0.00486293 0.00367746 -107.647 -0.00478985 0.999796 -0.0196249 0.814717 -0.00377215 0.0196069 0.999801 2.44022
0.999984 0.00500638 0.00276979 -108.908 -0.0049567 0.999832 -0.0176621 0.837318 -0.00285775 0.0176481 0.99984 2.48785
0.999987 0.00512097 1.7083e-05 -110.177 -0.00512004 0.999858 -0.016056 0.853876 -9.93027e-05 0.0160557 0.999871 2.52015
0.999976 0.00562695 -0.00407369 -111.447 -0.0056859 0.999877 -0.0146074 0.866901 0.00399099 0.0146302 0.999885 2.54668
0.999974 0.00548765 -0.00470117 -112.693 -0.00555618 0.999877 -0.0146894 0.884841 0.00461998 0.0147151 0.999881 2.57811
0.999979 0.00522865 -0.00370273 -113.948 -0.00527951 0.99989 -0.0138629 0.898302 0.00362983 0.0138822 0.999897 2.5906
0.999981 0.00539819 -0.00297862 -115.208 -0.00543719 0.999898 -0.0132443 0.916408 0.00290682 0.0132603 0.999908 2.61945
0.999974 0.00600074 -0.00405751 -116.5 -0.00605427 0.999893 -0.0133111 0.925382 0.0039772 0.0133353 0.999903 2.65511
0.999973 0.0056286 -0.00467819 -117.763 -0.00569177 0.999891 -0.0136004 0.9397 0.00460113 0.0136267 0.999897 2.67792
0.999961 0.00530697 -0.00700185 -119.024 -0.00539964 0.999897 -0.0132832 0.92108 0.00693064 0.0133205 0.999887 2.6991
0.99996 0.00500709 -0.00737725 -120.309 -0.00511075 0.999888 -0.0141014 0.961182 0.00730581 0.0141385 0.999873 2.70001
0.999941 0.00452087 -0.00983442 -121.56 -0.00465531 0.999895 -0.0136904 0.976496 0.0097715 0.0137354 0.999858 2.72188
0.999915 0.00488275 -0.0120994 -122.835 -0.00502392 0.999919 -0.0116643 0.988661 0.0120414 0.0117241 0.999859 2.75037
0.999929 0.00471828 -0.0109134 -124.082 -0.00483398 0.999932 -0.0106003 0.995721 0.0108626 0.0106523 0.999884 2.75391
0.999937 0.00508882 -0.010027 -125.356 -0.0051929 0.999933 -0.010382 0.997189 0.00997346 0.0104334 0.999896 2.7631
0.999952 0.00529198 -0.00830161 -126.647 -0.00537262 0.999938 -0.00972202 1.00312 0.00824965 0.00976615 0.999918 2.79041
0.999955 0.00483872 -0.00814208 -127.872 -0.00491512 0.999944 -0.00938947 1.03133 0.00809619 0.00942907 0.999923 2.81268
0.999941 0.00468408 -0.00982927 -129.133 -0.00476697 0.999953 -0.00842706 1.06913 0.00978934 0.00847341 0.999916 2.84703
0.999923 0.00420586 -0.0116541 -130.375 -0.00431314 0.999948 -0.00919484 1.06002 0.0116148 0.0092444 0.99989 2.86803
0.999918 0.00448165 -0.0119921 -131.604 -0.00458695 0.999951 -0.00876734 1.06533 0.0119522 0.00882163 0.99989 2.87228
0.999912 0.00552882 -0.0120737 -132.885 -0.00562768 0.999951 -0.00816966 1.07101 0.012028 0.00823688 0.999894 2.89675
0.999935 0.00488249 -0.0103516 -134.11 -0.00497415 0.999948 -0.00884816 1.09242 0.0103079 0.00889907 0.999907 2.91499
0.999959 0.005065 -0.00751287 -135.342 -0.00513834 0.999939 -0.00977425 1.11882 0.0074629 0.00981245 0.999924 2.93148
0.999974 0.00489868 -0.00533427 -136.623 -0.00496099 0.999919 -0.0117304 1.15319 0.00527637 0.0117566 0.999917 2.96394
0.999975 0.00518587 -0.00489162 -137.85 -0.00523868 0.999927 -0.0108458 1.13986 0.00483502 0.0108712 0.999929 2.98073
0.999959 0.00474394 -0.00772742 -139.125 -0.00483881 0.999913 -0.0123052 1.18285 0.00766837 0.0123421 0.999894 3.01831
0.999947 0.00559013 -0.00862743 -140.349 -0.00569675 0.999907 -0.0123833 1.16866 0.0085574 0.0124318 0.999886 3.02409
0.999949 0.00440241 -0.00908074 -141.563 -0.00450855 0.999921 -0.0117005 1.19881 0.00902852 0.0117409 0.99989 3.03271
0.999951 0.00450975 -0.00883329 -142.797 -0.00460847 0.999927 -0.0111872 1.22665 0.00878219 0.0112274 0.999898 3.06697
0.99995 0.00594562 -0.00802045 -144.082 -0.00603556 0.999919 -0.0112364 1.20037 0.00795299 0.0112842 0.999905 3.08976
0.999961 0.00512226 -0.00722117 -145.352 -0.00521629 0.999901 -0.0130623 1.21178 0.00715355 0.0130994 0.999889 3.11824
0.999959 0.00612774 -0.00660793 -146.543 -0.00622072 0.999881 -0.0141427 1.21588 0.00652048 0.0141832 0.999878 3.1175
0.999943 0.00639479 -0.00849914 -147.807 -0.00649619 0.999907 -0.0119573 1.2269 0.00842188 0.0120119 0.999892 3.14457
0.999921 0.00673857 -0.0106399 -149.072 -0.00685242 0.999919 -0.0107008 1.2277 0.0105669 0.0107729 0.999886 3.1591
0.999931 0.00522126 -0.0105162 -150.339 -0.0053495 0.999911 -0.0122036 1.24759 0.0104516 0.0122591 0.99987 3.18698
0.999938 0.00731133 -0.00843711 -151.577 -0.0074071 0.999908 -0.0113761 1.24418 0.00835315 0.0114379 0.9999 3.20083
0.999946 0.00612013 -0.00844454 -152.827 -0.00619445 0.999942 -0.00880356 1.27802 0.00839018 0.00885539 0.999926 3.21438
0.999936 0.00676308 -0.00908417 -154.057 -0.00685371 0.999927 -0.00998338 1.25772 0.00901598 0.010045 0.999909 3.22416
0.999919 0.00674652 -0.0108051 -155.327 -0.00684357 0.999936 -0.00897048 1.28234 0.0107439 0.0090437 0.999901 3.27987
0.999906 0.00714497 -0.0116749 -156.521 -0.00724137 0.99994 -0.00823572 1.28398 0.0116154 0.00831949 0.999898 3.28432
0.999921 0.00628938 -0.0108938 -157.844 -0.00638802 0.999939 -0.00904435 1.33989 0.0108363 0.00911322 0.9999 3.28281
0.999926 0.00646858 -0.0103232 -159.055 -0.00656808 0.999932 -0.00963319 1.34228 0.0102602 0.00970028 0.9999 3.30733
0.999941 0.0062624 -0.0088852 -160.318 -0.0063511 0.99993 -0.00999006 1.35259 0.00882202 0.0100459 0.999911 3.31509
0.999932 0.00719293 -0.00920793 -161.532 -0.00727611 0.999933 -0.00903197 1.34249 0.00914234 0.00909835 0.999917 3.35376
0.99994 0.00672161 -0.00869653 -162.793 -0.00679254 0.999944 -0.00815255 1.33791 0.00864124 0.00821113 0.999929 3.37483
0.999941 0.007287 -0.00807702 -164.075 -0.00737047 0.999919 -0.0103527 1.36915 0.00800093 0.0104116 0.999914 3.38954
0.999933 0.00831929 -0.0080784 -165.265 -0.00838792 0.999929 -0.00849885 1.35566 0.00800712 0.00856604 0.999931 3.42229
0.999945 0.00668916 -0.00805798 -166.547 -0.00675763 0.999941 -0.00850056 1.37676 0.00800064 0.00855454 0.999931 3.46085
0.99995 0.00676843 -0.00740323 -167.779 -0.00683451 0.999937 -0.00893806 1.40455 0.00734226 0.00898821 0.999933 3.4575
0.999941 0.00730402 -0.00808235 -169.016 -0.00736912 0.99994 -0.00805356 1.40559 0.00802305 0.00811264 0.999935 3.46246
0.999934 0.00689781 -0.00921548 -170.278 -0.0069707 0.999944 -0.00790015 1.4146 0.00916047 0.00796387 0.999926 3.47471
0.999928 0.00790382 -0.00906156 -171.527 -0.00796458 0.999946 -0.00668953 1.41141 0.00900819 0.00676122 0.999937 3.48851
0.999935 0.00723756 -0.00885241 -172.79 -0.00730422 0.999945 -0.00752218 1.45291 0.00879749 0.00758635 0.999933 3.50837
0.999927 0.00795907 -0.00906332 -174.001 -0.00803071 0.999937 -0.00789485 1.44899 0.00899991 0.00796706 0.999928 3.51596
0.999919 0.00749209 -0.0103289 -175.247 -0.0075792 0.999936 -0.00842039 1.50391 0.0102651 0.00849799 0.999911 3.56886
0.999914 0.00731999 -0.0108862 -176.535 -0.00742127 0.999929 -0.00929218 1.53235 0.0108174 0.00937217 0.999898 3.59909
0.999907 0.00710455 -0.0116818 -177.756 -0.00721562 0.999929 -0.00949359 1.53324 0.0116136 0.009577 0.999887 3.64082
0.999918 0.007752 -0.0101508 -179.008 -0.00783497 0.999936 -0.00815978 1.53259 0.0100869 0.00823865 0.999915 3.65
0.999927 0.00760518 -0.00941403 -180.25 -0.00767372 0.999944 -0.00726659 1.54697 0.00935824 0.0073383 0.999929 3.67178
0.999937 0.0086079 -0.00720274 -181.549 -0.00864641 0.999948 -0.00533327 1.53114 0.00715646 0.00539521 0.99996 3.64073
0.999917 0.00866742 -0.00951306 -182.799 -0.0087134 0.999951 -0.00480294 1.54305 0.00947096 0.00488544 0.999943 3.68169
0.999916 0.00851602 -0.00977355 -184.079 -0.00856618 0.99995 -0.00510232 1.57725 0.00972961 0.00518562 0.999939 3.69854
0.999916 0.00835808 -0.00986414 -185.362 -0.00839769 0.999957 -0.00398101 1.56368 0.00983044 0.00406351 0.999943 3.69505
0.999926 0.00742573 -0.00966058 -186.646 -0.00749625 0.999945 -0.00728406 1.61943 0.00960596 0.00735594 0.999927 3.71144
0.99992 0.00749438 -0.0101496 -187.9 -0.00757169 0.999942 -0.00760045 1.6247 0.0100921 0.00767669 0.99992 3.74931
0.999912 0.00776716 -0.01073 -189.188 -0.00784461 0.999943 -0.00719521 1.64424 0.0106735 0.00727875 0.999917 3.76753
0.999903 0.00824463 -0.0112419 -190.477 -0.00830056 0.999953 -0.00493721 1.66403 0.0112007 0.00503005 0.999925 3.78505
0.999896 0.00734458 -0.0123826 -191.788 -0.00739742 0.999964 -0.00422693 1.65483 0.0123511 0.00431809 0.999914 3.78708
0.99989 0.00762156 -0.0127087 -193.085 -0.00769375 0.999954 -0.0056407 1.68353 0.0126651 0.00573786 0.999903 3.8178
0.99989 0.00657838 -0.0132823 -194.426 -0.00666146 0.999958 -0.00622011 1.68941 0.0132409 0.00630791 0.999892 3.84875
0.999894 0.0075299 -0.01245 -195.705 -0.00760528 0.999953 -0.00601865 1.69517 0.0124041 0.0061127 0.999904 3.86023
0.99993 0.0065624 -0.00987823 -196.994 -0.00662658 0.999957 -0.0064782 1.71811 0.00983529 0.0065432 0.99993 3.84204
0.999929 0.00691981 -0.00966713 -198.335 -0.00699323 0.999947 -0.00758135 1.75497 0.00961415 0.00764842 0.999925 3.86579
0.999924 0.00698051 -0.0101854 -199.656 -0.00704684 0.999954 -0.00649035 1.74288 0.0101397 0.00656163 0.999927 3.88805
0.999921 0.00664588 -0.0106698 -200.946 -0.00673641 0.999941 -0.00847137 1.78604 0.0106129 0.00854258 0.999907 3.89025
0.999907 0.00679168 -0.0118265 -202.269 -0.0068964 0.999937 -0.00883668 1.78672 0.0117657 0.00891742 0.999891 3.9386
0.999913 0.00685079 -0.011278 -203.574 -0.00695153 0.999936 -0.00891789 1.77399 0.0112162 0.00899551 0.999897 3.93351
0.999916 0.00787569 -0.010248 -204.88 -0.00796778 0.999928 -0.00897654 1.76145 0.0101766 0.00905745 0.999907 3.92929
0.999923 0.00678171 -0.0104144 -206.226 -0.00687568 0.999936 -0.00901426 1.77866 0.0103526 0.00908517 0.999905 3.97529
0.99992 0.00747991 -0.0102188 -207.552 -0.00756909 0.999933 -0.00871641 1.82382 0.0101529 0.00879306 0.99991 3.98398
0.999929 0.00615699 -0.0102188 -208.887 -0.00623711 0.99995 -0.00782717 1.84837 0.0101701 0.00789034 0.999917 4.01337
0.999934 0.00635656 -0.00957112 -210.233 -0.00643319 0.999947 -0.00799724 1.86907 0.00951978 0.00805829 0.999922 4.01888
0.99993 0.00722644 -0.0093905 -211.585 -0.00730857 0.999935 -0.00874213 1.8627 0.00932672 0.00881015 0.999918 4.02882
0.999928 0.00747291 -0.00942877 -212.929 -0.00755475 0.999934 -0.00867434 1.86621 0.00936332 0.00874494 0.999918 4.05606
0.999921 0.0070345 -0.0104358 -214.272 -0.0071226 0.999939 -0.00842909 1.87017 0.0103758 0.00850276 0.99991 4.08324
0.999933 0.00688124 -0.00934316 -215.579 -0.00696926 0.999931 -0.00942122 1.92025 0.00927769 0.0094857 0.999912 4.09157
0.999942 0.00620155 -0.00879345 -216.954 -0.00628397 0.999936 -0.00937578 1.95822 0.00873475 0.00943049 0.999917 4.11918
0.999944 0.00727902 -0.00769447 -218.321 -0.00734355 0.999938 -0.00839093 1.92498 0.00763292 0.00844697 0.999935 4.12651
0.999949 0.00673525 -0.00755318 -219.693 -0.00679522 0.999945 -0.00794255 1.95902 0.00749928 0.00799347 0.99994 4.13991
0.999943 0.00747623 -0.00761871 -221.039 -0.00754395 0.999932 -0.0088995 1.99622 0.00755165 0.00895647 0.999931 4.16294
0.999944 0.00712511 -0.00782442 -222.408 -0.00719235 0.999937 -0.00859978 1.99124 0.00776266 0.00865557 0.999932 4.17736
0.999932 0.00662314 -0.00961977 -223.732 -0.00669179 0.999952 -0.00712256 1.99794 0.00957213 0.00718645 0.999928 4.20051
0.99992 0.00617454 -0.0110179 -225.123 -0.00626093 0.99995 -0.00782322 2.02986 0.010969 0.00789158 0.999909 4.23834
0.999924 0.00589974 -0.010854 -226.487 -0.00599632 0.999943 -0.00888719 2.05723 0.0108009 0.0089516 0.999902 4.24219
0.999936 0.00667926 -0.00915585 -227.873 -0.00676074 0.999938 -0.00889706 2.04708 0.00909585 0.00895839 0.999919 4.24793
0.999955 0.0058491 -0.00747325 -229.222 -0.00592607 0.999929 -0.0103192 2.08355 0.00741236 0.010363 0.999919 4.27614
0.999961 0.00622532 -0.00634367 -230.596 -0.00628863 0.99993 -0.0100084 2.07173 0.00628092 0.0100479 0.99993 4.29721
0.999955 0.00641467 -0.0069296 -232.014 -0.00649129 0.999917 -0.0110916 2.08781 0.00685788 0.0111361 0.999914 4.33696
0.999962 0.00444497 -0.0074396 -233.387 -0.00452373 0.999934 -0.0106037 2.17343 0.00739197 0.010637 0.999916 4.36082
0.999957 0.00436309 -0.0081726 -234.803 -0.00444415 0.999941 -0.00992637 2.17058 0.00812881 0.00996226 0.999917 4.37471
0.999966 0.00496207 -0.00652162 -236.184 -0.00502797 0.999936 -0.0101273 2.15198 0.00647095 0.0101597 0.999927 4.39573
0.999964 0.00452705 -0.00721744 -237.582 -0.00460026 0.999938 -0.010159 2.18386 0.007171 0.0101918 0.999922 4.43853
0.999958 0.0056059 -0.00719292 -238.941 -0.00568351 0.999925 -0.0108154 2.18938 0.00713175 0.0108558 0.999916 4.44543
0.999958 0.00418267 -0.00813187 -240.402 -0.0042544 0.999952 -0.00882427 2.21158 0.00809457 0.00885849 0.999928 4.44367
0.999944 0.00504387 -0.00925229 -241.794 -0.00512738 0.999946 -0.00902428 2.21944 0.00920627 0.00907121 0.999916 4.47193
