1 0 0 0 0 1 0 0 -0 0 1 0
0.999999 -0.00162169 0.000460074 -3.38514e-05 0.00162171 0.999999 -4.74992e-05 -5.96148e-05 -0.000459996 4.82453e-05 1 9.1199e-05
1 -0.000922478 0.000295311 -0.0119289 0.000922464 1 4.88517e-05 -0.0111767 -0.000295356 -4.85793e-05 1 0.00456132
0.999999 -0.0014826 0.000272089 -0.0237919 0.00148263 0.999999 -0.000113865 -0.0222096 -0.00027192 0.000114268 1 0.00904647
0.999999 -0.0010459 8.13386e-05 -0.016391 0.0010459 0.999999 -3.62086e-05 -0.00640642 -8.13007e-05 3.62937e-05 1 0.0110926
0.999999 -0.00110802 8.1776e-05 -0.0212408 0.00110802 0.999999 -2.33627e-05 -0.00421665 -8.17501e-05 2.34533e-05 1 0.010892
0.999999 -0.00109846 0.000194552 -0.0139632 0.00109844 0.999999 9.22192e-05 -0.00361831 -0.000194653 -9.20054e-05 1 0.0135214
0.999999 -0.00101768 5.87353e-05 -0.00672236 0.00101768 0.999999 2.52601e-05 -0.00311614 -5.8761e-05 -2.52004e-05 1 0.0160851
0.999999 -0.00101942 0.000174072 -0.0184047 0.00101942 0.999999 1.88587e-06 0.0029206 -0.000174074 -1.70841e-06 1 0.0104157
1 -0.000920146 2.98951e-05 -0.00481853 0.000920146 1 -6.91752e-06 -0.00640315 -2.98887e-05 6.94502e-06 1 0.0177525
0.999999 -0.00121613 5.34804e-05 -0.0164007 0.00121613 0.999999 -3.71432e-05 -0.00720537 -5.34352e-05 3.72082e-05 1 0.0112686
0.999999 -0.00104152 0.000402639 -0.0279341 0.0010415 0.999999 7.2142e-05 -0.00802116 -0.000402714 -7.17226e-05 1 0.00479353
1 -0.000826191 5.99157e-06 -0.00833802 0.000826191 1 -0.000110875 -0.00861868 -5.89996e-06 0.00011088 1 0.0100423
1 -0.000978677 -4.86845e-05 -0.0232005 0.000978675 1 -4.18553e-05 -0.0104156 4.87254e-05 4.18076e-05 1 0.0114748
1 -0.0008974 0.000126714 -0.00349409 0.000897397 1 2.2995e-05 -0.00257278 -0.000126735 -2.28813e-05 1 0.0115479
0.999999 -0.00102726 -7.4418e-05 -0.0138454 0.00102725 0.999999 -0.00013747 0.00107307 7.45592e-05 0.000137393 1 0.013638
0.999999 -0.00102446 0.000275866 -0.0190407 0.00102443 0.999999 0.000104021 -0.00585385 -0.000275972 -0.000103738 1 0.0063873
0.999999 -0.0010974 9.99373e-05 -0.0174416 0.00109739 0.999999 4.02706e-05 -0.0113241 -9.99814e-05 -4.01609e-05 1 0.0116546
0.999999 -0.00107598 0.000165205 -0.000712797 0.00107597 0.999999 2.71816e-05 -0.00579838 -0.000165234 -2.70038e-05 1 0.0131404
1 -0.000971747 8.95422e-05 -0.014762 0.000971758 1 -0.000126993 -0.0114918 -8.94187e-05 0.00012708 1 0.0100259
0.999999 -0.00103014 -4.70838e-05 -0.0138375 0.00103014 0.999999 -8.10494e-05 -0.00754131 4.71673e-05 8.10009e-05 1 0.0126436
1 -0.000794004 0.00019843 -0.0129222 0.000794023 1 -9.23253e-05 -0.00357962 -0.000198356 9.24828e-05 1 0.0152537
1 -0.000980604 -8.63918e-05 -0.0120047 0.000980589 1 -0.000171151 0.00031219 8.65596e-05 0.000171066 1 0.0178456
0.999999 -0.0010689 0.00022024 -0.0247039 0.00106892 0.999999 -8.1655e-05 -0.00547066 -0.000220153 8.18904e-05 1 0.0103783
0.999999 -0.00109128 0.000528604 -0.026053 0.00109123 0.999999 9.40917e-05 -0.00803966 -0.000528706 -9.35148e-05 1 0.00638002
1 -0.000878819 0.000231321 -0.0147387 0.000878803 1 6.9451e-05 -0.00984191 -0.000231382 -6.92476e-05 1 0.0102144
0.999999 -0.00124538 0.000236473 -0.00346801 0.0012454 0.999999 -8.32908e-05 -0.0116378 -0.000236369 8.35853e-05 1 0.0140533
1 -0.000331731 -0.000104259 0.00770323 0.000331723 1 -7.16866e-05 -0.0133867 0.000104283 7.1652e-05 1 0.0178491
0.999999 -0.0010112 0.000136757 -0.0154067 0.0010112 0.999999 -2.3047e-05 -0.00798246 -0.000136734 2.31853e-05 1 0.0130149
1 -0.000899919 1.84593e-05 -0.0152652 0.000899919 1 -2.73501e-05 0.00637021 -1.84346e-05 2.73667e-05 1 0.013222
1 -0.000981162 0.000171954 -0.0225265 0.000981161 1 7.62983e-06 -0.0110299 -0.000171961 -7.46111e-06 1 0.0162686
0.999999 -0.000958907 0.000348715 -0.0181094 0.000958886 1 6.09582e-05 -0.0150122 -0.000348774 -6.06237e-05 1 0.0084284
0.999999 -0.00108156 0.000192907 -0.0256639 0.00108157 0.999999 -3.43991e-05 -0.00685374 -0.000192869 3.46078e-05 1 0.0116717
0.999999 -0.00104133 0.000413435 -0.0127985 0.00104126 0.999999 0.000185436 -0.0109836 -0.000413628 -0.000185005 1 0.00670528
0.999999 -0.000976608 0.000283389 -0.0149529 0.000976554 1 0.000192273 -0.0139765 -0.000283576 -0.000191996 1 0.0117052
1 -0.00090383 5.75303e-05 -0.0171128 0.000903826 1 6.38514e-05 -0.0169227 -5.7588e-05 -6.37993e-05 1 0.0166873
1 -0.000987492 1.93366e-05 -0.0171786 0.000987493 1 -3.59294e-05 -0.0053239 -1.93011e-05 3.59484e-05 1 0.0163368
1 -0.000926359 -2.82554e-05 -0.00401789 0.000926356 1 -0.000104543 -0.00383179 2.83522e-05 0.000104516 1 0.0185482
1 -0.000947386 0.000297694 -0.0256068 0.000947368 1 5.9836e-05 -0.00196891 -0.00029775 -5.95539e-05 1 0.00889342
0.999999 -0.00113451 0.000177699 -0.00780414 0.00113451 0.999999 1.01363e-06 -0.00940768 -0.0001777 -8.12027e-07 1 0.0124602
1 -0.00098808 -1.8589e-05 -0.010941 0.000988078 1 -0.000110646 -0.0100299 1.86984e-05 0.000110628 1 0.0139934
1 -0.000914738 0.000161814 -0.0140833 0.000914722 1 9.80935e-05 -0.0106521 -0.000161904 -9.79454e-05 1 0.0155081
1 -0.000886879 -4.35913e-05 -0.0172567 0.000886876 1 -7.04609e-05 -0.0112535 4.36538e-05 7.04222e-05 1 0.0169867
1 -0.000983707 -5.82329e-06 -0.0203992 0.000983708 1 0.000128837 -0.0117415 5.69655e-06 -0.000128843 1 0.0184014
1 -0.000935955 -3.36329e-05 -0.0235244 0.000935948 1 -0.000193618 -0.0121727 3.38141e-05 0.000193587 1 0.0197681
1 -0.000978236 -3.06244e-07 -0.0154562 0.000978236 1 -8.33825e-06 -0.00667046 3.14401e-07 8.33795e-06 1 0.0119642
1 -0.000707091 0.000430708 -0.00743633 0.000707079 1 2.8875e-05 -0.00118912 -0.000430728 -2.85705e-05 1 0.00425029
1 -0.000926258 0.000190801 -0.0129311 0.000926245 1 6.50066e-05 -0.00809069 -0.000190861 -6.48299e-05 1 0.0120337
0.999999 -0.00105962 3.99159e-06 -0.0120614 0.00105962 0.999999 -6.8128e-05 -0.0035729 -3.9194e-06 6.81322e-05 1 0.00982923
0.999999 -0.00101824 2.55609e-05 -0.00706634 0.00101824 0.999999 -3.64081e-05 -0.0125921 -2.55238e-05 3.64341e-05 1 0.0152591
0.999999 -0.00103604 7.09658e-05 -0.00978217 0.00103604 0.999999 4.69585e-05 -0.00209051 -7.10144e-05 -4.68849e-05 1 0.0143663
0.999999 -0.00100066 0.000374992 -0.0124868 0.00100061 0.999999 0.000116423 0.00829587 -0.000375109 -0.000116048 1 0.013479
1 -0.000817944 0.00029318 -0.0186594 0.000817954 1 -3.68117e-05 -0.00983038 -0.00029315 3.70515e-05 1 0.00712106
1 -0.000778494 0.000194981 -0.0226599 0.000778503 1 -4.44262e-05 -0.0141599 -0.000194947 4.4578e-05 1 0.010378
1 -0.000901286 0.00023818 -0.0266136 0.000901277 1 4.04173e-05 -0.0184478 -0.000238217 -4.02026e-05 1 0.0136267
1 -0.000928427 0.000212388 0.0225878 0.000928417 1 4.30569e-05 -0.00631523 -0.000212428 -4.28597e-05 1 0.01628
0.999999 -0.00108147 0.000283024 0.0445476 0.00108149 0.999999 -7.57046e-05 -0.0104645 -0.000282942 7.60106e-05 1 0.0242454
0.999998 -0.00123423 0.00122701 0.0249591 0.00123419 0.999999 3.18765e-05 -0.0136002 -0.00122705 -3.03621e-05 0.999999 0.0226958
0.999999 -0.00100567 0.00122969 0.00534354 0.00100587 0.999999 -0.000163959 -0.0167706 -0.00122952 0.000165196 0.999999 0.0211422
0.999999 -0.000975075 0.00091212 0.00191614 0.000975171 1 -0.000104731 -0.0196764 -0.000912017 0.00010562 1 0.0251114
0.999999 -0.0010983 0.00114822 -0.00154508 0.00109844 0.999999 -0.000117479 -0.0225132 -0.00114809 0.00011874 0.999999 0.0290691
0.999999 -0.00130165 0.000958999 -0.0357412 0.00130165 0.999999 7.20619e-06 -0.0121194 -0.000959008 -5.95791e-06 1 0.0295961
0.999997 -0.00162416 0.00200454 -0.0837879 0.00162387 0.999999 0.000142314 -0.0225614 -0.00200477 -0.000139058 0.999998 0.0329489
0.999994 -0.00223479 0.00249738 -0.145508 0.00223518 0.999997 -0.000155481 0.00283536 -0.00249702 0.000161062 0.999997 0.0399038
0.999989 -0.00192842 0.00433987 -0.196454 0.0019285 0.999998 -1.31538e-05 -0.0157441 -0.00433984 2.15231e-05 0.999991 0.0228995
0.999991 -0.00119713 0.00418746 -0.247489 0.00119774 0.999999 -0.000144441 -0.034014 -0.00418729 0.000149455 0.999991 0.00600328
0.999983 -0.00254164 0.00516065 -0.340504 0.0025399 0.999997 0.000343551 -0.0108588 -0.00516151 -0.000330438 0.999987 0.0189363
0.999988 -0.0027521 0.00414403 -0.383911 0.0027496 0.999996 0.000608011 -0.00564039 -0.00414568 -0.000596609 0.999991 0.0338384
0.999984 -0.00345398 0.00448481 -0.468631 0.00344859 0.999993 0.00120938 -0.0215849 -0.00448895 -0.00119389 0.999989 0.0432629
0.999982 -0.00439038 0.004073 -0.595902 0.00438558 0.99999 0.00118619 -0.0169351 -0.00407816 -0.00116831 0.999991 0.0433601
0.999973 -0.00537288 0.00506072 -0.723158 0.00536597 0.999985 0.00137801 -0.0124287 -0.00506804 -0.00135082 0.999986 0.0434547
0.999966 -0.00674986 0.00464787 -0.817898 0.00674519 0.999977 0.00102025 -0.0149405 -0.00465465 -0.000988862 0.999989 0.0473814
0.999934 -0.00924794 0.00683014 -0.950687 0.0092432 0.999957 0.000725451 -0.0181847 -0.00683656 -0.000662271 0.999976 0.0376911
0.999904 -0.0110742 0.00834938 -1.05731 0.01107 0.999939 0.000556257 -0.0156516 -0.00835503 -0.000463776 0.999965 0.00503649
0.999869 -0.0138664 0.00833356 -1.21017 0.0138532 0.999903 0.00163444 -0.0389856 -0.00835541 -0.00151878 0.999964 0.0248206
0.999835 -0.015968 0.00866177 -1.39383 0.0159493 0.99987 0.00222154 -0.0381526 -0.00869612 -0.00208302 0.99996 0.0389005
0.999784 -0.0190437 0.00834013 -1.56828 0.0190169 0.999814 0.00328654 -0.0594437 -0.00840117 -0.00312722 0.99996 0.0702957
0.999733 -0.0213744 0.00872424 -1.78106 0.0213459 0.999767 0.00334439 -0.0729913 -0.00879368 -0.00315727 0.999956 0.0612689
0.999665 -0.024593 0.00800873 -1.97387 0.0245788 0.999696 0.00186376 -0.0774509 -0.00805213 -0.00166629 0.999966 0.0679398
0.999569 -0.0278075 0.00945314 -2.19326 0.0277986 0.999613 0.00106839 -0.0834738 -0.00947919 -0.000805148 0.999955 0.0412618
0.999459 -0.0316796 0.00886218 -2.41335 0.031664 0.999497 0.00190149 -0.105355 -0.00891796 -0.00161985 0.999959 0.0562732
0.999357 -0.0348543 0.00841824 -2.63639 0.0348365 0.99939 0.0022497 -0.103157 -0.00849152 -0.00195499 0.999962 0.0755061
0.999215 -0.0387832 0.00809622 -2.90064 0.0387631 0.999245 0.00262034 -0.123058 -0.00819173 -0.00230445 0.999964 0.103435
0.999044 -0.0429172 0.00834528 -3.16504 0.0428971 0.999076 0.00257217 -0.144044 -0.00844796 -0.00221172 0.999962 0.106893
0.998861 -0.0469512 0.00848644 -3.4549 0.0469332 0.998895 0.00231685 -0.171814 -0.00858584 -0.00191592 0.999961 0.112163
0.998607 -0.0520539 0.00861716 -3.7074 0.0520364 0.998643 0.00224683 -0.173913 -0.00872242 -0.00179529 0.99996 0.113063
0.998373 -0.0563966 0.00835404 -4.03159 0.0563756 0.998406 0.00272765 -0.186615 -0.00849455 -0.00225225 0.999961 0.127484
0.998054 -0.0618479 0.0078827 -4.3557 0.0618218 0.998081 0.00351304 -0.200775 -0.00808485 -0.00301889 0.999963 0.141838
0.997712 -0.0671067 0.00821454 -4.65689 0.0670784 0.997741 0.00368365 -0.238201 -0.00844318 -0.0031242 0.999959 0.162277
0.997478 -0.0705773 0.00749343 -4.95799 0.0705594 0.997504 0.0026293 -0.277217 -0.0076603 -0.00209394 0.999968 0.182654
0.996983 -0.0771358 0.00862238 -5.34041 0.0771137 0.997018 0.0028608 -0.311313 -0.00881734 -0.00218727 0.999959 0.166943
0.996602 -0.081981 0.00799866 -5.6937 0.0819683 0.996633 0.00190418 -0.362932 -0.00812783 -0.00124208 0.999966 0.161804
0.996264 -0.0862662 0.00401033 -6.06054 0.0862785 0.996267 -0.00300825 -0.40871 -0.00373584 0.00334302 0.999987 0.201002
0.995861 -0.0907322 0.00541508 -6.42824 0.0907565 0.995863 -0.0044355 -0.454957 -0.00499023 0.0049086 0.999976 0.185254
0.99543 -0.0953397 0.00547218 -6.82129 0.0953737 0.995421 -0.00633449 -0.483177 -0.0048432 0.00682744 0.999965 0.213206
0.994984 -0.0997643 0.00741023 -7.21427 0.0998055 0.994992 -0.00540957 -0.513341 -0.00683343 0.00612202 0.999958 0.241057
0.994494 -0.104446 0.00857796 -7.62819 0.10449 0.994514 -0.00490692 -0.567198 -0.00801839 0.00577621 0.999951 0.228438
0.993969 -0.109249 0.00946128 -8.06648 0.109294 0.994 -0.0043528 -0.612207 -0.00892898 0.00536061 0.999946 0.259141
0.993584 -0.112632 0.0101904 -8.49691 0.112682 0.993621 -0.00450987 -0.680106 -0.00961748 0.00562922 0.999938 0.276713
0.993065 -0.116947 0.0120612 -8.91943 0.117014 0.993117 -0.00503634 -0.736371 -0.0113892 0.00641275 0.999915 0.297339
0.992571 -0.120912 0.0135051 -9.40663 0.120996 0.992637 -0.00558467 -0.805275 -0.0127304 0.00717725 0.999893 0.326474
0.992013 -0.125401 0.0136126 -9.86294 0.125501 0.99207 -0.00676539 -0.871413 -0.0126562 0.00841974 0.999884 0.328689
0.991404 -0.13017 0.0131922 -10.343 0.130266 0.991457 -0.00662344 -0.93484 -0.0122174 0.008285 0.999891 0.338925
0.990463 -0.137247 0.0121244 -10.8227 0.137322 0.990511 -0.00551491 -1.00057 -0.0112525 0.00712726 0.999911 0.348932
0.98986 -0.14167 0.0103263 -11.3387 0.141729 0.989892 -0.00523403 -1.06011 -0.00948039 0.0066445 0.999933 0.384662
0.988952 -0.147911 0.0097954 -11.8252 0.147968 0.988978 -0.00527688 -1.12961 -0.00890692 0.00666799 0.999938 0.384271
0.98823 -0.152689 0.00940657 -12.3211 0.152745 0.98825 -0.00559384 -1.24182 -0.00844192 0.0069648 0.99994 0.420126
0.987627 -0.156473 0.0104838 -12.8628 0.156542 0.987652 -0.00613416 -1.33186 -0.00939451 0.00769942 0.999926 0.445051
0.987179 -0.15921 0.0113472 -13.3795 0.159297 0.987204 -0.00720816 -1.42177 -0.0100544 0.00892332 0.99991 0.434055
0.986804 -0.161534 0.0111954 -13.9142 0.161625 0.986822 -0.00774666 -1.50584 -0.00979647 0.00945388 0.999907 0.466777
0.986596 -0.162766 0.0116206 -14.4489 0.162871 0.986609 -0.0087075 -1.59115 -0.0100477 0.0104834 0.999895 0.49928
0.986445 -0.163677 0.011686 -14.9626 0.163768 0.986472 -0.00725484 -1.68481 -0.0103405 0.00907029 0.999905 0.498081
0.98642 -0.163889 0.0107603 -15.5394 0.163959 0.986449 -0.00595459 -1.74016 -0.00963855 0.00763797 0.999924 0.509386
0.986847 -0.161316 0.0104844 -16.162 0.161368 0.986885 -0.00425429 -1.83707 -0.00966062 0.00589018 0.999936 0.510523
0.987128 -0.159708 0.00848913 -16.7291 0.159733 0.987157 -0.002432 -1.89562 -0.0079917 0.00375669 0.999961 0.543696
0.98769 -0.156302 0.00622935 -17.2998 0.156317 0.987705 -0.00198123 -1.99286 -0.00584309 0.00293059 0.999979 0.557614
0.988064 -0.15393 0.00593544 -17.962 0.15394 0.98808 -0.00116444 -2.08707 -0.00568544 0.00206424 0.999982 0.587899
0.988506 -0.15102 0.00692787 -18.4773 0.151023 0.98853 0.00010927 -2.17142 -0.00686492 0.000938254 0.999976 0.606723
0.988961 -0.147922 0.00870692 -19.21 0.147922 0.988999 0.000731288 -2.27359 -0.00871931 0.000564727 0.999962 0.623229
0.989448 -0.144592 0.00927364 -19.7725 0.144587 0.989491 0.00127448 -2.36135 -0.00936046 7.98124e-05 0.999956 0.635527
0.989982 -0.140924 0.00869118 -20.3936 0.14092 0.99002 0.00110167 -2.43471 -0.0087597 0.000134124 0.999962 0.659059
0.990681 -0.136084 0.005614 -21.0322 0.136073 0.990696 0.00218867 -2.523 -0.00585961 -0.00140436 0.999982 0.657688
0.991301 -0.131568 0.00338457 -21.7221 0.131557 0.991303 0.00319587 -2.6066 -0.00377561 -0.0027228 0.999989 0.698187
0.991893 -0.127036 0.00310516 -22.378 0.12703 0.991897 0.00188997 -2.65469 -0.00332009 -0.0014802 0.999993 0.716254
0.992489 -0.12226 0.00414765 -23.0539 0.122259 0.992498 0.000579476 -2.73166 -0.00418739 -6.80363e-05 0.999991 0.75969
0.993173 -0.116449 0.00685408 -23.7402 0.11646 0.993195 -0.00125803 -2.8009 -0.00666094 0.00204767 0.999976 0.754777
0.993886 -0.110073 0.00863306 -24.4225 0.110082 0.993922 -0.000596207 -2.85651 -0.00851496 0.00154291 0.999963 0.775488
0.994603 -0.103415 0.0083199 -25.0636 0.103406 0.994638 0.00157994 -2.91205 -0.00843868 -0.000711089 0.999964 0.796786
0.995436 -0.0951852 0.0068813 -25.722 0.0951693 0.995458 0.0026103 -2.96028 -0.00709851 -0.0019435 0.999973 0.819356
0.996241 -0.0863385 0.00707904 -26.4579 0.0863427 0.996265 -0.000297064 -3.03377 -0.00702696 0.000907171 0.999975 0.857082
0.996937 -0.077684 0.0089916 -27.1171 0.0777075 0.996974 -0.0022888 -3.07133 -0.00878659 0.0029805 0.999957 0.858754
0.997563 -0.0688913 0.0110215 -27.8263 0.0689278 0.997617 -0.00297204 -3.14396 -0.0107904 0.00372448 0.999935 0.890221
0.998074 -0.060823 0.0122365 -28.5028 0.0608654 0.998141 -0.00312832 -3.16872 -0.0120235 0.00386707 0.99992 0.916176
0.998604 -0.0513317 0.0124326 -29.2519 0.0513729 0.998675 -0.00301827 -3.1978 -0.0122612 0.00365276 0.999918 0.933026
0.998989 -0.0437175 0.0104367 -29.9413 0.0437627 0.999033 -0.00413978 -3.22432 -0.0102456 0.00459233 0.999937 0.960206
0.999332 -0.0355561 0.00844167 -30.6948 0.0356203 0.999337 -0.00757133 -3.23766 -0.00816687 0.00786697 0.999936 0.983704
0.999607 -0.0269879 0.00753274 -31.4295 0.0270464 0.999604 -0.0077712 -3.22566 -0.00732003 0.00797189 0.999941 1.01859
0.999739 -0.0203201 0.0104021 -32.1812 0.0203824 0.999775 -0.00592023 -3.24308 -0.0102795 0.00613071 0.999928 1.01266
0.999843 -0.0140721 0.0107901 -32.9147 0.0141054 0.999896 -0.00301877 -3.24686 -0.0107465 0.0031705 0.999937 1.03369
0.999899 -0.00931435 0.0107429 -33.6657 0.00933998 0.999954 -0.0023379 -3.24333 -0.0107206 0.00243801 0.99994 1.0806
0.999934 -0.00457037 0.010544 -34.4172 0.00459366 0.999987 -0.00218487 -3.25029 -0.0105339 0.00223316 0.999942 1.10114
0.999954 1.16686e-05 0.00963727 -35.1943 1.23609e-05 0.999997 -0.00249332 -3.24592 -0.00963727 0.00249333 0.99995 1.10672
0.99995 0.00361432 0.00927404 -35.9639 -0.0036009 0.999992 -0.00146352 -3.22216 -0.00927926 0.00143006 0.999956 1.12736
0.999937 0.00600116 0.00949137 -36.7796 -0.00599147 0.999981 -0.00104999 -3.21931 -0.0094975 0.000993061 0.999954 1.18093
0.999904 0.0090685 0.0104289 -37.5995 -0.00906004 0.999959 -0.000858934 -3.20991 -0.0104363 0.000764365 0.999945 1.18059
0.99988 0.0110258 0.0109235 -38.3772 -0.0110207 0.999939 -0.000527536 -3.18558 -0.0109286 0.000407088 0.99994 1.19959
0.999851 0.0132139 0.0110718 -39.155 -0.0132242 0.999912 0.000851981 -3.15976 -0.0110596 -0.000998269 0.999938 1.21906
0.999845 0.013352 0.0114766 -40.0329 -0.0133711 0.999909 0.00159274 -3.14193 -0.0114543 -0.00174595 0.999933 1.24648
0.999842 0.0138212 0.0112193 -40.8201 -0.0138516 0.999901 0.00263216 -3.12717 -0.0111818 -0.00278715 0.999934 1.30096
0.999784 0.014743 0.0146496 -41.647 -0.014807 0.999881 0.00426832 -3.12695 -0.0145849 -0.00448431 0.999884 1.29339
0.999721 0.0145583 0.0185871 -42.5496 -0.0146822 0.999871 0.0065473 -3.07746 -0.0184893 -0.00681838 0.999806 1.286
0.999716 0.0157321 0.0179195 -43.361 -0.0158842 0.999839 0.00837522 -3.05733 -0.0177848 -0.00865747 0.999804 1.37646
0.999771 0.0142434 0.0159873 -44.2204 -0.0143474 0.999877 0.00640552 -3.0343 -0.0158941 -0.00663342 0.999852 1.41879
0.999839 0.0127224 0.0126822 -45.1322 -0.0127907 0.999904 0.00531406 -3.01837 -0.0126134 -0.00547542 0.999905 1.41921
0.999875 0.0115352 0.0107836 -45.9966 -0.0116541 0.999871 0.0110254 -3.00744 -0.010655 -0.0111497 0.999881 1.44244
0.999896 0.0105325 0.00988348 -46.8805 -0.0106518 0.99987 0.0120944 -2.9708 -0.00975481 -0.0121985 0.999878 1.52738
0.999891 0.0101284 0.0107436 -47.7486 -0.0102432 0.99989 0.0106867 -2.97906 -0.0106342 -0.0107956 0.999885 1.56181
0.999928 0.00796707 0.0089298 -48.6592 -0.008052 0.999922 0.00951523 -2.97572 -0.0088533 -0.00958645 0.999915 1.55704
0.99995 0.0068509 0.00733444 -49.5833 -0.00692225 0.999929 0.00974795 -2.9684 -0.00726713 -0.00979823 0.999926 1.59286
0.999948 0.00656306 0.00786766 -50.5072 -0.00663837 0.999932 0.00958549 -2.96206 -0.00780422 -0.00963722 0.999923 1.6273
0.999953 0.00464834 0.00848513 -51.3978 -0.00473505 0.999936 0.0102286 -2.93925 -0.00843705 -0.0102683 0.999912 1.65202
0.999922 0.00468222 0.0115579 -52.3547 -0.00482146 0.999916 0.0120493 -2.92828 -0.0115005 -0.0121041 0.999861 1.65392
0.999889 0.00337609 0.0145182 -53.3114 -0.00360081 0.999874 0.0154802 -2.9172 -0.0144641 -0.0155307 0.999775 1.65887
0.999895 0.00265635 0.0142308 -54.2389 -0.00288132 0.999871 0.0158112 -2.91341 -0.014187 -0.0158506 0.999774 1.76693
0.999839 0.00398169 0.0175201 -55.158 -0.00424589 0.999877 0.0150681 -2.91297 -0.017458 -0.0151401 0.999733 1.78062
0.999871 0.00247986 0.0158727 -56.1368 -0.00269039 0.999909 0.0132562 -2.89367 -0.0158383 -0.0132972 0.999786 1.78801
0.999964 0.00257741 0.00803702 -57.1124 -0.00265988 0.999944 0.0102677 -2.8897 -0.00801011 -0.0102887 0.999915 1.87037
0.999993 0.00277511 0.00248537 -58.1103 -0.00279207 0.999973 0.00684915 -2.89156 -0.00246629 -0.00685605 0.999973 1.88834
0.999992 0.00236495 0.00321973 -59.0996 -0.00237726 0.99999 0.00382264 -2.885 -0.00321066 -0.00383027 0.999988 1.90486
0.999919 0.00182691 0.0125771 -60.0789 -0.00186442 0.999994 0.00297173 -2.86486 -0.0125716 -0.00299494 0.999916 1.92719
0.999768 0.00171348 0.0214927 -61.1196 -0.00178834 0.999992 0.00346394 -2.89099 -0.0214866 -0.00350157 0.999763 1.92682
0.999704 0.00107179 0.0243151 -62.1615 -0.00122479 0.99998 0.00627813 -2.86508 -0.0243078 -0.00630605 0.999685 1.99774
0.999793 0.000931388 0.0203341 -63.1317 -0.00105825 0.99998 0.00622879 -2.8722 -0.0203279 -0.00624902 0.999774 2.05212
0.999871 -0.000177167 0.0160896 -64.1472 6.71195e-05 0.999977 0.00683995 -2.87143 -0.0160905 -0.00683798 0.999847 2.09616
0.999922 -0.000718963 0.0125079 -65.202 0.000606029 0.999959 0.00903052 -2.85616 -0.0125139 -0.00902223 0.999881 2.13027
0.999934 -0.000568273 0.0115088 -66.2423 0.000472068 0.999965 0.00836027 -2.83924 -0.0115131 -0.00835428 0.999899 2.16724
0.999899 5.51382e-05 0.014232 -67.2948 -0.000147031 0.999979 0.00645578 -2.85408 -0.0142314 -0.00645722 0.999878 2.19988
0.999846 -8.84655e-05 0.0175711 -68.3946 -1.86027e-05 0.999981 0.00609315 -2.84969 -0.0175714 -0.00609254 0.999827 2.24916
0.999809 -0.000293077 0.019524 -69.3528 0.000174732 0.999982 0.00606291 -2.85187 -0.0195254 -0.00605834 0.999791 2.29776
0.999817 -4.24647e-05 0.0191104 -70.4278 -3.18225e-05 0.999992 0.00388696 -2.84402 -0.0191104 -0.00388686 0.99981 2.33295
0.999827 0.00080095 0.0185576 -71.4692 -0.000847581 0.999997 0.00250499 -2.862 -0.0185556 -0.00252029 0.999825 2.35443
0.999855 0.000714224 0.0170112 -72.6441 -0.000748251 0.999998 0.001994 -2.83449 -0.0170097 -0.00200644 0.999853 2.41707
0.999862 0.00153143 0.0165581 -73.6675 -0.00155227 0.999998 0.00124584 -2.84237 -0.0165561 -0.00127137 0.999862 2.46305
0.999858 0.00143768 0.0167605 -74.7518 -0.001455 0.999998 0.00102075 -2.85042 -0.016759 -0.00104499 0.999859 2.50777
0.999839 0.00115489 0.017904 -75.8362 -0.00120027 0.999996 0.00252389 -2.85858 -0.017901 -0.00254498 0.999837 2.5528
0.999849 0.00214168 0.017224 -77.0003 -0.00217682 0.999996 0.0020214 -2.83461 -0.0172196 -0.00205858 0.99985 2.61226
0.99984 0.00217016 0.0177536 -78.0858 -0.00220918 0.999995 0.00217845 -2.80311 -0.0177488 -0.00221732 0.99984 2.63398
0.999856 0.00301677 0.0167091 -79.1931 -0.00305773 0.999992 0.00242629 -2.82704 -0.0167017 -0.00247704 0.999857 2.70149
0.999872 0.00308236 0.0157182 -80.3264 -0.0030938 0.999995 0.000703264 -2.81878 -0.015716 -0.000751803 0.999876 2.77234
0.999845 0.00518793 0.0168367 -81.4986 -0.00518339 0.999987 -0.000313007 -2.79306 -0.0168381 0.000225687 0.999858 2.77567
0.999831 0.00827248 0.0164105 -82.5793 -0.00826738 0.999966 -0.000379018 -2.78797 -0.0164131 0.000243283 0.999865 2.82667
0.999806 0.0102298 0.016838 -83.7505 -0.0102441 0.999947 0.000764927 -2.77592 -0.0168293 -0.000937269 0.999858 2.87007
0.999739 0.0125095 0.0191395 -84.9106 -0.0125496 0.999919 0.00197606 -2.74777 -0.0191132 -0.00221574 0.999815 2.92176
0.999708 0.014222 0.0195509 -86.0204 -0.0142718 0.999895 0.00241168 -2.73836 -0.0195146 -0.00269 0.999806 3.00272
0.999639 0.0165201 0.0211999 -87.1845 -0.0165359 0.999863 0.000570184 -2.7062 -0.0211876 -0.000920538 0.999775 3.05777
0.999518 0.0206823 0.0231642 -88.3721 -0.0206733 0.999786 -0.000629377 -2.67851 -0.0231722 0.000150193 0.999731 3.10684
0.999452 0.0243492 0.0224346 -89.5201 -0.0243047 0.999702 -0.0022539 -2.65354 -0.0224828 0.0017074 0.999746 3.16446
0.999357 0.0285199 0.0217209 -90.6707 -0.0284223 0.999585 -0.00478844 -2.59246 -0.0218484 0.004168 0.999753 3.22021
0.999285 0.0323301 0.0196112 -91.8888 -0.0322405 0.999468 -0.00486853 -2.5605 -0.0197582 0.00423277 0.999796 3.27968
0.999187 0.0355103 0.0190947 -93.0263 -0.0354102 0.999357 -0.00555543 -2.5327 -0.0192797 0.00487477 0.999802 3.32919
0.999008 0.0399773 0.0196314 -94.2179 -0.0398782 0.99919 -0.00541469 -2.48404 -0.019832 0.00462645 0.999793 3.35427
0.998835 0.0437067 0.0204319 -95.4092 -0.04359 0.999031 -0.00612148 -2.43008 -0.0206796 0.00522372 0.999773 3.38007
0.99869 0.0476973 0.0185473 -96.5531 -0.0475929 0.998849 -0.00602783 -2.36944 -0.0188134 0.00513721 0.99981 3.44894
0.998527 0.0514906 0.0170977 -97.7792 -0.0514091 0.998664 -0.00517403 -2.28154 -0.0173413 0.00428743 0.99984 3.50609
0.998316 0.0556147 0.0165125 -98.9408 -0.0555594 0.998448 -0.00378637 -2.20671 -0.0166974 0.00286257 0.999856 3.51984
0.998088 0.0590619 0.0182378 -100.155 -0.0590635 0.998254 -0.000453924 -2.14778 -0.0182327 -0.00062413 0.999834 3.55083
0.997872 0.0635601 0.014516 -101.4 -0.0636094 0.99797 0.00296275 -2.01732 -0.0142982 -0.0038798 0.99989 3.66631
0.997586 0.0676456 0.0156636 -102.594 -0.0677271 0.997693 0.0047343 -1.93291 -0.0153072 -0.00578372 0.999866 3.7122
0.997305 0.0712303 0.0175929 -103.825 -0.0713123 0.997446 0.00408117 -1.83268 -0.0172572 -0.00532476 0.999837 3.76469
0.997004 0.0748827 0.0193611 -105.035 -0.0748707 0.997192 -0.00134509 -1.7497 -0.0194075 -0.000108519 0.999812 3.85316
0.996539 0.0793099 0.0249117 -106.28 -0.0792137 0.996846 -0.00482877 -1.67293 -0.0252161 0.00283871 0.999678 3.87758
0.996245 0.0820332 0.0276878 -107.488 -0.0818152 0.996608 -0.00891908 -1.5229 -0.0283255 0.0066203 0.999577 3.91552
0.995842 0.0868618 0.0274687 -108.688 -0.0866097 0.99619 -0.0102396 -1.45844 -0.0282535 0.00781796 0.99957 3.98535
0.995647 0.0896025 0.0256529 -109.97 -0.0894125 0.995959 -0.00845963 -1.33941 -0.0263072 0.00612912 0.999635 4.06112
0.995393 0.0934374 0.021508 -111.255 -0.0932331 0.995591 -0.0103157 -1.20022 -0.022377 0.00826296 0.999715 4.16107
0.995072 0.097274 0.0192194 -112.436 -0.0970718 0.995214 -0.0111884 -1.0856 -0.0202157 0.00926759 0.999753 4.21421
0.994734 0.10065 0.0193122 -113.617 -0.10043 0.994871 -0.0120239 -0.966451 -0.0204233 0.010021 0.999741 4.26494
0.994199 0.105698 0.0199115 -114.84 -0.105425 0.994324 -0.0143212 -0.823323 -0.0213122 0.012139 0.999699 4.33376
0.993781 0.108793 0.0237556 -116.099 -0.108507 0.994011 -0.0130111 -0.691799 -0.0250288 0.0103525 0.999633 4.37761
0.993288 0.113015 0.0246364 -117.298 -0.112721 0.993541 -0.0130256 -0.549517 -0.0259493 0.0101611 0.999612 4.45855
0.992983 0.115816 0.0239194 -118.504 -0.115607 0.993245 -0.00994228 -0.385616 -0.0249093 0.00710725 0.999664 4.54597
0.992571 0.119237 0.0241805 -119.71 -0.119058 0.992849 -0.0086962 -0.214617 -0.0250445 0.00575271 0.99967 4.57317
0.992203 0.122408 0.0234208 -120.929 -0.122282 0.992472 -0.0067529 -0.0763418 -0.0240711 0.00383631 0.999703 4.63806
0.991743 0.126399 0.021681 -122.19 -0.126285 0.991972 -0.00658371 0.10033 -0.0223391 0.00379137 0.999743 4.71639
0.991106 0.131137 0.0226469 -123.386 -0.131031 0.991359 -0.00612035 0.249105 -0.0232538 0.00309846 0.999725 4.7904
0.990597 0.134468 0.0252203 -124.615 -0.134326 0.990911 -0.007274 0.441769 -0.0259691 0.00381787 0.999655 4.82566
0.989983 0.138394 0.0279393 -125.817 -0.138277 0.990375 -0.00608228 0.610878 -0.0285121 0.002158 0.999591 4.88082
0.989448 0.142243 0.0275624 -127.038 -0.1421 0.989827 -0.00708951 0.779967 -0.0282904 0.0030981 0.999595 4.97108
0.989034 0.145035 0.0278746 -128.296 -0.144907 0.989424 -0.00656919 0.978342 -0.0285325 0.00245794 0.99959 4.99974
0.988465 0.14896 0.0273579 -129.468 -0.148784 0.988834 -0.00835662 1.1587 -0.0282972 0.0041898 0.999591 5.06445
0.987858 0.153076 0.0265293 -130.675 -0.152865 0.988198 -0.00980489 1.35221 -0.0277171 0.00563044 0.9996 5.15684
0.98712 0.157775 0.0264784 -131.883 -0.157592 0.987464 -0.0088952 1.55063 -0.0275499 0.00460786 0.99961 5.24854
0.986575 0.161035 0.0271649 -133.143 -0.160829 0.986936 -0.00960945 1.7564 -0.0283574 0.00511155 0.999585 5.31862
0.98614 0.163567 0.0278183 -134.392 -0.163379 0.986523 -0.00890376 1.95272 -0.0288998 0.00423542 0.999573 5.37312
0.98533 0.168183 0.0289807 -135.623 -0.167978 0.985746 -0.00935797 2.16725 -0.0301414 0.00435256 0.999536 5.42613
0.98473 0.171636 0.0291178 -136.87 -0.171383 0.985143 -0.0109884 2.39295 -0.0305712 0.00583034 0.999516 5.51966
0.984068 0.175333 0.0294575 -138.087 -0.175122 0.9845 -0.00964147 2.60108 -0.0306914 0.00432922 0.99952 5.57173
0.983375 0.1794 0.0281071 -139.31 -0.179205 0.983767 -0.00934707 2.86535 -0.0293278 0.00415473 0.999561 5.68934
0.982796 0.18242 0.0289052 -140.548 -0.182201 0.98321 -0.0100646 3.10662 -0.0302559 0.00462483 0.999531 5.73078
0.981821 0.187372 0.0303029 -141.785 -0.187263 0.982289 -0.00643155 3.35169 -0.0309713 0.000640027 0.99952 5.77359
0.981471 0.18958 0.0278328 -142.985 -0.189395 0.981858 -0.0091514 3.59059 -0.0290628 0.00371044 0.999571 5.86219
0.980649 0.193826 0.0275623 -144.247 -0.193708 0.981035 -0.00693627 3.83761 -0.028384 0.00146302 0.999596 5.92305
0.980021 0.197013 0.0272914 -145.508 -0.196896 0.9804 -0.00692891 4.08687 -0.0281216 0.00141691 0.999604 5.99691
0.979252 0.200544 0.0291165 -146.782 -0.200451 0.979685 -0.00609611 4.38278 -0.0297475 0.000133188 0.999557 6.05901
0.978339 0.204807 0.0301028 -148.036 -0.204706 0.978802 -0.00642374 4.60548 -0.0307803 0.00012236 0.999526 6.12974
0.97761 0.208204 0.0304976 -149.227 -0.208092 0.978085 -0.00682206 4.89698 -0.0312496 0.000323013 0.999512 6.21974
0.976717 0.212357 0.030482 -150.479 -0.212259 0.977192 -0.00645311 5.16649 -0.0311571 -0.000167223 0.999514 6.28571
0.975808 0.216673 0.029191 -151.764 -0.216587 0.976244 -0.00613045 5.43825 -0.0298258 -0.000340239 0.999555 6.3482
0.974818 0.221158 0.0286017 -152.988 -0.221062 0.975238 -0.0065241 5.72452 -0.0293363 3.70791e-05 0.99957 6.4185
0.973719 0.226067 0.0276466 -154.229 -0.225867 0.974105 -0.0102111 6.05275 -0.0292391 0.00369835 0.999566 6.52289
0.972483 0.23105 0.0298667 -155.47 -0.230875 0.97294 -0.00921392 6.32563 -0.0311874 0.00206492 0.999511 6.58163
0.971309 0.235759 0.0312391 -156.777 -0.235506 0.971804 -0.0115813 6.65143 -0.0330886 0.00389199 0.999445 6.64484
0.97014 0.24066 0.0301971 -157.94 -0.240303 0.970582 -0.0150151 6.94771 -0.0329223 0.00731025 0.999431 6.74493
0.968786 0.246008 0.0305477 -159.227 -0.245698 0.969251 -0.0135924 7.30703 -0.0329522 0.00566265 0.999441 6.78938
0.967989 0.249148 0.030365 -160.456 -0.248916 0.96846 -0.0112474 7.6216 -0.0322095 0.00332904 0.999476 6.8648
0.966587 0.254588 0.0299018 -161.706 -0.254391 0.967047 -0.0102676 7.93042 -0.0315305 0.00231778 0.9995 6.93979
0.965289 0.25926 0.0316405 -162.973 -0.259154 0.965807 -0.00747338 8.26404 -0.0324962 -0.000985786 0.999471 7.00427
0.96376 0.264823 0.032196 -164.212 -0.264743 0.964295 -0.00680112 8.61693 -0.0328475 -0.00196901 0.999458 7.09617
0.962677 0.268964 0.0301798 -165.431 -0.268791 0.963149 -0.00971919 8.97211 -0.0316818 0.00124438 0.999497 7.20686
0.961547 0.272936 0.0305469 -166.701 -0.27273 0.96203 -0.0107882 9.31853 -0.0323315 0.00204233 0.999475 7.26613
0.960342 0.277049 0.0314153 -167.944 -0.276793 0.960851 -0.0123095 9.68099 -0.0335957 0.00312583 0.999431 7.35262
0.959478 0.279703 0.034178 -169.157 -0.279348 0.960075 -0.0148671 10.0747 -0.0369718 0.00471708 0.999305 7.41896
0.958088 0.284189 0.0360988 -170.353 -0.283805 0.958757 -0.01547 10.4087 -0.0390064 0.00457663 0.999228 7.47382
0.957275 0.287 0.0354331 -171.578 -0.286588 0.957915 -0.0163191 10.7945 -0.0386254 0.00546721 0.999239 7.55911
0.956546 0.289765 0.0325006 -172.797 -0.28947 0.957091 -0.0135566 11.159 -0.0350343 0.00355957 0.99938 7.63479
0.955302 0.294301 0.028033 -174.058 -0.294074 0.955707 -0.011992 11.5595 -0.0303206 0.00321222 0.999535 7.74441
0.954218 0.297813 0.0278522 -175.251 -0.297571 0.954617 -0.0125854 11.9287 -0.0303363 0.00372126 0.999533 7.8119
0.952624 0.302631 0.0303763 -176.462 -0.30241 0.953106 -0.0117219 12.3168 -0.0324993 0.00198047 0.99947 7.88518
0.950904 0.307428 0.0356309 -177.716 -0.307187 0.951571 -0.0121933 12.697 -0.0376539 0.000649293 0.999291 7.95139
0.949772 0.310758 0.0369249 -178.856 -0.310522 0.950489 -0.0121002 13.1 -0.0388569 2.63859e-05 0.999245 8.03613
0.948061 0.316364 0.0330644 -180.081 -0.316102 0.948636 -0.0130143 13.5346 -0.0354833 0.00188663 0.999368 8.14103
0.946438 0.321257 0.0323765 -181.259 -0.320893 0.94698 -0.0160054 13.9212 -0.0358017 0.0047587 0.999348 8.18003
0.944547 0.326556 0.0345257 -182.424 -0.326209 0.945172 -0.0154149 14.3736 -0.0376665 0.00329755 0.999285 8.26892
0.942217 0.332939 0.0371178 -183.634 -0.332558 0.942944 -0.0161945 14.7574 -0.0403918 0.00291494 0.99918 8.37196
0.939693 0.339327 0.0428373 -184.838 -0.339065 0.940667 -0.0134544 15.1734 -0.044861 -0.00188163 0.998991 8.40543
0.937171 0.345998 0.0446819 -186.008 -0.345849 0.938223 -0.0112645 15.6093 -0.0458191 -0.00489649 0.998938 8.50327
0.935107 0.351586 0.044297 -187.172 -0.351426 0.936144 -0.0115939 16.118 -0.0455446 -0.00472559 0.998951 8.5941
0.932413 0.358778 0.0434098 -188.418 -0.358746 0.933394 -0.00881399 16.5635 -0.0436807 -0.00735479 0.999018 8.67112
0.930185 0.364987 0.0392419 -189.546 -0.364998 0.930981 -0.00715299 17.0449 -0.0391442 -0.00766959 0.999204 8.77544
0.928019 0.370808 0.0358192 -190.726 -0.370773 0.92869 -0.007846 17.5425 -0.0361743 -0.00599957 0.999327 8.87717
0.925431 0.377137 0.036664 -191.955 -0.377165 0.926124 -0.0064292 18.0243 -0.0363801 -0.00787858 0.999307 8.95213
0.922695 0.383694 0.0375958 -193.124 -0.383775 0.923411 -0.00532429 18.5327 -0.0367593 -0.00951563 0.999279 9.01822
0.92056 0.388705 0.0384242 -194.309 -0.388815 0.921303 -0.00487395 19.0707 -0.0372949 -0.0104532 0.99925 9.10266
0.918644 0.393061 0.0399441 -195.508 -0.393213 0.919437 -0.00430394 19.543 -0.0384178 -0.0117528 0.999193 9.19501
0.917072 0.396456 0.0424429 -196.684 -0.396508 0.918 -0.0075274 20.0582 -0.0419469 -0.00992579 0.999071 9.28147
0.914848 0.401403 0.04392 -197.823 -0.40133 0.915869 -0.0108549 20.5797 -0.0445821 -0.00769579 0.998976 9.37107
0.912832 0.40613 0.0423764 -199.031 -0.406014 0.913792 -0.0116966 21.1113 -0.0434735 -0.00652838 0.999033 9.47428
0.911091 0.410291 0.0396782 -200.202 -0.410084 0.911946 -0.0136114 21.6183 -0.041769 -0.00387016 0.99912 9.54833
0.909275 0.414473 0.0378215 -201.379 -0.414215 0.910059 -0.0147971 22.1831 -0.0405527 -0.00221162 0.999175 9.64972
0.907167 0.419049 0.0380349 -202.532 -0.418845 0.907956 -0.0135748 22.7109 -0.0402226 -0.00361607 0.999184 9.72105
0.90561 0.422397 0.0380947 -203.707 -0.422227 0.9064 -0.0127903 23.2689 -0.0399316 -0.00450154 0.999192 9.80577
0.903265 0.427208 0.0400785 -204.851 -0.427076 0.904133 -0.0122369 23.8238 -0.041464 -0.00606338 0.999122 9.88347
0.901711 0.430315 0.0417981 -206.011 -0.430175 0.902656 -0.0127461 24.3842 -0.0432142 -0.00648719 0.999045 9.9634
0.899723 0.434409 0.0422677 -207.207 -0.434307 0.900684 -0.0120461 24.926 -0.0433028 -0.00751901 0.999034 10.0604
0.897893 0.438325 0.0407356 -208.321 -0.438106 0.898804 -0.0146487 25.5286 -0.0430342 -0.00469348 0.999063 10.1556
0.89585 0.44232 0.0425007 -209.511 -0.442083 0.896843 -0.0153231 26.1072 -0.0448942 -0.00506163 0.998979 10.2274
0.89407 0.445963 0.0419132 -210.653 -0.445668 0.895043 -0.0166464 26.7114 -0.0449379 -0.00379631 0.998983 10.3268
0.892303 0.449495 0.0418337 -211.825 -0.449187 0.893276 -0.0170117 27.3108 -0.0450157 -0.00361159 0.99898 10.4165
0.890388 0.453332 0.0412134 -212.994 -0.453043 0.891333 -0.0166391 27.9147 -0.0442779 -0.0038562 0.999012 10.5063
0.888754 0.456663 0.0396809 -214.133 -0.456424 0.889629 -0.0154358 28.4893 -0.0423503 -0.00439267 0.999093 10.5756
0.887302 0.4597 0.037038 -215.301 -0.45957 0.888054 -0.0124637 29.1183 -0.0386213 -0.00596251 0.999236 10.6593
0.885822 0.46265 0.0356884 -216.416 -0.46257 0.886515 -0.0109588 29.7266 -0.0367084 -0.0068008 0.999303 10.7497
0.883805 0.466256 0.0386461 -217.58 -0.466149 0.884621 -0.012299 30.3575 -0.0399216 -0.00714494 0.999177 10.8513
0.881266 0.470563 0.0440629 -218.733 -0.470411 0.88233 -0.0144072 30.9847 -0.0456575 -0.00803109 0.998925 10.9467
0.87932 0.473674 0.0492928 -219.889 -0.473584 0.880634 -0.0142311 31.5917 -0.0501498 -0.0108306 0.998683 11.0386
0.877286 0.477377 0.0498026 -221.043 -0.477289 0.878628 -0.0144222 32.2296 -0.0506428 -0.0111178 0.998655 11.1299
0.87567 0.480615 0.0470184 -222.133 -0.480693 0.876827 -0.0103866 32.8724 -0.046219 -0.0135062 0.99884 11.2212
0.873835 0.484358 0.0425354 -223.304 -0.484534 0.874746 -0.006754 33.4811 -0.040479 -0.014708 0.999072 11.3143
0.872096 0.487705 0.0399173 -224.466 -0.487935 0.872869 -0.00441675 34.1432 -0.0369967 -0.0156252 0.999193 11.4069
0.870698 0.489953 0.0427796 -225.547 -0.490185 0.8716 -0.00561681 34.8151 -0.0400387 -0.0160794 0.999069 11.4866
0.868041 0.494289 0.046729 -226.659 -0.494589 0.869108 -0.00569818 35.4229 -0.0434291 -0.0181654 0.998891 11.5708
0.865876 0.497779 0.0497519 -227.802 -0.498164 0.867067 -0.00521803 36.0754 -0.0457357 -0.0202664 0.998748 11.638
0.863686 0.501702 0.0484004 -228.94 -0.502033 0.864828 -0.00593345 36.7589 -0.0448349 -0.019174 0.99881 11.739
0.861624 0.505369 0.0469708 -230.069 -0.505725 0.862681 -0.00483851 37.4151 -0.0429661 -0.0195853 0.998885 11.8344
0.859411 0.509344 0.0445267 -231.194 -0.509628 0.860377 -0.00556933 38.0762 -0.0411464 -0.0179057 0.998993 11.9273
0.857299 0.512829 0.0452132 -232.313 -0.513147 0.858285 -0.00515434 38.7806 -0.0414491 -0.0187822 0.998964 12.0339
0.855282 0.516031 0.0469523 -233.443 -0.516289 0.856382 -0.00740179 39.4464 -0.0440287 -0.0179103 0.99887 12.1246
0.853061 0.519421 0.0498765 -234.543 -0.519527 0.854372 -0.011834 40.1383 -0.0487599 -0.0158171 0.998685 12.2256
0.850209 0.523853 0.0521749 -235.64 -0.523934 0.851656 -0.0132133 40.8102 -0.0513569 -0.0161022 0.998551 12.2879
0.84769 0.527791 0.0534686 -236.743 -0.52793 0.849194 -0.0126439 41.495 -0.0520786 -0.0175096 0.998489 12.398
0.846255 0.530303 0.0512928 -237.891 -0.530541 0.847601 -0.00999458 42.2236 -0.048776 -0.018755 0.998634 12.4986
0.844609 0.533521 0.0446331 -238.985 -0.533718 0.845621 -0.00836386 42.946 -0.042205 -0.0167573 0.998968 12.6015
0.842844 0.536358 0.0439845 -240.081 -0.536517 0.84384 -0.00912119 43.661 -0.0420081 -0.0159106 0.998991 12.6641
0.8403 0.540264 0.0448449 -241.185 -0.540345 0.841367 -0.0113448 44.3778 -0.0438602 -0.0146986 0.99893 12.7577
0.837676 0.544177 0.0465964 -242.269 -0.544153 0.838864 -0.0143059 45.0586 -0.046873 -0.0133719 0.998811 12.8462
0.835897 0.546831 0.0474652 -243.363 -0.546996 0.837068 -0.0105902 45.801 -0.0455227 -0.017111 0.998817 12.9037
0.834214 0.549378 0.0476485 -244.461 -0.549692 0.835335 -0.0074294 46.511 -0.043884 -0.0199943 0.998837 13.0101
0.833258 0.550769 0.0483097 -245.539 -0.551195 0.83436 -0.00521646 47.2675 -0.0431808 -0.0222814 0.998819 13.1357
0.831678 0.553281 0.0468097 -246.585 -0.553546 0.832777 -0.00829166 47.9542 -0.0435697 -0.0190153 0.998869 13.2279
0.830491 0.555189 0.0452738 -247.665 -0.555371 0.831547 -0.00960228 48.6944 -0.0429784 -0.0171692 0.998928 13.3033
0.828715 0.557857 0.0450294 -248.754 -0.558061 0.82975 -0.00906954 49.4136 -0.0424227 -0.0176131 0.998944 13.3986
0.827466 0.559361 0.0491443 -249.764 -0.559611 0.828697 -0.00979828 50.1163 -0.0462065 -0.019394 0.998744 13.4674
0.82585 0.561402 0.0529072 -250.816 -0.561683 0.827282 -0.0108035 50.866 -0.0498343 -0.020795 0.998541 13.5834
0.82408 0.563754 0.0554401 -251.893 -0.564212 0.825586 -0.00851042 51.5806 -0.0505683 -0.0242667 0.998426 13.6809
0.82275 0.565872 0.0535816 -252.94 -0.566304 0.824156 -0.00820686 52.3158 -0.0488036 -0.0235912 0.99853 13.7765
0.820773 0.568316 0.0578672 -253.984 -0.569181 0.82221 -0.00183811 53.0538 -0.0486236 -0.0314283 0.998323 13.8702
0.819786 0.569744 0.0578174 -254.943 -0.570503 0.821285 -0.00400268 53.7682 -0.0497651 -0.0297037 0.998319 14.0045
0.81766 0.573351 0.0519634 -255.993 -0.573938 0.818888 -0.00430053 54.4575 -0.0450179 -0.0263074 0.99864 14.0818
0.81712 0.574656 0.0456722 -257.04 -0.575046 0.818103 -0.0054099 55.2107 -0.0404734 -0.0218431 0.998942 14.1667
0.815413 0.577 0.0466206 -258.055 -0.577272 0.816505 -0.00875113 55.9747 -0.0431154 -0.019777 0.998874 14.2259
0.81266 0.580508 0.0509353 -259.051 -0.580656 0.814039 -0.013363 56.6822 -0.0492207 -0.0187163 0.998613 14.3073
0.810978 0.582509 0.0547617 -260.083 -0.582399 0.812667 -0.0195885 57.4282 -0.0559135 -0.0160074 0.998307 14.4247
