1 0 0 0 0 1 0 0 -0 0 1 0
0.999999 -0.00104408 -0.000241946 -0.00607539 0.00104405 0.999999 -0.000134316 0.00539999 0.000242086 0.000134063 1 0.0120157
0.999999 -0.000904076 -0.000462135 -0.0055806 0.000904012 1 -0.000138633 0.00364067 0.00046226 0.000138215 1 0.0224715
1 -0.000931387 -0.000284127 -0.0065656 0.000931326 1 -0.000213939 0.00670814 0.000284327 0.000213674 1 0.0179314
0.999999 -0.00102687 -0.000444708 -0.00130833 0.00102678 0.999999 -0.000200769 0.00366283 0.000444914 0.000200313 1 0.0227652
1 -0.000796915 -0.00051176 0.00978752 0.000796811 1 -0.00020389 0.00385877 0.000511922 0.000203483 1 0.0272094
1 -0.000913697 -0.000362953 -0.00371384 0.000913613 1 -0.000232923 0.00368034 0.000363166 0.000232591 1 0.0243216
1 -0.000842512 -0.000302868 -0.00407101 0.000842441 1 -0.000235038 0.00863258 0.000303066 0.000234782 1 0.0222968
0.999999 -0.00103797 -0.000330763 -0.00578851 0.00103791 0.999999 -0.00018281 0.00813296 0.000330952 0.000182466 1 0.0209044
1 -0.000837606 -0.000531384 -0.00374873 0.000837519 1 -0.000164213 0.0054553 0.000531521 0.000163767 1 0.0271449
1 -0.000894682 -0.000411957 -0.00172352 0.000894561 1 -0.000293954 0.00277969 0.00041222 0.000293586 1 0.0333719
1 -0.000910667 -0.000231527 -0.00211698 0.000910615 1 -0.000223628 0.00583214 0.000231731 0.000223417 1 0.0212993
1 -0.000802298 -0.000303266 -0.0075372 0.000802245 1 -0.000177148 0.00531705 0.000303408 0.000176905 1 0.0237791
1 -0.00085181 -0.000410868 0.000443974 0.00085172 1 -0.000218307 0.00328369 0.000411053 0.000217957 1 0.0274157
0.999999 -0.00098351 -0.000342797 -0.0094584 0.000983442 0.999999 -0.000199031 0.00435724 0.000342992 0.000198694 1 0.0247526
0.999999 -0.00105175 -0.000256594 -0.00890406 0.00105169 0.999999 -0.000244579 0.0108236 0.000256851 0.000244309 1 0.022264
1 -0.000861848 -0.000425006 -0.00546244 0.000861757 1 -0.000215862 0.0010457 0.000425191 0.000215495 1 0.0276337
1 -0.00082164 -0.00053087 -0.00243504 0.000821556 1 -0.000158871 0.00661907 0.000531 0.000158434 1 0.0253088
0.999999 -0.00101177 -0.000451407 -0.00897094 0.0010117 0.999999 -0.000149356 0.00943378 0.000451558 0.000148899 1 0.0218352
1 -0.000843722 -0.000377619 -0.00503464 0.000843642 1 -0.000212458 0.00283223 0.000377798 0.000212139 1 0.0258213
0.999999 -0.00106487 -0.000353198 -0.00869842 0.00106478 0.999999 -0.000264721 0.0053985 0.000353479 0.000264345 1 0.0245202
0.999999 -0.000974408 -0.000262128 -0.0046186 0.000974348 0.999999 -0.000229728 0.00739112 0.000262352 0.000229472 1 0.0210602
1 -0.000790598 -0.00029369 -0.00969245 0.000790538 1 -0.000204086 0.00497174 0.000293852 0.000203854 1 0.020201
1 -0.000776933 -0.000266184 -0.00876738 0.000776875 1 -0.000218414 0.000665696 0.000266354 0.000218207 1 0.0228254
1 -0.000908418 -0.000393983 -0.0129743 0.000908334 1 -0.000212788 0.00375912 0.000394177 0.000212431 1 0.0240445
1 -0.00086685 -0.000456766 -0.0115476 0.000866747 1 -0.000223738 0.00431812 0.00045696 0.000223342 1 0.0250799
1 -0.000746863 -0.000450406 -0.00841636 0.000746776 1 -0.000192851 0.000765481 0.00045055 0.000192515 1 0.0244266
0.999999 -0.000926566 -0.000420075 -0.00928874 0.000926496 1 -0.000168364 0.00766261 0.00042023 0.000167974 1 0.0210786
0.999999 -0.000943803 -0.000376906 -0.00949973 0.000943703 1 -0.000266146 0.000419549 0.000377157 0.00026579 1 0.0250419
1 -0.000804361 -0.000483219 -0.0053902 0.000804253 1 -0.000223514 0.00507492 0.000483398 0.000223125 1 0.0248889
1 -0.000878766 -0.000298574 -0.00531622 0.000878695 1 -0.000237654 0.00150539 0.000298783 0.000237391 1 0.0217754
1 -0.000955486 -0.000290875 -0.0121676 0.000955429 1 -0.0001966 0.00509982 0.000291063 0.000196322 1 0.0186134
1 -0.000838986 -0.00038518 -0.00585052 0.000838895 1 -0.000237793 -0.00118781 0.000385379 0.00023747 1 0.0226678
1 -0.000800885 -0.000477993 -0.00477233 0.000800772 1 -0.00023585 0.00286008 0.000478182 0.000235467 1 0.0250574
0.999999 -0.00100341 -0.000342394 -0.00739968 0.00100332 0.999999 -0.000266658 0.00303087 0.000342662 0.000266314 1 0.0204555
1 -0.000870806 -0.000359568 -0.00939097 0.00087075 1 -0.000155515 0.00189161 0.000359703 0.000155201 1 0.0201976
0.999999 -0.000958982 -0.000398134 -0.00799579 0.000958896 1 -0.000216934 0.00363457 0.000398341 0.000216552 1 0.0232279
0.999999 -0.00102198 -0.00045051 -0.00658993 0.00102187 0.999999 -0.000232748 0.00537006 0.000450747 0.000232288 1 0.0262486
0.999999 -0.000990001 -0.000351217 -0.00834516 0.000989928 0.999999 -0.00020953 0.0065966 0.000351424 0.000209182 1 0.0200056
0.999999 -0.00106661 -0.000301495 -0.00689035 0.00106655 0.999999 -0.000197278 0.00463655 0.000301705 0.000196956 1 0.0158036
1 -0.000923789 -0.000273695 -0.0111846 0.000923728 1 -0.000221798 0.0015406 0.0002739 0.000221545 1 0.0184717
1 -0.000872903 -0.000399832 -0.00585665 0.000872803 1 -0.000250778 0.00381539 0.000400051 0.000250429 1 0.0255486
0.999999 -0.00119191 -0.000363729 -0.000182659 0.00119181 0.999999 -0.000264472 0.000892082 0.000364044 0.000264038 1 0.021262
1 -0.000774164 -0.000242221 -0.0062747 0.000774117 1 -0.000191448 -0.00106491 0.00024237 0.00019126 1 0.0186875
1 -0.000897325 -0.000336754 -0.00447723 0.000897258 1 -0.000199145 -0.000385958 0.000336932 0.000198843 1 0.0193762
0.999999 -0.0010145 -0.000436364 -0.000677973 0.00101441 0.999999 -0.000202703 0.00433819 0.000436569 0.000202261 1 0.0227699
1 -0.000831719 -0.000225716 -0.00924134 0.000831666 1 -0.000236209 0.00294089 0.000225913 0.000236021 1 0.0190759
0.999999 -0.000875737 -0.000502753 -0.00769635 0.000875649 1 -0.000175161 -0.000274299 0.000502907 0.000174721 1 0.0238628
0.999999 -0.000947861 -0.000457559 -0.000935442 0.000947756 1 -0.000229768 -0.00145401 0.000457777 0.000229335 1 0.0265559
0.999999 -0.000971134 -0.000432741 -0.00512464 0.00097106 1 -0.000172632 -0.00275776 0.000432909 0.000172212 1 0.0248597
0.999999 -0.00104305 -0.000448535 -0.00958488 0.00104298 0.999999 -0.000153536 0.00260871 0.000448695 0.000153068 1 0.0220245
1 -0.000808733 -0.000337553 -0.00286988 0.000808651 1 -0.000242568 -0.00292034 0.000337749 0.000242295 1 0.0231934
1 -0.000805877 -0.0004107 -0.000494247 0.000805781 1 -0.000233019 0.00499084 0.000410888 0.000232688 1 0.0230014
1 -0.000892431 -0.000290292 -0.00173176 0.00089237 1 -0.00021208 0.00373884 0.000290481 0.00021182 1 0.0193045
0.999999 -0.00100309 -0.000302575 -0.00297367 0.00100301 0.999999 -0.000237243 0.00248853 0.000302812 0.000236939 1 0.015613
0.999999 -0.000944769 -0.000516662 -0.00769662 0.000944674 1 -0.000183519 0.000348603 0.000516835 0.00018303 1 0.0255794
1 -0.000836765 -0.000402488 -0.00399138 0.000836688 1 -0.000191091 -0.0034485 0.000402648 0.000190755 1 0.0216804
1 -0.000852146 -0.000442767 -0.00495127 0.000852024 1 -0.000275928 -0.00283109 0.000443002 0.000275551 1 0.0296887
1 -0.000874996 -0.000396813 0.00227321 0.000874912 1 -0.000212524 0.00249785 0.000396999 0.000212176 1 0.0231875
0.999999 -0.00108179 -0.000476552 0.00094902 0.0010817 0.999999 -0.000178444 0.0014807 0.000476745 0.000177929 1 0.0274279
0.999999 -0.00107331 -0.00035175 0.0052711 0.00107323 0.999999 -0.000234048 0.0019324 0.000352001 0.00023367 1 0.0257249
1 -0.000891344 -0.000214824 0.0152323 0.000891273 1 -0.000330823 0.00739614 0.000215118 0.000330632 1 0.026397
0.999999 -0.0011962 -5.48448e-05 0.0261377 0.00119618 0.999999 -0.000344586 0.0102808 5.52569e-05 0.00034452 1 0.0275183
0.999999 -0.00109923 0.00014802 0.0033771 0.0010993 0.999999 -0.000412568 0.00890004 -0.000147566 0.000412731 1 0.0249198
1 -0.00093762 -0.000262654 0.00842202 0.00093754 1 -0.000302894 0.00793028 0.000262938 0.000302648 1 0.0297488
0.999999 -0.00119551 4.01073e-05 -0.0101323 0.00119552 0.999999 -0.000328644 0.0157356 -3.97143e-05 0.000328691 1 0.0241869
0.999999 -0.00129789 -0.000242219 -0.0315039 0.00129783 0.999999 -0.000257259 0.0132149 0.000242553 0.000256945 1 0.0249683
0.999999 -0.00147329 -0.000233009 -0.0418005 0.00147322 0.999999 -0.000341579 0.0210601 0.000233512 0.000341235 1 0.0235567
0.999999 -0.00147984 -0.000114641 -0.0781379 0.00147979 0.999999 -0.000403927 0.0191162 0.000115239 0.000403757 1 0.0316697
0.999998 -0.00174888 0.000261017 -0.106341 0.00174903 0.999998 -0.000575369 0.0164671 -0.00026001 0.000575824 1 0.0445388
0.999996 -0.00198895 0.00213337 -0.162196 0.00199134 0.999997 -0.00112117 0.0141444 -0.00213114 0.00112541 0.999997 0.0496718
0.999988 -0.00179004 0.0045253 -0.210379 0.00179807 0.999997 -0.00177151 0.00729581 -0.00452211 0.00177963 0.999988 0.0497766
0.999986 -0.00178361 0.00489571 -0.259296 0.00179247 0.999997 -0.00180672 0.00854329 -0.00489247 0.00181547 0.999986 0.0471597
0.999993 -0.00171968 0.00346573 -0.299404 0.00172485 0.999997 -0.00148759 0.00893555 -0.00346316 0.00149356 0.999993 0.0512196
0.999992 -0.00179811 0.00370715 -0.372625 0.00180354 0.999997 -0.00146023 0.0159427 -0.00370451 0.0014669 0.999992 0.0462204
0.999992 -0.00111052 0.00375373 -0.467525 0.00111668 0.999998 -0.00164 0.0153007 -0.0037519 0.00164417 0.999992 0.0532692
0.999992 -0.00079787 0.00397085 -0.554786 0.00080451 0.999998 -0.00167096 0.00937534 -0.00396951 0.00167414 0.999991 0.0515627
0.999993 -0.000503338 0.00360747 -0.632592 0.000508732 0.999999 -0.00149447 0.00454229 -0.00360671 0.00149629 0.999992 0.0492435
0.999992 -0.000658551 0.00406442 -0.720863 0.000665175 0.999998 -0.00162857 0.00815544 -0.00406334 0.00163126 0.99999 0.0453825
0.999988 -0.00107403 0.00472785 -0.831484 0.00108261 0.999998 -0.00181294 0.0171447 -0.00472589 0.00181804 0.999987 0.0612431
0.999991 -0.00111506 0.00415413 -0.936526 0.00112237 0.999998 -0.00175799 0.0228697 -0.00415216 0.00176264 0.99999 0.0670632
0.999995 -0.00119107 0.00300824 -1.06959 0.00119493 0.999998 -0.00128418 0.0183246 -0.0030067 0.00128776 0.999995 0.0661488
0.999997 0.000110981 0.00233575 -1.19364 -0.000108438 0.999999 -0.00108845 0.00914412 -0.00233586 0.00108819 0.999997 0.068036
0.999996 0.000260845 0.00289497 -1.31206 -0.000257127 0.999999 -0.00128472 0.00540923 -0.00289531 0.00128397 0.999995 0.0690748
0.999997 0.000371649 0.00251876 -1.44178 -0.00036891 0.999999 -0.00108767 0.00975154 -0.00251916 0.00108674 0.999996 0.0742136
0.999997 0.000251134 0.0025868 -1.60199 -0.000248274 0.999999 -0.00110592 0.0215873 -0.00258707 0.00110527 0.999996 0.0665262
0.999998 0.000512001 0.00171847 -1.76268 -0.000510316 0.999999 -0.00098067 0.014778 -0.00171897 0.000979792 0.999998 0.0830571
0.999999 -8.73313e-05 0.00147349 -1.90684 8.84783e-05 1 -0.000778414 0.0237939 -0.00147342 0.000778543 0.999999 0.0825146
1 0.000140698 0.000847479 -2.09339 -0.000140191 1 -0.000598301 0.0324154 -0.000847563 0.000598182 0.999999 0.0834075
0.999999 -2.12874e-05 0.00102124 -2.26717 2.16149e-05 1 -0.000320678 0.0313661 -0.00102123 0.0003207 0.999999 0.0566277
1 7.10354e-05 0.000578815 -2.46927 -7.07424e-05 1 -0.000506151 0.0422765 -0.000578851 0.00050611 1 0.0822521
1 0.000502351 0.000129496 -2.65045 -0.000502313 1 -0.000293876 0.0339917 -0.000129644 0.000293811 1 0.0761378
1 0.000484083 -0.000282101 -2.83598 -0.000484156 1 -0.000257817 0.0370219 0.000281976 0.000257954 1 0.0727637
0.999999 0.00103694 -0.000807038 -3.03584 -0.00103715 0.999999 -0.000260749 0.0278907 0.000806768 0.000261586 1 0.0775935
0.999999 0.000379688 -0.0011903 -3.21503 -0.000380108 1 -0.000353123 0.0412504 0.00119017 0.000353575 0.999999 0.0870745
0.999999 0.000749854 -0.00121684 -3.40388 -0.000750293 1 -0.000360751 0.0414255 0.00121656 0.000361664 0.999999 0.0995313
0.999997 0.00147269 -0.00183626 -3.58604 -0.00147333 0.999999 -0.00034931 0.0351212 0.00183574 0.000352015 0.999998 0.113084
0.999996 0.00162096 -0.00212411 -3.7893 -0.00162116 0.999999 -9.03626e-05 0.0221295 0.00212396 9.38058e-05 0.999998 0.111208
0.999999 0.00102592 -0.00135228 -3.99916 -0.00102587 0.999999 3.68865e-05 0.0402794 0.00135232 -3.54991e-05 0.999999 0.102461
0.999999 0.00109908 -0.000753497 -4.23887 -0.00109908 0.999999 6.49153e-06 0.0276921 0.000753503 -5.66337e-06 1 0.116363
1 0.000738262 -0.000665186 -4.43021 -0.000738333 1 -0.000106548 0.042171 0.000665107 0.000107039 1 0.13347
0.999999 0.000753866 -0.00107868 -4.63246 -0.000753978 1 -0.00010358 0.0362065 0.0010786 0.000104393 0.999999 0.151613
0.999999 0.000570577 -0.00105541 -4.81183 -0.000570659 1 -7.73035e-05 0.0458939 0.00105537 7.79057e-05 0.999999 0.156392
0.999999 0.00110491 -0.00107086 -5.02769 -0.00110506 0.999999 -0.000145378 0.0487475 0.0010707 0.000146561 0.999999 0.166062
0.999999 0.00110545 -0.00110894 -5.23224 -0.00110559 0.999999 -0.000131673 0.0390203 0.0011088 0.000132899 0.999999 0.163721
1 0.00030085 -0.000571347 -5.46829 -0.000300857 1 -1.14439e-05 0.0443547 0.000571344 1.16158e-05 1 0.161841
0.999999 0.00109186 -0.000884715 -5.64228 -0.00109196 0.999999 -0.000116062 0.0482505 0.000884588 0.000117027 1 0.174725
0.999999 0.000956478 -0.00140365 -5.87813 -0.000956457 1 1.59751e-05 0.0437618 0.00140367 -1.46326e-05 0.999999 0.171791
0.999998 0.0012199 -0.00175416 -6.10851 -0.00121955 0.999999 0.000198688 0.0353285 0.0017544 -0.000196548 0.999998 0.173132
0.999997 0.00161377 -0.00179787 -6.33415 -0.00161388 0.999999 -5.75034e-05 0.0347648 0.00179778 6.04048e-05 0.999998 0.18152
0.999998 0.00113333 -0.00172006 -6.5259 -0.00113365 0.999999 -0.000185546 0.0348212 0.00171985 0.000187496 0.999999 0.192522
0.999999 0.00067026 -0.000969249 -6.71396 -0.000670115 1 0.000149132 0.0384312 0.000969349 -0.000148483 1 0.171565
0.999999 0.000226316 -0.00157591 -6.94848 -0.000226426 1 -6.94959e-05 0.0359355 0.0015759 6.98526e-05 0.999999 0.185689
0.999998 -8.43452e-05 -0.00192261 -7.15022 8.43439e-05 1 -7.12869e-07 0.0235848 0.00192261 5.50708e-07 0.999998 0.196597
0.999998 -0.000646099 -0.00178912 -7.35787 0.000647158 1 0.000591488 0.0232757 0.00178874 -0.000592645 0.999998 0.182764
0.999998 -0.00126457 -0.00163437 -7.60566 0.00126543 0.999999 0.000519195 0.0267728 0.00163371 -0.000521262 0.999999 0.216045
0.999999 -0.00144818 -0.0009046 -7.83225 0.0014485 0.999999 0.000360536 0.0222284 0.000904077 -0.000361846 1 0.211864
0.999997 -0.00241367 -0.000826821 -8.03203 0.00241384 0.999997 0.00020387 0.0255778 0.000826327 -0.000205865 1 0.210822
0.999997 -0.00235028 -0.000404779 -8.23811 0.00235026 0.999997 -3.73724e-05 0.0145136 0.000404866 3.64209e-05 1 0.203136
0.999993 -0.00382942 -0.000335718 -8.47263 0.00382928 0.999993 -0.000432486 0.0179395 0.000337371 0.000431198 1 0.220522
0.999988 -0.00482985 -0.000404398 -8.65215 0.0048296 0.999988 -0.000621815 0.0178462 0.000407397 0.000619855 1 0.235296
0.999984 -0.00573094 0.00038845 -8.86181 0.00573122 0.999983 -0.00071545 0.0220978 -0.000384344 0.000717665 1 0.239309
0.999984 -0.00556575 0.000851034 -9.08819 0.00556651 0.999984 -0.000899753 0.0106914 -0.000846013 0.000904476 0.999999 0.242683
0.999969 -0.00788625 0.000677026 -9.31039 0.00788677 0.999969 -0.000770083 0.0128755 -0.000670932 0.000775399 0.999999 0.25249
0.999965 -0.008282 0.00130263 -9.51606 0.00828297 0.999965 -0.000745126 0.00479724 -0.00129641 0.00075589 0.999999 0.260089
0.999957 -0.00909704 0.00179933 -9.72865 0.00909842 0.999958 -0.000760014 0.00047013 -0.00179234 0.000776353 0.999998 0.277908
0.999941 -0.0106909 0.00186029 -9.9474 0.0106926 0.999942 -0.000905567 0.0113738 -0.0018505 0.000925404 0.999998 0.284869
0.999931 -0.0114639 0.00238861 -10.1304 0.0114668 0.999933 -0.00123071 -0.00123586 -0.00237434 0.00125801 0.999996 0.289363
0.999922 -0.012122 0.00296286 -10.3703 0.0121255 0.999926 -0.00117965 -0.00160672 -0.00294834 0.00121548 0.999995 0.272095
0.99991 -0.0130095 0.00329863 -10.5753 0.0130137 0.999915 -0.00123829 -0.00742702 -0.00328224 0.0012811 0.999994 0.270901
0.999904 -0.0134506 0.00328269 -10.7803 0.0134541 0.999909 -0.00106201 -0.0240327 -0.00326811 0.00110607 0.999994 0.263069
0.999897 -0.0141116 0.00264037 -10.9851 0.0141148 0.9999 -0.00118433 -0.0250826 -0.0026234 0.00122148 0.999996 0.290903
0.999877 -0.0155595 0.00189877 -11.1929 0.0155625 0.999878 -0.00159211 -0.0205145 -0.00187377 0.00162146 0.999997 0.308774
0.999867 -0.016095 0.00258312 -11.3925 0.0160989 0.999869 -0.00153087 -0.0333774 -0.00255814 0.00157225 0.999995 0.303807
0.999844 -0.0174851 0.00262927 -11.6001 0.0174894 0.999846 -0.00161993 -0.0383741 -0.00260054 0.00166566 0.999995 0.293077
0.999835 -0.018154 0.00113225 -11.8074 0.0181563 0.999833 -0.00210981 -0.0446504 -0.00109376 0.00213002 0.999997 0.316406
0.999821 -0.0188964 0.00105639 -12.0019 0.0188985 0.999819 -0.00204196 -0.0633638 -0.00101761 0.00206156 0.999997 0.315981
0.999794 -0.0203 0.000479969 -12.208 0.0203009 0.999792 -0.00194322 -0.0577356 -0.000440421 0.00195257 0.999998 0.31368
0.999772 -0.0213542 -0.000627092 -12.4223 0.0213529 0.99977 -0.00204455 -0.0574612 0.000670608 0.0020307 0.999998 0.319738
0.999762 -0.0217698 -0.00118761 -12.6092 0.021767 0.999761 -0.00226154 -0.0717474 0.00123655 0.00223515 0.999997 0.331055
0.999736 -0.0228314 -0.00247114 -12.8234 0.0228228 0.999734 -0.00344995 -0.0787017 0.00254925 0.00339264 0.999991 0.360837
0.999717 -0.0235768 -0.00304702 -13.0078 0.0235654 0.999715 -0.00372375 -0.0945666 0.00313395 0.0036509 0.999988 0.34443
0.999693 -0.02461 -0.00301 -13.2146 0.0245987 0.99969 -0.00375011 -0.097247 0.00310135 0.00367492 0.999988 0.339102
0.999654 -0.0261565 -0.00280513 -13.4256 0.0261456 0.999651 -0.00388439 -0.0884476 0.00290575 0.0038097 0.999989 0.357995
0.999639 -0.0267421 -0.00254413 -13.6052 0.0267324 0.999635 -0.00378811 -0.099317 0.0026445 0.00371873 0.99999 0.3725
0.99961 -0.0277319 -0.00315748 -13.8069 0.0277186 0.999607 -0.0041776 -0.106418 0.00327209 0.00408845 0.999986 0.380809
0.999588 -0.0285281 -0.00309799 -13.993 0.0285143 0.999584 -0.00438401 -0.104134 0.00322177 0.00429387 0.999986 0.382499
0.999578 -0.0289516 -0.00234346 -14.1847 0.0289401 0.999569 -0.00482699 -0.101229 0.0024822 0.00475714 0.999986 0.381272
0.99958 -0.0289264 -0.001498 -14.3793 0.0289194 0.999572 -0.00447373 -0.120472 0.00162677 0.00442853 0.999989 0.390418
0.999578 -0.0290475 0.000695937 -14.5563 0.0290497 0.999573 -0.00328822 -0.117551 -0.000600124 0.00330705 0.999994 0.381238
0.999589 -0.0285955 0.00187749 -14.7249 0.0286006 0.999587 -0.00274609 -0.126084 -0.00179819 0.00279866 0.999994 0.380977
0.999591 -0.0285368 0.00186535 -14.9125 0.0285416 0.999589 -0.00256648 -0.139127 -0.00179134 0.00261867 0.999995 0.391709
0.999569 -0.0292994 0.00160997 -15.1261 0.0293033 0.999568 -0.00245512 -0.134481 -0.00153734 0.00250124 0.999996 0.39401
0.999566 -0.0294299 0.00109571 -15.3004 0.0294332 0.999562 -0.00312253 -0.136071 -0.00100334 0.00315343 0.999995 0.413296
0.999578 -0.0290101 0.00111656 -15.4842 0.0290144 0.999571 -0.00403201 -0.158459 -0.000999109 0.00406271 0.999991 0.430615
0.999552 -0.0299248 0.000488387 -15.6757 0.0299269 0.999539 -0.00505063 -0.155502 -0.000337024 0.00506298 0.999987 0.433491
0.999559 -0.0296941 -3.14578e-05 -15.8616 0.0296934 0.999542 -0.00576187 -0.167942 0.000202537 0.0057584 0.999983 0.440313
0.999558 -0.0297377 0.000110832 -16.0191 0.0297376 0.999523 -0.00833921 -0.170055 0.00013721 0.00833882 0.999965 0.412951
0.999565 -0.0294666 -0.00124683 -16.2081 0.0294533 0.99952 -0.00962767 -0.182345 0.00152992 0.00958675 0.999953 0.422342
0.999537 -0.0303534 -0.00207649 -16.3829 0.0303322 0.999494 -0.0096055 -0.193755 0.002367 0.00953807 0.999952 0.415001
0.999521 -0.0308781 -0.00216808 -16.5464 0.0308545 0.999472 -0.0102102 -0.197426 0.00248221 0.0101385 0.999946 0.421534
0.999506 -0.0313801 -0.00168724 -16.7078 0.0313598 0.999449 -0.0109139 -0.208408 0.00202879 0.0108556 0.999939 0.424227
0.999473 -0.0324663 -0.000506126 -16.8613 0.0324588 0.999414 -0.0108625 -0.209563 0.000858494 0.0108404 0.999941 0.4264
0.999454 -0.0330264 -0.000112391 -17.0001 0.0330234 0.999398 -0.010659 -0.216809 0.000464352 0.0106495 0.999943 0.423405
0.999395 -0.0347537 -0.00101818 -17.1379 0.0347428 0.999354 -0.00924315 -0.213271 0.00133875 0.00920219 0.999957 0.433997
0.999338 -0.0363065 -0.00247217 -17.2731 0.0362841 0.999305 -0.00856323 -0.228629 0.00278135 0.00846786 0.99996 0.441034
0.999279 -0.0377965 -0.003653 -17.3985 0.0377658 0.999254 -0.0081338 -0.230594 0.0039577 0.00798997 0.99996 0.443379
0.999219 -0.0393248 -0.00391412 -17.5344 0.0392907 0.999192 -0.00844342 -0.243549 0.004243 0.00828303 0.999957 0.445232
0.999128 -0.0415819 -0.00375382 -17.6587 0.0415532 0.999109 -0.00741065 -0.241043 0.00405862 0.00724821 0.999965 0.465831
0.999028 -0.0439963 -0.00269213 -17.7787 0.0439768 0.999009 -0.00692692 -0.251443 0.00299422 0.00680179 0.999972 0.465113
0.998934 -0.0461445 -0.00134806 -17.8925 0.0461358 0.998918 -0.00591449 -0.262542 0.00161952 0.00584599 0.999982 0.462967
0.998816 -0.0486441 -0.00105667 -18.0037 0.0486373 0.9988 -0.00573633 -0.26794 0.00133444 0.00567814 0.999983 0.46392
0.998682 -0.051305 -0.00129558 -18.1232 0.0512964 0.998666 -0.00598692 -0.282249 0.00160101 0.00591257 0.999981 0.461848
0.998538 -0.0540286 -0.00156299 -18.2318 0.0540169 0.998517 -0.00679018 -0.295718 0.00192754 0.00669583 0.999976 0.473138
0.998383 -0.056825 -0.00118014 -18.3564 0.0568148 0.998358 -0.00736058 -0.308256 0.00159646 0.00728164 0.999972 0.475927
0.998194 -0.0600641 -0.00114499 -18.4714 0.0600533 0.998164 -0.00785405 -0.316833 0.00161464 0.0077711 0.999969 0.470152
0.997965 -0.0637378 -0.0015385 -18.592 0.0637248 0.99794 -0.00735451 -0.320815 0.00200409 0.00724151 0.999972 0.481554
0.997788 -0.066453 -0.0014781 -18.7081 0.0664379 0.997753 -0.00862893 -0.340582 0.0020482 0.00851164 0.999962 0.49577
0.997555 -0.0698718 -0.00121588 -18.8227 0.0698575 0.997513 -0.00934931 -0.35972 0.00186611 0.00924151 0.999956 0.491203
0.997285 -0.0736186 -0.00180563 -18.9499 0.0735992 0.997246 -0.00914056 -0.373588 0.00247357 0.00898285 0.999957 0.501506
0.997024 -0.0770766 -0.00129335 -19.0734 0.077061 0.996981 -0.00948809 -0.393302 0.00202075 0.00936019 0.999954 0.495081
0.996736 -0.0807276 -0.000602573 -19.2397 0.0807168 0.996682 -0.0105125 -0.412893 0.00144922 0.0104295 0.999945 0.502032
0.99633 -0.0855947 0.000740609 -19.3454 0.0855974 0.996258 -0.0119626 -0.429544 0.000286094 0.0119821 0.999928 0.495879
0.995953 -0.089878 0.000641676 -19.4685 0.0898783 0.995857 -0.0138368 -0.452959 0.000604607 0.0138385 0.999904 0.494372
0.995542 -0.0943147 0.000695004 -19.6018 0.0943148 0.995436 -0.0145687 -0.473812 0.000682208 0.0145693 0.999894 0.486553
0.995055 -0.099326 0.000282407 -19.7367 0.0993202 0.994957 -0.0139841 -0.492533 0.001108 0.013943 0.999902 0.48993
0.994557 -0.104196 -0.000301147 -19.8793 0.104183 0.994466 -0.0135462 -0.520673 0.00171094 0.013441 0.999908 0.48902
0.994005 -0.109319 -0.00171101 -20.0304 0.109285 0.993911 -0.014032 -0.544383 0.00323456 0.0137609 0.9999 0.505585
0.993262 -0.115859 -0.00263841 -20.2161 0.115804 0.99315 -0.015575 -0.579191 0.00442483 0.0151645 0.999875 0.513812
0.992585 -0.121514 -0.0031025 -20.3696 0.121438 0.99243 -0.0183091 -0.602557 0.00530382 0.0177965 0.999828 0.515477
0.991852 -0.127365 -0.00282347 -20.5418 0.127282 0.991658 -0.0203415 -0.636818 0.0053907 0.0198163 0.999789 0.509104
0.991064 -0.133359 -0.00289827 -20.6956 0.133275 0.990876 -0.0200381 -0.66551 0.00554409 0.0194728 0.999795 0.507678
0.990254 -0.139251 -0.0025824 -20.9006 0.139182 0.9901 -0.0181895 -0.700271 0.00508974 0.0176528 0.999831 0.511967
0.989338 -0.145623 -0.00199828 -21.0791 0.14557 0.98921 -0.0165372 -0.740842 0.00438491 0.01607 0.999861 0.519432
0.98821 -0.153097 -0.00126059 -21.2582 0.153057 0.988087 -0.0160316 -0.773339 0.00369995 0.0156496 0.999871 0.524178
0.987111 -0.160034 -0.000530932 -21.4514 0.160007 0.986993 -0.0155481 -0.825393 0.00301225 0.0152627 0.999879 0.531133
0.985927 -0.167176 -0.00011289 -21.6508 0.167155 0.985812 -0.0152725 -0.870321 0.00266448 0.0150387 0.999883 0.53149
0.9846 -0.17482 0.00042397 -21.8734 0.174806 0.984488 -0.0150186 -0.923974 0.00220815 0.0148614 0.999887 0.540966
0.983222 -0.182415 0.000204862 -22.1088 0.182397 0.983108 -0.0151778 -0.978914 0.00256724 0.0149605 0.999885 0.5397
0.981777 -0.190033 0.000860511 -22.3481 0.190026 0.981676 -0.0142036 -1.04118 0.00185441 0.0141083 0.999899 0.543383
0.980115 -0.19843 0.000970714 -22.5744 0.198425 0.980018 -0.0138993 -1.09692 0.00180673 0.0138156 0.999903 0.546792
0.978434 -0.206554 0.0017052 -22.8088 0.206558 0.978338 -0.0137351 -1.16251 0.00116878 0.0137911 0.999904 0.545981
0.976516 -0.215433 0.00240671 -23.0875 0.215446 0.97642 -0.0137083 -1.22864 0.000603264 0.0139049 0.999903 0.570826
0.974468 -0.224486 0.0041857 -23.3528 0.224523 0.974372 -0.0137106 -1.29504 -0.00100059 0.0143003 0.999897 0.568142
0.972359 -0.233448 0.00455545 -23.6006 0.233488 0.972275 -0.0128313 -1.37378 -0.00143372 0.0135402 0.999907 0.560405
0.970087 -0.242723 0.00404631 -23.883 0.242754 0.970028 -0.0107744 -1.45837 -0.00130984 0.0114344 0.999934 0.541591
0.967674 -0.252185 0.00316389 -24.1494 0.2522 0.967657 -0.00591188 -1.5402 -0.00157068 0.00651871 0.999978 0.570952
0.965068 -0.261961 0.0044611 -24.4323 0.261977 0.965068 -0.0034803 -1.62605 -0.00339357 0.00452744 0.999984 0.560297
0.962387 -0.271628 0.00546725 -24.738 0.271615 0.962401 0.00303327 -1.7195 -0.00608561 -0.00143419 0.99998 0.574449
0.959501 -0.281653 0.00547998 -25.0415 0.281615 0.959504 0.00677747 -1.81147 -0.00716696 -0.00495974 0.999962 0.568759
0.956489 -0.291738 0.00430091 -25.326 0.291663 0.956435 0.0128354 -1.90918 -0.0078581 -0.0110225 0.999908 0.589395
0.953681 -0.300793 0.00388615 -25.6412 0.300715 0.953612 0.013945 -2.01808 -0.00790043 -0.0121304 0.999895 0.622678
0.950802 -0.30977 0.00420538 -25.9448 0.30971 0.950769 0.0108907 -2.13434 -0.00737196 -0.00905248 0.999932 0.647898
0.948242 -0.31747 0.0070131 -26.2566 0.317427 0.94826 0.00659376 -2.26987 -0.00874356 -0.00402634 0.999954 0.661636
0.946084 -0.323784 0.00944997 -26.5763 0.323743 0.946128 0.00558353 -2.39111 -0.0107487 -0.00222313 0.99994 0.650349
0.944482 -0.328423 0.00964613 -26.893 0.328365 0.944524 0.0071238 -2.49769 -0.0114506 -0.00356085 0.999928 0.635179
0.942737 -0.333418 0.00892992 -27.2582 0.333309 0.942744 0.0117746 -2.61871 -0.0123445 -0.00812391 0.999891 0.620962
0.941032 -0.338254 0.00658746 -27.576 0.338097 0.940943 0.0177782 -2.73282 -0.012212 -0.0145026 0.99982 0.640346
0.939785 -0.341733 0.00476034 -27.9218 0.341589 0.939655 0.0190917 -2.85747 -0.0109973 -0.016316 0.999806 0.689362
0.939451 -0.342651 0.00474585 -28.2619 0.342537 0.939364 0.0162392 -2.98757 -0.0100224 -0.0136303 0.999857 0.725068
0.939545 -0.342371 0.00615845 -28.6159 0.34231 0.939542 0.00918935 -3.1376 -0.00893229 -0.00652571 0.999939 0.722352
0.939867 -0.341489 0.00599326 -28.959 0.341453 0.939878 0.0063007 -3.2681 -0.00778455 -0.0038754 0.999962 0.726103
0.940679 -0.339258 0.00529607 -29.3386 0.339222 0.940683 0.00655291 -3.3891 -0.00720505 -0.00436764 0.999965 0.724392
0.942156 -0.335136 0.00498738 -29.6713 0.335096 0.942155 0.0074053 -3.51606 -0.00718067 -0.00530569 0.99996 0.727735
0.944224 -0.329258 0.00541312 -30.0384 0.329203 0.944216 0.00907401 -3.64295 -0.00809885 -0.00678589 0.999944 0.75008
0.946396 -0.322957 0.0057936 -30.4463 0.322874 0.946366 0.0119676 -3.77131 -0.00934789 -0.00945547 0.999912 0.795262
0.948671 -0.316194 0.00663743 -30.8291 0.316134 0.948674 0.00872703 -3.86896 -0.0090562 -0.00618077 0.99994 0.786648
0.950989 -0.309126 0.00775332 -31.2143 0.309085 0.951015 0.00613062 -3.99384 -0.00926866 -0.00343372 0.999951 0.787202
0.95354 -0.301164 0.00785374 -31.6222 0.301127 0.953568 0.00557588 -4.11742 -0.00916833 -0.00295185 0.999954 0.80138
0.956512 -0.291573 0.00832678 -32.0165 0.291537 0.956545 0.00520587 -4.2357 -0.00948283 -0.00255191 0.999952 0.811059
0.959523 -0.281518 0.00797004 -32.4527 0.281481 0.959551 0.00548709 -4.34451 -0.00919237 -0.00302157 0.999953 0.820652
0.96221 -0.272233 0.00636647 -32.8305 0.272197 0.962223 0.00596375 -4.44372 -0.00774949 -0.00400545 0.999962 0.83774
0.965159 -0.261608 0.00534489 -33.2362 0.261578 0.965165 0.00573134 -4.53593 -0.00665807 -0.00413354 0.999969 0.856711
0.967923 -0.251178 0.00585177 -33.6764 0.25115 0.967935 0.00502999 -4.62999 -0.00692755 -0.00339897 0.99997 0.858695
0.970848 -0.239637 0.00523549 -34.142 0.239617 0.970858 0.00427303 -4.7175 -0.0061069 -0.00289395 0.999977 0.862087
0.973464 -0.228788 0.00486951 -34.5939 0.228766 0.97347 0.00462712 -4.81271 -0.00579896 -0.00339036 0.999977 0.864141
0.976115 -0.217213 0.00416548 -35.0322 0.217191 0.976116 0.00512141 -4.89804 -0.00517843 -0.00409439 0.999978 0.861236
0.978542 -0.206001 0.00441713 -35.4905 0.205982 0.978545 0.00456022 -4.9809 -0.00526177 -0.00355252 0.99998 0.89228
0.981021 -0.193855 0.00427119 -35.9256 0.193837 0.981025 0.00413031 -5.06062 -0.00499082 -0.003224 0.999982 0.902592
0.983159 -0.182701 0.00443954 -36.3951 0.182689 0.983166 0.00292147 -5.13764 -0.00489857 -0.00206121 0.999986 0.926269
0.985257 -0.171035 0.00391725 -36.8518 0.171029 0.985264 0.00185834 -5.20667 -0.00417737 -0.00116098 0.999991 0.940965
0.987254 -0.159103 0.00392287 -37.3538 0.159095 0.987261 0.00210382 -5.26173 -0.00420763 -0.0014529 0.99999 0.953177
0.989025 -0.147732 0.00223599 -37.8245 0.147725 0.989023 0.0033374 -5.30385 -0.00270449 -0.00297046 0.999992 0.956527
0.9906 -0.136791 0.000849393 -38.3192 0.136784 0.990587 0.00516466 -5.35226 -0.00154788 -0.00499993 0.999986 0.978112
0.992027 -0.126021 0.00047381 -38.806 0.126017 0.992011 0.00588177 -5.39789 -0.00121125 -0.00577517 0.999983 1.01035
0.993354 -0.115096 -0.000294977 -39.3172 0.115095 0.993328 0.0073207 -5.43961 -0.000549572 -0.007306 0.999973 0.999322
0.994441 -0.105294 -0.000669157 -39.8258 0.105296 0.99442 0.00646399 -5.47256 -1.51983e-05 -0.00649851 0.999979 1.0109
0.995335 -0.0964753 -0.000285645 -40.3402 0.0964751 0.995313 0.00663565 -5.5132 -0.000355871 -0.00663226 0.999978 1.00367
0.995969 -0.0896974 1.12816e-05 -40.8582 0.0896949 0.995943 0.00730044 -5.52585 -0.000666067 -0.00727 0.999973 1.02929
0.99649 -0.0837014 -0.00120591 -41.3482 0.0837087 0.996454 0.0085322 -5.5427 0.000487476 -0.0086032 0.999963 1.04048
0.99702 -0.0771249 -0.00170438 -41.8935 0.0771378 0.996974 0.00960991 -5.57325 0.000958063 -0.00971274 0.999952 1.07199
0.997437 -0.0715117 -0.00228441 -42.4214 0.0715327 0.997377 0.0110153 -5.6152 0.00149069 -0.0111505 0.999937 1.08481
0.99779 -0.0663112 -0.0042844 -42.982 0.066353 0.997741 0.010494 -5.64183 0.00357885 -0.0107551 0.999936 1.11506
0.998074 -0.0619146 -0.00377174 -43.5226 0.0619471 0.998037 0.00922602 -5.66534 0.00319311 -0.0094419 0.99995 1.09862
0.998339 -0.0575045 -0.0035699 -44.0712 0.0575325 0.998309 0.00833283 -5.70072 0.00308469 -0.00852437 0.999959 1.11506
0.998488 -0.054834 -0.00397613 -44.6015 0.0548602 0.998471 0.00680427 -5.70192 0.00359694 -0.00701211 0.999969 1.1394
0.998624 -0.0523433 -0.00334128 -45.1703 0.0523631 0.998609 0.00612979 -5.73289 0.00301578 -0.00629631 0.999976 1.12055
0.99874 -0.0500732 -0.00321993 -45.768 0.0500915 0.998727 0.0058691 -5.76303 0.00292194 -0.006023 0.999978 1.12573
0.998813 -0.0486379 -0.00244196 -46.3034 0.0486521 0.998797 0.00613184 -5.80178 0.00214078 -0.00624337 0.999978 1.13556
0.998842 -0.0480116 -0.00320643 -46.8721 0.0480249 0.998837 0.00422736 -5.82505 0.00299974 -0.00437645 0.999986 1.16724
0.998832 -0.0482425 -0.00271438 -47.4426 0.0482528 0.998828 0.00385804 -5.84005 0.00252508 -0.00398451 0.999989 1.19513
0.998855 -0.0478107 -0.00181915 -48.029 0.0478153 0.998853 0.00255699 -5.88103 0.00169482 -0.00264105 0.999995 1.18636
0.998844 -0.0480504 -0.0016156 -48.5908 0.0480547 0.998841 0.00273788 -5.90568 0.00148217 -0.00281235 0.999995 1.17266
0.998788 -0.0492 -0.00147171 -49.187 0.0492059 0.998779 0.00431506 -5.93218 0.00125761 -0.00438225 0.99999 1.18067
0.998758 -0.0497599 -0.00251396 -49.7294 0.0497734 0.998745 0.00560878 -5.95837 0.00223171 -0.00572695 0.999981 1.1904
0.998739 -0.0501449 -0.00223437 -50.3118 0.0501557 0.998729 0.00503678 -5.98947 0.00197896 -0.0051425 0.999985 1.22567
0.998693 -0.0511173 -0.000480357 -50.9208 0.0511191 0.998678 0.00535408 -5.99674 0.000206036 -0.00537163 0.999986 1.22087
0.998668 -0.0515957 -0.000537432 -51.4479 0.0515979 0.998654 0.0053472 -6.01877 0.000260816 -0.00536781 0.999986 1.24333
0.998642 -0.0520876 0.000562996 -52.0465 0.052082 0.998615 0.00745787 -6.06136 -0.000950679 -0.00741843 0.999972 1.24936
0.998594 -0.0530022 5.31401e-05 -52.6134 0.0529994 0.99855 0.00938121 -6.09159 -0.000550288 -0.00936521 0.999956 1.25885
0.998561 -0.0536248 0.000524895 -53.2281 0.0536175 0.998517 0.00941079 -6.13477 -0.00102877 -0.00936911 0.999956 1.2804
0.998568 -0.053505 -0.000303714 -53.7739 0.0535058 0.998535 0.00805417 -6.15953 -0.000127669 -0.00805889 0.999968 1.30627
0.998544 -0.0539402 0.0006154 -54.384 0.0539343 0.998518 0.00731968 -6.18713 -0.00100931 -0.00727583 0.999973 1.29766
0.998471 -0.0552629 0.00141794 -54.9771 0.0552495 0.998439 0.00817948 -6.22345 -0.00186775 -0.00808863 0.999966 1.29927
0.998423 -0.0561194 0.00155174 -55.5744 0.0561034 0.998385 0.00894332 -6.24968 -0.00205113 -0.00884216 0.999959 1.31073
0.998379 -0.0568794 0.00182266 -56.1457 0.0568596 0.998337 0.00952052 -6.28159 -0.00236115 -0.00940145 0.999953 1.32918
0.998345 -0.0574651 0.00230906 -56.7385 0.0574413 0.998305 0.0093226 -6.32932 -0.00284087 -0.00917454 0.999954 1.34561
0.998296 -0.0583001 0.0026019 -57.3346 0.0582761 0.998264 0.00848622 -6.35538 -0.00309213 -0.00832012 0.999961 1.35063
0.998284 -0.0584886 0.00288152 -57.9567 0.0584648 0.998259 0.00775541 -6.40476 -0.00333011 -0.00757364 0.999966 1.37314
0.998246 -0.0591176 0.0032614 -58.5429 0.0590968 0.998233 0.00614449 -6.44615 -0.00361888 -0.00594097 0.999976 1.4003
0.998199 -0.0599132 0.00308964 -59.1261 0.0598965 0.998191 0.00524579 -6.48607 -0.00339834 -0.00505128 0.999981 1.40604
0.998211 -0.0596711 0.00367522 -59.7366 0.0596547 0.998209 0.00441838 -6.51627 -0.00393229 -0.00419123 0.999983 1.4332
0.99814 -0.0608081 0.00435017 -60.3668 0.0607874 0.998139 0.00474006 -6.55661 -0.00463031 -0.0044668 0.999979 1.45067
0.998113 -0.0612234 0.00479958 -60.9607 0.0612045 0.998117 0.00400043 -6.5885 -0.00503546 -0.00369913 0.99998 1.47133
0.998058 -0.0620904 0.00498492 -61.5713 0.0620714 0.998064 0.00387477 -6.61471 -0.00521586 -0.00355783 0.99998 1.49764
0.997993 -0.0630642 0.00574122 -62.1724 0.0630512 0.998007 0.00240875 -6.65388 -0.00588168 -0.00204193 0.999981 1.51416
0.997889 -0.0646906 0.0057743 -62.7761 0.064674 0.997902 0.00301118 -6.70386 -0.00595698 -0.00263138 0.999979 1.51623
0.997729 -0.0671494 0.00535956 -63.4132 0.0671339 0.997739 0.00301614 -6.75072 -0.00554998 -0.00264948 0.999981 1.552
0.99753 -0.0700255 0.00559254 -64.0373 0.0699981 0.997535 0.0049494 -6.79493 -0.00592533 -0.0045457 0.999972 1.54921
0.997279 -0.0735159 0.00556229 -64.634 0.0734778 0.997274 0.00676812 -6.83865 -0.00604469 -0.00634099 0.999962 1.5864
0.997012 -0.0769666 0.00654576 -65.2719 0.0769263 0.997018 0.00619576 -6.89051 -0.0070031 -0.00567371 0.999959 1.59067
0.996716 -0.0806939 0.00673883 -65.8594 0.0806535 0.996724 0.00606281 -6.9493 -0.00720599 -0.00549939 0.999959 1.62621
0.99637 -0.084848 0.00684121 -66.4693 0.0848062 0.996378 0.00618134 -6.99192 -0.00734091 -0.00557873 0.999957 1.63882
0.995919 -0.0900161 0.0064825 -67.1118 0.0899773 0.995925 0.00604722 -7.03563 -0.00700043 -0.00543927 0.999961 1.64542
0.995524 -0.0943964 0.00471755 -67.7331 0.0943585 0.995509 0.00769555 -7.11582 -0.00542279 -0.00721596 0.999959 1.69
0.995068 -0.0991206 0.00381215 -68.3362 0.0990893 0.995049 0.00768617 -7.17757 -0.00455513 -0.00727052 0.999963 1.69033
0.99461 -0.103663 0.00231714 -68.9586 0.103644 0.994588 0.00729922 -7.24193 -0.00306126 -0.00701972 0.999971 1.72172
0.99398 -0.109545 0.00199855 -69.5445 0.109529 0.99396 0.00680308 -7.31126 -0.00273172 -0.00654323 0.999975 1.73737
0.993448 -0.114235 0.00342591 -70.1579 0.114211 0.993434 0.00664012 -7.38359 -0.00416195 -0.00620534 0.999972 1.75881
0.992788 -0.119824 0.00384602 -70.7647 0.119804 0.992785 0.00503936 -7.44314 -0.00442211 -0.00454224 0.99998 1.78229
0.992049 -0.125789 0.00389786 -71.349 0.125772 0.992049 0.00439622 -7.52447 -0.00441987 -0.00387103 0.999983 1.79779
0.991253 -0.131913 0.00394881 -71.9634 0.131895 0.991253 0.00449301 -7.61484 -0.00450696 -0.00393289 0.999982 1.80395
0.990385 -0.13831 0.00285611 -72.5555 0.138291 0.990374 0.00596608 -7.70978 -0.00365379 -0.00551374 0.999978 1.84124
0.989314 -0.145783 0.00216638 -73.1485 0.145761 0.989287 0.00809946 -7.79166 -0.00332394 -0.00769713 0.999965 1.83765
0.988376 -0.152023 0.0013293 -73.7431 0.152009 0.98835 0.00763178 -7.87082 -0.00247402 -0.00734101 0.99997 1.88258
0.987365 -0.158455 0.00120208 -74.3365 0.158442 0.987339 0.00760971 -7.97686 -0.00239266 -0.0073231 0.99997 1.89382
0.986335 -0.164748 0.0012797 -74.9114 0.164734 0.98631 0.00747461 -8.08588 -0.0024936 -0.00716166 0.999971 1.88298
0.985213 -0.171328 0.00122822 -75.501 0.171312 0.985181 0.00843189 -8.21041 -0.00265464 -0.0080968 0.999964 1.88238
0.984107 -0.177576 0.000974946 -76.071 0.177555 0.98405 0.0109101 -8.30837 -0.00289678 -0.0105636 0.99994 1.91326
0.982921 -0.18403 0.000401789 -76.645 0.184011 0.982846 0.0124096 -8.42684 -0.00267864 -0.0121237 0.999923 1.93512
0.981774 -0.190053 0.000283554 -77.2176 0.190033 0.98169 0.013105 -8.55196 -0.00276901 -0.0128122 0.999914 1.96375
0.980473 -0.196655 -0.00042054 -77.8079 0.196646 0.980401 0.0120371 -8.66555 -0.00195487 -0.0118848 0.999927 1.98479
0.9792 -0.202898 -0.000659303 -78.3673 0.202889 0.979118 0.0128338 -8.80091 -0.00195842 -0.0127006 0.999917 1.98114
0.977923 -0.208964 -0.00103473 -78.919 0.20896 0.977843 0.0126027 -8.91498 -0.0016217 -0.0125406 0.99992 2.00276
0.976652 -0.214825 -0.00112884 -79.5135 0.214823 0.976578 0.0120644 -9.04595 -0.00148934 -0.0120253 0.999927 2.02477
0.975231 -0.221183 -0.00124844 -80.0566 0.221183 0.975166 0.0113391 -9.16802 -0.00129058 -0.0113344 0.999935 2.03176
0.973713 -0.227769 -0.00204222 -80.582 0.227778 0.973651 0.0109778 -9.30499 -0.000511993 -0.0111544 0.999938 2.04665
0.972319 -0.233648 -0.0021674 -81.1539 0.233657 0.972263 0.0104504 -9.44095 -0.000334434 -0.0106676 0.999943 2.05378
0.970886 -0.23953 -0.00230023 -81.7008 0.23954 0.970827 0.0107397 -9.57392 -0.000339365 -0.0109781 0.99994 2.06488
0.9693 -0.245877 -0.000952043 -82.2365 0.245872 0.969232 0.0116488 -9.72422 -0.00194142 -0.0115252 0.999932 2.08852
0.967552 -0.252671 0.000623792 -82.7723 0.252648 0.967492 0.0112877 -9.86694 -0.00345558 -0.0107638 0.999936 2.11759
0.965824 -0.259189 0.00213335 -83.33 0.259151 0.965774 0.0110147 -10.0357 -0.00491521 -0.0100854 0.999937 2.11704
0.964116 -0.265476 0.00186519 -83.828 0.265447 0.964078 0.00957307 -10.1745 -0.00433961 -0.00873444 0.999952 2.14222
0.962225 -0.272257 0.000532049 -84.3525 0.272244 0.962195 0.00803822 -10.3526 -0.00270039 -0.00758972 0.999968 2.15486
0.960401 -0.278611 -0.00221601 -84.8939 0.27862 0.960381 0.00626648 -10.5021 0.000382301 -0.00663576 0.999978 2.16391
0.958507 -0.285046 -0.00350245 -85.4109 0.285061 0.958496 0.00506483 -10.6641 0.00191337 -0.00585309 0.999981 2.17975
0.956385 -0.292087 -0.00349376 -85.9221 0.292102 0.956374 0.00494954 -10.8227 0.00189564 -0.0057542 0.999982 2.17984
0.954445 -0.298354 -0.00441782 -86.4198 0.298373 0.954438 0.00459837 -10.9982 0.00284459 -0.00570705 0.99998 2.2128
0.952381 -0.304881 -0.00435998 -86.9161 0.3049 0.952372 0.00480755 -11.1694 0.00268659 -0.00590797 0.999979 2.21648
0.9501 -0.311925 -0.00373915 -87.4188 0.311942 0.950082 0.00598328 -11.3241 0.00168617 -0.00685111 0.999975 2.21241
0.947817 -0.318743 -0.00676517 -87.9256 0.318793 0.947786 0.00848083 -11.4759 0.00370873 -0.010195 0.999941 2.19771
0.94565 -0.324997 -0.0110528 -88.4274 0.325087 0.945654 0.00750976 -11.6794 0.00801147 -0.0106947 0.999911 2.28999
0.943314 -0.331759 -0.00968957 -88.8952 0.331758 0.943363 -0.00176337 -11.8656 0.00972579 -0.00155118 0.999952 2.29787
0.940999 -0.338311 -0.00817806 -89.376 0.338302 0.941034 -0.00253102 -12.0601 0.00855211 -0.000384971 0.999963 2.27835
0.9378 -0.347146 -0.0045748 -89.8517 0.347154 0.937808 0.000971497 -12.226 0.00395303 -0.00249923 0.999989 2.2531
0.934666 -0.355497 -0.00456942 -90.3424 0.355522 0.934644 0.00667244 -12.4123 0.00189875 -0.00786103 0.999967 2.26856
