1 0 0 0 0 1 0 0 -0 0 1 0
0.999999 -0.0010654 -9.79564e-05 -0.00859722 0.00106538 0.999999 -0.000184373 0.00709561 9.81528e-05 0.000184269 1 0.0196041
1 -0.000967299 7.34458e-06 -0.0148599 0.0009673 1 -0.000212435 0.0096024 -7.13909e-06 0.000212442 1 0.0192227
0.999999 -0.00102047 -1.874e-05 -0.00934866 0.00102047 0.999999 -0.000178172 0.00948029 1.89218e-05 0.000178153 1 0.0209044
0.999999 -0.00102988 -3.08274e-05 -0.00928023 0.00102988 0.999999 -0.000189425 0.00700441 3.10225e-05 0.000189393 1 0.0215726
1 -0.000966924 0.000103376 -0.0185622 0.000966944 1 -0.000188544 0.0121565 -0.000103194 0.000188644 1 0.0177216
0.999999 -0.00104686 1.32908e-05 -0.0134937 0.00104686 0.999999 -0.000251958 0.0111432 -1.3027e-05 0.000251971 1 0.0205319
0.999999 -0.00105912 -0.000106719 -0.0107302 0.00105911 0.999999 -0.000143035 0.0107771 0.00010687 0.000142922 1 0.0218221
0.999999 -0.00103408 -3.75172e-05 -0.020984 0.00103407 0.999999 -0.000213873 0.0113852 3.77384e-05 0.000213834 1 0.0199096
1 -0.000973636 -0.000116126 -0.0149977 0.000973624 1 -0.000101162 0.00779051 0.000116225 0.000101049 1 0.0211771
0.999999 -0.00102122 -7.11318e-05 -0.0165381 0.00102121 0.999999 -0.0001557 0.0141723 7.12907e-05 0.000155627 1 0.0225281
1 -0.000978932 -5.97341e-05 -0.0136239 0.000978922 1 -0.000165783 0.0133178 5.98964e-05 0.000165725 1 0.0210469
0.999999 -0.00108143 5.89724e-06 -0.0154706 0.00108143 0.999999 -0.000165177 0.0124959 -5.71861e-06 0.000165183 1 0.0196322
1 -0.000881731 5.07325e-05 -0.0149625 0.00088174 1 -0.000170124 0.00829594 -5.05825e-05 0.000170169 1 0.0165022
0.999999 -0.00108903 1.41589e-05 -0.0127567 0.00108903 0.999999 -0.000118681 0.00935604 -1.40296e-05 0.000118696 1 0.0175531
1 -0.000920337 4.57147e-06 -0.0207634 0.000920338 1 -0.000144517 0.0101884 -4.43846e-06 0.000144521 1 0.0195829
1 -0.000983423 -5.13224e-06 -0.00903297 0.000983422 1 -0.000151007 0.0101021 5.28074e-06 0.000151002 1 0.0177603
0.999999 -0.00100826 -3.13536e-05 -0.0141962 0.00100825 0.999999 -0.00015005 0.00937705 3.15049e-05 0.000150018 1 0.0183648
1 -0.000884361 9.29383e-06 -0.0169808 0.000884363 1 -0.000211962 0.0053622 -9.10637e-06 0.00021197 1 0.0169349
1 -0.000911857 -9.5201e-06 -0.0143481 0.000911855 1 -0.000194638 0.00993967 9.69758e-06 0.000194629 1 0.0180184
1 -0.000883951 3.22551e-06 -0.0195137 0.000883951 1 -0.000200336 0.00738459 -3.04842e-06 0.000200339 1 0.0174131
1 -0.00097071 -0.000101257 -0.0181661 0.000970692 1 -0.000177475 0.00518796 0.000101429 0.000177377 1 0.0212425
1 -0.000898216 -5.13727e-05 -0.0145499 0.000898208 1 -0.000165941 0.0127494 5.15217e-05 0.000165895 1 0.0190632
1 -0.000914752 1.14604e-05 -0.010381 0.000914754 1 -0.000160677 0.0078194 -1.13135e-05 0.000160687 1 0.0195202
0.999999 -0.00100428 -1.88342e-05 -0.0186042 0.00100428 0.999999 -0.000188487 0.00982898 1.90234e-05 0.000188467 1 0.0207997
1 -0.000891086 -7.79946e-05 -0.00775937 0.000891073 1 -0.000177748 0.0100449 7.81529e-05 0.000177679 1 0.0199631
1 -0.000905906 3.6591e-05 -0.0129679 0.000905913 1 -0.000180814 0.00696998 -3.64272e-05 0.000180847 1 0.019886
1 -0.000874184 -3.6306e-05 -0.0178367 0.00087418 1 -0.000114074 0.00971821 3.64057e-05 0.000114042 1 0.0204961
0.999999 -0.00102739 -2.0688e-06 -0.0181744 0.00102739 0.999999 -0.000150344 0.0114854 2.22326e-06 0.000150342 1 0.0188742
0.999999 -0.00101741 1.46786e-05 -0.0200264 0.00101741 0.999999 -0.000169103 0.00629541 -1.45066e-05 0.000169118 1 0.0196315
1 -0.000946514 -2.62998e-05 -0.00695061 0.00094651 1 -0.000156166 0.00742852 2.64476e-05 0.000156141 1 0.0186383
1 -0.000979051 -2.65607e-05 -0.0154688 0.000979048 1 -0.000135394 0.00628364 2.66932e-05 0.000135368 1 0.0153744
0.999999 -0.00102611 -2.42983e-05 -0.0145439 0.00102611 0.999999 -0.0001785 0.0128004 2.44815e-05 0.000178474 1 0.0175861
1 -0.000950929 3.70725e-05 -0.0152502 0.000950936 1 -0.000188544 0.0101046 -3.68931e-05 0.000188579 1 0.0194484
0.999999 -0.00102581 0.000122336 -0.0143909 0.00102583 0.999999 -0.000198053 0.00799786 -0.000122133 0.000198179 1 0.0186217
1 -0.000863718 -0.000214565 -0.0135434 0.000863703 1 -7.02105e-05 0.00590639 0.000214626 7.00251e-05 1 0.0177969
1 -0.000911275 -0.00013245 -0.0098397 0.000911256 1 -0.000149245 0.0117002 0.000132586 0.000149124 1 0.0187618
1 -0.000977908 -0.000103976 -0.0179536 0.000977891 1 -0.00016106 0.00908889 0.000104134 0.000160958 1 0.0190412
1 -0.000963433 -1.82652e-05 -0.0188418 0.00096343 1 -0.000121701 0.00769395 1.83825e-05 0.000121683 1 0.0192846
1 -0.000949948 -9.14551e-05 -0.0192429 0.000949937 1 -0.000116885 0.0114778 9.1566e-05 0.000116798 1 0.0206163
1 -0.000954964 8.77567e-05 -0.0155289 0.000954985 1 -0.000232049 0.0100765 -8.7535e-05 0.000232133 1 0.0189571
1 -0.000982511 5.03583e-05 -0.0118255 0.000982519 1 -0.000165255 0.00868706 -5.01959e-05 0.000165305 1 0.0172855
0.999999 -0.00109862 -6.69491e-06 -0.00639296 0.00109862 0.999999 -0.000169532 0.0136131 6.88116e-06 0.000169524 1 0.0195637
0.999999 -0.00100977 6.26091e-06 -0.00664375 0.00100977 0.999999 -0.000137195 0.0131501 -6.12237e-06 0.000137201 1 0.0167252
0.999999 -0.00121441 0.000195752 0.0179132 0.00121446 0.999999 -0.000240456 0.0248065 -0.00019546 0.000240694 1 0.0205512
0.999999 -0.00134879 0.000403222 0.0262601 0.00134891 0.999999 -0.00030046 0.0284317 -0.000402816 0.000301004 1 0.0202742
0.999999 -0.00142448 0.000369465 0.0114523 0.00142458 0.999999 -0.000279641 0.0283511 -0.000369066 0.000280167 1 0.0259243
0.999999 -0.00159011 0.000307434 0.0104897 0.00159022 0.999999 -0.00034014 0.0319243 -0.000306893 0.000340628 1 0.0265111
0.999999 -0.00150558 0.000205302 0.00360817 0.00150562 0.999999 -0.000179158 0.0252421 -0.000205032 0.000179467 1 0.0228446
0.999999 -0.00134011 3.56663e-05 -0.0225282 0.00134012 0.999999 -9.92646e-05 0.0262946 -3.55333e-05 9.93124e-05 1 0.0213668
0.999999 -0.00132134 0.000271753 -0.0380979 0.00132139 0.999999 -0.000202169 0.0151426 -0.000271486 0.000202528 1 0.0220312
0.999999 -0.00125188 0.000302581 -0.0624804 0.00125192 0.999999 -0.000110709 0.0208804 -0.000302442 0.000111088 1 0.0226506
0.999999 -0.00138383 0.000199148 -0.0918736 0.00138386 0.999999 -0.000135074 0.0263256 -0.000198961 0.000135349 1 0.0302902
0.999999 -0.00151059 0.000482005 -0.111373 0.0015107 0.999999 -0.000214185 0.0205577 -0.00048168 0.000214912 1 0.0242091
0.999998 -0.00173702 0.00082123 -0.165869 0.0017373 0.999998 -0.000339444 0.0255195 -0.000820639 0.00034087 1 0.0269639
0.999998 -0.00168561 0.00112854 -0.197691 0.00168626 0.999998 -0.000579628 0.0234775 -0.00112756 0.00058153 0.999999 0.0356912
0.999997 -0.00186384 0.00139429 -0.247294 0.00186475 0.999998 -0.000647565 0.0303254 -0.00139308 0.000650163 0.999999 0.0360939
0.999997 -0.00180656 0.00136744 -0.318698 0.0018074 0.999998 -0.000615612 0.0205484 -0.00136633 0.000618082 0.999999 0.0394395
0.999998 -0.00175727 0.00133018 -0.368545 0.00175797 0.999998 -0.000527406 0.0210137 -0.00132925 0.000529744 0.999999 0.0330712
0.999998 -0.00134426 0.00142914 -0.465889 0.00134504 0.999999 -0.000541337 0.0177012 -0.00142841 0.000543258 0.999999 0.0449103
0.999998 -0.000791073 0.00197605 -0.548473 0.000792266 1 -0.000603335 0.00789428 -0.00197557 0.000604899 0.999998 0.0379991
0.999998 -0.00104577 0.00176908 -0.640665 0.0010468 0.999999 -0.000581974 0.0135982 -0.00176847 0.000583825 0.999998 0.0418297
0.999998 -0.00101575 0.00170554 -0.742104 0.00101683 0.999999 -0.000632932 0.0174552 -0.0017049 0.000634665 0.999998 0.0478868
0.999997 -0.0011642 0.00231188 -0.836066 0.00116587 0.999999 -0.000719475 0.0229193 -0.00231105 0.000722168 0.999997 0.0397647
0.999997 -0.00114214 0.00225323 -0.939295 0.00114368 0.999999 -0.000680384 0.0233181 -0.00225246 0.000682958 0.999997 0.0499171
0.999996 -0.00131391 0.00243527 -1.02407 0.00131544 0.999999 -0.000628301 0.0184025 -0.00243444 0.000631502 0.999997 0.0494711
0.999995 -0.0015225 0.00287466 -1.16538 0.00152471 0.999999 -0.000765573 0.0236248 -0.00287349 0.000769952 0.999996 0.0568203
0.999995 -0.00107413 0.00280418 -1.27983 0.00107641 0.999999 -0.00081041 0.020177 -0.00280331 0.000813425 0.999996 0.063291
0.999991 -0.000776375 0.00420626 -1.42929 0.000782049 0.999999 -0.00134746 0.0155595 -0.00420521 0.00135074 0.99999 0.0646557
0.999992 -0.00104885 0.0037583 -1.55838 0.00105315 0.999999 -0.00114259 0.023 -0.0037571 0.00114654 0.999992 0.0703815
0.999992 -0.00082218 0.0040181 -1.72369 0.000826066 0.999999 -0.000965589 0.0230534 -0.0040173 0.0009689 0.999991 0.0730962
0.999991 -0.00150059 0.00406043 -1.88209 0.00150311 0.999999 -0.000617588 0.0297819 -0.0040595 0.000623685 0.999992 0.0685622
0.999993 -0.00103839 0.00351106 -2.05473 0.00104106 0.999999 -0.000758292 0.0274814 -0.00351027 0.000761942 0.999994 0.0879128
0.999995 -0.00098311 0.00314005 -2.24899 0.000984806 0.999999 -0.000538621 0.0292172 -0.00313952 0.000541711 0.999995 0.0838982
0.999993 -0.00147525 0.00333112 -2.41258 0.00147698 0.999999 -0.000516421 0.0290997 -0.00333035 0.000521338 0.999994 0.0802865
0.999991 -0.00130994 0.00415115 -2.607 0.00131339 0.999999 -0.000830667 0.0339831 -0.00415006 0.000836111 0.999991 0.0905437
0.999986 -0.000754566 0.00520879 -2.82678 0.000759642 0.999999 -0.000972551 0.0352432 -0.00520805 0.000976495 0.999986 0.0974361
0.999989 -0.00102629 0.00465031 -3.00553 0.0010299 0.999999 -0.0007728 0.0426433 -0.00464952 0.000777581 0.999989 0.106147
0.999987 -0.00123499 0.00501396 -3.23702 0.00123903 0.999999 -0.000802924 0.0300017 -0.00501296 0.000809126 0.999987 0.119333
0.999985 -0.000435844 0.00537922 -3.45131 0.000441652 0.999999 -0.00107868 0.0253568 -0.00537875 0.00108104 0.999985 0.123106
0.99998 -0.000384351 0.00627764 -3.65391 0.000392085 0.999999 -0.00123087 0.0305905 -0.00627717 0.00123331 0.99998 0.117064
0.99998 -0.000540134 0.00630963 -3.92092 0.000547204 0.999999 -0.00111885 0.0383528 -0.00630902 0.00112228 0.999979 0.121116
0.999985 -0.000278667 0.00542608 -4.1808 0.000283553 1 -0.000899711 0.0369473 -0.00542583 0.000901237 0.999985 0.130073
0.999987 -0.000668093 0.00513044 -4.42318 0.00067145 1 -0.000652571 0.0378169 -0.00513 0.000656007 0.999987 0.132676
0.999992 -0.00120541 0.0039342 -4.66321 0.0012066 0.999999 -0.000299745 0.0498796 -0.00393383 0.00030449 0.999992 0.13506
0.999994 -0.000804086 0.00351312 -4.94194 0.000804834 1 -0.000211754 0.0422037 -0.00351295 0.00021458 0.999994 0.139298
0.999996 -0.0010663 0.00277872 -5.20573 0.00106694 0.999999 -0.000228639 0.0463208 -0.00277847 0.000231602 0.999996 0.154802
0.999996 -0.00110987 0.0025695 -5.50951 0.00110996 0.999999 -3.39505e-05 0.0349624 -0.00256946 3.68024e-05 0.999997 0.154479
0.999997 -0.00131192 0.00223084 -5.78783 0.00131218 0.999999 -0.000112953 0.0402556 -0.00223069 0.00011588 0.999998 0.164534
0.999997 -0.00125758 0.00229785 -6.07279 0.00125758 0.999999 1.86369e-06 0.0341926 -0.00229785 1.02605e-06 0.999997 0.157192
0.999998 -0.00116693 0.00179328 -6.38628 0.00116663 0.999999 0.000165409 0.0362034 -0.00179347 -0.000163317 0.999998 0.163436
0.999996 -0.00221316 0.00201202 -6.71029 0.00221297 0.999998 0.000100094 0.0289556 -0.00201224 -9.56409e-05 0.999998 0.184886
0.999994 -0.00220158 0.00269842 -7.02097 0.00220119 0.999998 0.000145711 0.0223308 -0.00269874 -0.00013977 0.999996 0.188272
0.999992 -0.00255057 0.00303396 -7.28359 0.00254992 0.999997 0.000219912 0.0282796 -0.00303451 -0.000212174 0.999995 0.195945
0.999989 -0.00334521 0.00321379 -7.63116 0.00334514 0.999994 2.61487e-05 0.0316317 -0.00321386 -1.53978e-05 0.999995 0.217998
0.999989 -0.00329047 0.00343554 -7.98496 0.00329076 0.999995 -7.86884e-05 0.0274817 -0.00343526 8.9993e-05 0.999994 0.234967
0.999988 -0.00347122 0.00334366 -8.30547 0.00347141 0.999994 -5.12919e-05 0.0265943 -0.00334347 6.28985e-05 0.999994 0.228909
0.999987 -0.00382606 0.00324331 -8.66288 0.00382652 0.999993 -0.000138265 0.0221358 -0.00324276 0.000150673 0.999995 0.246204
0.999987 -0.00404613 0.00305183 -9.0062 0.00404709 0.999992 -0.000308207 0.0260642 -0.00305056 0.000320555 0.999995 0.256607
0.999988 -0.00399899 0.00268004 -9.37939 0.00399888 0.999992 4.6994e-05 0.0154573 -0.00268021 -3.62763e-05 0.999996 0.2566
0.999985 -0.00449319 0.00299822 -9.74142 0.00449288 0.99999 0.000111397 0.0169943 -0.00299869 -9.7925e-05 0.999995 0.262432
0.999985 -0.00503064 0.00195816 -10.1149 0.00502992 0.999987 0.000374511 0.0270021 -0.00196002 -0.000364657 0.999998 0.270513
0.999983 -0.00538079 0.00204204 -10.4854 0.00537963 0.999985 0.000573063 0.032412 -0.0020451 -0.000562068 0.999998 0.286609
0.999979 -0.00583443 0.00296764 -10.8722 0.0058347 0.999983 -8.04677e-05 0.0127049 -0.00296712 9.77812e-05 0.999996 0.303054
0.999977 -0.00561748 0.0037825 -11.2276 0.00561812 0.999984 -0.000157597 0.00478056 -0.00378156 0.000178844 0.999993 0.296811
0.999969 -0.00609906 0.00495831 -11.6352 0.00610047 0.999981 -0.000269543 0.00610165 -0.00495657 0.000299783 0.999988 0.29221
0.99996 -0.00658419 0.00604366 -12.0113 0.00658639 0.999978 -0.000343661 -0.00180185 -0.00604126 0.000383453 0.999982 0.298482
0.999953 -0.00708415 0.00666036 -12.4238 0.00708648 0.999975 -0.000326949 -0.00193543 -0.00665787 0.000374132 0.999978 0.314262
0.999939 -0.00766247 0.00794778 -12.8478 0.00766499 0.999971 -0.000286241 -0.00793818 -0.00794535 0.000347143 0.999968 0.32894
0.99993 -0.00784597 0.00890579 -13.2097 0.00785214 0.999969 -0.000657938 -0.0177582 -0.00890035 0.000727821 0.99996 0.347314
0.999932 -0.00761403 0.00883462 -13.6395 0.00761971 0.999971 -0.000610198 -0.0188078 -0.00882971 0.000677474 0.999961 0.362389
0.999926 -0.00800455 0.00916582 -14.0616 0.00801115 0.999968 -0.00068432 -0.0194208 -0.00916004 0.000757698 0.999958 0.355312
0.999932 -0.0085323 0.00801024 -14.4776 0.00854228 0.999963 -0.0012119 -0.00561843 -0.0079996 0.00128024 0.999967 0.384707
0.999939 -0.00824755 0.00740334 -14.9028 0.00825661 0.999965 -0.00119328 -0.0186133 -0.00739324 0.00125434 0.999972 0.38896
0.99995 -0.00814542 0.0057405 -15.3088 0.00815073 0.999966 -0.000902269 -0.0244964 -0.00573296 0.000949013 0.999983 0.380086
0.999954 -0.00881307 0.00375195 -15.7383 0.00881859 0.99996 -0.00145679 -0.0104281 -0.00373897 0.00148981 0.999992 0.407359
0.999959 -0.00870708 0.00236382 -16.188 0.00871275 0.999959 -0.002398 -0.0205683 -0.00234284 0.0024185 0.999994 0.428551
0.999962 -0.00843666 0.00204203 -16.6225 0.00844332 0.999959 -0.00327559 -0.0271761 -0.00201431 0.00329271 0.999993 0.453061
0.99995 -0.00938515 0.00340328 -17.08 0.00939736 0.999949 -0.00358875 -0.0180571 -0.00336943 0.00362055 0.999988 0.460544
0.999941 -0.00929164 0.00568644 -17.5233 0.00930931 0.999952 -0.00308975 -0.0336971 -0.00565746 0.00314251 0.999979 0.472249
0.999929 -0.00882756 0.0079496 -17.9806 0.00884463 0.999959 -0.00211561 -0.0378661 -0.00793059 0.00218577 0.999966 0.485562
0.999924 -0.00891565 0.00852869 -18.4456 0.00893162 0.999958 -0.00183622 -0.0375798 -0.00851196 0.00191225 0.999962 0.494326
0.999937 -0.00901103 0.00669219 -18.9068 0.00903488 0.999953 -0.00354171 -0.0470468 -0.00665996 0.00360195 0.999971 0.533548
0.999944 -0.00919221 0.00528005 -19.3798 0.00924116 0.999914 -0.00932226 -0.0482546 -0.00519391 0.00937053 0.999943 0.533581
0.999949 -0.00880599 0.00495617 -19.8547 0.00886435 0.99989 -0.011878 -0.0680146 -0.00485103 0.0119213 0.999917 0.526904
0.999951 -0.00889972 0.00425701 -20.3206 0.00894741 0.999896 -0.0113181 -0.067008 -0.00415584 0.0113556 0.999927 0.521503
0.999941 -0.0104602 0.00304575 -20.794 0.0104778 0.999928 -0.00582258 -0.0455354 -0.00298463 0.00585415 0.999978 0.552224
0.999944 -0.0100843 0.00312386 -21.2953 0.0100963 0.999942 -0.00384964 -0.0539783 -0.00308485 0.00388096 0.999988 0.562965
0.999949 -0.00949422 0.00336218 -21.7326 0.00950723 0.999947 -0.00387487 -0.0585892 -0.00332521 0.00390664 0.999987 0.58907
0.999954 -0.00895475 0.00339422 -22.2209 0.0089711 0.999948 -0.00483276 -0.0746567 -0.00335076 0.00486299 0.999983 0.60802
0.999954 -0.00925288 0.00242807 -22.7195 0.00927711 0.999905 -0.0101647 -0.0795064 -0.00233379 0.0101867 0.999945 0.598654
0.999948 -0.0101677 5.06988e-05 -23.1806 0.0101678 0.999914 -0.00831859 -0.0860716 3.38866e-05 0.00831867 0.999965 0.598583
0.99994 -0.0108769 -0.000840114 -23.6891 0.0108736 0.999934 -0.00380416 -0.0722054 0.000881436 0.0037948 0.999992 0.573291
0.999905 -0.0122676 -0.00630628 -24.1777 0.0123013 0.99991 0.00533208 -0.0713278 0.0062403 -0.00540915 0.999966 0.623569
0.999861 -0.0147726 -0.00778636 -24.6596 0.0148107 0.999879 0.00485797 -0.0833368 0.00771365 -0.00497261 0.999958 0.693646
0.999834 -0.0171982 -0.00596587 -25.1407 0.0172013 0.999852 0.000473566 -0.107152 0.00595684 -0.000576108 0.999982 0.731742
0.999787 -0.0203417 -0.00357862 -25.6066 0.0203213 0.999778 -0.00565614 -0.140535 0.00369288 0.00558221 0.999978 0.689723
0.999694 -0.0245577 -0.00283568 -26.1055 0.0245409 0.999682 -0.00584507 -0.151744 0.00297832 0.0057737 0.999979 0.686518
0.999541 -0.030304 -0.000579637 -26.6127 0.0303035 0.99954 -0.000814173 -0.151176 0.000604044 0.000796234 1 0.680209
0.999379 -0.0350508 0.00351987 -27.1002 0.0350384 0.99938 0.00353615 -0.17204 -0.00364163 -0.00341062 0.999988 0.733038
0.999273 -0.0379859 0.00317315 -27.5829 0.0379814 0.999277 0.00148939 -0.202366 -0.00322744 -0.00136779 0.999994 0.783823
0.999061 -0.0431336 0.00411782 -28.0778 0.0431555 0.999054 -0.00538031 -0.248058 -0.00388185 0.00555296 0.999977 0.797262
0.998771 -0.0490902 0.00682667 -28.5957 0.0491508 0.998751 -0.00902579 -0.281957 -0.00637507 0.00935024 0.999936 0.760062
0.998456 -0.054948 0.00815709 -29.0705 0.0550217 0.998444 -0.00910828 -0.313971 -0.00764391 0.00954303 0.999925 0.779745
0.998143 -0.0604397 0.00759419 -29.5559 0.0604873 0.99815 -0.00620358 -0.348438 -0.00720519 0.00665142 0.999952 0.791633
0.997818 -0.0657535 0.00594757 -30.0508 0.0657839 0.997821 -0.0050571 -0.380518 -0.00560209 0.00543732 0.99997 0.808871
0.997469 -0.0710755 0.00177914 -30.5405 0.0710852 0.997452 -0.00610392 -0.42233 -0.00134077 0.00621494 0.99998 0.840718
0.997155 -0.0753666 0.00129251 -31.0239 0.0753757 0.997107 -0.00985232 -0.481588 -0.000546237 0.00992171 0.999951 0.85626
0.996774 -0.0802433 0.00168876 -31.5154 0.0802582 0.996696 -0.0125122 -0.524373 -0.000679152 0.0126074 0.99992 0.852017
0.99638 -0.0849764 0.00239784 -32.0299 0.0850021 0.996279 -0.0142644 -0.578551 -0.00117678 0.0144165 0.999895 0.876833
0.995965 -0.0896759 0.00332174 -32.5127 0.0897151 0.995861 -0.0145785 -0.622827 -0.00200064 0.0148177 0.999888 0.869052
0.995502 -0.0946276 0.00453765 -33.0163 0.0946808 0.995417 -0.0134451 -0.672259 -0.00324458 0.0138143 0.999899 0.875696
0.995001 -0.0997369 0.004995 -33.5086 0.099775 0.994977 -0.00806338 -0.731486 -0.0041657 0.00852145 0.999955 0.889894
0.994565 -0.103976 0.00537725 -33.9961 0.104009 0.994556 -0.00639588 -0.772671 -0.00468296 0.0069204 0.999965 0.912006
0.994129 -0.108014 0.00633685 -34.497 0.108049 0.99413 -0.00559435 -0.833167 -0.00569538 0.0062462 0.999964 0.939207
0.993808 -0.110864 0.00740067 -34.9535 0.110921 0.993798 -0.00789029 -0.910095 -0.00648002 0.00866233 0.999941 0.977112
0.993384 -0.114442 0.00953562 -35.5041 0.114556 0.993339 -0.0124096 -0.964299 -0.00805192 0.0134198 0.999878 0.969327
0.993058 -0.117105 0.0110648 -35.9941 0.117242 0.993022 -0.0127043 -1.03065 -0.0094999 0.0139134 0.999858 0.975426
0.992759 -0.119566 0.0115212 -36.503 0.119696 0.992745 -0.0114081 -1.08353 -0.0100736 0.0127046 0.999869 0.976109
0.992589 -0.121023 0.0109563 -37.0206 0.121109 0.99261 -0.00762331 -1.15751 -0.00995279 0.00889373 0.999911 1.01241
0.992509 -0.121716 0.0105279 -37.5295 0.121795 0.992529 -0.00720381 -1.21519 -0.00957243 0.0084321 0.999919 1.02538
0.992466 -0.122185 0.00907907 -38.031 0.122248 0.992476 -0.00679787 -1.27801 -0.00818017 0.00785655 0.999936 1.03661
0.992544 -0.121698 0.00676824 -38.547 0.121749 0.992531 -0.00768267 -1.33611 -0.00578272 0.00844942 0.999948 1.05279
0.992558 -0.121624 0.00606333 -39.0486 0.121668 0.992543 -0.00750013 -1.394 -0.00510592 0.00818203 0.999953 1.06168
0.992589 -0.121443 0.00424847 -39.5458 0.121456 0.992593 -0.00288838 -1.45957 -0.00386623 0.00338298 0.999987 1.06749
0.992652 -0.121 0.000451269 -40.0891 0.121 0.992652 -0.00120022 -1.4991 -0.000302725 0.00124601 0.999999 1.10458
0.992709 -0.120535 0.000427606 -40.6129 0.120535 0.992709 0.000152509 -1.55251 -0.000442871 -9.98558e-05 1 1.11587
0.992745 -0.120235 0.00113166 -41.1306 0.120234 0.992745 0.000831067 -1.61619 -0.00122338 -0.000688973 0.999999 1.13548
0.992884 -0.119083 0.00122792 -41.6334 0.119082 0.992884 0.00101512 -1.6655 -0.00134007 -0.000861672 0.999999 1.16086
0.99291 -0.118837 0.0026025 -42.2086 0.118821 0.9929 0.00551339 -1.72731 -0.00323922 -0.00516507 0.999981 1.14334
0.992962 -0.118388 0.00314765 -42.7141 0.11836 0.99294 0.00780484 -1.77691 -0.00404943 -0.00737736 0.999965 1.17197
0.993103 -0.117193 0.00335926 -43.2669 0.117154 0.993062 0.0100888 -1.84081 -0.00451829 -0.00962565 0.999943 1.18552
0.99327 -0.115779 0.00324571 -43.7979 0.115751 0.993248 0.00781091 -1.88694 -0.00412813 -0.00738264 0.999964 1.20401
0.993426 -0.114438 0.00293739 -44.3289 0.114419 0.993415 0.00587754 -1.95678 -0.00359066 -0.00550281 0.999978 1.24015
0.993438 -0.114357 0.00180008 -44.8555 0.114349 0.993433 0.00400471 -2.02902 -0.00224622 -0.0037726 0.99999 1.25974
0.993482 -0.113949 0.00314664 -45.412 0.113933 0.993477 0.0047741 -2.08173 -0.00367011 -0.00438447 0.999984 1.2455
0.99346 -0.114125 0.00350168 -45.9625 0.114101 0.993449 0.00636232 -2.14464 -0.00420484 -0.00592116 0.999974 1.24912
0.993352 -0.115063 0.00359234 -46.5198 0.115025 0.993318 0.00937572 -2.20447 -0.00464714 -0.00890018 0.99995 1.27395
0.993253 -0.115942 0.00222771 -47.0669 0.115919 0.993219 0.008873 -2.27626 -0.00324136 -0.0085549 0.999958 1.31143
0.993231 -0.116143 0.00171208 -47.6291 0.116124 0.993195 0.00883654 -2.33631 -0.00272674 -0.00857792 0.999959 1.31181
0.993067 -0.117527 0.00221277 -48.1774 0.117513 0.993055 0.00570283 -2.39901 -0.00286764 -0.00540327 0.999981 1.34682
0.992907 -0.118854 0.00316564 -48.741 0.118844 0.992908 0.00302083 -2.46969 -0.00350223 -0.00262318 0.99999 1.37671
0.992704 -0.120538 0.00299107 -49.3141 0.120532 0.992707 0.00212962 -2.54767 -0.00322596 -0.00175356 0.999993 1.37541
0.992473 -0.122413 0.00339864 -49.8904 0.122394 0.992468 0.00518176 -2.61377 -0.00400735 -0.00472679 0.999981 1.34476
0.992192 -0.124712 0.00127994 -50.4655 0.124694 0.992148 0.00969283 -2.67909 -0.00247869 -0.00945755 0.999952 1.35756
0.991928 -0.126798 -0.000990345 -51.0364 0.126801 0.991873 0.0104513 -2.72899 -0.000342903 -0.0104925 0.999945 1.40531
0.991648 -0.128971 -0.000833406 -51.5861 0.128974 0.991625 0.00671549 -2.82727 -3.9676e-05 -0.00676689 0.999977 1.44307
0.991333 -0.13137 0.000766982 -52.1931 0.131368 0.991331 0.00225843 -2.9146 -0.00105702 -0.0021381 0.999997 1.46133
0.990971 -0.134003 0.00439362 -52.7946 0.134001 0.990981 0.000801123 -3.01015 -0.00446135 -0.00020514 0.99999 1.46274
0.990368 -0.138329 0.00607338 -53.3593 0.138318 0.990386 0.00207817 -3.06701 -0.00630245 -0.00121809 0.999979 1.46836
0.989885 -0.141763 0.00559094 -53.9389 0.141751 0.989899 0.00252819 -3.15662 -0.00589287 -0.0017101 0.999981 1.50546
0.989503 -0.144436 0.0046802 -54.5491 0.144435 0.989514 0.000521075 -3.26595 -0.00470639 0.000160381 0.999989 1.52811
0.989012 -0.147803 0.00297624 -55.1472 0.147813 0.989008 -0.00381649 -3.35177 -0.00237944 0.00421448 0.999988 1.55871
0.988495 -0.151232 0.00236352 -55.7357 0.151244 0.988479 -0.00595527 -3.45085 -0.00143566 0.00624422 0.999979 1.57012
0.987999 -0.154456 0.00154903 -56.3464 0.154463 0.987975 -0.00686411 -3.55307 -0.000470201 0.007021 0.999975 1.57272
0.98752 -0.157484 0.00156998 -56.948 0.157491 0.987502 -0.0060157 -3.64279 -0.000602983 0.00618788 0.999981 1.58147
0.987096 -0.160099 0.00307514 -57.576 0.160114 0.987082 -0.00572927 -3.754 -0.00211817 0.00614771 0.999979 1.59466
0.98658 -0.163244 0.00349608 -58.1529 0.163263 0.986563 -0.00622371 -3.8424 -0.00243312 0.00671097 0.999975 1.63391
0.986098 -0.166071 0.00550286 -58.7558 0.166108 0.986082 -0.00714193 -3.94917 -0.0042402 0.00795671 0.999959 1.6533
0.985531 -0.169368 0.00655938 -59.3885 0.169413 0.98552 -0.00702754 -4.0519 -0.00527416 0.0080371 0.999954 1.6599
0.98505 -0.172127 0.006994 -59.9852 0.172168 0.985051 -0.00566099 -4.16996 -0.00591503 0.0067805 0.99996 1.66762
0.984573 -0.174875 0.00591864 -60.597 0.174904 0.984574 -0.00476197 -4.28698 -0.00499458 0.0057237 0.999971 1.68346
0.984052 -0.177805 0.00519664 -61.2288 0.177826 0.984053 -0.00408576 -4.39886 -0.0043873 0.0049447 0.999978 1.70187
0.983504 -0.180804 0.00544825 -61.8201 0.180823 0.983511 -0.00307816 -4.50655 -0.00480187 0.00401255 0.99998 1.72426
0.983027 -0.183351 0.00632357 -62.4386 0.183374 0.983038 -0.00331508 -4.61876 -0.00560848 0.00441839 0.999975 1.73992
0.982482 -0.186243 0.00648483 -63.0233 0.186265 0.982495 -0.00310165 -4.7486 -0.00579365 0.00425521 0.999974 1.76254
0.982006 -0.188684 0.00792812 -63.6276 0.188705 0.982032 -0.00207921 -4.85724 -0.00739335 0.00353788 0.999966 1.78392
0.981489 -0.191376 0.00741543 -64.2293 0.191388 0.981514 -0.00101287 -4.98305 -0.00708451 0.00241334 0.999972 1.81947
0.980968 -0.194017 0.00764077 -64.845 0.194028 0.980996 -0.000701499 -5.08824 -0.00735946 0.00217067 0.999971 1.82588
0.980488 -0.196462 0.00671453 -65.4348 0.196475 0.980508 -0.00117852 -5.21232 -0.00635212 0.00247476 0.999977 1.87181
0.980151 -0.198121 0.00720104 -66.0303 0.198134 0.980174 -0.00110748 -5.33075 -0.00683886 0.00251227 0.999973 1.86108
0.980041 -0.198668 0.00707704 -66.6027 0.198685 0.980062 -0.00182026 -5.43747 -0.0065743 0.00319003 0.999973 1.89893
0.979955 -0.199068 0.00773549 -67.2134 0.199088 0.97998 -0.00187588 -5.5692 -0.00720719 0.00337832 0.999968 1.91418
0.980026 -0.198692 0.00844318 -67.7827 0.198705 0.980059 -0.000792977 -5.6771 -0.00811726 0.00245484 0.999964 1.92682
0.97998 -0.198929 0.00815793 -68.3861 0.19893 0.980013 0.000631675 -5.79538 -0.00812054 0.00100383 0.999967 1.96469
0.979926 -0.199162 0.00889048 -68.9675 0.199146 0.979966 0.00265512 -5.90559 -0.00924117 -0.000831321 0.999957 1.97822
0.98005 -0.198557 0.00874153 -69.5656 0.198537 0.980089 0.0030518 -6.01636 -0.00917343 -0.0012554 0.999957 1.99952
0.980152 -0.19811 0.00735008 -70.1481 0.198099 0.980179 0.00229963 -6.14791 -0.00765998 -0.000797946 0.99997 2.0176
0.980317 -0.197315 0.00675441 -70.7474 0.197316 0.98034 0.000545256 -6.2451 -0.0067292 0.000798227 0.999977 2.05946
0.980452 -0.196671 0.00581994 -71.3406 0.196673 0.980469 0.000197648 -6.37047 -0.00574514 0.000950843 0.999983 2.08165
0.980524 -0.196322 0.00557667 -71.9059 0.196321 0.980539 0.000797902 -6.49493 -0.00562479 0.000312455 0.999984 2.08921
0.980724 -0.195328 0.00514885 -72.4674 0.195324 0.980738 0.00117637 -6.60247 -0.00527945 -0.000147998 0.999986 2.12605
0.98098 -0.194015 0.00603595 -73.059 0.194012 0.980999 0.00106379 -6.70333 -0.00612765 0.000127489 0.999981 2.12521
0.981275 -0.192519 0.00606373 -73.6151 0.192522 0.981293 0.000103638 -6.81897 -0.00597024 0.0010657 0.999982 2.16285
0.981456 -0.191632 0.00460326 -74.1556 0.191641 0.981464 -0.0016866 -6.91746 -0.00419473 0.0025375 0.999988 2.16936
0.981634 -0.190743 0.0034767 -74.7063 0.190751 0.981636 -0.00209347 -7.01707 -0.00301353 0.00271821 0.999992 2.18997
0.981908 -0.189348 0.00175983 -75.2477 0.18935 0.981909 -0.000967512 -7.1221 -0.0015448 0.00128323 0.999998 2.20945
0.982225 -0.187706 0.00059767 -75.7897 0.187706 0.982225 0.000100914 -7.20832 -0.000605989 1.30661e-05 1 2.20151
0.982526 -0.186127 -0.00029219 -76.3038 0.186127 0.982526 0.000126885 -7.31629 0.000263467 -0.000179052 1 2.23453
0.982756 -0.184906 -5.3461e-05 -76.7944 0.184906 0.982756 0.000546762 -7.40535 -4.85605e-05 -0.000547219 1 2.23258
0.98296 -0.183816 -0.000536775 -77.2678 0.183816 0.98296 0.000569025 -7.49461 0.000423032 -0.000657997 1 2.27231
0.983184 -0.182615 -0.000529832 -77.7489 0.182616 0.983184 0.000752756 -7.57727 0.000383458 -0.000836854 1 2.26609
0.983334 -0.181805 -0.000952783 -78.2171 0.181807 0.98333 0.00292942 -7.66651 0.000404316 -0.00305382 0.999995 2.27241
0.983464 -0.181103 -0.00116027 -78.6654 0.181106 0.983452 0.0048419 -7.74337 0.000264187 -0.00497196 0.999988 2.28657
0.983614 -0.180279 -0.00142695 -79.1213 0.180284 0.983598 0.00564159 -7.82828 0.000386484 -0.00580641 0.999983 2.30875
0.983719 -0.179708 -0.00113404 -79.5487 0.179712 0.983699 0.00625626 -7.89157 -8.74952e-06 -0.00635821 0.99998 2.31016
0.983846 -0.179011 -0.00144394 -79.9805 0.179016 0.983829 0.00584605 -7.95312 0.000374084 -0.0060101 0.999982 2.32964
0.98402 -0.178046 -0.00196771 -80.3721 0.178055 0.984002 0.00606521 -8.03939 0.000856346 -0.00631865 0.99998 2.35407
0.98411 -0.177548 -0.00197891 -80.7417 0.177557 0.98409 0.00640009 -8.11971 0.000811104 -0.00664976 0.999978 2.36453
0.984252 -0.176758 -0.00216335 -81.1274 0.176769 0.984226 0.00716162 -8.18904 0.000863353 -0.00743125 0.999972 2.37728
0.984326 -0.176329 -0.00312323 -81.5004 0.176349 0.984293 0.00829314 -8.25893 0.00161185 -0.00871394 0.999961 2.39543
0.984426 -0.175759 -0.00387336 -81.8349 0.175789 0.98438 0.00968428 -8.31709 0.00211076 -0.0102143 0.999946 2.39689
0.984485 -0.175404 -0.0047698 -82.1537 0.175441 0.984449 0.00901486 -8.36896 0.00311438 -0.00971181 0.999948 2.4143
0.98449 -0.175373 -0.00482355 -82.4777 0.175411 0.984451 0.00929966 -8.4198 0.00311764 -0.0100015 0.999945 2.42596
0.98453 -0.175143 -0.00498529 -82.7692 0.175182 0.984495 0.00900889 -8.45651 0.00333015 -0.00974286 0.999947 2.431
0.984414 -0.175789 -0.00524636 -83.0587 0.175831 0.984379 0.00900036 -8.50844 0.00358224 -0.00978255 0.999946 2.42808
0.984388 -0.175938 -0.00511413 -83.3307 0.17598 0.98435 0.00933057 -8.57533 0.00339249 -0.0100849 0.999943 2.43725
0.984258 -0.17667 -0.00490543 -83.57 0.176709 0.984221 0.00913757 -8.61076 0.00321369 -0.00986056 0.999946 2.4561
0.98416 -0.177237 -0.00397078 -83.8103 0.177267 0.984119 0.00923805 -8.67097 0.00227039 -0.00979561 0.999949 2.46258
0.984146 -0.17732 -0.00367452 -84.0318 0.177347 0.984105 0.00927305 -8.70331 0.00197182 -0.00977771 0.99995 2.46255
0.984038 -0.177933 -0.00304177 -84.2508 0.177954 0.983992 0.00961402 -8.74181 0.00128243 -0.0100019 0.999949 2.45585
0.98389 -0.178761 -0.00223667 -84.4413 0.178775 0.983833 0.0106286 -8.77305 0.00030053 -0.0108572 0.999941 2.46644
0.983812 -0.179198 -0.00169682 -84.6305 0.179206 0.983753 0.0107501 -8.81025 -0.000257151 -0.0108802 0.999941 2.4854
0.983704 -0.17979 -0.00112407 -84.8066 0.179791 0.983641 0.011218 -8.85455 -0.000911207 -0.0112373 0.999936 2.4852
0.983672 -0.179966 -0.000960416 -84.9832 0.179964 0.983599 0.0121136 -8.8745 -0.00123536 -0.0120886 0.999926 2.4812
0.983588 -0.180425 -0.00080455 -85.1335 0.180421 0.983511 0.0124072 -8.8944 -0.00144729 -0.0123487 0.999923 2.49107
0.983475 -0.18104 0.000587255 -85.269 0.181019 0.983402 0.0123806 -8.92994 -0.00281889 -0.0120697 0.999923 2.5072
0.983418 -0.181342 0.00204647 -85.3958 0.181303 0.983349 0.0123968 -8.95999 -0.00426045 -0.0118202 0.999921 2.50706
0.983284 -0.182046 0.00345995 -85.5326 0.181987 0.983214 0.0130433 -8.98415 -0.00577637 -0.0121956 0.999909 2.50526
0.983193 -0.18253 0.00381723 -85.681 0.182465 0.983122 0.0133442 -9.00678 -0.00618852 -0.0124235 0.999904 2.51558
0.983151 -0.182766 0.00331769 -85.819 0.182708 0.983078 0.0132503 -9.02914 -0.00568326 -0.0124209 0.999907 2.53848
0.983061 -0.183237 0.00385383 -85.9515 0.183176 0.982999 0.0126418 -9.05019 -0.00610476 -0.0117218 0.999913 2.52779
0.982944 -0.183867 0.00377539 -86.11 0.18381 0.982886 0.0122197 -9.08933 -0.00595759 -0.0113174 0.999918 2.53537
0.982848 -0.184381 0.00375434 -86.2467 0.184326 0.982795 0.011741 -9.11142 -0.00585456 -0.0108476 0.999924 2.5375
0.982792 -0.18467 0.00398131 -86.3992 0.184614 0.982742 0.011638 -9.13271 -0.00606179 -0.0107027 0.999924 2.53672
0.982683 -0.185248 0.00409842 -86.5483 0.18519 0.982633 0.0117224 -9.1752 -0.0061988 -0.0107604 0.999923 2.53435
0.982499 -0.186227 0.00389909 -86.6812 0.186169 0.982446 0.011883 -9.19687 -0.00604359 -0.0109492 0.999922 2.54829
0.982348 -0.187 0.00474918 -86.8226 0.186935 0.982302 0.0117513 -9.22456 -0.00686262 -0.0106561 0.99992 2.54866
0.982065 -0.188468 0.00525919 -86.9628 0.188395 0.98202 0.0120086 -9.25485 -0.00742785 -0.0108024 0.999914 2.54501
0.981679 -0.190471 0.00530885 -87.1206 0.190394 0.98163 0.01233 -9.28054 -0.00755983 -0.0110933 0.99991 2.55628
0.981222 -0.192821 0.00489489 -87.2729 0.192752 0.981173 0.0120687 -9.31673 -0.00712984 -0.0108986 0.999915 2.55862
0.980593 -0.195998 0.00479413 -87.438 0.195925 0.980536 0.0127585 -9.33861 -0.00720147 -0.0115716 0.999907 2.57096
0.980029 -0.198781 0.00537624 -87.6116 0.198699 0.979975 0.0129827 -9.37809 -0.0078493 -0.0116552 0.999901 2.56887
0.979502 -0.201349 0.00592811 -87.7874 0.201259 0.979451 0.0130544 -9.42046 -0.00843479 -0.0115938 0.999897 2.57184
0.978989 -0.203813 0.00643571 -87.9847 0.203718 0.978943 0.0130377 -9.46645 -0.00895744 -0.0114527 0.999894 2.58651
0.978286 -0.207154 0.00662003 -88.1563 0.20706 0.978246 0.0127095 -9.50851 -0.00910883 -0.0110627 0.999897 2.59481
0.977579 -0.210449 0.0070359 -88.3571 0.210352 0.977546 0.012527 -9.54443 -0.00951422 -0.0107662 0.999897 2.60478
0.976973 -0.213256 0.00671472 -88.5593 0.213171 0.976947 0.0114975 -9.60499 -0.00901184 -0.0098014 0.999911 2.61479
0.976204 -0.216753 0.00663423 -88.7733 0.216669 0.976177 0.0114952 -9.6552 -0.00896781 -0.00978422 0.999912 2.62054
0.975316 -0.220731 0.0060202 -88.9734 0.220655 0.975288 0.0111521 -9.71481 -0.00833303 -0.00954842 0.99992 2.62399
0.974511 -0.224267 0.00571158 -89.2066 0.224196 0.974482 0.0110251 -9.75618 -0.00803839 -0.00946354 0.999923 2.62998
0.973643 -0.228019 0.00508826 -89.4428 0.227952 0.973608 0.0112279 -9.81458 -0.00751415 -0.00977213 0.999924 2.6491
0.972671 -0.232138 0.00484697 -89.6855 0.23208 0.972642 0.0103506 -9.87771 -0.00711713 -0.00894284 0.999935 2.65184
0.971671 -0.236278 0.00524196 -89.9408 0.236218 0.971649 0.00999821 -9.94467 -0.0074557 -0.00847673 0.999936 2.64868
0.970571 -0.240774 0.00447241 -90.2061 0.240708 0.970525 0.0118692 -10.0132 -0.00719838 -0.0104433 0.99992 2.65294
0.969355 -0.24566 0.00136372 -90.4725 0.245609 0.969241 0.0157795 -10.0816 -0.00519818 -0.014961 0.999875 2.64254
0.968021 -0.250858 -0.00227454 -90.7397 0.250857 0.967849 0.0184327 -10.1652 -0.00242258 -0.0184138 0.999828 2.67595
0.966435 -0.256897 -0.00265411 -91.0215 0.25691 0.966364 0.0117172 -10.2469 -0.000445266 -0.0120058 0.999928 2.75413
0.964868 -0.262736 -0.000477193 -91.3112 0.262736 0.964866 0.00204897 -10.3375 -7.79104e-05 -0.00210236 0.999998 2.75377
0.962878 -0.269931 0.00204079 -91.6193 0.269937 0.962871 -0.00358955 -10.4613 -0.000996084 0.00400718 0.999991 2.72785
0.960836 -0.277091 0.003824 -91.929 0.277092 0.960843 0.000368797 -10.5543 -0.00377646 0.000705246 0.999993 2.69199
0.958804 -0.284046 0.00345371 -92.2489 0.284011 0.958786 0.00817819 -10.6359 -0.00563435 -0.00686039 0.999961 2.68837
0.956609 -0.291365 0.00235602 -92.5796 0.29131 0.956536 0.0133225 -10.7376 -0.00613532 -0.0120581 0.999908 2.72876
0.954349 -0.298685 0.00252026 -92.9041 0.298636 0.954293 0.0118999 -10.8552 -0.00595937 -0.010604 0.999926 2.77239
0.951429 -0.307824 0.0051589 -93.2233 0.307761 0.951408 0.0103258 -10.9678 -0.00808676 -0.00823659 0.999933 2.78186
0.948912 -0.315493 0.00553731 -93.5586 0.315461 0.94892 0.00602002 -11.1351 -0.00715374 -0.00396566 0.999967 2.81295
0.946315 -0.323138 0.00837229 -93.9194 0.323151 0.946347 -0.000277694 -11.2565 -0.00783336 0.0029683 0.999965 2.81643
0.943298 -0.331802 0.00986022 -94.2671 0.331845 0.943329 -0.00306088 -11.4045 -0.00828583 0.00615938 0.999947 2.801
0.939471 -0.342509 0.00900519 -94.6354 0.342532 0.939506 -0.000992982 -11.5396 -0.00812033 0.00401744 0.999959 2.78943
0.936033 -0.351849 0.00662026 -95.0181 0.351832 0.936056 0.00361627 -11.6925 -0.00746931 -0.00105573 0.999972 2.77884
0.932666 -0.3607 0.00541485 -95.3902 0.360662 0.932672 0.00680448 -11.8423 -0.00750465 -0.00439338 0.999962 2.82423
0.929066 -0.369862 0.00617345 -95.7661 0.369842 0.929085 0.00428527 -12.0137 -0.00732062 -0.0016981 0.999972 2.86761
0.925055 -0.379736 0.00862588 -96.164 0.379749 0.92509 0.0001945 -12.1902 -0.00805357 0.00309574 0.999963 2.89963
0.920804 -0.389893 0.0101802 -96.5435 0.389942 0.920833 -0.00335248 -12.3585 -0.00806717 0.00705668 0.999943 2.88808
0.916192 -0.400611 0.0101393 -96.9509 0.400662 0.916219 -0.00351303 -12.5597 -0.00788246 0.00728104 0.999942 2.89051
0.911213 -0.411808 0.0102098 -97.3668 0.411847 0.911251 -0.00191927 -12.7697 -0.00851336 0.00595376 0.999946 2.90205
0.905979 -0.423196 0.0103371 -97.78 0.42322 0.906027 -0.000139347 -12.9657 -0.00930669 0.0045011 0.999947 2.92016
0.900712 -0.434296 0.010237 -98.1703 0.434321 0.900758 -0.000290615 -13.1721 -0.00909483 0.0047079 0.999948 2.93841
0.895283 -0.445351 0.0114509 -98.5844 0.44539 0.895336 -0.000931296 -13.3908 -0.00983762 0.00593387 0.999934 2.94761
0.889404 -0.456963 0.0120637 -98.9953 0.457016 0.889457 -0.00188755 -13.6274 -0.0098676 0.00719209 0.999925 2.97162
0.88317 -0.468897 0.0120787 -99.426 0.468953 0.88322 -0.0021636 -13.883 -0.00965361 0.00757515 0.999925 2.9922
0.876673 -0.480928 0.0123298 -99.8546 0.480977 0.876732 -0.00120196 -14.1391 -0.0102318 0.00698406 0.999923 2.98835
0.869705 -0.493438 0.0114697 -100.277 0.493468 0.869764 0.000329069 -14.3919 -0.0101383 0.00537371 0.999934 3.00298
0.862168 -0.506507 0.0108101 -100.685 0.506531 0.862222 0.000561923 -14.6682 -0.00960529 0.00499116 0.999941 3.02485
0.854739 -0.518958 0.0101521 -101.135 0.518978 0.854787 0.000746863 -14.9575 -0.00906548 0.00463035 0.999948 3.03911
0.846947 -0.531597 0.00925694 -101.568 0.531622 0.846981 -0.000293208 -15.2451 -0.00768459 0.00516953 0.999957 3.05166
0.838576 -0.544726 0.00792547 -101.994 0.544751 0.838597 -0.00121325 -15.534 -0.00598538 0.00533481 0.999968 3.05759
0.830069 -0.557619 0.00689729 -102.419 0.55764 0.830081 -0.0015486 -15.8575 -0.00486178 0.00513164 0.999975 3.06961
0.821194 -0.570613 0.0064261 -102.869 0.570634 0.821203 -0.00178367 -16.1658 -0.00425935 0.00513169 0.999978 3.08166
0.812081 -0.583522 0.00514432 -103.292 0.583533 0.812089 -0.000712572 -16.5145 -0.00376185 0.00358055 0.999987 3.10333
0.80257 -0.596538 0.00493053 -103.735 0.596547 0.802578 -0.000491792 -16.8642 -0.00366376 0.00333599 0.999988 3.12398
0.792918 -0.609297 0.00609903 -104.157 0.609315 0.792927 -0.00136392 -17.206 -0.00400505 0.0047977 0.99998 3.12546
0.783245 -0.621686 0.00577437 -104.59 0.621706 0.783247 -0.00252582 -17.5566 -0.00295249 0.00556829 0.99998 3.16319
0.773664 -0.633575 0.00520666 -105.031 0.633594 0.773657 -0.00360517 -17.9369 -0.00174402 0.0060881 0.99998 3.16048
0.763839 -0.645392 0.00428219 -105.453 0.645406 0.76383 -0.00379508 -18.3139 -0.00082155 0.00566259 0.999984 3.17191
0.755142 -0.65555 0.00396413 -105.871 0.655561 0.755134 -0.00357423 -18.7122 -0.000650363 0.00529778 0.999986 3.18695
0.747559 -0.664184 0.00389542 -106.321 0.664194 0.747556 -0.00241914 -19.1327 -0.00130529 0.00439577 0.999989 3.1816
0.740018 -0.672578 0.00338901 -106.741 0.672585 0.740019 -0.00113682 -19.5072 -0.00174333 0.00312066 0.999994 3.22075
0.73365 -0.679514 0.00435134 -107.203 0.679523 0.733654 -0.000826988 -19.9331 -0.00263042 0.00356355 0.99999 3.22601
0.727279 -0.686324 0.00497685 -107.648 0.686337 0.727283 -0.00111917 -20.365 -0.00285146 0.00422974 0.999987 3.23287
0.721301 -0.692609 0.00414333 -108.076 0.692617 0.721306 -0.000464732 -20.8004 -0.00266673 0.00320495 0.999991 3.24726
0.715859 -0.698237 0.00315225 -108.528 0.69824 0.715863 0.000202666 -21.226 -0.00239809 0.00205595 0.999995 3.24922
0.711307 -0.702873 0.00351145 -108.973 0.702877 0.711312 0.00029377 -21.6827 -0.00270422 0.00225916 0.999994 3.27929
0.707373 -0.706816 0.00589857 -109.406 0.70682 0.707391 0.00179802 -22.1418 -0.00544346 0.00289736 0.999981 3.30331
0.703941 -0.710187 0.0100139 -109.848 0.710188 0.704 0.00407243 -22.6082 -0.00994198 0.00424501 0.999942 3.31795
0.701398 -0.712675 0.011628 -110.299 0.712676 0.701477 0.00481527 -23.0332 -0.0115885 0.00490959 0.999921 3.346
0.699313 -0.714676 0.0141136 -110.748 0.714687 0.699426 0.00512817 -23.5209 -0.0135364 0.00650059 0.999887 3.36217
