1 0 0 0 0 1 0 0 -0 0 1 0
1 -0.000882648 -0.000219515 -0.00537371 0.00088265 1 9.96237e-06 -7.93783e-05 0.000219506 -1.01561e-05 1 0.0117889
0.999999 -0.000992326 -0.000171697 -0.00129507 0.000992332 1 3.18418e-05 -0.00463612 0.000171665 -3.20121e-05 1 0.00739962
1 -0.000830288 -0.000194776 -0.0064514 0.000830285 1 -1.97512e-05 -0.00649749 0.000194792 1.95895e-05 1 0.0113058
1 -0.000953257 -0.000164624 -0.00383189 0.000953264 1 4.67877e-05 -0.00628141 0.000164579 -4.69446e-05 1 0.00794045
1 -0.000861316 -0.000167967 -0.00411653 0.000861316 1 -1.63712e-06 -0.00229816 0.000167968 1.49245e-06 1 0.0105154
0.999999 -0.00105925 -0.000107571 -0.00274008 0.00105925 0.999999 1.96033e-05 -0.00044829 0.00010755 -1.97172e-05 1 0.00677346
1 -0.00096784 -0.000195875 -0.00671321 0.000967847 1 3.51848e-05 -0.000541288 0.000195841 -3.53743e-05 1 0.00676845
1 -0.000967583 -0.000191851 -0.00488657 0.000967581 1 -9.24777e-06 -0.00114023 0.000191859 9.06213e-06 1 0.00715873
0.999999 -0.0011636 -0.000203844 -0.000176253 0.0011636 0.999999 -3.50861e-05 0.00301745 0.000203885 3.48489e-05 1 0.00990696
1 -0.000876357 -0.000182436 -0.00428779 0.000876373 1 8.82793e-05 0.00352073 0.000182358 -8.84392e-05 1 0.00600043
0.999999 -0.000971345 -0.000277627 -0.00788454 0.000971344 1 -4.09671e-06 0.000503985 0.000277631 3.82703e-06 1 0.0120485
1 -0.000755651 -0.000266881 -0.00432104 0.00075565 1 -3.31612e-06 -0.00511829 0.000266883 3.11445e-06 1 0.0121014
1 -0.000821253 -0.000141988 -0.00340644 0.000821249 1 -2.76454e-05 -0.000542472 0.00014201 2.75288e-05 1 0.00960379
0.999999 -0.00102678 -0.000148917 -0.000987123 0.00102679 0.999999 5.93444e-05 -0.00273933 0.000148856 -5.94972e-05 1 0.00744631
0.999999 -0.00107347 -0.000181441 -0.00495075 0.00107348 0.999999 5.01147e-05 -0.00611306 0.000181387 -5.03094e-05 1 0.00661531
1 -0.000964105 -0.000151807 -0.00417714 0.000964104 1 -7.90792e-06 -0.00618037 0.000151815 7.76156e-06 1 0.0101178
1 -0.000883282 -0.000180346 -0.00490489 0.000883285 1 1.32276e-05 -0.0034101 0.000180334 -1.33869e-05 1 0.00724262
1 -0.000886859 -0.000153074 -0.00535458 0.000886855 1 -2.67923e-05 0.00267936 0.000153098 2.66565e-05 1 0.00795989
1 -0.000950561 -0.000205674 -0.0036895 0.000950565 1 1.70299e-05 -0.00386535 0.000205657 -1.72254e-05 1 0.0086433
0.999999 -0.00106095 -0.000257874 0.0018602 0.00106096 0.999999 3.35359e-05 -0.00304484 0.000257838 -3.38095e-05 1 0.00937885
0.999999 -0.000985157 -0.000267327 -0.00551471 0.000985169 1 4.58105e-05 -0.00136084 0.000267282 -4.60739e-05 1 0.0113983
1 -0.000801198 -0.000178889 -0.00704517 0.000801204 1 3.2706e-05 -0.00276427 0.000178863 -3.28493e-05 1 0.00501497
0.999999 -0.00111786 -0.00025755 -0.00525807 0.00111784 0.999999 -5.91819e-05 -0.00503137 0.000257616 5.88939e-05 1 0.0119057
0.999999 -0.00107227 -0.000249743 -0.000526764 0.00107227 0.999999 -3.04559e-07 0.00039912 0.000249743 3.67671e-08 1 0.0116084
1 -0.00082821 -0.000216256 -0.00520702 0.000828207 1 -1.41682e-05 0.00493817 0.000216267 1.39891e-05 1 0.00936082
1 -0.000909311 -0.000224149 -0.00691098 0.000909318 1 3.08878e-05 0.00121528 0.000224121 -3.10916e-05 1 0.00962572
1 -0.000860906 -0.000238063 -0.00333101 0.000860904 1 -7.79324e-06 -0.00606962 0.000238069 7.58829e-06 1 0.0105472
1 -0.000864115 -0.000263523 -0.00286977 0.000864111 1 -1.44365e-05 -0.00445017 0.000263536 1.42088e-05 1 0.00938683
0.999999 -0.00113501 -8.28429e-05 -0.0023917 0.00113502 0.999999 0.000113755 -0.00284016 8.27138e-05 -0.000113849 1 0.00824236
0.999999 -0.000990411 -0.00026121 -0.00225195 0.000990401 1 -3.67802e-05 -0.00321707 0.000261246 3.65214e-05 1 0.0109137
1 -0.000928888 -0.000211082 -0.00502737 0.000928876 1 -5.41863e-05 -0.00232798 0.000211132 5.39902e-05 1 0.0113822
1 -0.000840454 -0.000157627 -0.00872514 0.000840458 1 2.11251e-05 -0.00252912 0.00015761 -2.12575e-05 1 0.00729836
0.999999 -0.00124798 -0.000268734 0.00332077 0.00124797 0.999999 -6.78903e-05 -0.00240082 0.000268818 6.75549e-05 1 0.0097043
1 -0.000846917 -9.63836e-05 -0.00268871 0.000846919 1 1.63939e-05 0.00113014 9.63697e-05 -1.64756e-05 1 0.00311691
1 -0.000877068 -0.000178666 -0.00100672 0.000877082 1 7.49828e-05 -0.00153026 0.0001786 -7.51394e-05 1 0.00468756
1 -0.000974808 -0.000180098 0.000248577 0.000974815 1 3.82248e-05 0.00177063 0.00018006 -3.84004e-05 1 0.00775372
1 -0.000861115 -0.000251714 -0.00341149 0.000861103 1 -4.56142e-05 0.00180651 0.000251753 4.53974e-05 1 0.0126715
0.999999 -0.00099053 -0.000294579 0.000535081 0.000990521 1 -3.03364e-05 0.00195482 0.000294608 3.00446e-05 1 0.0112615
1 -0.00087012 -0.00017413 -0.0109533 0.00087012 1 -1.81286e-07 0.00310081 0.00017413 2.97724e-08 1 0.00695528
0.999999 -0.00107835 -0.00011257 -0.000601901 0.00107836 0.999999 4.35597e-05 0.0055864 0.000112523 -4.36811e-05 1 0.00570376
1 -0.000739387 -0.000168907 -0.00156061 0.000739392 1 3.00004e-05 0.000539329 0.000168884 -3.01253e-05 1 0.0052345
0.999999 -0.00106767 -6.7956e-05 -0.00252531 0.00106768 0.999999 8.70217e-05 -0.00451193 6.78631e-05 -8.70942e-05 1 0.00477482
0.999999 -0.00109113 -0.000186143 0.00215496 0.00109115 0.999999 9.68621e-05 0.00471368 0.000186037 -9.70651e-05 1 0.00690692
1 -0.000813577 -0.000292866 0.0038867 0.000813581 1 1.08795e-05 0.00167986 0.000292858 -1.11178e-05 1 0.0106577
1 -0.000785646 -0.000133343 -0.00139202 0.000785645 1 -5.37078e-06 0.00553342 0.000133347 5.26602e-06 1 0.0068033
0.999999 -0.00104873 -0.000122434 -0.00416531 0.00104873 0.999999 3.86342e-06 0.00254781 0.000122429 -3.99182e-06 1 0.00699147
0.999999 -0.000987073 -0.000162953 0.0004698 0.000987088 1 8.81411e-05 -0.00462036 0.000162866 -8.83019e-05 1 0.00615955
1 -0.000814017 -0.000214446 -0.0093606 0.000814006 1 -5.2931e-05 -0.00252699 0.000214489 5.27564e-05 1 0.0112384
0.999999 -0.00101768 -8.84566e-05 -0.00593323 0.00101769 0.999999 6.31441e-05 -0.00222968 8.83923e-05 -6.32341e-05 1 0.00626492
0.999999 -0.00115106 -0.000166929 0.00274553 0.00115107 0.999999 5.09618e-05 -0.0018119 0.00016687 -5.11539e-05 1 0.00709924
1 -0.000898347 -0.000118398 -0.00223994 0.000898347 1 3.33357e-06 8.13725e-05 0.000118395 -3.43993e-06 1 0.00569473
1 -0.000984655 -0.000162309 -0.00263402 0.000984663 1 4.55951e-05 0.00115245 0.000162264 -4.57549e-05 1 0.00490128
0.999999 -0.00101821 -0.000188891 0.00248857 0.00101822 0.999999 3.38646e-05 0.00619182 0.000188857 -3.4057e-05 1 0.00770264
1 -0.000866764 -0.00019762 -0.00451209 0.000866772 1 4.12273e-05 0.00321467 0.000197584 -4.13986e-05 1 0.0080558
1 -0.000843127 -0.00026825 0.000501782 0.000843131 1 1.57916e-05 -0.00512972 0.000268236 -1.60178e-05 1 0.0105679
0.999999 -0.0010205 -0.000182367 -0.00515492 0.00102051 0.999999 6.62756e-05 -0.00361147 0.000182299 -6.64617e-05 1 0.00839418
1 -0.000969803 -4.66105e-05 -0.00281645 0.000969804 1 2.29292e-05 0.00114297 4.65883e-05 -2.29744e-05 1 0.00545866
0.999999 -0.00109797 -0.00020606 0.00393488 0.00109796 0.999999 -7.39666e-05 -0.00243114 0.000206142 7.37403e-05 1 0.00992711
0.999999 -0.00103566 -0.000205576 -0.0072075 0.00103567 0.999999 3.88111e-05 0.000243427 0.000205536 -3.90239e-05 1 0.00945904
1 -0.000951819 -0.000181431 -0.00385366 0.000951817 1 -9.57107e-06 0.00233294 0.00018144 9.39837e-06 1 0.0108204
1 -0.000892723 -0.000209398 -0.00529409 0.000892713 1 -4.60199e-05 -0.00063764 0.000209439 4.58329e-05 1 0.0141704
0.999999 -0.000995028 -0.000239307 0.00186087 0.000995035 1 2.97077e-05 0.00163364 0.000239278 -2.99458e-05 1 0.010804
1 -0.000842304 -0.000189684 -0.00411392 0.000842319 1 8.15507e-05 0.00108247 0.000189615 -8.17104e-05 1 0.00859208
1 -0.000844341 -0.000184708 0.00274982 0.000844346 1 2.59862e-05 -0.0023019 0.000184686 -2.61421e-05 1 0.00952849
0.999999 -0.00103676 -0.000157544 0.000156326 0.00103676 0.999999 -2.12134e-05 0.000289905 0.000157566 2.105e-05 1 0.00879422
1 -0.000787218 -0.000187936 -0.00826149 0.000787234 1 8.38397e-05 0.000402388 0.00018787 -8.39876e-05 1 0.00494183
1 -0.000898771 -0.000266179 -0.00327438 0.00089877 1 -4.57658e-06 -0.00367089 0.000266183 4.33734e-06 1 0.0130554
1 -0.000903382 -0.000190293 -0.00409954 0.000903392 1 5.10875e-05 -0.00388952 0.000190247 -5.12594e-05 1 0.0075889
1 -0.000891814 -0.00030143 -0.00647778 0.000891808 1 -2.07428e-05 -0.000117674 0.000301448 2.0474e-05 1 0.0127436
0.999999 -0.000985808 -0.000172075 -0.00025236 0.000985825 1 9.66569e-05 0.00141908 0.00017198 -9.68265e-05 1 0.00572167
1 -0.000832998 -0.000169407 -0.000742698 0.000833006 1 4.30788e-05 -0.000668281 0.000169371 -4.32199e-05 1 0.00895582
0.999999 -0.00103381 -0.000187352 -0.00662265 0.00103381 0.999999 3.5262e-05 -0.00244308 0.000187316 -3.54557e-05 1 0.00976979
0.999999 -0.000984732 -0.000181835 0.000409596 0.000984748 1 8.80301e-05 -0.00125642 0.000181748 -8.82092e-05 1 0.00602079
0.999999 -0.00111307 -0.000152775 -0.000899331 0.00111307 0.999999 -9.83376e-06 0.00627203 0.000152786 9.6637e-06 1 0.0102378
1 -0.00092909 -0.000211741 -0.00229121 0.000929098 1 3.62873e-05 -2.70859e-05 0.000211707 -3.6484e-05 1 0.00863592
1 -0.000937356 -0.000194037 -0.00255397 0.000937357 1 4.4877e-06 0.00434815 0.000194033 -4.66958e-06 1 0.0116385
1 -0.000786899 -0.00013849 -0.00197115 0.0007869 1 4.71394e-06 0.00102099 0.000138487 -4.82291e-06 1 0.00926037
1 -0.000864181 -0.000109412 -0.010814 0.000864188 1 6.26869e-05 -0.00462562 0.000109358 -6.27815e-05 1 0.00648519
0.999999 -0.000988035 -0.000225273 -0.00433738 0.000988028 1 -3.02316e-05 0.00362474 0.000225303 3.00091e-05 1 0.0115249
0.999999 -0.00103474 -0.000181262 -0.00267573 0.00103474 0.999999 2.07672e-05 -0.00230675 0.00018124 -2.09548e-05 1 0.0107596
1 -0.000844419 -0.000288688 -0.00914598 0.000844408 1 -3.87349e-05 -0.00527857 0.000288721 3.84911e-05 1 0.0146781
1 -0.000876758 -0.000220838 -0.00700276 0.000876757 1 -7.57471e-06 0.00108694 0.000220845 7.38109e-06 1 0.00959215
0.999999 -0.00100204 -0.00025507 0.00377471 0.00100204 0.999999 1.41135e-05 0.00227849 0.000255055 -1.43691e-05 1 0.012246
1 -0.00094729 -0.000132616 0.000661931 0.000947292 1 1.58971e-05 0.00319186 0.000132601 -1.60227e-05 1 0.00690494
1 -0.000901439 -0.000197772 -0.0032592 0.000901444 1 2.18993e-05 0.00231485 0.000197752 -2.20776e-05 1 0.011237
1 -0.000885176 -0.000166181 -0.00886054 0.000885192 1 9.59861e-05 -0.000227743 0.000166096 -9.61331e-05 1 0.00688687
0.999999 -0.00106984 -0.000167491 -0.00199548 0.00106985 0.999999 3.47109e-05 0.0037356 0.000167453 -3.48901e-05 1 0.00688554
0.999999 -0.00124034 -0.000194171 0.0230711 0.00124034 0.999999 4.2227e-05 0.00650674 0.000194118 -4.24678e-05 1 0.00761969
0.999999 -0.00109336 -0.000186651 0.0418139 0.00109335 0.999999 -8.52458e-05 0.0109215 0.000186744 8.50417e-05 1 0.0148163
1 -0.000993384 -2.20712e-05 0.0444179 0.000993387 0.999999 0.000147799 0.0150287 2.19244e-05 -0.000147821 1 0.00470233
1 -0.000971261 -0.000106277 0.0357887 0.000971273 1 0.000111571 0.0118463 0.000106168 -0.000111674 1 0.0081954
0.999999 -0.00115236 -7.12366e-05 0.0272131 0.00115236 0.999999 5.82043e-05 0.0107453 7.11695e-05 -5.82863e-05 1 0.00851233
0.999999 -0.00100371 -0.000198193 0.0143422 0.00100371 0.999999 -1.16625e-05 0.00709744 0.000198205 1.14636e-05 1 0.0129538
0.999999 -0.00114684 -6.46694e-05 -0.00901615 0.00114684 0.999999 -2.73559e-05 0.00956246 6.47007e-05 2.72817e-05 1 0.011447
0.999999 -0.00141111 8.91529e-06 -0.0140106 0.00141111 0.999999 2.63175e-05 0.00975202 -8.95242e-06 -2.63049e-05 1 0.0124786
0.999999 -0.00128973 -3.07087e-05 -0.0356326 0.00128973 0.999999 -4.25983e-06 0.0141017 3.07142e-05 4.22022e-06 1 0.0122148
0.999999 -0.00117814 -0.000133617 -0.0644042 0.00117814 0.999999 -5.45483e-07 0.00814462 0.000133618 3.88063e-07 1 0.0190171
0.999999 -0.00130003 0.000178516 -0.101689 0.0013 0.999999 0.000173159 0.00701861 -0.000178741 -0.000172927 1 0.00702151
0.999999 -0.00128055 0.000177381 -0.131725 0.00128053 0.999999 0.000117121 0.0088372 -0.000177531 -0.000116893 1 0.0130235
0.999999 -0.00118202 0.000572852 -0.188833 0.00118185 0.999999 0.000293794 0.00403927 -0.000573199 -0.000293117 1 0.00733342
0.999999 -0.00136055 0.000837728 -0.234913 0.00136027 0.999999 0.000331602 -0.00312054 -0.000838179 -0.000330462 1 0.0125026
0.999999 -0.00112673 0.000651701 -0.293065 0.00112655 0.999999 0.000279187 0.00125148 -0.000652015 -0.000278453 1 0.0188072
0.999999 -0.00134954 0.00080652 -0.357656 0.00134939 0.999999 0.000190993 0.00402293 -0.000806777 -0.000189905 1 0.0164067
0.999999 -0.00117259 0.000629328 -0.43109 0.00117246 0.999999 0.000201402 -0.002702 -0.000629564 -0.000200664 1 0.0249585
0.999998 -0.00176654 0.000844605 -0.502325 0.00176627 0.999998 0.000319043 -0.00667144 -0.000845167 -0.000317551 1 0.0146579
0.999997 -0.00203036 0.000942886 -0.58455 0.00203 0.999998 0.000382199 -0.0148081 -0.00094366 -0.000380284 0.999999 0.0167925
0.999992 -0.00390421 0.000662784 -0.674488 0.00390404 0.999992 0.000257197 -0.00902811 -0.000663783 -0.000254608 1 0.0361802
0.999983 -0.00581207 0.000961932 -0.762456 0.00581169 0.999983 0.000394369 -0.0117371 -0.000964208 -0.000388772 0.999999 0.0368246
0.999975 -0.006947 0.00113733 -0.871956 0.00694624 0.999976 0.000667657 -0.028628 -0.00114194 -0.00065974 0.999999 0.0389328
0.999961 -0.00879299 0.00106233 -0.982719 0.00879255 0.999961 0.000419756 -0.034215 -0.00106598 -0.000410398 0.999999 0.0408839
0.999935 -0.0113384 0.00104424 -1.11974 0.0113379 0.999936 0.00050022 -0.0323679 -0.00104985 -0.000488348 0.999999 0.040953
0.999903 -0.0138984 0.00118152 -1.24041 0.0138977 0.999903 0.000637731 -0.0420961 -0.00119027 -0.000621248 0.999999 0.0368978
0.999855 -0.0169656 0.00116629 -1.38314 0.0169644 0.999856 0.00100793 -0.0262444 -0.00118322 -0.000987995 0.999999 0.0493665
0.999795 -0.0202323 -0.0012067 -1.50548 0.0202408 0.999767 0.00748385 -0.0281668 0.00105501 -0.00750674 0.999971 0.0785717
0.99972 -0.0236741 0.000608499 -1.70504 0.0236682 0.999685 0.00839626 -0.0450224 -0.000807081 -0.0083795 0.999965 0.0615874
0.999642 -0.0267307 0.000779576 -1.88588 0.0267233 0.999608 0.0084026 -0.0565054 -0.00100388 -0.00837876 0.999964 0.0729323
0.99952 -0.0309898 0.000619527 -2.05314 0.0309837 0.999486 0.00817481 -0.0650652 -0.000872545 -0.00815168 0.999966 0.0723954
0.999367 -0.0355364 0.00135589 -2.2644 0.0355239 0.999334 0.00834305 -0.0890841 -0.00165147 -0.00828961 0.999964 0.0793732
0.999193 -0.0401068 0.002061 -2.48205 0.0400874 0.999158 0.00875947 -0.101809 -0.00241058 -0.00866979 0.99996 0.0698545
0.999025 -0.0441097 0.0018423 -2.68978 0.0440918 0.998988 0.00886275 -0.128492 -0.00223137 -0.00877288 0.999959 0.0868532
0.998769 -0.049571 0.00203748 -2.89534 0.0495504 0.99873 0.00915858 -0.144459 -0.00248889 -0.00904635 0.999956 0.0856916
0.998512 -0.054441 0.00327647 -3.11683 0.0544091 0.998477 0.00914815 -0.162119 -0.00376951 -0.00895626 0.999953 0.0752122
0.998204 -0.0598315 0.00296413 -3.34384 0.0598026 0.998169 0.00904327 -0.185246 -0.00349978 -0.00884976 0.999955 0.104229
0.997798 -0.0661786 0.00440033 -3.59822 0.0661349 0.997766 0.00942799 -0.209304 -0.00501443 -0.00911622 0.999946 0.0940285
0.997371 -0.072239 0.00564938 -3.85519 0.0721779 0.997338 0.010358 -0.227867 -0.00638259 -0.009923 0.99993 0.103172
0.996866 -0.0788443 0.00638558 -4.11835 0.0787723 0.996834 0.0108369 -0.260251 -0.00721979 -0.0103 0.999921 0.109481
0.99617 -0.0872457 0.00583802 -4.38662 0.0871804 0.996136 0.0106281 -0.27129 -0.00674272 -0.0100784 0.999926 0.128468
0.995437 -0.0952091 0.00628193 -4.6664 0.0951398 0.995408 0.0105379 -0.310491 -0.00725639 -0.00989219 0.999925 0.138544
0.99466 -0.103015 0.00631197 -4.96395 0.102949 0.994636 0.0100501 -0.360756 -0.00731343 -0.00934662 0.99993 0.161653
0.993679 -0.112094 0.00605492 -5.27856 0.112032 0.993658 0.00966154 -0.420867 -0.00709952 -0.00892213 0.999935 0.17203
0.992492 -0.122147 0.00630132 -5.57059 0.122081 0.99247 0.00997618 -0.46486 -0.00747243 -0.009132 0.99993 0.168633
0.991151 -0.132556 0.00692314 -5.86737 0.132482 0.991133 0.0102447 -0.500475 -0.00821974 -0.00923681 0.999924 0.179412
0.989786 -0.142334 0.00798977 -6.21378 0.14225 0.989778 0.0102352 -0.569091 -0.00936491 -0.00899409 0.999916 0.190006
0.988152 -0.153253 0.00830086 -6.53302 0.153165 0.988146 0.0103791 -0.645769 -0.00979309 -0.00898475 0.999912 0.200834
0.986377 -0.164309 0.00788578 -6.85809 0.164235 0.986377 0.00935614 -0.719075 -0.00931565 -0.00793356 0.999925 0.207996
0.98433 -0.176174 0.00760282 -7.17675 0.17611 0.984335 0.00836276 -0.79441 -0.00895702 -0.00689278 0.999936 0.224236
0.982137 -0.188002 0.00788553 -7.53461 0.187947 0.982153 0.00723876 -0.870713 -0.00910569 -0.00562739 0.999943 0.244602
0.979925 -0.199223 0.00750285 -7.89015 0.199173 0.97994 0.00688945 -0.966279 -0.00872488 -0.00525678 0.999948 0.257703
0.977384 -0.211296 0.00867849 -8.2595 0.211236 0.977408 0.00732318 -1.064 -0.0100298 -0.00532434 0.999936 0.258765
0.974706 -0.223346 0.00808392 -8.59418 0.223287 0.974723 0.0075912 -1.14883 -0.00957505 -0.00559415 0.999939 0.279006
0.971932 -0.235145 0.00745531 -8.97247 0.235092 0.971945 0.00734809 -1.26141 -0.00897402 -0.00538916 0.999945 0.292573
0.969045 -0.246789 0.00680115 -9.33138 0.246745 0.969058 0.00664964 -1.373 -0.00823177 -0.00476565 0.999955 0.310162
0.966224 -0.257609 0.00691767 -9.71898 0.257578 0.966244 0.00509977 -1.5017 -0.00799791 -0.00314568 0.999963 0.341907
0.963343 -0.268159 0.0077384 -10.0823 0.268172 0.963371 -0.000628666 -1.6291 -0.00728637 0.00268084 0.99997 0.337865
0.960372 -0.278603 0.00813341 -10.473 0.278619 0.960401 -0.000915047 -1.75157 -0.0075564 0.00314491 0.999967 0.332685
0.957471 -0.288412 0.00816923 -10.8405 0.288429 0.957501 -0.000912375 -1.87285 -0.00755891 0.00322982 0.999966 0.340225
0.954634 -0.297692 0.00727954 -11.2292 0.297704 0.954658 -0.000675738 -1.99843 -0.00674831 0.00281223 0.999973 0.348225
0.952194 -0.305418 0.00673657 -11.6184 0.305428 0.952215 -0.000387747 -2.1405 -0.00629624 0.00242674 0.999977 0.350625
0.949883 -0.312549 0.00600473 -12.0103 0.312554 0.9499 0.000116074 -2.26882 -0.00574017 0.00176654 0.999982 0.372747
0.947996 -0.318258 0.00400161 -12.4005 0.318254 0.948004 0.00163055 -2.41131 -0.00431248 -0.000272226 0.999991 0.402489
0.946318 -0.323212 0.00399728 -12.8125 0.32321 0.946327 0.00127128 -2.54982 -0.00419362 8.89268e-05 0.999991 0.40693
0.945047 -0.326915 0.00356752 -13.2178 0.326912 0.945054 0.00125038 -2.68238 -0.00378027 -1.54015e-05 0.999993 0.414685
0.944095 -0.329657 0.00336329 -13.6559 0.329652 0.944101 0.00175086 -2.83481 -0.00375246 -0.000544263 0.999993 0.416976
0.943435 -0.331551 0.00189919 -14.1056 0.331544 0.943434 0.00332956 -3.00739 -0.00289568 -0.00251156 0.999993 0.441399
0.943124 -0.33244 0.0011288 -14.5269 0.332432 0.943116 0.00459124 -3.13706 -0.0025909 -0.00395486 0.999989 0.446477
0.942971 -0.332874 -6.50703e-05 -14.9673 0.332868 0.942955 0.00596155 -3.30429 -0.00192308 -0.00564323 0.999982 0.447658
0.942757 -0.333478 -0.00108886 -15.414 0.333478 0.942738 0.00619092 -3.4628 -0.00103803 -0.00619965 0.99998 0.482661
0.942773 -0.333435 -0.0002371 -15.8543 0.33343 0.942756 0.00595697 -3.5968 -0.00176273 -0.00569512 0.999982 0.487584
0.942908 -0.333051 0.000814633 -16.3405 0.333042 0.942896 0.00556526 -3.77749 -0.00262163 -0.00497622 0.999984 0.510085
0.943155 -0.332344 0.00237325 -16.8015 0.332325 0.943145 0.00613171 -3.92519 -0.00427616 -0.00499447 0.999978 0.497395
0.943039 -0.332661 0.00376668 -17.2708 0.332635 0.943035 0.00624178 -4.08851 -0.00562851 -0.00463331 0.999973 0.512508
0.943159 -0.332318 0.00396974 -17.7617 0.332286 0.943152 0.00712392 -4.24261 -0.00611148 -0.0053999 0.999967 0.532781
0.943351 -0.33178 0.00337735 -18.2561 0.331737 0.943325 0.00941676 -4.42706 -0.00631023 -0.00776291 0.99995 0.56952
0.943642 -0.330959 0.00244654 -18.7396 0.330932 0.943623 0.00775686 -4.59917 -0.00487581 -0.00651006 0.999967 0.574278
0.943988 -0.329974 0.00208138 -19.233 0.329955 0.943975 0.00632936 -4.77694 -0.00405329 -0.00528807 0.999978 0.581255
0.944066 -0.329742 0.00302187 -19.7204 0.329725 0.944064 0.00489185 -4.94855 -0.00446589 -0.00362184 0.999983 0.605127
0.944196 -0.329358 0.00412695 -20.2321 0.329337 0.944199 0.00508605 -5.1353 -0.0055718 -0.00344307 0.999979 0.606973
0.944175 -0.329412 0.00467898 -20.7439 0.329375 0.944172 0.00717203 -5.28178 -0.00678031 -0.00523051 0.999963 0.616484
0.944017 -0.329864 0.00473557 -21.2626 0.329816 0.944005 0.00867967 -5.45883 -0.00733351 -0.00663189 0.999951 0.658497
0.943887 -0.330218 0.00574303 -21.8057 0.330156 0.943877 0.00966301 -5.64902 -0.00861162 -0.0072247 0.999937 0.670465
0.943347 -0.331765 0.00538592 -22.2871 0.331704 0.943333 0.00976843 -5.84301 -0.00832153 -0.00742849 0.999938 0.698597
0.942618 -0.333832 0.00522805 -22.8406 0.333789 0.942617 0.00766039 -6.02855 -0.00748533 -0.00547576 0.999957 0.716731
0.941688 -0.336458 0.00437476 -23.371 0.336428 0.941687 0.00643255 -6.20873 -0.00628394 -0.00458566 0.99997 0.725097
0.94091 -0.338639 0.00344666 -23.9244 0.338612 0.940903 0.00665974 -6.41374 -0.00549822 -0.00509913 0.999972 0.746227
0.940089 -0.340908 0.00373292 -24.4464 0.340882 0.940086 0.00609687 -6.60543 -0.00558774 -0.00445911 0.999974 0.762936
0.939224 -0.343293 0.00269114 -24.9947 0.343273 0.939217 0.00593811 -6.8017 -0.00456608 -0.00465343 0.999979 0.770506
0.938313 -0.345786 0.00115784 -25.5284 0.345776 0.938304 0.00490694 -7.00418 -0.00278316 -0.0042039 0.999987 0.781763
0.937228 -0.348713 -0.00175596 -26.1123 0.348716 0.937197 0.0076864 -7.20431 -0.00103467 -0.00781624 0.999969 0.763074
0.93613 -0.351599 -0.00626005 -26.6523 0.351643 0.936093 0.00874665 -7.41553 0.00278469 -0.0103893 0.999942 0.8441
0.934764 -0.355238 -0.00479994 -27.2088 0.355241 0.934775 -0.000322151 -7.64602 0.0046013 -0.001404 0.999988 0.872215
0.933564 -0.358393 -0.0034374 -27.7779 0.358386 0.93357 -0.00257302 -7.89948 0.00413121 0.00117016 0.999991 0.850974
0.931782 -0.363017 -0.000715476 -28.3313 0.363017 0.931782 -0.000963104 -8.09216 0.00101629 0.000637674 0.999999 0.848385
0.929748 -0.368191 0.00179465 -28.914 0.368168 0.929728 0.00765486 -8.33451 -0.00448699 -0.00645636 0.999969 0.826506
0.927777 -0.373132 0.00140851 -29.5135 0.373103 0.927742 0.00944046 -8.55351 -0.00482927 -0.00823313 0.999954 0.897472
0.926221 -0.376971 0.00273354 -30.0646 0.376955 0.926219 0.00484413 -8.78196 -0.00435795 -0.00345631 0.999985 0.931232
0.923906 -0.382611 0.00238811 -30.672 0.382611 0.923909 0.000712814 -9.06537 -0.00247913 0.000255144 0.999997 0.927251
0.921063 -0.389413 0.000901255 -31.2624 0.389413 0.921063 -1.98732e-05 -9.31063 -0.000822374 0.000369265 1 0.928881
0.917876 -0.396867 0.000100279 -31.8481 0.396867 0.917876 0.00105255 -9.54693 -0.000509767 -0.000926312 0.999999 0.942686
0.91468 -0.404176 0.00170573 -32.4708 0.404171 0.91468 0.00246443 -9.83735 -0.00255626 -0.00156476 0.999996 0.952454
0.910897 -0.412628 0.00239365 -33.0546 0.412622 0.910899 0.00268659 -10.1145 -0.00328893 -0.00145954 0.999994 1.0019
0.907101 -0.420891 0.00432672 -33.6548 0.420892 0.907111 0.000774803 -10.4057 -0.00425092 0.00111826 0.99999 1.01497
0.903268 -0.429034 0.00596564 -34.292 0.429042 0.903284 -8.06828e-05 -10.7214 -0.00535405 0.00263239 0.999982 1.02862
0.899017 -0.437871 0.006085 -34.9062 0.437879 0.899034 9.87148e-05 -11.0348 -0.00551384 0.00257574 0.999981 1.05737
0.893803 -0.448407 0.00688012 -35.5074 0.448412 0.893826 0.00084836 -11.3432 -0.00653005 0.00232686 0.999976 1.05911
0.888342 -0.459136 0.00653164 -36.115 0.459136 0.888365 0.00162564 -11.6572 -0.00654887 0.00155478 0.999977 1.07881
0.882736 -0.469835 0.00568483 -36.7386 0.469835 0.882753 0.00128342 -12.0183 -0.00562129 0.00153802 0.999983 1.11365
0.876798 -0.480835 0.00478403 -37.3405 0.48084 0.876808 0.000293226 -12.3548 -0.00433568 0.00204325 0.999989 1.12042
0.871164 -0.490987 0.00247175 -37.9529 0.490991 0.871164 -0.00141289 -12.7225 -0.00145959 0.00244446 0.999996 1.1502
0.865206 -0.501413 0.00174288 -38.5876 0.501415 0.865206 -0.00138023 -13.0917 -0.000815887 0.00206809 0.999998 1.14651
0.858593 -0.512658 -9.37248e-05 -39.2007 0.512658 0.858593 -0.000589088 -13.4553 0.000382472 0.000457738 1 1.16675
0.852075 -0.52342 -0.000275018 -39.8117 0.52342 0.852074 -0.000818806 -13.8318 0.000662915 0.000553734 1 1.19181
0.845875 -0.533381 -0.000190419 -40.4142 0.53338 0.845875 -0.00132168 -14.2564 0.000866029 0.00101641 0.999999 1.2161
0.838654 -0.544665 -0.000511088 -41.0509 0.544665 0.838654 -0.000455873 -14.6533 0.000676924 0.000103948 1 1.20978
0.831735 -0.555169 -0.00186808 -41.6542 0.555171 0.831736 0.000679633 -15.0838 0.00117643 -0.00160238 0.999998 1.22587
0.824878 -0.565309 -0.00179507 -42.2804 0.565311 0.824877 0.00136704 -15.49 0.000707913 -0.00214242 0.999997 1.23633
0.817792 -0.575514 -0.000493091 -42.8906 0.575514 0.817791 0.00131168 -15.9336 -0.000351645 -0.00135646 0.999999 1.25084
0.811024 -0.585012 -0.00085466 -43.509 0.585012 0.811024 0.000597083 -16.4141 0.000343849 -0.000984235 0.999999 1.27276
0.804605 -0.593808 -0.00171392 -44.1204 0.59381 0.804605 0.000561022 -16.873 0.00104589 -0.00146914 0.999998 1.28951
0.798367 -0.60216 -0.00366041 -44.7213 0.602164 0.798373 -6.77411e-05 -17.3224 0.00296316 -0.00215009 0.999993 1.31235
0.793352 -0.608761 -0.00173341 -45.3434 0.608762 0.793353 5.72244e-05 -17.822 0.00134037 -0.00110063 0.999998 1.34817
0.789262 -0.614055 0.00146729 -45.9675 0.614053 0.789263 0.00149234 -18.3097 -0.00207446 -0.000276854 0.999998 1.36503
0.785497 -0.618843 0.00534286 -46.5804 0.618833 0.785515 0.00354903 -18.7825 -0.00639318 0.000518586 0.999979 1.37063
0.781502 -0.623857 0.00751228 -47.1734 0.623826 0.781538 0.00623964 -19.2783 -0.00976377 -0.00018994 0.999952 1.39583
0.778014 -0.628207 0.0070892 -47.794 0.628169 0.778046 0.00696024 -19.7782 -0.00988819 -0.000961946 0.999951 1.42095
0.774509 -0.632541 0.00526609 -48.4109 0.632513 0.774525 0.00617056 -20.2691 -0.00798185 -0.00144828 0.999967 1.45358
0.77095 -0.636886 0.00346477 -49.0458 0.636878 0.770958 0.00324856 -20.812 -0.00474016 -0.000297839 0.999989 1.48709
0.767326 -0.641248 0.00342232 -49.6469 0.641251 0.767331 -3.24847e-05 -21.3064 -0.00260522 0.00221949 0.999994 1.50331
0.764613 -0.644476 0.00412312 -50.275 0.644484 0.764617 -0.000814591 -21.8265 -0.00262762 0.00328013 0.999991 1.51797
0.761726 -0.647877 0.00537042 -50.8769 0.647885 0.761738 0.000247332 -22.3527 -0.0042511 0.00329102 0.999986 1.54207
0.759323 -0.650671 0.00742428 -51.5028 0.650687 0.759346 0.000407361 -22.8837 -0.00590266 0.00452156 0.999972 1.55453
0.756828 -0.653571 0.00751379 -52.1085 0.65359 0.756849 -0.000150059 -23.4211 -0.00558873 0.00502451 0.999972 1.59242
0.754833 -0.65588 0.0069716 -52.6902 0.655903 0.754844 -0.00142315 -23.944 -0.00432905 0.00564693 0.999975 1.63326
0.752751 -0.658275 0.0062799 -53.3199 0.658299 0.752751 -0.00281913 -24.4641 -0.00287144 0.00625615 0.999976 1.63927
0.751692 -0.659497 0.004784 -53.9459 0.659514 0.751666 -0.00628148 -25.0161 0.000546648 0.00787686 0.999969 1.66069
0.751039 -0.660246 0.00393756 -54.5687 0.660255 0.751006 -0.00722658 -25.5817 0.00181419 0.00802723 0.999966 1.66718
0.750825 -0.660488 0.00404906 -55.1631 0.660497 0.750789 -0.00769077 -26.0964 0.00203967 0.00844882 0.999962 1.68071
0.751065 -0.660212 0.00468347 -55.8129 0.660228 0.751032 -0.00714208 -26.6363 0.00119785 0.00845632 0.999964 1.70812
0.751994 -0.659149 0.00523346 -56.4294 0.65917 0.751969 -0.0061042 -27.1796 8.81748e-05 0.00804006 0.999968 1.72839
0.752467 -0.658614 0.00455734 -57.0625 0.65863 0.752449 -0.00530338 -27.714 6.3715e-05 0.00699222 0.999976 1.74622
0.753048 -0.65796 0.00273341 -57.682 0.657961 0.753018 -0.0071319 -28.246 0.0026342 0.00716913 0.999971 1.77316
0.75353 -0.65741 0.00235102 -58.32 0.657396 0.753477 -0.0101893 -28.7894 0.00492708 0.00922347 0.999945 1.79565
0.75466 -0.656116 0.000683629 -58.9284 0.656066 0.754589 -0.0131373 -29.343 0.00810372 0.0103627 0.999913 1.8048
0.755173 -0.655526 0.000113616 -59.5547 0.65547 0.755105 -0.0132409 -29.8667 0.00859398 0.0100737 0.999912 1.80308
0.756473 -0.654022 -0.00189158 -60.1858 0.65395 0.756428 -0.0128895 -30.39 0.00986083 0.00851353 0.999915 1.84801
0.757563 -0.652762 -0.000788765 -60.7588 0.6527 0.757506 -0.0129801 -30.8924 0.0090704 0.0093184 0.999915 1.85472
0.759148 -0.650918 -0.000992252 -61.3905 0.650867 0.759106 -0.0113643 -31.4565 0.00815047 0.00798139 0.999935 1.88673
0.760541 -0.649289 0.00104514 -62.0129 0.649263 0.760493 -0.0104023 -31.9545 0.0059593 0.00858997 0.999945 1.89737
0.763159 -0.646209 0.00146308 -62.6278 0.646189 0.763114 -0.00985427 -32.4736 0.00525142 0.0084658 0.99995 1.90772
0.765148 -0.643852 0.001645 -63.2542 0.643836 0.765105 -0.00951941 -32.979 0.00487049 0.00834288 0.999953 1.90732
0.767665 -0.64085 0.00108825 -63.8918 0.640825 0.767617 -0.0103576 -33.5075 0.00580228 0.00864851 0.999946 1.94684
0.770479 -0.637463 0.0016567 -64.4944 0.637451 0.770442 -0.0086888 -33.9935 0.0042624 0.00775061 0.999961 1.95227
0.773214 -0.634141 0.00230039 -65.1399 0.634137 0.773181 -0.00775529 -34.525 0.00313933 0.00745526 0.999967 1.96234
0.776042 -0.63068 0.00125447 -65.74 0.630663 0.776003 -0.00913242 -34.9935 0.00478617 0.00787829 0.999958 1.98967
0.778882 -0.627169 0.00118231 -66.3672 0.627149 0.778839 -0.00975548 -35.4989 0.00519751 0.00833985 0.999952 2.00391
0.78245 -0.622707 0.00284405 -67.0141 0.622694 0.782382 -0.011391 -36.018 0.00486811 0.0106838 0.999931 2.02576
0.785891 -0.618359 0.00271141 -67.6426 0.618348 0.785829 -0.0108574 -36.5133 0.00458308 0.0102093 0.999937 2.05041
0.789821 -0.61333 0.00308028 -68.2786 0.61332 0.789751 -0.011524 -36.9889 0.00463536 0.0109911 0.999929 2.05393
0.793153 -0.609021 0.00148051 -68.9327 0.608996 0.793094 -0.0112503 -37.475 0.00567745 0.00982479 0.999936 2.08728
0.796835 -0.604196 0.000878559 -69.5575 0.604154 0.796761 -0.0130257 -37.9539 0.00717009 0.0109101 0.999915 2.10828
0.800219 -0.599705 0.00212096 -70.2321 0.599679 0.800139 -0.0128008 -38.4347 0.00597965 0.0115153 0.999916 2.08129
0.80392 -0.594732 0.00250795 -70.9004 0.594709 0.803834 -0.0131658 -38.9375 0.00581416 0.0120758 0.99991 2.1216
0.807198 -0.59028 0.00140693 -71.5477 0.590251 0.807131 -0.0119673 -39.4031 0.00592846 0.0104904 0.999927 2.13685
0.81081 -0.585307 0.00138639 -72.2177 0.585276 0.810738 -0.0125128 -39.8595 0.00619982 0.0109569 0.999921 2.15432
0.8147 -0.579881 0.00152361 -72.8958 0.579852 0.814626 -0.0124881 -40.3207 0.00600043 0.0110575 0.999921 2.17941
0.818739 -0.574165 0.000846469 -73.5359 0.574135 0.81868 -0.0115316 -40.7768 0.00592804 0.00992734 0.999933 2.2018
0.822654 -0.568527 0.00419159 -74.2432 0.568533 0.822576 -0.0118005 -41.2295 0.00326103 0.0120908 0.999922 2.19777
0.827411 -0.561582 0.00401655 -74.9026 0.561593 0.827359 -0.0095622 -41.6787 0.00204683 0.0101675 0.999946 2.22536
0.831719 -0.555178 0.00449246 -75.5875 0.555196 0.831682 -0.00790801 -42.1425 0.000654056 0.00907145 0.999959 2.23197
0.836234 -0.548352 0.00481692 -76.2464 0.548373 0.836197 -0.00785944 -42.5552 0.000281853 0.0092138 0.999958 2.25596
0.840546 -0.541723 0.00436867 -76.9512 0.541741 0.840518 -0.00680215 -43.002 1.29323e-05 0.0080842 0.999967 2.26542
0.844516 -0.535526 0.00215145 -77.65 0.535529 0.844497 -0.0057423 -43.4228 0.00125826 0.00600163 0.999981 2.29954
0.849334 -0.527855 0.00108048 -78.3259 0.527849 0.849311 -0.00680593 -43.8472 0.00267488 0.00635084 0.999976 2.32789
0.854122 -0.520071 0.00121224 -79.0741 0.520066 0.854098 -0.00694591 -44.2631 0.00257699 0.00656311 0.999975 2.34211
0.858905 -0.512134 0.000859994 -79.7382 0.512129 0.858886 -0.00626808 -44.6563 0.00247146 0.00582412 0.99998 2.36703
0.863838 -0.503769 0.000376917 -80.4558 0.50376 0.863819 -0.00648807 -45.0455 0.0029429 0.00579452 0.999979 2.39694
0.868373 -0.495908 0.00183194 -81.1806 0.495911 0.868364 -0.00402974 -45.4286 0.000407589 0.0044078 0.99999 2.41029
0.873161 -0.48741 0.00459145 -81.9028 0.487415 0.87317 -3.68736e-05 -45.8159 -0.00399115 0.00227014 0.999989 2.42343
0.878031 -0.478541 0.00770382 -82.6071 0.478545 0.878062 0.00144695 -46.1957 -0.00745685 0.00241616 0.999969 2.45503
0.882301 -0.470606 0.00872405 -83.3411 0.470607 0.882341 0.0020299 -46.5842 -0.00865287 0.00231461 0.99996 2.47205
0.88667 -0.462339 0.00769938 -84.0678 0.462335 0.886702 0.00239097 -46.9404 -0.0079325 0.00143969 0.999968 2.50284
0.89082 -0.4543 0.00718639 -84.8245 0.454295 0.890848 0.00230484 -47.3022 -0.00744907 0.00121154 0.999972 2.54047
0.895586 -0.444832 0.00710816 -85.5554 0.444825 0.895614 0.00266859 -47.6755 -0.00755324 0.000771941 0.999971 2.57883
0.899519 -0.436774 0.00971819 -86.3167 0.436767 0.89957 0.00298784 -48.0219 -0.0100472 0.00155696 0.999948 2.60201
0.903771 -0.427783 0.0141283 -87.0506 0.427788 0.903875 0.00282457 -48.3596 -0.0139785 0.00349117 0.999896 2.62883
0.907495 -0.419846 0.0135296 -87.831 0.419839 0.907592 0.003463 -48.6994 -0.0137333 0.00253759 0.999902 2.6728
0.911623 -0.410808 0.0134106 -88.5614 0.410804 0.911718 0.00320592 -49.0299 -0.0135437 0.00258652 0.999905 2.69421
0.915724 -0.401603 0.012855 -89.3262 0.401598 0.915811 0.00303565 -49.3712 -0.0129919 0.00238272 0.999913 2.73309
0.919443 -0.392993 0.0134716 -90.0553 0.393003 0.919535 0.00207101 -49.6715 -0.0132015 0.00339022 0.999907 2.76429
0.923269 -0.383867 0.0148264 -90.8276 0.383881 0.92338 0.00201461 -49.9948 -0.0144638 0.00383156 0.999888 2.80743
0.926967 -0.374821 0.0155303 -91.6004 0.374817 0.927093 0.00332271 -50.2934 -0.0156434 0.00274097 0.999874 2.82852
0.930321 -0.366448 0.0147723 -92.41 0.366461 0.930432 0.00191976 -50.5823 -0.0144481 0.00362745 0.999889 2.86317
0.934238 -0.35636 0.0143485 -93.156 0.356378 0.934341 0.00141415 -50.8738 -0.0139103 0.00379232 0.999896 2.89703
0.93745 -0.347801 0.0148837 -93.9466 0.347819 0.937561 0.00145311 -51.1487 -0.0144598 0.00381462 0.999888 2.93303
0.940739 -0.338757 0.0159309 -94.7576 0.338789 0.940862 0.000749578 -51.4504 -0.0152427 0.00469207 0.999873 2.961
0.943654 -0.330557 0.0157837 -95.5149 0.330584 0.943776 0.000954657 -51.6855 -0.0152118 0.00431696 0.999875 2.96855
0.946267 -0.323123 0.013061 -96.34 0.32315 0.946348 5.04967e-05 -51.942 -0.0123766 0.00417289 0.999915 3.02232
0.949002 -0.314961 0.0139438 -97.1324 0.314988 0.949096 0.000299042 -52.1945 -0.0133282 0.00410833 0.999903 3.05726
0.951536 -0.307167 0.0151083 -97.9375 0.307211 0.951641 -0.000584835 -52.4561 -0.0141981 0.00519793 0.999886 3.08448
0.953798 -0.300009 0.0162613 -98.7526 0.300039 0.953927 0.000645235 -52.6972 -0.0157057 0.00426359 0.999868 3.1354
0.955972 -0.292967 0.0169409 -99.5795 0.292985 0.956116 0.00146516 -52.9511 -0.0166267 0.00356277 0.999855 3.14902
0.95798 -0.286536 0.0131225 -100.371 0.286554 0.958064 0.000522172 -53.1728 -0.0127218 0.00326006 0.999914 3.18089
0.959946 -0.279968 0.0110453 -101.174 0.279969 0.960008 0.00148393 -53.4 -0.011019 0.00166784 0.999938 3.19081
0.961909 -0.273245 0.0082749 -101.988 0.273246 0.961944 0.000973636 -53.6121 -0.00822603 0.00132454 0.999965 3.2516
0.963816 -0.266457 0.00766191 -102.829 0.266449 0.963847 0.00209879 -53.8527 -0.00794415 1.86562e-05 0.999968 3.26396
0.965752 -0.259335 0.00828014 -103.681 0.259334 0.965787 0.00126833 -54.0751 -0.00832577 0.00092243 0.999965 3.29667
0.967489 -0.252704 0.0102942 -104.47 0.252686 0.967544 0.00300456 -54.2653 -0.0107193 -0.000305688 0.999942 3.33016
0.969132 -0.246239 0.0122501 -105.305 0.246169 0.969202 0.00691118 -54.4507 -0.0135746 -0.00368225 0.999901 3.34704
0.971046 -0.238717 0.00918285 -106.114 0.238651 0.971075 0.00772148 -54.6577 -0.0107605 -0.00530641 0.999928 3.40965
0.972689 -0.232107 0.00162941 -106.954 0.232102 0.972688 0.00262319 -54.8606 -0.00219376 -0.00217335 0.999995 3.43477
0.974377 -0.224872 -0.00473876 -107.808 0.22487 0.974388 -0.000940967 -55.059 0.00482899 -0.000148751 0.999988 3.43226
0.97598 -0.217809 -0.00476118 -108.647 0.217808 0.975991 -0.000717594 -55.2392 0.00480317 -0.000336665 0.999988 3.472
0.977732 -0.209836 0.00286366 -109.473 0.209834 0.977737 0.00093126 -55.3954 -0.00299532 -0.00030963 0.999995 3.47962
0.979231 -0.202537 0.00920246 -110.296 0.202514 0.979274 0.00336217 -55.5569 -0.00969269 -0.00142872 0.999952 3.49533
0.980756 -0.194932 0.0108813 -111.159 0.194896 0.980815 0.00429809 -55.7282 -0.0115104 -0.00209466 0.999932 3.54692
0.982262 -0.187286 0.00919561 -112.007 0.187264 0.982304 0.00320759 -55.8797 -0.00963363 -0.00142868 0.999953 3.56352
0.98378 -0.179251 0.00679362 -112.849 0.179224 0.983799 0.00435051 -56.0381 -0.00746339 -0.00306237 0.999967 3.59874
0.985171 -0.171454 0.00651384 -113.731 0.171435 0.98519 0.00334989 -56.1698 -0.00699172 -0.00218351 0.999973 3.62212
0.986476 -0.163793 0.00606226 -114.548 0.163775 0.986492 0.00337216 -56.288 -0.00653271 -0.00233371 0.999976 3.63389
0.987761 -0.155831 0.00663577 -115.453 0.155806 0.987779 0.00413147 -56.4223 -0.00719849 -0.00304701 0.999969 3.65661
0.988907 -0.148353 0.00735831 -116.278 0.148322 0.988929 0.00457427 -56.5303 -0.00795545 -0.00343213 0.999962 3.69113
0.989985 -0.140938 0.00815794 -117.161 0.140884 0.990003 0.00679718 -56.6579 -0.00903437 -0.00557978 0.999944 3.73136
0.991092 -0.132937 0.00804323 -118.019 0.132874 0.991101 0.00793089 -56.7604 -0.00902597 -0.0067915 0.999936 3.75318
0.992062 -0.125503 0.00789946 -118.876 0.125428 0.992058 0.00938976 -56.8658 -0.00901517 -0.0083244 0.999925 3.77239
0.993044 -0.117467 0.0081313 -119.722 0.117374 0.993026 0.0111153 -56.9665 -0.00938027 -0.0100836 0.999905 3.80137
0.993962 -0.109439 0.00791404 -120.633 0.10934 0.993932 0.0120029 -57.0649 -0.0091796 -0.0110651 0.999897 3.83466
0.994757 -0.102031 0.00697358 -121.474 0.101941 0.994716 0.012207 -57.1302 -0.00818221 -0.0114321 0.999901 3.87367
0.99556 -0.0938363 0.00741058 -122.37 0.0937406 0.99552 0.0123447 -57.1955 -0.00853576 -0.0115952 0.999896 3.90794
0.996231 -0.0863669 0.00804178 -123.235 0.0862526 0.99618 0.0136103 -57.261 -0.00918654 -0.0128654 0.999875 3.93682
0.99683 -0.0792074 0.00752968 -124.129 0.079096 0.996768 0.0140825 -57.3276 -0.00862078 -0.0134423 0.999872 3.95924
0.997438 -0.0711329 0.00759233 -124.996 0.0710371 0.997399 0.0122153 -57.3738 -0.00844149 -0.0116447 0.999897 4.00012
0.997987 -0.0630242 0.00708383 -125.887 0.0629449 0.997957 0.0109093 -57.4305 -0.00775691 -0.0104414 0.999915 4.02111
0.998471 -0.0550136 0.0053943 -126.766 0.0549564 0.998436 0.0102259 -57.4689 -0.00594844 -0.00991386 0.999933 4.06846
0.998862 -0.047433 0.00490422 -127.64 0.0473888 0.998838 0.00877847 -57.4897 -0.00531491 -0.00853608 0.999949 4.08947
0.999202 -0.0396807 0.00458066 -128.516 0.0396441 0.999183 0.00782775 -57.5258 -0.00488753 -0.00763991 0.999959 4.11481
0.999486 -0.0317215 0.00463937 -129.415 0.0316861 0.99947 0.0075189 -57.5526 -0.00487542 -0.00736804 0.999961 4.13122
0.999713 -0.0236474 0.00394126 -130.296 0.0236184 0.999695 0.00727127 -57.5781 -0.00411201 -0.00717609 0.999966 4.16332
0.999857 -0.0167155 0.00246016 -131.195 0.0166981 0.999837 0.00690894 -57.578 -0.00257524 -0.00686687 0.999973 4.19317
0.999953 -0.00956478 0.0017317 -132.065 0.00955384 0.999935 0.00621874 -57.573 -0.00179107 -0.0062019 0.999979 4.21448
0.999995 -0.00278316 0.00145061 -133.01 0.00277544 0.999982 0.00529727 -57.5756 -0.00146532 -0.00529322 0.999985 4.23566
0.99999 0.0040903 0.00185908 -133.891 -0.00409876 0.999981 0.00457065 -57.5717 -0.00184035 -0.00457822 0.999988 4.25163
0.999931 0.0112618 0.00347561 -134.789 -0.0112784 0.999925 0.00480997 -57.5453 -0.00342118 -0.00484884 0.999982 4.26099
0.999832 0.0178186 0.00431804 -135.689 -0.0178437 0.999824 0.00584227 -57.5175 -0.00421318 -0.00591834 0.999974 4.29608
0.999698 0.0242181 0.00414865 -136.58 -0.0242392 0.999693 0.00510008 -57.4869 -0.00402387 -0.0051991 0.999978 4.32508
0.999489 0.0316486 0.0043775 -137.486 -0.0316685 0.999488 0.00453819 -57.4505 -0.00423163 -0.0046745 0.99998 4.34851
0.999314 0.0367621 0.00440904 -138.4 -0.0367847 0.99931 0.00516457 -57.4076 -0.00421614 -0.00532321 0.999977 4.3634
0.999034 0.0437687 0.00398694 -139.307 -0.0437889 0.999028 0.00513103 -57.3642 -0.00375848 -0.00530065 0.999979 4.39452
0.998714 0.050331 0.00608024 -140.233 -0.0503705 0.998709 0.0065276 -57.3021 -0.00574385 -0.00682547 0.99996 4.44366
0.998379 0.0567599 0.00427126 -141.167 -0.0567883 0.998363 0.00686672 -57.2294 -0.00387452 -0.00709814 0.999967 4.46105
