1 0 0 0 0 1 0 0 -0 0 1 0
0.999999 -0.00121983 -0.000287409 -0.00359166 0.00121989 0.999999 0.000191241 -0.000982868 0.000287175 -0.000191591 1 0.0199996
0.999999 -0.00113557 -0.000212023 -0.00456086 0.00113562 0.999999 0.000227215 -0.00712968 0.000211765 -0.000227456 1 0.0168185
0.999999 -0.00111064 -0.000266844 -0.0027774 0.0011107 0.999999 0.000218594 -0.00927148 0.000266601 -0.000218891 1 0.0201579
0.999999 -0.00118031 -0.000172265 -0.00681548 0.00118034 0.999999 0.000202184 -0.00562654 0.000172026 -0.000202387 1 0.0165155
0.999999 -0.00114232 -0.000248583 -0.00379937 0.00114237 0.999999 0.000219704 -0.00534099 0.000248331 -0.000219988 1 0.0200204
0.999999 -0.00108088 -0.000251242 -0.00209955 0.00108094 0.999999 0.000235728 -0.0160771 0.000250987 -0.000235999 1 0.0176859
0.999999 -0.00118932 -0.000190324 -0.00546816 0.00118936 0.999999 0.000242279 -0.011543 0.000190036 -0.000242506 1 0.0165532
0.999999 -0.00124133 -0.000217293 -0.00686263 0.00124137 0.999999 0.000198382 -0.00435176 0.000217047 -0.000198651 1 0.0167295
0.999999 -0.00112731 -0.00018797 0.00149614 0.00112736 0.999999 0.000268126 -0.00635911 0.000187667 -0.000268337 1 0.017479
0.999999 -0.00105981 -0.000221374 -0.00494325 0.00105985 0.999999 0.000214188 -0.0127328 0.000221147 -0.000214423 1 0.019085
0.999999 -0.00107469 -0.000185667 0.0012394 0.00107473 0.999999 0.000235451 -0.00957065 0.000185414 -0.00023565 1 0.0168828
0.999999 -0.0011225 -0.000122428 -0.00102825 0.00112253 0.999999 0.000215596 -0.00945718 0.000122186 -0.000215733 1 0.0173733
0.999999 -0.0011807 -0.000192793 -0.00328108 0.00118074 0.999999 0.000176692 -0.00935578 0.000192584 -0.00017692 1 0.0178627
0.999999 -0.00107458 -0.000189905 -0.00472055 0.00107462 0.999999 0.00021647 -0.0121435 0.000189672 -0.000216674 1 0.0169699
0.999999 -0.00110093 -0.000170657 -0.00207752 0.00110098 0.999999 0.00027466 -0.0144914 0.000170354 -0.000274848 1 0.0166456
0.999999 -0.00099211 -0.000216011 0.000558135 0.000992152 0.999999 0.000195273 -0.0168335 0.000215817 -0.000195487 1 0.0163247
0.999999 -0.00127055 -7.30185e-05 -0.00346987 0.00127057 0.999999 0.00026812 -0.00520027 7.26777e-05 -0.000268213 1 0.014069
0.999999 -0.00105718 -0.000316575 0.0062503 0.00105726 0.999999 0.000255256 -0.00907891 0.000316304 -0.000255591 1 0.0179545
0.999999 -0.00104975 -0.000128818 -0.0083998 0.00104978 0.999999 0.000272322 -0.0156947 0.000128532 -0.000272457 1 0.0177888
0.999999 -0.00108042 -0.000178931 -0.00260319 0.00108046 0.999999 0.00023486 -0.0163789 0.000178678 -0.000235053 1 0.0173789
0.999999 -0.00124364 -0.000159036 -0.00665297 0.00124367 0.999999 0.000191558 -0.00724537 0.000158798 -0.000191756 1 0.0182655
0.999999 -0.0010764 -0.000149319 -0.00308861 0.00107644 0.999999 0.00026776 -0.0127648 0.000149031 -0.00026792 1 0.0181118
1 -0.00090847 -0.000143766 -0.00136311 0.000908514 1 0.000300279 -0.0181111 0.000143493 -0.00030041 1 0.0159064
0.999999 -0.0011012 -5.17351e-05 -0.00637663 0.00110121 0.999999 0.000239983 -0.00708836 5.14708e-05 -0.00024004 1 0.0148285
0.999999 -0.00108536 -0.000209551 -0.00408676 0.00108541 0.999999 0.000246554 -0.00585372 0.000209283 -0.000246781 1 0.0173629
0.999999 -0.00120267 -0.000156846 -0.00196468 0.00120271 0.999999 0.000241899 -0.0113661 0.000156555 -0.000242088 1 0.0164663
1 -0.000939036 -0.000245737 -0.00349965 0.000939082 1 0.000187419 -0.0157632 0.000245561 -0.00018765 1 0.0165331
0.999999 -0.00107524 -6.65212e-05 -0.00271215 0.00107526 0.999999 0.00024845 -0.0184547 6.62541e-05 -0.000248521 1 0.0130599
0.999999 -0.00103934 -7.56363e-05 -0.00596787 0.00103936 0.999999 0.000309209 -0.0119856 7.53149e-05 -0.000309287 1 0.0155854
0.999999 -0.00114259 -0.000104508 -0.0059932 0.00114261 0.999999 0.000256715 -0.00939117 0.000104214 -0.000256834 1 0.0154304
0.999999 -0.00123421 -0.000165619 -0.0060167 0.00123425 0.999999 0.000242648 -0.00680535 0.00016532 -0.000242852 1 0.0152774
0.999999 -0.000999323 -0.000135757 -0.00899617 0.000999353 0.999999 0.000219943 -0.0101363 0.000135537 -0.000220078 1 0.0163945
0.999999 -0.00101825 -4.26692e-05 -0.00465953 0.00101826 0.999999 0.00026833 -0.0127183 4.2396e-05 -0.000268373 1 0.0159373
0.999999 -0.00105225 -0.000160452 -0.00249967 0.00105229 0.999999 0.000229431 -0.0113416 0.000160211 -0.0002296 1 0.0192542
0.999999 -0.00106579 -9.94424e-05 -0.00220447 0.00106582 0.999999 0.000268931 -0.00934801 9.91557e-05 -0.000269037 1 0.0151139
0.999999 -0.00107593 -0.000131508 -0.010111 0.00107596 0.999999 0.000295036 -0.00956144 0.00013119 -0.000295178 1 0.0160938
0.999999 -0.00124808 -0.00010674 -0.00839488 0.00124811 0.999999 0.000293158 -0.0135831 0.000106374 -0.000293291 1 0.0166379
0.999999 -0.00101674 -0.000155214 0.00427955 0.00101677 0.999999 0.000248771 -0.0156749 0.000154961 -0.000248929 1 0.0157774
1 -0.000990265 -0.000122022 -0.00587291 0.000990302 0.999999 0.000297491 -0.0138575 0.000121727 -0.000297611 1 0.0163553
0.999999 -0.00101794 -0.000117775 -0.00208583 0.00101797 0.999999 0.000250087 -0.0184367 0.00011752 -0.000250206 1 0.015562
0.999999 -0.00112438 -0.000115049 -0.00172538 0.0011244 0.999999 0.00022995 -0.00868861 0.000114791 -0.00023008 1 0.0147118
0.999999 -0.00104132 -0.000141411 0.00149299 0.00104135 0.999999 0.00021497 -0.0124286 0.000141187 -0.000215117 1 0.016168
0.999999 -0.00109359 -0.00026024 0.0193611 0.00109365 0.999999 0.000220884 -0.0165946 0.000259999 -0.000221169 1 0.0176845
0.999999 -0.00116782 -0.000332874 0.0541415 0.00116789 0.999999 0.000204963 -0.0329501 0.000332634 -0.000205352 1 0.0216201
0.999999 -0.00127503 -0.000260672 0.0563835 0.00127511 0.999999 0.000316083 -0.0242963 0.000260269 -0.000316415 1 0.0244854
0.999999 -0.00155525 -1.79393e-05 0.0506825 0.00155525 0.999999 0.000313939 -0.028005 1.7451e-05 -0.000313966 1 0.0215068
0.999999 -0.00147224 -0.000210044 0.0374984 0.0014723 0.999999 0.00028394 -0.0282137 0.000209626 -0.000284249 1 0.0266414
0.999998 -0.00173094 -0.000249868 0.0201491 0.00173102 0.999998 0.000321308 -0.0330205 0.000249312 -0.00032174 1 0.0256059
0.999999 -0.00147636 -0.000292344 0.00827444 0.00147644 0.999999 0.000281476 -0.033855 0.000291928 -0.000281908 1 0.0247806
0.999999 -0.00172782 -6.61629e-05 -0.0176641 0.00172783 0.999998 0.000278357 -0.034252 6.56819e-05 -0.00027847 1 0.0209172
0.999998 -0.00189698 1.09967e-05 -0.0393876 0.00189698 0.999998 0.000245511 -0.0249104 -1.14624e-05 -0.00024549 1 0.0228547
0.999997 -0.00249544 0.000266768 -0.0758346 0.00249535 0.999997 0.00033912 -0.0169486 -0.000267614 -0.000338453 1 0.0234155
0.999997 -0.00223784 0.000202996 -0.109483 0.00223778 0.999997 0.000288821 -0.0190324 -0.000203642 -0.000288366 1 0.0277678
0.999998 -0.0019581 0.000413072 -0.170482 0.00195795 0.999998 0.000354911 -0.00825278 -0.000413766 -0.000354102 1 0.0292349
0.999997 -0.00219024 0.000847425 -0.227012 0.00218983 0.999997 0.000485675 -0.00690858 -0.000848486 -0.000483818 1 0.0268034
0.999997 -0.00220139 0.000947827 -0.287077 0.00220087 0.999997 0.000555424 -0.00937852 -0.000949048 -0.000553337 0.999999 0.0290412
0.999997 -0.00215485 0.00126235 -0.375943 0.00215414 0.999998 0.000563382 -0.00683869 -0.00126356 -0.000560661 0.999999 0.0298164
0.999996 -0.00236282 0.00128676 -0.450807 0.00236227 0.999997 0.000426508 0.00465442 -0.00128777 -0.000423467 0.999999 0.0311412
0.999996 -0.00231362 0.00180872 -0.547946 0.00231259 0.999997 0.000574677 -0.0078215 -0.00181004 -0.000570492 0.999998 0.0291713
0.999995 -0.00221463 0.00223501 -0.644834 0.00221296 0.999997 0.000749562 -0.00719745 -0.00223666 -0.000744612 0.999997 0.0311573
0.999995 -0.00215082 0.00251367 -0.751171 0.00214828 0.999997 0.00101272 0.00555644 -0.00251584 -0.00100731 0.999996 0.0340158
0.999993 -0.00258097 0.00279645 -0.856239 0.00257816 0.999996 0.00100716 -0.000975126 -0.00279904 -0.000999944 0.999996 0.0403087
0.999992 -0.00256254 0.00300601 -0.96832 0.00255908 0.999996 0.0011525 -0.00186174 -0.00300895 -0.0011448 0.999995 0.0433599
0.99999 -0.00239172 0.00369451 -1.07206 0.002387 0.999996 0.00128098 -0.00406347 -0.00369756 -0.00127214 0.999992 0.0504749
0.999988 -0.00271975 0.00403189 -1.22032 0.00271459 0.999995 0.00128329 0.00249135 -0.00403537 -0.00127233 0.999991 0.0493841
0.999985 -0.00287998 0.00470511 -1.37748 0.00287343 0.999995 0.00140009 -0.00435276 -0.00470912 -0.00138655 0.999988 0.0505238
0.999985 -0.00204087 0.00509084 -1.54118 0.00203386 0.999997 0.00138324 -0.00203986 -0.00509365 -0.00137287 0.999986 0.0549778
0.999984 -0.00149546 0.00536882 -1.7086 0.00148955 0.999998 0.00110517 -0.00487414 -0.00537047 -0.00109716 0.999985 0.0575881
0.999985 -0.000851887 0.00546252 -1.9014 0.000846673 0.999999 0.000956775 0.0109184 -0.00546333 -0.000952136 0.999985 0.0584119
0.999983 -0.000754439 0.00574626 -2.09548 0.000746305 0.999999 0.00141758 0.0151068 -0.00574732 -0.00141326 0.999982 0.054617
0.999986 0.000612151 0.0052517 -2.29256 -0.000621476 0.999998 0.0017742 0.012771 -0.0052506 -0.00177743 0.999985 0.0727812
0.999988 0.00164971 0.00471461 -2.48665 -0.00165877 0.999997 0.00191901 0.012536 -0.00471143 -0.0019268 0.999987 0.0786682
0.999982 0.00329156 0.00496367 -2.70143 -0.00330364 0.999992 0.00242761 0.00304031 -0.00495564 -0.00244397 0.999985 0.0805487
0.999977 0.00407525 0.00535782 -2.94062 -0.00408972 0.999988 0.00269156 0.0180284 -0.00534678 -0.00271341 0.999982 0.0886195
0.999969 0.00554035 0.005653 -3.1871 -0.00555728 0.99998 0.00298301 0.027046 -0.00563636 -0.00301433 0.99998 0.0902007
0.999956 0.0070419 0.00625331 -3.43455 -0.00706432 0.999969 0.00357123 0.0258073 -0.00622796 -0.00361525 0.999974 0.099695
0.999936 0.00837799 0.00755069 -3.70716 -0.0084068 0.999957 0.00379246 0.0312418 -0.00751859 -0.0038557 0.999964 0.104164
0.999916 0.0104934 0.00764119 -3.96833 -0.0105226 0.999937 0.00378452 0.0309906 -0.007601 -0.00386461 0.999964 0.1099
0.9999 0.0112125 0.00857072 -4.25913 -0.0112403 0.999932 0.00320076 0.0454131 -0.00853424 -0.00329678 0.999958 0.120848
0.999869 0.0131786 0.00942292 -4.55717 -0.0132011 0.99991 0.00232393 0.0423012 -0.00939145 -0.00244802 0.999953 0.125489
0.999836 0.0148053 0.0104137 -4.8476 -0.0148233 0.999889 0.00165754 0.0357418 -0.010388 -0.00181164 0.999944 0.128679
0.999809 0.016185 0.0109352 -5.15755 -0.0162072 0.999867 0.00194713 0.0448742 -0.0109022 -0.00212399 0.999938 0.140273
0.99976 0.0178662 0.0126798 -5.47563 -0.0179038 0.999836 0.00285891 0.0714937 -0.0126266 -0.00308524 0.999916 0.128231
0.999726 0.0192814 0.0132554 -5.825 -0.0193293 0.999807 0.0034969 0.101543 -0.0131854 -0.00375216 0.999906 0.149281
0.999682 0.0214653 0.0132217 -6.15298 -0.0215149 0.999762 0.00362086 0.10425 -0.0131408 -0.00390417 0.999906 0.167637
0.999646 0.0231966 0.0130482 -6.51125 -0.0232435 0.999724 0.00345564 0.11919 -0.0129644 -0.0037577 0.999909 0.176161
0.999602 0.0251707 0.0127551 -6.8709 -0.0252105 0.999678 0.00296897 0.127216 -0.0126763 -0.00328935 0.999914 0.181379
0.999545 0.0274544 0.0124849 -7.23341 -0.0274818 0.99962 0.00202989 0.13024 -0.0124244 -0.00237207 0.99992 0.199362
0.999482 0.0296593 0.0124647 -7.60323 -0.0296783 0.999559 0.00133442 0.121883 -0.0124196 -0.00170366 0.999921 0.211153
0.999425 0.0315736 0.0123328 -7.98372 -0.0315863 0.999501 0.000840592 0.150348 -0.0123001 -0.00122966 0.999924 0.208411
0.999383 0.0329591 0.0121401 -8.38834 -0.0329725 0.999456 0.000907399 0.17092 -0.0121036 -0.00130713 0.999926 0.219432
0.99933 0.0345965 0.0119035 -8.7951 -0.0346203 0.999399 0.00179496 0.207136 -0.0118342 -0.00220586 0.999928 0.228071
0.999267 0.0365275 0.0114314 -9.2019 -0.0365583 0.999328 0.00250497 0.222509 -0.0113322 -0.00292105 0.999932 0.250906
0.999201 0.0381407 0.011962 -9.61779 -0.0381695 0.999269 0.00219173 0.242194 -0.0118697 -0.00264656 0.999926 0.263648
0.999128 0.0400374 0.0118725 -10.0307 -0.0400611 0.999196 0.00176862 0.248126 -0.0117922 -0.0022427 0.999928 0.271885
0.99909 0.041353 0.0104082 -10.4705 -0.0413735 0.999142 0.00175385 0.266467 -0.0103268 -0.00218288 0.999944 0.271
0.999036 0.042922 0.00923488 -10.9048 -0.0429463 0.999074 0.00244924 0.292131 -0.00912121 -0.00284348 0.999954 0.287804
0.998983 0.0441261 0.00930843 -11.3443 -0.044156 0.99902 0.00303015 0.307744 -0.0091656 -0.00343809 0.999952 0.304567
0.998958 0.0445816 0.0097999 -11.7868 -0.04462 0.998997 0.00373686 0.331435 -0.00962347 -0.00417024 0.999945 0.318961
0.9989 0.0457798 0.0101653 -12.2688 -0.0458222 0.998942 0.00398691 0.363867 -0.009972 -0.00444832 0.99994 0.336552
0.998853 0.0470027 0.00912019 -12.7534 -0.0470394 0.998886 0.00385409 0.416406 -0.00892888 -0.00427868 0.999951 0.343816
0.998837 0.0475001 0.00828055 -13.2419 -0.0475376 0.99886 0.00438945 0.432192 -0.00806261 -0.00477798 0.999956 0.367541
0.998847 0.0473133 0.00816001 -13.7043 -0.0473598 0.998862 0.00561009 0.434539 -0.0078853 -0.00599008 0.999951 0.377605
0.998858 0.0471482 0.00776702 -14.1911 -0.0471928 0.99887 0.00565638 0.477445 -0.00749155 -0.00601647 0.999954 0.398594
0.998892 0.0463775 0.00802375 -14.6973 -0.0464256 0.998904 0.00591071 0.488733 -0.00774084 -0.00627666 0.99995 0.415288
0.99892 0.0457114 0.00827021 -15.2149 -0.0457589 0.998937 0.00564616 0.547628 -0.00800332 -0.0060185 0.99995 0.426987
0.998921 0.0455869 0.00886763 -15.6919 -0.0456384 0.998942 0.00568637 0.541413 -0.00859902 -0.00608493 0.999945 0.442124
0.998943 0.0447218 0.0105919 -16.2424 -0.0447837 0.998981 0.00568592 0.568053 -0.0103268 -0.00615425 0.999928 0.450851
0.998942 0.0444948 0.0116635 -16.755 -0.0445605 0.998992 0.00543298 0.584774 -0.01141 -0.00594696 0.999917 0.468095
0.998967 0.0439247 0.0116016 -17.3222 -0.0439996 0.999012 0.00628239 0.620065 -0.0113142 -0.00678637 0.999913 0.48618
0.999014 0.0431213 0.010556 -17.8371 -0.0431986 0.999041 0.00720762 0.631521 -0.010235 -0.00765652 0.999918 0.493836
0.999047 0.0425922 0.00951864 -18.3845 -0.0426614 0.999064 0.00718501 0.651042 -0.0092037 -0.00758424 0.999929 0.521059
0.99906 0.0423377 0.00934265 -18.9594 -0.0424066 0.999074 0.00731039 0.673456 -0.00902449 -0.00769971 0.99993 0.52938
0.999092 0.0417003 0.00873565 -19.5157 -0.041757 0.999107 0.00641607 0.70311 -0.00846029 -0.00677502 0.999941 0.547782
0.999114 0.0411624 0.00882072 -20.0836 -0.0412239 0.999126 0.00690765 0.732587 -0.00852867 -0.00726515 0.999937 0.570485
0.999108 0.0407523 0.0110797 -20.7115 -0.040834 0.99914 0.00725676 0.761276 -0.0107744 -0.00770272 0.999912 0.584015
0.999109 0.0402335 0.01273 -21.2918 -0.0403273 0.999161 0.00720045 0.78326 -0.0124296 -0.0077074 0.999893 0.602299
0.999007 0.0405246 0.0184972 -21.8559 -0.040653 0.999151 0.00662047 0.808935 -0.0182132 -0.00736586 0.999807 0.622045
0.998614 0.039857 0.0343674 -22.4314 -0.0401681 0.999158 0.00840964 0.82575 -0.0340033 -0.00977846 0.999374 0.655298
0.997948 0.0397508 0.0502041 -23.0144 -0.0403913 0.999114 0.0118078 0.870933 -0.0496903 -0.0138113 0.998669 0.693233
0.997453 0.0398491 0.0591626 -23.6071 -0.0409809 0.998997 0.0180414 0.910984 -0.0583843 -0.02042 0.998085 0.705092
0.997576 0.0401163 0.0568502 -24.2323 -0.0413901 0.998914 0.0214078 0.946357 -0.0559297 -0.0237089 0.998153 0.751047
0.998537 0.0397309 0.0366898 -24.8854 -0.0404348 0.999008 0.0186478 0.994514 -0.0359125 -0.0201041 0.999153 0.789486
0.999138 0.0405565 0.00883877 -25.553 -0.0406856 0.99906 0.0149464 1.00857 -0.00822429 -0.0152932 0.999849 0.810494
0.999152 0.0386535 -0.0141915 -26.2208 -0.0384438 0.999152 0.0147634 1.03907 0.0147501 -0.0142053 0.99979 0.810836
0.998913 0.0367724 -0.0286581 -26.9023 -0.0363304 0.999215 0.015797 1.0592 0.0292165 -0.0147387 0.999464 0.801793
0.998911 0.0359651 -0.0297168 -27.5711 -0.0353994 0.999186 0.0193474 1.07182 0.0303885 -0.0182744 0.999371 0.828195
0.999178 0.0344724 -0.0213533 -28.269 -0.0340725 0.999242 0.0188136 1.11715 0.0219857 -0.0180705 0.999595 0.853129
0.999405 0.0337412 -0.00711282 -28.9357 -0.0336339 0.999326 0.014708 1.09488 0.00760429 -0.01446 0.999867 0.898564
0.9994 0.0320203 0.0131717 -29.6308 -0.0321382 0.999444 0.00884241 1.11975 -0.0128813 -0.00926042 0.999874 0.911686
0.999165 0.0302982 0.027402 -30.3264 -0.03046 0.999521 0.0055067 1.14593 -0.027222 -0.00633677 0.999609 0.907411
0.999129 0.0282558 0.0306931 -31.0482 -0.0284781 0.999571 0.00683125 1.17437 -0.0304869 -0.00769938 0.999506 0.9091
0.999319 0.0268564 0.0253207 -31.7933 -0.0270889 0.999594 0.00888397 1.20651 -0.0250718 -0.00956382 0.99964 0.917171
0.999502 0.0270987 0.0161682 -32.5477 -0.0272459 0.999589 0.0089565 1.21706 -0.0159189 -0.00939256 0.999829 0.975626
0.999572 0.0272938 0.0105188 -33.2707 -0.0273729 0.999598 0.00745281 1.24832 -0.0103111 -0.00773755 0.999917 1.00811
0.999546 0.0280553 0.010959 -34.0319 -0.0281255 0.999584 0.00631177 1.25545 -0.0107774 -0.00661713 0.99992 1.03039
0.999509 0.0278882 0.0142614 -34.7982 -0.0279823 0.999588 0.00644318 1.28841 -0.0140758 -0.00683909 0.999878 1.04375
0.999448 0.0283365 0.0173348 -35.6164 -0.0284796 0.999562 0.00806163 1.33399 -0.0170988 -0.00855087 0.999817 1.06506
0.999421 0.0283028 0.0188812 -36.405 -0.0284756 0.999554 0.00894521 1.36204 -0.0186196 -0.00947768 0.999782 1.10577
0.999437 0.0282134 0.0181768 -37.1836 -0.0283877 0.999553 0.00940785 1.37744 -0.0179032 -0.00991854 0.999791 1.14485
0.999446 0.0276202 0.0185792 -37.9348 -0.0277918 0.999573 0.00904234 1.39661 -0.0183215 -0.00955368 0.999787 1.17885
0.999434 0.0262075 0.0211132 -38.8089 -0.0263655 0.999626 0.00723909 1.42339 -0.0209156 -0.00779165 0.999751 1.21418
0.999448 0.0240676 0.0229074 -39.6213 -0.0242125 0.999688 0.00606554 1.4464 -0.0227543 -0.00661683 0.999719 1.23376
0.999487 0.0233084 0.0219818 -40.4561 -0.0234474 0.999707 0.00608947 1.45235 -0.0218334 -0.00660176 0.99974 1.27608
0.999593 0.0215253 0.0187387 -41.286 -0.0216079 0.999758 0.00421849 1.48253 -0.0186433 -0.00462168 0.999816 1.30871
0.999676 0.0197161 0.0160972 -42.0957 -0.0197796 0.999797 0.00379691 1.49241 -0.016019 -0.00411407 0.999863 1.34765
0.999712 0.0184182 0.0153725 -42.9897 -0.0184666 0.999825 0.00300795 1.50918 -0.0153144 -0.00329097 0.999877 1.37475
0.999753 0.0169792 0.0143304 -43.8405 -0.0170263 0.99985 0.00317128 1.52663 -0.0142744 -0.00341449 0.999892 1.3935
0.999784 0.0152694 0.0140842 -44.7178 -0.0153225 0.999876 0.00367087 1.5433 -0.0140264 -0.00388588 0.999894 1.42472
0.999789 0.0147426 0.0143198 -45.5534 -0.0147988 0.999883 0.00382578 1.54378 -0.0142618 -0.00403689 0.99989 1.45734
0.999784 0.0132566 0.0160331 -46.483 -0.013316 0.999905 0.00360209 1.55751 -0.0159838 -0.00381481 0.999865 1.48634
0.999793 0.0120485 0.0164071 -47.3903 -0.0121104 0.99992 0.00367934 1.58508 -0.0163614 -0.00387727 0.999859 1.51734
0.999834 0.0102977 0.0150412 -48.2066 -0.010365 0.999937 0.00440503 1.57301 -0.0149949 -0.0045602 0.999877 1.54966
0.999877 0.00856389 0.013107 -49.1297 -0.00860576 0.999958 0.0031415 1.59935 -0.0130796 -0.00325391 0.999909 1.58891
0.999905 0.0069874 0.0118899 -50.0249 -0.00702491 0.99997 0.00311645 1.60348 -0.0118678 -0.00319968 0.999924 1.61572
0.999925 0.00500492 0.0112202 -50.9355 -0.00502913 0.999985 0.00213052 1.62397 -0.0112094 -0.00218679 0.999935 1.63576
0.999937 0.00302615 0.0107779 -51.8303 -0.00305567 0.999992 0.00272362 1.61747 -0.0107696 -0.00275639 0.999938 1.66082
0.999942 0.00123895 0.0107227 -52.6681 -0.00127064 0.999995 0.00294858 1.62311 -0.010719 -0.00296203 0.999938 1.70029
0.999945 -0.000815836 0.0104697 -53.6069 0.000781445 0.999994 0.0032885 1.63112 -0.0104723 -0.00328014 0.99994 1.72701
0.999962 -0.0027405 0.0082629 -54.4674 0.00270666 0.999988 0.00410302 1.62418 -0.00827404 -0.0040805 0.999957 1.76835
0.999951 -0.00455951 0.00875 -55.3097 0.0045428 0.999988 0.00192889 1.62627 -0.00875869 -0.00188905 0.99996 1.80811
0.999879 -0.00691466 0.0139641 -56.1765 0.00690751 0.999976 0.00056032 1.62011 -0.0139676 -0.000463795 0.999902 1.83207
0.999751 -0.00917815 0.0203626 -57.0365 0.00914835 0.999957 0.0015566 1.5929 -0.020376 -0.00136993 0.999791 1.85634
0.999707 -0.0113188 0.0214194 -57.9101 0.0112745 0.999934 0.00218565 1.6054 -0.0214428 -0.00194351 0.999768 1.88939
0.999777 -0.0134902 0.0162418 -58.7675 0.0134691 0.999908 0.00140517 1.58768 -0.0162592 -0.00118609 0.999867 1.94732
0.999819 -0.0148482 0.0119278 -59.6193 0.0148426 0.99989 0.000555923 1.57345 -0.0119348 -0.000378782 0.999929 1.98198
0.999795 -0.0166826 0.011459 -60.5161 0.0166925 0.99986 -0.000767442 1.56962 -0.0114446 0.000958564 0.999934 2.01301
0.999732 -0.0181062 0.01444 -61.3673 0.0181076 0.999836 3.47463e-05 1.51758 -0.0144383 0.000226737 0.999896 2.05132
0.999648 -0.0194449 0.018076 -62.2236 0.0194539 0.999811 -0.000326732 1.52501 -0.0180662 0.000678267 0.999837 2.07299
0.999621 -0.0201142 0.0188053 -63.073 0.0201189 0.999798 -6.13592e-05 1.47903 -0.0188003 0.000439678 0.999823 2.12042
0.999613 -0.0213066 0.0179038 -63.9298 0.0213305 0.999772 -0.00114497 1.49856 -0.0178753 0.00152643 0.999839 2.1416
0.999637 -0.0215197 0.0161934 -64.8172 0.0215444 0.999767 -0.00135655 1.47056 -0.0161604 0.00170493 0.999868 2.18788
0.999625 -0.0225909 0.0154929 -65.6715 0.0226084 0.999744 -0.000953856 1.45715 -0.0154674 0.00130377 0.99988 2.20266
0.999633 -0.0230052 0.0142849 -66.5074 0.0230121 0.999735 -0.00031638 1.42925 -0.0142739 0.00064499 0.999898 2.24298
0.999614 -0.0239241 0.0141441 -67.3739 0.0239228 0.999714 0.000261072 1.41472 -0.0141463 7.73951e-05 0.9999 2.27988
0.999597 -0.0246647 0.0140572 -68.1962 0.0246389 0.999694 0.00200025 1.40097 -0.0141022 -0.00165309 0.999899 2.29764
0.999594 -0.0253546 0.0129719 -69.0629 0.0253132 0.999674 0.00335094 1.40884 -0.0130526 -0.00302122 0.99991 2.33396
0.999556 -0.0268395 0.0129699 -69.8817 0.0267915 0.999634 0.00386007 1.38374 -0.0130688 -0.00351087 0.999908 2.37293
0.999505 -0.0268723 0.0163535 -70.7308 0.0268446 0.999638 0.0019078 1.35014 -0.0163989 -0.00146785 0.999864 2.42988
0.999343 -0.028299 0.0226262 -71.5556 0.0283104 0.999599 -0.000182397 1.34984 -0.0226119 0.000822832 0.999744 2.45426
0.99919 -0.0296217 0.0272333 -72.3718 0.0296055 0.999561 0.000995691 1.30295 -0.0272508 -0.000188628 0.999629 2.47219
0.999039 -0.0312211 0.0307581 -73.2017 0.0311987 0.999512 0.0012088 1.27293 -0.0307809 -0.000248022 0.999526 2.53568
0.998641 -0.0311623 0.0417678 -74.0569 0.0311128 0.999514 0.00183593 1.26003 -0.0418048 -0.000533921 0.999126 2.5857
0.997937 -0.0336359 0.0546762 -74.8929 0.0333527 0.999425 0.00608334 1.23323 -0.0548494 -0.00424719 0.998486 2.63866
0.997756 -0.0348133 0.0571868 -75.6607 0.0344094 0.999376 0.00803244 1.21987 -0.0574308 -0.00604666 0.998331 2.6815
0.998638 -0.0356988 0.038037 -76.5056 0.0355227 0.999355 0.00529644 1.18208 -0.0382016 -0.00393806 0.999262 2.70901
0.999263 -0.0381835 0.00393057 -77.3962 0.0381622 0.999257 0.00535823 1.13557 -0.00413225 -0.00520428 0.999978 2.72444
0.998771 -0.0406006 -0.028427 -78.2199 0.0406838 0.999169 0.00235385 1.12064 0.0283078 -0.00350747 0.999593 2.7415
0.998273 -0.0423722 -0.0406782 -79.0813 0.0423787 0.999101 -0.000702904 1.07682 0.0406715 -0.0010222 0.999172 2.77249
0.998847 -0.0432855 -0.0207849 -79.8562 0.0431692 0.99905 -0.00601093 1.04614 0.0210253 0.00510673 0.999766 2.86072
0.998785 -0.0449296 0.0202512 -80.6628 0.0450238 0.998977 -0.00422037 0.984013 -0.0200409 0.00512703 0.999786 2.85754
0.997754 -0.0473511 0.0473769 -81.5291 0.0474287 0.998874 -0.000515156 0.954965 -0.0472991 0.00276102 0.998877 2.85528
0.997763 -0.0493218 0.045132 -82.3489 0.0494016 0.998779 -0.000653943 0.922933 -0.0450446 0.00288207 0.998981 2.8792
0.998356 -0.049901 0.0282165 -83.1607 0.0500519 0.998736 -0.00466878 0.854938 -0.0279479 0.0060734 0.999591 2.9279
0.998442 -0.0517537 0.0208413 -84.0466 0.051979 0.998594 -0.0104185 0.82908 -0.0202728 0.0114856 0.999729 3.0025
0.99828 -0.0531447 0.0247438 -84.9078 0.0534498 0.9985 -0.0118371 0.765528 -0.0240776 0.0131393 0.999624 3.03129
0.998053 -0.054272 0.0307342 -85.7403 0.0546346 0.998445 -0.011085 0.722119 -0.0300848 0.0127425 0.999466 3.0526
0.99791 -0.0566883 0.031025 -86.6029 0.0570146 0.998326 -0.00973684 0.67251 -0.0304211 0.0114854 0.999471 3.08095
0.998029 -0.0575787 0.024955 -87.4885 0.0577866 0.998299 -0.00768759 0.621477 -0.0244699 0.0091145 0.999659 3.12456
0.998082 -0.0594675 0.0172197 -88.3111 0.059621 0.998185 -0.00854277 0.58654 -0.0166804 0.00955303 0.999815 3.17052
0.998104 -0.0599081 0.0140908 -89.1833 0.0600404 0.998154 -0.00915422 0.508683 -0.0135163 0.00998288 0.999859 3.20251
0.997996 -0.0616688 0.0141406 -90.0618 0.0618157 0.998035 -0.0102032 0.473377 -0.0134836 0.0110568 0.999848 3.24218
0.997926 -0.0622668 0.0163496 -90.9367 0.0624313 0.998002 -0.00974741 0.432145 -0.0157099 0.0107479 0.999819 3.27913
0.997788 -0.0635018 0.0196573 -91.7798 0.0636544 0.997946 -0.00723493 0.349713 -0.0191575 0.0084702 0.999781 3.2992
0.997794 -0.0631683 0.0204351 -92.6235 0.0632696 0.997987 -0.00434738 0.308807 -0.0201193 0.00563071 0.999782 3.31294
0.997875 -0.0627398 0.0176093 -93.5089 0.0627708 0.998027 -0.00120927 0.260227 -0.0174987 0.00231204 0.999844 3.36462
0.997892 -0.0625368 0.0173552 -94.4187 0.0625607 0.998041 -0.000834021 0.212864 -0.0172691 0.00191802 0.999849 3.40827
0.997768 -0.063702 0.0200412 -95.2792 0.0637109 0.997968 0.000190952 0.171898 -0.0200127 0.00108632 0.999799 3.45054
0.99763 -0.0642024 0.0247623 -96.1431 0.0642001 0.997937 0.000887998 0.0965866 -0.0247682 0.000703848 0.999693 3.48613
0.997375 -0.0660644 0.0296335 -97.0352 0.0661108 0.997812 -0.000588171 0.0551761 -0.0295298 0.00254572 0.999561 3.53835
0.997274 -0.0670148 0.0308721 -97.8984 0.0671252 0.997741 -0.00255268 -0.0162396 -0.0306313 0.00461802 0.99952 3.58723
0.997166 -0.0690191 0.0299526 -98.7866 0.0692056 0.997589 -0.00523685 -0.0663918 -0.0295189 0.00729489 0.999538 3.63529
0.997165 -0.0702948 0.0268391 -99.657 0.0705405 0.997474 -0.00831903 -0.115823 -0.0261866 0.0101887 0.999605 3.68173
0.99718 -0.0711871 0.0237575 -100.577 0.0714368 0.997397 -0.0098287 -0.184103 -0.0229959 0.0114981 0.999669 3.70944
0.997105 -0.0729636 0.0213763 -101.51 0.0731934 0.997266 -0.0101755 -0.244695 -0.0205754 0.0117106 0.99972 3.74707
0.997042 -0.073911 0.0210779 -102.384 0.0741486 0.99719 -0.0107196 -0.297167 -0.0202263 0.0122507 0.99972 3.78367
0.99692 -0.0750195 0.0228437 -103.28 0.0752728 0.997108 -0.0104377 -0.377979 -0.0219946 0.0121251 0.999685 3.814
0.996778 -0.0758639 0.0260374 -104.212 0.0761773 0.997031 -0.0112593 -0.419813 -0.0251059 0.0132065 0.999598 3.85715
0.996647 -0.0771717 0.0271877 -105.136 0.0775048 0.996927 -0.0114173 -0.492795 -0.0262231 0.0134862 0.999565 3.90694
0.996544 -0.0785095 0.0271257 -106.013 0.0788471 0.996819 -0.0116096 -0.598379 -0.026128 0.0137083 0.999565 3.95364
0.996495 -0.0791966 0.0269352 -106.917 0.0795452 0.996758 -0.0121256 -0.668798 -0.0258875 0.0142257 0.999564 3.99039
0.99642 -0.0804646 0.0259196 -107.836 0.0808055 0.996653 -0.012382 -0.740982 -0.0248365 0.0144321 0.999587 4.02917
0.996426 -0.0807712 0.0247066 -108.761 0.081112 0.996619 -0.0131125 -0.809914 -0.023564 0.0150696 0.999609 4.0753
0.996501 -0.0801268 0.0237876 -109.654 0.0804488 0.996675 -0.0129013 -0.876394 -0.0226748 0.0147698 0.999634 4.10928
0.996599 -0.0794397 0.0219223 -110.566 0.079711 0.996748 -0.0117888 -0.960919 -0.0209146 0.0134961 0.99969 4.14437
0.99675 -0.078212 0.019305 -111.484 0.0784587 0.996841 -0.0123703 -1.03148 -0.0182765 0.0138447 0.999737 4.19186
0.996769 -0.0773978 0.0214819 -112.432 0.077667 0.996907 -0.011996 -1.09745 -0.0204869 0.0136257 0.999697 4.21948
0.996701 -0.0770772 0.0254266 -113.337 0.0773802 0.996939 -0.0111552 -1.18216 -0.024489 0.0130859 0.999614 4.2661
0.996728 -0.0755887 0.0286335 -114.262 0.075931 0.997052 -0.0110636 -1.24871 -0.0277128 0.0132015 0.999529 4.31235
0.996783 -0.0749023 0.0285081 -115.211 0.0752395 0.997105 -0.0109428 -1.33015 -0.0276059 0.0130525 0.999534 4.35829
0.996874 -0.074319 0.0268271 -116.127 0.0746523 0.997142 -0.0116426 -1.39007 -0.0258852 0.0136089 0.999572 4.40628
0.997019 -0.0733048 0.024085 -117.058 0.0736113 0.997214 -0.0120922 -1.45901 -0.0231315 0.0138291 0.999637 4.44037
0.997175 -0.0719361 0.0216211 -117.975 0.0721996 0.997322 -0.0116646 -1.51827 -0.0207241 0.0131927 0.999698 4.48702
0.997226 -0.0719143 0.0192198 -118.921 0.0721382 0.997332 -0.0112208 -1.55785 -0.0183616 0.0125762 0.999752 4.52334
0.997337 -0.0706157 0.0182324 -119.804 0.070817 0.997433 -0.0106397 -1.65033 -0.0174342 0.0119025 0.999777 4.56407
0.99734 -0.0700521 0.0201407 -120.706 0.0702558 0.997483 -0.00958629 -1.70352 -0.0194185 0.0109758 0.999751 4.60409
0.997254 -0.0700609 0.0239794 -121.636 0.0703037 0.997481 -0.00943531 -1.75628 -0.0232579 0.0110952 0.999668 4.65446
0.99715 -0.0705029 0.0268681 -122.533 0.070786 0.997444 -0.00973339 -1.82665 -0.0261132 0.0116075 0.999592 4.69954
0.997151 -0.0706104 0.0265391 -123.455 0.0709204 0.997422 -0.0109257 -1.88725 -0.0256992 0.0127767 0.999588 4.74617
0.997257 -0.0698851 0.0243655 -124.334 0.0701752 0.997471 -0.0112611 -1.96805 -0.0235169 0.01294 0.99964 4.78088
0.99733 -0.070016 0.0207457 -125.224 0.0702656 0.997461 -0.0115612 -2.02766 -0.0198836 0.012988 0.999718 4.81328
0.997388 -0.0700556 0.0175624 -126.145 0.0702455 0.997475 -0.0104427 -2.09098 -0.0167865 0.0116491 0.999791 4.84834
0.997419 -0.0698151 0.0167751 -127.043 0.0699755 0.997507 -0.00917117 -2.13096 -0.016093 0.0103213 0.999817 4.8952
0.997407 -0.0693136 0.0193706 -127.927 0.0694792 0.997551 -0.00800613 -2.19106 -0.0187683 0.00933122 0.99978 4.93138
0.997278 -0.0696277 0.0242497 -128.776 0.0698135 0.997536 -0.00690116 -2.26458 -0.0237094 0.00857533 0.999682 4.98361
0.997184 -0.0694947 0.028199 -129.651 0.0697044 0.997546 -0.00652161 -2.31534 -0.0276766 0.00846883 0.999581 5.01807
0.997118 -0.0692244 0.0310512 -130.51 0.069474 0.997559 -0.00703026 -2.37031 -0.0304888 0.00916725 0.999493 5.0722
0.996551 -0.0696606 0.0450903 -131.407 0.0700231 0.997524 -0.00650972 -2.41919 -0.0445252 0.00964464 0.998962 5.13911
0.995482 -0.0701023 0.0640345 -132.235 0.0702838 0.997527 -0.000583275 -2.4737 -0.0638353 0.00508123 0.997948 5.18433
0.994819 -0.0703347 0.0734063 -133.089 0.0703411 0.99752 0.00250026 -2.54226 -0.0734001 0.00267618 0.997299 5.27959
0.995725 -0.0716208 0.0583234 -133.953 0.0716772 0.997427 0.00112735 -2.5811 -0.0582541 0.00305792 0.998297 5.3173
0.997207 -0.0723605 0.0185152 -134.851 0.0724071 0.997373 -0.00185912 -2.6386 -0.0183321 0.00319456 0.999827 5.3487
0.99706 -0.0733872 -0.0220248 -135.775 0.0732749 0.997295 -0.0058642 -2.71971 0.0223956 0.0042331 0.99974 5.37498
0.996389 -0.0739357 -0.0417436 -136.683 0.0736247 0.997246 -0.00894095 -2.77373 0.0422897 0.00583531 0.999088 5.37337
0.996863 -0.0744681 -0.0268084 -137.541 0.0742586 0.997201 -0.00872814 -2.87052 0.0273833 0.00671 0.999602 5.42281
0.997049 -0.0756923 0.0128143 -138.371 0.0757628 0.997113 -0.0051104 -2.90754 -0.0123905 0.00606617 0.999905 5.47069
0.995855 -0.078262 0.0463537 -139.216 0.07843 0.996918 -0.00181526 -2.97279 -0.0460688 0.00544325 0.998923 5.47838
0.995606 -0.0802805 0.0482066 -140.058 0.0803921 0.996763 -0.000379435 -3.04173 -0.0480202 0.0042532 0.998837 5.49071
0.996274 -0.0810657 0.0294343 -140.964 0.0811647 0.996698 -0.00218311 -3.1175 -0.0291602 0.004564 0.999564 5.54946
0.996557 -0.0816866 0.014207 -141.888 0.0817529 0.996644 -0.00414747 -3.1781 -0.0138205 0.00529465 0.99989 5.58797
0.996559 -0.0822616 0.0101915 -142.786 0.0823002 0.996602 -0.00342715 -3.28949 -0.00987492 0.00425411 0.999942 5.61585
0.996329 -0.0840014 0.0165068 -143.668 0.0840392 0.996461 -0.00161262 -3.35835 -0.0163129 0.00299392 0.999862 5.65387
0.995954 -0.0855334 0.027575 -144.541 0.0855737 0.996332 -0.000284037 -3.41471 -0.0274496 0.00264258 0.99962 5.69719
0.99553 -0.0874799 0.0355963 -145.424 0.0875067 0.996164 0.000807702 -3.48021 -0.0355304 0.00231082 0.999366 5.7411
0.995446 -0.0886216 0.0351139 -146.315 0.0886689 0.996061 0.000212469 -3.56559 -0.0349944 0.00290201 0.999383 5.79457
0.995491 -0.0905173 0.0283542 -147.232 0.0906026 0.995886 -0.00173687 -3.6192 -0.0280803 0.004298 0.999596 5.83783
0.995562 -0.0913843 0.0224686 -148.134 0.0914826 0.995801 -0.00338627 -3.71595 -0.0220648 0.00542673 0.999742 5.87327
0.995545 -0.0921548 0.0199465 -149.025 0.0922357 0.995732 -0.0031694 -3.81647 -0.0195693 0.00499506 0.999796 5.90147
0.995239 -0.0948529 0.0224309 -149.932 0.0949107 0.995485 -0.00152392 -3.89178 -0.0221851 0.0036456 0.999747 5.954
0.994936 -0.096873 0.0268025 -150.828 0.0969189 0.995292 -0.000416449 -3.96106 -0.026636 0.00301201 0.999641 6.00964
0.994673 -0.0982258 0.0312651 -151.727 0.0982637 0.99516 0.000325845 -4.05368 -0.0311458 0.00274812 0.999511 6.04058
0.994423 -0.100333 0.0325038 -152.623 0.10039 0.994948 -0.000129788 -4.14932 -0.0323266 0.00339213 0.999472 6.09318
0.994312 -0.102017 0.0305839 -153.55 0.102094 0.994774 -0.000939686 -4.26311 -0.0303282 0.00405677 0.999532 6.13122
0.994253 -0.103772 0.0263163 -154.437 0.10386 0.99459 -0.00200732 -4.3459 -0.0259656 0.00472901 0.999652 6.17469
0.994134 -0.105446 0.0240735 -155.387 0.105518 0.994416 -0.00176085 -4.44735 -0.0237534 0.00429072 0.999709 6.2173
0.993957 -0.107248 0.023406 -156.322 0.107258 0.994231 0.000860966 -4.55347 -0.0233633 0.00165471 0.999726 6.24779
0.993704 -0.109482 0.0237747 -157.198 0.10943 0.993988 0.00346115 -4.62382 -0.0240107 -0.00083768 0.999711 6.30089
0.993497 -0.110658 0.0267965 -158.132 0.110599 0.993858 0.00365937 -4.73956 -0.0270369 -0.000671901 0.999634 6.37543
0.993157 -0.112235 0.0322964 -159.026 0.112206 0.993681 0.00272969 -4.83081 -0.0323987 0.000912831 0.999475 6.41974
0.99297 -0.1131 0.0349125 -159.967 0.113096 0.993582 0.00208204 -4.91983 -0.0349239 0.00188108 0.999388 6.46505
0.992981 -0.113666 0.0326952 -160.864 0.11367 0.993517 0.00173977 -5.04 -0.032681 0.0019889 0.999464 6.50442
0.992933 -0.115111 0.0288769 -161.796 0.11511 0.993351 0.00172883 -5.13262 -0.0288839 0.00160739 0.999581 6.54637
0.992945 -0.115706 0.0259296 -162.725 0.115715 0.993282 0.00114991 -5.24732 -0.0258885 0.00185866 0.999663 6.60522
0.992812 -0.116815 0.0260403 -163.671 0.116818 0.993152 0.00141716 -5.34579 -0.0260275 0.00163499 0.99966 6.6407
0.992596 -0.118399 0.0271108 -164.577 0.118366 0.992966 0.0028165 -5.47049 -0.0272535 0.000413338 0.999628 6.69
0.992406 -0.119628 0.0286159 -165.518 0.119566 0.992819 0.00388322 -5.57485 -0.028875 -0.000432238 0.999583 6.73438
0.992057 -0.122549 0.0283844 -166.425 0.122463 0.992462 0.00473693 -5.66925 -0.028751 -0.00122325 0.999586 6.78441
0.991842 -0.124202 0.0286952 -167.374 0.124116 0.992256 0.00478644 -5.79626 -0.0290674 -0.00118588 0.999577 6.84708
0.991532 -0.126442 0.0296196 -168.3 0.126406 0.991974 0.00308554 -5.89384 -0.029772 0.000684673 0.999556 6.8914
0.991268 -0.127684 0.0329344 -169.231 0.127648 0.991814 0.0032183 -6.03941 -0.0330757 0.00101381 0.999452 6.91446
0.990785 -0.129494 0.0397087 -170.191 0.129163 0.991565 0.0107849 -6.14641 -0.0407703 -0.0055566 0.999153 6.95262
0.990342 -0.131263 0.044641 -171.1 0.130591 0.991279 0.0176594 -6.27297 -0.0465697 -0.0116592 0.998847 7.03925
0.990146 -0.133138 0.0434236 -172.027 0.13249 0.99103 0.0174955 -6.37084 -0.0453634 -0.0115699 0.998904 7.12351
0.990188 -0.135654 0.0335613 -173 0.135298 0.990724 0.0126653 -6.50314 -0.034968 -0.00800025 0.999356 7.1711
0.990289 -0.13818 0.0153216 -173.925 0.138103 0.9904 0.00597515 -6.6389 -0.0160002 -0.00380116 0.999865 7.22001
0.990225 -0.13948 -0.0008512 -174.901 0.13948 0.990225 0.00043771 -6.78028 0.000781827 -0.000552156 1 7.24033
0.990136 -0.140069 -0.00351595 -175.846 0.140062 0.990141 -0.00202885 -6.92522 0.00376546 0.00151638 0.999992 7.27457
0.989875 -0.14146 0.0116602 -176.761 0.141492 0.989937 -0.00198333 -7.07875 -0.0112623 0.00361308 0.99993 7.33227
0.989223 -0.142757 0.0325384 -177.715 0.142789 0.989752 0.00136342 -7.20886 -0.0323996 0.00329739 0.99947 7.35796
0.988491 -0.145362 0.0418925 -178.644 0.14534 0.989375 0.00360461 -7.32848 -0.0419714 0.00252552 0.999116 7.38374
0.988376 -0.147335 0.037492 -179.585 0.147266 0.989086 0.0045944 -7.47814 -0.0377597 0.000980322 0.999286 7.42767
0.988515 -0.14876 0.0266172 -180.547 0.148757 0.988872 0.00209784 -7.619 -0.026633 0.00188573 0.999643 7.48462
0.988553 -0.149921 0.0169177 -181.529 0.149941 0.988695 8.7966e-05 -7.75485 -0.0167396 0.00244969 0.999857 7.53312
0.988324 -0.151727 0.013976 -182.46 0.151744 0.98842 -0.00017481 -7.90755 -0.0137877 0.00229355 0.999902 7.56128
0.988033 -0.153382 0.0162748 -183.432 0.153367 0.988167 0.00215034 -8.04769 -0.0164121 0.000371419 0.999865 7.59962
0.987782 -0.154512 0.0203169 -184.382 0.154413 0.987986 0.0063629 -8.19597 -0.021056 -0.00314797 0.999773 7.63192
0.987442 -0.156488 0.0216656 -185.326 0.156323 0.987664 0.00914008 -8.34672 -0.0228286 -0.00563848 0.999723 7.66645
0.987278 -0.157939 0.0183961 -186.305 0.157802 0.987433 0.00867345 -8.49867 -0.0195348 -0.00566016 0.999793 7.71978
0.987085 -0.159384 0.0161273 -187.281 0.159266 0.9872 0.00835882 -8.65755 -0.0172532 -0.00568232 0.999835 7.75158
0.986776 -0.16101 0.0186732 -188.232 0.160918 0.986947 0.00631805 -8.81096 -0.0194467 -0.00322965 0.999806 7.84822
0.986132 -0.163191 0.0302025 -189.175 0.163047 0.986592 0.0072129 -8.95132 -0.0309746 -0.00218847 0.999518 7.88062
0.985455 -0.165761 0.0374329 -190.156 0.165563 0.986164 0.00834117 -9.11109 -0.0382976 -0.00202234 0.999264 7.9448
0.985102 -0.168111 0.0362349 -191.113 0.167938 0.985767 0.00779048 -9.26879 -0.0370288 -0.00158919 0.999313 7.96353
0.985003 -0.170432 0.0268618 -192.043 0.170372 0.985369 0.0044968 -9.43179 -0.0272352 0.00014716 0.999629 8.03085
0.984889 -0.172131 0.0190819 -193.022 0.172154 0.98507 0.000408865 -9.61432 -0.0188674 0.00288235 0.999818 8.08768
0.984466 -0.174832 0.0161203 -193.961 0.174879 0.984589 -0.00152154 -9.78047 -0.0156058 0.00431699 0.999869 8.12882
0.98409 -0.176886 0.0166899 -194.866 0.176947 0.984218 -0.00224249 -9.94105 -0.0160298 0.00516004 0.999858 8.1632
0.983669 -0.178938 0.0194057 -195.82 0.179008 0.983846 -0.00192018 -10.1058 -0.0187487 0.0053626 0.99981 8.20278
0.983077 -0.18187 0.0219696 -196.722 0.181903 0.983316 0.0005185 -10.2482 -0.0216974 0.00348661 0.999759 8.21868
0.982795 -0.183463 0.0213301 -197.634 0.183473 0.983024 0.00150223 -10.457 -0.0212436 0.00243712 0.999771 8.27845
0.982429 -0.185564 0.0199852 -198.558 0.185591 0.982627 0.000502682 -10.6001 -0.0197313 0.00321523 0.9998 8.32141
0.981859 -0.188341 0.021912 -199.465 0.188408 0.98209 -0.00104751 -10.7868 -0.0213222 0.00515691 0.999759 8.38873
0.981464 -0.189647 0.0276027 -200.38 0.189749 0.981832 -0.00108338 -10.9493 -0.0268958 0.00630087 0.999618 8.41286
0.980924 -0.192264 0.0286935 -201.267 0.192324 0.981331 0.000687089 -11.1403 -0.0282899 0.00484446 0.999588 8.46043
0.980611 -0.194324 0.0252997 -202.172 0.19434 0.980932 0.00185849 -11.3322 -0.0251784 0.00309428 0.999678 8.48162
0.980371 -0.196232 0.0191321 -203.079 0.196246 0.980554 0.00114415 -11.4675 -0.0189846 0.00263292 0.999816 8.55952
0.98 -0.197737 0.0223589 -203.972 0.197802 0.980242 -0.000693592 -11.6913 -0.02178 0.00510236 0.99975 8.60352
0.97899 -0.200009 0.0396866 -204.805 0.199944 0.979791 0.00563494 -11.8445 -0.0400117 0.00241856 0.999196 8.63315
0.977486 -0.202786 0.0583023 -205.667 0.20213 0.979211 0.0169982 -12.0022 -0.0605373 -0.0048309 0.998154 8.6942
0.976753 -0.205067 0.0624634 -206.532 0.204142 0.978718 0.0209098 -12.1795 -0.065422 -0.00767231 0.997828 8.79723
0.977406 -0.20709 0.0423252 -207.45 0.206686 0.978311 0.013748 -12.3649 -0.0442543 -0.00468933 0.999009 8.84982
0.977821 -0.209318 0.00714305 -208.351 0.209289 0.977843 0.00466253 -12.5653 -0.00796073 -0.00306416 0.999964 8.86672
0.977058 -0.211549 -0.0245857 -209.256 0.211503 0.977367 -0.00445752 -12.7689 0.0249722 -0.000844698 0.999688 8.89481
0.976309 -0.213588 -0.0346556 -210.161 0.213388 0.976922 -0.00941874 -12.9717 0.0358676 0.00180051 0.999355 8.90381
0.976383 -0.215589 -0.0140355 -211 0.215506 0.976476 -0.00725811 -13.1651 0.0152701 0.00406196 0.999875 8.93676
0.975921 -0.216887 0.0231875 -211.832 0.216936 0.976186 0.000391029 -13.3627 -0.0227201 0.00464859 0.999731 8.9415
0.974617 -0.218873 0.0470707 -212.702 0.218859 0.975741 0.00552707 -13.5492 -0.0471385 0.00491504 0.998876 8.9855
0.974322 -0.221033 0.0429047 -213.604 0.221009 0.975257 0.0053596 -13.7389 -0.0430278 0.00426036 0.999065 9.00644
