1 0 0 0 0 1 0 0 -0 0 1 0
0.999999 -0.00101403 5.44108e-07 -0.00268233 0.00101403 0.999999 7.54361e-06 -0.00600173 -5.51757e-07 -7.54305e-06 1 0.00633756
1 -0.000876811 2.29354e-05 -0.0079532 0.000876811 1 -8.90308e-06 -0.00944651 -2.29276e-05 8.92318e-06 1 0.00611762
1 -0.000863976 6.16407e-06 -0.00705982 0.000863977 1 -3.43761e-05 -0.00820712 -6.13437e-06 3.43814e-05 1 0.00706843
1 -0.000886098 4.41615e-05 -0.00659489 0.000886098 1 6.11171e-06 -0.00243868 -4.41669e-05 -6.07258e-06 1 0.00550068
1 -0.000968933 6.69626e-05 -0.00935849 0.000968933 1 -8.13961e-06 3.92487e-05 -6.69547e-05 8.20449e-06 1 0.00759678
1 -0.00094428 5.43688e-05 -0.00746242 0.000944281 1 -2.56566e-05 -0.00691537 -5.43446e-05 2.57079e-05 1 0.00514452
1 -0.000852441 4.06833e-05 -0.00481923 0.000852441 1 1.07836e-06 -0.00776717 -4.06842e-05 -1.04368e-06 1 0.0080409
1 -0.000913187 2.98893e-05 -0.0104875 0.000913186 1 2.40887e-05 -0.002807 -2.99112e-05 -2.40614e-05 1 0.00734676
1 -0.000914226 4.35939e-05 -0.0108369 0.000914226 1 1.40615e-05 -0.00716292 -4.36068e-05 -1.40216e-05 1 0.0073804
1 -0.000946595 4.06038e-05 -0.00392239 0.000946596 1 -3.35977e-06 -0.0063848 -4.06006e-05 3.3982e-06 1 0.00718101
1 -0.000811668 5.18899e-05 -0.00368712 0.000811668 1 -5.24759e-06 -0.0116791 -5.18856e-05 5.28971e-06 1 0.00587363
1 -0.000844052 1.13347e-05 -0.00328119 0.000844052 1 1.93902e-05 -0.00516986 -1.1351e-05 -1.93806e-05 1 0.00774535
1 -0.000945172 5.11108e-05 -0.00702358 0.000945173 1 -2.61437e-05 -0.00389675 -5.10861e-05 2.6192e-05 1 0.00506608
1 -0.000908509 9.14247e-05 -0.00458665 0.000908509 1 2.39925e-06 -0.00685525 -9.14268e-05 -2.31619e-06 1 0.0064808
1 -0.000902963 6.09643e-05 -0.0130175 0.000902962 1 2.71513e-05 -0.00732149 -6.09888e-05 -2.70962e-05 1 0.00559659
1 -0.000819436 1.66961e-05 -0.00772088 0.000819437 1 -5.14741e-06 -0.00889309 -1.66918e-05 5.16109e-06 1 0.00584895
1 -0.000952178 -2.9423e-05 -0.00572344 0.000952178 1 -7.98564e-06 -0.00590047 2.94306e-05 7.95762e-06 1 0.00844731
1 -0.000837222 3.40223e-05 -0.00635501 0.000837223 1 -1.31949e-05 -0.00699348 -3.40113e-05 1.32234e-05 1 0.00613775
1 -0.000973097 2.59745e-05 -0.0124295 0.000973097 1 -1.91786e-05 0.000468134 -2.59558e-05 1.92039e-05 1 0.00919718
1 -0.000931683 8.00354e-05 -0.0102141 0.000931684 1 -1.50719e-05 -0.00519264 -8.00213e-05 1.51465e-05 1 0.00585611
1 -0.00089152 4.07252e-05 -0.00864327 0.000891521 1 -1.12791e-05 0.00187518 -4.07151e-05 1.13154e-05 1 0.0068149
0.999999 -0.00107018 5.45131e-05 -0.0119062 0.00107018 0.999999 1.23703e-05 0.00254981 -5.45263e-05 -1.23119e-05 1 0.00603208
1 -0.00096997 4.57488e-05 -0.0133282 0.000969971 1 -1.28598e-05 -0.00177469 -4.57363e-05 1.29042e-05 1 0.00624837
1 -0.000958655 2.24775e-05 -0.00809718 0.000958655 1 3.88152e-06 6.56558e-05 -2.24812e-05 -3.85997e-06 1 0.00683098
0.999999 -0.00100112 1.88905e-05 -0.00964576 0.00100112 0.999999 1.85844e-05 0.00205242 -1.89091e-05 -1.85655e-05 1 0.00737502
0.999999 -0.00106057 -6.24899e-06 -0.011202 0.00106057 0.999999 1.34999e-05 0.00404133 6.23467e-06 -1.35065e-05 1 0.00791751
0.999999 -0.00102048 4.86643e-05 -0.0115844 0.00102048 0.999999 2.1035e-06 0.00152179 -4.86664e-05 -2.05384e-06 1 0.00647461
0.999999 -0.00103088 6.86054e-05 -0.00983789 0.00103087 0.999999 3.55646e-05 0.00513169 -6.8642e-05 -3.54939e-05 1 0.00617058
0.999999 -0.00109276 8.26587e-05 -0.0165416 0.00109276 0.999999 -3.32932e-05 0.00428865 -8.26222e-05 3.33835e-05 1 0.00668495
0.999999 -0.00108372 5.17378e-05 -0.0150902 0.00108372 0.999999 -4.5109e-06 0.00941426 -5.17329e-05 4.56696e-06 1 0.00612232
0.999999 -0.00100388 2.88602e-05 -0.0130423 0.00100388 0.999999 3.22489e-05 0.000490827 -2.88926e-05 -3.22199e-05 1 0.00648483
0.999999 -0.00106426 -5.84073e-06 -0.0149899 0.00106426 0.999999 1.19539e-05 0.00316427 5.828e-06 -1.19601e-05 1 0.00687516
1 -0.000961258 3.70552e-05 -0.013369 0.000961257 1 1.22251e-05 0.00434657 -3.70669e-05 -1.21894e-05 1 0.00613922
1 -0.000967722 2.03175e-05 -0.0117425 0.000967721 1 1.72319e-05 -0.000567364 -2.03342e-05 -1.72122e-05 1 0.00646749
1 -0.000940334 2.77316e-05 -0.00665714 0.000940334 1 -1.17504e-05 0.00313481 -2.77205e-05 1.17765e-05 1 0.00792369
1 -0.00097383 4.33275e-05 -0.0113955 0.00097383 1 1.62397e-06 0.0044053 -4.3329e-05 -1.58178e-06 1 0.00757745
1 -0.000999778 -1.5368e-06 -0.00987391 0.000999778 1 -1.14162e-05 0.00559343 1.54822e-06 1.14146e-05 1 0.00827546
0.999999 -0.00100587 2.70892e-05 -0.00929022 0.00100587 0.999999 1.76381e-06 0.00200724 -2.70909e-05 -1.73656e-06 1 0.0083571
0.999999 -0.00102692 -2.3468e-05 -0.0125034 0.00102692 0.999999 -2.21408e-06 -0.000691394 2.34703e-05 2.18998e-06 1 0.00769489
0.999999 -0.00107595 5.34981e-05 -0.0132996 0.00107595 0.999999 -5.80007e-06 0.00324651 -5.34918e-05 5.85763e-06 1 0.00661213
1 -0.000949727 6.07901e-05 -0.012307 0.00094973 1 -4.26378e-05 0.00340796 -6.07496e-05 4.26955e-05 1 0.00458909
0.999999 -0.00105482 2.99342e-05 -0.0115181 0.00105482 0.999999 -9.46694e-06 0.00701166 -2.99242e-05 9.49851e-06 1 0.00629608
1 -0.000954288 1.65987e-05 -0.0109624 0.000954288 1 3.02074e-05 0.00289879 -1.66275e-05 -3.01915e-05 1 0.00827006
1 -0.000957984 6.97255e-05 0.00238536 0.000957984 1 -4.30424e-06 0.00252783 -6.97213e-05 4.37103e-06 1 0.00740005
0.999999 -0.00100179 0.000123525 0.0214473 0.00100179 0.999999 2.23377e-05 0.00149007 -0.000123547 -2.2214e-05 1 0.00803071
0.999999 -0.000956297 0.000309098 0.0263156 0.000956296 1 2.8314e-06 0.00317408 -0.000309101 -2.53581e-06 1 0.0101706
0.999999 -0.000891029 0.000466036 0.0152756 0.000891031 1 -4.12205e-06 -0.00402587 -0.000466032 4.5373e-06 1 0.0107535
0.999999 -0.00115888 0.000484673 0.00299668 0.00115887 0.999999 2.78905e-05 0.00140051 -0.000484705 -2.73288e-05 1 0.014036
0.999999 -0.00111065 0.000565705 -0.0136636 0.00111065 0.999999 1.28025e-05 0.00320483 -0.000565719 -1.21742e-05 1 0.014511
0.999999 -0.00110683 0.000645888 -0.0357489 0.00110679 0.999999 6.51348e-05 -0.00661753 -0.00064596 -6.44199e-05 1 0.0176297
0.999999 -0.00125461 0.000795602 -0.0697876 0.00125461 0.999999 -6.64076e-06 -0.0044914 -0.000795593 7.63893e-06 1 0.0169268
0.999999 -0.00137522 0.000815226 -0.10529 0.00137524 0.999999 -2.75838e-05 -0.00593565 -0.000815187 2.87049e-05 1 0.0184572
0.999998 -0.00178102 0.000930132 -0.157733 0.00178108 0.999998 -5.91648e-05 0.00050394 -0.000930026 6.08213e-05 1 0.0200343
0.999998 -0.00190288 0.00114157 -0.217748 0.00190302 0.999998 -0.000126794 0.0041714 -0.00114133 0.000128966 0.999999 0.0245659
0.999996 -0.00221428 0.00179136 -0.285947 0.00221471 0.999998 -0.000240082 0.00146763 -0.00179082 0.000244048 0.999998 0.0265163
0.999994 -0.00236224 0.00240909 -0.372016 0.00236306 0.999997 -0.000338125 -0.00229762 -0.00240828 0.000343815 0.999997 0.029053
0.999992 -0.00256194 0.00318435 -0.461441 0.0025636 0.999997 -0.000516469 -0.00908193 -0.00318302 0.000524628 0.999995 0.0346639
0.999989 -0.00301978 0.0035136 -0.551325 0.0030218 0.999995 -0.000568437 -0.0103175 -0.00351186 0.000579048 0.999994 0.0321745
0.999989 -0.00295981 0.00371145 -0.653795 0.00296136 0.999996 -0.000411014 -0.0175137 -0.00371022 0.000422001 0.999993 0.0359331
0.99998 -0.00391042 0.00504382 -0.781888 0.00391322 0.999992 -0.000546083 -0.00289216 -0.00504165 0.00056581 0.999987 0.0395386
0.999968 -0.00434383 0.00672526 -0.916192 0.00434865 0.99999 -0.00070099 -0.0191039 -0.00672215 0.000730213 0.999977 0.0514866
0.999955 -0.00478761 0.00820481 -1.03567 0.00478858 0.999989 -9.90896e-05 -0.0174196 -0.00820424 0.000138374 0.999966 0.0544896
0.999949 -0.00521087 0.00861814 -1.18562 0.00521061 0.999986 5.30122e-05 -0.0203695 -0.0086183 -8.10374e-06 0.999963 0.0596788
0.999942 -0.00592979 0.00901483 -1.35353 0.00593597 0.999982 -0.000657851 -0.0264401 -0.00901077 0.000711324 0.999959 0.0695646
0.999933 -0.00638471 0.00961679 -1.51574 0.00639818 0.999979 -0.00136983 -0.0209323 -0.00960784 0.00143126 0.999953 0.0657026
0.999924 -0.007023 0.0101345 -1.6877 0.00704491 0.999973 -0.00212738 -0.0307363 -0.0101193 0.00219862 0.999946 0.0688985
0.999913 -0.00767326 0.0107019 -1.87649 0.0076992 0.999968 -0.00238416 -0.0333242 -0.0106833 0.00246635 0.99994 0.0747064
0.999904 -0.00830969 0.0110662 -2.07943 0.00833662 0.999962 -0.00238938 -0.0325414 -0.0110459 0.00248141 0.999936 0.0803742
0.99989 -0.00897454 0.0118001 -2.29438 0.0090026 0.999957 -0.00232696 -0.0249926 -0.0117787 0.00243293 0.999928 0.0897516
0.999865 -0.00994577 0.013062 -2.51818 0.00996867 0.999949 -0.00168993 -0.0244061 -0.0130446 0.00181992 0.999913 0.0837906
0.999847 -0.0105855 0.01392 -2.74221 0.010602 0.999943 -0.0011097 -0.0350897 -0.0139074 0.00125711 0.999902 0.093171
0.999835 -0.011309 0.0142068 -3.00456 0.011316 0.999936 -0.000411453 -0.045262 -0.0142013 0.000572149 0.999899 0.0979321
0.999806 -0.0123034 0.0153977 -3.28025 0.0123103 0.999924 -0.000353391 -0.0471305 -0.0153921 0.000542873 0.999881 0.11814
0.999788 -0.0126849 0.0162331 -3.54774 0.0127075 0.999918 -0.00128704 -0.0757183 -0.0162154 0.00149305 0.999867 0.126621
0.99981 -0.0131883 0.014384 -3.84101 0.0132329 0.999908 -0.0030104 -0.0502847 -0.014343 0.00320017 0.999892 0.136819
0.999844 -0.0127739 0.0121696 -4.13729 0.0128181 0.999912 -0.00356107 -0.0696358 -0.012123 0.0037165 0.99992 0.136723
0.999857 -0.0128389 0.0110029 -4.47243 0.0128732 0.999912 -0.00305201 -0.0583638 -0.0109628 0.00319322 0.999935 0.142607
0.99986 -0.0126884 0.0108739 -4.79529 0.0127072 0.999918 -0.00166203 -0.0558688 -0.0108519 0.00179998 0.999939 0.15307
0.99986 -0.0128854 0.0107014 -5.12754 0.0128994 0.999916 -0.00124481 -0.0600991 -0.0106845 0.00138268 0.999942 0.167784
0.999846 -0.0139517 0.0106728 -5.48739 0.0139731 0.9999 -0.00193503 -0.0537445 -0.0106447 0.00208386 0.999941 0.182276
0.999849 -0.013712 0.0106497 -5.83295 0.0137407 0.999902 -0.00262688 -0.0870313 -0.0106126 0.00277282 0.99994 0.190571
0.999839 -0.0146795 0.0103239 -6.20565 0.0147164 0.999886 -0.00350695 -0.0898875 -0.0102712 0.00365832 0.999941 0.197309
0.999836 -0.0150144 0.0101385 -6.59649 0.0150505 0.999881 -0.00349108 -0.092273 -0.0100849 0.00364309 0.999943 0.209748
0.999826 -0.0157662 0.010006 -7.00094 0.0157906 0.999873 -0.00236837 -0.0859335 -0.00996738 0.00252596 0.999947 0.202433
0.999816 -0.0165983 0.00964828 -7.41427 0.0166079 0.999862 -0.00091633 -0.0849491 -0.00963173 0.0010764 0.999953 0.221968
0.999804 -0.0171875 0.00978733 -7.84178 0.0171965 0.999852 -0.000843726 -0.0946219 -0.00977138 0.00101187 0.999952 0.245685
0.999797 -0.0173065 0.0103435 -8.2591 0.0173327 0.999847 -0.00245622 -0.105599 -0.0102994 0.002635 0.999943 0.267342
0.999778 -0.0176387 0.0115472 -8.68483 0.017688 0.999835 -0.00418548 -0.115528 -0.0114714 0.00438879 0.999925 0.27337
0.999756 -0.0182834 0.0123579 -9.14548 0.0183451 0.99982 -0.00490213 -0.115588 -0.012266 0.00512764 0.999912 0.281584
0.999746 -0.0188348 0.012378 -9.61742 0.0188821 0.999815 -0.00371958 -0.137426 -0.0123057 0.00395236 0.999916 0.294022
0.999729 -0.0192887 0.0130121 -10.0926 0.0193262 0.999809 -0.00276832 -0.13109 -0.0129563 0.00301905 0.999912 0.311282
0.999704 -0.0201042 0.0137192 -10.5928 0.0201404 0.999794 -0.00250469 -0.147975 -0.013666 0.00278026 0.999903 0.336204
0.9997 -0.0205503 0.0133637 -11.0775 0.0205944 0.999783 -0.00316847 -0.142071 -0.0132957 0.00344273 0.999906 0.355462
0.999708 -0.0209459 0.0120709 -11.5916 0.0210023 0.999769 -0.00456492 -0.158113 -0.0119725 0.0048171 0.999917 0.37384
0.99971 -0.0215306 0.0107655 -12.1031 0.0215987 0.999747 -0.00625514 -0.166559 -0.0106281 0.00648585 0.999922 0.389512
0.999706 -0.0221061 0.00992019 -12.6387 0.0221691 0.999734 -0.00628617 -0.168077 -0.00977859 0.00650425 0.999931 0.405859
0.999708 -0.0218524 0.0102986 -13.1726 0.0219049 0.999747 -0.00501146 -0.191159 -0.0101865 0.00523558 0.999934 0.420493
0.999691 -0.0220658 0.0114587 -13.7029 0.0221182 0.999745 -0.00446701 -0.205321 -0.0113573 0.00471907 0.999924 0.440493
0.99968 -0.022209 0.01208 -14.2338 0.0222681 0.999741 -0.00478268 -0.231979 -0.0119706 0.00505015 0.999916 0.455129
0.999664 -0.0228007 0.0123289 -14.8149 0.0228762 0.99972 -0.00602052 -0.231937 -0.0121882 0.00630054 0.999906 0.472474
0.999658 -0.0234339 0.0115813 -15.4083 0.0235033 0.999706 -0.00589548 -0.245449 -0.0114397 0.00616566 0.999916 0.47792
0.99967 -0.0236219 0.0100901 -15.9692 0.0236797 0.999704 -0.00564722 -0.252677 -0.00995371 0.00588428 0.999933 0.48492
0.999676 -0.0239544 0.00866438 -16.5639 0.0239981 0.9997 -0.00498477 -0.259347 -0.00854237 0.00519109 0.99995 0.516048
0.999685 -0.0235813 0.00856546 -17.1555 0.0236321 0.999703 -0.00588136 -0.263117 -0.00842423 0.00608193 0.999946 0.532908
0.999703 -0.0226936 0.00890946 -17.738 0.0227539 0.999719 -0.0067167 -0.290578 -0.00875452 0.00691743 0.999938 0.552859
0.999719 -0.021571 0.00987121 -18.3562 0.0216365 0.999744 -0.00657549 -0.289779 -0.00972684 0.00678722 0.99993 0.569527
0.999722 -0.020783 0.0111412 -18.9876 0.0208471 0.999767 -0.00567081 -0.281016 -0.0110207 0.0059015 0.999922 0.58387
0.999735 -0.0200006 0.0114184 -19.6055 0.0200658 0.999783 -0.00562278 -0.306103 -0.0113035 0.00585041 0.999919 0.60589
0.999763 -0.0189701 0.0106809 -20.2515 0.0190333 0.999802 -0.00584396 -0.324335 -0.0105679 0.00604586 0.999926 0.631436
0.999782 -0.0178911 0.0107944 -20.8889 0.01795 0.999824 -0.0053794 -0.331459 -0.0106962 0.00557199 0.999927 0.652318
0.999791 -0.0171807 0.0111023 -21.549 0.0172429 0.999836 -0.00552382 -0.346534 -0.0110055 0.0057141 0.999923 0.678306
0.999801 -0.0162233 0.0116425 -22.1986 0.0162883 0.999852 -0.00550374 -0.357775 -0.0115515 0.00569228 0.999917 0.707519
0.999812 -0.0147658 0.0125961 -22.8726 0.0148413 0.999872 -0.00592018 -0.347824 -0.0125071 0.00610601 0.999903 0.725375
0.999822 -0.0144316 0.0121607 -23.5478 0.0145138 0.999872 -0.00669864 -0.350546 -0.0120625 0.00687395 0.999904 0.747774
0.999853 -0.0134934 0.0105975 -24.2416 0.0135579 0.99989 -0.00603849 -0.351374 -0.0105149 0.00618128 0.999926 0.752311
0.999883 -0.0121659 0.00926014 -24.9204 0.0122156 0.999911 -0.00532808 -0.346013 -0.00919449 0.00544057 0.999943 0.782409
0.999908 -0.0108136 0.00823827 -25.6165 0.0108524 0.99993 -0.00467692 -0.354252 -0.00818712 0.0047659 0.999955 0.804741
0.99991 -0.0102056 0.00867335 -26.3291 0.0102407 0.99994 -0.00401385 -0.346585 -0.00863186 0.00410231 0.999954 0.819996
0.999914 -0.00882574 0.00967521 -27.0285 0.00885967 0.999955 -0.00346967 -0.363303 -0.00964415 0.00355509 0.999947 0.844339
0.999914 -0.00848461 0.0100268 -27.7717 0.00852203 0.999957 -0.00369512 -0.348769 -0.00999499 0.00378025 0.999943 0.878042
0.999915 -0.00665979 0.0111978 -28.4612 0.00670893 0.999968 -0.00435618 -0.35756 -0.0111684 0.00443093 0.999928 0.899215
0.999912 -0.00590658 0.0118617 -29.1928 0.00595774 0.999973 -0.00428233 -0.351888 -0.011836 0.00435262 0.99992 0.923761
0.999906 -0.00510916 0.0127367 -29.9487 0.00516607 0.999977 -0.00443909 -0.358488 -0.0127138 0.00450447 0.999909 0.93459
0.999935 -0.0039782 0.0106658 -30.692 0.00403262 0.999979 -0.00508486 -0.367835 -0.0106454 0.00512754 0.99993 0.975201
0.999963 -0.00234863 0.00829252 -31.4173 0.0023948 0.999982 -0.00556109 -0.374423 -0.00827931 0.00558074 0.99995 1.00253
0.999974 -0.00149383 0.00700865 -32.1858 0.00154583 0.999971 -0.00741955 -0.348678 -0.00699736 0.00743019 0.999948 1.02288
0.999964 0.000389657 0.00853173 -32.9087 -0.000317601 0.999964 -0.00844538 -0.361998 -0.00853471 0.00844236 0.999928 1.04004
0.999942 0.000630016 0.0107489 -33.6865 -0.000532904 0.999959 -0.00903496 -0.329653 -0.0107542 0.00902871 0.999901 1.06859
0.999924 0.00235457 0.0120908 -34.4453 -0.00225561 0.999964 -0.00819244 -0.352828 -0.0121096 0.00816455 0.999893 1.08009
0.99993 0.00330236 0.0113179 -35.2273 -0.00322445 0.999971 -0.00689505 -0.352288 -0.0113403 0.00685808 0.999912 1.11966
0.999948 0.00363409 0.00948557 -35.9945 -0.00357781 0.999976 -0.00594376 -0.338949 -0.00950694 0.00590951 0.999937 1.13732
0.999963 0.00415147 0.007509 -36.7846 -0.00411548 0.99998 -0.00480145 -0.337255 -0.00752879 0.00477037 0.99996 1.16382
0.99998 0.00396621 0.00502346 -37.5608 -0.00394448 0.999983 -0.00432718 -0.334639 -0.00504054 0.00430728 0.999978 1.19712
0.999984 0.00350841 0.00445074 -38.3523 -0.00349088 0.999986 -0.00394196 -0.310865 -0.00446451 0.00392636 0.999982 1.21784
0.999981 0.00317768 0.00524911 -39.158 -0.00315724 0.999987 -0.00389794 -0.307659 -0.00526143 0.00388129 0.999979 1.25014
0.999962 0.00277435 0.00827944 -39.9498 -0.00273812 0.999987 -0.004384 -0.320478 -0.00829149 0.00436116 0.999956 1.26421
0.999955 0.00199873 0.0092641 -40.7523 -0.00195686 0.999988 -0.0045265 -0.295937 -0.00927303 0.00450817 0.999947 1.29019
0.999961 0.00170998 0.00864577 -41.582 -0.00168035 0.999993 -0.00343342 -0.304705 -0.00865158 0.00341876 0.999957 1.31159
0.999968 0.00194101 0.00778163 -42.3625 -0.00191921 0.999994 -0.00280789 -0.312513 -0.00778704 0.00279286 0.999966 1.34203
0.99997 0.0013614 0.00757298 -43.1735 -0.00134107 0.999995 -0.00268824 -0.307174 -0.00757661 0.00267801 0.999968 1.36863
0.999979 0.000784715 0.00649499 -43.9974 -0.000765207 0.999995 -0.00300554 -0.286233 -0.00649732 0.00300051 0.999974 1.38962
0.999989 0.00054969 0.00472193 -44.8091 -0.000538801 0.999997 -0.00230719 -0.282671 -0.00472318 0.00230462 0.999986 1.40741
0.999999 -0.000239298 0.00158138 -45.6416 0.000242362 0.999998 -0.00193744 -0.283269 -0.00158092 0.00193782 0.999997 1.42291
1 3.94725e-05 -0.000872226 -46.445 -4.13113e-05 0.999998 -0.00210817 -0.273217 0.000872141 0.00210821 0.999997 1.45059
1 -0.000368049 0.000657122 -47.2691 0.000369779 0.999996 -0.00263492 -0.279796 -0.00065615 0.00263516 0.999996 1.47758
0.999993 -0.00090169 0.00365549 -48.1007 0.000915046 0.999993 -0.0036536 -0.271474 -0.00365217 0.00365692 0.999987 1.5121
0.999963 -0.000840231 0.00853582 -48.88 0.000872529 0.999992 -0.00378081 -0.268839 -0.00853258 0.00378812 0.999956 1.52897
0.999939 -0.00118703 0.0109884 -49.679 0.00122736 0.999993 -0.00366377 -0.267669 -0.010984 0.00367703 0.999933 1.54815
0.999962 -0.000814965 0.00864442 -50.4465 0.000836555 0.999997 -0.00249428 -0.269967 -0.00864236 0.00250142 0.99996 1.56461
0.999988 -0.0013332 0.0047248 -51.2538 0.0013416 0.999998 -0.00177538 -0.270878 -0.00472242 0.0017817 0.999987 1.61006
0.999997 -0.00177893 0.00186078 -52.0698 0.00178321 0.999996 -0.00230219 -0.249036 -0.00185668 0.0023055 0.999996 1.62324
0.999997 -0.00185597 0.00141036 -52.8494 0.00185896 0.999996 -0.00212275 -0.270414 -0.00140641 0.00212537 0.999997 1.64091
0.999995 -0.00208152 0.00229393 -53.6282 0.00208493 0.999997 -0.0014849 -0.264225 -0.00229083 0.00148967 0.999996 1.67082
0.999989 -0.0022038 0.00408536 -54.417 0.00220857 0.999997 -0.00116568 -0.253699 -0.00408278 0.00117469 0.999991 1.69521
0.99998 -0.00156006 0.00607293 -55.1841 0.00156608 0.999998 -0.000985862 -0.277904 -0.00607138 0.000995353 0.999981 1.73573
0.999969 -0.00187089 0.00767673 -55.96 0.00188859 0.999996 -0.0022989 -0.266319 -0.00767239 0.00231333 0.999968 1.7575
0.999949 -0.00180358 0.00990866 -56.7299 0.00182969 0.999995 -0.00262665 -0.252317 -0.00990387 0.00264465 0.999947 1.77715
0.999956 -0.00269363 0.00898478 -57.4968 0.0027168 0.999993 -0.00256802 -0.24921 -0.0089778 0.00259232 0.999956 1.81024
0.999976 -0.00216937 0.00656683 -58.2503 0.00218481 0.999995 -0.00234479 -0.269116 -0.0065617 0.00235908 0.999976 1.82184
0.999994 -0.00195158 0.00289664 -59.0347 0.00195778 0.999996 -0.00214071 -0.243302 -0.00289245 0.00214637 0.999994 1.85566
0.999998 -0.0017445 0.00127007 -59.792 0.00174733 0.999996 -0.00223427 -0.253903 -0.00126617 0.00223648 0.999997 1.88523
0.999996 -0.00210452 0.00182004 -60.5509 0.00210729 0.999997 -0.00152362 -0.25204 -0.00181683 0.00152745 0.999997 1.90679
0.999992 -0.00164921 0.00351226 -61.2907 0.00165516 0.999997 -0.00169101 -0.248973 -0.00350946 0.00169681 0.999992 1.93331
0.999975 -0.00141267 0.00698786 -62.0258 0.00143347 0.999995 -0.00297182 -0.273772 -0.00698362 0.00298176 0.999971 1.97474
0.999956 -0.000533763 0.00935381 -62.7631 0.000579886 0.999988 -0.00492883 -0.263219 -0.00935106 0.00493404 0.999944 1.99255
0.999935 0.00027596 0.0114214 -63.5027 -0.000209511 0.999983 -0.00581873 -0.257033 -0.0114229 0.00581596 0.999918 2.00882
0.999938 0.00137574 0.0110508 -64.2155 -0.00131234 0.999983 -0.00574251 -0.265226 -0.0110585 0.00572765 0.999922 2.02972
0.999961 0.00190622 0.00861393 -64.9595 -0.00185627 0.999981 -0.00580357 -0.263143 -0.00862483 0.00578735 0.999946 2.06081
0.999973 0.00274201 0.00683789 -65.6734 -0.00269624 0.999974 -0.00669355 -0.248926 -0.00685607 0.00667493 0.999954 2.08168
0.999965 0.00383061 0.00742229 -66.4179 -0.00378067 0.99997 -0.00673022 -0.225587 -0.00744785 0.00670193 0.99995 2.09982
0.99995 0.00495957 0.00862567 -67.1328 -0.00490322 0.999967 -0.00654183 -0.216584 -0.00865782 0.00649922 0.999941 2.13518
0.999942 0.00557728 0.00924706 -67.8667 -0.00551466 0.999962 -0.00678332 -0.214486 -0.00928454 0.00673193 0.999934 2.17276
0.999931 0.00694782 0.00944281 -68.5831 -0.00687659 0.999948 -0.00755529 -0.224884 -0.00949481 0.00748984 0.999927 2.18738
0.999946 0.00715078 0.00756182 -69.3026 -0.00708037 0.999932 -0.00929721 -0.218476 -0.00762778 0.00924316 0.999928 2.21056
0.999948 0.00841967 0.00573328 -70.0289 -0.00835875 0.999909 -0.0105677 -0.207279 -0.00582174 0.0105192 0.999928 2.23124
0.99995 0.00862505 0.00507198 -70.7583 -0.0085738 0.999913 -0.010041 -0.208909 -0.00515815 0.00999705 0.999937 2.25673
0.999937 0.00964693 0.00565627 -71.4882 -0.00959174 0.999907 -0.00970564 -0.202971 -0.00574937 0.00965078 0.999937 2.28124
0.999934 0.00988936 0.00582582 -72.1885 -0.0098283 0.999897 -0.0104183 -0.193233 -0.00592825 0.0103604 0.999929 2.32095
0.999918 0.0105654 0.0072337 -72.9291 -0.0104748 0.999868 -0.0124557 -0.181434 -0.00736434 0.0123789 0.999896 2.33049
0.999919 0.0104003 0.00729084 -73.6492 -0.0103036 0.99986 -0.0131769 -0.180027 -0.00742686 0.0131007 0.999887 2.34059
0.999923 0.0110233 0.00566002 -74.3538 -0.0109473 0.999852 -0.0132944 -0.150751 -0.00580573 0.0132314 0.999896 2.34579
0.999933 0.0114116 0.00198772 -75.09 -0.0113869 0.999863 -0.0120255 -0.137494 -0.00212468 0.0120021 0.999926 2.37786
0.999931 0.0116673 -0.00151353 -75.8199 -0.0116834 0.999871 -0.0110399 -0.126498 0.00138453 0.0110568 0.999938 2.37512
0.99991 0.0124235 -0.00501348 -76.5399 -0.0124704 0.999878 -0.00945282 -0.105075 0.00489542 0.00951449 0.999943 2.40973
0.999899 0.0133864 -0.00479659 -77.2323 -0.0134274 0.999873 -0.00862037 -0.0851559 0.00468059 0.00868391 0.999951 2.43394
0.99991 0.0134433 -0.00046122 -77.9817 -0.0134467 0.999872 -0.00865421 -0.0817173 0.00034482 0.00865963 0.999962 2.46537
0.999874 0.013967 0.00755332 -78.7021 -0.0138897 0.999852 -0.0101976 -0.0763563 -0.00769463 0.0100914 0.999919 2.49958
0.999791 0.0145197 0.0143671 -79.4261 -0.0143585 0.999833 -0.0112643 -0.0455219 -0.0145282 0.0110557 0.999833 2.52645
0.999737 0.0145981 0.0176838 -80.1486 -0.014408 0.999838 -0.0108315 -0.0453684 -0.0178391 0.0105739 0.999785 2.53298
0.999775 0.015279 0.0147348 -80.8435 -0.0151051 0.999816 -0.0118409 -0.0248329 -0.014913 0.0116157 0.999821 2.57069
0.999829 0.0155621 0.010034 -81.5724 -0.0154182 0.999779 -0.0142662 0.00583994 -0.0102538 0.014109 0.999848 2.59937
0.999843 0.0161611 0.00722561 -82.294 -0.0160435 0.999743 -0.0160432 0.0351068 -0.00748303 0.0159248 0.999845 2.62443
0.999802 0.0168254 0.0105862 -83.0186 -0.0166482 0.999723 -0.0166073 0.0299482 -0.0108627 0.0164278 0.999806 2.64695
0.999592 0.0163971 0.0233938 -83.7431 -0.0161185 0.999798 -0.012048 0.0329373 -0.0235866 0.011666 0.999654 2.67168
0.999126 0.0171863 0.0381062 -84.4688 -0.0169704 0.999838 -0.00598071 0.0494948 -0.0382028 0.0053288 0.999256 2.6937
0.998936 0.0179067 0.0424952 -85.1901 -0.0178751 0.99984 -0.00112419 0.068639 -0.0425085 0.000363389 0.999096 2.75577
0.999351 0.0184849 0.0309232 -85.9262 -0.0184648 0.999829 -0.000935809 0.105922 -0.0309352 0.000364211 0.999521 2.79397
0.999789 0.0200934 0.0042412 -86.6877 -0.0200771 0.999791 -0.00385546 0.133507 -0.00431778 0.0037695 0.999984 2.80374
0.999527 0.0210993 -0.0223641 -87.4344 -0.0212451 0.999754 -0.00630116 0.164315 0.0222257 0.00677331 0.99973 2.80956
0.999225 0.0222622 -0.0324559 -88.1646 -0.0225978 0.999695 -0.0100103 0.177006 0.0322231 0.010736 0.999423 2.84349
0.999494 0.0237086 -0.0212159 -88.9136 -0.0239615 0.999644 -0.0117475 0.168644 0.0209299 0.0122499 0.999706 2.88044
0.999666 0.0257281 0.00247968 -89.6342 -0.0256944 0.999588 -0.0127692 0.188912 -0.00280719 0.0127012 0.999915 2.89375
0.999467 0.0270121 0.0183156 -90.3587 -0.0267711 0.999553 -0.013281 0.226039 -0.0186662 0.0127836 0.999744 2.89778
0.999368 0.029009 0.0205619 -91.0983 -0.0287227 0.999488 -0.0140869 0.260798 -0.02096 0.0134874 0.999689 2.90968
0.999406 0.0310847 0.0148683 -91.8578 -0.0308692 0.999418 -0.0145139 0.290461 -0.0153108 0.0140463 0.999784 2.91982
0.999416 0.0329155 0.00920444 -92.6242 -0.0327859 0.999366 -0.0138884 0.339287 -0.00965575 0.0135785 0.999861 2.94684
0.999404 0.0336827 0.00750325 -93.3584 -0.0335835 0.999352 -0.0129818 0.350941 -0.00793565 0.0127221 0.999888 2.98015
0.999331 0.0353181 0.00950066 -94.1357 -0.0352048 0.99931 -0.011839 0.381457 -0.00991224 0.0114966 0.999885 3.01188
0.999243 0.0371581 0.0115345 -94.8607 -0.0370392 0.99926 -0.0103576 0.419473 -0.0119108 0.00992255 0.99988 3.02803
0.999194 0.0384808 0.0114478 -95.6549 -0.0383913 0.999231 -0.00793447 0.468619 -0.0117443 0.00748858 0.999903 3.05016
0.999127 0.0406224 0.00969996 -96.4142 -0.0405576 0.999154 -0.00679396 0.485972 -0.00996774 0.00639463 0.99993 3.07929
0.999027 0.0434313 0.00761963 -97.1877 -0.043368 0.999025 -0.00828606 0.51695 -0.00797207 0.00794755 0.999937 3.1124
0.99898 0.0445976 0.00713919 -97.9435 -0.0445207 0.998952 -0.0105883 0.570175 -0.00760393 0.0102597 0.999918 3.13892
0.998916 0.0458082 0.00828633 -98.7514 -0.0457211 0.9989 -0.010414 0.595836 -0.00875427 0.0100239 0.999911 3.15946
0.998866 0.0465974 0.00974353 -99.5122 -0.0465148 0.998881 -0.00854396 0.644642 -0.0101308 0.00808105 0.999916 3.18073
0.998779 0.0483278 0.010281 -100.316 -0.0482625 0.998813 -0.00651062 0.703694 -0.0105834 0.00600648 0.999926 3.20903
0.99862 0.0512549 0.011451 -101.108 -0.0511772 0.998665 -0.00698105 0.738859 -0.0117936 0.00638539 0.99991 3.24721
0.998509 0.0530828 0.0127287 -101.899 -0.0529859 0.998565 -0.00783431 0.80405 -0.0131263 0.00714818 0.999888 3.28429
0.998377 0.0550933 0.0144392 -102.706 -0.0549556 0.998441 -0.00976589 0.841983 -0.0149548 0.00895652 0.999848 3.32301
0.998273 0.0565422 0.0159516 -103.468 -0.0563535 0.998338 -0.0120432 0.89126 -0.016606 0.0111235 0.9998 3.34062
0.998141 0.0590041 0.0152874 -104.278 -0.0588174 0.998192 -0.0123886 0.943466 -0.0159907 0.0114664 0.999806 3.36707
0.998094 0.0605035 0.0121519 -105.123 -0.0603594 0.998106 -0.0118994 0.984897 -0.0128488 0.0111433 0.999855 3.40055
0.998001 0.0628772 0.00643386 -105.919 -0.0628013 0.997961 -0.011381 1.0297 -0.00713634 0.0109542 0.999915 3.4436
0.997854 0.0653973 0.0033208 -106.753 -0.0653541 0.997793 -0.0117754 1.08991 -0.00408355 0.0115331 0.999925 3.45726
0.997719 0.0674183 0.00343596 -107.573 -0.0673665 0.997638 -0.0134493 1.15341 -0.00433458 0.0131872 0.999904 3.49173
0.997519 0.0698966 0.00840546 -108.382 -0.0697693 0.997456 -0.0145896 1.20391 -0.00940385 0.0139669 0.999858 3.51942
0.997311 0.0715743 0.0157748 -109.229 -0.0713095 0.997314 -0.0167523 1.26462 -0.0169315 0.0155823 0.999735 3.54539
0.997056 0.0741371 0.0195603 -110.03 -0.0738158 0.997133 -0.0166693 1.33868 -0.02074 0.0151764 0.99967 3.59575
0.996859 0.0768755 0.0190547 -110.874 -0.076554 0.996919 -0.0170644 1.4044 -0.0203078 0.0155521 0.999673 3.61205
0.996749 0.0791268 0.015157 -111.729 -0.0788557 0.996729 -0.0177197 1.46644 -0.0165095 0.0164669 0.999728 3.63502
0.9966 0.0818219 0.00968519 -112.561 -0.0816616 0.996533 -0.015929 1.54339 -0.010955 0.015084 0.999826 3.66736
0.996472 0.0836764 0.00647234 -113.381 -0.0835771 0.996398 -0.014341 1.62133 -0.00764903 0.0137495 0.999876 3.68199
0.996238 0.0864796 0.00561032 -114.216 -0.0864069 0.996186 -0.0121138 1.71686 -0.00663652 0.0115835 0.999911 3.71159
0.996033 0.0886236 0.00805656 -115.056 -0.0885187 0.995995 -0.0125661 1.77418 -0.00913795 0.0118031 0.999889 3.77046
0.995768 0.0907738 0.0143713 -115.914 -0.0905288 0.995751 -0.0168717 1.86098 -0.0158417 0.0154992 0.999754 3.81036
0.995494 0.0924089 0.0212878 -116.774 -0.0920776 0.995622 -0.0160541 1.94171 -0.0226781 0.0140216 0.999644 3.83025
0.995296 0.0942978 0.0222253 -117.6 -0.094008 0.995477 -0.0137465 2.02619 -0.023421 0.0115925 0.999658 3.86783
0.995172 0.0959978 0.0204293 -118.488 -0.0957485 0.995323 -0.0128521 2.12567 -0.0215676 0.0108339 0.999709 3.91673
0.995126 0.0970276 0.0176079 -119.352 -0.0968285 0.995231 -0.0118281 2.22277 -0.0186716 0.0100655 0.999775 3.96307
0.994971 0.0985095 0.0181213 -120.2 -0.098276 0.99507 -0.0133577 2.30521 -0.0193478 0.0115096 0.999747 4.01588
0.994786 0.0999639 0.0201815 -121.06 -0.0996754 0.99491 -0.0148287 2.3725 -0.0215612 0.0127398 0.999686 4.06762
0.994666 0.100878 0.0215402 -121.918 -0.100551 0.994807 -0.0157834 2.48845 -0.0230205 0.0135333 0.999643 4.07734
0.994621 0.102029 0.0178489 -122.755 -0.101816 0.994725 -0.0124661 2.57526 -0.0190266 0.0105817 0.999763 4.11878
0.99456 0.103652 0.0103139 -123.634 -0.103534 0.994561 -0.011389 2.67195 -0.0114383 0.0102592 0.999882 4.13488
0.994386 0.105768 0.00308244 -124.513 -0.105729 0.994335 -0.0109262 2.77027 -0.00422062 0.010539 0.999936 4.16868
0.994242 0.107128 0.00254389 -125.361 -0.107095 0.994189 -0.0109262 2.86029 -0.00369961 0.0105908 0.999937 4.19578
0.994037 0.10885 0.00646938 -126.223 -0.108777 0.994009 -0.0106715 2.96577 -0.00759221 0.00990418 0.999922 4.20258
0.993914 0.109679 0.0102345 -127.059 -0.109577 0.993928 -0.0100258 3.07072 -0.011272 0.00884329 0.999897 4.23454
0.993642 0.111872 0.0126635 -127.912 -0.111743 0.993682 -0.0104912 3.16128 -0.0137572 0.00900948 0.999865 4.28382
0.993511 0.113069 0.0123223 -128.792 -0.11292 0.99353 -0.0121272 3.25978 -0.0136138 0.0106571 0.999851 4.31585
0.993349 0.114684 0.0102383 -129.699 -0.114559 0.993343 -0.0120933 3.37222 -0.0115571 0.01084 0.999874 4.34399
0.993234 0.115907 0.00716872 -130.558 -0.115816 0.993198 -0.0120175 3.49652 -0.00851288 0.0111059 0.999902 4.3663
0.993089 0.117236 0.00555692 -131.41 -0.11718 0.993066 -0.0094065 3.59266 -0.00662117 0.00869033 0.99994 4.37896
0.992907 0.118731 0.00617123 -132.263 -0.118686 0.992905 -0.00726065 3.69301 -0.00698951 0.00647671 0.999955 4.44031
0.992759 0.119798 0.00888189 -133.155 -0.11973 0.992775 -0.00784081 3.81876 -0.00975704 0.0067206 0.99993 4.49201
0.992533 0.121412 0.0116922 -134.05 -0.121338 0.992588 -0.00685233 3.91403 -0.0124375 0.00538246 0.999908 4.50051
0.992468 0.122076 0.0102066 -134.912 -0.122017 0.992509 -0.0062043 4.05478 -0.0108876 0.00491219 0.999929 4.53457
0.992375 0.12299 0.0080903 -135.795 -0.122945 0.992397 -0.00579714 4.17245 -0.00874177 0.00475828 0.99995 4.57013
0.992195 0.12452 0.00665103 -136.683 -0.124482 0.992204 -0.00593582 4.26524 -0.00733831 0.00506156 0.99996 4.60824
0.992111 0.12523 0.00574212 -137.56 -0.125192 0.992111 -0.00649784 4.37001 -0.00651054 0.00572771 0.999962 4.63406
0.992103 0.125272 0.00620272 -138.454 -0.12523 0.992105 -0.00668841 4.51089 -0.00699162 0.00585883 0.999958 4.64295
0.992085 0.12544 0.0057039 -139.331 -0.125399 0.992082 -0.00701464 4.60252 -0.00653865 0.00624385 0.999959 4.67963
0.992138 0.124905 0.00782505 -140.227 -0.12484 0.992142 -0.00834774 4.70751 -0.00880623 0.00730523 0.999935 4.7279
0.992136 0.124791 0.00965485 -141.104 -0.124697 0.992147 -0.00972443 4.83443 -0.0107926 0.00844402 0.999906 4.75933
0.992119 0.124845 0.0106994 -142.004 -0.12475 0.992146 -0.00912396 4.93532 -0.0117545 0.00771729 0.999901 4.77621
0.992196 0.124217 0.0108408 -142.882 -0.124129 0.992231 -0.00837864 5.05611 -0.0117974 0.00696758 0.999906 4.80971
0.992209 0.124101 0.0109415 -143.773 -0.124011 0.992244 -0.00852984 5.16854 -0.0119152 0.00710652 0.999904 4.87374
0.992204 0.124094 0.0114904 -144.671 -0.123995 0.992242 -0.00903791 5.29948 -0.0125228 0.0075427 0.999893 4.89874
0.992217 0.124047 0.0108599 -145.564 -0.123947 0.992244 -0.0094775 5.40168 -0.0119513 0.00805768 0.999896 4.92015
0.992319 0.123403 0.00862262 -146.428 -0.123318 0.992319 -0.00975145 5.51444 -0.00975975 0.00861323 0.999915 4.96665
0.992316 0.123461 0.00819583 -147.309 -0.123373 0.992305 -0.0104387 5.6208 -0.00942154 0.00934734 0.999912 4.98656
0.99229 0.123557 0.00972225 -148.216 -0.123449 0.99229 -0.0109946 5.73165 -0.0110057 0.00970963 0.999892 5.01747
0.992294 0.1234 0.011168 -149.093 -0.123276 0.992309 -0.011201 5.83211 -0.0124643 0.00973795 0.999875 5.04107
0.992328 0.123212 0.0101788 -149.971 -0.123106 0.992339 -0.0104076 5.95086 -0.0113831 0.00907473 0.999894 5.07915
0.992451 0.122281 0.00944313 -150.871 -0.122173 0.992445 -0.0112194 6.06592 -0.0107437 0.00998097 0.999892 5.11368
0.992398 0.122592 0.0108298 -151.727 -0.12248 0.992416 -0.0104568 6.1744 -0.0120296 0.00905085 0.999887 5.13498
0.992437 0.122123 0.0124071 -152.611 -0.122021 0.99249 -0.00868663 6.27432 -0.0133748 0.00710701 0.999885 5.17822
0.992488 0.121684 0.0126413 -153.467 -0.1216 0.992553 -0.00722814 6.38463 -0.0134267 0.00563666 0.999894 5.20727
0.992518 0.121614 0.0109113 -154.351 -0.121555 0.992567 -0.0058955 6.51177 -0.0115471 0.00452507 0.999923 5.25493
0.99258 0.12122 0.0095153 -155.217 -0.121168 0.992615 -0.00588752 6.61387 -0.0101587 0.00469089 0.999937 5.27739
0.992584 0.121192 0.0094614 -156.083 -0.12115 0.992622 -0.00492395 6.73743 -0.00998834 0.00374119 0.999943 5.31948
0.992598 0.120974 0.0106746 -156.937 -0.120922 0.992647 -0.00538987 6.83011 -0.0112481 0.00405919 0.999928 5.35496
0.9926 0.120847 0.011927 -157.798 -0.120794 0.992665 -0.00507866 6.93587 -0.0124532 0.00360038 0.999916 5.39048
0.992664 0.120254 0.0125463 -158.628 -0.120198 0.992737 -0.00516259 7.04632 -0.013076 0.00361667 0.999908 5.41306
0.992715 0.1198 0.0128477 -159.478 -0.11974 0.992791 -0.00537854 7.16142 -0.0133995 0.00380097 0.999903 5.46232
0.992736 0.119706 0.0120939 -160.338 -0.119647 0.992801 -0.00554485 7.24897 -0.0126706 0.00405756 0.999911 5.49409
0.992748 0.119757 0.0104439 -161.165 -0.119697 0.992791 -0.00618527 7.34423 -0.0111094 0.0048903 0.999926 5.51297
0.992723 0.120087 0.00898774 -162.028 -0.120042 0.992754 -0.00546853 7.46938 -0.00957932 0.00434982 0.999945 5.55324
0.992804 0.119489 0.00790689 -162.875 -0.119458 0.99283 -0.00431678 7.57021 -0.008366 0.00334118 0.999959 5.57312
0.992864 0.119024 0.00737328 -163.714 -0.118996 0.992886 -0.00412046 7.66644 -0.00781126 0.00321367 0.999964 5.60619
0.992863 0.119013 0.007689 -164.517 -0.118977 0.992884 -0.00502354 7.76488 -0.00823215 0.00407287 0.999958 5.6239
0.992923 0.118453 0.00850596 -165.369 -0.11841 0.99295 -0.00547521 7.87923 -0.00909455 0.00442928 0.999949 5.66619
0.992949 0.11816 0.0094931 -166.172 -0.11812 0.992988 -0.00468554 7.96172 -0.00998018 0.00353118 0.999944 5.68958
0.992944 0.118194 0.0095794 -167.008 -0.118155 0.992985 -0.00457747 8.06992 -0.0100532 0.00341332 0.999944 5.72335
0.992928 0.118338 0.00945513 -167.827 -0.118304 0.992969 -0.00408903 8.17581 -0.00987253 0.00294153 0.999947 5.75286
0.992944 0.118133 0.0103752 -168.614 -0.118093 0.992993 -0.00436787 8.25685 -0.0108185 0.00311181 0.999937 5.77818
0.992927 0.118056 0.0126232 -169.439 -0.118008 0.993003 -0.00446626 8.35768 -0.0130622 0.00294502 0.99991 5.80262
0.99291 0.11802 0.0141747 -170.229 -0.117977 0.993009 -0.00384084 8.44672 -0.0145289 0.00214132 0.999892 5.84014
0.992937 0.117775 0.0143244 -171.031 -0.117729 0.993037 -0.00405905 8.54311 -0.0147028 0.00234398 0.999889 5.89113
0.992941 0.117842 0.0134722 -171.848 -0.117783 0.993026 -0.00506156 8.6441 -0.0139747 0.00343904 0.999896 5.93417
0.992989 0.117631 0.0116371 -172.634 -0.117561 0.993044 -0.00654248 8.72136 -0.0123258 0.00512854 0.999911 5.97315
0.992969 0.117883 0.0107982 -173.419 -0.11781 0.99301 -0.00715448 8.8274 -0.0115661 0.00583204 0.999916 5.99385
0.993008 0.117648 0.00974197 -174.222 -0.117577 0.993035 -0.00760864 8.91999 -0.0105693 0.00641001 0.999924 6.02761
0.993068 0.117121 0.00995163 -175.006 -0.11704 0.993092 -0.00834391 9.01046 -0.0108601 0.00712134 0.999916 6.05814
0.993048 0.11727 0.0101614 -175.78 -0.117179 0.993069 -0.00914262 9.1137 -0.0111631 0.00788836 0.999907 6.08597
0.993086 0.116894 0.0107655 -176.555 -0.116783 0.993103 -0.0103786 9.20297 -0.0119045 0.0090496 0.999888 6.12937
0.993073 0.116816 0.0126523 -177.339 -0.116683 0.99311 -0.0108213 9.29288 -0.0138292 0.00927001 0.999861 6.1582
0.993085 0.116517 0.0143638 -178.131 -0.116367 0.993147 -0.01089 9.38729 -0.0155342 0.00914321 0.999838 6.18736
0.99315 0.115849 0.0152043 -178.884 -0.11568 0.993219 -0.0115538 9.48416 -0.0164397 0.00971584 0.999818 6.23819
0.9931 0.116096 0.0165651 -179.671 -0.115881 0.993173 -0.0133667 9.56096 -0.0180038 0.0113549 0.999773 6.25466
0.993201 0.115317 0.0159438 -180.453 -0.115092 0.993251 -0.0143374 9.65459 -0.0174896 0.0124049 0.99977 6.29586
0.993159 0.115697 0.0157806 -181.216 -0.115412 0.993157 -0.0178916 9.73302 -0.0177426 0.0159479 0.999715 6.34297
0.993077 0.115129 0.0233168 -182.014 -0.114708 0.993224 -0.0186522 9.82559 -0.0253062 0.0158484 0.999554 6.36526
0.992856 0.114514 0.0335188 -182.767 -0.11398 0.99333 -0.0174467 9.93049 -0.0352931 0.0135016 0.999286 6.39488
0.992567 0.114812 0.0403694 -183.529 -0.114507 0.993374 -0.00978468 9.9908 -0.0412253 0.00508937 0.999137 6.42836
0.99276 0.11486 0.0351347 -184.308 -0.114712 0.993379 -0.00620648 10.1162 -0.035615 0.00213118 0.999363 6.49418
0.993312 0.114247 0.0167054 -185.094 -0.114153 0.993442 -0.0064452 10.2061 -0.0173321 0.00449512 0.99984 6.56016
0.993285 0.115427 -0.00790067 -185.926 -0.115472 0.993296 -0.00547084 10.2935 0.00721622 0.00634641 0.999954 6.54779
0.993098 0.115024 -0.0229453 -186.735 -0.115136 0.993343 -0.00360155 10.401 0.0223783 0.00621851 0.99973 6.54615
0.992996 0.116616 -0.0189686 -187.487 -0.1167 0.993162 -0.00336655 10.4815 0.0184463 0.00555661 0.999814 6.57896
0.993025 0.117804 0.00483079 -188.292 -0.11776 0.993005 -0.00860444 10.5608 -0.00581064 0.00797555 0.999951 6.63109
0.99252 0.118421 0.029678 -189.049 -0.118064 0.992914 -0.013498 10.6613 -0.0310661 0.00989313 0.999468 6.65308
0.992195 0.118513 0.0387882 -189.835 -0.118111 0.992922 -0.012515 10.7502 -0.0399969 0.00783602 0.999169 6.66183
0.992505 0.118545 0.0296715 -190.629 -0.118326 0.992934 -0.00902471 10.8589 -0.0305316 0.00544616 0.999519 6.71384
0.992706 0.11928 0.0175464 -191.43 -0.119186 0.992852 -0.00627793 10.9678 -0.0181698 0.00414085 0.999826 6.73742
0.992755 0.11993 0.00737222 -192.249 -0.119917 0.992782 -0.00219244 11.0793 -0.00758194 0.0012925 0.99997 6.76414
0.992737 0.120257 0.00325223 -193.056 -0.120249 0.99274 -0.0027098 11.1771 -0.00355449 0.00229904 0.999991 6.82094
0.99271 0.120277 0.00772761 -193.883 -0.120239 0.992731 -0.0052339 11.2577 -0.00830096 0.00426659 0.999956 6.84984
0.992654 0.120088 0.0147127 -194.659 -0.120001 0.992751 -0.00666888 11.3547 -0.0154069 0.00485435 0.99987 6.84616
0.992669 0.119463 0.0183506 -195.489 -0.119411 0.992837 -0.00392119 11.4724 -0.0186876 0.00170118 0.999824 6.87703
0.99271 0.119499 0.0157139 -196.306 -0.119498 0.992834 -0.00100184 11.5878 -0.015721 -0.000883251 0.999876 6.89995
0.992666 0.120327 0.0116363 -197.111 -0.120326 0.992734 -0.000798893 11.6645 -0.0116479 -0.000607118 0.999932 6.94943
0.992662 0.120085 0.0142133 -197.967 -0.120078 0.992764 -0.00133154 11.7786 -0.0142704 -0.000384934 0.999898 6.97745
0.992585 0.119761 0.0208039 -198.768 -0.119763 0.992802 -0.00114734 11.8818 -0.0207915 -0.0013527 0.999783 7.01816
0.992477 0.119842 0.0250605 -199.596 -0.119866 0.99279 -0.000539161 11.9788 -0.0249444 -0.0024688 0.999686 7.06987
0.992539 0.119572 0.0238684 -200.413 -0.119585 0.992824 -0.000861408 12.0853 -0.0238002 -0.00199934 0.999715 7.09552
0.992599 0.119881 0.0193676 -201.241 -0.119916 0.992784 0.000633528 12.1658 -0.0191519 -0.00295132 0.999812 7.1317
0.992675 0.120015 0.0138861 -202.092 -0.120028 0.99277 0.000121221 12.3066 -0.0137712 -0.00178706 0.999904 7.17523
