1 0 0 0 0 1 0 0 -0 0 1 0
0.999999 -0.00115826 0.000302589 -0.0109572 0.00115827 0.999999 -3.01383e-05 -0.0147719 -0.000302554 3.04888e-05 1 0.00853835
0.999999 -0.00108237 0.000256849 -0.00696593 0.00108236 0.999999 3.41031e-05 -0.0209012 -0.000256886 -3.3825e-05 1 0.00747821
0.999999 -0.00110452 0.000287941 -0.0100157 0.00110452 0.999999 3.61844e-06 -0.017752 -0.000287945 -3.3004e-06 1 0.00612825
1 -0.000921648 0.00028302 -0.00760964 0.000921641 1 2.42445e-05 -0.0134863 -0.000283043 -2.39837e-05 1 0.00747446
0.999999 -0.00110016 0.000331295 -0.00844927 0.00110016 0.999999 -2.03759e-06 -0.0121196 -0.000331293 2.40206e-06 1 0.00582992
0.999999 -0.00114811 0.000335698 -0.00819321 0.0011481 0.999999 3.69759e-05 -0.0150469 -0.00033574 -3.65904e-05 1 0.00446794
0.999999 -0.00114953 0.000320464 -0.00689674 0.00114953 0.999999 -9.55332e-06 -0.0161368 -0.000320453 9.92169e-06 1 0.00753529
0.999999 -0.0011251 0.000416145 -0.0125172 0.0011251 0.999999 1.73405e-06 -0.0136896 -0.000416146 -1.26584e-06 1 0.00712033
0.999999 -0.00115793 0.00033881 -0.0142919 0.00115793 0.999999 -1.07311e-05 -0.0128664 -0.000338797 1.11234e-05 1 0.00667279
0.999999 -0.00109456 0.000434911 -0.0115854 0.00109453 0.999999 5.37697e-05 -0.017745 -0.00043497 -5.32936e-05 1 0.00611769
0.999999 -0.00114318 0.000317169 -0.0103924 0.00114317 0.999999 2.21882e-05 -0.0165628 -0.000317194 -2.18256e-05 1 0.00673713
0.999999 -0.00112986 0.000324292 -0.0143064 0.00112987 0.999999 -4.45879e-05 -0.0112955 -0.000324241 4.49543e-05 1 0.00359271
0.999999 -0.0010723 0.00031979 -0.00982381 0.0010723 0.999999 -3.1237e-06 -0.0136145 -0.000319787 3.46661e-06 1 0.00469859
0.999999 -0.00113964 0.000225114 -0.00929004 0.00113964 0.999999 4.02262e-06 -0.0160269 -0.000225119 -3.76607e-06 1 0.00582496
0.999999 -0.0011422 0.000325497 -0.0145005 0.00114219 0.999999 3.9258e-05 -0.0198216 -0.000325541 -3.88862e-05 1 0.00381306
0.999999 -0.000976157 0.000271305 -0.00722026 0.000976162 1 -1.85783e-05 -0.0175277 -0.000271286 1.88431e-05 1 0.00655077
0.999999 -0.00101544 0.000219386 -0.00937176 0.00101544 0.999999 -2.65333e-06 -0.0138595 -0.000219383 2.8761e-06 1 0.00515872
0.999999 -0.000994124 0.000264197 -0.0146436 0.00099414 1 -5.89672e-05 -0.0172319 -0.000264138 5.92298e-05 1 0.00524649
0.999999 -0.000996985 0.000277674 -0.0071683 0.000996985 1 8.12598e-07 -0.019478 -0.000277675 -5.35761e-07 1 0.00746864
0.999999 -0.00105106 0.000225474 -0.0108086 0.00105107 0.999999 -6.24938e-05 -0.0142013 -0.000225408 6.27308e-05 1 0.00818896
0.999999 -0.00107148 0.000281042 -0.0144899 0.0010715 0.999999 -7.01396e-05 -0.0153825 -0.000280966 7.04407e-05 1 0.00599904
0.999999 -0.000992102 0.000402941 -0.00898379 0.000992105 1 -8.24722e-06 -0.0124215 -0.000402932 8.64698e-06 1 0.00584401
0.999999 -0.00103848 0.00036154 -0.0142513 0.0010385 0.999999 -6.2297e-05 -0.0182312 -0.000361475 6.26725e-05 1 0.00630148
0.999999 -0.00100725 0.000371951 -0.0136194 0.00100724 0.999999 2.82442e-05 -0.0168174 -0.000371979 -2.78695e-05 1 0.00560922
0.999999 -0.00106916 0.000346001 -0.0169909 0.00106917 0.999999 -3.31104e-05 -0.0186651 -0.000345965 3.34803e-05 1 0.00591396
0.999999 -0.00105275 0.000375561 -0.015004 0.00105276 0.999999 -4.41016e-05 -0.0104493 -0.000375514 4.44969e-05 1 0.00669494
0.999999 -0.00107428 0.000348422 -0.0114529 0.00107429 0.999999 -4.45406e-05 -0.0140033 -0.000348374 4.49149e-05 1 0.00539256
0.999999 -0.00104957 0.000246447 -0.00615545 0.00104959 0.999999 -5.09861e-05 -0.0123478 -0.000246393 5.12447e-05 1 0.00488502
0.999999 -0.00107451 0.000325982 -0.0112724 0.00107453 0.999999 -5.69556e-05 -0.00996603 -0.000325921 5.73059e-05 1 0.00534102
0.999999 -0.00104805 0.000363759 -0.00946954 0.00104806 0.999999 -2.00482e-05 -0.00271137 -0.000363738 2.04294e-05 1 0.00407576
0.999999 -0.000994323 0.000344762 -0.0112078 0.00099433 1 -2.15368e-05 -0.00873697 -0.00034474 2.18796e-05 1 0.00564539
0.999999 -0.000999899 0.000223992 -0.00967985 0.000999919 0.999999 -9.06303e-05 -0.00811537 -0.000223902 9.08542e-05 1 0.00602227
0.999999 -0.00106784 0.000371789 -0.0100682 0.00106786 0.999999 -3.65103e-05 -0.00924358 -0.00037175 3.69073e-05 1 0.00360908
0.999999 -0.00112646 0.000313829 -0.0133322 0.00112648 0.999999 -6.04748e-05 -0.00615061 -0.000313761 6.08283e-05 1 0.00657749
0.999999 -0.00105971 0.000308329 -0.00727684 0.00105972 0.999999 -2.58881e-05 -0.00129701 -0.000308302 2.62149e-05 1 0.00518778
0.999999 -0.000929622 0.000399097 -0.00742634 0.000929635 1 -3.2269e-05 -0.00828048 -0.000399067 3.264e-05 1 0.00589944
0.999999 -0.00101806 0.00033526 -0.0142247 0.00101808 0.999999 -5.55594e-05 -0.00936347 -0.000335203 5.59007e-05 1 0.00704759
0.999999 -0.00103171 0.000414089 -0.0128586 0.00103172 0.999999 -3.68148e-05 -0.00203388 -0.000414051 3.7242e-05 1 0.00788075
0.999999 -0.00104031 0.000392322 -0.0105841 0.00104032 0.999999 -3.15357e-05 -0.00626041 -0.000392289 3.19438e-05 1 0.00687921
0.999999 -0.000980176 0.000405168 -0.00830574 0.000980185 1 -2.09399e-05 -0.0104607 -0.000405147 2.13371e-05 1 0.00587352
0.999999 -0.00110809 0.000386551 -0.0136068 0.00110808 0.999999 3.14888e-05 -0.0118375 -0.000386586 -3.10605e-05 1 0.00791934
0.999999 -0.00113652 0.000277832 -0.013317 0.00113654 0.999999 -9.90265e-05 -0.00276972 -0.000277719 9.93422e-05 1 0.00713411
0.999999 -0.00110059 0.000366936 -0.00744719 0.0011006 0.999999 -2.43004e-05 -0.00733808 -0.000366909 2.47042e-05 1 0.00431415
0.999999 -0.00107254 0.000265058 -0.0101178 0.00107256 0.999999 -7.01625e-05 -0.00687148 -0.000264983 7.04468e-05 1 0.00820595
0.999999 -0.00101423 0.000284933 -0.0118171 0.00101425 0.999999 -7.3577e-05 -0.00965224 -0.000284858 7.3866e-05 1 0.00582959
0.999999 -0.00101322 0.000255441 -0.00909929 0.00101323 0.999999 -8.29694e-06 -0.0105385 -0.000255433 8.55576e-06 1 0.00484407
0.999999 -0.00116681 0.000303823 -0.00396317 0.00116683 0.999999 -3.63185e-05 -0.00894058 -0.000303781 3.6673e-05 1 0.00706524
0.999999 -0.000939356 0.000456862 0.0172637 0.00093937 1 -2.93871e-05 -0.0150391 -0.000456834 2.98163e-05 1 0.0061898
0.999999 -0.000922031 0.000670414 0.0261478 0.000922061 1 -4.3721e-05 -0.0252172 -0.000670374 4.43392e-05 1 0.00856247
0.999999 -0.00111528 0.00101791 0.0186444 0.00111536 0.999999 -8.0671e-05 -0.0260725 -0.00101782 8.18063e-05 0.999999 0.00957138
0.999999 -0.000870384 0.00116947 0.0138828 0.000870323 1 5.24756e-05 -0.0216157 -0.00116951 -5.14577e-05 0.999999 0.0106962
0.999999 -0.000895654 0.00124147 -0.000651138 0.000895702 1 -3.81241e-05 -0.0236313 -0.00124143 3.9236e-05 0.999999 0.0102706
0.999999 -0.00108858 0.00128369 -0.0150496 0.00108865 0.999999 -5.36128e-05 -0.036504 -0.00128363 5.50102e-05 0.999999 0.0142142
0.999998 -0.00133528 0.00153083 -0.0524507 0.00133527 0.999999 1.09697e-05 -0.0437826 -0.00153084 -8.9256e-06 0.999999 0.0109966
0.999996 -0.00137391 0.00239671 -0.0919829 0.00137392 0.999999 -5.16075e-06 -0.0447982 -0.0023967 8.45362e-06 0.999997 0.0176301
0.999993 -0.00153649 0.00333602 -0.14311 0.00153713 0.999999 -0.000189598 -0.0401754 -0.00333572 0.000194724 0.999994 0.0172802
0.99999 -0.0017619 0.00402712 -0.209084 0.00176342 0.999998 -0.0003734 -0.0418369 -0.00402645 0.000380498 0.999992 0.0186576
0.999989 -0.00196377 0.00436129 -0.282393 0.00196542 0.999998 -0.000372434 -0.0441264 -0.00436055 0.000381001 0.99999 0.0191385
0.999989 -0.00186572 0.00439378 -0.366238 0.00186699 0.999998 -0.000283514 -0.0523385 -0.00439325 0.000291714 0.99999 0.0194882
0.999986 -0.00194313 0.00486954 -0.437558 0.00194495 0.999998 -0.000370862 -0.0356834 -0.00486881 0.000380328 0.999988 0.0237441
0.999983 -0.00194402 0.00558154 -0.538349 0.00194571 0.999998 -0.000298143 -0.0343567 -0.00558095 0.000308998 0.999984 0.0284025
0.999981 -0.00226167 0.00578329 -0.637151 0.00226092 0.999997 0.000135496 -0.0433606 -0.00578358 -0.000122418 0.999983 0.0265804
0.999981 -0.0019181 0.00587285 -0.764077 0.00191816 0.999998 -4.45932e-06 -0.0486303 -0.00587283 1.57243e-05 0.999983 0.0273347
0.999981 -0.00206887 0.00581862 -0.887331 0.0020711 0.999998 -0.00037676 -0.0380462 -0.00581783 0.000388804 0.999983 0.0367801
0.999985 -0.00209512 0.00497121 -1.01193 0.00210249 0.999997 -0.00147667 -0.0412661 -0.0049681 0.0014871 0.999987 0.0423299
0.999986 -0.00245275 0.0047724 -1.18101 0.00246432 0.999994 -0.0024214 -0.036513 -0.00476644 0.00243312 0.999986 0.0494636
0.999985 -0.00230869 0.00505378 -1.33918 0.00232605 0.999991 -0.00343095 -0.0359948 -0.00504581 0.00344266 0.999981 0.0545473
0.999985 -0.00218492 0.00497589 -1.52265 0.00220924 0.999986 -0.00488746 -0.0338292 -0.00496514 0.00489838 0.999976 0.0591629
0.999982 -0.00226504 0.00551876 -1.70797 0.00229251 0.999985 -0.0049755 -0.0545931 -0.0055074 0.00498806 0.999972 0.0476627
0.999981 -0.00232985 0.00567069 -1.91838 0.00236556 0.999977 -0.00629825 -0.0435997 -0.00565589 0.00631155 0.999964 0.0527503
0.999985 -0.00190554 0.00513745 -2.12706 0.00194245 0.999972 -0.00718957 -0.0497073 -0.0051236 0.00719944 0.999961 0.0563246
0.999984 -0.00166819 0.00536737 -2.36127 0.00170806 0.999971 -0.00743205 -0.0445444 -0.00535481 0.0074411 0.999958 0.0588456
0.999986 -0.00205159 0.00489699 -2.59871 0.00208893 0.999969 -0.00763151 -0.0416451 -0.00488118 0.00764163 0.999959 0.0629871
0.999977 -0.00204389 0.00640348 -2.86891 0.00208985 0.999972 -0.00717911 -0.0538211 -0.00638863 0.00719233 0.999954 0.0718329
0.999947 -0.00175473 0.0101832 -3.13336 0.00181688 0.99998 -0.00609707 -0.0474466 -0.0101723 0.00611525 0.99993 0.0784709
0.999888 -0.00213708 0.0148181 -3.43398 0.00218428 0.999993 -0.00316986 -0.0520383 -0.0148112 0.00320187 0.999885 0.0813587
0.999825 -0.0023528 0.0185821 -3.71059 0.00235456 0.999997 -7.24763e-05 -0.0429155 -0.0185819 0.000116216 0.999827 0.0947912
0.999762 -0.00120891 0.0217761 -4.01274 0.00116961 0.999998 0.00181748 -0.0426156 -0.0217783 -0.00179158 0.999761 0.100133
0.999701 -0.000714036 0.0244479 -4.34025 0.000584896 0.999986 0.005289 -0.0247259 -0.0244513 -0.00527312 0.999687 0.112487
0.999681 -0.00101502 0.0252425 -4.66329 0.00079282 0.999961 0.00881104 -0.0181541 -0.0252505 -0.00878822 0.999643 0.128809
0.999707 -0.000538253 0.0241902 -5.02114 0.000283663 0.999945 0.0105267 -0.0102812 -0.0241946 -0.0105167 0.999652 0.139493
0.999746 -6.91694e-05 0.0225253 -5.38481 -0.00016472 0.999946 0.0103814 -0.00739144 -0.0225248 -0.0103825 0.999692 0.162803
0.999832 0.000696895 0.0183156 -5.75909 -0.000840514 0.999969 0.00783479 -0.0135738 -0.0183096 -0.00784887 0.999802 0.177715
0.99996 0.00129273 0.00880415 -6.15744 -0.00133114 0.99999 0.00435739 -0.0201101 -0.00879843 -0.00436893 0.999952 0.17124
0.99999 0.0010482 -0.00425801 -6.56216 -0.00104188 0.999998 0.00148685 -0.0428674 0.00425956 -0.0014824 0.99999 0.164224
0.999879 0.000876935 -0.0155512 -6.97512 -0.000839673 0.999997 0.00240241 -0.0236514 0.0155532 -0.00238906 0.999876 0.145953
0.999788 0.000352239 -0.0206103 -7.4101 -0.000230321 0.999982 0.00591749 0.0129664 0.020612 -0.00591148 0.99977 0.148283
0.999761 0.0011062 -0.0218525 -7.8213 -0.000875672 0.999944 0.0105562 -0.0136092 0.021863 -0.0105345 0.999705 0.17097
0.999776 0.0016271 -0.0210932 -8.25753 -0.00142457 0.999953 0.00961299 0.0278565 0.0211079 -0.00958079 0.999731 0.220799
0.999837 0.00141305 -0.0179862 -8.7384 -0.00132608 0.999987 0.00484652 0.0203301 0.0179929 -0.00482188 0.999826 0.237352
0.999927 0.00242705 -0.0118467 -9.18401 -0.00243717 0.999997 -0.000839941 -0.0246058 0.0118447 0.000868752 0.999929 0.233849
0.999992 0.00255286 -0.00312488 -9.65773 -0.00256624 0.999988 -0.00428452 -0.0352203 0.0031139 0.0042925 0.999986 0.204842
0.999994 0.00336412 0.000813177 -10.1422 -0.00336065 0.999985 -0.00423041 -0.0124648 -0.000827397 0.00422765 0.999991 0.19025
0.999992 0.00381775 0.000855041 -10.6324 -0.00381588 0.99999 -0.00218861 0.00351863 -0.000863388 0.00218533 0.999997 0.189729
0.999991 0.0041987 -0.000583689 -11.1482 -0.00419985 0.999989 -0.00198346 0.0279511 0.000575355 0.0019859 0.999998 0.205462
0.999984 0.00529294 -0.00195111 -11.6742 -0.00529771 0.999983 -0.00244647 0.0105253 0.00193813 0.00245677 0.999995 0.221306
0.999981 0.00585671 -0.00186091 -12.1832 -0.00586426 0.999974 -0.00407857 0.0211443 0.00183698 0.00408941 0.99999 0.240031
0.999982 0.00603267 -0.000615212 -12.7606 -0.00603528 0.999972 -0.00434734 0.0221872 0.000588969 0.00435097 0.99999 0.25639
0.999981 0.00606055 0.00104906 -13.3183 -0.00605642 0.999974 -0.00389675 0.0525535 -0.00107265 0.00389032 0.999992 0.241642
0.999974 0.007198 0.000531963 -13.8481 -0.00719608 0.999968 -0.00353777 0.0389105 -0.000557411 0.00353385 0.999994 0.255576
0.999974 0.0071528 0.000182761 -14.4233 -0.00715213 0.999969 -0.00342616 0.056081 -0.000207262 0.00342476 0.999994 0.270194
0.999966 0.0081192 -0.00115584 -14.9509 -0.00812285 0.999962 -0.00318201 0.0779415 0.00112996 0.00319129 0.999994 0.272518
0.999959 0.00895394 -0.00141305 -15.5284 -0.00895507 0.99996 -0.000791131 0.0705136 0.00140591 0.000803753 0.999999 0.265383
0.999946 0.00986444 -0.00319502 -16.1314 -0.00985471 0.999947 0.00304716 0.0752297 0.00322491 -0.00301551 0.99999 0.28755
0.999929 0.0108107 -0.00504364 -16.718 -0.0107882 0.999932 0.00447505 0.0833446 0.00509168 -0.00442032 0.999977 0.298899
0.999909 0.0117002 -0.00673657 -17.2841 -0.0116778 0.999926 0.00335518 0.102122 0.00677533 -0.00327621 0.999972 0.331163
0.999903 0.0127561 -0.00553712 -17.8783 -0.0127571 0.999919 -0.000154549 0.118915 0.00553469 0.000225172 0.999985 0.348962
0.999892 0.0140099 -0.00442903 -18.4722 -0.0140279 0.999893 -0.00406089 0.115157 0.00437166 0.00412258 0.999982 0.353143
0.99989 0.0145155 -0.00306868 -19.0581 -0.0145255 0.999889 -0.00326955 0.129094 0.00302089 0.00331376 0.99999 0.348573
0.99989 0.0145635 -0.00264509 -19.6304 -0.0145622 0.999894 0.000514388 0.136473 0.0026523 -0.000475813 0.999996 0.336655
0.999857 0.0164345 -0.00403597 -20.2153 -0.0164178 0.999857 0.00413462 0.154346 0.00410334 -0.00406776 0.999983 0.352831
0.999817 0.0183797 -0.0053919 -20.8282 -0.0183614 0.999826 0.00343501 0.17236 0.0054541 -0.00333538 0.99998 0.394109
0.999786 0.0198784 -0.00576243 -21.4027 -0.0198766 0.999802 0.000373932 0.173384 0.00576872 -0.000259315 0.999983 0.426852
0.999778 0.0207797 -0.00361373 -22.0209 -0.0207918 0.999778 -0.00333934 0.186026 0.00354354 0.00341373 0.999988 0.432037
0.999749 0.0223911 -0.000728334 -22.6103 -0.0223948 0.999733 -0.00561919 0.207176 0.00060232 0.00563409 0.999984 0.429221
0.99973 0.0231232 0.00213704 -23.1983 -0.0231125 0.999721 -0.0049189 0.227261 -0.00225018 0.00486818 0.999986 0.438362
0.999714 0.0237345 0.0029611 -23.7789 -0.023724 0.999712 -0.00354845 0.266399 -0.00304447 0.00347718 0.999989 0.450651
0.999665 0.0258763 0.000765504 -24.3707 -0.0258726 0.999655 -0.00451341 0.269193 -0.000882031 0.0044921 0.99999 0.473337
0.999631 0.0270476 -0.00265728 -24.982 -0.0270616 0.999619 -0.00539961 0.289638 0.00251023 0.00546952 0.999982 0.481442
0.999549 0.029293 -0.00663427 -25.5886 -0.0293362 0.999548 -0.006517 0.310225 0.00644038 0.00670868 0.999957 0.491605
0.999455 0.0312001 -0.0108163 -26.1622 -0.0312824 0.999482 -0.00752532 0.331703 0.0105759 0.00785957 0.999913 0.503813
0.999368 0.0331547 -0.0128236 -26.7442 -0.0332538 0.999418 -0.00759346 0.353273 0.0125644 0.00801509 0.999889 0.515791
0.999316 0.0350609 -0.0117804 -27.3641 -0.0351503 0.999354 -0.00747461 0.36781 0.0115107 0.00788358 0.999903 0.519969
0.999306 0.0363672 -0.00802783 -27.947 -0.036432 0.999303 -0.00808175 0.377853 0.00772833 0.00836861 0.999935 0.532853
0.999216 0.0393283 -0.00452947 -28.5195 -0.0393665 0.999187 -0.00866843 0.416371 0.00418487 0.00883994 0.999952 0.556269
0.999186 0.0403374 -0.00056609 -29.0879 -0.040341 0.999138 -0.00974558 0.448319 0.000172491 0.00976049 0.999952 0.573617
0.999107 0.0421813 0.00238203 -29.6701 -0.042156 0.999063 -0.00982983 0.459152 -0.00279443 0.00972064 0.999949 0.580479
0.99902 0.0441294 0.00334942 -30.2428 -0.0440925 0.998974 -0.0103732 0.489671 -0.00380374 0.0102154 0.999941 0.57797
0.998948 0.0458517 0.00104205 -30.8301 -0.0458384 0.998895 -0.0103874 0.523114 -0.00151717 0.0103287 0.999946 0.605991
0.998889 0.0471099 -0.0015508 -31.3978 -0.0471243 0.998828 -0.011072 0.552365 0.00102739 0.0111327 0.999938 0.611824
0.998767 0.0495316 -0.00347595 -32.0018 -0.0495691 0.998702 -0.0116989 0.598685 0.00289197 0.0118568 0.999926 0.620074
0.998663 0.051476 -0.00473787 -32.5778 -0.0515263 0.998609 -0.0112079 0.62119 0.00415434 0.011437 0.999926 0.62522
0.998578 0.0529873 -0.00580953 -33.1653 -0.0530424 0.998544 -0.0097876 0.648285 0.00528246 0.0100818 0.999935 0.634554
0.998457 0.0550882 -0.0070559 -33.7345 -0.0551451 0.998445 -0.00814123 0.686485 0.00659645 0.00851776 0.999942 0.642017
0.998347 0.0569873 -0.00746946 -34.301 -0.0570391 0.998348 -0.00691381 0.730236 0.00706312 0.00732843 0.999948 0.65764
0.998221 0.0592435 -0.00674256 -34.8577 -0.0592928 0.998213 -0.00736612 0.778463 0.00629412 0.0077528 0.99995 0.680756
0.998127 0.0610319 -0.00412669 -35.4245 -0.0610669 0.998093 -0.00898633 0.810504 0.00357037 0.00922151 0.999951 0.691011
0.998062 0.0622066 -0.0015319 -35.9835 -0.0622201 0.997997 -0.0114148 0.85725 0.000818757 0.011488 0.999934 0.722044
0.997937 0.0640881 0.00367954 -36.5067 -0.0640367 0.997867 -0.0126925 0.884748 -0.00448513 0.0124307 0.999913 0.710689
0.997802 0.0659473 0.0065295 -37.1058 -0.0658756 0.997771 -0.0106464 0.918258 -0.00721704 0.0101928 0.999922 0.71608
0.997729 0.067122 0.0055254 -37.6397 -0.0670824 0.997722 -0.00706117 0.977974 -0.00598678 0.00667448 0.99996 0.728359
0.997546 0.0699197 0.00374284 -38.2057 -0.0698959 0.997535 -0.00615661 1.02662 -0.00416408 0.00587989 0.999974 0.777799
0.997415 0.0717873 0.00309122 -38.7839 -0.0717576 0.997383 -0.00884632 1.06743 -0.00371818 0.00860164 0.999956 0.793996
0.997241 0.074161 0.00311892 -39.323 -0.0741253 0.997196 -0.0103148 1.08973 -0.00387513 0.0100551 0.999942 0.797618
0.997061 0.0764832 0.00434878 -39.8974 -0.07644 0.99703 -0.0093511 1.14456 -0.00505107 0.0089912 0.999947 0.813784
0.996863 0.0787291 0.00812587 -40.4412 -0.0786547 0.99686 -0.00910508 1.17423 -0.00881719 0.00843738 0.999926 0.817243
0.996699 0.0804369 0.0110332 -40.9965 -0.080344 0.99673 -0.00862252 1.23108 -0.0116907 0.0077076 0.999902 0.837095
0.996511 0.0826503 0.0115775 -41.5636 -0.082536 0.996538 -0.0100287 1.30518 -0.0123662 0.0090382 0.999883 0.876447
0.996325 0.0850114 0.0104263 -42.1019 -0.0849032 0.996335 -0.0104128 1.35122 -0.0112733 0.00948934 0.999891 0.881114
0.996188 0.0870089 0.00620754 -42.6746 -0.0869577 0.996179 -0.00809182 1.40826 -0.00688788 0.00752118 0.999948 0.88568
0.995985 0.089511 0.00101733 -43.2304 -0.0895029 0.995967 -0.00629161 1.46419 -0.00157639 0.0061753 0.99998 0.915212
0.995789 0.0915774 -0.00422316 -43.8096 -0.0916001 0.995781 -0.00553169 1.51973 0.00369877 0.00589524 0.999976 0.926095
0.995541 0.0939241 -0.00878556 -44.3745 -0.0939824 0.995553 -0.00646822 1.58725 0.00813897 0.00726506 0.99994 0.95884
0.995322 0.0960492 -0.0104214 -44.9386 -0.0961295 0.995341 -0.00750376 1.63534 0.00965212 0.00847046 0.999918 0.943599
0.995148 0.0980868 -0.00775314 -45.5258 -0.0981368 0.995153 -0.00635279 1.70297 0.00709243 0.00708283 0.99995 0.943236
0.994967 0.100112 -0.00426104 -46.0823 -0.100129 0.994966 -0.00420117 1.75906 0.003819 0.00460668 0.999982 0.950262
0.994904 0.100798 -0.00248862 -46.6504 -0.100806 0.994902 -0.00295457 1.81827 0.00217812 0.00319038 0.999993 0.972262
0.994779 0.102048 -0.000974831 -47.2412 -0.102051 0.994773 -0.00355563 1.88263 0.000606889 0.00363655 0.999993 0.998319
0.994628 0.103507 -0.00142803 -47.8196 -0.103512 0.994618 -0.00446405 1.96068 0.000958289 0.00458788 0.999989 1.0075
0.994538 0.104359 -0.00200484 -48.4201 -0.104369 0.994522 -0.00582117 2.01568 0.00138636 0.00599862 0.999981 1.01761
0.994372 0.105923 -0.00194108 -49.0062 -0.105935 0.994346 -0.00731033 2.07237 0.00115577 0.00747482 0.999971 1.02673
0.994202 0.107505 -0.00242371 -49.5657 -0.107519 0.99418 -0.00680841 2.15147 0.00167766 0.00702953 0.999974 1.03107
0.99406 0.108765 -0.00379736 -50.1447 -0.108783 0.994052 -0.00509786 2.21705 0.00322031 0.00548067 0.99998 1.04631
0.99389 0.110288 -0.00442956 -50.7363 -0.110308 0.993887 -0.00454432 2.28808 0.00390129 0.00500517 0.99998 1.05432
0.993756 0.111491 -0.00434866 -51.3345 -0.111509 0.993755 -0.00408481 2.35654 0.00386608 0.00454422 0.999982 1.065
0.993588 0.112943 -0.00515747 -51.9371 -0.112961 0.993594 -0.00317948 2.43439 0.00476533 0.00374168 0.999982 1.08549
0.993434 0.114316 -0.00457447 -52.5358 -0.11433 0.993439 -0.00293018 2.51358 0.00420949 0.00343394 0.999985 1.11052
0.993271 0.115786 -0.00261715 -53.1384 -0.115792 0.99327 -0.0024389 2.56998 0.00231715 0.00272553 0.999994 1.10857
0.993138 0.116944 -0.00142595 -53.7447 -0.116947 0.993136 -0.00219892 2.66681 0.00115901 0.00235059 0.999997 1.11606
0.992943 0.118584 -0.00164091 -54.3496 -0.118587 0.992942 -0.00164365 2.73839 0.00143442 0.00182664 0.999997 1.14775
0.992853 0.119328 -0.00202942 -54.9828 -0.119329 0.992855 -0.000573385 2.81127 0.0019465 0.000811456 0.999998 1.13871
0.99271 0.120464 -0.00386055 -55.6037 -0.120463 0.992718 0.000371103 2.91378 0.00387714 9.66549e-05 0.999992 1.15697
0.992544 0.121784 -0.0049708 -56.1969 -0.121791 0.992555 -0.00109288 2.98676 0.0048007 0.00169013 0.999987 1.19713
0.99248 0.122356 -0.00347187 -56.8653 -0.122361 0.992485 -0.00115325 3.08792 0.00330467 0.0015694 0.999993 1.18916
0.992464 0.122496 -0.00324768 -57.4904 -0.122498 0.992469 -0.000463405 3.15867 0.00316645 0.000857747 0.999995 1.20695
0.992511 0.122087 -0.0040664 -58.1043 -0.122091 0.992519 -0.000743434 3.24509 0.00394521 0.00123434 0.999991 1.22805
0.992563 0.121653 -0.00431499 -58.7309 -0.121662 0.99257 -0.00188967 3.3146 0.00405304 0.00240059 0.999989 1.23156
0.992599 0.121365 -0.0041643 -59.4203 -0.121374 0.992605 -0.0019049 3.3808 0.00390232 0.00239624 0.99999 1.21029
0.992632 0.121111 -0.00361909 -60.0628 -0.12112 0.992635 -0.00241684 3.47812 0.00329973 0.00283738 0.999991 1.24256
0.992717 0.120465 -0.0012173 -60.7472 -0.120468 0.992712 -0.00320971 3.55396 0.000821773 0.00333298 0.999994 1.26755
0.992789 0.119877 0.000440338 -61.3838 -0.119874 0.992779 -0.00440803 3.63561 -0.000965579 0.00432345 0.99999 1.27102
0.992832 0.119516 0.000718605 -62.0666 -0.119513 0.992827 -0.00347851 3.71012 -0.00112919 0.0033677 0.999994 1.25906
0.992851 0.119361 -0.000184481 -62.7068 -0.119361 0.992846 -0.00303929 3.81882 -0.000179612 0.00303958 0.999995 1.2747
0.992897 0.118975 8.76619e-05 -63.3795 -0.118974 0.992895 -0.00235295 3.88906 -0.00036698 0.00232581 0.999997 1.3018
0.992922 0.118772 7.14339e-05 -64.0621 -0.118771 0.992916 -0.00333446 3.97155 -0.00046697 0.00330238 0.999994 1.32582
0.992927 0.118714 0.00137962 -64.7365 -0.118706 0.992917 -0.00498488 4.0394 -0.00196163 0.00478586 0.999987 1.32536
0.992984 0.118238 0.00166196 -65.4376 -0.118228 0.992971 -0.00547868 4.13638 -0.00229807 0.00524375 0.999984 1.33156
0.992993 0.11817 0.000143762 -66.1387 -0.118168 0.992983 -0.00465405 4.19991 -0.000692724 0.00460445 0.999989 1.35153
0.993049 0.117699 -0.00110167 -66.8351 -0.117703 0.993037 -0.00490576 4.29459 0.0005166 0.00500133 0.999987 1.3655
0.993009 0.118024 -0.00177487 -67.532 -0.118032 0.992998 -0.00491406 4.37552 0.00118247 0.0050892 0.999986 1.38258
0.993014 0.117996 -0.000850483 -68.2187 -0.117999 0.992994 -0.00619646 4.48193 0.000113367 0.00625352 0.99998 1.40806
0.993025 0.117893 0.0015556 -68.9213 -0.117879 0.993002 -0.0071843 4.55518 -0.0023917 0.00695082 0.999973 1.41163
0.992947 0.118549 0.00161923 -69.6239 -0.118538 0.992933 -0.00577223 4.62836 -0.00229208 0.00553958 0.999982 1.41693
0.992937 0.118627 0.00189289 -70.3517 -0.118615 0.992925 -0.00555383 4.69415 -0.00253833 0.00529008 0.999983 1.43097
0.992945 0.118571 0.00100813 -71.0726 -0.118564 0.99293 -0.0057865 4.78474 -0.00168711 0.00562615 0.999983 1.46305
0.992936 0.118631 0.00222626 -71.8031 -0.118616 0.992922 -0.00598735 4.8849 -0.00292079 0.00568099 0.99998 1.45846
0.992904 0.118874 0.00310757 -72.502 -0.11886 0.992901 -0.00455212 4.97701 -0.00362664 0.00415045 0.999985 1.48314
0.992921 0.118715 0.00380406 -73.2688 -0.118705 0.992926 -0.00263594 5.09643 -0.00409007 0.00216572 0.999989 1.50834
0.992959 0.118419 0.00296118 -73.9794 -0.118416 0.992963 -0.00122739 5.17905 -0.00308569 0.000868102 0.999995 1.52869
0.992949 0.118532 0.00153215 -74.7177 -0.118531 0.99295 -0.000930381 5.25644 -0.00163163 0.000742213 0.999998 1.5459
0.993084 0.117404 0.000741189 -75.4803 -0.117404 0.993084 9.39176e-05 5.34182 -0.000725037 -0.000180287 1 1.5534
0.993141 0.116916 0.000911479 -76.2237 -0.116917 0.993141 0.000998128 5.42527 -0.00078853 -0.00109785 0.999999 1.57721
0.99333 0.115293 0.00150707 -76.9728 -0.115295 0.993331 0.00120364 5.52288 -0.00135824 -0.00136937 0.999998 1.60061
0.993466 0.114098 0.00251131 -77.7456 -0.114101 0.993468 0.0012492 5.61255 -0.00235238 -0.00152758 0.999996 1.61929
0.993585 0.113046 0.00313355 -78.4639 -0.113048 0.99359 0.000190204 5.68588 -0.00309196 -0.000543224 0.999995 1.64497
0.993715 0.11188 0.00363982 -79.2162 -0.111883 0.993721 0.000529225 5.76339 -0.00355776 -0.000933132 0.999993 1.64745
0.993906 0.110204 0.00258538 -80.0054 -0.110204 0.993909 -9.94576e-05 5.87213 -0.00258059 -0.000186068 0.999997 1.67673
0.994026 0.109144 0.000933548 -80.7774 -0.109144 0.994026 -0.000215802 5.96278 -0.000951524 0.000112622 1 1.6915
0.994196 0.107588 -0.000180285 -81.5333 -0.107588 0.994195 -0.000641547 6.03909 0.000110216 0.00065722 1 1.69901
0.994303 0.106585 -0.000764976 -82.3086 -0.106585 0.994304 0.000315973 6.1038 0.000794297 -0.000232638 1 1.71871
0.994478 0.104935 -0.00168221 -83.0668 -0.104932 0.994478 0.00147139 6.2052 0.00182732 -0.00128675 0.999998 1.73414
0.994586 0.103886 -0.00235815 -83.8224 -0.103883 0.994589 0.00139064 6.2716 0.00248985 -0.00113814 0.999996 1.76381
0.994671 0.103068 -0.0026562 -84.5895 -0.103067 0.994674 0.000451324 6.34909 0.00268858 -0.000175151 0.999996 1.77329
0.994806 0.101765 -0.00207767 -85.3566 -0.101766 0.994808 -3.63395e-05 6.44693 0.00206319 0.000247587 0.999998 1.78761
0.994956 0.100302 -0.00126366 -86.1382 -0.100302 0.994957 0.000385776 6.50963 0.00129598 -0.000257083 0.999999 1.79969
0.995059 0.0992783 -0.00142468 -86.8996 -0.0992771 0.995059 0.000887176 6.59297 0.00150572 -0.000741354 0.999999 1.81937
0.995182 0.0980247 -0.00199822 -87.6565 -0.0980223 0.995183 0.00127214 6.67699 0.00211329 -0.00107014 0.999997 1.82666
0.995238 0.0974555 -0.00177511 -88.4478 -0.0974538 0.99524 0.00103966 6.73318 0.00186798 -0.000861718 0.999998 1.83559
0.995405 0.095746 -0.00112953 -89.2025 -0.0957449 0.995405 0.00099804 6.81856 0.0012199 -0.000885308 0.999999 1.85855
0.995492 0.0948447 0.000514699 -89.9493 -0.0948452 0.995492 0.000904051 6.89049 -0.000426634 -0.000948792 0.999999 1.87206
0.995517 0.0945722 0.00133467 -90.6946 -0.094574 0.995517 0.0013905 6.96707 -0.00119719 -0.00151049 0.999998 1.90565
0.995507 0.0946689 0.00195649 -91.4372 -0.0946699 0.995509 0.000412087 7.03706 -0.00190869 -0.000595456 0.999998 1.93197
0.995444 0.095342 0.00106684 -92.2065 -0.0953416 0.995445 -0.000409283 7.10355 -0.001101 0.000305704 0.999999 1.9458
0.995454 0.0952475 0.000145424 -92.966 -0.0952471 0.995452 -0.00180681 7.1827 -0.000316856 0.00178474 0.999998 1.95955
0.995405 0.0957364 -0.00192653 -93.6685 -0.0957403 0.995404 -0.00203228 7.255 0.00172311 0.00220738 0.999996 1.97381
0.995397 0.095806 -0.00240946 -94.4212 -0.0958122 0.995396 -0.00261206 7.32479 0.00214812 0.00283089 0.999994 2.00252
0.995367 0.0961247 -0.00192476 -95.1727 -0.09613 0.995365 -0.00289178 7.40809 0.00163786 0.00306341 0.999994 2.00848
0.99526 0.097233 -0.00201673 -95.9142 -0.0972398 0.995255 -0.00358542 7.46143 0.00165854 0.00376453 0.999992 2.02757
0.995266 0.0971672 -0.00192717 -96.6351 -0.0971759 0.995254 -0.00510801 7.54457 0.0014217 0.0052711 0.999985 2.05833
0.995292 0.0969185 -0.000965434 -97.37 -0.0969224 0.995276 -0.00571719 7.61278 0.000406772 0.00578385 0.999983 2.07578
0.995216 0.0976983 -0.000244164 -98.0792 -0.0976979 0.995196 -0.00630855 7.69432 -0.000373343 0.00630222 0.99998 2.08245
0.995177 0.0980921 0.000417174 -98.8054 -0.0980871 0.995155 -0.0066966 7.77511 -0.00107204 0.00662339 0.999977 2.11688
0.995196 0.097905 0.000666506 -99.5371 -0.0978977 0.995171 -0.00718873 7.82611 -0.0013671 0.00708894 0.999974 2.1453
0.995169 0.0981715 0.00121442 -100.245 -0.098154 0.995118 -0.0102663 7.90295 -0.00221635 0.0100975 0.999947 2.17063
0.995135 0.0985237 0.000557246 -100.961 -0.0985123 0.995079 -0.0106047 7.97324 -0.00159931 0.0104982 0.999944 2.18883
0.995117 0.0986977 0.00059912 -101.673 -0.0986794 0.995019 -0.0141133 8.01867 -0.00198909 0.0139853 0.9999 2.21904
0.995066 0.0989062 0.00781398 -102.369 -0.0987777 0.99499 -0.0154083 8.0856 -0.00929882 0.0145605 0.999851 2.23069
0.994916 0.0987989 0.0194942 -103.056 -0.0985436 0.995039 -0.0136501 8.16762 -0.0207462 0.0116597 0.999717 2.24447
0.994805 0.0981329 0.0270853 -103.759 -0.0979427 0.995158 -0.00826529 8.23034 -0.0277652 0.00556955 0.999599 2.2602
0.994846 0.0982432 0.0250833 -104.455 -0.0981821 0.995162 -0.00365938 8.32106 -0.0253214 0.0011778 0.999679 2.31538
0.995102 0.0980761 0.0123854 -105.152 -0.0980433 0.995177 -0.00322653 8.37942 -0.0126421 0.00199642 0.999918 2.34453
0.995097 0.0984821 -0.00912768 -105.867 -0.098518 0.995129 -0.00356694 8.46246 0.00873194 0.00444869 0.999952 2.33894
0.994712 0.0981001 -0.0304193 -106.592 -0.0981984 0.995165 -0.00175319 8.54377 0.0301002 0.00473104 0.999536 2.32351
0.994512 0.0976786 -0.037481 -107.309 -0.0977222 0.995214 0.000672557 8.61192 0.0373673 0.00299386 0.999297 2.32906
0.994829 0.098035 -0.0265263 -107.978 -0.098074 0.995179 -0.000167927 8.68292 0.026382 0.0027686 0.999648 2.36393
0.995144 0.0983276 -0.00455627 -108.671 -0.0983456 0.995145 -0.00390767 8.73539 0.00414992 0.00433678 0.999982 2.40431
0.995067 0.0978166 0.0165681 -109.356 -0.0976942 0.995184 -0.00804474 8.80832 -0.0172752 0.00638644 0.99983 2.399
0.99489 0.0980428 0.0241129 -110.02 -0.0978664 0.995164 -0.0083916 8.85917 -0.024819 0.00598888 0.999674 2.3906
0.995106 0.0976321 0.0152639 -110.714 -0.0975672 0.995217 -0.00494441 8.94152 -0.0156736 0.00343096 0.999871 2.41347
0.995207 0.0977385 0.00333797 -111.421 -0.0977279 0.995208 -0.00319047 9.02043 -0.0036338 0.00284896 0.999989 2.4513
0.995206 0.097719 -0.00387978 -112.145 -0.0977285 0.99521 -0.00232634 9.10711 0.00363387 0.00269436 0.99999 2.46683
0.99519 0.0976945 -0.0073181 -112.848 -0.0976999 0.995216 -0.000385675 9.16315 0.00724541 0.0010988 0.999973 2.48714
0.995178 0.0979056 -0.00594044 -113.55 -0.097918 0.995193 -0.00184283 9.22084 0.00573146 0.00241562 0.999981 2.51359
0.995171 0.0981436 -0.00151553 -114.234 -0.0981499 0.995159 -0.00493225 9.27145 0.00102412 0.00505718 0.999987 2.51487
0.995219 0.0976054 0.00351594 -114.939 -0.0975865 0.995214 -0.00518978 9.35823 -0.00400566 0.00482186 0.99998 2.50233
0.995268 0.0970051 0.00568397 -115.646 -0.0969948 0.995283 -0.00205667 9.4282 -0.00585667 0.00149562 0.999982 2.51835
0.995226 0.0975526 0.00289421 -116.355 -0.0975578 0.995228 0.00171508 9.51673 -0.00271308 -0.00198925 0.999994 2.53951
0.995226 0.0975844 -0.00164569 -117.084 -0.09758 0.995224 0.002558 9.59427 0.00188745 -0.0023852 0.999995 2.57576
0.995217 0.0976498 -0.00273678 -117.817 -0.0976486 0.995221 0.00057566 9.68076 0.00277992 -0.000305664 0.999996 2.60141
0.995154 0.0982946 0.00260736 -118.521 -0.098295 0.995157 4.09433e-05 9.74092 -0.00259071 -0.000297035 0.999997 2.60821
0.995172 0.0976796 0.00951332 -119.228 -0.0977062 0.995212 0.00236704 9.81633 -0.00923657 -0.00328512 0.999952 2.6109
0.995176 0.0972741 0.0127173 -119.923 -0.097329 0.995245 0.00376783 9.86513 -0.0122903 -0.00498742 0.999912 2.64422
0.99515 0.0976627 0.0117512 -120.653 -0.0977143 0.995207 0.0039028 9.92394 -0.0113137 -0.00503214 0.999923 2.66314
0.995219 0.0974343 0.00670687 -121.376 -0.0974588 0.995234 0.00342943 10.0124 -0.00634076 -0.00406668 0.999972 2.68974
0.995308 0.0967282 0.00250174 -122.118 -0.0967377 0.995302 0.00401649 10.0984 -0.00210147 -0.00423965 0.999989 2.70794
0.99536 0.0962066 0.00159515 -122.849 -0.0962123 0.995353 0.00405263 10.182 -0.00119785 -0.0041873 0.999991 2.72264
0.995363 0.0961619 0.00251356 -123.594 -0.0961673 0.995363 0.00214294 10.2398 -0.00229583 -0.00237473 0.999995 2.75469
0.995434 0.0953316 0.00483345 -124.347 -0.0953318 0.995446 -0.000176544 10.3109 -0.00482826 -0.000285044 0.999988 2.75948
0.995545 0.0941092 0.00578342 -125.071 -0.0941137 0.995561 0.000507484 10.4018 -0.00570999 -0.00104952 0.999983 2.76361
0.995661 0.0929768 0.00378822 -125.823 -0.0929847 0.995666 0.00196289 10.46 -0.0035893 -0.00230662 0.999991 2.78361
0.995842 0.091092 0.00116111 -126.601 -0.0910944 0.99584 0.00222216 10.5344 -0.000953858 -0.00231869 0.999997 2.81874
0.996049 0.0888029 0.000437481 -127.352 -0.0888034 0.996048 0.00140516 10.5942 -0.00031097 -0.00143846 0.999999 2.83002
0.996249 0.0865363 0.000394953 -128.074 -0.0865364 0.996249 0.000199493 10.6842 -0.000376208 -0.000232923 1 2.86138
0.996465 0.0839951 0.0014792 -128.816 -0.0839949 0.996466 -0.00024393 10.735 -0.00149447 0.000118822 0.999999 2.87575
0.996668 0.0815165 0.00284104 -129.593 -0.0815132 0.996671 -0.00124869 10.785 -0.00293338 0.00101294 0.999995 2.90928
0.996829 0.0794873 0.00381562 -130.325 -0.0794791 0.996834 -0.00225044 10.8405 -0.00398243 0.00194004 0.99999 2.92668
0.997031 0.076936 0.00325336 -131.065 -0.0769312 0.997035 -0.00159397 10.9148 -0.00336634 0.00133895 0.999993 2.94252
0.997189 0.0749075 0.00176898 -131.794 -0.0749064 0.99719 -0.000660122 10.9639 -0.00181346 0.000525759 0.999998 2.9646
0.997364 0.0725639 1.60332e-05 -132.521 -0.0725639 0.997364 0.000282342 11.0084 4.49691e-06 -0.000282761 1 2.97539
0.997519 0.0703989 -0.000251859 -133.264 -0.0703987 0.997519 0.000538026 11.063 0.000289111 -0.000518961 1 2.99822
0.997653 0.0684646 0.000677337 -134.009 -0.0684646 0.997654 -3.44328e-05 11.1265 -0.000678105 -1.20216e-05 1 3.02735
0.997838 0.0656608 0.00295271 -134.724 -0.0656611 0.997842 -5.73187e-06 11.1662 -0.00294672 -0.000188159 0.999996 3.03573
0.997956 0.0637586 0.00440261 -135.43 -0.0637606 0.997965 0.000312757 11.2185 -0.00437371 -0.00059283 0.99999 3.05071
0.99814 0.0608401 0.00386178 -136.157 -0.0608435 0.998147 0.000763069 11.2596 -0.0038082 -0.000996614 0.999992 3.06905
0.998263 0.0588916 0.00173152 -136.91 -0.0588944 0.998263 0.00159179 11.3105 -0.00163476 -0.001691 0.999997 3.08607
0.99837 0.0570439 -0.00192526 -137.592 -0.057041 0.998371 0.00149143 11.3328 0.0020072 -0.00137918 0.999997 3.13094
0.998519 0.0543497 -0.00248039 -138.317 -0.0543483 0.998522 0.000630663 11.3873 0.002511 -0.000494924 0.999997 3.15383
0.998611 0.0526876 -0.000221336 -139.035 -0.0526873 0.99861 0.00122474 11.416 0.000285557 -0.00121138 0.999999 3.16131
0.998681 0.0512003 0.00371763 -139.708 -0.051198 0.998688 -0.000687992 11.4486 -0.00374798 0.00049675 0.999993 3.21243
0.998619 0.049245 0.0183005 -140.385 -0.0492001 0.998785 -0.00289182 11.4716 -0.0184206 0.00198744 0.999828 3.22963
0.998369 0.0475901 0.0315396 -141.102 -0.0475541 0.998867 -0.00188952 11.507 -0.0315938 0.000386601 0.999501 3.24669
0.998277 0.0462636 0.0360849 -141.795 -0.0463132 0.998927 0.00053906 11.5369 -0.0360212 -0.00220934 0.999349 3.26043
0.998611 0.0455401 0.0264809 -142.514 -0.0456249 0.998955 0.00260573 11.5671 -0.0263346 -0.0038103 0.999646 3.29017
0.999025 0.0441582 0.000211972 -143.268 -0.0441587 0.999016 0.00401015 11.6183 -3.46827e-05 -0.0040156 0.999992 3.30125
0.998677 0.0426598 -0.0287251 -143.975 -0.0426238 0.999089 0.00186194 11.6482 0.0287783 -0.000635104 0.999586 3.32074
0.998193 0.0414262 -0.0435263 -144.712 -0.0414224 0.999141 0.000990663 11.695 0.04353 0.000814088 0.999052 3.30724
0.998551 0.0406539 -0.0352717 -145.413 -0.040628 0.999173 0.00145246 11.7084 0.0353016 -1.73405e-05 0.999377 3.34702
0.999141 0.0404245 -0.00916012 -146.129 -0.040399 0.999179 0.00295132 11.7267 0.0092719 -0.00257873 0.999954 3.37528
0.999081 0.0394462 0.0167775 -146.807 -0.0395245 0.999209 0.00436242 11.7746 -0.0165921 -0.00502153 0.99985 3.39169
0.998889 0.0386772 0.0269384 -147.555 -0.0388197 0.999235 0.00478523 11.8191 -0.0267327 -0.00582565 0.999626 3.37326
0.99911 0.0392963 0.0153162 -148.303 -0.0393803 0.999211 0.00522172 11.8337 -0.0150989 -0.00582023 0.999869 3.39614
0.999214 0.0396262 0.000541048 -149.043 -0.0396284 0.999203 0.00471569 11.8606 -0.000353752 -0.00473343 0.999989 3.42504
0.999186 0.0397931 -0.00668323 -149.808 -0.0397596 0.999196 0.00507835 11.8987 0.00687994 -0.00480849 0.999965 3.4317
0.999188 0.0398564 -0.00587477 -150.55 -0.0398144 0.999182 0.00709665 11.9283 0.00615281 -0.00685698 0.999958 3.45983
0.999205 0.0398721 0.000235428 -151.28 -0.0398726 0.999166 0.00885869 11.973 0.000117982 -0.00886103 0.999961 3.48137
0.999147 0.0407255 0.0068259 -152.088 -0.0407888 0.999123 0.00941275 12.0133 -0.00643657 -0.00968315 0.999932 3.49963
0.99911 0.041088 0.00950253 -152.826 -0.0411685 0.999117 0.00844342 12.0491 -0.00914721 -0.00882711 0.999919 3.51314
0.999115 0.0412319 0.00836756 -153.59 -0.0412902 0.999123 0.00691607 12.0748 -0.00807506 -0.00725544 0.999941 3.54012
0.999122 0.0414491 0.00615837 -154.37 -0.0414786 0.999128 0.00472945 12.1141 -0.00595697 -0.00498074 0.99997 3.55609
0.999131 0.0415103 0.0037165 -155.142 -0.0415219 0.999133 0.00310509 12.1495 -0.00358438 -0.00325671 0.999988 3.58346
0.999102 0.0423246 0.00215117 -155.91 -0.0423286 0.999102 0.00184856 12.1774 -0.002071 -0.00193795 0.999996 3.59366
0.9991 0.0424062 0.000996559 -156.725 -0.0424077 0.999099 0.00157753 12.2232 -0.000928765 -0.00161837 0.999998 3.61726
0.999056 0.0434379 0.000107351 -157.496 -0.043438 0.999055 0.00118919 12.2464 -5.55935e-05 -0.00119273 0.999999 3.62511
0.999057 0.0434254 -0.00055046 -158.285 -0.0434257 0.999057 -0.000553771 12.2793 0.000525893 0.000577153 1 3.64895
0.999017 0.0443052 -0.00129672 -159.081 -0.0443063 0.999018 -0.000872385 12.3236 0.0012568 0.000928981 0.999999 3.66756
0.998962 0.0455515 -0.000402182 -159.883 -0.0455516 0.998962 -0.000429697 12.349 0.000382191 0.000447571 1 3.68812
0.998918 0.0465157 0.000144818 -160.662 -0.0465156 0.998918 -0.000260618 12.4037 -0.000156784 0.0002536 1 3.70254
0.998904 0.0467955 0.00123188 -161.466 -0.0467951 0.998904 -0.000402469 12.4624 -0.00124936 0.000344382 0.999999 3.71427
0.998824 0.0484574 0.00157977 -162.258 -0.0484583 0.998825 0.000526643 12.4767 -0.00155239 -0.000602577 0.999999 3.73482
0.99876 0.0497042 0.00298226 -163.024 -0.0497083 0.998763 0.00130826 12.5106 -0.00291355 -0.00145488 0.999995 3.75082
0.998737 0.0500393 0.0044306 -163.847 -0.0500503 0.998744 0.00240773 12.5631 -0.00430455 -0.00262645 0.999987 3.76855
0.998663 0.051398 0.00546294 -164.65 -0.0514183 0.998671 0.00363833 12.6029 -0.00526868 -0.00391436 0.999978 3.79409
0.998589 0.0526379 0.00707722 -165.442 -0.052668 0.998603 0.0041392 12.6523 -0.00684945 -0.0045061 0.999966 3.81387
0.998463 0.0548233 0.00810925 -166.237 -0.0548492 0.99849 0.00300118 12.6988 -0.00793247 -0.00344135 0.999963 3.83521
0.998304 0.0577739 0.00713274 -167.063 -0.0577876 0.998327 0.00172871 12.7376 -0.00702093 -0.00213797 0.999973 3.87152
0.998117 0.061055 0.00597182 -167.89 -0.0610657 0.998132 0.00162966 12.8017 -0.00586117 -0.00199126 0.999981 3.88358
0.997889 0.064778 0.0046438 -168.72 -0.064789 0.997896 0.00224677 12.8484 -0.00448849 -0.0025429 0.999987 3.90855
0.997682 0.0679041 0.00450241 -169.544 -0.0679147 0.997689 0.00224506 12.9079 -0.00433956 -0.00254564 0.999987 3.93732
0.997457 0.0710363 0.00585968 -170.335 -0.0710518 0.99747 0.00248104 12.9574 -0.00566861 -0.00289108 0.99998 3.95189
0.997175 0.0748274 0.00650276 -171.168 -0.0748439 0.997193 0.00233803 13.0434 -0.00630956 -0.00281812 0.999976 3.97812
0.996895 0.0784389 0.00689989 -172.012 -0.078454 0.996916 0.00194303 13.1151 -0.0067262 -0.00247832 0.999974 3.99639
0.996641 0.081743 0.00503971 -172.83 -0.081756 0.996649 0.0024321 13.1865 -0.00482401 -0.00283596 0.999984 4.02301
0.996442 0.0842021 0.00371979 -173.66 -0.0842126 0.996444 0.00274975 13.2862 -0.00347503 -0.00305322 0.999989 4.03873
