1 0 0 0 0 1 0 0 -0 0 1 0
0.999999 -0.00171151 -5.47559e-05 0.00367845 0.00171147 0.999998 -0.000596957 0.0148467 5.57775e-05 0.000596863 1 0.00998828
0.999998 -0.00177787 3.17246e-05 -0.00320745 0.00177789 0.999998 -0.000833498 0.0204976 -3.02427e-05 0.000833553 1 0.0131037
0.999999 -0.00163947 3.28454e-05 -0.00114084 0.00163949 0.999998 -0.00068416 0.0176719 -3.17237e-05 0.000684213 1 0.00822108
0.999999 -0.00149417 0.000399181 0.000938945 0.00149445 0.999999 -0.000709048 0.0148764 -0.000398121 0.000709644 1 0.00338173
0.999999 -0.00160279 6.89264e-05 -0.00517997 0.00160284 0.999999 -0.000616944 0.0160524 -6.79374e-05 0.000617054 1 0.00812815
0.999999 -0.00166647 -3.70013e-05 0.00665102 0.00166645 0.999998 -0.000667678 0.0146107 3.81139e-05 0.000667615 1 0.00620651
0.999999 -0.00146315 -5.98754e-05 7.58702e-05 0.00146311 0.999999 -0.000770841 0.00993424 6.10032e-05 0.000770753 1 0.00989887
0.999999 -0.0016325 3.57854e-05 0.00424083 0.00163253 0.999998 -0.000692861 0.0128892 -3.46542e-05 0.000692919 1 0.00942372
0.999998 -0.0017388 -0.000107329 0.00289923 0.00173874 0.999998 -0.000595858 0.0187595 0.000108365 0.00059567 1 0.00806954
0.999999 -0.0016301 -6.67763e-05 -0.00364991 0.00163007 0.999999 -0.00057024 0.0140461 6.77057e-05 0.00057013 1 0.0139937
0.999999 -0.00165191 -2.88885e-05 0.00120598 0.0016519 0.999999 -0.000500468 0.0140816 2.97152e-05 0.000500419 1 0.00801889
0.999999 -0.00170814 -1.57804e-05 0.00358149 0.00170813 0.999998 -0.000692028 0.0138182 1.69625e-05 0.000692 1 0.00951755
0.999999 -0.00167199 5.28634e-05 -0.000561825 0.00167202 0.999998 -0.000470107 0.0107156 -5.20773e-05 0.000470195 1 0.00778647
0.999999 -0.00170638 -4.8337e-05 0.00372073 0.00170635 0.999998 -0.000638767 0.0194309 4.94269e-05 0.000638684 1 0.0123146
0.999998 -0.00185683 1.43435e-05 0.00401991 0.00185684 0.999998 -0.000595152 0.0163707 -1.32384e-05 0.000595177 1 0.0102242
0.999999 -0.00169407 -7.63846e-05 0.0066032 0.00169402 0.999998 -0.000620051 0.016701 7.74349e-05 0.000619921 1 0.00942268
0.999999 -0.00165389 -9.04533e-06 0.000587593 0.00165389 0.999998 -0.000622247 0.0152059 1.00744e-05 0.000622231 1 0.00982897
0.999999 -0.00171104 -4.51545e-05 0.0110437 0.00171101 0.999998 -0.000645856 0.0186527 4.62595e-05 0.000645778 1 0.00814311
0.999999 -0.00150914 -0.00011076 0.000892015 0.00150907 0.999999 -0.000650104 0.0144176 0.000111741 0.000649936 1 0.0108371
0.999999 -0.00151139 -0.000112759 -5.11305e-05 0.00151133 0.999999 -0.000562263 0.00770553 0.000113609 0.000562092 1 0.00755666
0.999999 -0.00152218 -0.000102532 -0.0055776 0.00152213 0.999999 -0.000456399 0.0126466 0.000103227 0.000456242 1 0.00923241
0.999999 -0.00148522 3.46923e-05 -0.00396674 0.00148525 0.999999 -0.000748354 0.0111148 -3.35808e-05 0.000748404 1 0.00899505
0.999999 -0.00170079 -7.94137e-06 -0.00538391 0.00170078 0.999998 -0.00051267 0.0168013 8.81329e-06 0.000512655 1 0.00928419
0.999998 -0.00178784 -8.40708e-06 0.000561936 0.00178783 0.999998 -0.000691619 0.0196121 9.64357e-06 0.000691603 1 0.0101996
0.999999 -0.001585 -0.000118457 -0.000903778 0.00158493 0.999999 -0.000548552 0.00850819 0.000119326 0.000548364 1 0.00895822
0.999999 -0.00167108 -0.000168882 -0.00985551 0.001671 0.999998 -0.000458086 0.0124937 0.000169647 0.000457803 1 0.0121653
0.999999 -0.00166909 -0.000109951 -0.00713626 0.00166904 0.999999 -0.000456827 0.018587 0.000110713 0.000456642 1 0.0114234
0.999999 -0.00164482 -0.000137997 -0.00118432 0.00164471 0.999998 -0.000767404 0.0210217 0.000139259 0.000767176 1 0.0106989
0.999999 -0.00151477 -0.000138079 -0.0070223 0.00151469 0.999999 -0.000613455 0.0128141 0.000139008 0.000613245 1 0.0103391
0.999999 -0.00155869 -0.000174236 -0.00401454 0.00155863 0.999999 -0.000350086 0.0121351 0.000174782 0.000349814 1 0.0123708
0.999999 -0.00144015 -0.000111692 -0.00732979 0.00144006 0.999999 -0.00077928 0.0152156 0.000112814 0.000779119 1 0.0112707
0.999999 -0.00150698 -5.42711e-05 -0.0018547 0.00150694 0.999999 -0.000680948 0.0140678 5.52972e-05 0.000680865 1 0.0105604
0.999999 -0.00168716 2.91492e-05 -0.000136092 0.00168718 0.999998 -0.000697779 0.0146077 -2.79719e-05 0.000697827 1 0.0049086
0.999999 -0.0014775 -1.10678e-05 -0.00223509 0.0014775 0.999999 -0.000481704 0.0146281 1.17795e-05 0.000481687 1 0.0079827
0.999999 -0.00168991 -5.92014e-05 -0.00307342 0.00168987 0.999998 -0.000676911 0.0125116 6.03452e-05 0.00067681 1 0.00926631
0.999999 -0.00151428 -0.000104377 0.00214986 0.00151424 0.999999 -0.000385874 0.0142178 0.000104961 0.000385716 1 0.0107072
0.999999 -0.00158326 -1.91933e-05 0.00223584 0.00158325 0.999998 -0.000892141 0.0238647 2.06058e-05 0.00089211 1 0.010683
0.999999 -0.00154221 -3.51114e-05 -0.00080832 0.00154219 0.999999 -0.000584676 0.0171969 3.6013e-05 0.000584621 1 0.00779929
0.999999 -0.00153468 2.8889e-05 -0.00184135 0.00153471 0.999999 -0.000750037 0.0133137 -2.77379e-05 0.000750081 1 0.0103197
0.999999 -0.00163558 -7.86817e-05 -0.00773542 0.00163554 0.999999 -0.000454603 0.0141352 7.94251e-05 0.000454474 1 0.00935965
0.999999 -0.00160177 8.4268e-05 -5.292e-05 0.00160183 0.999998 -0.0006742 0.0177799 -8.3188e-05 0.000674334 1 0.00895109
0.999999 -0.00153299 8.15615e-05 -0.00932514 0.00153304 0.999999 -0.000618583 0.0170251 -8.06131e-05 0.000618708 1 0.00949024
0.999999 -0.00161436 -4.16147e-05 -0.00579178 0.00161433 0.999998 -0.000685512 0.0162673 4.27213e-05 0.000685444 1 0.0108289
0.999999 -0.00148207 6.66043e-05 -0.0022803 0.00148213 0.999999 -0.000824902 0.0155148 -6.53817e-05 0.000824999 1 0.0121641
0.999998 -0.00181632 6.80619e-05 -0.000425486 0.00181635 0.999998 -0.000514924 0.0183197 -6.71265e-05 0.000515046 1 0.0101929
0.999999 -0.00165983 8.89985e-06 -0.00108381 0.00165984 0.999998 -0.000728985 0.0212738 -7.68984e-06 0.000728999 1 0.0092449
0.999999 -0.00159169 1.95744e-05 0.000843092 0.0015917 0.999998 -0.000717442 0.0147476 -1.84324e-05 0.000717472 1 0.0100427
0.999999 -0.00163467 3.84639e-05 -0.00328645 0.00163471 0.999998 -0.000969519 0.021793 -3.6879e-05 0.000969581 1 0.0105471
0.999999 -0.0015582 0.000148287 -0.00237147 0.00155832 0.999998 -0.00085033 0.0132004 -0.000146961 0.00085056 1 0.0119892
0.999999 -0.00151387 0.000128508 -0.00238469 0.00151398 0.999999 -0.000816534 0.0209956 -0.000127272 0.000816728 1 0.00815841
0.999999 -0.00160148 2.2156e-05 -0.00262138 0.0016015 0.999998 -0.000788689 0.0153324 -2.08929e-05 0.000788723 1 0.0117701
0.999999 -0.00137314 6.98327e-05 -0.00191117 0.00137319 0.999999 -0.000695645 0.0102863 -6.88774e-05 0.00069574 1 0.0112971
0.999999 -0.00157508 0.000168474 0.00593153 0.0015752 0.999998 -0.000725735 0.0158977 -0.00016733 0.000726 1 0.0079485
0.999999 -0.00151038 -7.41104e-05 -0.00348578 0.00151034 0.999999 -0.000607246 0.012249 7.50275e-05 0.000607134 1 0.00903698
0.999999 -0.00152069 0.00016809 -0.00311292 0.00152084 0.999998 -0.000881147 0.0136128 -0.00016675 0.000881402 1 0.0097421
0.999999 -0.00163897 2.56003e-05 -0.00597322 0.00163898 0.999999 -0.000423256 0.0115896 -2.49066e-05 0.000423298 1 0.00895276
0.999999 -0.00162896 0.000105367 -0.00252207 0.00162904 0.999998 -0.000733157 0.0154691 -0.000104173 0.000733328 1 0.00921185
0.999999 -0.00152464 2.52936e-05 -0.00692093 0.00152465 0.999999 -0.000656519 0.0135486 -2.42926e-05 0.000656557 1 0.00972996
0.999999 -0.00153417 5.8182e-05 0.00125978 0.0015342 0.999999 -0.000577432 0.0127132 -5.7296e-05 0.000577521 1 0.0109502
0.999999 -0.0015143 -4.40994e-05 -0.00247041 0.00151428 0.999999 -0.000456523 0.0143879 4.47906e-05 0.000456456 1 0.0119982
0.999999 -0.00171853 0.000110831 0.013008 0.00171858 0.999998 -0.000495612 0.0168681 -0.000109979 0.000495802 1 0.010962
0.999999 -0.00171329 0.000223803 0.0208672 0.00171346 0.999998 -0.000760538 0.0141329 -0.0002225 0.00076092 1 0.021996
0.999998 -0.00193861 0.000544346 0.0201371 0.00193892 0.999998 -0.000561812 0.0203085 -0.000543255 0.000562866 1 0.0219206
0.999998 -0.00203509 0.000580027 0.01785 0.00203535 0.999998 -0.000447669 0.0184334 -0.000579114 0.000448849 1 0.0204424
0.999998 -0.00196944 0.000405417 0.0125243 0.00196967 0.999998 -0.000586151 0.0201846 -0.000404262 0.000586948 1 0.0218775
0.999998 -0.00201442 0.000208591 -0.0056474 0.00201461 0.999998 -0.000921679 0.0344258 -0.000206734 0.000922097 1 0.0220711
0.999998 -0.00187899 0.000181558 -0.0149991 0.00187913 0.999998 -0.000786217 0.0246926 -0.00018008 0.000786557 1 0.0199904
0.999998 -0.00208199 0.000263761 -0.0428152 0.00208231 0.999997 -0.00123398 0.0300119 -0.000261191 0.00123452 0.999999 0.0238727
0.999998 -0.00186791 0.000350374 -0.0537106 0.00186822 0.999998 -0.00091042 0.0217642 -0.000348673 0.000911073 1 0.0215235
0.999997 -0.00240438 0.000362424 -0.076647 0.0024046 0.999997 -0.000600119 0.0299613 -0.00036098 0.000600989 1 0.0240946
0.999997 -0.00221773 0.000395252 -0.100683 0.00221809 0.999997 -0.000894096 0.0281928 -0.000393268 0.000894971 1 0.0301083
0.999997 -0.00241859 0.00029428 -0.135998 0.00241884 0.999997 -0.000856915 0.0303209 -0.000292207 0.000857624 1 0.0247828
0.999997 -0.00249543 0.000506539 -0.15627 0.00249585 0.999997 -0.000844222 0.0372121 -0.000504431 0.000845483 1 0.0290773
0.999997 -0.00233095 0.000141952 -0.194857 0.00233104 0.999997 -0.00065214 0.0386388 -0.000140432 0.000652469 1 0.0311787
0.999997 -0.00237652 0.0003071 -0.229844 0.00237676 0.999997 -0.000773995 0.043764 -0.000305259 0.000774723 1 0.0246576
0.999996 -0.00284324 0.000516678 -0.28077 0.00284377 0.999995 -0.00102425 0.0494641 -0.000513763 0.00102571 0.999999 0.0294202
0.999997 -0.00241677 0.000832191 -0.335623 0.00241732 0.999997 -0.000667267 0.0394299 -0.000830576 0.000669277 0.999999 0.0330382
0.999994 -0.00273735 0.00196322 -0.414125 0.00273931 0.999996 -0.000999107 0.0430076 -0.00196048 0.00100448 0.999998 0.0321942
0.99999 -0.00368182 0.00262913 -0.480438 0.00368453 0.999993 -0.00102888 0.0514083 -0.00262532 0.00103856 0.999996 0.028896
0.999988 -0.00378882 0.00311479 -0.534258 0.0037926 0.999992 -0.00120777 0.0512999 -0.00311019 0.00121957 0.999994 0.0379709
0.999987 -0.00334415 0.00377139 -0.597788 0.00334864 0.999994 -0.00118448 0.0394963 -0.0037674 0.00119709 0.999992 0.0310335
0.999988 -0.00332807 0.00356111 -0.673316 0.00333376 0.999993 -0.001593 0.0462512 -0.00355578 0.00160485 0.999992 0.0404216
0.999989 -0.00338473 0.0032875 -0.747513 0.0033873 0.999994 -0.000776492 0.0441402 -0.00328485 0.000787619 0.999994 0.0276377
0.999988 -0.00316126 0.0036787 -0.834234 0.00316401 0.999995 -0.000741307 0.0391187 -0.00367634 0.000752938 0.999993 0.0284341
0.999987 -0.00318046 0.00407242 -0.918313 0.00318387 0.999995 -0.000830991 0.0422966 -0.00406976 0.000843946 0.999991 0.0366577
0.999984 -0.00282977 0.00488705 -1.00849 0.00283555 0.999995 -0.00117658 0.0372418 -0.0048837 0.00119042 0.999987 0.0399126
0.999986 -0.00278415 0.00459932 -1.1061 0.00278773 0.999996 -0.00077287 0.0407898 -0.00459715 0.000785681 0.999989 0.0418138
0.999983 -0.00296524 0.0050547 -1.21095 0.00297131 0.999995 -0.00119357 0.0485076 -0.00505114 0.00120857 0.999987 0.0459471
0.999986 -0.00259289 0.00463107 -1.3287 0.00259746 0.999996 -0.000982005 0.0395689 -0.0046285 0.00099402 0.999989 0.0629003
0.999988 -0.00263439 0.00409357 -1.44309 0.00263772 0.999996 -0.000806989 0.0473078 -0.00409142 0.000817777 0.999991 0.0608533
0.999982 -0.00352575 0.00481673 -1.57185 0.00352919 0.999994 -0.000704626 0.0535029 -0.00481421 0.000721613 0.999988 0.0704126
0.99998 -0.00312882 0.00547985 -1.70842 0.00312896 0.999995 -1.64649e-05 0.0491761 -0.00547977 3.36108e-05 0.999985 0.0614398
0.999979 -0.0024525 0.0059252 -1.86733 0.00245364 0.999997 -0.000185052 0.0509629 -0.00592472 0.000199586 0.999982 0.0615099
0.999979 -0.00298671 0.0057395 -2.02788 0.00298909 0.999995 -0.000405792 0.0618332 -0.00573826 0.000422939 0.999983 0.0642359
0.999978 -0.002702 0.00611317 -2.18218 0.00270217 0.999996 -1.94817e-05 0.0528272 -0.00611309 3.60001e-05 0.999981 0.0699505
0.999973 -0.00206938 0.00700226 -2.34524 0.0020671 0.999998 0.00033306 0.0446217 -0.00700294 -0.000318576 0.999975 0.0690381
0.999975 -0.0024565 0.00660365 -2.51465 0.00244618 0.999996 0.00156995 0.0396286 -0.00660748 -0.00155375 0.999977 0.064705
0.999968 -0.00190533 0.0077468 -2.68772 0.00189192 0.999997 0.00173777 0.031762 -0.00775009 -0.00172306 0.999968 0.0757038
0.999963 -0.00181697 0.00844385 -2.90311 0.00179803 0.999996 0.00224988 0.0391369 -0.00844791 -0.00223461 0.999962 0.0656281
0.999965 -0.00161153 0.00818709 -3.11334 0.00160059 0.999998 0.00134298 0.0294468 -0.00818923 -0.00132983 0.999966 0.0850379
0.999968 -0.00112915 0.00796754 -3.32256 0.00111771 0.999998 0.00144022 0.0345603 -0.00796916 -0.00143127 0.999967 0.0959725
0.999968 -0.00153367 0.00790734 -3.54438 0.00152136 0.999998 0.00156285 0.0378695 -0.00790971 -0.00155077 0.999968 0.101896
0.999963 -0.000630135 0.00857594 -3.75961 0.000616823 0.999999 0.00155485 0.0255632 -0.00857691 -0.00154951 0.999962 0.102876
0.999959 -0.00122201 0.00894523 -3.99329 0.0012005 0.999996 0.00240975 0.0419411 -0.00894814 -0.00239892 0.999957 0.0970531
0.999963 -0.000623856 0.00855801 -4.24724 0.000596586 0.999995 0.00318863 0.030982 -0.00855995 -0.00318341 0.999958 0.113933
0.999962 -0.000976871 0.0086424 -4.51194 0.000956201 0.999997 0.00239559 0.0399484 -0.00864471 -0.00238724 0.99996 0.129735
0.999962 -0.00128746 0.00861896 -4.79709 0.00125492 0.999992 0.00377965 0.0223366 -0.00862376 -0.00376869 0.999956 0.135654
0.999962 -0.00124468 0.00866306 -5.10084 0.00119724 0.999984 0.00547926 0.0196333 -0.00866975 -0.00546867 0.999947 0.135412
0.999959 -0.001202 0.00895931 -5.3943 0.00114335 0.999978 0.00654796 0.0398871 -0.00896698 -0.00653745 0.999938 0.130163
0.999962 -0.00191465 0.00847849 -5.72301 0.00186009 0.999978 0.00643813 0.0529526 -0.00849063 -0.00642211 0.999943 0.150647
0.999959 -0.00141953 0.00890995 -6.04603 0.00135814 0.999975 0.00689238 0.0533723 -0.00891951 -0.00688 0.999937 0.165189
0.999956 -0.00103745 0.00930984 -6.35841 0.000960105 0.999965 0.00830823 0.0353797 -0.00931813 -0.00829892 0.999922 0.165787
0.999959 -0.00132761 0.00898025 -6.71919 0.0012436 0.999955 0.00935438 0.0311769 -0.00899227 -0.00934282 0.999916 0.173788
0.999963 -0.000706829 0.0086042 -7.08312 0.000630619 0.999961 0.00885672 0.0439692 -0.00861012 -0.00885096 0.999924 0.181734
0.999964 -0.000245684 0.00846103 -7.45754 0.000158365 0.999947 0.0103193 0.0410096 -0.00846312 -0.0103176 0.999911 0.189109
0.999967 6.29979e-05 0.00807768 -7.82665 -0.000146821 0.999946 0.010377 0.0383589 -0.00807659 -0.0103778 0.999914 0.204289
0.999965 -0.000340014 0.00833066 -8.21689 0.000241606 0.99993 0.0118109 0.0493494 -0.0083341 -0.0118085 0.999896 0.20234
0.999966 -5.69892e-06 0.00827842 -8.62924 -8.51907e-05 0.99994 0.0109787 0.0631039 -0.00827798 -0.010979 0.999905 0.213664
0.999973 2.09301e-05 0.00734017 -9.03982 -0.000112744 0.999922 0.0125083 0.0668518 -0.00733934 -0.0125088 0.999895 0.225493
0.999975 0.000306789 0.00713387 -9.46922 -0.000398399 0.999917 0.0128438 0.0543253 -0.00712934 -0.0128463 0.999892 0.22923
0.999981 -0.000261947 0.00618434 -9.92127 0.000188165 0.999929 0.011928 0.0722289 -0.00618702 -0.0119266 0.99991 0.269393
0.999982 2.70286e-05 0.00604968 -10.3607 -0.000104044 0.999919 0.0127306 0.0551148 -0.00604884 -0.012731 0.999901 0.285598
0.999981 -0.000356555 0.0061004 -10.8281 0.000272604 0.999905 0.0137568 0.0581765 -0.00610472 -0.0137549 0.999887 0.28486
0.999984 0.000429595 0.00569191 -11.2828 -0.000508796 0.999903 0.0139204 0.047696 -0.00568538 -0.0139231 0.999887 0.291817
0.99998 0.000397293 0.00634421 -11.7649 -0.000480877 0.999913 0.0131787 0.0594781 -0.00633842 -0.0131815 0.999893 0.299541
0.999981 0.000580669 0.00608331 -12.2723 -0.000654882 0.999925 0.0122046 0.0545081 -0.00607577 -0.0122084 0.999907 0.325716
0.999982 -4.67314e-05 0.00599581 -12.7935 -1.61474e-05 0.999945 0.0104866 0.0787442 -0.00599597 -0.0104866 0.999927 0.356538
0.999981 0.000265599 0.00615494 -13.2915 -0.000336887 0.999933 0.0115842 0.0816665 -0.00615145 -0.011586 0.999914 0.332812
0.999981 -0.000186177 0.00617464 -13.8555 0.000119603 0.999942 0.0107805 0.0869065 -0.00617628 -0.0107796 0.999923 0.348777
0.999985 -0.000122819 0.00555143 -14.3893 5.91338e-05 0.999934 0.0114705 0.0783237 -0.00555247 -0.01147 0.999919 0.365573
0.999986 6.22233e-05 0.00529449 -14.955 -0.000119448 0.999942 0.0108087 0.0799311 -0.00529351 -0.0108092 0.999928 0.401018
0.999986 0.000294869 0.00519045 -15.5116 -0.000357724 0.999927 0.0121131 0.0661175 -0.0051865 -0.0121148 0.999913 0.383636
0.99998 0.00139198 0.00618372 -16.1115 -0.00146467 0.99993 0.011765 0.0447347 -0.00616691 -0.0117738 0.999912 0.391226
0.99998 0.00118422 0.00629038 -16.6489 -0.00124935 0.999946 0.0103601 0.0543848 -0.00627777 -0.0103677 0.999927 0.410039
0.999979 0.00128092 0.00638438 -17.207 -0.00135105 0.999939 0.0109921 0.047616 -0.00636991 -0.0110005 0.999919 0.432318
0.999974 0.000927925 0.00710404 -17.8667 -0.00099858 0.99995 0.00994872 0.0618325 -0.00709445 -0.00995556 0.999925 0.45537
0.999983 0.00121456 0.00575908 -18.4681 -0.00125662 0.999973 0.00730593 0.0845604 -0.00575005 -0.00731304 0.999957 0.493689
0.999989 0.00151145 0.00448679 -19.0753 -0.00154056 0.999978 0.00649042 0.0892498 -0.00447688 -0.00649726 0.999969 0.52096
0.999985 0.00219615 0.00495869 -19.7055 -0.00222023 0.999986 0.00485502 0.0801184 -0.00494795 -0.00486595 0.999976 0.537937
0.999987 0.00277926 0.00430239 -20.3859 -0.00280239 0.999982 0.00537915 0.0843876 -0.00428736 -0.00539114 0.999976 0.560221
0.999992 0.00244494 0.0031742 -21.0579 -0.00246832 0.99997 0.00738217 0.10092 -0.00315606 -0.00738994 0.999968 0.551322
0.999988 0.00330256 0.00365691 -21.7511 -0.00332718 0.999972 0.00674856 0.086568 -0.00363452 -0.00676064 0.999971 0.575882
0.999989 0.00251776 0.00384443 -22.3883 -0.00254254 0.999976 0.00645373 0.0979782 -0.00382809 -0.00646344 0.999972 0.570603
0.999989 0.00247683 0.00388525 -23.1367 -0.00249891 0.999981 0.00569002 0.10738 -0.00387108 -0.00569967 0.999976 0.590911
0.99999 0.00289372 0.00329341 -23.8435 -0.00290598 0.999989 0.00372213 0.115441 -0.0032826 -0.00373166 0.999988 0.637313
0.999992 0.0026643 0.00300332 -24.5397 -0.00267529 0.99999 0.00365973 0.128809 -0.00299354 -0.00366773 0.999989 0.636071
0.999997 0.00229548 0.00112688 -25.2924 -0.00229898 0.999993 0.00311107 0.145458 -0.00111973 -0.00311365 0.999995 0.680564
0.999993 0.00335865 0.00186979 -25.9962 -0.00336418 0.99999 0.00296003 0.137036 -0.00185983 -0.0029663 0.999994 0.678798
0.999992 0.00297482 0.00269747 -26.7677 -0.00297794 0.999995 0.00115378 0.165349 -0.00269402 -0.0011618 0.999996 0.702985
0.99999 0.00357823 0.00270287 -27.5532 -0.00358535 0.99999 0.00263376 0.134624 -0.00269342 -0.00264342 0.999993 0.707601
0.999991 0.00333764 0.00275503 -28.2744 -0.00334617 0.99999 0.00309854 0.150352 -0.00274466 -0.00310773 0.999991 0.715009
0.999991 0.00363482 0.00215241 -29.0661 -0.00364146 0.999989 0.00308732 0.170206 -0.00214116 -0.00309513 0.999993 0.742377
0.999987 0.00406765 0.00298732 -29.8603 -0.00407223 0.999991 0.0015276 0.170128 -0.00298108 -0.00153975 0.999994 0.762483
0.999987 0.00340785 0.00365963 -30.6349 -0.00341856 0.99999 0.00292337 0.181462 -0.00364963 -0.00293584 0.999989 0.757144
0.999989 0.00350364 0.00303578 -31.4406 -0.0035041 0.999994 0.000146929 0.19415 -0.00303525 -0.000157565 0.999995 0.804878
0.999986 0.00397458 0.00348089 -32.2729 -0.0039693 0.999991 -0.00152204 0.201783 -0.00348691 0.0015082 0.999993 0.819974
0.999987 0.00422601 0.00282271 -33.0673 -0.00421917 0.999988 -0.00242605 0.188209 -0.00283293 0.00241411 0.999993 0.856046
0.99999 0.0035006 0.00289172 -33.9386 -0.00349482 0.999992 -0.00200123 0.198351 -0.0028987 0.0019911 0.999994 0.850558
0.999986 0.00420802 0.00319256 -34.7902 -0.00419813 0.999986 -0.00309613 0.196441 -0.00320554 0.00308268 0.99999 0.84782
0.999977 0.00562905 0.00384649 -35.6612 -0.0056108 0.999973 -0.0047389 0.176298 -0.00387307 0.00471721 0.999981 0.873215
0.999984 0.00467528 0.0033206 -36.4921 -0.00465724 0.999974 -0.0054205 0.207692 -0.00334585 0.00540494 0.99998 0.91108
0.999984 0.00475181 0.00320314 -37.3883 -0.00473456 0.999974 -0.00536934 0.217134 -0.00322858 0.00535408 0.99998 0.934115
0.999983 0.00539721 0.00205995 -38.2447 -0.00538758 0.999975 -0.00465258 0.234181 -0.00208501 0.00464141 0.999987 0.963786
0.999983 0.00567036 0.00138105 -39.1781 -0.00566723 0.999981 -0.0022598 0.230052 -0.00139383 0.00225194 0.999996 0.969608
0.999981 0.00604335 0.00071043 -40.0859 -0.00604357 0.999982 0.000313221 0.245939 -0.000708524 -0.000317509 1 1.00466
0.999974 0.00723591 -0.000321031 -40.978 -0.00723576 0.999974 0.000477691 0.250145 0.000324479 -0.000475356 1 1.02984
0.999977 0.00648401 0.00181365 -41.9326 -0.0064849 0.999979 0.000487103 0.278578 -0.00181046 -0.000498854 0.999998 1.04987
0.999969 0.00676075 0.0041556 -42.8728 -0.00677344 0.999972 0.00304755 0.27094 -0.00413488 -0.0030756 0.999987 1.03672
0.99997 0.00697577 0.00335406 -43.83 -0.0069846 0.999972 0.00262787 0.274924 -0.00333563 -0.00265122 0.999991 1.05831
0.999963 0.00848697 0.00128633 -44.7551 -0.00848874 0.999963 0.00137461 0.285266 -0.00127462 -0.00138547 0.999998 1.07438
0.999956 0.00890996 -0.00278009 -45.7067 -0.00890575 0.999959 0.00152362 0.286471 0.00279355 -0.00149879 0.999995 1.10375
0.999958 0.00918058 -0.000706378 -46.717 -0.00918003 0.999958 0.00077366 0.254166 0.00071345 -0.000767143 0.999999 1.11517
0.999962 0.00864991 0.00113971 -47.6522 -0.0086471 0.99996 -0.00244496 0.286006 -0.00116081 0.00243501 0.999996 1.1544
0.999959 0.00872456 0.00255783 -48.6502 -0.0087211 0.999961 -0.00136233 0.296867 -0.00256962 0.00133997 0.999996 1.17027
0.999952 0.0094847 0.00258336 -49.6074 -0.00948355 0.999955 -0.000455746 0.268483 -0.00258756 0.000431225 0.999997 1.19113
0.999962 0.00868498 -0.000124145 -50.6155 -0.00868539 0.999955 -0.00376855 0.321414 9.14093e-05 0.00376949 0.999993 1.22068
0.999965 0.00728706 -0.00408061 -51.6607 -0.00730816 0.99996 -0.00518001 0.329456 0.0040427 0.00520965 0.999978 1.23525
0.999963 0.00664081 -0.00552471 -52.6897 -0.00667514 0.999958 -0.00621981 0.356748 0.00548317 0.00625646 0.999965 1.27921
0.999968 0.00589298 -0.00541679 -53.7347 -0.00593046 0.999958 -0.00692965 0.395978 0.00537573 0.00696155 0.999961 1.29931
0.999972 0.00647943 -0.00380123 -54.7898 -0.00650532 0.999955 -0.00683642 0.374705 0.00375677 0.00686096 0.999969 1.30482
0.999974 0.00652582 -0.00299666 -55.8307 -0.00654439 0.999959 -0.00622993 0.39222 0.00295588 0.00624938 0.999976 1.31906
0.999978 0.00555779 -0.00355163 -56.8779 -0.00557967 0.999965 -0.00618093 0.409952 0.00351715 0.00620062 0.999975 1.36771
0.999979 0.00525289 -0.00382638 -57.9341 -0.00526757 0.999979 -0.00383641 0.434284 0.00380615 0.00385648 0.999985 1.3737
0.99998 0.00459783 -0.00427483 -58.9785 -0.00461368 0.999982 -0.00370442 0.42802 0.00425772 0.00372407 0.999984 1.37407
0.999984 0.00400181 -0.00388156 -60.0542 -0.00402012 0.999981 -0.00471984 0.452961 0.0038626 0.00473537 0.999981 1.38842
0.999988 0.00414977 -0.0024178 -61.1275 -0.00415708 0.999987 -0.00302611 0.428305 0.00240521 0.00303612 0.999992 1.39374
0.999992 0.00318229 -0.00236418 -62.2259 -0.00319482 0.999981 -0.00531542 0.462005 0.00234722 0.00532294 0.999983 1.43711
0.999994 0.0031969 -0.00162295 -63.296 -0.00320538 0.999981 -0.0052512 0.455154 0.00160613 0.00525637 0.999985 1.44982
0.99999 0.00353037 -0.00276073 -64.3966 -0.00354909 0.999971 -0.00680427 0.445841 0.00273663 0.006814 0.999973 1.46991
0.999986 0.00432746 -0.00306145 -65.5068 -0.0043493 0.999965 -0.00716161 0.45808 0.00303035 0.00717482 0.99997 1.51693
0.999986 0.00488999 -0.00219842 -66.6214 -0.00490675 0.999958 -0.00768743 0.44261 0.00216074 0.00769811 0.999968 1.55069
0.999991 0.00417671 -0.000134383 -67.682 -0.00417765 0.999959 -0.00801213 0.458389 0.000100913 0.00801263 0.999968 1.55159
0.999994 0.00357176 0.000262723 -68.7786 -0.0035694 0.999957 -0.00850988 0.474457 -0.000293107 0.00850889 0.999964 1.56953
0.999989 0.00414192 -0.00203626 -69.8944 -0.00416061 0.999948 -0.00925995 0.474816 0.0019978 0.00926833 0.999955 1.6086
0.999982 0.00441297 -0.00414676 -71.0237 -0.00445103 0.999948 -0.00921488 0.486641 0.00410588 0.00923317 0.999949 1.62084
0.99998 0.00490602 -0.00391997 -72.1284 -0.00494132 0.999947 -0.00904657 0.482807 0.00387537 0.00906576 0.999951 1.64233
0.99999 0.00420482 -0.00164716 -73.2368 -0.00422083 0.999943 -0.00984165 0.501488 0.00160568 0.0098485 0.99995 1.66491
0.999987 0.00478488 0.00180847 -74.3719 -0.00476716 0.999942 -0.00968321 0.503769 -0.0018547 0.00967446 0.999951 1.67605
0.99998 0.00412634 0.00480892 -75.4839 -0.00408049 0.999947 -0.00950389 0.542728 -0.00484788 0.00948408 0.999943 1.71229
0.999978 0.00459023 0.00487041 -76.6249 -0.00453598 0.999928 -0.0110913 0.519396 -0.00492097 0.011069 0.999927 1.74328
0.999977 0.00484897 0.00468908 -77.7607 -0.00478682 0.999902 -0.0131764 0.545918 -0.00475251 0.0131537 0.999902 1.77602
0.99997 0.00433532 0.00636476 -78.9021 -0.00424085 0.999882 -0.014782 0.551924 -0.0064281 0.0147545 0.99987 1.79714
0.999954 0.00432833 0.00861312 -80.0476 -0.00419155 0.999866 -0.0158354 0.570382 -0.0086805 0.0157986 0.999838 1.83811
0.999951 0.00443785 0.00887605 -81.207 -0.00429911 0.999869 -0.0155891 0.569525 -0.00894408 0.0155502 0.999839 1.88026
0.99996 0.00437486 0.0078083 -82.3426 -0.00423304 0.999827 -0.0180865 0.602443 -0.00788608 0.0180528 0.999806 1.91646
0.999964 0.00390051 0.00748198 -83.5021 -0.00374699 0.999784 -0.0204246 0.580723 -0.00756003 0.0203958 0.999763 1.94926
0.999957 0.00478536 0.00796947 -84.6819 -0.00461347 0.999759 -0.0214491 0.567889 -0.00807019 0.0214114 0.999738 1.95938
0.999967 0.00419764 0.00700814 -85.8569 -0.00405346 0.999782 -0.0204624 0.58596 -0.00709251 0.0204333 0.999766 1.98673
0.999977 0.00423087 0.00538172 -87.0184 -0.00413367 0.99983 -0.0179464 0.580197 -0.00545673 0.0179238 0.999824 2.02878
0.999976 0.00479076 0.00503856 -88.2193 -0.00469145 0.999798 -0.0195397 0.590668 -0.00513115 0.0195156 0.999796 2.05376
0.999973 0.00360894 0.00643062 -89.3873 -0.00347327 0.999774 -0.0209851 0.598467 -0.0065049 0.0209622 0.999759 2.08951
0.999972 0.00305067 0.00679507 -90.5785 -0.00290929 0.999781 -0.0207202 0.615311 -0.00685679 0.0206998 0.999762 2.1357
0.999964 0.00402459 0.00747971 -91.7822 -0.00386082 0.999755 -0.0217814 0.625374 -0.00756554 0.0217517 0.999735 2.16839
0.999973 0.0039881 0.00618999 -92.9393 -0.00384095 0.999714 -0.0236046 0.629848 -0.00628235 0.0235802 0.999702 2.20763
0.999983 0.00423762 0.0041252 -94.1567 -0.00413335 0.99968 -0.0249653 0.597873 -0.00422967 0.0249478 0.99968 2.24314
0.999993 0.00338698 0.00130273 -95.3689 -0.00335188 0.999655 -0.0260615 0.633552 -0.00139055 0.0260569 0.999659 2.27193
0.99999 0.00339523 -0.00273674 -96.5922 -0.00346541 0.999654 -0.0260613 0.640034 0.00264731 0.0260705 0.999657 2.28455
0.999973 0.00272878 -0.00685775 -97.7947 -0.00289434 0.999702 -0.0242492 0.653827 0.00678953 0.0242683 0.999682 2.29825
0.999948 0.00346269 -0.00957742 -99.0003 -0.00367208 0.999753 -0.0219323 0.670106 0.0094991 0.0219664 0.999714 2.32201
0.999929 0.00336623 -0.0114679 -100.241 -0.00358537 0.99981 -0.0191417 0.678796 0.0114013 0.0191814 0.999751 2.33925
0.999936 0.00378703 -0.0106449 -101.467 -0.00397278 0.999839 -0.0174826 0.675152 0.010577 0.0175238 0.999791 2.3396
0.999958 0.00329845 -0.00850462 -102.687 -0.00345844 0.999816 -0.0188668 0.687444 0.00844082 0.0188955 0.999786 2.36917
0.999977 0.00331336 -0.00596428 -103.934 -0.0034295 0.999803 -0.0195679 0.692916 0.00589827 0.0195879 0.999791 2.36924
0.999993 0.00270315 -0.00273644 -105.161 -0.0027557 0.999808 -0.0193854 0.726481 0.00268352 0.0193928 0.999808 2.39633
0.999994 0.0034221 0.000464477 -106.41 -0.00341292 0.999823 -0.018504 0.727192 -0.000527717 0.0185023 0.999829 2.43687
0.999989 0.00332001 0.00343111 -107.65 -0.00325603 0.999824 -0.0184871 0.725338 -0.00349188 0.0184757 0.999823 2.45337
0.999991 0.00341596 0.00235602 -108.914 -0.00337647 0.999857 -0.0165663 0.722264 -0.00241228 0.0165582 0.99986 2.50677
0.999995 0.00328587 -6.55223e-05 -110.181 -0.00328649 0.99988 -0.0151397 0.749086 1.57672e-05 0.0151399 0.999885 2.52461
0.999985 0.00351629 -0.00427376 -111.434 -0.0035721 0.999908 -0.0131222 0.751316 0.00422722 0.0131372 0.999905 2.55141
0.999982 0.0032433 -0.00506338 -112.665 -0.00331274 0.9999 -0.0137677 0.784212 0.00501822 0.0137842 0.999892 2.58192
0.999988 0.00292742 -0.00395631 -113.927 -0.00297688 0.999917 -0.0125531 0.791672 0.00391924 0.0125647 0.999913 2.60074
0.999988 0.00328544 -0.00354323 -115.203 -0.00332727 0.999924 -0.0118658 0.800182 0.00350397 0.0118775 0.999923 2.63634
0.999983 0.00362179 -0.00453117 -116.476 -0.0036746 0.999925 -0.0117003 0.803305 0.00448845 0.0117168 0.999921 2.67004
0.99998 0.0030765 -0.00558907 -117.725 -0.00314566 0.999918 -0.0124086 0.832147 0.00555044 0.0124259 0.999907 2.6869
0.999975 0.00223781 -0.00673542 -118.983 -0.00232082 0.999921 -0.0123422 0.831285 0.00670727 0.0123575 0.999901 2.70386
0.999965 0.00227195 -0.00806782 -120.289 -0.00237395 0.999917 -0.0126563 0.846292 0.0080384 0.012675 0.999887 2.7185
0.999949 0.00195686 -0.00995221 -121.563 -0.00208175 0.999919 -0.0125535 0.852576 0.00992683 0.0125735 0.999872 2.73784
0.999927 0.00224458 -0.0118623 -122.825 -0.00237474 0.999937 -0.0109698 0.858403 0.011837 0.0109972 0.999869 2.75233
0.999939 0.00208776 -0.010867 -124.076 -0.00219356 0.99995 -0.00973306 0.877387 0.0108462 0.0097563 0.999894 2.76862
0.999947 0.00200716 -0.0101408 -125.333 -0.00209971 0.999956 -0.00912478 0.876144 0.010122 0.00914559 0.999907 2.76468
0.999961 0.00184878 -0.00861543 -126.596 -0.00192185 0.999962 -0.00848095 0.891718 0.00859942 0.00849718 0.999927 2.79181
0.999961 0.00177092 -0.00863006 -127.833 -0.00182957 0.999975 -0.00679294 0.91063 0.00861782 0.00680846 0.99994 2.82611
0.999951 0.00210494 -0.00971714 -129.125 -0.00217222 0.999974 -0.00691907 0.913591 0.00970232 0.00693984 0.999929 2.8433
0.999929 0.0014575 -0.0117912 -130.345 -0.00155353 0.999966 -0.00813919 0.928415 0.0117789 0.00815693 0.999897 2.86723
0.999925 0.00162099 -0.0121731 -131.581 -0.00171339 0.99997 -0.00758383 0.935445 0.0121604 0.00760412 0.999897 2.87576
0.999927 0.00231797 -0.0118218 -132.855 -0.00240701 0.999969 -0.00752259 0.940275 0.011804 0.0075505 0.999902 2.89531
0.999947 0.00190586 -0.0101003 -134.08 -0.00199234 0.999961 -0.00855824 0.983378 0.0100836 0.00857791 0.999912 2.92369
0.999966 0.00241274 -0.00788001 -135.325 -0.00247529 0.999965 -0.00793818 0.968486 0.00786058 0.00795742 0.999937 2.94813
0.999982 0.00160689 -0.00572212 -136.594 -0.00166643 0.999944 -0.0104162 0.999985 0.00570506 0.0104255 0.999929 2.97149
0.999981 0.00258805 -0.00560317 -137.809 -0.00264248 0.999949 -0.00972917 0.984472 0.0055777 0.00974379 0.999937 2.98481
0.999965 0.00159183 -0.0082343 -139.067 -0.00168144 0.999939 -0.0108878 1.03246 0.00821647 0.0109012 0.999907 3.02599
0.999959 0.00304512 -0.00850349 -140.309 -0.003145 0.999926 -0.0117576 1.01187 0.00846705 0.0117839 0.999895 3.01966
0.999957 0.0019042 -0.00904301 -141.539 -0.00199755 0.999945 -0.0103251 1.03733 0.00902285 0.0103427 0.999906 3.03382
0.999956 0.0014629 -0.00926542 -142.776 -0.00156456 0.999939 -0.0109749 1.08242 0.0092488 0.010989 0.999897 3.07725
0.999966 0.00261694 -0.00781234 -144.041 -0.00269744 0.999943 -0.0103118 1.05545 0.00778491 0.0103326 0.999916 3.09581
0.999973 0.0022297 -0.00702914 -145.321 -0.00232175 0.999911 -0.0131148 1.06617 0.00699928 0.0131308 0.999889 3.12152
0.999971 0.00286186 -0.00709112 -146.54 -0.00295303 0.999913 -0.0128799 1.04716 0.00705364 0.0129005 0.999892 3.12768
0.999962 0.00318437 -0.00808771 -147.821 -0.00328057 0.999924 -0.0119095 1.06275 0.00804917 0.0119355 0.999896 3.13698
0.999934 0.0037164 -0.0109067 -149.044 -0.00383498 0.999934 -0.0108716 1.04869 0.0108656 0.0109127 0.999881 3.16921
0.999942 0.00290596 -0.010391 -150.311 -0.0030246 0.99993 -0.01142 1.07081 0.0103571 0.0114508 0.999881 3.19363
0.999958 0.00388801 -0.00829822 -151.547 -0.00396962 0.999944 -0.00984158 1.06369 0.00825949 0.0098741 0.999917 3.20038
0.999962 0.0028342 -0.00827238 -152.807 -0.00290963 0.999954 -0.00912114 1.11346 0.00824615 0.00914486 0.999924 3.22531
0.999948 0.00343787 -0.00964231 -154.021 -0.00352705 0.999951 -0.00924653 1.0819 0.00961005 0.00928006 0.999911 3.2456
0.999939 0.00315985 -0.0105921 -155.313 -0.0032541 0.999955 -0.00889194 1.10943 0.0105636 0.00892586 0.999904 3.26497
0.999927 0.00350479 -0.0115468 -156.536 -0.0035955 0.999963 -0.00784408 1.11158 0.0115188 0.00788503 0.999903 3.28057
0.999937 0.00305575 -0.0108364 -157.808 -0.00314161 0.999964 -0.00791462 1.1377 0.0108118 0.00794817 0.99991 3.2856
0.999942 0.00313295 -0.0103441 -159.048 -0.00321394 0.999964 -0.00782225 1.15187 0.0103192 0.00785504 0.999916 3.31355
0.999955 0.00280332 -0.00901238 -160.306 -0.0028983 0.99994 -0.0105439 1.16231 0.00898229 0.0105696 0.999904 3.32483
0.999957 0.00395788 -0.00841084 -161.509 -0.00404084 0.999943 -0.00986947 1.14067 0.0083713 0.00990303 0.999916 3.3493
0.999955 0.00374621 -0.00869258 -162.752 -0.00382699 0.999949 -0.00929568 1.13643 0.00865732 0.00932853 0.999919 3.38709
0.999962 0.00397578 -0.00771457 -164.029 -0.00404325 0.999954 -0.00874967 1.15699 0.00767943 0.00878054 0.999932 3.37692
0.999962 0.00486774 -0.00720218 -165.258 -0.00494238 0.999934 -0.0103817 1.15364 0.00715117 0.0104169 0.99992 3.40823
0.999967 0.00341409 -0.00741037 -166.524 -0.00347671 0.999958 -0.00845415 1.16625 0.0073812 0.00847964 0.999937 3.43846
0.999968 0.00405815 -0.00688793 -167.738 -0.0041127 0.99996 -0.00792484 1.17436 0.00685549 0.00795292 0.999945 3.44648
0.99996 0.00406159 -0.00796719 -169.006 -0.0041225 0.999962 -0.00764398 1.18935 0.00793585 0.00767651 0.999939 3.45696
0.999949 0.00324483 -0.0095785 -170.279 -0.0033131 0.999969 -0.00712071 1.2126 0.0095551 0.00715208 0.999929 3.49533
0.999952 0.00397082 -0.00896705 -171.503 -0.00403687 0.999965 -0.00735993 1.20544 0.00893751 0.00739577 0.999933 3.49246
0.999956 0.00377171 -0.00858691 -172.738 -0.00382204 0.999976 -0.00585214 1.22415 0.00856463 0.0058847 0.999946 3.50835
0.999953 0.00442779 -0.00864945 -174.002 -0.00447991 0.999972 -0.00601547 1.2092 0.00862257 0.00605393 0.999944 3.50653
0.999938 0.00365886 -0.0105116 -175.206 -0.0037468 0.999958 -0.00835798 1.25303 0.0104806 0.00839685 0.99991 3.5717
0.999943 0.00350394 -0.0100509 -176.501 -0.00359484 0.999953 -0.00903973 1.28424 0.0100187 0.00907535 0.999909 3.57256
0.999933 0.00333103 -0.0110411 -177.725 -0.00342594 0.999957 -0.00858812 1.2883 0.011012 0.00862538 0.999902 3.62859
0.999945 0.00388886 -0.00970579 -178.961 -0.00396016 0.999965 -0.0073378 1.28338 0.00967692 0.00737583 0.999926 3.64599
0.999955 0.00439295 -0.00841659 -180.221 -0.00445328 0.999964 -0.00716281 1.27409 0.00838483 0.00719997 0.999939 3.64561
0.999963 0.0046026 -0.00731684 -181.52 -0.00464483 0.999973 -0.00576468 1.27463 0.00729011 0.00579845 0.999957 3.64689
0.999953 0.0047278 -0.00851594 -182.78 -0.00477398 0.999974 -0.0054105 1.29888 0.00849014 0.0054509 0.999949 3.66806
0.999943 0.00510689 -0.0093355 -184.038 -0.00516339 0.999968 -0.00603845 1.30879 0.00930437 0.00608631 0.999938 3.68605
0.999948 0.00333047 -0.00966656 -185.333 -0.00338159 0.99998 -0.0052759 1.33649 0.00964879 0.00530831 0.999939 3.7057
0.999949 0.00224454 -0.00988543 -186.623 -0.00231475 0.999972 -0.00709709 1.3765 0.00986923 0.0071196 0.999926 3.73122
0.999946 0.00269953 -0.0100405 -187.891 -0.00277323 0.999969 -0.00733349 1.35812 0.0100204 0.00736093 0.999923 3.75666
0.999938 0.00305626 -0.010739 -189.187 -0.00312672 0.999974 -0.00655038 1.37312 0.0107187 0.00658355 0.999921 3.77512
0.999937 0.0033434 -0.0107102 -190.496 -0.00340019 0.99998 -0.00528856 1.36879 0.0106923 0.00532464 0.999929 3.77249
0.999924 0.00230742 -0.0121293 -191.784 -0.00236109 0.999987 -0.00441247 1.38526 0.012119 0.00444077 0.999917 3.79326
0.999919 0.00244233 -0.012465 -193.061 -0.00250241 0.999985 -0.00480649 1.40781 0.0124531 0.00483729 0.999911 3.81605
0.999906 0.00180994 -0.0135747 -194.381 -0.00188727 0.999982 -0.00568648 1.41874 0.0135642 0.00571157 0.999892 3.85562
0.999916 0.00259858 -0.0127039 -195.666 -0.00267238 0.99998 -0.00579569 1.40692 0.0126886 0.00582915 0.999903 3.86682
0.999942 0.00234345 -0.0105012 -196.967 -0.00241749 0.999972 -0.00704358 1.4069 0.0104844 0.00706856 0.99992 3.85498
0.999949 0.00273325 -0.00975501 -198.297 -0.00280736 0.999967 -0.00759094 1.43421 0.00973394 0.00761794 0.999924 3.87694
0.999946 0.00230358 -0.0100872 -199.599 -0.00237536 0.999972 -0.00711032 1.43164 0.0100705 0.0071339 0.999924 3.88238
0.999949 0.0019603 -0.00991908 -200.916 -0.00204361 0.999963 -0.00839572 1.46479 0.00990226 0.00841556 0.999916 3.88769
0.999934 0.00262551 -0.0111404 -202.23 -0.0027255 0.999956 -0.00896906 1.43795 0.0111163 0.00899884 0.999898 3.90527
0.999927 0.00246106 -0.0118219 -203.556 -0.00258703 0.99994 -0.0106526 1.45347 0.0117949 0.0106824 0.999873 3.94341
0.999937 0.00289756 -0.0108157 -204.86 -0.00300529 0.999946 -0.00995833 1.43352 0.0107863 0.00999021 0.999892 3.94743
0.999946 0.00242649 -0.0101073 -206.208 -0.00252605 0.999948 -0.00984942 1.43808 0.0100829 0.00987442 0.9999 3.95865
0.99995 0.00322946 -0.00950725 -207.524 -0.0033182 0.999951 -0.00933283 1.4525 0.00947665 0.00936391 0.999911 3.96757
0.999949 0.00176051 -0.00993967 -208.862 -0.00185094 0.999957 -0.00909658 1.49947 0.00992323 0.00911452 0.999909 4.00472
0.999953 0.00258662 -0.00938446 -210.195 -0.00266457 0.999962 -0.00830356 1.48408 0.00936262 0.00832817 0.999921 4.00905
0.999951 0.00294328 -0.00950241 -211.555 -0.00302833 0.999955 -0.0089485 1.48995 0.00947565 0.00897683 0.999915 4.04112
0.999952 0.00304287 -0.00935382 -212.908 -0.00312858 0.999953 -0.00916196 1.48075 0.00932551 0.00919078 0.999914 4.05784
0.999945 0.00206072 -0.0102942 -214.238 -0.00215917 0.999952 -0.00956196 1.52839 0.0102741 0.00958366 0.999901 4.09706
0.999949 0.0019545 -0.00994221 -215.554 -0.00204871 0.999953 -0.00947443 1.53351 0.00992323 0.00949431 0.999906 4.10005
0.999961 0.00210235 -0.00862539 -216.946 -0.00218255 0.999954 -0.00929984 1.54728 0.00860545 0.0093183 0.99992 4.12228
0.999968 0.00204391 -0.00779268 -218.289 -0.002117 0.999954 -0.00938218 1.54211 0.00777315 0.00939838 0.999926 4.13063
0.99997 0.00160498 -0.00761577 -219.653 -0.00166986 0.999962 -0.00852113 1.55476 0.00760181 0.00853359 0.999935 4.14589
0.999971 0.00176095 -0.00744803 -221.017 -0.00182995 0.999955 -0.0092674 1.59918 0.00743138 0.00928075 0.999929 4.1629
0.999965 0.00164248 -0.00818949 -222.384 -0.00171304 0.999961 -0.00861614 1.59375 0.00817502 0.00862986 0.999929 4.19354
0.999947 0.00122754 -0.0101971 -223.707 -0.00131331 0.999964 -0.0084087 1.60492 0.0101864 0.00842165 0.999913 4.21783
0.999941 0.000930576 -0.0107784 -225.094 -0.00102637 0.99996 -0.00888538 1.62413 0.0107697 0.00889592 0.999902 4.23966
0.999942 0.0011919 -0.0106845 -226.483 -0.00129565 0.999952 -0.00970892 1.62041 0.0106724 0.00972221 0.999896 4.24564
0.999963 0.00104598 -0.00851886 -227.86 -0.00113413 0.999946 -0.0103494 1.63768 0.00850757 0.0103587 0.99991 4.2419
0.999974 9.41431e-05 -0.00720703 -229.214 -0.000176594 0.999935 -0.0114406 1.63955 0.00720548 0.0114416 0.999909 4.27092
0.999984 0.000798355 -0.00562858 -230.603 -0.000863306 0.999933 -0.0115466 1.62116 0.00561898 0.0115513 0.999917 4.28157
0.999977 0.000713471 -0.0067876 -232.001 -0.000794662 0.999928 -0.0119666 1.65082 0.00677858 0.0119717 0.999905 4.33645
0.999976 -0.000712719 -0.00693144 -233.361 0.000626889 0.999923 -0.012377 1.72426 0.00693973 0.0123724 0.999899 4.34762
0.999971 -0.000929645 -0.00755769 -234.773 0.000842651 0.999933 -0.0115057 1.71152 0.00756788 0.011499 0.999905 4.38118
0.999982 -0.00049677 -0.00604648 -236.176 0.000431855 0.999942 -0.0107325 1.68847 0.00605146 0.0107297 0.999924 4.38981
0.999978 -0.00205647 -0.00631015 -237.556 0.0019844 0.999933 -0.011406 1.75222 0.00633319 0.0113932 0.999915 4.42921
0.999976 -0.000653028 -0.00687732 -238.947 0.000571943 0.99993 -0.0117856 1.73076 0.00688454 0.0117814 0.999907 4.44841
0.999964 -0.00174046 -0.00830211 -240.376 0.00165625 0.999947 -0.0101398 1.7571 0.00831932 0.0101257 0.999914 4.45392
