1 0 0 0 0 1 0 0 -0 0 1 0
0.999999 -0.00124226 5.37711e-05 0.00766374 0.00124227 0.999999 -0.000230942 0.0156754 -5.34842e-05 0.000231009 1 0.0178365
0.999999 -0.00135191 7.24657e-05 0.000523955 0.00135192 0.999999 -0.00017505 0.013747 -7.2229e-05 0.000175147 1 0.0144386
0.999999 -0.00133664 -3.18021e-06 0.00393169 0.00133664 0.999999 -0.000139395 0.0130725 3.36653e-06 0.000139391 1 0.0140784
0.999999 -0.00122689 0.000192943 0.0121367 0.00122692 0.999999 -0.000144972 0.020159 -0.000192765 0.000145209 1 0.0112153
0.999999 -0.00120958 9.70436e-05 0.0051304 0.00120961 0.999999 -0.000312955 0.0175613 -9.6665e-05 0.000313072 1 0.0148553
0.999999 -0.00117591 -1.65211e-05 0.00730429 0.0011759 0.999999 -9.78188e-05 0.00532162 1.66361e-05 9.77993e-05 1 0.0149562
0.999999 -0.00111168 -7.31856e-05 0.0116969 0.00111166 0.999999 -0.00023465 0.010141 7.34464e-05 0.000234568 1 0.0191899
0.999999 -0.00117336 0.000134872 0.00761988 0.00117341 0.999999 -0.00033161 0.0169937 -0.000134482 0.000331768 1 0.014169
0.999999 -0.00129987 -1.40492e-05 0.00183982 0.00129987 0.999999 -0.000413221 0.0165249 1.45863e-05 0.000413203 1 0.0203201
0.999999 -0.001388 7.82583e-05 0.0066744 0.00138801 0.999999 -0.000161088 0.0119687 -7.80346e-05 0.000161196 1 0.0159226
0.999999 -0.00119167 6.39862e-05 0.0081332 0.00119168 0.999999 -0.000133786 0.0112348 -6.38267e-05 0.000133862 1 0.0125134
0.999999 -0.00133092 9.40911e-05 0.00588811 0.00133093 0.999999 -0.000168792 0.0122955 -9.38664e-05 0.000168917 1 0.0172921
0.999999 -0.00131951 4.04549e-05 0.00395191 0.00131951 0.999999 -0.000193151 0.0103967 -4.02e-05 0.000193205 1 0.0162607
0.999999 -0.00131992 7.9893e-06 0.00624019 0.00131992 0.999999 -0.000199923 0.0123448 -7.72541e-06 0.000199934 1 0.018294
0.999999 -0.00120815 0.000266009 0.000599856 0.00120819 0.999999 -0.00017514 0.00457679 -0.000265797 0.000175461 1 0.0163825
0.999999 -0.00121391 1.91093e-05 0.00124044 0.00121392 0.999999 -0.000198296 0.00725429 -1.88686e-05 0.000198319 1 0.0177466
0.999999 -0.00115729 5.10098e-05 0.00575905 0.00115731 0.999999 -0.00023969 0.00937419 -5.07324e-05 0.000239749 1 0.0166441
0.999999 -0.00128386 -0.000125409 0.00426606 0.00128383 0.999999 -0.000192126 0.00904985 0.000125655 0.000191965 1 0.0185954
0.999999 -0.00117617 6.16544e-05 -8.73813e-05 0.00117618 0.999999 -0.000212237 0.00897339 -6.14047e-05 0.00021231 1 0.017663
0.999999 -0.0012985 0.000149579 0.00249081 0.00129854 0.999999 -0.000319068 0.0085133 -0.000149164 0.000319262 1 0.0191916
0.999999 -0.00136484 5.58174e-05 0.00373546 0.00136486 0.999999 -0.00028767 0.00536029 -5.54247e-05 0.000287746 1 0.0177844
0.999999 -0.001361 2.01673e-05 0.0018345 0.00136101 0.999999 -0.000249766 0.0138166 -1.98274e-05 0.000249793 1 0.0182609
0.999999 -0.00107514 0.000138323 0.00750695 0.00107518 0.999999 -0.000350919 0.00953138 -0.000137946 0.000351067 1 0.0175629
0.999999 -0.00119724 8.48796e-05 0.00541424 0.00119728 0.999999 -0.0005081 0.0136026 -8.42712e-05 0.000508201 1 0.0218123
0.999999 -0.00145151 4.96998e-05 -0.0045839 0.00145151 0.999999 -9.95072e-05 0.0201806 -4.95553e-05 9.95792e-05 1 0.0131116
0.999999 -0.0012134 0.000140149 0.000366324 0.00121345 0.999999 -0.000318906 0.0133728 -0.000139762 0.000319076 1 0.018146
0.999999 -0.00107312 0.000129703 0.00251532 0.00107312 0.999999 1.85253e-05 0.00973244 -0.000129723 -1.83861e-05 1 0.013683
0.999999 -0.00139866 0.000249758 0.00528541 0.00139869 0.999999 -0.000118594 0.0102094 -0.000249592 0.000118944 1 0.0124354
0.999999 -0.00131641 5.18667e-05 0.00453034 0.00131642 0.999999 -0.000200907 0.00242036 -5.16022e-05 0.000200976 1 0.0192055
0.999999 -0.00133733 0.000106346 -0.000189869 0.00133736 0.999999 -0.000228919 0.0152045 -0.00010604 0.000229061 1 0.0171696
0.999999 -0.0010971 4.12963e-05 0.00830656 0.00109712 0.999999 -0.00040912 0.0127872 -4.08475e-05 0.000409165 1 0.0217398
0.999999 -0.00138224 0.000126859 3.7865e-05 0.0013823 0.999999 -0.00045318 0.0119255 -0.000126232 0.000453355 1 0.019797
0.999999 -0.00123971 4.00758e-05 0.00227681 0.00123972 0.999999 -0.000240867 0.0137097 -3.97772e-05 0.000240916 1 0.0179843
0.999999 -0.00140115 7.06458e-05 0.0076257 0.00140117 0.999999 -0.000270763 0.0112348 -7.02664e-05 0.000270861 1 0.017936
0.999999 -0.00158709 0.0001369 -0.00436535 0.00158714 0.999999 -0.000359031 0.00946583 -0.00013633 0.000359248 1 0.0223497
0.999999 -0.00126284 0.000132777 0.000696658 0.00126287 0.999999 -0.000226452 0.0131476 -0.000132491 0.000226619 1 0.0169443
0.999999 -0.00129985 0.000221312 0.00244019 0.00129987 0.999999 -7.49669e-05 0.0092095 -0.000221214 7.52545e-05 1 0.0117895
0.999999 -0.00119966 7.10653e-05 0.00364547 0.00119969 0.999999 -0.000344354 0.0098026 -7.06521e-05 0.000344439 1 0.0190838
0.999999 -0.00145107 0.000173294 -0.0016177 0.00145113 0.999999 -0.000359072 0.0133552 -0.000172773 0.000359323 1 0.0176671
0.999999 -0.00153758 0.000180446 -0.00137903 0.00153763 0.999999 -0.00027548 0.00635087 -0.000180023 0.000275758 1 0.0209764
0.999999 -0.00129269 7.13378e-05 0.00336 0.00129271 0.999999 -0.000355378 0.00775707 -7.08784e-05 0.00035547 1 0.0220034
0.999999 -0.00131792 -4.876e-05 0.0110962 0.00131789 0.999999 -0.000682962 0.0170464 4.966e-05 0.000682897 1 0.0269428
0.999999 -0.00125501 0.000117386 0.00668298 0.00125505 0.999999 -0.000351581 0.016125 -0.000116945 0.000351728 1 0.0191233
0.999999 -0.00136528 0.000147812 0.0048496 0.00136533 0.999999 -0.000327294 0.0145077 -0.000147365 0.000327496 1 0.0185776
0.999999 -0.00118695 2.12153e-05 0.00719875 0.00118696 0.999999 -0.000474938 0.00898713 -2.06515e-05 0.000474963 1 0.0240063
0.999999 -0.00126243 0.000195389 0.00808428 0.00126247 0.999999 -0.000197404 0.0130395 -0.00019514 0.00019765 1 0.017912
0.999999 -0.00110174 0.000146361 0.013537 0.0011018 0.999999 -0.000414205 0.0101901 -0.000145904 0.000414366 1 0.02003
0.999999 -0.00130389 0.000115421 0.00639806 0.0013039 0.999999 -0.000120295 0.0132441 -0.000115265 0.000120445 1 0.0152967
0.999999 -0.00129466 4.09191e-06 -0.00206267 0.00129466 0.999999 -0.000380028 0.00820689 -3.5999e-06 0.000380033 1 0.0205897
0.999999 -0.00141188 9.14053e-05 -0.000534796 0.0014119 0.999999 -0.000243586 0.012045 -9.10613e-05 0.000243715 1 0.0154026
0.999999 -0.00148304 0.000120732 -0.00216591 0.00148308 0.999999 -0.000323522 0.0141939 -0.000120252 0.000323701 1 0.0177269
0.999999 -0.00119791 0.000124121 0.0066964 0.00119793 0.999999 -0.000230155 0.0106477 -0.000123845 0.000230303 1 0.0178732
0.999999 -0.00130149 0.000105901 0.00550918 0.00130152 0.999999 -0.000308141 0.0110746 -0.0001055 0.000308278 1 0.0190083
0.999999 -0.0013759 0.00028328 -0.0047046 0.00137602 0.999999 -0.000410578 0.0113194 -0.000282715 0.000410968 1 0.0198826
0.999999 -0.00129626 4.55452e-06 0.0115705 0.00129626 0.999999 -0.000437608 0.0106166 -3.98726e-06 0.000437614 1 0.0219992
0.999999 -0.00132868 0.000261503 0.00315626 0.00132882 0.999999 -0.000546531 0.00995835 -0.000260777 0.000546878 1 0.018583
0.999999 -0.00119448 0.000102038 0.00440211 0.00119453 0.999999 -0.000510345 0.00756011 -0.000101428 0.000510466 1 0.0237584
1 -0.000870351 0.00018675 0.0364912 0.000870439 1 -0.000475453 0.00948802 -0.000186336 0.000475615 1 0.0255819
1 -0.000622267 0.000500288 0.0575937 0.000622686 0.999999 -0.000838241 0.00820708 -0.000499766 0.000838553 1 0.0361115
0.999999 -0.000807633 0.000809283 0.0673043 0.000808289 0.999999 -0.000810824 0.0170722 -0.000808627 0.000811477 0.999999 0.0348726
0.999999 -0.00104321 0.000905454 0.0492234 0.00104412 0.999999 -0.00101178 0.0201879 -0.000904397 0.00101273 0.999999 0.0343949
0.999999 -0.00077966 0.000732467 0.0451283 0.000780277 0.999999 -0.000841659 0.0186402 -0.00073181 0.00084223 0.999999 0.0372346
0.999999 -0.00114491 0.000546622 0.0242615 0.00114544 0.999999 -0.000971526 0.0131379 -0.00054551 0.000972152 0.999999 0.0416221
0.999999 -0.00150696 0.000645733 -0.00294996 0.00150764 0.999998 -0.00104846 0.0155851 -0.000644152 0.00104943 0.999999 0.047591
0.999997 -0.00182446 0.00153727 -0.0301517 0.00182636 0.999998 -0.0012377 0.0180281 -0.001535 0.00124051 0.999998 0.0535721
0.999994 -0.00262715 0.00245772 -0.0831156 0.00263012 0.999996 -0.00120521 0.0151783 -0.00245455 0.00121167 0.999996 0.0533281
0.999987 -0.00392136 0.00325199 -0.147815 0.0039264 0.999991 -0.00154544 0.014077 -0.00324591 0.00155819 0.999994 0.0506652
0.99998 -0.00553784 0.00303332 -0.213254 0.00554211 0.999984 -0.00140042 0.00601161 -0.00302552 0.0014172 0.999994 0.0526415
0.999976 -0.00631394 0.00282165 -0.273543 0.0063179 0.999979 -0.001397 0.00956594 -0.00281277 0.0014148 0.999995 0.0512055
0.99996 -0.00837983 0.00304079 -0.348706 0.00838337 0.999964 -0.00115503 0.00454281 -0.003031 0.00118048 0.999995 0.0536267
0.999941 -0.0102282 0.00355317 -0.443572 0.0102328 0.999947 -0.00127605 -0.0108428 -0.00353993 0.00131234 0.999993 0.0484859
0.999911 -0.0129604 0.00325259 -0.557101 0.0129667 0.999914 -0.00194985 -0.0102127 -0.00322704 0.00199185 0.999993 0.0600678
0.999882 -0.0150142 0.00317568 -0.66074 0.0150214 0.999885 -0.00226091 -0.0207089 -0.00314136 0.00230835 0.999992 0.0652451
0.999845 -0.0172845 0.00334882 -0.75953 0.017292 0.999848 -0.00221986 -0.0387777 -0.00330994 0.00227742 0.999992 0.0615205
0.999798 -0.0198535 0.00305097 -0.891314 0.0198608 0.9998 -0.00236402 -0.0437825 -0.00300342 0.00242414 0.999993 0.0562824
0.999739 -0.0226722 0.00287427 -1.02505 0.0226823 0.999737 -0.00352689 -0.0467012 -0.00279355 0.00359116 0.99999 0.0722946
0.999703 -0.0242162 0.002599 -1.15488 0.024227 0.999698 -0.00421325 -0.0446332 -0.00249618 0.00427496 0.999988 0.0710413
0.999634 -0.0268486 0.00324591 -1.30413 0.0268614 0.999631 -0.00398015 -0.0519543 -0.00313785 0.00406588 0.999987 0.068971
0.999566 -0.0291758 0.00416505 -1.47877 0.0291928 0.999565 -0.0040907 -0.0582025 -0.00404389 0.00421051 0.999983 0.0974886
0.99954 -0.0300143 0.00437575 -1.62097 0.0300268 0.999545 -0.00281567 -0.0781359 -0.00428925 0.00294577 0.999986 0.100896
0.999455 -0.0325856 0.0052305 -1.84357 0.0325944 0.999467 -0.0016179 -0.0942269 -0.00517499 0.0017875 0.999985 0.0948678
0.999393 -0.0344986 0.00484089 -2.02466 0.0345079 0.999403 -0.00186339 -0.0930754 -0.00477371 0.00202931 0.999987 0.109172
0.999359 -0.0354589 0.0048411 -2.24318 0.0354702 0.999368 -0.00228732 -0.103759 -0.00475693 0.00245757 0.999986 0.0944471
0.999305 -0.0369673 0.00475257 -2.46765 0.0369895 0.999305 -0.00468114 -0.0933292 -0.00457622 0.00485368 0.999978 0.100438
0.999255 -0.0381906 0.00550949 -2.6999 0.0382191 0.999256 -0.00516445 -0.114951 -0.00530816 0.00537117 0.999971 0.108849
0.99921 -0.0391534 0.00686037 -2.95724 0.0391827 0.999223 -0.00418153 -0.120935 -0.00669132 0.00444703 0.999968 0.108058
0.999187 -0.0396026 0.00752187 -3.21149 0.0396238 0.999211 -0.00269271 -0.143969 -0.0074093 0.00298857 0.999968 0.101285
0.999159 -0.0401308 0.00840555 -3.47614 0.0401441 0.999193 -0.00141789 -0.145333 -0.00834187 0.00175413 0.999964 0.0949578
0.999156 -0.0402972 0.00795694 -3.7801 0.0403122 0.999186 -0.00173227 -0.158829 -0.00788065 0.00205157 0.999967 0.110238
0.999174 -0.0400797 0.00676415 -4.05161 0.0400959 0.999193 -0.002271 -0.17986 -0.00666767 0.00254034 0.999975 0.135719
0.999152 -0.0405045 0.00733464 -4.37693 0.0405171 0.999178 -0.00158203 -0.199357 -0.00726453 0.00187787 0.999972 0.113734
0.999124 -0.0411851 0.0074348 -4.69599 0.0412032 0.999148 -0.00230224 -0.209004 -0.00733364 0.00260656 0.99997 0.127628
0.999078 -0.0425039 0.00607654 -5.04396 0.0425162 0.999094 -0.00190656 -0.207174 -0.00599 0.00216315 0.99998 0.131591
0.999048 -0.0433635 0.00471487 -5.39025 0.0433667 0.999059 -0.000575124 -0.235444 -0.00468549 0.000779045 0.999989 0.125219
0.999027 -0.0439486 0.00369374 -5.71303 0.0439549 0.999032 -0.00165887 -0.239367 -0.00361726 0.00181962 0.999992 0.138778
0.999004 -0.0445002 0.00323338 -6.05438 0.0445057 0.999008 -0.00166641 -0.249062 -0.00315602 0.00180866 0.999993 0.148051
0.998935 -0.0459833 0.00374211 -6.4428 0.0459938 0.998938 -0.00278302 -0.271868 -0.00361016 0.00295217 0.999989 0.157006
0.998873 -0.0472506 0.00451273 -6.81982 0.0472622 0.998879 -0.00249011 -0.292374 -0.00439002 0.00270058 0.999987 0.168548
0.998787 -0.048981 0.0049568 -7.24228 0.0489922 0.998797 -0.00216252 -0.309242 -0.00484491 0.00240275 0.999985 0.174236
0.998738 -0.0499337 0.00547226 -7.65328 0.0499434 0.998751 -0.00166671 -0.348809 -0.0053822 0.00193791 0.999984 0.192495
0.998661 -0.0513657 0.0062101 -8.06432 0.0513787 0.998677 -0.00193971 -0.354958 -0.00610225 0.00225618 0.999979 0.199466
0.998614 -0.0521496 0.0071351 -8.47881 0.0521744 0.998632 -0.00333519 -0.379093 -0.00695141 0.00370283 0.999969 0.218132
0.998549 -0.0533021 0.00768826 -8.93752 0.0533307 0.998571 -0.00355888 -0.426107 -0.00748758 0.00396374 0.999964 0.223477
0.998454 -0.0549995 0.00800932 -9.39021 0.0550354 0.998475 -0.00433585 -0.42835 -0.00775864 0.00476995 0.999959 0.238365
0.998391 -0.0562132 0.0073993 -9.84927 0.0562437 0.998409 -0.00397886 -0.454879 -0.00716387 0.00438862 0.999965 0.240657
0.998295 -0.0578765 0.00759597 -10.3166 0.057918 0.998307 -0.00536878 -0.478429 -0.00727238 0.00579957 0.999957 0.272874
0.998292 -0.0579157 0.00770754 -10.7933 0.0579676 0.998296 -0.00669249 -0.524079 -0.0073068 0.00712785 0.999948 0.283792
0.998185 -0.0596868 0.00795784 -11.3095 0.0597373 0.998194 -0.00627675 -0.56764 -0.00756883 0.00674074 0.999949 0.283908
0.998122 -0.0607959 0.00744603 -11.7873 0.0608554 0.998114 -0.00804037 -0.589762 -0.00694317 0.00847841 0.99994 0.321015
0.998026 -0.0623637 0.00736993 -12.296 0.0624265 0.998012 -0.00861027 -0.60825 -0.00681832 0.00905336 0.999936 0.339823
0.997947 -0.0636088 0.007477 -12.8489 0.0636696 0.997937 -0.00819401 -0.640597 -0.00694036 0.00865324 0.999938 0.332291
0.997944 -0.0637024 0.00698909 -13.3551 0.0637663 0.997921 -0.00933483 -0.688732 -0.00637991 0.00976131 0.999932 0.355784
0.997856 -0.065035 0.0073886 -13.9277 0.0651153 0.997815 -0.0112064 -0.722645 -0.00664364 0.0116635 0.99991 0.401945
0.997822 -0.0654811 0.0079984 -14.5004 0.0655631 0.997794 -0.0104677 -0.769061 -0.00729532 0.0109693 0.999913 0.382741
0.997824 -0.065582 0.00683342 -15.0503 0.0656536 0.997784 -0.0108388 -0.804118 -0.00610744 0.0112639 0.999918 0.395604
0.997741 -0.066843 0.0067241 -15.658 0.0669197 0.997687 -0.0119066 -0.833073 -0.00591268 0.0123296 0.999907 0.422877
0.997714 -0.0672518 0.00662068 -16.2469 0.0673297 0.997654 -0.0123462 -0.871585 -0.00577484 0.0127637 0.999902 0.43686
0.997693 -0.0675049 0.0072572 -16.869 0.0675907 0.997637 -0.0123112 -0.920429 -0.00640898 0.0127733 0.999898 0.443437
0.997618 -0.0686101 0.0071444 -17.4736 0.068701 0.997548 -0.0133628 -0.957489 -0.00621006 0.0138218 0.999885 0.485074
0.997569 -0.0691884 0.0083334 -18.0952 0.0693031 0.997492 -0.0143653 -1.00908 -0.00731859 0.0149079 0.999862 0.528666
0.997559 -0.0692084 0.00926963 -18.7489 0.069347 0.997471 -0.0155739 -1.06464 -0.00816834 0.0161787 0.999836 0.545223
0.997543 -0.0694799 0.0089941 -19.3607 0.0696209 0.997438 -0.0164528 -1.10058 -0.00782791 0.0170386 0.999824 0.553044
0.997559 -0.0692552 0.00895503 -20.0135 0.0693996 0.997445 -0.0169645 -1.14477 -0.00775726 0.0175446 0.999816 0.561287
0.997625 -0.0683373 0.0085887 -20.7135 0.0684845 0.997486 -0.0182067 -1.19551 -0.00732291 0.0187517 0.999797 0.580883
0.997684 -0.0675188 0.00829202 -21.4066 0.0676592 0.997546 -0.0180164 -1.22022 -0.00705523 0.0185357 0.999803 0.605356
0.997718 -0.0669588 0.00870388 -22.1278 0.0670957 0.99761 -0.0165208 -1.26416 -0.00757686 0.0170671 0.999826 0.603719
0.997843 -0.0651272 0.00820802 -22.819 0.0652545 0.997735 -0.016334 -1.31431 -0.00712565 0.0168343 0.999833 0.625177
0.99795 -0.0635047 0.00793254 -23.5009 0.0636356 0.997819 -0.0175204 -1.3601 -0.00680262 0.0179893 0.999815 0.659676
0.99802 -0.0624289 0.00761751 -24.2656 0.0625572 0.99788 -0.0179686 -1.40462 -0.0064796 0.0184095 0.99981 0.683925
0.998104 -0.060956 0.00851609 -25.0074 0.0611128 0.997939 -0.0195615 -1.42145 -0.00730615 0.0200448 0.999772 0.698547
0.998266 -0.0582377 0.00859075 -25.7208 0.0583914 0.998115 -0.0188815 -1.47465 -0.00747495 0.0193503 0.999785 0.707863
0.998339 -0.0569529 0.00873721 -26.4885 0.0571088 0.998191 -0.0187775 -1.49334 -0.00765198 0.0192453 0.999786 0.720677
0.998413 -0.0556802 0.00847724 -27.2807 0.0558302 0.998266 -0.0186318 -1.52942 -0.00742512 0.0190755 0.99979 0.725343
0.998564 -0.0530156 0.00774646 -28.0463 0.0531462 0.998429 -0.0177535 -1.57742 -0.00679308 0.0181397 0.999812 0.747711
0.998676 -0.0509372 0.0072402 -28.8188 0.0510581 0.99854 -0.017635 -1.62675 -0.00633135 0.0179813 0.999818 0.772856
0.998767 -0.0491869 0.00673055 -29.6179 0.0492971 0.998634 -0.0173278 -1.6948 -0.00586906 0.0176382 0.999827 0.786506
0.998803 -0.0485094 0.00625763 -30.4333 0.0486111 0.998668 -0.0172814 -1.7108 -0.00541099 0.0175649 0.999831 0.812047
0.998857 -0.0474782 0.00544584 -31.2304 0.0475648 0.998722 -0.0170616 -1.74663 -0.00462883 0.0173012 0.99984 0.848092
0.998857 -0.0474922 0.00542078 -32.065 0.0475701 0.998751 -0.015275 -1.78532 -0.00468857 0.0155154 0.999869 0.863379
0.998878 -0.0470682 0.00518626 -32.871 0.0471364 0.998792 -0.0139146 -1.82842 -0.00452506 0.0141434 0.99989 0.890909
0.998845 -0.047749 0.0053838 -33.7338 0.0478209 0.998756 -0.0141241 -1.84958 -0.00470269 0.0143653 0.999886 0.912109
0.998885 -0.0469081 0.00523526 -34.5258 0.0469824 0.998781 -0.0151204 -1.90694 -0.00451961 0.0153496 0.999872 0.955019
0.998842 -0.0478392 0.00502966 -35.4458 0.0479056 0.998753 -0.0140187 -1.93699 -0.00435274 0.0142434 0.999889 0.965715
0.998874 -0.0472595 0.0041829 -36.2799 0.0473084 0.998802 -0.0124837 -1.97961 -0.00358792 0.0126675 0.999913 0.981465
0.9988 -0.0488463 0.00365882 -37.19 0.0488864 0.998735 -0.0117879 -2.01755 -0.0030784 0.0119526 0.999924 0.993957
0.998794 -0.0489202 0.00415844 -38.0316 0.0489695 0.998719 -0.0127056 -2.04171 -0.00353155 0.0128939 0.999911 1.02688
0.998694 -0.0508805 0.00460334 -38.9835 0.0509389 0.998609 -0.0136101 -2.07272 -0.00390445 0.0138268 0.999897 1.07196
0.998646 -0.0518449 0.00434738 -39.8658 0.0518975 0.998568 -0.0130182 -2.11326 -0.00366623 0.0132262 0.999906 1.08392
0.998564 -0.0533873 0.00434498 -40.7805 0.0534429 0.998474 -0.0138908 -2.19464 -0.00359676 0.0141031 0.999894 1.11506
0.998483 -0.0549578 0.00332805 -41.6932 0.0549933 0.998418 -0.0116989 -2.22842 -0.00267984 0.0118642 0.999926 1.1188
0.998333 -0.0576619 0.00241914 -42.6303 0.0576848 0.998276 -0.0108464 -2.28885 -0.00178955 0.0109678 0.999938 1.14963
0.998125 -0.0611019 0.0036844 -43.5846 0.0611379 0.998073 -0.0105926 -2.33706 -0.00303007 0.010798 0.999937 1.18621
0.997945 -0.063913 0.00457132 -44.5172 0.0639575 0.997899 -0.0103719 -2.39042 -0.00389882 0.0106429 0.999936 1.21194
0.997685 -0.0678592 0.00446868 -45.4864 0.0678995 0.997646 -0.00958958 -2.43714 -0.00380742 0.0098708 0.999944 1.23523
0.997516 -0.070313 0.00412573 -46.4291 0.0703465 0.997485 -0.008648 -2.50638 -0.00350729 0.00891675 0.999954 1.25376
0.997337 -0.0728549 0.00335666 -47.4158 0.0728781 0.997314 -0.00737028 -2.60655 -0.00281068 0.00759528 0.999967 1.26539
0.997047 -0.0767147 0.00345885 -48.4129 0.0767381 0.997025 -0.00720232 -2.64976 -0.00289604 0.00744648 0.999968 1.30253
0.996754 -0.0803997 0.00410144 -49.382 0.0804297 0.99673 -0.00776365 -2.73883 -0.00346383 0.00806833 0.999961 1.33556
0.996355 -0.0851154 0.00566678 -50.3872 0.0851592 0.996335 -0.00799321 -2.82119 -0.00496567 0.00844665 0.999952 1.32959
0.995941 -0.0898479 0.00542722 -51.4044 0.0898894 0.99592 -0.00794682 -2.91893 -0.00469107 0.00840241 0.999954 1.35622
0.995514 -0.0944865 0.00500255 -52.3922 0.0945224 0.995495 -0.00749202 -3.01096 -0.00427211 0.00793126 0.999959 1.36867
0.995079 -0.0989863 0.00434158 -53.4276 0.0990165 0.995058 -0.00740668 -3.11603 -0.00358697 0.00780012 0.999963 1.37918
0.994577 -0.103952 0.0031798 -54.4326 0.103974 0.994552 -0.00749828 -3.2287 -0.00238301 0.00778823 0.999967 1.41573
0.994058 -0.108849 0.00128285 -55.4575 0.108855 0.994032 -0.0071184 -3.3488 -0.000500368 0.00721574 0.999974 1.45122
0.993358 -0.115068 -0.000353546 -56.4752 0.115061 0.993325 -0.00816717 -3.45797 0.00129096 0.00807224 0.999967 1.48571
0.992651 -0.121009 -0.000545829 -57.5321 0.120999 0.99261 -0.00924392 -3.59571 0.0016604 0.00910995 0.999957 1.51205
0.991957 -0.126571 -0.000237507 -58.5955 0.126564 0.991919 -0.00879012 -3.74198 0.00134817 0.00868936 0.999961 1.5176
0.991181 -0.132509 0.000921763 -59.6761 0.132512 0.991137 -0.00942171 -3.86864 0.000334872 0.00946077 0.999955 1.53941
0.990378 -0.138365 0.00253579 -60.7475 0.138385 0.99032 -0.0107481 -3.9895 -0.00102407 0.0109956 0.999939 1.57769
0.989728 -0.142901 0.00429815 -61.8251 0.142943 0.98966 -0.0118525 -4.18006 -0.00255997 0.0123451 0.999921 1.60715
0.989048 -0.147491 0.00547383 -62.9238 0.147554 0.988956 -0.0138878 -4.32943 -0.00336506 0.0145434 0.999889 1.62876
0.988379 -0.1519 0.0057896 -64.015 0.151975 0.988255 -0.0160003 -4.48085 -0.00329116 0.0166942 0.999855 1.65506
0.987918 -0.154839 0.00657328 -65.0923 0.15493 0.987778 -0.0170655 -4.66097 -0.00385054 0.0178777 0.999833 1.67753
0.987554 -0.157172 0.00577776 -66.1419 0.157247 0.987423 -0.0164355 -4.84651 -0.00312189 0.0171395 0.999848 1.70734
0.987089 -0.160097 0.00488372 -67.3137 0.160155 0.986966 -0.0157586 -4.9971 -0.00229717 0.0163373 0.999864 1.73358
0.986839 -0.161647 0.00445741 -68.4009 0.161696 0.98673 -0.014791 -5.18171 -0.00200734 0.0153171 0.999881 1.76324
0.986531 -0.163507 0.00474538 -69.5419 0.163557 0.986441 -0.0135546 -5.38399 -0.00246476 0.0141482 0.999897 1.79365
0.986372 -0.164438 0.00558425 -70.6311 0.164499 0.986288 -0.0132491 -5.58136 -0.00332903 0.0139871 0.999897 1.81783
0.986067 -0.166259 0.00546551 -71.8017 0.166321 0.98597 -0.0141433 -5.76078 -0.00303737 0.0148553 0.999885 1.85898
0.986191 -0.165551 0.00456266 -72.9505 0.165603 0.986067 -0.0157187 -5.95244 -0.00189685 0.0162572 0.999866 1.89923
0.986317 -0.164808 0.00420355 -74.0607 0.164857 0.986167 -0.0172417 -6.14838 -0.00130382 0.0176988 0.999843 1.93485
0.986528 -0.163534 0.00441328 -75.2466 0.163587 0.986359 -0.018308 -6.32601 -0.00135911 0.0187833 0.999823 1.93726
0.986912 -0.161218 0.00362933 -76.441 0.161258 0.986738 -0.0185365 -6.5266 -0.000592772 0.0188792 0.999822 1.96132
0.987303 -0.158797 0.00404884 -77.6078 0.158846 0.987105 -0.019802 -6.70636 -0.000852135 0.0201937 0.999796 2.00524
0.987579 -0.157059 0.00450181 -78.7744 0.157117 0.987393 -0.019225 -6.87154 -0.0014256 0.0196935 0.999805 2.02122
0.988043 -0.154066 0.00586646 -79.9602 0.15415 0.987872 -0.0186413 -7.07695 -0.00292332 0.0193227 0.999809 2.04797
0.988314 -0.152227 0.00792467 -81.1794 0.152344 0.988177 -0.0172703 -7.23418 -0.00520196 0.0182758 0.999819 2.06653
0.988623 -0.150154 0.00886002 -82.3384 0.150285 0.988503 -0.0166495 -7.41941 -0.00625817 0.0177916 0.999822 2.1047
0.989047 -0.14725 0.0101292 -83.5627 0.147385 0.988977 -0.0142232 -7.57824 -0.00792322 0.0155603 0.999848 2.14744
0.989355 -0.14512 0.0108126 -84.778 0.145247 0.989323 -0.0120028 -7.75883 -0.00895526 0.0134455 0.99987 2.17592
0.989852 -0.141782 0.00955664 -85.972 0.141882 0.989825 -0.0107793 -7.94011 -0.00793109 0.0120258 0.999896 2.22772
0.99005 -0.140567 0.00651951 -87.2201 0.140638 0.989987 -0.0120854 -8.08934 -0.00475542 0.0128821 0.999906 2.27619
0.99054 -0.137127 0.00513815 -88.4559 0.137179 0.99048 -0.0114996 -8.26761 -0.00351233 0.0120956 0.999921 2.29679
0.990859 -0.134818 0.0047177 -89.6728 0.134871 0.990769 -0.0136254 -8.42961 -0.0028372 0.0141371 0.999896 2.32491
0.991147 -0.132624 0.00615602 -90.9284 0.132696 0.991068 -0.0132484 -8.59428 -0.00434397 0.013948 0.999893 2.35036
0.991603 -0.129061 0.00818965 -92.1556 0.129156 0.991547 -0.0123638 -8.75251 -0.00652474 0.0133177 0.99989 2.40679
0.991746 -0.128049 0.00665766 -93.4691 0.128119 0.991691 -0.0115805 -8.93312 -0.00511947 0.0123379 0.999911 2.44905
0.991879 -0.127149 0.00297752 -94.7241 0.127174 0.991821 -0.0108604 -9.07567 -0.00157227 0.0111509 0.999937 2.45523
0.99202 -0.126075 0.00089538 -96.0217 0.126077 0.991953 -0.0115475 -9.23234 0.000567683 0.0115683 0.999933 2.48959
0.992065 -0.125721 0.00114318 -97.2897 0.125725 0.991969 -0.0138428 -9.38293 0.000606337 0.0138767 0.999904 2.52861
0.992159 -0.124972 0.00170357 -98.5786 0.124984 0.992061 -0.0139029 -9.53196 4.74284e-05 0.0140068 0.999902 2.56834
0.992362 -0.12331 0.00363608 -99.8142 0.12335 0.992263 -0.0141159 -9.70408 -0.00186732 0.0144565 0.999894 2.5953
0.992404 -0.122917 0.00506544 -101.109 0.122979 0.992301 -0.0146885 -9.867 -0.00322097 0.0151999 0.999879 2.63988
0.99239 -0.122934 0.00707532 -102.381 0.123018 0.99232 -0.0129228 -10.0055 -0.00543233 0.0136949 0.999891 2.68625
0.992488 -0.122112 0.00744543 -103.639 0.122199 0.992424 -0.0127099 -10.1733 -0.00583698 0.0135243 0.999892 2.73214
0.992388 -0.123007 0.00595524 -104.885 0.123074 0.992317 -0.0126382 -10.3135 -0.0043549 0.013275 0.999902 2.76184
0.992594 -0.12139 0.00457397 -106.093 0.121444 0.992495 -0.0143514 -10.4773 -0.00279752 0.0148006 0.999887 2.81762
0.99245 -0.122574 0.0043305 -107.377 0.122624 0.99235 -0.0142997 -10.6099 -0.00254461 0.0147228 0.999888 2.86519
0.992487 -0.12228 0.00423881 -108.642 0.122332 0.992369 -0.0154322 -10.7658 -0.00231941 0.0158348 0.999872 2.89516
0.992732 -0.12029 0.00367793 -109.869 0.120337 0.992575 -0.0177429 -10.9258 -0.00151632 0.0180565 0.999836 2.93041
0.992859 -0.119221 0.00405059 -111.137 0.119276 0.99269 -0.0184231 -11.0827 -0.00182457 0.0187746 0.999822 2.94392
0.99291 -0.118774 0.00469402 -112.413 0.118843 0.992727 -0.0192269 -11.2124 -0.00237623 0.0196484 0.999804 2.97419
0.993122 -0.116901 0.00654819 -113.662 0.117012 0.992923 -0.0202807 -11.353 -0.00413101 0.0209074 0.999773 3.03946
0.993073 -0.116988 0.0109708 -114.899 0.11718 0.992932 -0.0188233 -11.4813 -0.00869117 0.0199785 0.999763 3.0514
0.993238 -0.115346 0.0131665 -116.159 0.11557 0.99314 -0.0177924 -11.6227 -0.0110239 0.0191937 0.999755 3.09099
0.993394 -0.114035 0.0128071 -117.381 0.114242 0.993311 -0.0167878 -11.7757 -0.0108071 0.01814 0.999777 3.14051
0.993557 -0.112739 0.0115668 -118.605 0.112926 0.993458 -0.0169937 -11.9245 -0.00957532 0.0181904 0.999789 3.19578
0.993634 -0.112133 0.0108803 -119.872 0.112298 0.993546 -0.0159832 -12.0601 -0.00901785 0.0171033 0.999813 3.21151
0.993702 -0.111533 0.0108364 -121.099 0.111693 0.993622 -0.0154701 -12.1983 -0.0090419 0.0165831 0.999822 3.26348
0.993732 -0.111259 0.0108664 -122.321 0.11142 0.993652 -0.0155547 -12.3327 -0.00906682 0.0166679 0.99982 3.3089
0.993583 -0.112547 0.0112452 -123.624 0.112708 0.993516 -0.0149067 -12.4738 -0.00949458 0.0160784 0.999826 3.34275
0.993571 -0.112722 0.0105239 -124.826 0.112865 0.993509 -0.0141532 -12.6241 -0.00886018 0.01525 0.999844 3.3797
0.993568 -0.112788 0.0101116 -126.073 0.112928 0.993498 -0.0144619 -12.7502 -0.00841474 0.0155108 0.999844 3.43043
0.993537 -0.113059 0.0100662 -127.329 0.113201 0.993462 -0.0148083 -12.8937 -0.00832616 0.0158521 0.99984 3.48206
0.99347 -0.113495 0.0116826 -128.583 0.113652 0.993425 -0.013779 -13.028 -0.010042 0.0150167 0.999837 3.51762
0.993275 -0.115105 0.0124608 -129.831 0.115277 0.993233 -0.0141182 -13.1692 -0.0107514 0.0154597 0.999823 3.57607
0.993133 -0.116276 0.0129147 -131.061 0.116444 0.99311 -0.013159 -13.3061 -0.0112956 0.0145724 0.99983 3.58625
0.993166 -0.116147 0.01147 -132.288 0.116322 0.993082 -0.0160393 -13.4452 -0.00952774 0.0172639 0.999806 3.66162
0.993127 -0.116519 0.0110261 -133.52 0.116695 0.993024 -0.0169197 -13.5898 -0.00897774 0.0180901 0.999796 3.72687
0.993168 -0.11608 0.0119087 -134.756 0.116265 0.993086 -0.0161863 -13.7358 -0.00994743 0.0174603 0.999798 3.76244
0.99319 -0.115846 0.0123585 -135.999 0.116039 0.993113 -0.0161789 -13.8628 -0.0103991 0.0175028 0.999793 3.81739
0.993251 -0.115205 0.0134016 -137.228 0.115412 0.99319 -0.0159092 -14.0166 -0.0114775 0.0173485 0.999784 3.86312
0.993277 -0.115069 0.0126223 -138.475 0.115257 0.993218 -0.0153251 -14.1408 -0.0107733 0.0166769 0.999803 3.90583
0.993383 -0.114292 0.0113128 -139.701 0.114472 0.993285 -0.0167738 -14.2679 -0.00931976 0.0179578 0.999795 3.95641
0.993519 -0.113057 0.0117688 -140.944 0.113239 0.993437 -0.0161309 -14.4266 -0.00986786 0.0173591 0.999801 3.99434
0.993689 -0.111374 0.0133387 -142.173 0.111574 0.993639 -0.015283 -14.5564 -0.0115517 0.0166748 0.999794 4.03839
0.993774 -0.110346 0.0153682 -143.407 0.110569 0.993762 -0.0145232 -14.715 -0.0136697 0.016132 0.999776 4.09468
0.993864 -0.109141 0.0179345 -144.645 0.109415 0.993881 -0.0151101 -14.8364 -0.0161756 0.0169797 0.999725 4.14922
0.993723 -0.11023 0.0190834 -145.889 0.110481 0.993798 -0.0126195 -14.9406 -0.017574 0.0146487 0.999738 4.16677
0.993714 -0.110545 0.0176736 -147.14 0.11078 0.993761 -0.0129168 -15.0924 -0.0161355 0.0147935 0.99976 4.23981
0.993638 -0.111438 0.0163001 -148.354 0.111633 0.993682 -0.011591 -15.2078 -0.0149054 0.0133368 0.9998 4.27385
0.993562 -0.112272 0.01513 -149.606 0.112458 0.993583 -0.0120718 -15.3278 -0.0136776 0.0136955 0.999813 4.31187
0.993561 -0.112558 0.0129388 -150.821 0.112722 0.993545 -0.0127091 -15.4642 -0.0114247 0.0140858 0.999836 4.36786
0.993526 -0.112941 0.0122634 -152.03 0.113097 0.993501 -0.0128593 -15.6009 -0.0107314 0.014163 0.999842 4.41189
0.99362 -0.112095 0.0124041 -153.288 0.112265 0.99358 -0.0139962 -15.7559 -0.0107556 0.0152995 0.999825 4.46024
0.993688 -0.111539 0.0119542 -154.531 0.111706 0.993637 -0.0143879 -15.8772 -0.0102733 0.0156324 0.999825 4.52167
0.993682 -0.111353 0.0140006 -155.74 0.111534 0.993677 -0.0128605 -16.0133 -0.01248 0.0143408 0.999819 4.56036
0.993888 -0.109393 0.0148284 -156.961 0.109605 0.993872 -0.0143242 -16.1518 -0.0131706 0.015862 0.999787 4.63384
0.993964 -0.108618 0.0154112 -158.204 0.108846 0.993949 -0.0147858 -16.286 -0.0137119 0.016374 0.999772 4.67678
0.994074 -0.107794 0.0140625 -159.39 0.108004 0.994036 -0.0150822 -16.4033 -0.0123529 0.0165117 0.999787 4.73101
0.994185 -0.106851 0.0133771 -160.655 0.107054 0.994132 -0.0155202 -16.5477 -0.0116403 0.0168621 0.99979 4.76392
0.99421 -0.106573 0.0137235 -161.889 0.106787 0.994154 -0.0159695 -16.6643 -0.0119413 0.0173425 0.999778 4.809
0.994186 -0.106695 0.0145 -163.142 0.106906 0.994162 -0.0146246 -16.7904 -0.012855 0.0160897 0.999788 4.84855
0.994125 -0.107157 0.0152879 -164.362 0.10737 0.994122 -0.0138874 -16.9189 -0.0137099 0.0154473 0.999787 4.90716
0.994032 -0.107838 0.0164871 -165.574 0.10805 0.994065 -0.0126172 -17.0596 -0.0150287 0.0143233 0.999784 4.96472
0.99395 -0.108353 0.017954 -166.823 0.108612 0.993984 -0.0141044 -17.1863 -0.0163178 0.0159691 0.999739 5.02847
0.993818 -0.109521 0.0181807 -168.05 0.109799 0.99384 -0.0150412 -17.3039 -0.0164213 0.0169445 0.999722 5.08467
0.993852 -0.109507 0.0163183 -169.259 0.109755 0.993843 -0.0151595 -17.4684 -0.0145578 0.0168574 0.999752 5.12365
0.993785 -0.110359 0.0145908 -170.497 0.110585 0.993742 -0.0157304 -17.5942 -0.0127635 0.0172462 0.99977 5.15475
0.993696 -0.11137 0.0128173 -171.725 0.11157 0.993626 -0.0161275 -17.7151 -0.0109395 0.0174559 0.999788 5.20877
0.993617 -0.111964 0.0137625 -172.993 0.112173 0.993568 -0.0155076 -17.8278 -0.0119377 0.0169524 0.999785 5.25623
0.993489 -0.112661 0.0169677 -174.197 0.11292 0.993487 -0.0152189 -17.9744 -0.0151426 0.0170358 0.99974 5.28783
0.99343 -0.112764 0.0195139 -175.447 0.113064 0.993474 -0.0150482 -18.0968 -0.0176896 0.0171556 0.999696 5.34663
0.993463 -0.112397 0.0199301 -176.65 0.112698 0.993521 -0.0146887 -18.2504 -0.01815 0.0168388 0.999693 5.41829
0.993518 -0.112134 0.0186595 -177.863 0.112409 0.993558 -0.014365 -18.3879 -0.0169285 0.0163694 0.999723 5.45996
0.993478 -0.112966 0.0154992 -179.128 0.113195 0.993463 -0.01479 -18.5206 -0.0137272 0.0164479 0.99977 5.52155
0.993432 -0.113598 0.0137091 -180.378 0.113798 0.993394 -0.0147728 -18.6371 -0.0119404 0.0162358 0.999797 5.5713
0.993401 -0.113781 0.0144109 -181.631 0.113995 0.993367 -0.0150468 -18.7735 -0.0126033 0.0165903 0.999783 5.62642
0.993283 -0.114485 0.0168158 -182.852 0.114736 0.993285 -0.0148341 -18.9044 -0.0150046 0.0166639 0.999749 5.67917
0.993305 -0.114046 0.018409 -184.096 0.114316 0.99334 -0.0143743 -19.0322 -0.0166471 0.0163825 0.999727 5.69999
0.993253 -0.11457 0.0179568 -185.339 0.114854 0.993259 -0.0156785 -19.1855 -0.0160394 0.0176351 0.999716 5.77104
0.993352 -0.113973 0.0161886 -186.59 0.114274 0.993266 -0.0190637 -19.3267 -0.0139068 0.0207869 0.999687 5.81933
0.993345 -0.114427 0.0131192 -187.83 0.1147 0.993148 -0.0223635 -19.4724 -0.0104703 0.0237194 0.999664 5.88336
0.993411 -0.113851 0.0131282 -189.038 0.114156 0.993137 -0.0254349 -19.5943 -0.0101424 0.026766 0.99959 5.92616
0.993361 -0.114028 0.0152194 -190.294 0.114427 0.99302 -0.0286079 -19.7344 -0.011851 0.0301595 0.999475 5.96573
0.993481 -0.112842 0.0161823 -191.513 0.113289 0.993108 -0.0300384 -19.8806 -0.0126812 0.0316759 0.999418 6.02907
0.993443 -0.112798 0.0186321 -192.767 0.11329 0.99317 -0.0279076 -20.0057 -0.0153569 0.0298355 0.999437 6.0611
0.993513 -0.111978 0.0198368 -193.991 0.112464 0.993331 -0.0254022 -20.1423 -0.0168601 0.0274683 0.99948 6.1149
0.993544 -0.11171 0.0197713 -195.236 0.112188 0.993374 -0.0249521 -20.2874 -0.0168528 0.0270091 0.999493 6.1482
0.993573 -0.111756 0.017976 -196.497 0.112201 0.993345 -0.0260187 -20.4296 -0.0149486 0.0278684 0.9995 6.20742
0.993676 -0.111205 0.0155691 -197.751 0.111587 0.993406 -0.026309 -20.5611 -0.0125408 0.0278799 0.999533 6.27105
0.993662 -0.111212 0.0163874 -199.01 0.11163 0.993375 -0.0272929 -20.6907 -0.0132435 0.0289492 0.999493 6.33462
0.99374 -0.110311 0.0176589 -200.235 0.110778 0.993449 -0.0280611 -20.8308 -0.0144478 0.0298416 0.99945 6.38338
0.993555 -0.111947 0.0177918 -201.505 0.112427 0.993244 -0.0287466 -20.952 -0.0144535 0.0305616 0.999428 6.423
0.993541 -0.112323 0.0161365 -202.748 0.112762 0.993182 -0.0295587 -21.1022 -0.0127064 0.0311874 0.999433 6.47586
0.993504 -0.112892 0.0143185 -204.001 0.113288 0.993083 -0.0308369 -21.2431 -0.0107382 0.0322587 0.999422 6.51983
0.993426 -0.113667 0.0135587 -205.248 0.114093 0.992805 -0.0363529 -21.3806 -0.00932903 0.0376609 0.999247 6.58485
0.993297 -0.114606 0.0150678 -206.505 0.115129 0.992534 -0.0402771 -21.5132 -0.0103393 0.0417418 0.999075 6.64719
0.993085 -0.116289 0.0160638 -207.764 0.116867 0.992278 -0.0415531 -21.651 -0.0111076 0.0431431 0.999007 6.68656
0.993114 -0.116138 0.0153841 -208.988 0.116703 0.992229 -0.0431567 -21.8063 -0.0102524 0.0446549 0.99895 6.71281
0.993089 -0.116267 0.0160287 -210.255 0.11687 0.992171 -0.0440163 -21.9586 -0.0107855 0.0455854 0.998902 6.75117
0.992968 -0.11707 0.0175609 -211.463 0.117729 0.99212 -0.0428718 -22.1087 -0.0124035 0.0446378 0.998926 6.8012
0.993012 -0.116572 0.0184133 -212.739 0.117272 0.992163 -0.0431331 -22.2558 -0.0132409 0.044991 0.9989 6.84272
0.993054 -0.116304 0.0178218 -213.969 0.116984 0.992175 -0.0436342 -22.4046 -0.0126075 0.045416 0.998889 6.88941
0.993093 -0.11586 0.0185351 -215.217 0.116575 0.992215 -0.0438067 -22.5591 -0.0133154 0.0456648 0.998868 6.92854
0.992976 -0.116895 0.0182722 -216.503 0.117578 0.992159 -0.0423762 -22.6906 -0.0131754 0.0442269 0.998935 6.98978
0.993047 -0.11619 0.0189208 -217.741 0.116891 0.992274 -0.0415859 -22.8383 -0.0139428 0.0435084 0.998956 7.04061
0.993084 -0.115824 0.0191995 -219.006 0.116548 0.992283 -0.0423262 -22.9923 -0.0141489 0.0442712 0.998919 7.101
0.993057 -0.116138 0.0187036 -220.283 0.11685 0.992218 -0.0430057 -23.1126 -0.0135635 0.0448927 0.9989 7.16089
0.993191 -0.115036 0.0183833 -221.474 0.115756 0.992274 -0.0446317 -23.2634 -0.0131071 0.0464558 0.998834 7.21944
0.993283 -0.114113 0.0191434 -222.704 0.114888 0.992311 -0.0460415 -23.4127 -0.0137423 0.0479316 0.998756 7.26185
0.993363 -0.113083 0.0210371 -223.914 0.113939 0.992454 -0.0453086 -23.5461 -0.0157547 0.0474049 0.998752 7.315
0.993464 -0.111989 0.0220639 -225.16 0.112889 0.992589 -0.0449806 -23.6698 -0.016863 0.0471774 0.998744 7.38571
0.993715 -0.110207 0.0195945 -226.422 0.111012 0.992739 -0.0463167 -23.8184 -0.0143478 0.0482008 0.998735 7.44125
0.993842 -0.110049 0.0129177 -227.637 0.110577 0.992506 -0.0520141 -23.9442 -0.00709681 0.0531222 0.998563 7.50688
0.994073 -0.108399 0.00826398 -228.85 0.108692 0.992512 -0.0557272 -24.0811 -0.00216134 0.0562951 0.998412 7.52927
0.994231 -0.10707 0.00636831 -230.066 0.107259 0.992555 -0.0577131 -24.2066 -0.000141543 0.0580632 0.998313 7.57507
0.994468 -0.104837 0.00654991 -231.284 0.105039 0.992914 -0.0555774 -24.3211 -0.000676941 0.0559579 0.998433 7.57972
0.994495 -0.104554 0.00698416 -232.487 0.104775 0.993172 -0.0512957 -24.4669 -0.0015733 0.0517451 0.998659 7.61162
0.994596 -0.103647 0.00608437 -233.692 0.103819 0.993507 -0.0465393 -24.5982 -0.0012212 0.0469194 0.998898 7.63445
0.994619 -0.10347 0.0052594 -234.908 0.103601 0.993629 -0.0443679 -24.7037 -0.000635161 0.044674 0.999001 7.67992
0.994661 -0.103093 0.00456496 -236.117 0.103194 0.993661 -0.0445951 -24.8101 6.14272e-05 0.0448281 0.998995 7.7279
0.994674 -0.102884 0.00626134 -237.365 0.103062 0.993661 -0.0449043 -24.923 -0.00160173 0.0453105 0.998972 7.76668
0.994608 -0.10341 0.00787562 -238.557 0.103657 0.993646 -0.0438566 -25.0521 -0.00329037 0.0444364 0.999007 7.8164
0.994558 -0.10386 0.00822277 -239.757 0.104112 0.993709 -0.0412796 -25.1676 -0.00388376 0.041911 0.999114 7.83369
0.994491 -0.104646 0.00612176 -240.957 0.104806 0.993722 -0.0391459 -25.2843 -0.00198686 0.0395718 0.999215 7.87426
0.994445 -0.105149 0.00480043 -242.16 0.105256 0.993698 -0.0385534 -25.4081 -0.000716334 0.0388445 0.999245 7.8991
0.994327 -0.106226 0.00547847 -243.361 0.10636 0.993535 -0.0396929 -25.5364 -0.00122663 0.0400504 0.999197 7.94085
0.994227 -0.107159 0.00545638 -244.592 0.107294 0.993351 -0.0417336 -25.6623 -0.000947958 0.0420781 0.999114 7.98044
0.994081 -0.108464 0.00628154 -245.813 0.108639 0.993023 -0.0458574 -25.8013 -0.00126383 0.0462683 0.998928 8.02798
0.994051 -0.108675 0.00720097 -246.992 0.108899 0.992835 -0.049186 -25.9561 -0.00180407 0.0496776 0.998764 8.04525
0.994122 -0.107918 0.00865327 -248.2 0.108222 0.992796 -0.0514229 -26.0797 -0.00304146 0.0520571 0.998639 8.05449
0.994165 -0.107469 0.00932473 -249.442 0.107803 0.992913 -0.0500302 -26.2161 -0.00388196 0.0507435 0.998704 8.09031
0.994182 -0.107299 0.00941525 -250.631 0.107638 0.992927 -0.0500924 -26.3403 -0.00397377 0.0508144 0.9987 8.14372
0.994003 -0.108989 0.00889778 -251.835 0.109289 0.992891 -0.047159 -26.4493 -0.00369474 0.0478486 0.998848 8.18414
0.993701 -0.111683 0.00927558 -253.036 0.111995 0.992634 -0.0461961 -26.5741 -0.00404792 0.0469439 0.998889 8.22497
0.993433 -0.114105 0.008432 -254.251 0.114364 0.992502 -0.0431247 -26.7117 -0.00344804 0.0438058 0.999034 8.25297
0.993245 -0.115815 0.00713007 -255.458 0.116013 0.992369 -0.0417666 -26.8425 -0.00223847 0.0423117 0.999102 8.30854
0.99304 -0.11754 0.00745172 -256.668 0.117739 0.992329 -0.0376962 -26.988 -0.00296373 0.0383112 0.999261 8.31645
0.992818 -0.119394 0.0075304 -257.861 0.11958 0.992276 -0.0330062 -27.1291 -0.00353148 0.0336696 0.999427 8.34041
0.992606 -0.121218 0.00624717 -259.085 0.121349 0.992193 -0.0287583 -27.2621 -0.00271237 0.0293037 0.999567 8.3995
0.992435 -0.122652 0.00535201 -260.28 0.122752 0.992087 -0.0263664 -27.4214 -0.00207576 0.0268239 0.999638 8.43894
0.99221 -0.124381 0.00697099 -261.479 0.124519 0.991894 -0.0253059 -27.5483 -0.00376692 0.0259768 0.999655 8.47173
0.992127 -0.125018 0.00734023 -262.683 0.125164 0.991823 -0.0249071 -27.7026 -0.00416638 0.0256298 0.999663 8.5238
0.992104 -0.125079 0.00919246 -263.867 0.12529 0.991726 -0.0279539 -27.8543 -0.00561997 0.0288849 0.999567 8.56781
0.992008 -0.125759 0.0102387 -265.078 0.126005 0.991616 -0.0286566 -28.0045 -0.00654907 0.0297177 0.999537 8.58988
0.992036 -0.125672 0.00844918 -266.259 0.125871 0.991594 -0.0299768 -28.1326 -0.00461091 0.0308016 0.999515 8.64717
0.992219 -0.124246 0.00807688 -267.426 0.124441 0.991726 -0.0315284 -28.2893 -0.00409277 0.0322881 0.99947 8.6659
0.992336 -0.12328 0.00841105 -268.639 0.123484 0.991859 -0.0310955 -28.4312 -0.00450912 0.0318958 0.999481 8.68794
0.992482 -0.122166 0.00740448 -269.817 0.122332 0.992056 -0.0293143 -28.571 -0.00376446 0.0299997 0.999543 8.74145
