1 0 0 0 0 1 0 0 -0 0 1 0
0.999999 -0.00107913 -0.00020171 0.00724706 0.00107926 0.999999 0.000645139 -0.000674683 0.000201014 -0.000645357 1 0.00494658
0.999999 -0.00111729 -0.000311346 0.0150757 0.00111747 0.999999 0.000573592 0.000541326 0.000310705 -0.00057394 1 0.00982768
0.999999 -0.00133451 -0.000302049 0.00906731 0.00133467 0.999999 0.000521037 0.00475739 0.000301353 -0.00052144 1 0.0122881
0.999999 -0.00111537 -0.000431631 0.00712926 0.00111567 0.999999 0.000695924 0.00199644 0.000430855 -0.000696405 1 0.00886224
0.999999 -0.00104171 -0.000379583 0.0118949 0.00104187 0.999999 0.000422039 -0.00309454 0.000379143 -0.000422435 1 0.0124493
0.999999 -0.00115406 -0.000311864 0.00809517 0.00115419 0.999999 0.00041914 0.00247844 0.00031138 -0.000419499 1 0.013605
0.999999 -0.00128026 -0.000275522 0.00600968 0.00128044 0.999999 0.000647413 0.000690801 0.000274692 -0.000647765 1 0.00795149
0.999999 -0.00121358 -0.000413338 0.0140493 0.00121386 0.999999 0.000665131 0.00235247 0.00041253 -0.000665632 1 0.0109895
0.999999 -0.00140962 -0.000398005 0.0031404 0.00140989 0.999999 0.000686832 0.00289484 0.000397037 -0.000687393 1 0.0126801
0.999999 -0.0012096 -0.000406668 0.00626415 0.00120988 0.999999 0.00069102 0.00203565 0.000405832 -0.000691511 1 0.013913
0.999999 -0.00109226 -0.000408864 0.0108306 0.00109252 0.999999 0.000635768 0.000579519 0.000408169 -0.000636214 1 0.0130043
0.999999 -0.00112327 -0.000265713 0.012525 0.00112336 0.999999 0.000343499 0.000344551 0.000265327 -0.000343797 1 0.0158013
0.999999 -0.00122401 -0.000326336 0.00995792 0.0012242 0.999999 0.000585459 0.00237117 0.000325619 -0.000585858 1 0.0122089
0.999999 -0.00121975 -0.000298162 0.00493529 0.00121994 0.999999 0.000617236 0.000525273 0.000297409 -0.000617599 1 0.0120034
0.999999 -0.00138481 -0.000343685 0.00590655 0.00138504 0.999999 0.000647632 0.00529372 0.000342788 -0.000648107 1 0.0114859
0.999999 -0.00118055 -0.000401195 0.0149342 0.00118082 0.999999 0.000681233 0.000545153 0.00040039 -0.000681706 1 0.0126698
0.999999 -0.0011037 -0.000377035 0.0114653 0.00110386 0.999999 0.000439874 0.00344957 0.000376549 -0.000440289 1 0.0131656
0.999999 -0.00117261 -0.000345648 0.0140019 0.00117278 0.999999 0.000483011 -0.000895212 0.000345082 -0.000483416 1 0.0115274
0.999999 -0.00119716 -0.000323571 0.00553403 0.00119738 0.999999 0.000698226 0.00172678 0.000322735 -0.000698612 1 0.00967994
0.999999 -0.00106567 -0.000362557 0.0126224 0.00106589 0.999999 0.000598015 -0.00389952 0.00036192 -0.000598401 1 0.0126967
0.999999 -0.00134121 -0.000264505 0.00206996 0.00134143 0.999999 0.000839004 0.00166118 0.00026338 -0.000839358 1 0.00584245
0.999999 -0.00132134 -0.000281299 0.00698724 0.00132151 0.999999 0.000623512 0.00669289 0.000280475 -0.000623883 1 0.0087263
0.999999 -0.00124956 -0.000403262 0.00905907 0.00124991 0.999999 0.000876387 0.00133556 0.000402167 -0.00087689 1 0.00631361
0.999999 -0.00101308 -0.000322784 0.0173275 0.00101333 0.999999 0.000761337 0.00267497 0.000322012 -0.000761663 1 0.0079369
0.999999 -0.00112505 -0.000333964 0.0130772 0.00112525 0.999999 0.000583227 5.53283e-05 0.000333307 -0.000583603 1 0.0078879
1 -0.00092012 -0.000272891 0.0130559 0.000920288 0.999999 0.000615918 -0.00162478 0.000272324 -0.000616168 1 0.00775154
1 -0.000928657 -0.00030129 0.0101529 0.000928855 0.999999 0.000657368 -0.00194935 0.00030068 -0.000657648 1 0.00847778
1 -0.000940494 -0.000191271 0.0117516 0.000940589 0.999999 0.00049507 -0.00416411 0.000190806 -0.000495249 1 0.00931047
0.999999 -0.00118142 -0.000311937 0.00910246 0.00118166 0.999999 0.000743496 0.00102801 0.000311059 -0.000743865 1 0.00820747
0.999999 -0.000984759 -0.000470637 0.0150972 0.000985025 0.999999 0.000564737 -0.0020262 0.000470081 -0.0005652 1 0.00923291
0.999999 -0.00117987 -0.000218974 -0.00171892 0.00117998 0.999999 0.000520316 0.00553955 0.00021836 -0.000520574 1 0.0106085
0.999999 -0.00118902 -0.000457513 0.0071492 0.00118935 0.999999 0.00073429 0.00526552 0.00045664 -0.000734834 1 0.00869445
0.999999 -0.00112748 -0.000411608 0.0114529 0.00112767 0.999999 0.000451907 0.00557823 0.000411098 -0.000452371 1 0.0102385
0.999999 -0.00105777 -0.000334862 0.00645228 0.00105798 0.999999 0.000623487 -0.00173773 0.000334202 -0.000623841 1 0.0102322
0.999999 -0.00127136 -0.000361999 0.00700698 0.00127152 0.999999 0.000437929 0.00463952 0.000361442 -0.000438389 1 0.0112444
0.999999 -0.0011722 -0.000317512 0.00822029 0.00117232 0.999999 0.000370168 0.00312024 0.000317078 -0.00037054 1 0.0130888
0.999999 -0.0010841 -0.000463864 0.012076 0.0010844 0.999999 0.00064158 -0.00311199 0.000463168 -0.000642083 1 0.0116679
0.999999 -0.00094635 -0.000348109 0.0289692 0.000946541 0.999999 0.000548499 -0.00512717 0.00034759 -0.000548828 1 0.0088949
0.999999 -0.000953596 -0.000438949 0.0334447 0.000953801 0.999999 0.000466831 -0.00548127 0.000438503 -0.000467249 1 0.0148295
1 -0.000779859 -0.000213756 0.0667254 0.000779994 0.999999 0.000631884 -0.0125792 0.000213263 -0.000632051 1 0.0141646
1 -0.000803247 5.6539e-05 0.0739978 0.000803232 1 0.000269726 -0.0138224 -5.67557e-05 -0.000269681 1 0.0264482
0.999999 -0.00119987 0.000344384 0.0559976 0.00119981 0.999999 0.000158038 -0.00642414 -0.000344573 -0.000157624 1 0.026443
0.999999 -0.000990862 0.000322369 0.0356046 0.000990786 0.999999 0.000235429 -0.00764331 -0.000322602 -0.000235109 1 0.0274483
0.999999 -0.00137143 0.000132556 0.0205183 0.00137138 0.999999 0.000374024 -0.0023562 -0.000133069 -0.000373842 1 0.0294781
1 -0.000891989 -3.52976e-05 0.0266387 0.000892 1 0.000325714 -0.00254981 3.5007e-05 -0.000325745 1 0.0270656
0.999999 -0.0011 7.21235e-05 -0.0139759 0.00109999 0.999999 0.000180051 -0.0110533 -7.23215e-05 -0.000179971 1 0.0282625
0.999999 -0.00110006 5.87405e-05 -0.0415581 0.00110004 0.999999 0.000400721 -0.00720236 -5.91812e-05 -0.000400656 1 0.0284057
0.999999 -0.00108611 3.23218e-05 -0.0708269 0.00108611 0.999999 -6.15098e-05 0.00107085 -3.22549e-05 6.15449e-05 1 0.0336028
0.999999 -0.00134375 0.000166545 -0.117402 0.00134374 0.999999 5.36232e-05 -0.00961836 -0.000166617 -5.33994e-05 1 0.0324793
0.999999 -0.00162163 0.000413703 -0.148516 0.00162186 0.999999 -0.000540351 0.00128954 -0.000412827 0.000541021 1 0.0374247
0.999998 -0.00192078 0.000334323 -0.21777 0.00192081 0.999998 -7.97663e-05 -0.0120407 -0.000334169 8.04083e-05 1 0.03533
0.999998 -0.00202183 0.000729226 -0.262739 0.00202183 0.999998 -1.49583e-06 -0.0138921 -0.000729221 2.9702e-06 1 0.0349756
0.999996 -0.00265188 0.00121196 -0.326271 0.00265201 0.999996 -0.000107616 -0.0143249 -0.00121167 0.000110829 0.999999 0.0369823
0.999994 -0.00303935 0.00167617 -0.39895 0.00303977 0.999995 -0.000252233 -0.0160322 -0.0016754 0.000257327 0.999999 0.0457492
0.999991 -0.00380953 0.00181405 -0.481868 0.00380982 0.999993 -0.000157648 -0.0186907 -0.00181343 0.000164558 0.999998 0.0421552
0.999989 -0.0041653 0.00212559 -0.55556 0.0041665 0.999991 -0.000557764 -0.0165348 -0.00212325 0.000566614 0.999998 0.0511104
0.999988 -0.00436582 0.00234427 -0.634882 0.00436769 0.99999 -0.000790335 -0.0218746 -0.0023408 0.000800564 0.999997 0.0540553
0.999982 -0.0055748 0.00230329 -0.749113 0.0055753 0.999984 -0.000211712 -0.0279236 -0.00230208 0.00022455 0.999997 0.0492821
0.999977 -0.00643379 0.0023498 -0.847419 0.0064356 0.999979 -0.000764683 -0.017469 -0.00234483 0.000779788 0.999997 0.0612207
0.999973 -0.00678756 0.00275631 -0.963872 0.0067888 0.999977 -0.000440707 -0.0265452 -0.00275326 0.000459407 0.999996 0.0568224
0.99997 -0.00720398 0.00294514 -1.05602 0.00720543 0.999974 -0.000481534 -0.0300008 -0.00294159 0.00050274 0.999996 0.0644234
0.999957 -0.00856635 0.00350948 -1.18915 0.00856634 0.999963 1.65816e-05 -0.0226194 -0.00350949 1.34825e-05 0.999994 0.056295
0.999949 -0.00956508 0.0033352 -1.33083 0.00956546 0.999954 -9.7668e-05 -0.0266984 -0.00333411 0.000129566 0.999994 0.0554434
0.999944 -0.0101042 0.00305269 -1.45014 0.010105 0.999949 -0.000252373 -0.0236891 -0.00304998 0.000283207 0.999995 0.0753272
0.999942 -0.0104105 0.00259378 -1.60202 0.0104104 0.999946 4.15077e-05 -0.0291117 -0.00259408 -1.45029e-05 0.999997 0.0693958
0.999937 -0.010892 0.00269818 -1.76511 0.0108927 0.999941 -0.000262482 -0.0310254 -0.00269516 0.000291856 0.999996 0.0733414
0.999924 -0.0120526 0.00272361 -1.93808 0.0120535 0.999927 -0.000295054 -0.0320075 -0.00271985 0.000327861 0.999996 0.0755401
0.999924 -0.0120651 0.00268949 -2.12202 0.0120684 0.999926 -0.00124231 -0.0256322 -0.0026743 0.00127468 0.999996 0.0885776
0.999914 -0.0129609 0.0021318 -2.30873 0.0129639 0.999915 -0.00140149 -0.0229894 -0.00211345 0.001429 0.999997 0.102823
0.999916 -0.0127323 0.00237978 -2.50102 0.0127341 0.999919 -0.000747203 -0.0346766 -0.00237007 0.000777444 0.999997 0.104579
0.999911 -0.0131374 0.00225942 -2.71419 0.0131388 0.999913 -0.000610034 -0.0343246 -0.00225121 0.000639666 0.999997 0.109943
0.999906 -0.0135903 0.00183405 -2.93223 0.0135923 0.999907 -0.00107478 -0.0359531 -0.00181927 0.00109961 0.999998 0.129997
0.999888 -0.0148813 0.00184873 -3.18577 0.0148818 0.999889 -0.000249564 -0.0383762 -0.00184481 0.000277048 0.999998 0.119083
0.999883 -0.0151154 0.00234446 -3.39653 0.0151161 0.999886 -0.000287774 -0.0579314 -0.00233985 0.000323179 0.999997 0.118452
0.999861 -0.016336 0.00322313 -3.64536 0.0163358 0.999867 8.26651e-05 -0.0572155 -0.00322405 -3.00013e-05 0.999995 0.110823
0.999854 -0.0167751 0.00319781 -3.88627 0.0167777 0.999859 -0.000793868 -0.0685439 -0.00318404 0.000847404 0.999995 0.125968
0.999838 -0.0176009 0.0038777 -4.16422 0.0176046 0.999845 -0.000904084 -0.0743979 -0.00386118 0.000972203 0.999992 0.126104
0.99983 -0.0180423 0.00375836 -4.39705 0.0180459 0.999837 -0.000931236 -0.0874387 -0.00374094 0.000998901 0.999993 0.140347
0.999821 -0.0184012 0.00437166 -4.66376 0.0184068 0.99983 -0.00124672 -0.0969722 -0.00434797 0.00132696 0.99999 0.150798
0.999813 -0.0188584 0.0041711 -4.95847 0.0188628 0.999822 -0.00102046 -0.0904633 -0.00415112 0.00109895 0.999991 0.161333
0.999794 -0.0197805 0.00447532 -5.2761 0.0197873 0.999803 -0.00148047 -0.097653 -0.00444515 0.00156872 0.999989 0.166885
0.999785 -0.0203585 0.00396999 -5.57941 0.0203639 0.999792 -0.00132072 -0.106051 -0.00394228 0.00140128 0.999991 0.179948
0.999774 -0.0206677 0.00492319 -5.90397 0.0206803 0.999783 -0.00251082 -0.11682 -0.00487023 0.00261206 0.999985 0.193892
0.999742 -0.0220024 0.00570168 -6.2618 0.0220158 0.999755 -0.00230683 -0.11609 -0.00564953 0.00243176 0.999981 0.192877
0.99973 -0.0224016 0.0061644 -6.57048 0.0224219 0.999743 -0.00323275 -0.130009 -0.0060904 0.00337009 0.999976 0.199096
0.999701 -0.0236923 0.00597972 -6.95724 0.0237099 0.999715 -0.0028868 -0.129951 -0.00590961 0.00302771 0.999978 0.202037
0.999689 -0.024428 0.00494157 -7.32447 0.0244419 0.999697 -0.00275951 -0.125392 -0.00487266 0.00287944 0.999984 0.223264
0.99968 -0.0248705 0.00462004 -7.67026 0.024881 0.999688 -0.00222759 -0.142986 -0.0045632 0.00234182 0.999987 0.223548
0.999658 -0.0257224 0.00463461 -8.0552 0.0257372 0.999664 -0.00315447 -0.168175 -0.00455191 0.00327267 0.999984 0.248648
0.999642 -0.0264048 0.00433255 -8.43108 0.0264179 0.999646 -0.00300547 -0.164151 -0.00425166 0.00311885 0.999986 0.2503
0.999604 -0.0277936 0.0044441 -8.84242 0.0278076 0.999608 -0.00313051 -0.182547 -0.00435535 0.00325285 0.999985 0.26171
0.99956 -0.0292595 0.00483577 -9.25566 0.0292753 0.999566 -0.00322119 -0.188762 -0.00473942 0.00336134 0.999983 0.283805
0.999528 -0.030253 0.00537752 -9.64022 0.0302628 0.99954 -0.0017415 -0.204409 -0.00532236 0.00190341 0.999984 0.273873
0.999479 -0.0319103 0.00482239 -10.0868 0.0319202 0.999488 -0.00199817 -0.228184 -0.00475616 0.00215106 0.999986 0.301469
0.999428 -0.0334452 0.00500431 -10.4864 0.0334521 0.999439 -0.00130453 -0.252663 -0.00495788 0.00147119 0.999987 0.292856
0.99937 -0.03515 0.00481511 -10.9632 0.0351572 0.999381 -0.0014153 -0.263506 -0.00476238 0.0015837 0.999987 0.320765
0.999296 -0.0372528 0.00440872 -11.4395 0.037262 0.999303 -0.0020192 -0.272553 -0.00433043 0.00218205 0.999988 0.350576
0.999214 -0.0392361 0.00557983 -11.9038 0.039254 0.999224 -0.0031402 -0.282961 -0.0054523 0.00335676 0.99998 0.372053
0.999152 -0.040691 0.00627862 -12.3949 0.0407212 0.999159 -0.00476568 -0.308426 -0.00607942 0.00501731 0.999969 0.396747
0.999036 -0.0434061 0.00652095 -12.8679 0.0434395 0.999043 -0.00507417 -0.310644 -0.00629447 0.00535255 0.999966 0.410193
0.998948 -0.0454535 0.00610295 -13.3797 0.0454689 0.998963 -0.00241983 -0.35132 -0.00598664 0.00269477 0.999978 0.402682
0.998876 -0.0470426 0.0057306 -13.8735 0.0470575 0.998889 -0.00250138 -0.371505 -0.00560656 0.00276824 0.99998 0.433909
0.998775 -0.0491529 0.00565432 -14.3874 0.0491619 0.99879 -0.00145414 -0.409412 -0.005576 0.00173033 0.999983 0.436045
0.998643 -0.0517806 0.00559643 -14.9244 0.0517899 0.998657 -0.00153718 -0.440089 -0.00550932 0.00182493 0.999983 0.453243
0.998515 -0.0541571 0.00592206 -15.444 0.0541638 0.998532 -0.00098907 -0.474588 -0.0058598 0.00130836 0.999982 0.458181
0.998381 -0.0565582 0.00601058 -15.9691 0.0565653 0.998398 -0.00101827 -0.505531 -0.00594337 0.00135661 0.999981 0.456433
0.998239 -0.0589263 0.00679351 -16.554 0.0589403 0.99826 -0.00188699 -0.546091 -0.00667049 0.00228408 0.999975 0.47016
0.998072 -0.0616675 0.00701386 -17.0752 0.0616857 0.998093 -0.00241059 -0.556009 -0.00685183 0.0028386 0.999972 0.505366
0.997917 -0.0641355 0.00693006 -17.6562 0.064147 0.997939 -0.00144052 -0.611812 -0.00682339 0.00188206 0.999975 0.515598
0.997733 -0.0668765 0.00753239 -18.2805 0.0668918 0.997759 -0.00178998 -0.626885 -0.0073958 0.00228977 0.99997 0.558064
0.997575 -0.0691378 0.00796644 -18.812 0.0691416 0.997607 -0.00019607 -0.692975 -0.00793382 0.000746407 0.999968 0.5717
0.997424 -0.0712958 0.00792811 -19.3962 0.0713043 0.997454 -0.000793828 -0.746125 -0.00785133 0.00135709 0.999968 0.588132
0.997274 -0.0733386 0.00812446 -20.0395 0.0733638 0.997301 -0.00285182 -0.779062 -0.00789338 0.00344009 0.999963 0.599414
0.997121 -0.0754265 0.0078448 -20.5795 0.0754543 0.997144 -0.00331457 -0.82225 -0.00757239 0.00389695 0.999964 0.615576
0.996936 -0.0779775 0.00609702 -21.2435 0.077991 0.996952 -0.0019934 -0.868235 -0.005923 0.00246281 0.999979 0.633576
0.996855 -0.0790238 0.00589664 -21.8624 0.0790322 0.996871 -0.00120877 -0.933864 -0.00578267 0.00167099 0.999982 0.651909
0.99673 -0.0805343 0.00663958 -22.4933 0.0805446 0.99675 -0.00130424 -0.991642 -0.00651297 0.00183476 0.999977 0.668434
0.996638 -0.0817089 0.00607744 -23.1581 0.0817309 0.996648 -0.00346233 -1.03439 -0.00577417 0.0039474 0.999976 0.688296
0.996509 -0.0832601 0.00616907 -23.8285 0.0832895 0.996514 -0.00467685 -1.09134 -0.00575817 0.00517434 0.99997 0.715985
0.99649 -0.0834606 0.00644271 -24.4223 0.0834887 0.9965 -0.00421864 -1.16202 -0.00606807 0.00474173 0.99997 0.723721
0.996394 -0.0846278 0.00614915 -25.0998 0.084652 0.996403 -0.00379137 -1.21493 -0.00580618 0.00429824 0.999974 0.732311
0.996281 -0.0859488 0.00601175 -25.7758 0.0859685 0.996293 -0.00309505 -1.26472 -0.00572344 0.00360036 0.999977 0.75784
0.996253 -0.0863055 0.00564025 -26.4352 0.0863217 0.996264 -0.00267662 -1.32936 -0.00538817 0.00315346 0.999981 0.772433
0.996151 -0.0874824 0.00548652 -27.1255 0.087503 0.996158 -0.00362915 -1.37183 -0.00514795 0.00409527 0.999978 0.803607
0.996086 -0.0881262 0.00684212 -27.8339 0.0881559 0.996098 -0.00417107 -1.43293 -0.00644784 0.00475791 0.999968 0.818321
0.99596 -0.089427 0.00818275 -28.5742 0.0894748 0.995973 -0.00567466 -1.50566 -0.00764233 0.00638388 0.99995 0.835759
0.995841 -0.0906681 0.00895296 -29.2425 0.0907161 0.995864 -0.00510871 -1.56438 -0.00845273 0.00589964 0.999947 0.864904
0.995869 -0.0903842 0.00864424 -30.0087 0.0904485 0.995874 -0.00734971 -1.6208 -0.00794428 0.00810121 0.999936 0.899275
0.995963 -0.0893863 0.00819384 -30.7291 0.0894589 0.99595 -0.00897462 -1.67703 -0.00735845 0.0096714 0.999926 0.917666
0.996118 -0.0877537 0.00694011 -31.4594 0.0878102 0.996103 -0.0083085 -1.75102 -0.00618396 0.00888566 0.999941 0.912457
0.996321 -0.0854833 0.00604896 -32.1678 0.0855321 0.996301 -0.00832046 -1.8245 -0.00531533 0.00880723 0.999947 0.95327
0.996419 -0.0842376 0.00732393 -32.9307 0.084305 0.996395 -0.00943308 -1.88104 -0.00650291 0.0100167 0.999929 0.978397
0.996565 -0.0824787 0.00749847 -33.6729 0.0825436 0.996549 -0.00880683 -1.91844 -0.00674622 0.00939552 0.999933 0.995797
0.996693 -0.0809116 0.00755064 -34.4573 0.0809721 0.996684 -0.00808285 -1.98182 -0.0068716 0.0086675 0.999939 0.99709
0.996895 -0.0784618 0.00662795 -35.2229 0.0785136 0.996881 -0.0079495 -2.04338 -0.00598355 0.0084452 0.999946 1.00344
0.997066 -0.076313 0.00591846 -36.0313 0.0763705 0.997028 -0.0101799 -2.07902 -0.00512401 0.010602 0.999931 1.03635
0.997319 -0.0729881 0.00533508 -36.7696 0.073037 0.997283 -0.00963504 -2.13624 -0.00461734 0.00999886 0.999939 1.07433
0.997501 -0.0703914 0.00607343 -37.5644 0.0704504 0.997464 -0.0101067 -2.1889 -0.0053466 0.0105093 0.99993 1.11125
0.9977 -0.0673364 0.00775823 -38.3743 0.0674138 0.997673 -0.0101857 -2.23515 -0.00705431 0.0106853 0.999918 1.14694
0.997863 -0.064635 0.00953508 -39.1333 0.0647191 0.997865 -0.00879851 -2.28273 -0.00894603 0.00939681 0.999916 1.15512
0.998053 -0.0616691 0.00932807 -39.9892 0.0617554 0.998048 -0.00926997 -2.33 -0.00873819 0.00982798 0.999914 1.1884
0.998249 -0.0585337 0.00848858 -40.8186 0.0586077 0.998243 -0.0087413 -2.37187 -0.007962 0.0092235 0.999926 1.22022
0.99845 -0.0550927 0.00789638 -41.6378 0.0551593 0.998442 -0.00848307 -2.40545 -0.00741671 0.00890548 0.999933 1.24569
0.998597 -0.0522601 0.00851708 -42.4646 0.0523331 0.998593 -0.00858805 -2.43215 -0.00805628 0.00902173 0.999927 1.27369
0.998748 -0.0490626 0.00976387 -43.2884 0.0491443 0.998757 -0.00831249 -2.47498 -0.0093439 0.00878192 0.999918 1.32116
0.998852 -0.0464669 0.0116329 -44.1634 0.0465342 0.998901 -0.00557743 -2.5021 -0.011361 0.00611235 0.999917 1.34279
0.999023 -0.0425811 0.011808 -45.0232 0.0426341 0.999082 -0.00427767 -2.53848 -0.011615 0.00477691 0.999921 1.37043
0.999139 -0.0398522 0.0115473 -45.84 0.0398908 0.999199 -0.00313655 -2.56949 -0.0114131 0.00359448 0.999928 1.40465
0.999264 -0.0368622 0.0105869 -46.7371 0.036888 0.999317 -0.00225149 -2.59113 -0.0104967 0.00264037 0.999941 1.42842
0.999374 -0.0340043 0.00973569 -47.6066 0.0340244 0.999419 -0.00191188 -2.61262 -0.00966502 0.00224194 0.999951 1.45566
0.999485 -0.0306358 0.0095998 -48.4641 0.0306372 0.999531 -5.82076e-06 -2.63898 -0.00959511 0.000299929 0.999954 1.46357
0.999565 -0.0278393 0.00976774 -49.3769 0.0278458 0.999612 -0.000535828 -2.64836 -0.00974903 0.000807586 0.999952 1.50822
0.99964 -0.0245682 0.0107496 -50.2617 0.0245779 0.999698 -0.000767381 -2.67747 -0.0107275 0.00103131 0.999942 1.52098
0.999731 -0.020848 0.0102016 -51.144 0.0208546 0.999782 -0.00054053 -2.69763 -0.0101881 0.000753135 0.999948 1.56087
0.999791 -0.0179878 0.00976118 -52.0415 0.0179875 0.999838 0.000125512 -2.70343 -0.00976186 5.00933e-05 0.999952 1.59191
0.999839 -0.0148846 0.00998282 -52.9725 0.0148858 0.999889 -4.33948e-05 -2.71397 -0.00998107 0.00019199 0.99995 1.63098
0.999882 -0.0115778 0.0100861 -53.863 0.0115753 0.999933 0.000306027 -2.7145 -0.010089 -0.000189241 0.999949 1.66015
0.999907 -0.00998921 0.00929911 -54.8051 0.00997999 0.99995 0.0010371 -2.70524 -0.009309 -0.000944196 0.999956 1.70875
0.999917 -0.00933062 0.00891012 -55.7151 0.00931012 0.999954 0.00234024 -2.71357 -0.00893154 -0.0022571 0.999958 1.74368
0.999919 -0.00951392 0.00845466 -56.6711 0.0094912 0.999951 0.00272276 -2.7097 -0.00848015 -0.0026423 0.999961 1.76051
0.999921 -0.00904476 0.0087339 -57.5734 0.00902246 0.999956 0.00258989 -2.711 -0.00875694 -0.00251088 0.999959 1.80154
0.999914 -0.00970833 0.00881507 -58.5185 0.00968516 0.99995 0.00266741 -2.73932 -0.00884052 -0.00258181 0.999958 1.82502
0.99991 -0.0101656 0.00871749 -59.4515 0.0101532 0.999947 0.00146603 -2.75607 -0.00873193 -0.00137739 0.999961 1.85893
0.999901 -0.0107268 0.009091 -60.4082 0.0107266 0.999942 7.03577e-05 -2.75629 -0.00909123 2.71652e-05 0.999959 1.8742
0.999878 -0.0120796 0.00990351 -61.3923 0.0120987 0.999925 -0.00187011 -2.76189 -0.00988018 0.0019897 0.999949 1.91078
0.99987 -0.0120119 0.0107718 -62.3136 0.0120659 0.999915 -0.00496629 -2.79273 -0.0107112 0.00509561 0.99993 1.95346
0.999865 -0.0124776 0.0107071 -63.3052 0.0125386 0.999905 -0.00564864 -2.79472 -0.0106356 0.00578213 0.999927 1.99411
0.999847 -0.0135793 0.0110633 -64.2673 0.0136715 0.999872 -0.00829734 -2.80242 -0.0109492 0.00844731 0.999904 2.04555
0.999839 -0.0132989 0.0120514 -65.285 0.013392 0.999881 -0.00767647 -2.80449 -0.0119479 0.00783662 0.999898 2.05455
0.999839 -0.0134585 0.0118759 -66.2494 0.0135559 0.999875 -0.00815688 -2.81388 -0.0117646 0.00831655 0.999896 2.11068
0.999825 -0.0142503 0.0121011 -67.2527 0.014338 0.999871 -0.00718513 -2.8245 -0.0119971 0.00735737 0.999901 2.13741
0.999838 -0.0134799 0.0119018 -68.2629 0.0135619 0.999885 -0.00682947 -2.83053 -0.0118083 0.00698977 0.999906 2.18183
0.999844 -0.0135039 0.0114167 -69.2559 0.0135751 0.999889 -0.00618233 -2.84097 -0.011332 0.00633635 0.999916 2.20396
0.999855 -0.0122064 0.0118952 -70.2295 0.0122635 0.999914 -0.00474373 -2.86009 -0.0118363 0.00488892 0.999918 2.20887
0.999871 -0.0125235 0.010011 -71.2913 0.0125652 0.999913 -0.00411456 -2.85801 -0.00995855 0.00423982 0.999941 2.27653
0.999909 -0.0114811 0.00711481 -72.3021 0.0114975 0.999931 -0.00226799 -2.84359 -0.00708829 0.00234959 0.999972 2.31052
0.999899 -0.0114313 0.00849003 -73.3235 0.0114258 0.999934 0.000688257 -2.86138 -0.00849734 -0.000591182 0.999964 2.32974
0.999875 -0.0110742 0.0112476 -74.3422 0.0110822 0.999938 -0.000641751 -2.86351 -0.0112398 0.000766318 0.999937 2.40503
0.999845 -0.0100106 0.0144933 -75.4006 0.0100028 0.99995 0.000615116 -2.86996 -0.0144987 -0.000470048 0.999895 2.42044
0.999795 -0.0105188 0.0173171 -76.4356 0.0104923 0.999944 0.00162544 -2.88949 -0.0173332 -0.00144341 0.999849 2.46679
0.999777 -0.0106378 0.0182425 -77.4778 0.0106175 0.999943 0.00120692 -2.88424 -0.0182543 -0.00101296 0.999833 2.52425
0.999783 -0.0101309 0.0181946 -78.5135 0.0101262 0.999949 0.000349355 -2.89693 -0.0181973 -0.000165037 0.999834 2.58475
0.999789 -0.0102806 0.0177979 -79.5556 0.0102437 0.999945 0.0021647 -2.90456 -0.0178192 -0.00198193 0.999839 2.59019
0.999808 -0.0105893 0.0165062 -80.6408 0.0105557 0.999942 0.00212163 -2.89019 -0.0165277 -0.00194699 0.999862 2.62288
0.99983 -0.010213 0.0153547 -81.6976 0.0101677 0.999944 0.0030247 -2.90612 -0.0153847 -0.00286807 0.999878 2.65609
0.999826 -0.009962 0.0157637 -82.7671 0.00989724 0.999942 0.00418103 -2.91416 -0.0158044 -0.00402429 0.999867 2.72785
0.999815 -0.00926227 0.0168726 -83.8347 0.00918417 0.999947 0.00470091 -2.90687 -0.0169152 -0.00454508 0.999847 2.75832
0.99977 -0.00892157 0.0194986 -84.881 0.00887231 0.999957 0.0026116 -2.92914 -0.019521 -0.002438 0.999806 2.8018
0.999712 -0.00942862 0.0220618 -85.9849 0.00941063 0.999955 0.000919235 -2.91541 -0.0220695 -0.000711355 0.999756 2.85327
0.999712 -0.00986971 0.0218942 -87.0429 0.00985271 0.999951 0.000884129 -2.94522 -0.0219019 -0.000668157 0.99976 2.87692
0.999806 -0.00888762 0.0175936 -88.1633 0.00887795 0.99996 0.000627563 -2.95048 -0.0175985 -0.000471245 0.999845 2.94061
0.999895 -0.00849632 0.0117525 -89.2616 0.00848192 0.999963 0.00127509 -2.93841 -0.0117629 -0.00117527 0.99993 2.9853
0.999937 -0.00730659 0.00847187 -90.3353 0.00730275 0.999973 0.000483496 -2.94761 -0.00847518 -0.000421598 0.999964 3.0241
0.999931 -0.00628007 0.00996469 -91.4501 0.00625576 0.999977 0.0024689 -2.93727 -0.00997997 -0.00240639 0.999947 3.05158
0.999908 -0.00558957 0.0123358 -92.5441 0.00554716 0.999979 0.00347001 -2.94385 -0.0123549 -0.00340126 0.999918 3.09134
0.999914 -0.00344233 0.012632 -93.5753 0.00340878 0.999991 0.00267657 -2.96274 -0.0126411 -0.00263328 0.999917 3.1399
0.99994 -0.00251152 0.0106533 -94.6405 0.00248002 0.999993 0.00296925 -2.96611 -0.0106607 -0.00294266 0.999939 3.18813
0.999952 -0.00171147 0.00963672 -95.7257 0.00168455 0.999995 0.00280135 -2.94409 -0.00964147 -0.00278498 0.99995 3.20331
0.999951 -5.46452e-06 0.00985482 -96.8151 -1.42945e-05 0.999998 0.00200494 -2.93346 -0.00985481 -0.00200499 0.999949 3.26855
0.999925 0.00126703 0.012217 -97.8849 -0.00129024 0.999997 0.00189163 -2.93574 -0.0122145 -0.00190725 0.999924 3.29814
0.999902 0.0020075 0.0138362 -98.9528 -0.00202993 0.999997 0.00160665 -2.90939 -0.013833 -0.00163458 0.999903 3.33856
0.999886 0.00278913 0.0148347 -99.9725 -0.00282121 0.999994 0.0021421 -2.91315 -0.0148286 -0.00218371 0.999888 3.36772
0.999871 0.00405 0.0155168 -101.03 -0.0040649 0.999991 0.000928903 -2.89687 -0.0155129 -0.000991858 0.999879 3.40708
0.999864 0.00557203 0.0155326 -102.06 -0.00558698 0.999984 0.000919593 -2.92172 -0.0155272 -0.00100625 0.999879 3.45411
0.999859 0.00428617 0.0162242 -103.153 -0.00432926 0.999987 0.00262181 -2.90131 -0.0162127 -0.00269168 0.999865 3.48085
0.999867 0.00344563 0.0159274 -104.175 -0.00345099 0.999994 0.000308508 -2.90393 -0.0159262 -0.000363432 0.999873 3.55808
0.999874 0.00309771 0.015599 -105.202 -0.00309792 0.999995 -1.07985e-05 -2.8853 -0.0155989 -3.75271e-05 0.999878 3.59844
0.999881 0.00336059 0.0150471 -106.247 -0.00333999 0.999993 -0.00139396 -2.88282 -0.0150517 0.00134354 0.999886 3.66533
0.99989 0.00369018 0.0143746 -107.223 -0.00365974 0.999991 -0.00214323 -2.87922 -0.0143824 0.00209038 0.999894 3.69936
0.999912 0.00273112 0.0129979 -108.28 -0.0026977 0.999993 -0.00258805 -2.86934 -0.0130049 0.00255275 0.999912 3.75395
0.999926 0.00206049 0.0120262 -109.313 -0.00203968 0.999996 -0.00174262 -2.86834 -0.0120297 0.00171796 0.999926 3.8001
0.999918 -0.000162559 0.0127892 -110.325 0.000156659 1 0.000462363 -2.86846 -0.0127893 -0.000460321 0.999918 3.83127
0.999912 -0.0027172 0.0129555 -111.353 0.00267774 0.999992 0.00306186 -2.868 -0.0129637 -0.0030269 0.999911 3.86141
0.999891 -0.00631773 0.0133316 -112.364 0.00626359 0.999972 0.00409868 -2.88003 -0.0133571 -0.00401473 0.999903 3.92405
0.999844 -0.0111369 0.0136768 -113.393 0.0110876 0.999932 0.00367104 -2.87782 -0.0137167 -0.00351882 0.9999 3.96572
0.999773 -0.0155943 0.0145115 -114.383 0.0155481 0.999874 0.00329359 -2.89432 -0.0145611 -0.00306722 0.999889 3.99712
0.999685 -0.0203633 0.0146948 -115.386 0.0203423 0.999792 0.00158016 -2.90253 -0.0147239 -0.00128073 0.999891 4.0459
0.999585 -0.0246319 0.0149286 -116.378 0.0246086 0.999696 0.00174543 -2.92636 -0.014967 -0.00137733 0.999887 4.09147
0.999419 -0.0306044 0.0150072 -117.419 0.0305574 0.999527 0.00334898 -2.95244 -0.0151026 -0.00288845 0.999882 4.12047
0.999246 -0.035857 0.0149009 -118.429 0.0357868 0.999347 0.0049517 -3.00248 -0.0150688 -0.00441471 0.999877 4.15518
0.999067 -0.0407845 0.0141977 -119.416 0.0407565 0.999167 0.00225641 -3.02712 -0.0142779 -0.00167565 0.999897 4.24547
0.998839 -0.045534 0.0157266 -120.42 0.0455097 0.998962 0.00190008 -3.09027 -0.0157968 -0.00118216 0.999875 4.28787
0.998555 -0.0509474 0.017109 -121.428 0.0509021 0.998699 0.00307827 -3.13268 -0.0172436 -0.00220294 0.999849 4.32375
0.99827 -0.0558807 0.0182833 -122.423 0.0558541 0.998437 0.00196292 -3.18306 -0.0183644 -0.000938332 0.999831 4.35914
0.998004 -0.0604767 0.0181574 -123.438 0.0604471 0.998169 0.00217635 -3.25616 -0.0182557 -0.00107444 0.999833 4.39595
0.997769 -0.0647984 0.0160508 -124.435 0.0647843 0.997898 0.00139786 -3.30202 -0.0161076 -0.000354899 0.99987 4.43169
0.997562 -0.0680793 0.0153699 -125.426 0.0680718 0.99768 0.00100929 -3.37767 -0.0154029 3.94214e-05 0.999881 4.4666
0.99729 -0.0718464 0.0158041 -126.43 0.0718445 0.997416 0.000688805 -3.4544 -0.0158128 0.000448501 0.999875 4.52358
0.997029 -0.0752001 0.0166526 -127.448 0.0751875 0.997168 0.00138481 -3.51502 -0.0167096 -0.000128627 0.99986 4.56214
0.996786 -0.0781203 0.0177378 -128.462 0.078108 0.996944 0.00138664 -3.61642 -0.0177919 3.28443e-06 0.999842 4.59817
0.996612 -0.0802854 0.0178593 -129.47 0.080334 0.996766 -0.00202172 -3.67403 -0.0176392 0.00344957 0.999838 4.64237
0.996519 -0.0815567 0.0172835 -130.486 0.0816513 0.996649 -0.00483952 -3.74127 -0.0168309 0.0062339 0.999839 4.68608
0.996545 -0.0813768 0.0165854 -131.483 0.0815289 0.996633 -0.00870901 -3.83189 -0.0158209 0.0100311 0.999825 4.73835
0.996419 -0.0829487 0.016402 -132.506 0.0831111 0.996495 -0.00947996 -3.88904 -0.0155582 0.0108092 0.999821 4.77397
0.996476 -0.0822727 0.016346 -133.474 0.0824132 0.996565 -0.00811693 -3.98858 -0.0156221 0.00943546 0.999833 4.81869
0.996376 -0.0834533 0.0164696 -134.512 0.0835783 0.996476 -0.0070547 -4.06643 -0.0158228 0.00840563 0.999839 4.8883
0.996374 -0.0833756 0.0169722 -135.543 0.083493 0.996488 -0.00632844 -4.14436 -0.0163849 0.00772255 0.999836 4.93427
0.996314 -0.0840246 0.0172676 -136.546 0.0841545 0.996429 -0.00693693 -4.22737 -0.0166231 0.00836451 0.999827 4.99359
0.996264 -0.0846891 0.0168817 -137.561 0.084841 0.996358 -0.00849187 -4.30303 -0.0161011 0.00989241 0.999821 5.03368
0.996387 -0.0834829 0.0156054 -138.563 0.0836563 0.996436 -0.0108063 -4.3901 -0.0146476 0.0120727 0.99982 5.06721
0.996583 -0.0812202 0.0150398 -139.556 0.0814139 0.996599 -0.0127448 -4.45963 -0.0139535 0.0139257 0.999806 5.08953
0.996781 -0.0785581 0.0160106 -140.533 0.0787675 0.99681 -0.0128945 -4.55653 -0.0149466 0.0141141 0.999789 5.12944
0.996992 -0.0756429 0.0169056 -141.544 0.0758719 0.997028 -0.0133404 -4.62525 -0.0158462 0.014583 0.999768 5.17508
0.997172 -0.0730645 0.0176116 -142.541 0.0732666 0.99725 -0.0111161 -4.70018 -0.0167509 0.012375 0.999783 5.21172
0.997322 -0.0708094 0.0183041 -143.547 0.0710169 0.997415 -0.0109449 -4.76078 -0.0174818 0.0122155 0.999773 5.27624
0.997565 -0.0674598 0.0177039 -144.534 0.0676843 0.99763 -0.0123989 -4.83701 -0.0168256 0.013567 0.999766 5.33289
0.997686 -0.0655312 0.0181436 -145.566 0.0657777 0.997745 -0.0133402 -4.89187 -0.0172284 0.0145028 0.999746 5.38406
0.997825 -0.063123 0.0189931 -146.538 0.0633974 0.997887 -0.014209 -4.94087 -0.018056 0.0153822 0.999719 5.41629
0.998031 -0.059938 0.0184548 -147.556 0.0602317 0.99806 -0.0157878 -4.98751 -0.0174727 0.0168682 0.999705 5.4565
0.99814 -0.0579671 0.0188561 -148.543 0.0582877 0.998156 -0.0169176 -5.0608 -0.0178407 0.0179852 0.999679 5.50344
0.99833 -0.0550125 0.0176049 -149.515 0.0552974 0.99834 -0.0161252 -5.10886 -0.0166886 0.0170718 0.999715 5.54714
0.998484 -0.0523384 0.0170434 -150.5 0.0526057 0.998493 -0.0156332 -5.19894 -0.0161995 0.0165061 0.999733 5.58383
0.99862 -0.0498289 0.0166148 -151.468 0.050092 0.998619 -0.0158168 -5.21024 -0.0158037 0.0166272 0.999737 5.62789
0.998711 -0.0476505 0.0174724 -152.478 0.0479221 0.998731 -0.0154733 -5.25081 -0.0167129 0.0162907 0.999728 5.65895
0.998803 -0.0458253 0.0171208 -153.431 0.0460919 0.998817 -0.0155157 -5.27822 -0.0163895 0.0162863 0.999733 5.70342
0.998879 -0.0441112 0.0171878 -154.423 0.0443507 0.998921 -0.0138119 -5.33061 -0.01656 0.0145587 0.999757 5.74472
0.998909 -0.0435214 0.0169451 -155.395 0.0437595 0.998945 -0.0139411 -5.33508 -0.0163205 0.0146674 0.999759 5.80954
0.998945 -0.042553 0.0172483 -156.371 0.0427886 0.998993 -0.0135244 -5.34866 -0.0166554 0.0142482 0.99976 5.84133
0.999007 -0.0410811 0.0172577 -157.352 0.0413117 0.999059 -0.0132293 -5.38411 -0.016698 0.0139291 0.999764 5.88572
0.999086 -0.0390429 0.0173964 -158.301 0.039262 0.999152 -0.0124377 -5.43351 -0.016896 0.0131094 0.999771 5.93253
0.99915 -0.0371737 0.0177996 -159.246 0.0373889 0.99923 -0.0119142 -5.44084 -0.017343 0.0125696 0.999771 5.97661
0.999234 -0.0349467 0.0176348 -160.232 0.0351176 0.999338 -0.00947678 -5.49389 -0.0172919 0.0100888 0.9998 6.03388
0.999265 -0.033688 0.018294 -161.187 0.0338544 0.999387 -0.00886152 -5.50288 -0.0179842 0.00947434 0.999793 6.07106
0.999306 -0.032241 0.0186525 -162.103 0.0323941 0.999443 -0.0079656 -5.53647 -0.0183853 0.0085643 0.999794 6.12699
0.999363 -0.0302328 0.0189476 -163.072 0.0304005 0.999501 -0.00862319 -5.57277 -0.0186774 0.00919371 0.999783 6.18675
0.999378 -0.0293657 0.0195255 -164.02 0.0295381 0.999527 -0.00859758 -5.58869 -0.0192638 0.00916898 0.999772 6.21622
0.999446 -0.027131 0.0193016 -164.948 0.0272984 0.999591 -0.0084658 -5.6165 -0.0190641 0.00898801 0.999778 6.26187
0.999497 -0.0252305 0.0191941 -165.874 0.0254242 0.999628 -0.00991441 -5.6406 -0.0189368 0.0103974 0.999767 6.32745
0.999523 -0.0234434 0.0201023 -166.794 0.0236509 0.999669 -0.0101477 -5.66577 -0.0198578 0.0106183 0.999746 6.34927
0.999542 -0.0222508 0.0205115 -167.742 0.022463 0.999696 -0.0101731 -5.68271 -0.0202789 0.0106292 0.999738 6.38894
0.999578 -0.0200439 0.0210385 -168.666 0.0202649 0.999741 -0.0103425 -5.7052 -0.0208258 0.0107645 0.999725 6.43406
0.999637 -0.0176528 0.0203463 -169.595 0.0179104 0.999761 -0.0125504 -5.71473 -0.0201199 0.0129103 0.999714 6.48997
0.99965 -0.016342 0.020823 -170.541 0.016622 0.999773 -0.0133482 -5.70515 -0.0206002 0.0136897 0.999694 6.52544
0.999689 -0.0138894 0.0207126 -171.406 0.0141567 0.999818 -0.0128111 -5.7292 -0.0205309 0.0131004 0.999703 6.572
0.999704 -0.0128974 0.0206065 -172.367 0.0131665 0.999829 -0.0129796 -5.73177 -0.0204356 0.0132471 0.999703 6.60304
0.999704 -0.012419 0.0209307 -173.281 0.0127361 0.999805 -0.0150859 -5.72932 -0.0207393 0.015348 0.999667 6.65038
0.999712 -0.011666 0.0209711 -174.182 0.0119851 0.999813 -0.0151562 -5.75049 -0.0207904 0.0154032 0.999665 6.68349
0.999714 -0.0110645 0.021205 -175.094 0.0114096 0.999803 -0.0162263 -5.73275 -0.0210213 0.0164636 0.999643 6.72194
0.999734 -0.0095543 0.0209706 -175.971 0.009913 0.999805 -0.0170682 -5.75784 -0.0208034 0.0172716 0.999634 6.7681
0.999751 -0.00864419 0.0205484 -176.891 0.00897293 0.999832 -0.0159604 -5.75998 -0.020407 0.0161408 0.999661 6.82201
0.99975 -0.00855038 0.0206684 -177.799 0.0088913 0.999825 -0.0164595 -5.75773 -0.020524 0.0166391 0.999651 6.87137
0.999737 -0.00868368 0.0212484 -178.719 0.00902009 0.999835 -0.015788 -5.75029 -0.0211078 0.0159755 0.99965 6.90635
0.999752 -0.00856097 0.0205814 -179.661 0.00891918 0.999809 -0.0173765 -5.74316 -0.0204287 0.0175557 0.999637 6.96377
0.999777 -0.00779138 0.0196262 -180.505 0.0081198 0.999827 -0.0167101 -5.77988 -0.0194926 0.0168657 0.999668 6.9948
0.99985 -0.00599656 0.0162764 -181.409 0.00625194 0.999857 -0.0156849 -5.78027 -0.01618 0.0157843 0.999744 7.0387
0.999891 -0.00595196 0.0134887 -182.293 0.00615182 0.999871 -0.0148241 -5.78479 -0.0133987 0.0149055 0.999799 7.09018
0.999882 -0.00562474 0.0142793 -183.19 0.005834 0.999876 -0.0146558 -5.79633 -0.0141951 0.0147374 0.999791 7.12565
0.999859 -0.0047335 0.0160885 -184.07 0.00496663 0.999883 -0.0144814 -5.81031 -0.0160181 0.0145592 0.999766 7.1779
0.999797 -0.00446902 0.0196256 -184.924 0.0047439 0.999891 -0.0139822 -5.8095 -0.019561 0.0140724 0.99971 7.22544
0.999746 -0.00397409 0.0221829 -185.793 0.00430174 0.999882 -0.014742 -5.80581 -0.0221217 0.0148336 0.999645 7.23168
0.999741 -0.00375668 0.0224655 -186.677 0.00408023 0.999888 -0.0143737 -5.80433 -0.022409 0.0144616 0.999644 7.27684
0.999774 -0.00424368 0.0208375 -187.566 0.00455236 0.99988 -0.0147887 -5.79123 -0.0207723 0.0148802 0.999673 7.31063
0.999796 -0.00433635 0.0197335 -188.422 0.00467974 0.999838 -0.0173884 -5.7866 -0.0196549 0.0174772 0.999654 7.37012
0.999808 -0.00429159 0.0191097 -189.281 0.00466183 0.999801 -0.0193723 -5.81287 -0.0190227 0.0194577 0.99963 7.43146
0.999795 -0.00476074 0.0196813 -190.137 0.00516618 0.999774 -0.020601 -5.77838 -0.0195788 0.0206985 0.999594 7.49183
0.999767 -0.00558442 0.020832 -190.992 0.00601051 0.999773 -0.0204473 -5.80768 -0.0207131 0.0205678 0.999574 7.52298
0.999759 -0.00588797 0.0211593 -191.846 0.00629787 0.999793 -0.0193579 -5.82128 -0.0210409 0.0194865 0.999589 7.55361
0.999771 -0.00592636 0.0205823 -192.681 0.00633999 0.999778 -0.0200898 -5.80973 -0.0204587 0.0202157 0.999586 7.57569
0.999789 -0.00649404 0.0194793 -193.521 0.00690008 0.999759 -0.0208506 -5.81586 -0.0193392 0.0209806 0.999593 7.59887
0.999846 -0.00600453 0.0164831 -194.353 0.00630698 0.999812 -0.0183594 -5.82548 -0.0163698 0.0184605 0.999696 7.63353
0.999873 -0.00671484 0.0144389 -195.172 0.00701031 0.999765 -0.0205109 -5.80141 -0.0142977 0.0206095 0.999685 7.6991
0.999865 -0.007434 0.014663 -196.023 0.00773227 0.999762 -0.0203913 -5.82396 -0.0145079 0.0205019 0.999685 7.71481
0.999872 -0.00764293 0.0140527 -196.831 0.00791484 0.999781 -0.0193967 -5.84911 -0.0139014 0.0195055 0.999713 7.77807
0.999863 -0.00702299 0.0149841 -197.663 0.00731633 0.999781 -0.0196125 -5.87057 -0.0148431 0.0197194 0.999695 7.81999
0.99986 -0.00746815 0.0149646 -198.487 0.00776309 0.999775 -0.0197489 -5.8354 -0.0148138 0.0198623 0.999693 7.86
0.999863 -0.00777169 0.0146205 -199.315 0.00803021 0.999811 -0.0177071 -5.8388 -0.0144801 0.0178221 0.999736 7.89818
0.99987 -0.00758263 0.0142211 -200.123 0.00784593 0.999797 -0.0185513 -5.85435 -0.0140775 0.0186605 0.999727 7.93105
0.999862 -0.00717615 0.0150122 -200.932 0.00746364 0.999788 -0.0191829 -5.87629 -0.0148713 0.0192923 0.999703 7.9564
0.999846 -0.00791619 0.0156759 -201.738 0.00821306 0.999786 -0.0189653 -5.86202 -0.0155224 0.0190911 0.999697 7.99155
0.99985 -0.00742332 0.0156436 -202.525 0.0076993 0.999814 -0.0176556 -5.88486 -0.0155097 0.0177733 0.999722 8.02924
0.999852 -0.0068256 0.0157967 -203.287 0.0071049 0.999818 -0.0176931 -5.88003 -0.0156731 0.0178028 0.999719 8.05165
0.999868 -0.00660059 0.0148409 -204.131 0.00684111 0.999845 -0.0162141 -5.89127 -0.0147316 0.0163135 0.999758 8.10294
0.999848 -0.00701569 0.0159392 -204.943 0.00731032 0.999802 -0.0185022 -5.87849 -0.0158062 0.0186159 0.999702 8.14397
0.999835 -0.00725459 0.0166726 -205.718 0.00755625 0.999808 -0.0181024 -5.87847 -0.0165381 0.0182254 0.999697 8.1701
0.999851 -0.00777204 0.0154281 -206.513 0.00805774 0.999796 -0.0185433 -5.88051 -0.0152808 0.0186648 0.999709 8.23077
0.999845 -0.0074725 0.0159562 -207.277 0.00777313 0.999792 -0.0188629 -5.89758 -0.0158119 0.0189841 0.999695 8.24464
0.999853 -0.00816681 0.0150944 -208.052 0.00844137 0.999798 -0.0182163 -5.90003 -0.0149426 0.018341 0.99972 8.28631
0.999847 -0.0084257 0.0153331 -208.806 0.00870513 0.999796 -0.0182494 -5.89302 -0.0151762 0.01838 0.999716 8.30595
0.999855 -0.00803929 0.0150409 -209.559 0.00833092 0.999777 -0.0194282 -5.92684 -0.0148813 0.0195507 0.999698 8.35919
0.999835 -0.00881733 0.0158904 -210.334 0.00911039 0.999788 -0.0184656 -5.92904 -0.0157242 0.0186073 0.999703 8.37728
0.999821 -0.00881116 0.0167565 -211.067 0.00914392 0.99976 -0.0198867 -5.9335 -0.0165773 0.0200364 0.999662 8.41672
0.999816 -0.00927831 0.0167982 -211.805 0.0096077 0.999761 -0.0196357 -5.91862 -0.016612 0.0197935 0.999666 8.43073
0.999809 -0.00949532 0.0170713 -212.578 0.00983899 0.999748 -0.0201614 -5.93044 -0.0168755 0.0203255 0.999651 8.47644
0.999817 -0.00888216 0.0169192 -213.287 0.00924726 0.999723 -0.0216242 -5.93822 -0.0167224 0.0217767 0.999623 8.52355
0.999829 -0.00870332 0.0163018 -214.018 0.00906828 0.999707 -0.0224498 -5.94175 -0.0161016 0.0225938 0.999615 8.54962
0.999829 -0.00824574 0.0165479 -214.759 0.00862658 0.999696 -0.0230766 -5.94333 -0.0163526 0.0232154 0.999597 8.57469
0.999834 -0.00778277 0.0164682 -215.451 0.00815776 0.999706 -0.0228274 -5.94627 -0.0162857 0.0229579 0.999604 8.59417
0.999853 -0.00705757 0.015632 -216.149 0.00741746 0.999706 -0.0230857 -5.93702 -0.0154645 0.0231982 0.999611 8.6187
0.999861 -0.00602911 0.0155744 -216.883 0.00642304 0.999658 -0.0253688 -5.93769 -0.0154161 0.0254652 0.999557 8.66008
0.999862 -0.00538734 0.0156925 -217.53 0.00577382 0.999679 -0.0246884 -5.96255 -0.0155545 0.0247756 0.999572 8.68938
0.999864 -0.00508474 0.015687 -218.239 0.00546498 0.99969 -0.0242921 -5.96128 -0.0155586 0.0243746 0.999582 8.71849
0.999886 -0.00400967 0.0145581 -218.92 0.0043446 0.999725 -0.0230486 -5.95888 -0.0144617 0.0231092 0.999628 8.74959
0.999899 -0.00342414 0.0138057 -219.583 0.0037323 0.999743 -0.0223573 -5.95956 -0.0137256 0.0224066 0.999655 8.76817
0.99991 -0.00249322 0.0131985 -220.241 0.00279423 0.999735 -0.0228369 -5.98954 -0.0131381 0.0228717 0.999652 8.79989
0.999927 -0.00248305 0.0118436 -220.903 0.00273727 0.999765 -0.021497 -5.97168 -0.0117874 0.0215279 0.999699 8.84029
