1 0 0 0 0 1 0 0 -0 0 1 0
0.999999 -0.00126533 0.000326405 -0.00316392 0.0012654 0.999999 -0.000228506 -0.00646604 -0.000326115 0.000228919 1 0.0123195
0.999999 -0.00116747 0.00041947 -0.0110794 0.00116749 0.999999 -3.40562e-05 -0.00846331 -0.00041943 3.45459e-05 1 0.00834458
0.999999 -0.00121284 0.000470462 -0.012595 0.00121292 0.999999 -0.000172232 -0.00317926 -0.000470252 0.000172802 1 0.00853699
0.999999 -0.00123853 0.000229509 -0.0184179 0.00123858 0.999999 -0.00025602 -0.00616426 -0.000229192 0.000256304 1 0.0127419
0.999999 -0.00150634 0.000203905 -0.014216 0.00150639 0.999999 -0.000246169 -0.00384816 -0.000203534 0.000246476 1 0.0148253
0.999999 -0.00116572 0.00031713 -0.0100053 0.00116573 0.999999 -3.45705e-05 -0.00152192 -0.000317089 3.49401e-05 1 0.0168977
0.999999 -0.00134829 0.000249384 -0.00288348 0.00134832 0.999999 -0.000123469 -0.00861716 -0.000249218 0.000123806 1 0.0149206
0.999999 -0.00125181 0.000413174 -0.018771 0.00125186 0.999999 -0.000114018 -0.00148898 -0.000413031 0.000114535 1 0.0147955
0.999999 -0.00113075 0.0003445 -0.00816894 0.0011308 0.999999 -0.0001402 -0.00191248 -0.000344341 0.00014059 1 0.0188161
0.999999 -0.0013835 0.00047305 -0.00553413 0.00138354 0.999999 -8.30376e-05 -0.00677961 -0.000472935 8.3692e-05 1 0.0041566
0.999999 -0.00141601 0.000322171 -0.00936447 0.0014161 0.999999 -0.000272694 -0.0121676 -0.000321785 0.00027315 1 0.00825645
0.999999 -0.0011764 0.000257292 -0.0063167 0.00117644 0.999999 -0.000178242 -0.00623952 -0.000257082 0.000178544 1 0.0103609
0.999999 -0.0011457 0.000161157 -0.0103634 0.00114575 0.999999 -0.000304617 -0.00271005 -0.000160808 0.000304802 1 0.0111077
0.999999 -0.00130219 0.000105216 0.00215932 0.0013022 0.999999 -0.000108816 -0.00385333 -0.000105074 0.000108953 1 0.0148693
0.999999 -0.00116525 0.000294266 -0.00146801 0.00116529 0.999999 -0.000161711 0.000640429 -0.000294078 0.000162053 1 0.00977674
0.999999 -0.00127735 0.000559464 -0.00587184 0.00127737 0.999999 -4.48547e-05 -0.00493424 -0.000559406 4.55693e-05 1 0.00669451
0.999999 -0.00126745 0.000420893 -0.00816836 0.00126748 0.999999 -6.03379e-05 -0.0119779 -0.000420816 6.08713e-05 1 0.0100264
0.999999 -0.00124926 0.000411173 0.00236215 0.00124927 0.999999 -2.97947e-05 -0.00640125 -0.000411135 3.03084e-05 1 0.0149908
0.999999 -0.00125916 0.000248984 -0.0117573 0.00125923 0.999999 -0.000301104 -0.00439838 -0.000248604 0.000301418 1 0.0130738
0.999999 -0.00131648 0.000220854 -0.0055763 0.00131652 0.999999 -0.000181352 -0.00780515 -0.000220615 0.000181643 1 0.0138924
0.999999 -0.00104766 0.000359768 0.000715706 0.00104773 0.999999 -0.000206448 -0.00399977 -0.000359552 0.000206824 1 0.0118989
0.999999 -0.00141336 0.000368345 -0.00550511 0.00141343 0.999999 -0.000191674 -0.00667572 -0.000368074 0.000192195 1 0.00990035
0.999999 -0.00131546 0.000556382 -0.00922818 0.00131555 0.999999 -0.000151081 -0.00205809 -0.000556183 0.000151813 1 0.00837862
0.999999 -0.00139979 0.000631905 -0.0220951 0.00139986 0.999999 -0.000108053 -0.00658308 -0.000631753 0.000108938 1 0.01267
0.999999 -0.00110928 0.000191608 -0.00511643 0.00110932 0.999999 -0.000207795 -0.00353835 -0.000191378 0.000208007 1 0.0135048
0.999999 -0.00139519 0.000488803 -0.00958655 0.00139525 0.999999 -0.000113694 -0.00771219 -0.000488644 0.000114376 1 0.0134719
0.999999 -0.00134905 0.000397363 -0.00777919 0.00134915 0.999999 -0.000252937 -0.00701244 -0.000397022 0.000253473 1 0.0141774
0.999999 -0.00127627 0.000433477 -0.00395464 0.00127633 0.999999 -0.000142642 -0.00959472 -0.000433295 0.000143195 1 0.0197264
0.999999 -0.00118347 0.000405037 -0.0191247 0.00118353 0.999999 -0.000146497 -0.00113528 -0.000404863 0.000146977 1 0.0139794
0.999999 -0.00139194 0.00049249 -0.0109224 0.00139198 0.999999 -8.53474e-05 -0.0073883 -0.000492371 8.60329e-05 1 0.0146735
0.999999 -0.00121125 0.000593739 -0.00731798 0.00121133 0.999999 -0.000128029 -0.00940306 -0.000593584 0.000128748 1 0.0146227
0.999999 -0.00120347 0.000384304 -0.0188024 0.00120355 0.999999 -0.000193561 -0.00387165 -0.00038407 0.000194023 1 0.0197472
0.999999 -0.0013954 0.000633908 -0.00415248 0.00139533 0.999999 0.000111324 -0.00683606 -0.000634063 -0.00011044 1 0.0102829
0.999999 -0.00137775 0.000357979 -0.00692885 0.00137778 0.999999 -8.20581e-05 -0.00657652 -0.000357865 8.25513e-05 1 0.0151677
0.999999 -0.00145382 0.000248299 -0.00560231 0.00145385 0.999999 -0.000116638 -0.00149251 -0.000248129 0.000116999 1 0.0147633
0.999999 -0.00124917 0.000142134 -0.00961153 0.00124919 0.999999 -0.000153333 -0.00188183 -0.000141942 0.000153511 1 0.0157526
0.999999 -0.00116106 0.000171619 -0.000332475 0.00116108 0.999999 -0.000123487 0.00469144 -0.000171476 0.000123686 1 0.015653
0.999999 -0.00111906 0.000335095 -0.0196382 0.00111914 0.999999 -0.000256872 -0.000580202 -0.000334808 0.000257246 1 0.0115098
0.999999 -0.00134687 0.000327979 -0.00651816 0.00134692 0.999999 -0.000151292 -0.00978428 -0.000327775 0.000151734 1 0.0116932
0.999999 -0.00125429 0.000142812 -0.00858115 0.00125433 0.999999 -0.000288677 -0.00878005 -0.00014245 0.000288856 1 0.0161108
0.999999 -0.00126796 0.000431004 -0.0179537 0.00126802 0.999999 -0.000130954 -0.00495026 -0.000430838 0.0001315 1 0.0133628
0.999999 -0.00117654 0.000352501 -0.00993324 0.00117659 0.999999 -0.000140291 -0.00445204 -0.000352335 0.000140706 1 0.011611
0.999999 -0.0010725 0.000221704 -0.0123533 0.00107253 0.999999 -0.00013351 -0.00883842 -0.000221561 0.000133748 1 0.0157145
0.999999 -0.00134821 0.000480298 -0.00949275 0.00134826 0.999999 -0.000107807 -0.00306704 -0.000480152 0.000108454 1 0.0104425
0.999999 -0.00123125 0.000299871 -0.0117154 0.00123128 0.999999 -9.84399e-05 -0.00619212 -0.000299749 9.88091e-05 1 0.0116461
0.999999 -0.00113549 0.000228503 -0.00425711 0.00113555 0.999999 -0.000272646 -0.00426965 -0.000228193 0.000272905 1 0.0174953
0.999999 -0.00113824 0.000408141 -0.00111407 0.0011383 0.999999 -0.000146839 -0.00446875 -0.000407973 0.000147303 1 0.0140529
0.999999 -0.0013509 0.000101203 -0.0116184 0.00135092 0.999999 -0.000231457 -0.00591313 -0.000100891 0.000231593 1 0.0209905
0.999999 -0.00128135 0.000312258 0.00156878 0.00128139 0.999999 -0.000132549 -0.00934135 -0.000312088 0.000132949 1 0.0156703
0.999999 -0.00131291 0.00031556 0.000269833 0.00131295 0.999999 -0.000140266 -0.000844388 -0.000315375 0.00014068 1 0.016736
0.999999 -0.00132568 0.000278742 -0.0120945 0.00132571 0.999999 -0.000103901 -0.00735184 -0.000278604 0.00010427 1 0.0169646
0.999999 -0.00120882 0.00035258 -0.0170385 0.00120883 0.999999 -3.89178e-05 -0.0036463 -0.000352533 3.9344e-05 1 0.0141719
0.999999 -0.00104591 0.000458939 -0.0177796 0.00104597 0.999999 -0.000140678 -0.00975941 -0.000458791 0.000141158 1 0.0115795
0.999999 -0.00125444 0.000494384 -0.00607742 0.00125445 0.999999 -2.86829e-05 -0.00288894 -0.000494348 2.9303e-05 1 0.0115462
0.999999 -0.00133244 0.000529194 0.0311155 0.00133241 0.999999 4.56599e-05 -0.00626453 -0.000529255 -4.49547e-05 1 0.0192435
0.999999 -0.00148211 0.000868736 0.0463715 0.00148227 0.999999 -0.000180861 -0.00593068 -0.000868467 0.000182148 1 0.0206519
0.999998 -0.00142651 0.00149285 0.0146611 0.00142669 0.999999 -0.000115914 -0.00837799 -0.00149268 0.000118044 0.999999 0.0227642
0.999997 -0.0016332 0.00185205 -5.29946e-05 0.00163364 0.999999 -0.000232172 -0.0122564 -0.00185167 0.000235197 0.999998 0.030468
0.999998 -0.00129861 0.00145978 -0.0120329 0.00129876 0.999999 -0.000102943 -0.0132101 -0.00145965 0.000104839 0.999999 0.0247417
0.999997 -0.00161517 0.00157026 -0.0234421 0.00161525 0.999999 -4.56972e-05 -0.00693698 -0.00157018 4.82335e-05 0.999999 0.0209165
0.999998 -0.00163083 0.00143171 -0.0576575 0.0016312 0.999999 -0.000256491 -0.00676287 -0.00143129 0.000258826 0.999999 0.0324066
0.999993 -0.00214967 0.00321095 -0.099185 0.00214896 0.999998 0.000225083 -0.0170488 -0.00321143 -0.000218181 0.999995 0.0308549
0.99999 -0.00242427 0.00386469 -0.160525 0.00242464 0.999997 -9.16064e-05 -0.0138296 -0.00386445 0.000100976 0.999993 0.0316799
0.999984 -0.00248635 0.00507801 -0.213612 0.00248702 0.999997 -0.000124246 -0.0102287 -0.00507768 0.000136873 0.999987 0.0277171
0.999982 -0.0019324 0.00560443 -0.301935 0.00193426 0.999998 -0.000326544 -0.0156403 -0.00560379 0.000337379 0.999984 0.0151673
0.999977 -0.00285344 0.00618357 -0.364737 0.00285263 0.999996 0.000140878 -0.0184694 -0.00618395 -0.000123235 0.999981 0.0220576
0.999979 -0.00317874 0.00558725 -0.427357 0.00317648 0.999995 0.000412118 -0.0140517 -0.00558853 -0.000394361 0.999984 0.036072
0.999977 -0.00393851 0.00556874 -0.504183 0.00393189 0.999992 0.0011993 -0.020326 -0.00557342 -0.00117738 0.999984 0.0451121
0.999971 -0.005083 0.00566557 -0.624444 0.00507395 0.999986 0.00161015 -0.0207491 -0.00567367 -0.00158135 0.999983 0.0466826
0.999964 -0.00587458 0.00611757 -0.738289 0.00586578 0.999982 0.00145618 -0.0150152 -0.00612602 -0.00142024 0.99998 0.0385617
0.999955 -0.00720961 0.0060956 -0.82441 0.00720292 0.999973 0.00111833 -0.0183123 -0.0061035 -0.00107437 0.999981 0.0547325
0.999924 -0.00969984 0.00759254 -0.95288 0.00969512 0.999953 0.000658792 -0.0146087 -0.00759857 -0.000585132 0.999971 0.0444337
0.999895 -0.0115546 0.00869511 -1.05718 0.0115514 0.999933 0.000425341 -0.00887217 -0.00869944 -0.000324856 0.999962 0.0263194
0.999864 -0.0139085 0.00884719 -1.21873 0.0138962 0.999902 0.00144861 -0.0321307 -0.00886648 -0.00132547 0.99996 0.0390036
0.999829 -0.0161637 0.00901677 -1.40739 0.0161463 0.999868 0.00200358 -0.0303049 -0.00904796 -0.00185765 0.999957 0.0550403
0.999774 -0.01924 0.00904029 -1.57523 0.0192112 0.99981 0.00325632 -0.0539945 -0.00910123 -0.00308191 0.999954 0.0756645
0.999727 -0.0215884 0.00892418 -1.77333 0.0215649 0.999764 0.00272544 -0.0578478 -0.00898091 -0.00253224 0.999956 0.0828418
0.999658 -0.0246637 0.0086552 -1.9863 0.0246512 0.999695 0.0015423 -0.0617945 -0.0086906 -0.00132841 0.999961 0.0806289
0.999559 -0.0281832 0.00938764 -2.22877 0.0281738 0.999602 0.00112457 -0.0813055 -0.0094156 -0.000859589 0.999955 0.0631355
0.999445 -0.03198 0.00930481 -2.43612 0.0319676 0.999488 0.00148152 -0.0821471 -0.00934742 -0.00118324 0.999956 0.0737647
0.999338 -0.035252 0.00895144 -2.6672 0.0352355 0.999377 0.00199658 -0.0953465 -0.00901625 -0.00167986 0.999958 0.0897343
0.999193 -0.0391041 0.00922831 -2.91496 0.0390865 0.999234 0.00207683 -0.114473 -0.00930245 -0.00171445 0.999955 0.102736
0.999023 -0.0432751 0.00894642 -3.18495 0.0432569 0.999062 0.00222324 -0.134968 -0.00903424 -0.00183408 0.999958 0.124808
0.998823 -0.0476237 0.00919837 -3.4447 0.0476094 0.998864 0.00176224 -0.150652 -0.00927185 -0.00132223 0.999956 0.118747
0.99859 -0.0522958 0.00914634 -3.72445 0.0522801 0.998631 0.00194596 -0.180313 -0.00923558 -0.00146504 0.999956 0.130521
0.998324 -0.0571444 0.00911731 -4.0313 0.0571233 0.998364 0.00255639 -0.193598 -0.00924847 -0.00203129 0.999955 0.137204
0.998047 -0.0618685 0.00859199 -4.34804 0.0618442 0.998081 0.00306959 -0.209702 -0.00876541 -0.00253223 0.999958 0.152579
0.997699 -0.0672589 0.0084847 -4.65837 0.0672342 0.997732 0.00317163 -0.233951 -0.00867877 -0.00259388 0.999959 0.176062
0.997368 -0.0719683 0.00878675 -5.00733 0.0719435 0.997404 0.00311093 -0.274616 -0.00898783 -0.00247059 0.999957 0.185912
0.99694 -0.0776291 0.00921557 -5.34508 0.0776107 0.996981 0.0023366 -0.315255 -0.00936913 -0.00161422 0.999955 0.184973
0.996579 -0.0822166 0.00836303 -5.71612 0.0822093 0.996614 0.00120475 -0.362298 -0.00843377 -0.000513106 0.999964 0.183464
0.996192 -0.0870318 0.00525773 -6.09482 0.0870468 0.996201 -0.00269605 -0.391951 -0.00500311 0.00314345 0.999983 0.216317
0.995796 -0.0913975 0.00607584 -6.4485 0.0914266 0.995801 -0.00469461 -0.440296 -0.00562125 0.00523037 0.999971 0.21143
0.995369 -0.0959739 0.00542276 -6.84073 0.0960084 0.995359 -0.0064973 -0.479067 -0.00477403 0.00698784 0.999964 0.246357
0.994921 -0.100353 0.00778567 -7.25155 0.100401 0.994929 -0.00606647 -0.522612 -0.0071374 0.00681735 0.999951 0.250148
0.994415 -0.105126 0.00936982 -7.65868 0.105175 0.994441 -0.00492564 -0.558362 -0.00879992 0.0058836 0.999944 0.242082
0.993912 -0.10978 0.00934435 -8.1163 0.109826 0.993941 -0.00448121 -0.600616 -0.00879578 0.00548018 0.999946 0.291855
0.993526 -0.113087 0.0107938 -8.5249 0.113139 0.99357 -0.00434331 -0.664844 -0.0102333 0.0055364 0.999932 0.302218
0.993029 -0.117265 0.0119381 -8.92049 0.117338 0.993076 -0.00557282 -0.719831 -0.0112019 0.00693476 0.999913 0.324226
0.992522 -0.121286 0.0137752 -9.42011 0.121377 0.992589 -0.00594568 -0.811508 -0.012952 0.00757322 0.999887 0.339574
0.991927 -0.126049 0.0138714 -9.87673 0.126156 0.991985 -0.00714137 -0.859901 -0.0128601 0.00883368 0.999878 0.345675
0.991308 -0.130867 0.0134841 -10.3373 0.130971 0.991361 -0.00710327 -0.93236 -0.012438 0.00880755 0.999884 0.354778
0.990465 -0.137183 0.012629 -10.8378 0.13727 0.990514 -0.00624397 -0.981436 -0.0116526 0.00791801 0.999901 0.373754
0.989725 -0.142566 0.010962 -11.3322 0.142632 0.989761 -0.00543528 -1.05034 -0.0100749 0.00694296 0.999925 0.402948
0.988956 -0.147884 0.00985824 -11.8561 0.14794 0.988982 -0.00527741 -1.12498 -0.00896918 0.00667755 0.999937 0.423307
0.988186 -0.152923 0.010125 -12.3428 0.152988 0.98821 -0.0059182 -1.23106 -0.00910064 0.00739728 0.999931 0.435807
0.98757 -0.156831 0.0104806 -12.8918 0.156906 0.987591 -0.00673938 -1.32791 -0.0092936 0.00830008 0.999922 0.472478
0.987151 -0.159432 0.0106751 -13.3844 0.15952 0.987163 -0.00789593 -1.41391 -0.00927916 0.00949736 0.999912 0.484069
0.986831 -0.161383 0.0109907 -13.9212 0.161477 0.986842 -0.00824684 -1.50734 -0.0095152 0.00991298 0.999906 0.503287
0.986505 -0.163318 0.0116168 -14.4783 0.163428 0.986512 -0.00923421 -1.5882 -0.00995198 0.0110081 0.99989 0.516737
0.986354 -0.164241 0.011447 -14.9805 0.164337 0.986372 -0.00799035 -1.6908 -0.00997865 0.00976247 0.999903 0.52403
0.986338 -0.164368 0.0109917 -15.5493 0.164445 0.986365 -0.00654798 -1.74708 -0.0097655 0.00826605 0.999918 0.536982
0.986765 -0.161832 0.0102275 -16.1493 0.161886 0.986798 -0.00467433 -1.8428 -0.00933598 0.00626815 0.999937 0.5385
0.987124 -0.159755 0.00801565 -16.7378 0.159782 0.987148 -0.00280933 -1.90977 -0.00746383 0.00405392 0.999964 0.564617
0.987572 -0.157066 0.00570279 -17.2883 0.157081 0.987583 -0.00222218 -2.00777 -0.00528295 0.00309036 0.999981 0.590131
0.987989 -0.154425 0.00561308 -17.9289 0.154434 0.988002 -0.00126236 -2.09041 -0.0053508 0.00211404 0.999983 0.619105
0.988468 -0.151284 0.00660545 -18.491 0.151287 0.98849 7.24274e-05 -2.17637 -0.00654038 0.000927726 0.999978 0.634414
0.988941 -0.148075 0.00836648 -19.1788 0.148074 0.988976 0.000824535 -2.28271 -0.00839634 0.00042344 0.999965 0.654351
0.989388 -0.145037 0.008684 -19.7545 0.145032 0.989426 0.00117109 -2.35377 -0.00876203 0.000100792 0.999962 0.66995
0.989934 -0.14128 0.00836324 -20.3974 0.141277 0.98997 0.000948196 -2.4303 -0.00841332 0.000242882 0.999965 0.691904
0.990596 -0.136732 0.00494422 -21.026 0.136723 0.990607 0.00206285 -2.51643 -0.00517984 -0.00136747 0.999986 0.704837
0.991186 -0.132432 0.00359255 -21.7447 0.132422 0.99119 0.00270179 -2.57674 -0.0039187 -0.00220224 0.99999 0.723813
0.991843 -0.127419 0.00329771 -22.3732 0.127415 0.991848 0.00161238 -2.64796 -0.00347627 -0.00117905 0.999993 0.744402
0.992447 -0.122602 0.00428162 -23.094 0.122601 0.992456 0.000415517 -2.71893 -0.00430026 0.000112553 0.999991 0.793969
0.993061 -0.117407 0.00670393 -23.7062 0.117417 0.993082 -0.00115532 -2.79835 -0.00652191 0.00193446 0.999977 0.797059
0.9938 -0.110859 0.00844047 -24.4175 0.110869 0.993835 -0.000662049 -2.84966 -0.00831504 0.00159373 0.999964 0.81459
0.994538 -0.104059 0.00808498 -25.0527 0.104052 0.994571 0.0012638 -2.91012 -0.00817259 -0.000415642 0.999967 0.829399
0.995359 -0.0959992 0.00661264 -25.7196 0.0959863 0.99538 0.00223985 -2.95301 -0.00679711 -0.00159474 0.999976 0.850269
0.996181 -0.0870664 0.00658184 -26.4698 0.0870704 0.996202 -0.000324292 -3.0124 -0.00652861 0.000896137 0.999978 0.891515
0.9969 -0.078235 0.00830288 -27.1097 0.0782564 0.996931 -0.00229545 -3.06264 -0.00809781 0.00293809 0.999963 0.898245
0.997532 -0.0694592 0.0102787 -27.8208 0.069493 0.997578 -0.00296724 -3.13286 -0.0100477 0.00367422 0.999943 0.937448
0.998043 -0.0613636 0.0120475 -28.5271 0.0614096 0.998107 -0.00348066 -3.16049 -0.0118111 0.00421368 0.999921 0.955952
0.998538 -0.0526538 0.0122011 -29.2329 0.0526976 0.998605 -0.00329394 -3.18092 -0.0120106 0.0039321 0.99992 0.976401
0.998969 -0.0442427 0.0101984 -29.9643 0.0442897 0.999009 -0.00442385 -3.21662 -0.00999257 0.00487097 0.999938 1.00088
0.999307 -0.0362705 0.00832184 -30.6923 0.0363342 0.999311 -0.00762887 -3.22233 -0.0080394 0.00792595 0.999936 1.02146
0.999593 -0.0275086 0.0075279 -31.4285 0.0275687 0.999588 -0.00800822 -3.21903 -0.00730451 0.00821249 0.99994 1.05451
0.999733 -0.0206757 0.0102922 -32.1786 0.0207362 0.999768 -0.00580273 -3.25376 -0.0101699 0.0060146 0.99993 1.06396
0.999833 -0.014903 0.0105623 -32.8966 0.0149349 0.999884 -0.002948 -3.25121 -0.0105172 0.00310526 0.99994 1.08251
0.999887 -0.0100581 0.0111433 -33.6814 0.0100863 0.999946 -0.00248164 -3.24427 -0.0111177 0.00259375 0.999935 1.11948
0.999933 -0.00501138 0.010425 -34.4349 0.00503613 0.999985 -0.00234883 -3.24467 -0.0104131 0.00240117 0.999943 1.13656
0.999955 -0.000726995 0.00948 -35.1963 0.000751367 0.999996 -0.00256764 -3.24211 -0.0094781 0.00257464 0.999952 1.1583
0.999954 0.00312685 0.00908535 -35.9702 -0.00311292 0.999994 -0.0015461 -3.21215 -0.00909013 0.00151775 0.999958 1.17752
0.999943 0.00549396 0.0091938 -36.7715 -0.00548443 0.999984 -0.00106137 -3.21043 -0.00919949 0.00101089 0.999957 1.21054
0.999911 0.0085754 0.010248 -37.6006 -0.00856597 0.999963 -0.000963016 -3.19956 -0.0102558 0.000875146 0.999947 1.2229
0.999888 0.0104059 0.0107139 -38.3886 -0.0104019 0.999946 -0.000430676 -3.195 -0.0107178 0.000319184 0.999943 1.24314
0.999867 0.012222 0.0108441 -39.1792 -0.0122296 0.999925 0.000631809 -3.17812 -0.0108356 -0.000764343 0.999941 1.27719
0.999856 0.0127038 0.0112828 -40.0403 -0.0127222 0.999918 0.001562 -3.14128 -0.0112621 -0.00170532 0.999935 1.30145
0.999851 0.0133081 0.0110037 -40.8619 -0.0133414 0.999907 0.00295581 -3.14871 -0.0109634 -0.00310217 0.999935 1.34857
0.999797 0.0139825 0.0144993 -41.6238 -0.0140473 0.999892 0.00438157 -3.1241 -0.0144365 -0.00458436 0.999885 1.33927
0.999738 0.0141541 0.017993 -42.5415 -0.0142799 0.999874 0.00688429 -3.09199 -0.0178933 -0.00713942 0.999814 1.34506
0.999732 0.0147912 0.0178339 -43.3829 -0.0149467 0.999851 0.00862299 -3.06795 -0.0177037 -0.00888723 0.999804 1.4189
0.999779 0.0135577 0.0160928 -44.2307 -0.013661 0.999887 0.00632121 -3.05356 -0.0160053 -0.00653965 0.999851 1.46049
0.99984 0.0122968 0.012953 -45.1345 -0.0123607 0.999912 0.00485939 -3.0349 -0.0128921 -0.00501872 0.999904 1.46511
0.999886 0.0104799 0.0108514 -46.0013 -0.0106019 0.999881 0.0112469 -3.02633 -0.0107322 -0.0113606 0.999878 1.4829
0.999893 0.00986885 0.0107997 -46.8585 -0.00999725 0.999879 0.0119007 -2.99097 -0.010681 -0.0120074 0.999871 1.55601
0.999894 0.00979911 0.0107598 -47.739 -0.00990921 0.999899 0.0102275 -2.9969 -0.0106585 -0.0103331 0.99989 1.61025
0.999934 0.0073711 0.00884268 -48.642 -0.00745163 0.999931 0.00910907 -2.98496 -0.00877492 -0.00917436 0.999919 1.60936
0.999955 0.00639534 0.00693787 -49.5834 -0.00645927 0.999937 0.00923146 -2.98185 -0.00687839 -0.00927587 0.999933 1.64717
0.999962 0.00546454 0.00685648 -50.4793 -0.00552628 0.999944 0.00901804 -2.96834 -0.00680682 -0.00905559 0.999936 1.67596
0.999952 0.00388759 0.00903821 -51.4022 -0.00397091 0.99995 0.00921873 -2.95969 -0.00900192 -0.00925417 0.999917 1.68875
0.999925 0.00375642 0.0116407 -52.358 -0.00389413 0.999922 0.0118307 -2.94402 -0.0115954 -0.0118751 0.999862 1.69367
0.999893 0.00296836 0.0143058 -53.2929 -0.00318599 0.999879 0.0152145 -2.93166 -0.0142589 -0.0152584 0.999782 1.72537
0.999892 0.00226243 0.0145309 -54.2207 -0.00249021 0.999874 0.0156771 -2.94529 -0.0144936 -0.0157116 0.999772 1.8039
0.999834 0.00320047 0.0179632 -55.1404 -0.00346967 0.999882 0.0149754 -2.92173 -0.0179132 -0.0150352 0.999726 1.81739
0.999868 0.00227848 0.0161066 -56.1199 -0.00249149 0.99991 0.0132175 -2.91946 -0.016075 -0.0132559 0.999783 1.84064
0.999963 0.0021208 0.00830555 -57.1301 -0.00220341 0.999948 0.0099504 -2.90413 -0.00828401 -0.00996833 0.999916 1.904
0.999994 0.00230056 0.00248969 -58.0976 -0.00231709 0.999975 0.00665663 -2.91902 -0.00247432 -0.00666236 0.999975 1.93084
0.99999 0.00157463 0.00426149 -59.1065 -0.00159108 0.999991 0.0038584 -2.89226 -0.00425538 -0.00386514 0.999983 1.95315
0.999918 0.00133549 0.0127367 -60.1005 -0.00137415 0.999994 0.00302692 -2.88104 -0.0127326 -0.00304417 0.999914 1.9793
0.999781 0.000775186 0.0209195 -61.1319 -0.000854995 0.999992 0.00380637 -2.89534 -0.0209164 -0.00382342 0.999774 1.99652
0.999697 0.000473011 0.0246263 -62.1499 -0.00061775 0.999983 0.00587015 -2.87581 -0.0246231 -0.00588358 0.999679 2.02934
0.999773 0.000154125 0.0212826 -63.1452 -0.000294042 0.999978 0.00657126 -2.89109 -0.0212811 -0.00657603 0.999752 2.10848
0.999855 -0.000729596 0.0170364 -64.1519 0.000611235 0.999976 0.0069517 -2.88899 -0.0170411 -0.00694028 0.999831 2.14525
0.999917 -0.00126127 0.0128405 -65.1973 0.00114853 0.999961 0.00878336 -2.88329 -0.012851 -0.00876788 0.999879 2.18871
0.999909 -0.00143179 0.0134141 -66.2542 0.00132466 0.999967 0.00799156 -2.86663 -0.0134251 -0.00797306 0.999878 2.20464
0.999891 -0.000947732 0.0147158 -67.2855 0.000851327 0.999978 0.00655599 -2.88342 -0.0147217 -0.00654275 0.99987 2.25348
0.999841 -0.000833532 0.0177861 -68.3621 0.000716745 0.999978 0.00657158 -2.88253 -0.0177912 -0.00655779 0.99982 2.30283
0.999773 -0.00110097 0.0212824 -69.3847 0.000970112 0.999981 0.00615809 -2.87222 -0.0212888 -0.00613605 0.999755 2.34286
0.999819 -0.00125427 0.01901 -70.4749 0.00117696 0.999991 0.00407723 -2.86667 -0.019015 -0.00405412 0.999811 2.40174
0.999814 -0.000635194 0.019286 -71.5066 0.000584579 0.999996 0.00262998 -2.88163 -0.0192876 -0.00261822 0.999811 2.40634
0.999838 -0.000655924 0.0180093 -72.633 0.00061826 0.999998 0.00209686 -2.85638 -0.0180106 -0.00208538 0.999836 2.47104
0.999846 0.000122532 0.0175631 -73.6604 -0.000150429 0.999999 0.00158705 -2.8752 -0.0175628 -0.00158945 0.999844 2.52193
0.999847 0.000107141 0.0175107 -74.7719 -0.00012315 1 0.000913134 -2.87331 -0.0175106 -0.00091515 0.999846 2.55773
0.99985 0.00040246 0.0173248 -75.8516 -0.000437927 0.999998 0.00204344 -2.88318 -0.0173239 -0.00205072 0.999848 2.64158
0.999838 0.000577659 0.0179972 -77.0072 -0.000614389 0.999998 0.00203545 -2.86741 -0.0179959 -0.00204618 0.999836 2.67078
0.999837 0.000810971 0.0180302 -78.1013 -0.000850319 0.999997 0.0021748 -2.83966 -0.0180284 -0.00218978 0.999835 2.69853
0.999854 0.00188828 0.0169849 -79.2004 -0.00191856 0.999997 0.00176663 -2.8528 -0.0169815 -0.00179896 0.999854 2.76231
0.999865 0.00180565 0.0163118 -80.3228 -0.00181709 0.999998 0.000686843 -2.85329 -0.0163105 -0.00071639 0.999867 2.82242
0.999848 0.00412162 0.0169311 -81.4929 -0.00411653 0.999991 -0.000335745 -2.82817 -0.0169323 0.000265997 0.999857 2.84321
0.999838 0.0070335 0.0165626 -82.5822 -0.00702482 0.999975 -0.000582232 -2.81469 -0.0165662 0.000465788 0.999863 2.88097
0.99982 0.0091187 0.016614 -83.7639 -0.00913491 0.999958 0.000900226 -2.80859 -0.0166051 -0.00105183 0.999862 2.95075
0.999742 0.0118163 0.0194176 -84.8996 -0.011853 0.999928 0.00177711 -2.79563 -0.0193952 -0.0020068 0.99981 2.97981
0.999715 0.0132041 0.0198644 -86.0357 -0.0132548 0.999909 0.00242447 -2.76652 -0.0198306 -0.00268708 0.9998 3.06244
0.999645 0.0157299 0.0214932 -87.1888 -0.0157444 0.999876 0.000504852 -2.738 -0.0214826 -0.000843072 0.999769 3.12273
0.999532 0.0195144 0.0235513 -88.383 -0.0195072 0.99981 -0.000536122 -2.71535 -0.0235573 7.64519e-05 0.999722 3.17076
0.999451 0.0229834 0.0238598 -89.51 -0.0229199 0.999733 -0.0029326 -2.68472 -0.0239208 0.00238412 0.999711 3.20536
0.999362 0.027227 0.0231282 -90.6568 -0.0271038 0.999617 -0.00562777 -2.63381 -0.0232725 0.00499732 0.999717 3.263
0.999283 0.0313667 0.0211841 -91.8859 -0.0312619 0.999497 -0.00525843 -2.59251 -0.0213384 0.00459241 0.999762 3.31425
0.999211 0.0343487 0.0199622 -93.0496 -0.0342417 0.999397 -0.0056777 -2.57131 -0.0201452 0.00498967 0.999785 3.38464
0.999047 0.0387404 0.0201149 -94.2253 -0.0386376 0.999238 -0.00547656 -2.51957 -0.0203118 0.00469415 0.999783 3.42675
0.998873 0.0430731 0.0199395 -95.4108 -0.0429664 0.99906 -0.00574876 -2.46304 -0.0201684 0.00488555 0.999785 3.4724
0.998724 0.046502 0.0197047 -96.5862 -0.0463887 0.998904 -0.00617009 -2.41195 -0.01997 0.00524815 0.999787 3.51494
0.998579 0.0501899 0.0179366 -97.8009 -0.0501021 0.99873 -0.00531438 -2.33935 -0.0181806 0.00440816 0.999825 3.56599
0.998338 0.0548153 0.0178151 -98.9921 -0.0547474 0.998491 -0.00427688 -2.2576 -0.0180226 0.00329445 0.999832 3.60038
0.998127 0.0584902 0.017935 -100.167 -0.0584767 0.998288 -0.00127653 -2.18604 -0.017979 0.000225357 0.999838 3.63973
0.997902 0.0628398 0.01561 -101.408 -0.0628919 0.998016 0.00286699 -2.08149 -0.0153989 -0.00384271 0.999874 3.73739
0.997615 0.0671035 0.0161404 -102.587 -0.0671842 0.99773 0.00450741 -1.98103 -0.0158013 -0.00558104 0.99986 3.78481
0.997386 0.0700119 0.0178959 -103.849 -0.0700782 0.997537 0.00310389 -1.8792 -0.0176345 -0.00434989 0.999835 3.84261
0.99709 0.0735909 0.0198949 -105.06 -0.0735697 0.997288 -0.00179784 -1.79356 -0.0199732 0.000328946 0.9998 3.93252
0.996585 0.0785713 0.0253821 -106.299 -0.0784575 0.996903 -0.00545007 -1.71803 -0.0257317 0.00344004 0.999663 3.95782
0.996318 0.0811733 0.027606 -107.508 -0.0809372 0.996673 -0.00956674 -1.59859 -0.0282907 0.00729716 0.999573 4.00184
0.9959 0.0863479 0.0269581 -108.706 -0.0860803 0.996228 -0.0109372 -1.51837 -0.0278008 0.00857176 0.999577 4.102
0.995697 0.0891256 0.0253601 -109.965 -0.0888915 0.995989 -0.0102129 -1.40161 -0.0261686 0.00791465 0.999626 4.16804
0.995435 0.0928171 0.0222415 -111.255 -0.0926045 0.995649 -0.0104049 -1.27473 -0.0231104 0.0082977 0.999698 4.24582
0.995125 0.0965908 0.0198971 -112.461 -0.0963827 0.995282 -0.01117 -1.16152 -0.0208822 0.00919784 0.99974 4.30231
0.994825 0.0997686 0.0192362 -113.633 -0.099526 0.994948 -0.0131856 -1.01996 -0.0204545 0.0112028 0.999728 4.3592
0.994363 0.104051 0.0203702 -114.879 -0.103745 0.994482 -0.0155504 -0.891078 -0.0218759 0.0133494 0.999672 4.43505
0.993872 0.10786 0.0241773 -116.094 -0.10755 0.994105 -0.0137498 -0.764498 -0.0255178 0.0110653 0.999613 4.46498
0.993362 0.112393 0.0245084 -117.285 -0.112069 0.993599 -0.0141992 -0.608098 -0.0259474 0.0113583 0.999599 4.5593
0.993107 0.114757 0.0238495 -118.529 -0.11452 0.993359 -0.0110777 -0.445088 -0.0249623 0.00827006 0.999654 4.64863
0.992731 0.117969 0.0238463 -119.699 -0.117759 0.992991 -0.0100436 -0.290981 -0.024864 0.00716245 0.999665 4.68271
0.992333 0.121438 0.0229623 -120.932 -0.121271 0.992583 -0.00854168 -0.136608 -0.0238293 0.00569154 0.9997 4.75075
0.991826 0.125682 0.0220208 -122.211 -0.125554 0.992061 -0.00712173 0.0358445 -0.0227411 0.00429872 0.999732 4.8209
0.991206 0.13046 0.0221546 -123.391 -0.130347 0.991447 -0.00646602 0.170953 -0.0228087 0.00352136 0.999734 4.90489
0.990706 0.133842 0.0242315 -124.592 -0.133658 0.990986 -0.00906157 0.352443 -0.0252259 0.00573862 0.999665 4.95171
0.990116 0.137481 0.0277348 -125.842 -0.137343 0.9905 -0.00683017 0.528337 -0.0284104 0.00295349 0.999592 4.99525
0.989595 0.141346 0.0268973 -127.025 -0.141176 0.989951 -0.00812571 0.710105 -0.0277756 0.0042439 0.999605 5.08701
0.989147 0.14435 0.027408 -128.298 -0.144185 0.989519 -0.00791736 0.887646 -0.0282636 0.00387962 0.999593 5.11904
0.988566 0.148345 0.0270546 -129.485 -0.148143 0.988922 -0.00930783 1.06586 -0.0281356 0.00519344 0.999591 5.18312
0.98804 0.151946 0.0262636 -130.692 -0.151722 0.988369 -0.0103352 1.27343 -0.0275286 0.0062268 0.999602 5.26882
0.987319 0.156512 0.0265435 -131.901 -0.156291 0.987658 -0.0102453 1.46322 -0.0278194 0.00596688 0.999595 5.34052
0.986661 0.160456 0.0274686 -133.136 -0.160214 0.987023 -0.0108206 1.65605 -0.0288484 0.00627536 0.999564 5.41575
0.986226 0.163179 0.0270243 -134.369 -0.162938 0.986576 -0.0108788 1.86101 -0.0284368 0.0063257 0.999576 5.49754
0.985475 0.167459 0.0282163 -135.623 -0.16721 0.98586 -0.0109805 2.06812 -0.0296561 0.0061029 0.999542 5.5575
0.984913 0.17063 0.0288514 -136.888 -0.170317 0.985303 -0.0130166 2.3119 -0.0306484 0.00790634 0.999499 5.64292
0.984209 0.174628 0.0289589 -138.079 -0.174377 0.984618 -0.01099 2.51195 -0.0304326 0.00576663 0.99952 5.70912
0.983542 0.178482 0.0281105 -139.301 -0.178258 0.98393 -0.0103139 2.77403 -0.0294996 0.00513326 0.999552 5.79773
0.982888 0.182039 0.0281711 -140.552 -0.181797 0.983275 -0.010953 3.00735 -0.0296938 0.00564418 0.999543 5.86965
0.982189 0.185668 0.0288642 -141.808 -0.185459 0.982603 -0.00977264 3.25188 -0.0301765 0.00424547 0.999536 5.94264
0.981489 0.189545 0.0274388 -142.998 -0.189309 0.981856 -0.0109877 3.49156 -0.0290236 0.0055899 0.999563 6.00548
0.980978 0.192309 0.0264637 -144.291 -0.192129 0.981327 -0.00920762 3.75881 -0.0277403 0.00394802 0.999607 6.08067
0.980155 0.196523 0.0259924 -145.552 -0.196346 0.980491 -0.00923431 3.99559 -0.0273001 0.00394756 0.999619 6.15829
0.979363 0.2001 0.0284449 -146.827 -0.19996 0.979774 -0.00771096 4.27694 -0.0294125 0.001864 0.999566 6.20022
0.978473 0.204234 0.029656 -148.07 -0.204075 0.97892 -0.00832361 4.51303 -0.0307308 0.00209239 0.999526 6.2747
0.97771 0.20781 0.0299687 -149.227 -0.207653 0.978168 -0.00826931 4.75198 -0.0310329 0.00186188 0.999517 6.35981
0.976941 0.211469 0.0294454 -150.468 -0.211312 0.977383 -0.0083961 5.0546 -0.030555 0.00198033 0.999531 6.4398
0.976079 0.21559 0.0281338 -151.764 -0.215459 0.976483 -0.0076468 5.33921 -0.0291208 0.0014022 0.999575 6.50805
0.975111 0.22011 0.0266356 -153.002 -0.219965 0.975472 -0.00830291 5.61791 -0.0278099 0.00223735 0.999611 6.58387
0.973874 0.225531 0.0265736 -154.253 -0.225299 0.974222 -0.011448 5.93635 -0.0284705 0.00516189 0.999581 6.67719
0.97271 0.230336 0.0279536 -155.489 -0.230089 0.973098 -0.0117875 6.23007 -0.0299167 0.00503398 0.99954 6.74351
0.971456 0.23526 0.0304468 -156.799 -0.234969 0.971918 -0.0128593 6.51578 -0.0326171 0.00533819 0.999454 6.78928
0.970384 0.239778 0.0293383 -157.97 -0.239394 0.97079 -0.0160131 6.83124 -0.0323209 0.00851541 0.999441 6.88773
0.96922 0.244441 0.0293554 -159.257 -0.244086 0.969635 -0.0151641 7.18464 -0.0321708 0.00753211 0.999454 6.95255
0.968336 0.247929 0.0292659 -160.483 -0.247664 0.968766 -0.0124407 7.50122 -0.0314363 0.00479868 0.999494 7.0072
0.967007 0.25312 0.0287841 -161.73 -0.252901 0.967429 -0.01107 7.81556 -0.0306486 0.00342521 0.999524 7.09641
0.965704 0.257929 0.0297975 -163.002 -0.257766 0.966163 -0.00923996 8.15849 -0.0311725 0.00124226 0.999513 7.16616
0.964204 0.263386 0.0306477 -164.238 -0.263262 0.964691 -0.00808107 8.50726 -0.031694 -0.000276576 0.999498 7.24424
0.963049 0.267841 0.0282301 -165.455 -0.267618 0.963457 -0.0114837 8.85911 -0.0302743 0.00350445 0.999535 7.3608
0.961864 0.272048 0.0284009 -166.721 -0.271793 0.962274 -0.0125769 9.21195 -0.0307509 0.00437812 0.999517 7.42232
0.960754 0.275822 0.0295465 -167.978 -0.27552 0.961194 -0.013946 9.56618 -0.0322465 0.00525805 0.999466 7.50295
0.959756 0.278957 0.0324216 -169.173 -0.278555 0.96028 -0.0164207 9.9325 -0.0357145 0.0067287 0.999339 7.57247
0.95855 0.282785 0.0348457 -170.402 -0.28235 0.959162 -0.0169359 10.2765 -0.0382119 0.0063952 0.999249 7.64273
0.957629 0.286077 0.0332703 -171.616 -0.285591 0.95817 -0.0186512 10.6583 -0.0372143 0.00835925 0.999272 7.72593
0.956827 0.28905 0.030521 -172.839 -0.288691 0.957294 -0.0156821 11.0222 -0.0337504 0.00619389 0.999411 7.79382
0.955835 0.292684 0.0267472 -174.062 -0.292399 0.956192 -0.0140969 11.4299 -0.0297014 0.00565342 0.999543 7.88124
0.954686 0.296432 0.0265135 -175.293 -0.296148 0.955037 -0.0141791 11.8203 -0.0295245 0.00568472 0.999548 7.95718
0.953041 0.30147 0.0287968 -176.477 -0.301196 0.953466 -0.0135067 12.1878 -0.0315286 0.00419895 0.999494 8.03595
0.951367 0.306162 0.0341507 -177.718 -0.305873 0.951976 -0.0135366 12.579 -0.036655 0.0024325 0.999325 8.09997
0.950038 0.310126 0.0353614 -178.864 -0.309827 0.950693 -0.0137722 12.9546 -0.0378889 0.00212819 0.99928 8.18974
0.948341 0.315719 0.0311471 -180.1 -0.315383 0.948841 -0.0152942 13.3896 -0.0343823 0.00468084 0.999398 8.29165
0.946943 0.319999 0.0299872 -181.287 -0.319538 0.947379 -0.0192085 13.7963 -0.034556 0.0086073 0.999366 8.33941
0.945134 0.325014 0.0329641 -182.453 -0.324574 0.945688 -0.0180782 14.217 -0.0370494 0.00638704 0.999293 8.42077
0.94279 0.331395 0.0363963 -183.666 -0.330918 0.943476 -0.0185975 14.6207 -0.0405021 0.00548933 0.999164 8.49887
0.940313 0.337872 0.0406601 -184.865 -0.3375 0.941191 -0.0158865 15.0521 -0.0436365 0.0012155 0.999047 8.56183
0.937698 0.34474 0.0433123 -186.074 -0.344507 0.938694 -0.0129817 15.4847 -0.0451323 -0.00274844 0.998977 8.65081
0.935809 0.349983 0.0421127 -187.222 -0.34972 0.936754 -0.0136995 15.9889 -0.0442439 -0.00190756 0.999019 8.74956
0.932882 0.357643 0.0426966 -188.442 -0.357525 0.933843 -0.0106286 16.4019 -0.0436731 -0.00534989 0.999032 8.79523
0.93067 0.363848 0.0383055 -189.587 -0.363787 0.931441 -0.00880816 16.8982 -0.0388842 -0.00573756 0.999227 8.91153
0.928595 0.369402 0.0353973 -190.775 -0.369306 0.92926 -0.0094721 17.3981 -0.0363923 -0.00427665 0.999328 8.99834
0.925967 0.375942 0.0353816 -191.999 -0.375872 0.926629 -0.00886301 17.874 -0.0361176 -0.00509208 0.999335 9.09325
0.923092 0.382886 0.0360381 -193.171 -0.382895 0.923766 -0.00694644 18.3796 -0.0359505 -0.00738659 0.999326 9.16351
0.921272 0.387193 0.0365858 -194.34 -0.387221 0.921963 -0.00662254 18.8985 -0.036295 -0.00806563 0.999309 9.26265
0.919337 0.391667 0.0376449 -195.534 -0.391681 0.920072 -0.00729255 19.387 -0.0374922 -0.00804048 0.999265 9.34275
0.917645 0.395335 0.0404817 -196.724 -0.395248 0.918515 -0.0104744 19.9131 -0.0413239 -0.00638855 0.999125 9.43673
0.915552 0.399939 0.0425863 -197.896 -0.399731 0.916531 -0.0136639 20.4443 -0.0444963 -0.00451309 0.998999 9.51251
0.913565 0.404559 0.0415958 -199.078 -0.404362 0.914501 -0.0134243 20.9653 -0.0434703 -0.00455582 0.999044 9.5974
0.911772 0.408879 0.0385982 -200.249 -0.408584 0.912587 -0.0155844 21.4843 -0.0415963 -0.00156121 0.999133 9.68573
0.91003 0.412922 0.0366239 -201.429 -0.412542 0.910766 -0.0177318 22.0426 -0.0406776 0.00102761 0.999172 9.77673
0.907781 0.417825 0.036822 -202.604 -0.417541 0.908526 -0.0154785 22.5507 -0.0399211 -0.00132358 0.999202 9.85941
0.906254 0.421142 0.036638 -203.75 -0.420863 0.906994 -0.0154056 23.1181 -0.0397184 -0.00145818 0.99921 9.94369
0.904149 0.425494 0.0383275 -204.913 -0.425212 0.904959 -0.0156236 23.6685 -0.0413325 -0.00217125 0.999143 10.028
0.902691 0.428402 0.0402721 -206.077 -0.428154 0.903581 -0.0150137 24.2256 -0.042821 -0.00369 0.999076 10.1038
0.900896 0.432148 0.0404232 -207.252 -0.431905 0.901794 -0.0150122 24.8088 -0.0429409 -0.00393454 0.99907 10.1989
0.898776 0.436574 0.0400518 -208.388 -0.436252 0.899666 -0.0169063 25.3654 -0.0434141 -0.00227776 0.999055 10.283
0.896979 0.440141 0.0412909 -209.537 -0.439768 0.897927 -0.0182054 25.974 -0.0450892 -0.0018286 0.998981 10.3638
0.895075 0.444033 0.0409254 -210.711 -0.44366 0.896009 -0.0182834 26.5473 -0.0447879 -0.00179194 0.998995 10.4585
0.893385 0.447472 0.0403952 -211.856 -0.447051 0.894298 -0.0194178 27.1404 -0.0448142 -0.000711123 0.998995 10.5475
0.891405 0.45142 0.0402261 -213.03 -0.451009 0.892311 -0.0192737 27.7313 -0.0445947 -0.000961669 0.999005 10.6362
0.889442 0.455408 0.0386852 -214.204 -0.455076 0.89028 -0.017503 28.3211 -0.0424117 -0.00203681 0.999098 10.7144
0.888283 0.457874 0.0361176 -215.383 -0.45766 0.889009 -0.0144784 28.9492 -0.0387382 -0.00366862 0.999243 10.8088
0.886958 0.460573 0.0343229 -216.45 -0.460396 0.887613 -0.0133615 29.5718 -0.0366194 -0.00395108 0.999321 10.8999
0.884649 0.464707 0.0379992 -217.643 -0.464519 0.88545 -0.0141738 30.1778 -0.0402331 -0.00511257 0.999177 10.9906
0.88276 0.467833 0.0432107 -218.789 -0.467555 0.883801 -0.0169623 30.8253 -0.0461252 -0.00522971 0.998922 11.078
0.880613 0.471446 0.0475344 -219.933 -0.471235 0.881858 -0.016258 31.4152 -0.0495833 -0.00808283 0.998737 11.1838
0.878579 0.475193 0.0478627 -221.071 -0.475003 0.879839 -0.0159911 32.0339 -0.0497103 -0.00868548 0.998726 11.28
0.876761 0.478725 0.0459619 -222.193 -0.478705 0.877891 -0.0121562 32.6633 -0.0461691 -0.0113441 0.998869 11.3609
0.87499 0.482317 0.0419747 -223.369 -0.48242 0.8759 -0.00831147 33.281 -0.0407744 -0.012977 0.999084 11.442
0.873136 0.485988 0.0380682 -224.502 -0.486096 0.873877 -0.00697743 33.9411 -0.0366579 -0.0124126 0.999251 11.5453
0.871649 0.488366 0.0415462 -225.59 -0.4885 0.872531 -0.00755556 34.5927 -0.0399403 -0.0137095 0.999108 11.6201
0.869085 0.492613 0.044992 -226.719 -0.492794 0.870112 -0.00775696 35.2116 -0.0429693 -0.0154303 0.998957 11.712
0.866935 0.496085 0.0482067 -227.848 -0.496327 0.868102 -0.00765252 35.8787 -0.0456446 -0.017292 0.998808 11.7745
0.864994 0.499568 0.0470824 -228.966 -0.499769 0.866119 -0.00824867 36.5552 -0.0448998 -0.0163953 0.998857 11.8722
0.863154 0.502901 0.0453421 -230.101 -0.503138 0.864179 -0.00686064 37.2154 -0.0426339 -0.0168915 0.998948 11.9671
0.860918 0.506909 0.0431694 -231.249 -0.507115 0.861851 -0.00685311 37.8993 -0.0406795 -0.0159919 0.999044 12.0714
0.858618 0.510775 0.043394 -232.379 -0.510986 0.859561 -0.00692781 38.5696 -0.0408384 -0.0162254 0.999034 12.1759
0.856175 0.51466 0.045709 -233.509 -0.514826 0.857248 -0.00897736 39.2168 -0.0438042 -0.015846 0.998914 12.2679
0.854177 0.517752 0.0481177 -234.613 -0.517751 0.855425 -0.013451 39.938 -0.0481254 -0.0134235 0.998751 12.3705
0.851503 0.521885 0.0507736 -235.711 -0.521863 0.852902 -0.0147461 40.5808 -0.0510006 -0.0139405 0.998601 12.4403
0.849201 0.525498 0.0520587 -236.809 -0.525519 0.85066 -0.0143783 41.2663 -0.05184 -0.0151478 0.998541 12.539
0.847621 0.52828 0.0495817 -237.954 -0.52838 0.848921 -0.0121361 41.9917 -0.0485022 -0.0159112 0.998696 12.632
0.845998 0.531402 0.0435709 -239.049 -0.53151 0.846993 -0.0100248 42.7051 -0.0422315 -0.0146774 0.999 12.7268
0.844455 0.533962 0.0421991 -240.147 -0.534014 0.845404 -0.0109906 43.4443 -0.0415439 -0.0132538 0.999049 12.8145
0.842178 0.537501 0.0427612 -241.245 -0.537462 0.843182 -0.0133934 44.1562 -0.0432545 -0.0117029 0.998996 12.9001
0.83944 0.541567 0.0452189 -242.324 -0.541443 0.840585 -0.0160178 44.8261 -0.046685 -0.0110374 0.998849 12.9792
0.837259 0.544892 0.0457219 -243.433 -0.54493 0.838385 -0.0127203 45.5445 -0.0452638 -0.014265 0.998873 13.0455
0.836068 0.546703 0.0458952 -244.518 -0.546899 0.837147 -0.00926498 46.28 -0.0434863 -0.0173539 0.998903 13.1414
0.834417 0.54914 0.0468321 -245.602 -0.549467 0.835488 -0.0067372 47.0133 -0.0428273 -0.020111 0.99888 13.2804
0.833242 0.551024 0.0456071 -246.665 -0.55118 0.834324 -0.0102256 47.7276 -0.0436857 -0.0166174 0.998907 13.3577
0.831964 0.553057 0.0443139 -247.773 -0.553162 0.833001 -0.0109891 48.4554 -0.0429912 -0.0153702 0.998957 13.4365
0.830595 0.555169 0.0435874 -248.821 -0.555269 0.831599 -0.0108818 49.1749 -0.0422885 -0.0151644 0.99899 13.5252
0.828999 0.557209 0.0477323 -249.852 -0.557354 0.830196 -0.0114518 49.8712 -0.0460082 -0.0171103 0.998795 13.5962
0.827191 0.559512 0.0519744 -250.915 -0.559692 0.828608 -0.0123952 50.6042 -0.0500017 -0.0188365 0.998571 13.7116
0.825751 0.561433 0.0541157 -251.964 -0.561776 0.827228 -0.0101013 51.315 -0.0504372 -0.0220597 0.998484 13.8159
0.824499 0.56341 0.0526428 -253.017 -0.563723 0.825902 -0.0101126 52.0397 -0.0491753 -0.0213381 0.998562 13.9033
0.822698 0.565726 0.055869 -254.048 -0.566366 0.824138 -0.00514468 52.7781 -0.0489542 -0.0274098 0.998425 13.9864
0.821324 0.567551 0.0575571 -255.049 -0.568187 0.822876 -0.00622804 53.5047 -0.0508971 -0.027588 0.998323 14.1179
0.819631 0.570617 0.0509961 -256.083 -0.571112 0.820852 -0.00570585 54.2035 -0.0451162 -0.0244478 0.998683 14.2039
