1 0 0 0 0 1 0 0 -0 0 1 0
0.998981 0.045106 -0.00118963 0.961394 -0.045107 0.998982 -0.000892854 -0.0294723 0.00114814 0.000945605 0.999999 0.0333711
0.995907 0.0901756 -0.00611612 2.02184 -0.0902011 0.995915 -0.00402461 -0.11239 0.00572822 0.00455982 0.999973 0.0399831
0.990734 0.135457 -0.00985191 2.97732 -0.135505 0.990767 -0.00441929 -0.221882 0.00916233 0.00571333 0.999942 0.0779694
0.983268 0.18174 -0.0124355 4.00486 -0.181783 0.983336 -0.00238345 -0.390672 0.0117951 0.00460414 0.99992 0.0712206
0.973785 0.227117 -0.0126664 4.95163 -0.227189 0.97384 -0.00450987 -0.596268 0.0113108 0.00726931 0.99991 0.102767
0.962027 0.272588 -0.0141 5.90325 -0.272685 0.962088 -0.00539396 -0.857545 0.0120951 0.00903399 0.999886 0.121502
0.948274 0.316939 -0.0180569 6.90486 -0.317119 0.948351 -0.00814274 -1.14509 0.0145435 0.0134477 0.999804 0.136721
0.933148 0.358913 -0.0203896 7.77855 -0.359158 0.933225 -0.00988215 -1.48964 0.0154813 0.0165446 0.999743 0.207332
0.91567 0.401336 -0.0218429 8.69183 -0.401609 0.915759 -0.00978544 -1.86884 0.0160756 0.0177326 0.999714 0.195004
0.895761 0.44401 -0.0216017 9.6057 -0.444291 0.895822 -0.0103972 -2.30382 0.0147348 0.0189109 0.999713 0.229166
0.873946 0.485573 -0.0209039 10.4595 -0.485842 0.873985 -0.0103516 -2.75591 0.0132432 0.0192028 0.999728 0.269323
0.849586 0.527025 -0.0211484 11.3215 -0.527302 0.849614 -0.0104009 -3.27162 0.0124864 0.019988 0.999722 0.278705
0.82397 0.566224 -0.0215365 12.1085 -0.566513 0.823983 -0.0107157 -3.80368 0.0116782 0.0210302 0.999711 0.301081
0.796383 0.604348 -0.0231745 12.8951 -0.604693 0.796361 -0.01242 -4.3819 0.0109493 0.0239045 0.999654 0.346253
0.767132 0.641017 -0.0246152 13.6867 -0.641391 0.76712 -0.0120039 -4.99319 0.0111881 0.0249965 0.999625 0.341154
0.73683 0.675538 -0.0270332 14.3675 -0.676006 0.736746 -0.0148772 -5.63961 0.00986649 0.0292366 0.999524 0.379735
0.704568 0.709118 -0.027122 15.0501 -0.70958 0.704481 -0.0142553 -6.31554 0.0089982 0.029289 0.99953 0.4024
0.669684 0.742079 -0.0290137 15.7404 -0.742586 0.669615 -0.0134726 -7.03345 0.00943031 0.0305676 0.999488 0.398176
0.634306 0.772394 -0.0326201 16.3406 -0.773024 0.634211 -0.0144826 -7.74174 0.00950181 0.0344025 0.999363 0.438004
0.597214 0.801377 -0.0336144 16.9427 -0.802026 0.597141 -0.0132614 -8.51693 0.00944519 0.0348795 0.999347 0.450742
0.559781 0.827823 -0.0367828 17.4577 -0.828577 0.559735 -0.0125069 -9.28497 0.0102352 0.0374785 0.999245 0.480142
0.520766 0.852693 -0.0414319 17.9571 -0.853616 0.520781 -0.0112901 -10.0931 0.01195 0.0412464 0.999078 0.504793
0.481094 0.875584 -0.0436025 18.4601 -0.876589 0.481129 -0.0103763 -10.9567 0.0118931 0.0432134 0.998995 0.50419
0.442899 0.895335 -0.0470713 18.8653 -0.896517 0.442842 -0.0122036 -11.7907 0.00991876 0.0476052 0.998817 0.521351
0.405707 0.912593 -0.0507587 19.2689 -0.913963 0.405583 -0.0131963 -12.6855 0.00854402 0.0517454 0.998624 0.554144
0.369499 0.927768 -0.0521261 19.6521 -0.929191 0.369422 -0.0114533 -13.5891 0.00863056 0.0526671 0.998575 0.570656
0.33639 0.940268 -0.0523314 19.9733 -0.941701 0.336238 -0.0119538 -14.4848 0.006356 0.0533017 0.998558 0.578332
0.302733 0.951571 -0.0535317 20.2719 -0.95307 0.302451 -0.0134863 -15.4525 0.00335756 0.0551022 0.998475 0.579381
0.26994 0.961342 -0.0543592 20.5561 -0.962876 0.269598 -0.0136605 -16.3762 0.00152278 0.0560287 0.998428 0.601242
0.237414 0.970014 -0.0520244 20.8089 -0.971408 0.237141 -0.0114565 -17.3441 0.00122417 0.0532569 0.99858 0.620286
0.205616 0.977264 -0.0517368 21.0388 -0.978632 0.205407 -0.00938606 -18.3434 0.00145444 0.0525612 0.998617 0.605349
0.175357 0.98306 -0.0533128 21.2192 -0.984505 0.175106 -0.00938244 -19.3305 0.00011188 0.054132 0.998534 0.612158
0.144744 0.987957 -0.0546738 21.3818 -0.989467 0.14441 -0.0100314 -20.3412 -0.0020152 0.0555499 0.998454 0.622204
0.113666 0.992077 -0.0535118 21.5219 -0.993508 0.113251 -0.0107369 -21.4019 -0.00459154 0.0543849 0.998509 0.625007
0.0846946 0.994945 -0.0539566 21.6264 -0.996388 0.0842313 -0.0108082 -22.4465 -0.00620871 0.0546771 0.998485 0.618291
0.0568008 0.996795 -0.0563276 21.6917 -0.998357 0.0562839 -0.0107212 -23.525 -0.00751655 0.056844 0.998355 0.611996
0.0317251 0.997662 -0.0605252 21.735 -0.99946 0.0311439 -0.0105232 -24.5883 -0.00861361 0.0608263 0.998111 0.613083
0.00876966 0.997852 -0.064921 21.7439 -0.999917 0.00813574 -0.0100224 -25.6848 -0.00947274 0.0650035 0.99784 0.599242
-0.0120681 0.997431 -0.0706079 21.7374 -0.99986 -0.0128557 -0.0107118 -26.7987 -0.011592 0.0704687 0.997447 0.608056
-0.0293563 0.996743 -0.0751167 21.7109 -0.99948 -0.0302726 -0.0110881 -27.9186 -0.0133259 0.0747521 0.997113 0.592859
-0.0449393 0.995928 -0.0781522 21.6492 -0.998881 -0.0459504 -0.0111875 -29.0528 -0.0147331 0.077562 0.996879 0.581074
-0.0596395 0.994952 -0.0807128 21.6001 -0.998083 -0.0607758 -0.0116924 -30.199 -0.0165388 0.0798608 0.996669 0.574082
-0.0725888 0.994054 -0.0811609 21.5253 -0.997189 -0.0738518 -0.0126657 -31.3395 -0.0185843 0.0800134 0.996621 0.558129
-0.0848819 0.99306 -0.0814035 21.4321 -0.996199 -0.0861865 -0.0126419 -32.4815 -0.01957 0.080021 0.996601 0.544872
-0.096748 0.991995 -0.0811485 21.3234 -0.995146 -0.0978857 -0.0101516 -33.6459 -0.0180136 0.0797724 0.99665 0.526688
-0.106749 0.990948 -0.0814008 21.217 -0.994165 -0.107656 -0.0068277 -34.8169 -0.0155292 0.0801969 0.996658 0.512819
-0.116713 0.989777 -0.0819786 21.0713 -0.993066 -0.11747 -0.0044504 -36.0293 -0.0140349 0.0808908 0.996624 0.496663
-0.123961 0.988919 -0.081691 20.9219 -0.992197 -0.124638 -0.00322567 -37.2347 -0.0133717 0.0806537 0.996652 0.476932
-0.129875 0.988166 -0.08161 20.7638 -0.991447 -0.130493 -0.00226366 -38.4879 -0.0128864 0.080618 0.996662 0.454348
-0.135325 0.987401 -0.0820166 20.6006 -0.990726 -0.135871 -0.00107892 -39.7716 -0.012209 0.0811099 0.99663 0.443332
-0.13971 0.986849 -0.0813056 20.4301 -0.990134 -0.140125 0.000599627 -41.0282 -0.0108012 0.0805872 0.996689 0.42454
-0.143787 0.98627 -0.0812176 20.2371 -0.989553 -0.144163 0.00124105 -42.3418 -0.0104846 0.0805476 0.996696 0.414399
-0.147071 0.985759 -0.0815405 20.0592 -0.989061 -0.147507 0.00068338 -43.6809 -0.0113541 0.080749 0.99667 0.403609
-0.148715 0.985457 -0.0822063 19.8428 -0.988788 -0.149322 -0.00124446 -45.0433 -0.0135015 0.0810995 0.996615 0.383691
-0.15062 0.985116 -0.0828301 19.6349 -0.988488 -0.151291 -0.00184783 -46.4108 -0.0143518 0.0815982 0.996562 0.360853
-0.153167 0.984615 -0.0841025 19.4305 -0.988091 -0.153862 -0.00180444 -47.805 -0.0147168 0.0828245 0.996455 0.353688
-0.153804 0.98446 -0.0847512 19.2114 -0.987998 -0.154463 -0.00123306 -49.2184 -0.0143049 0.0835443 0.996401 0.312988
-0.155116 0.984149 -0.0859634 19.0052 -0.987798 -0.15574 -0.000561979 -50.6451 -0.013941 0.0848273 0.996298 0.310494
-0.155 0.984167 -0.0859702 18.7811 -0.987826 -0.155561 0.000179537 -52.1027 -0.0131969 0.0849514 0.996298 0.272329
-0.154211 0.984339 -0.0854186 18.5476 -0.987965 -0.154672 0.00124036 -53.5847 -0.0119909 0.0845819 0.996344 0.268751
-0.153692 0.984433 -0.0852668 18.333 -0.988045 -0.154159 0.00112456 -55.046 -0.0120376 0.0844203 0.996358 0.249582
-0.151673 0.984723 -0.0855329 18.1014 -0.988354 -0.152173 0.000686235 -56.5781 -0.01234 0.0846408 0.996335 0.22476
-0.150406 0.984899 -0.0857397 17.8563 -0.988552 -0.150876 0.00101199 -58.1514 -0.0119394 0.0849104 0.996317 0.216077
-0.149916 0.985012 -0.0853006 17.6506 -0.988637 -0.150312 0.00180008 -59.6691 -0.0110486 0.0846012 0.996354 0.192149
-0.148571 0.985154 -0.086008 17.3998 -0.988847 -0.148917 0.00241213 -61.2526 -0.0104318 0.0854071 0.996292 0.174495
-0.147509 0.985337 -0.0857441 17.1627 -0.989007 -0.147852 0.00237223 -62.8844 -0.01034 0.0851514 0.996314 0.158216
-0.146076 0.985421 -0.0872256 16.9142 -0.989201 -0.146563 0.000825729 -64.4976 -0.0119704 0.0864043 0.996188 0.143439
-0.145259 0.985314 -0.0897563 16.6865 -0.989299 -0.1459 -0.000593472 -66.1327 -0.0136802 0.0887097 0.995964 0.118555
-0.144906 0.985176 -0.0918184 16.4466 -0.989359 -0.145494 0.000285051 -67.786 -0.0130782 0.0908827 0.995776 0.103022
-0.144291 0.985257 -0.0919166 16.2082 -0.989463 -0.144777 0.00139009 -69.4265 -0.0119378 0.0911486 0.995766 0.103353
-0.143361 0.985358 -0.0922887 15.9683 -0.989602 -0.14382 0.00169157 -71.1074 -0.0116061 0.0915717 0.995731 0.0764826
-0.143555 0.98534 -0.0921806 15.7289 -0.989567 -0.144071 0.00106071 -72.8166 -0.0122354 0.0913711 0.995742 0.0732029
-0.142972 0.985424 -0.092184 15.4889 -0.989645 -0.143533 0.00055219 -74.5075 -0.0126873 0.0913084 0.995742 0.0389771
-0.143096 0.985301 -0.0933052 15.2376 -0.989623 -0.143688 0.000376578 -76.2498 -0.0130358 0.0923909 0.995637 0.0327386
-0.142953 0.985198 -0.0946041 15.0026 -0.989644 -0.143546 0.00053954 -77.9706 -0.0130485 0.0937014 0.995515 0.00566641
-0.142864 0.985254 -0.0941556 14.7434 -0.989666 -0.143387 0.00121357 -79.7269 -0.012305 0.093356 0.995557 -0.00757395
-0.143743 0.985152 -0.0938834 14.4994 -0.989549 -0.144185 0.00209204 -81.5042 -0.0114756 0.0932029 0.995581 -0.0256553
-0.144438 0.985137 -0.0929692 14.2365 -0.989454 -0.144824 0.00261951 -83.2897 -0.0108836 0.0923671 0.995666 -0.0424791
-0.145821 0.985026 -0.0919738 13.9838 -0.989255 -0.146166 0.00300897 -85.0925 -0.0104796 0.0914243 0.995757 -0.0500977
-0.146828 0.984927 -0.0914353 13.7163 -0.989102 -0.14721 0.00258886 -86.9002 -0.0109104 0.090819 0.995808 -0.0688959
-0.147546 0.984857 -0.0910278 13.4519 -0.988988 -0.147986 0.00192949 -88.7308 -0.0115706 0.0903101 0.995846 -0.0768063
-0.148003 0.984984 -0.0888869 13.1916 -0.988914 -0.148483 0.00121823 -90.5545 -0.0119983 0.0880819 0.996041 -0.105727
-0.150259 0.984652 -0.0887897 12.924 -0.98858 -0.150683 0.00194576 -92.4324 -0.0114632 0.0880681 0.996048 -0.113718
-0.152391 0.98446 -0.0872647 12.6387 -0.988261 -0.152753 0.00254466 -94.297 -0.0108248 0.086628 0.996182 -0.136123
-0.156818 0.983771 -0.0871964 12.3512 -0.987572 -0.157136 0.00324797 -96.1836 -0.0105064 0.086622 0.996186 -0.143073
-0.161113 0.983195 -0.0858498 12.0568 -0.986873 -0.161473 0.00277604 -98.0652 -0.0111331 0.0851702 0.996304 -0.163466
-0.16584 0.98255 -0.0842156 11.7557 -0.986081 -0.166252 0.00215329 -99.9645 -0.0118853 0.0834005 0.996445 -0.185267
-0.171149 0.981759 -0.0828044 11.4369 -0.985178 -0.17151 0.00278485 -101.891 -0.0114677 0.0820537 0.996562 -0.197559
-0.175294 0.981014 -0.0829712 11.0994 -0.98446 -0.175558 0.00415829 -103.81 -0.0104869 0.0824108 0.996543 -0.203678
-0.180162 0.980182 -0.0823757 10.7661 -0.983595 -0.180298 0.0058441 -105.732 -0.00912392 0.0820772 0.996584 -0.213346
-0.185734 0.979273 -0.0807978 10.4213 -0.982561 -0.185832 0.00637107 -107.681 -0.00877578 0.0805721 0.99671 -0.224909
-0.190435 0.978482 -0.0794241 10.063 -0.981655 -0.190577 0.00586335 -109.623 -0.00939921 0.0790837 0.996824 -0.233052
-0.196228 0.977512 -0.0772347 9.68699 -0.980508 -0.196406 0.00535829 -111.582 -0.00993155 0.0767807 0.996999 -0.246557
-0.201382 0.976482 -0.0769978 9.30113 -0.97945 -0.201636 0.00454943 -113.542 -0.0110831 0.0763317 0.997021 -0.253975
-0.206668 0.975389 -0.076845 8.90046 -0.978341 -0.206954 0.00431279 -115.516 -0.0116967 0.0760719 0.997034 -0.272235
-0.212728 0.974039 -0.07743 8.49096 -0.97705 -0.212933 0.00570457 -117.512 -0.0109309 0.0768665 0.996981 -0.27698
-0.218221 0.972906 -0.0763788 8.05777 -0.975845 -0.218366 0.00655003 -119.487 -0.010306 0.0759633 0.997057 -0.293288
-0.224179 0.971495 -0.0770742 7.61754 -0.974488 -0.224344 0.00662897 -121.47 -0.0108511 0.0765939 0.997003 -0.298244
-0.230151 0.970128 -0.0766991 7.16749 -0.97309 -0.230333 0.00659322 -123.473 -0.01127 0.0761525 0.997032 -0.312623
-0.234988 0.969021 -0.0760209 6.69788 -0.971938 -0.235123 0.00729794 -125.477 -0.0108024 0.0756025 0.99708 -0.32303
-0.240686 0.967745 -0.0744288 6.2096 -0.970542 -0.240821 0.00729845 -127.504 -0.010861 0.073993 0.9972 -0.334154
-0.244551 0.966668 -0.0758093 5.71311 -0.969564 -0.244737 0.00696669 -129.513 -0.0118189 0.0752057 0.997098 -0.347437
-0.248401 0.96549 -0.0782685 5.20677 -0.968569 -0.248657 0.0066209 -131.538 -0.0130696 0.0774531 0.99691 -0.363011
-0.252355 0.964371 -0.0794101 4.68545 -0.967548 -0.252578 0.00739184 -133.585 -0.0129287 0.0786984 0.996815 -0.374623
-0.254991 0.963674 -0.079445 4.15909 -0.96686 -0.255188 0.00783204 -135.6 -0.0127259 0.0788093 0.996808 -0.393158
-0.258498 0.962791 -0.0788117 3.62988 -0.965925 -0.258708 0.00771218 -137.629 -0.012964 0.0781197 0.99686 -0.414614
-0.262623 0.961777 -0.0775535 3.08405 -0.964815 -0.262809 0.00798421 -139.703 -0.0127027 0.0769216 0.996956 -0.428345
-0.266823 0.960765 -0.0757358 2.53137 -0.96367 -0.266961 0.00848872 -141.772 -0.0120628 0.0752493 0.997092 -0.44269
-0.271572 0.959454 -0.0754781 1.97738 -0.962338 -0.271722 0.00846494 -143.85 -0.0123874 0.0749343 0.997112 -0.462595
-0.276056 0.958147 -0.0758108 1.3964 -0.961061 -0.276193 0.00888958 -145.915 -0.0124208 0.0753128 0.997083 -0.471755
-0.280377 0.956955 -0.0750077 0.812764 -0.959814 -0.280479 0.00938385 -147.986 -0.0120582 0.0746245 0.997139 -0.490993
-0.285343 0.955552 -0.0741638 0.210075 -0.958346 -0.285458 0.0092691 -150.094 -0.0123135 0.0737194 0.997203 -0.503869
-0.289046 0.954435 -0.0742088 -0.405593 -0.957224 -0.289218 0.00865273 -152.148 -0.013204 0.0735355 0.997205 -0.521045
-0.293292 0.95309 -0.0748312 -1.02972 -0.955927 -0.293469 0.0088631 -154.255 -0.0135133 0.0741327 0.997157 -0.539273
-0.29763 0.951675 -0.0757038 -1.67198 -0.954586 -0.297783 0.00952227 -156.399 -0.0134812 0.0750999 0.997085 -0.553887
-0.300815 0.950699 -0.0753737 -2.32503 -0.953595 -0.300916 0.0102763 -158.484 -0.0129115 0.0749672 0.997102 -0.573885
-0.304543 0.949526 -0.075187 -2.98094 -0.952429 -0.304522 0.0120169 -160.602 -0.0114858 0.07527 0.997097 -0.581833
-0.30848 0.948208 -0.0757741 -3.65636 -0.951168 -0.308395 0.0131166 -162.74 -0.010931 0.0761201 0.997039 -0.599279
-0.311373 0.94733 -0.0749229 -4.33275 -0.950231 -0.311247 0.0136471 -164.849 -0.0103912 0.0754434 0.997096 -0.608581
-0.315295 0.946067 -0.0744785 -5.02076 -0.948933 -0.315188 0.0134868 -166.981 -0.0107153 0.0749275 0.997131 -0.627184
-0.318778 0.944868 -0.0748652 -5.72382 -0.947769 -0.318655 0.0138966 -169.123 -0.0107257 0.0753849 0.997097 -0.634307
-0.322746 0.943443 -0.0758352 -6.44254 -0.946419 -0.322633 0.0140755 -171.25 -0.0111876 0.0763147 0.997021 -0.649889
-0.326316 0.942006 -0.0783699 -7.16181 -0.945187 -0.326203 0.0145974 -173.396 -0.0118137 0.0788376 0.996817 -0.661408
-0.328616 0.941136 -0.079212 -7.89847 -0.94438 -0.328548 0.014256 -175.532 -0.0126082 0.0794909 0.996756 -0.68012
-0.331281 0.940187 -0.0793789 -8.63837 -0.943438 -0.33126 0.0138123 -177.699 -0.0133089 0.0794648 0.996749 -0.692357
-0.334373 0.939226 -0.0777807 -9.4028 -0.942352 -0.334332 0.0139437 -179.875 -0.0129083 0.0779592 0.996873 -0.713213
-0.337262 0.938329 -0.076107 -10.1643 -0.941346 -0.337085 0.0155566 -182.024 -0.0110572 0.0768896 0.996978 -0.73242
-0.340616 0.937201 -0.0750727 -10.9289 -0.940154 -0.340321 0.0170773 -184.206 -0.00954401 0.0763967 0.997032 -0.733258
-0.344186 0.936019 -0.0735196 -11.7169 -0.938865 -0.343803 0.0181998 -186.409 -0.00824089 0.0752892 0.997128 -0.755211
-0.347001 0.935105 -0.0718982 -12.4957 -0.937837 -0.346563 0.0188884 -188.571 -0.00725462 0.0739831 0.997233 -0.76192
-0.3513 0.933442 -0.0726182 -13.3084 -0.936233 -0.350848 0.0193136 -190.772 -0.00744981 0.0747725 0.997173 -0.761496
-0.354533 0.93223 -0.0724798 -14.1212 -0.935007 -0.354141 0.0186214 -192.955 -0.00830862 0.074371 0.997196 -0.773796
-0.358067 0.930869 -0.0726034 -14.9456 -0.93365 -0.357735 0.017985 -195.144 -0.0092311 0.074226 0.997199 -0.779847
-0.362446 0.929178 -0.0725294 -15.7904 -0.931954 -0.36214 0.017799 -197.364 -0.00972732 0.0740452 0.997207 -0.787737
-0.365683 0.928 -0.0713524 -16.6277 -0.930692 -0.365365 0.0179276 -199.548 -0.00943283 0.0729629 0.99729 -0.798575
-0.369449 0.9266 -0.070148 -17.4829 -0.92921 -0.369085 0.0185507 -201.754 -0.0087015 0.0720358 0.997364 -0.808122
-0.373353 0.925048 -0.0699483 -18.3562 -0.927647 -0.372995 0.0186028 -203.967 -0.00888184 0.0718327 0.997377 -0.812572
-0.375491 0.924125 -0.0707105 -19.2375 -0.926785 -0.375098 0.0192535 -206.18 -0.00873075 0.0727629 0.997311 -0.810966
-0.378678 0.92274 -0.0717937 -20.1385 -0.92548 -0.378313 0.0191492 -208.374 -0.00949072 0.073695 0.997236 -0.817992
-0.380881 0.921688 -0.0736286 -21.0225 -0.924566 -0.380542 0.0191311 -210.589 -0.0103858 0.0753612 0.997102 -0.828432
-0.383412 0.920557 -0.074625 -21.9267 -0.923516 -0.383064 0.0194983 -212.8 -0.0106369 0.0763933 0.997021 -0.837144
-0.386389 0.919357 -0.0740706 -22.8484 -0.922281 -0.385995 0.0201331 -215.014 -0.0100814 0.0760931 0.99705 -0.838528
-0.388742 0.918421 -0.0733649 -23.7642 -0.921297 -0.388314 0.0206035 -217.217 -0.00956592 0.0756003 0.997092 -0.853525
-0.39151 0.917303 -0.0726242 -24.6809 -0.920133 -0.391013 0.0215295 -219.424 -0.00864792 0.075253 0.997127 -0.855614
-0.395082 0.915839 -0.0717569 -25.6257 -0.918613 -0.394523 0.0224013 -221.656 -0.00779382 0.0747672 0.997171 -0.851052
-0.397263 0.915056 -0.0696698 -26.5585 -0.917679 -0.396672 0.0227143 -223.841 -0.00685117 0.0729581 0.997311 -0.859537
-0.400258 0.913733 -0.0698922 -27.5089 -0.916379 -0.39963 0.0233553 -226.039 -0.00659057 0.0733959 0.997281 -0.856917
-0.403425 0.912183 -0.0719087 -28.4758 -0.914979 -0.402835 0.02317 -228.255 -0.00783207 0.0751423 0.997142 -0.845445
-0.405114 0.911402 -0.0723132 -29.4359 -0.914221 -0.404608 0.022167 -230.463 -0.00905549 0.0750905 0.997136 -0.85158
-0.408749 0.909817 -0.0718173 -30.4082 -0.912597 -0.408283 0.0217228 -232.682 -0.00955805 0.0744194 0.997181 -0.858103
-0.411354 0.908752 -0.070416 -31.3767 -0.911429 -0.410886 0.0216697 -234.863 -0.00924065 0.0730931 0.997282 -0.854409
-0.414711 0.907326 -0.0690998 -32.362 -0.909906 -0.414262 0.0213815 -237.061 -0.00922542 0.0717415 0.997381 -0.868031
-0.418598 0.905595 -0.0683642 -33.351 -0.90812 -0.418191 0.0208527 -239.277 -0.0097052 0.0708118 0.997442 -0.870217
-0.421685 0.904217 -0.0676239 -34.3545 -0.906688 -0.4213 0.0205609 -241.465 -0.00989843 0.069984 0.997499 -0.869225
-0.425281 0.902573 -0.0670585 -35.3553 -0.905005 -0.424914 0.0203586 -243.64 -0.010119 0.0693463 0.997541 -0.87718
-0.429656 0.900556 -0.0662949 -36.3753 -0.90293 -0.429331 0.0198035 -245.835 -0.0106283 0.0683683 0.997604 -0.87639
-0.433151 0.898925 -0.0656869 -37.397 -0.901257 -0.432838 0.0196676 -248.01 -0.0107521 0.0677199 0.997646 -0.886012
-0.437084 0.897045 -0.0653194 -38.4308 -0.899358 -0.436753 0.0200298 -250.186 -0.0105608 0.0675002 0.997663 -0.891215
-0.441168 0.895032 -0.0654821 -39.481 -0.897362 -0.440825 0.0203867 -252.362 -0.0106194 0.067755 0.997645 -0.892468
-0.444232 0.893535 -0.0652076 -40.5454 -0.895848 -0.44389 0.0204432 -254.531 -0.0106783 0.0674976 0.997662 -0.9012
-0.44865 0.891411 -0.0640287 -41.6142 -0.893645 -0.448309 0.0204084 -256.705 -0.0105124 0.0663752 0.997739 -0.904636
-0.451728 0.889853 -0.0640578 -42.6907 -0.892096 -0.451365 0.0208514 -258.845 -0.0103587 0.0665649 0.997728 -0.923103
-0.455299 0.888004 -0.0644294 -43.7759 -0.890279 -0.454912 0.0214222 -261.005 -0.0102866 0.0671137 0.997692 -0.935914
-0.459357 0.885861 -0.0651356 -44.8794 -0.888196 -0.458912 0.0225181 -263.197 -0.00994364 0.0681971 0.997622 -0.934079
-0.462158 0.884304 -0.0664512 -45.9831 -0.88675 -0.461611 0.0242817 -265.333 -0.00920223 0.0701476 0.997494 -0.93979
-0.465277 0.882604 -0.0672812 -47.0991 -0.885119 -0.464679 0.0252319 -267.48 -0.00899439 0.0712918 0.997415 -0.955234
-0.468705 0.880706 -0.0683559 -48.2255 -0.883316 -0.468002 0.02696 -269.658 -0.00824685 0.0730162 0.997297 -0.958664
-0.471094 0.879361 -0.0692372 -49.3628 -0.882057 -0.47023 0.0293127 -271.811 -0.006781 0.0748802 0.997169 -0.961537
-0.474449 0.877481 -0.0701786 -50.51 -0.880256 -0.473548 0.030024 -273.978 -0.00688744 0.07602 0.997083 -0.970483
-0.477476 0.87587 -0.0697829 -51.6712 -0.878623 -0.476522 0.0308048 -276.15 -0.00627211 0.0760213 0.997086 -0.972459
-0.480733 0.874147 -0.0690153 -52.8231 -0.876847 -0.47976 0.0311321 -278.325 -0.00589677 0.0754821 0.99713 -0.987227
-0.484582 0.872005 -0.069187 -54.0255 -0.874728 -0.483551 0.0320713 -280.53 -0.00548905 0.076061 0.997088 -0.99445
-0.487403 0.87051 -0.0681911 -55.2186 -0.873163 -0.486352 0.0323767 -282.711 -0.00498061 0.0753225 0.997147 -0.999495
-0.490302 0.868996 -0.0667042 -56.4372 -0.871541 -0.489255 0.0323475 -284.914 -0.00452551 0.0739955 0.997248 -1.01071
-0.493639 0.86702 -0.0678011 -57.6553 -0.869652 -0.492587 0.0326099 -287.122 -0.00512453 0.0750609 0.997166 -1.00981
-0.495203 0.866006 -0.069333 -58.9018 -0.868757 -0.494159 0.0326878 -289.319 -0.00595376 0.0764206 0.997058 -1.01464
-0.497378 0.864671 -0.0704257 -60.1509 -0.867507 -0.496359 0.0325443 -291.531 -0.0068163 0.0772816 0.996986 -1.01834
-0.499986 0.863167 -0.070404 -61.4099 -0.866004 -0.498984 0.032444 -293.774 -0.00712588 0.0771917 0.996991 -1.02716
-0.50181 0.862101 -0.0704956 -62.6822 -0.864944 -0.500849 0.0319908 -295.978 -0.0077283 0.077028 0.996999 -1.04868
-0.504682 0.860324 -0.0716766 -63.9854 -0.86326 -0.503766 0.0316697 -298.235 -0.00886199 0.0778587 0.996925 -1.05948
-0.5064 0.859263 -0.0722958 -65.2633 -0.862247 -0.505506 0.0315233 -300.451 -0.00945914 0.0783003 0.996885 -1.0704
-0.508589 0.858041 -0.0714294 -66.562 -0.860966 -0.507637 0.032268 -302.688 -0.00857296 0.0779095 0.996924 -1.08855
-0.511674 0.856403 -0.0690168 -67.8815 -0.859156 -0.510599 0.0337536 -304.945 -0.00633321 0.0765671 0.997044 -1.09199
-0.514325 0.854934 -0.0675148 -69.2105 -0.857573 -0.513277 0.0333881 -307.193 -0.00610914 0.0750712 0.997159 -1.10358
-0.518596 0.85245 -0.0662355 -70.5476 -0.854987 -0.517695 0.0314541 -309.457 -0.0074767 0.0729425 0.997308 -1.11751
-0.523757 0.849399 -0.0648029 -71.9131 -0.851821 -0.523008 0.0293966 -311.749 -0.00892297 0.0705971 0.997465 -1.13165
-0.527868 0.846871 -0.0645326 -73.2832 -0.849264 -0.527225 0.0280033 -313.986 -0.010308 0.0695873 0.997523 -1.15135
-0.532251 0.844114 -0.0646585 -74.6739 -0.846516 -0.53164 0.0277575 -316.256 -0.0109446 0.0695084 0.997521 -1.16756
-0.537298 0.840776 -0.0663815 -76.081 -0.843317 -0.536635 0.0289614 -318.508 -0.0112726 0.0715415 0.997374 -1.18793
-0.540775 0.838495 -0.0670022 -77.5061 -0.841095 -0.540057 0.0299608 -320.775 -0.0110631 0.0725572 0.997303 -1.20441
-0.545065 0.835655 -0.0677158 -78.9515 -0.838306 -0.544394 0.0296178 -323.054 -0.0121139 0.0729102 0.997265 -1.22127
-0.548328 0.833407 -0.0690533 -80.4103 -0.836146 -0.547763 0.0285713 -325.301 -0.0140133 0.0734051 0.997204 -1.24389
-0.552025 0.831003 -0.0685789 -81.8707 -0.833686 -0.551579 0.0269888 -327.556 -0.015399 0.0720717 0.997281 -1.2647
-0.556543 0.828031 -0.0680021 -83.3509 -0.830666 -0.556141 0.0264543 -329.829 -0.0159137 0.07121 0.997334 -1.28244
-0.560116 0.825628 -0.0678798 -84.8349 -0.828248 -0.559763 0.0259128 -332.066 -0.0166022 0.0707355 0.997357 -1.31309
-0.564031 0.822816 -0.0695934 -86.3444 -0.825566 -0.563694 0.0262638 -334.306 -0.0176192 0.0722676 0.99723 -1.33635
-0.568515 0.819693 -0.0699581 -87.8568 -0.822453 -0.568272 0.0252703 -336.56 -0.0190413 0.0719038 0.99723 -1.35755
-0.57168 0.817575 -0.0689427 -89.376 -0.820242 -0.571504 0.0242085 -338.779 -0.0196088 0.0703892 0.997327 -1.39261
-0.574982 0.815212 -0.0694708 -90.9119 -0.817904 -0.574872 0.0235676 -341.004 -0.0207242 0.0703714 0.997306 -1.43024
-0.578287 0.812794 -0.0703635 -92.4729 -0.815531 -0.578266 0.0227368 -343.244 -0.0222085 0.070532 0.997262 -1.46736
-0.580627 0.811324 -0.0680128 -94.0343 -0.813868 -0.580656 0.0213744 -345.459 -0.0221505 0.067764 0.997455 -1.49975
-0.584064 0.809139 -0.06453 -95.6028 -0.811437 -0.584073 0.0206874 -347.705 -0.0209513 0.0644448 0.997701 -1.54515
-0.586959 0.807369 -0.0602819 -97.1665 -0.809375 -0.586975 0.0193188 -349.893 -0.0197865 0.06013 0.997994 -1.58277
-0.589899 0.805288 -0.0594083 -98.7407 -0.807202 -0.590021 0.0173495 -352.105 -0.0210808 0.058189 0.998083 -1.61845
-0.593147 0.802745 -0.0614579 -100.357 -0.804761 -0.593368 0.0165629 -354.338 -0.0231714 0.0592832 0.997972 -1.66046
-0.59608 0.800614 -0.0608812 -101.928 -0.802602 -0.596275 0.0168937 -356.493 -0.0227766 0.0589334 0.998002 -1.6974
-0.598977 0.798628 -0.0584795 -103.538 -0.800441 -0.599215 0.0153122 -358.694 -0.0228131 0.0559811 0.998171 -1.73526
-0.602296 0.79607 -0.0592583 -105.173 -0.797862 -0.602706 0.0127004 -360.91 -0.025605 0.0549294 0.998162 -1.79197
-0.604712 0.794311 -0.0582481 -106.804 -0.795981 -0.605235 0.0102169 -363.089 -0.0271384 0.0525427 0.99825 -1.83648
-0.6081 0.791788 -0.0573159 -108.418 -0.793384 -0.608649 0.00935144 -365.248 -0.0274809 0.0511602 0.998312 -1.89154
-0.611184 0.789451 -0.0567614 -110.072 -0.791006 -0.611742 0.00898667 -367.428 -0.0276288 0.0503912 0.998347 -1.94209
-0.61345 0.787671 -0.057042 -111.725 -0.789227 -0.614041 0.00856321 -369.596 -0.0282811 0.0502722 0.998335 -1.99259
-0.616302 0.785433 -0.0571529 -113.381 -0.786973 -0.616936 0.00788633 -371.747 -0.0290655 0.0498382 0.998334 -2.04394
-0.618796 0.783681 -0.0541745 -115.051 -0.785017 -0.619447 0.00583991 -373.911 -0.0289816 0.0461416 0.998514 -2.08607
-0.621569 0.782099 -0.04442 -116.699 -0.782927 -0.62211 0.00206263 -376.03 -0.0260209 0.0360597 0.999011 -2.13317
-0.625691 0.779302 -0.0346317 -118.343 -0.779888 -0.625889 0.00612366 -378.175 -0.0169034 0.0308404 0.999381 -2.21403
-0.62785 0.777419 -0.0377309 -120.046 -0.778235 -0.627805 0.0145232 -380.301 -0.012397 0.0384819 0.999182 -2.20223
-0.629003 0.776057 -0.0457357 -121.739 -0.777227 -0.629023 0.015761 -382.408 -0.0165374 0.0454608 0.998829 -2.20194
-0.630785 0.774203 -0.052157 -123.435 -0.775469 -0.631346 0.00698591 -384.511 -0.0275206 0.0448528 0.998614 -2.24322
-0.632558 0.772669 -0.0534124 -125.15 -0.773658 -0.633595 -0.00327863 -386.649 -0.0363751 0.039249 0.998567 -2.3168
-0.63606 0.769932 -0.0513154 -126.837 -0.770611 -0.637239 -0.00927151 -388.763 -0.0398386 0.033647 0.998639 -2.40604
-0.638646 0.767836 -0.0505932 -128.562 -0.768476 -0.639807 -0.00954012 -390.883 -0.0396951 0.0327869 0.998674 -2.49487
-0.64106 0.76566 -0.0529751 -130.279 -0.766552 -0.642161 -0.00511892 -392.957 -0.0379379 0.0373266 0.998583 -2.56138
-0.644003 0.763137 -0.0536773 -131.984 -0.764261 -0.644906 0.000644567 -395.003 -0.0341249 0.0414386 0.998558 -2.61501
-0.646111 0.761419 -0.0527347 -133.713 -0.762611 -0.646845 0.0040068 -397.08 -0.0310603 0.0428049 0.998601 -2.68341
-0.648985 0.758941 -0.0531696 -135.453 -0.760157 -0.649725 0.00426429 -399.145 -0.0313093 0.0431847 0.998576 -2.74754
-0.652406 0.755912 -0.0544418 -137.206 -0.757167 -0.65321 0.00387574 -401.209 -0.0326322 0.0437501 0.998509 -2.81065
-0.654157 0.754314 -0.0555861 -138.958 -0.755589 -0.65504 0.00302035 -403.268 -0.0341328 0.043976 0.998449 -2.87591
-0.655933 0.752721 -0.0562352 -140.707 -0.754022 -0.656843 0.00300176 -405.307 -0.0346782 0.0443715 0.998413 -2.93874
-0.657865 0.751028 -0.0563111 -142.464 -0.752347 -0.658757 0.00352428 -407.34 -0.0344485 0.044684 0.998407 -3.00883
-0.65858 0.750341 -0.0571125 -144.235 -0.751707 -0.659486 0.00385478 -409.378 -0.0347725 0.0454706 0.99836 -3.07861
-0.6603 0.748668 -0.0591638 -146.007 -0.750114 -0.661299 0.00348376 -411.411 -0.0365168 0.0466799 0.998242 -3.14485
-0.660587 0.748172 -0.0621588 -147.771 -0.749734 -0.661734 0.00280617 -413.439 -0.0390331 0.0484563 0.998062 -3.2213
-0.66154 0.747126 -0.0645591 -149.551 -0.748793 -0.662799 0.00250459 -415.464 -0.0409185 0.0499982 0.997911 -3.29697
-0.663553 0.745485 -0.062848 -151.335 -0.747068 -0.664743 0.0026027 -417.497 -0.0398375 0.0486788 0.99802 -3.37408
-0.664542 0.744993 -0.0580475 -153.1 -0.746337 -0.665565 0.00226788 -419.518 -0.0369448 0.0448301 0.998311 -3.45632
-0.665852 0.744067 -0.0548184 -154.867 -0.745264 -0.666766 0.00213525 -421.531 -0.0349622 0.0422759 0.998494 -3.53857
-0.667626 0.742482 -0.0547369 -156.656 -0.743647 -0.668571 0.00138763 -423.542 -0.0355652 0.0416313 0.9985 -3.60776
-0.667907 0.74234 -0.0532195 -158.434 -0.743388 -0.668861 -0.000156503 -425.556 -0.0357126 0.0394582 0.998583 -3.66225
-0.668863 0.741671 -0.0504588 -160.208 -0.74259 -0.669746 -0.000802169 -427.558 -0.0343896 0.0369337 0.998726 -3.74228
-0.670286 0.740425 -0.0498714 -162.015 -0.741292 -0.67118 -0.00162102 -429.567 -0.0346729 0.0358827 0.998754 -3.81054
-0.670048 0.740517 -0.0516708 -163.792 -0.741405 -0.671052 -0.0028825 -431.566 -0.0368083 0.0363776 0.99866 -3.87527
-0.670482 0.739851 -0.0554436 -165.609 -0.740839 -0.671671 -0.00393625 -433.565 -0.0401521 0.0384356 0.998454 -3.95925
-0.668544 0.741054 -0.0623505 -167.379 -0.742271 -0.67008 -0.00520692 -435.564 -0.0456384 0.0427999 0.998041 -4.0459
-0.666831 0.742126 -0.0677227 -169.177 -0.743511 -0.66869 -0.00674034 -437.556 -0.0502877 0.0458579 0.997681 -4.12605
-0.666096 0.743177 -0.0632823 -170.969 -0.744261 -0.667829 -0.00892965 -439.549 -0.048898 0.0411505 0.997956 -4.23676
-0.664922 0.744965 -0.0539113 -172.723 -0.745674 -0.666243 -0.00950631 -441.577 -0.0429999 0.0338793 0.9985 -4.34873
-0.663468 0.746615 -0.0487383 -174.487 -0.747097 -0.664622 -0.0111228 -443.595 -0.040697 0.0290325 0.99875 -4.44955
-0.661594 0.748373 -0.0472377 -176.265 -0.748792 -0.662702 -0.0116967 -445.604 -0.040058 0.0276327 0.998815 -4.53135
-0.658334 0.751156 -0.0485847 -178.005 -0.751628 -0.659488 -0.0114551 -447.614 -0.0406457 0.0289763 0.998753 -4.60228
-0.655503 0.753569 -0.0494948 -179.758 -0.754087 -0.656681 -0.0110775 -449.642 -0.04085 0.030062 0.998713 -4.69136
-0.654041 0.755081 -0.0456498 -181.508 -0.755479 -0.655074 -0.0113715 -451.644 -0.0384904 0.0270501 0.998893 -4.76349
-0.651737 0.757361 -0.0405326 -183.231 -0.757481 -0.652672 -0.0155374 -453.693 -0.0382219 0.0205763 0.999057 -4.84698
-0.651646 0.757702 -0.0352963 -184.965 -0.757521 -0.652471 -0.0210516 -455.731 -0.0389806 0.0130195 0.999155 -4.94044
-0.650785 0.75872 -0.0286859 -186.689 -0.75834 -0.651392 -0.0246865 -457.798 -0.0374159 0.00568802 0.999284 -5.01507
-0.650165 0.759335 -0.0263756 -188.395 -0.758929 -0.65069 -0.0250973 -459.825 -0.0362196 0.00369986 0.999337 -5.09051
-0.649558 0.759762 -0.0289142 -190.143 -0.75935 -0.650179 -0.0255706 -461.87 -0.038227 0.00534645 0.999255 -5.15982
-0.647568 0.761338 -0.0319395 -191.865 -0.760899 -0.648318 -0.0267612 -463.904 -0.0410812 0.00697302 0.999131 -5.22788
-0.646228 0.762474 -0.0319744 -193.581 -0.761966 -0.646991 -0.0284794 -465.946 -0.042402 0.00595919 0.999083 -5.3172
-0.645622 0.763091 -0.0293916 -195.295 -0.762543 -0.646281 -0.0291398 -467.993 -0.0412316 0.00359907 0.999143 -5.40935
-0.64452 0.764102 -0.0272345 -197.002 -0.7636 -0.645089 -0.0278366 -470.042 -0.0388387 0.00285499 0.999241 -5.4976
-0.643471 0.765007 -0.0266351 -198.706 -0.764559 -0.644013 -0.0263883 -472.086 -0.0373406 0.00338396 0.999297 -5.57698
-0.642638 0.76562 -0.0290182 -200.423 -0.765185 -0.643271 -0.0263482 -474.139 -0.0388393 0.00527197 0.999232 -5.64191
-0.64093 0.766971 -0.0310449 -202.107 -0.766552 -0.641644 -0.0262936 -476.16 -0.0400862 0.0069452 0.999172 -5.71961
-0.640234 0.767537 -0.031414 -203.813 -0.767113 -0.640965 -0.026508 -478.232 -0.0404812 0.00712677 0.999155 -5.80367
-0.63906 0.768526 -0.0311416 -205.518 -0.76808 -0.639784 -0.0270169 -480.298 -0.0406871 0.00665378 0.99915 -5.88551
-0.638198 0.76922 -0.0316796 -207.221 -0.768746 -0.63895 -0.0277954 -482.353 -0.0416225 0.00661455 0.999112 -5.97326
-0.637923 0.769441 -0.0318494 -208.897 -0.76893 -0.638688 -0.0287272 -484.413 -0.0424457 0.00616422 0.99908 -6.05731
-0.636888 0.770355 -0.0304412 -210.578 -0.769861 -0.637592 -0.0281257 -486.464 -0.0410758 0.00552258 0.999141 -6.14573
-0.63639 0.770795 -0.0297057 -212.261 -0.770338 -0.637059 -0.0271351 -488.525 -0.0398398 0.00561488 0.99919 -6.2326
-0.636357 0.770791 -0.0305147 -213.965 -0.770313 -0.637062 -0.0277613 -490.6 -0.0408379 0.00583972 0.999149 -6.31104
-0.635355 0.771606 -0.0308076 -215.637 -0.771086 -0.636078 -0.0288416 -492.653 -0.0418504 0.00543066 0.999109 -6.39321
-0.635334 0.771647 -0.0301912 -217.324 -0.771078 -0.636036 -0.0299472 -494.741 -0.0423114 0.00425325 0.999095 -6.48156
-0.636066 0.771047 -0.0301096 -219.007 -0.770451 -0.636767 -0.0305502 -496.81 -0.0427284 0.00376597 0.99908 -6.56829
-0.635818 0.771259 -0.0299136 -220.692 -0.770678 -0.636509 -0.0301817 -498.867 -0.0423182 0.00386373 0.999097 -6.65933
-0.636573 0.770629 -0.0300958 -222.372 -0.770052 -0.637271 -0.0301039 -500.93 -0.0423781 0.00401202 0.999094 -6.74181
-0.636098 0.770995 -0.0307615 -224.065 -0.770367 -0.636831 -0.0313214 -502.993 -0.0437385 0.00377419 0.999036 -6.83034
-0.63633 0.770789 -0.0311242 -225.751 -0.7701 -0.637083 -0.0327279 -505.074 -0.045055 0.00314301 0.99898 -6.92686
-0.637232 0.770046 -0.0310357 -227.426 -0.76932 -0.637983 -0.0335338 -507.137 -0.0456229 0.00250756 0.998956 -7.01378
-0.636833 0.770413 -0.030137 -229.108 -0.769693 -0.637543 -0.0333493 -509.18 -0.0449063 0.00195834 0.998989 -7.11423
-0.636794 0.770461 -0.0297233 -230.797 -0.769761 -0.637484 -0.0328975 -511.249 -0.0442943 0.00193093 0.999017 -7.21221
-0.637298 0.770026 -0.0301886 -232.486 -0.769338 -0.638008 -0.032627 -513.309 -0.0443842 0.00243209 0.999012 -7.30174
-0.636587 0.770608 -0.0303328 -234.168 -0.769918 -0.637304 -0.0327111 -515.372 -0.0445386 0.0025303 0.999004 -7.3964
-0.637329 0.770003 -0.0301253 -235.852 -0.769297 -0.638037 -0.0330167 -517.424 -0.044644 0.00213279 0.999001 -7.48426
-0.636517 0.77071 -0.0291885 -237.538 -0.770013 -0.637184 -0.0328226 -519.5 -0.0438952 0.00158338 0.999035 -7.57487
-0.636597 0.770641 -0.0292688 -239.202 -0.769919 -0.637268 -0.0333813 -521.541 -0.044377 0.00128418 0.999014 -7.67472
-0.636868 0.770381 -0.0301954 -240.901 -0.769619 -0.637582 -0.0342806 -523.622 -0.0456612 0.00140675 0.998956 -7.76444
-0.636038 0.771039 -0.030903 -242.585 -0.770227 -0.636787 -0.0354008 -525.682 -0.046974 0.00128603 0.998895 -7.86739
-0.635865 0.771177 -0.0309916 -244.264 -0.770387 -0.636618 -0.0349508 -527.744 -0.0466831 0.00165154 0.998908 -7.96445
-0.636223 0.770851 -0.0317586 -245.955 -0.770108 -0.637009 -0.0339647 -529.806 -0.0464122 0.0028484 0.998918 -8.05649
-0.635318 0.771566 -0.0325144 -247.64 -0.770823 -0.63614 -0.0340354 -531.88 -0.0469442 0.0034396 0.998892 -8.15673
-0.635264 0.77161 -0.0325365 -249.325 -0.770825 -0.63609 -0.0349069 -533.937 -0.0476307 0.00290483 0.998861 -8.25757
-0.635994 0.771038 -0.0318141 -251.011 -0.770239 -0.636785 -0.0351565 -536.006 -0.0473657 0.00214516 0.998875 -8.3621
-0.635688 0.771308 -0.0313763 -252.681 -0.770506 -0.636459 -0.0352126 -538.057 -0.0471295 0.00179138 0.998887 -8.45746
-0.635723 0.771246 -0.0321896 -254.365 -0.770399 -0.636535 -0.0361746 -540.143 -0.0483893 0.0018018 0.998827 -8.56169
-0.636532 0.770552 -0.032816 -256.064 -0.769642 -0.637376 -0.0374652 -542.212 -0.049785 0.00140874 0.998759 -8.66308
-0.636148 0.77088 -0.0325608 -257.743 -0.76992 -0.63698 -0.0384602 -544.274 -0.0503887 0.00060285 0.998729 -8.77381
-0.637017 0.770229 -0.0309337 -259.417 -0.769308 -0.637768 -0.0376555 -546.339 -0.0487319 -0.000189679 0.998812 -8.87673
-0.636794 0.770492 -0.0288958 -261.102 -0.769665 -0.637449 -0.0356951 -548.399 -0.0459224 -0.000490349 0.998945 -8.98919
-0.63703 0.770299 -0.0288359 -262.789 -0.769475 -0.637682 -0.0356348 -550.472 -0.0458376 -0.000512001 0.998949 -9.08196
-0.637413 0.7699 -0.0309629 -264.479 -0.769017 -0.638165 -0.036853 -552.509 -0.0481325 0.000320384 0.998841 -9.1849
-0.636891 0.770263 -0.0326154 -266.175 -0.769334 -0.637725 -0.0378356 -554.599 -0.049943 0.000994971 0.998752 -9.29276
-0.636936 0.770203 -0.0331593 -267.849 -0.769296 -0.637796 -0.0373998 -556.659 -0.0499544 0.00168803 0.99875 -9.39377
-0.637518 0.769733 -0.0328888 -269.548 -0.768861 -0.638363 -0.0366717 -558.719 -0.0492224 0.00190805 0.998786 -9.50598
-0.637127 0.770042 -0.0332374 -271.234 -0.769206 -0.637988 -0.0359565 -560.799 -0.0488931 0.0026576 0.9988 -9.61176
-0.637416 0.769754 -0.034337 -272.921 -0.768923 -0.638331 -0.0359212 -562.859 -0.0495688 0.00350572 0.998765 -9.71648
-0.636819 0.770191 -0.0356012 -274.625 -0.769332 -0.6378 -0.0365823 -564.936 -0.0508817 0.00409285 0.998696 -9.82492
-0.636602 0.770361 -0.0358144 -276.305 -0.76947 -0.637597 -0.0372283 -566.991 -0.0515144 0.0038585 0.998665 -9.93618
-0.637002 0.77003 -0.0358116 -277.991 -0.769135 -0.637996 -0.0373022 -569.066 -0.0515715 0.00378241 0.998662 -10.0489
-0.636057 0.770769 -0.0366988 -279.681 -0.769887 -0.637098 -0.0371559 -571.114 -0.0520193 0.00462068 0.998635 -10.1565
-0.635593 0.771096 -0.0378517 -281.375 -0.770179 -0.636699 -0.037932 -573.191 -0.0533494 0.00504327 0.998563 -10.2648
-0.635702 0.771048 -0.0369809 -283.046 -0.770078 -0.636766 -0.0388537 -575.245 -0.0535062 0.00377876 0.99856 -10.3863
-0.635008 0.771657 -0.0361968 -284.736 -0.770603 -0.636035 -0.0403793 -577.33 -0.0541814 0.00225221 0.998529 -10.5067
-0.635124 0.771593 -0.0355142 -286.408 -0.770569 -0.636113 -0.0397872 -579.384 -0.0532906 0.00209632 0.998577 -10.6212
-0.634121 0.772395 -0.0360165 -288.096 -0.771447 -0.635134 -0.0384055 -581.454 -0.0525395 0.0034311 0.998613 -10.7392
-0.633136 0.773161 -0.036887 -289.769 -0.772263 -0.634192 -0.0375489 -583.505 -0.0524248 0.00471286 0.998614 -10.8426
-0.633092 0.773164 -0.0375712 -291.447 -0.77223 -0.634188 -0.0382991 -585.588 -0.0534387 0.00476674 0.99856 -10.9545
-0.632081 0.773937 -0.0386524 -293.125 -0.772984 -0.633239 -0.0387843 -587.651 -0.0544928 0.00536284 0.9985 -11.0769
-0.631705 0.774276 -0.0380347 -294.771 -0.773336 -0.632828 -0.0384814 -589.701 -0.0538646 0.00510474 0.998535 -11.1828
-0.630862 0.774992 -0.03741 -296.469 -0.774057 -0.631953 -0.0383641 -591.786 -0.0533732 0.00475498 0.998563 -11.3041
-0.630387 0.775405 -0.0368708 -298.137 -0.774454 -0.63145 -0.0386212 -593.871 -0.0532292 0.00420837 0.998573 -11.4194
-0.629708 0.775959 -0.0368203 -299.805 -0.774962 -0.630773 -0.0394927 -595.945 -0.05387 0.00366548 0.998541 -11.5335
-0.629643 0.776034 -0.0363426 -301.454 -0.775015 -0.630683 -0.0398867 -597.995 -0.0538741 0.00305167 0.998543 -11.6519
-0.628802 0.776759 -0.0354101 -303.122 -0.775681 -0.629795 -0.0409513 -600.092 -0.0541104 0.00171668 0.998533 -11.766
-0.628914 0.776742 -0.0337574 -304.761 -0.775622 -0.629819 -0.0416927 -602.14 -0.0536455 -3.81251e-05 0.99856 -11.8888
-0.628539 0.777099 -0.0324991 -306.439 -0.775993 -0.629378 -0.0414504 -604.232 -0.0526653 -0.000834126 0.998612 -12.008
-0.628875 0.776781 -0.0335881 -308.115 -0.775666 -0.629771 -0.0415972 -606.327 -0.0534647 -0.000106311 0.99857 -12.1232
-0.628929 0.776691 -0.0346341 -309.738 -0.77551 -0.629882 -0.0428252 -608.354 -0.0550773 -7.4892e-05 0.998482 -12.2355
-0.628732 0.77686 -0.0344296 -311.411 -0.775628 -0.629673 -0.0437413 -610.446 -0.0556603 -0.000796988 0.998449 -12.3645
-0.629113 0.776612 -0.0330197 -313.087 -0.775405 -0.629976 -0.0433258 -612.546 -0.054449 -0.00165317 0.998515 -12.486
-0.629564 0.776291 -0.0319614 -314.726 -0.775157 -0.630373 -0.0419811 -614.597 -0.0527371 -0.00165471 0.998607 -12.6041
-0.629125 0.776666 -0.0314759 -316.411 -0.775603 -0.629911 -0.0406366 -616.689 -0.0513881 -0.0011527 0.998678 -12.7187
-0.629304 0.776501 -0.0319943 -318.047 -0.775454 -0.630116 -0.0403089 -618.748 -0.05146 -0.000556388 0.998675 -12.8313
-0.628948 0.776744 -0.0330684 -319.732 -0.775666 -0.629816 -0.0409044 -620.836 -0.0525993 -7.67207e-05 0.998616 -12.9458
-0.628735 0.776873 -0.0340684 -321.395 -0.77574 -0.629658 -0.0419291 -622.912 -0.054025 6.59641e-05 0.99854 -13.0545
-0.629307 0.776385 -0.0346261 -323.052 -0.775236 -0.630259 -0.0422243 -624.992 -0.0546057 0.00027139 0.998508 -13.1783
-0.628636 0.776949 -0.03417 -324.739 -0.775819 -0.629564 -0.0418828 -627.098 -0.054053 0.000180715 0.998538 -13.2976
-0.628365 0.777189 -0.0336769 -326.397 -0.776067 -0.629267 -0.0417405 -629.175 -0.053632 -9.27676e-05 0.998561 -13.4137
-0.62839 0.777155 -0.0340064 -328.037 -0.776025 -0.62931 -0.0418883 -631.221 -0.0539543 6.76252e-05 0.998543 -13.5337
-0.627584 0.777788 -0.0344078 -329.714 -0.776635 -0.628527 -0.0423391 -633.311 -0.0545571 0.000150937 0.998511 -13.6518
-0.627502 0.77787 -0.034055 -331.378 -0.776694 -0.628426 -0.0427425 -635.411 -0.0546492 -0.000370686 0.998506 -13.7675
