1 0 0 0 0 1 0 0 -0 0 1 0
0.999998 -0.000930486 0.00180903 1.55077 0.000933613 0.999998 -0.00172812 -0.0276882 -0.00180742 0.00172981 0.999997 0.0352638
0.999993 -0.00187943 0.00317856 3.06136 0.00188636 0.999996 -0.00217908 -0.00269761 -0.00317445 0.00218506 0.999993 0.0502014
0.999988 -0.00386255 0.00298381 4.59805 0.00386646 0.999992 -0.00130778 0.0334377 -0.00297873 0.00131931 0.999995 0.0571521
0.999984 -0.00499013 0.00274687 6.11695 0.00499276 0.999987 -0.000950429 0.0432003 -0.00274209 0.000964128 0.999996 0.0650317
0.999973 -0.00663612 0.0031512 7.62343 0.00663853 0.999978 -0.000754859 0.0588947 -0.00314612 0.000775758 0.999995 0.0798497
0.99996 -0.0082947 0.00334224 9.12227 0.00829886 0.999965 -0.00123358 0.0783978 -0.00333189 0.00126127 0.999994 0.0898864
0.99995 -0.00953543 0.00290692 10.6386 0.00954215 0.999952 -0.00230576 0.0966228 -0.00288479 0.00233338 0.999993 0.110053
0.999932 -0.0112946 0.00291498 12.1263 0.0113044 0.99993 -0.00338972 0.11359 -0.00287649 0.00342244 0.99999 0.1184
0.999919 -0.0123966 0.00300324 13.6177 0.0124068 0.999917 -0.00338091 0.140309 -0.00296108 0.0034179 0.99999 0.134996
0.99991 -0.013111 0.0028962 15.119 0.0131196 0.99991 -0.00297047 0.176594 -0.00285699 0.0030082 0.999991 0.142083
0.999894 -0.0141668 0.00328092 16.5963 0.0141732 0.999898 -0.00193747 0.208532 -0.00325314 0.00198376 0.999993 0.158992
0.999884 -0.0146619 0.00409204 18.0846 0.0146631 0.999892 -0.000269975 0.240117 -0.00408764 0.000329946 0.999992 0.167353
0.999878 -0.0148702 0.00471389 19.5427 0.0148693 0.999889 0.000226006 0.277622 -0.00471673 -0.000155886 0.999989 0.176045
0.999861 -0.0159015 0.00495236 21.0295 0.0158993 0.999873 0.000473854 0.309353 -0.00495926 -0.000395049 0.999988 0.189986
0.999863 -0.0158751 0.00476413 22.5015 0.0158707 0.999874 0.000954505 0.339968 -0.00477868 -0.000878763 0.999988 0.199199
0.99985 -0.0163966 0.00561235 23.962 0.016386 0.999864 0.00192776 0.36864 -0.0056432 -0.00183551 0.999982 0.21077
0.999848 -0.0162679 0.00628402 25.4095 0.0162532 0.999865 0.00237567 0.408915 -0.00632182 -0.00227317 0.999977 0.21394
0.999859 -0.0158649 0.00551219 26.8502 0.0158498 0.999871 0.00277216 0.442718 -0.00555546 -0.0026844 0.999981 0.224998
0.999863 -0.0161224 0.003709 28.2788 0.0161114 0.999866 0.00297546 0.472667 -0.00375647 -0.0029153 0.999989 0.236664
0.99987 -0.0157143 0.00365098 29.7209 0.0157077 0.999875 0.00180374 0.505874 -0.00367887 -0.00174616 0.999992 0.249658
0.999873 -0.0150031 0.00535509 31.1514 0.0150008 0.999887 0.000467425 0.529687 -0.0053615 -0.000387035 0.999986 0.257777
0.999859 -0.0152658 0.00702709 32.5661 0.0152736 0.999883 -0.00105271 0.555269 -0.0070102 0.00115989 0.999975 0.267628
0.999873 -0.0145439 0.00654036 33.9609 0.0145571 0.999892 -0.00196932 0.587281 -0.00651102 0.00206428 0.999977 0.28021
0.999881 -0.0145157 0.0051947 35.3514 0.0145237 0.999893 -0.00151108 0.60794 -0.00517221 0.00158635 0.999985 0.289847
0.999896 -0.0137908 0.0042665 36.7149 0.0137953 0.999904 -0.00103216 0.634563 -0.00425186 0.00109091 0.99999 0.298001
0.999914 -0.0126096 0.00353408 38.074 0.0126114 0.99992 -0.000478634 0.659575 -0.00352776 0.000523163 0.999994 0.317422
0.999922 -0.0117 0.00438403 39.4123 0.0116988 0.999932 0.000297424 0.689541 -0.0043872 -0.000246113 0.99999 0.327289
0.999931 -0.0102039 0.0058557 40.7461 0.0102016 0.999948 0.000420068 0.717936 -0.00585968 -0.000360301 0.999983 0.338672
0.999942 -0.0080349 0.00714841 42.0407 0.00803429 0.999968 0.000113829 0.737005 -0.0071491 -5.639e-05 0.999974 0.359464
0.999951 -0.00618919 0.00778558 43.3352 0.00618564 0.999981 0.000480493 0.753129 -0.0077884 -0.000432311 0.99997 0.365903
0.99997 -0.00257243 0.00731671 44.5953 0.00257064 0.999997 0.000253918 0.776033 -0.00731733 -0.000235101 0.999973 0.374077
0.999982 0.000846653 0.00596294 45.8463 -0.000844531 1 -0.000358418 0.78075 -0.00596324 0.000353375 0.999982 0.390654
0.999978 0.00491129 0.00444236 47.1029 -0.00490945 0.999988 -0.000424718 0.780102 -0.0044444 0.000402899 0.99999 0.404176
0.999956 0.00817786 0.00465241 48.3095 -0.00817636 0.999967 -0.000342422 0.778119 -0.00465505 0.000304367 0.999989 0.408301
0.999894 0.0137323 0.00479624 49.507 -0.0137318 0.999906 -0.000129583 0.77989 -0.00479757 6.37079e-05 0.999988 0.426645
0.999788 0.0202067 0.00403722 50.7207 -0.0202124 0.999795 0.00137106 0.767283 -0.00400868 -0.00145237 0.999991 0.436806
0.999598 0.02805 0.00424323 51.9087 -0.0280618 0.999602 0.00273534 0.747434 -0.00416482 -0.00285331 0.999987 0.448614
0.999334 0.0361145 0.00519102 53.0863 -0.0361337 0.99934 0.00367021 0.729008 -0.00505505 -0.00385534 0.99998 0.460717
0.998897 0.0466098 0.00570659 54.2629 -0.0466422 0.998896 0.00568136 0.680709 -0.00543548 -0.00594126 0.999968 0.470333
0.998231 0.0591354 0.0062188 55.4032 -0.0591848 0.998214 0.00808147 0.625991 -0.00572979 -0.00843523 0.999948 0.480641
0.997235 0.0739568 0.00719551 56.5541 -0.0740282 0.997204 0.010222 0.559197 -0.0064194 -0.0107264 0.999922 0.491887
0.995862 0.0904586 0.00870988 57.6762 -0.0905612 0.995816 0.0122072 0.470427 -0.00756919 -0.0129455 0.999888 0.494587
0.994104 0.107963 0.0100357 58.7778 -0.108086 0.99406 0.012722 0.364619 -0.00860262 -0.0137317 0.999869 0.505216
0.99183 0.127181 0.00991383 59.8834 -0.127299 0.991787 0.0124248 0.234012 -0.0082522 -0.0135854 0.999874 0.517173
0.989001 0.14763 0.00905461 60.9877 -0.147729 0.98896 0.0115697 0.0981859 -0.00724662 -0.0127801 0.999892 0.52074
0.985739 0.168055 0.00875948 62.0292 -0.168132 0.985724 0.00896176 -0.0697951 -0.00712836 -0.0103067 0.999921 0.520397
0.98164 0.190466 0.0102346 63.0997 -0.190516 0.981676 0.00406303 -0.274413 -0.00927321 -0.00593829 0.999939 0.539416
0.976903 0.213413 0.0107372 64.0957 -0.21341 0.976962 -0.0014329 -0.492597 -0.0107956 -0.000891624 0.999941 0.535703
0.971387 0.237322 0.00925168 65.126 -0.237267 0.971422 -0.00665817 -0.726613 -0.0105674 0.00427255 0.999935 0.541078
0.964838 0.262765 0.00652458 66.1486 -0.262675 0.964807 -0.0122165 -1.01191 -0.00950504 0.0100731 0.999904 0.560542
0.957418 0.288646 0.00583898 67.0952 -0.288524 0.957339 -0.0160115 -1.28706 -0.0102115 0.013645 0.999855 0.558861
0.948723 0.316028 0.00709585 68.0818 -0.315856 0.948625 -0.0185705 -1.61869 -0.0126001 0.015377 0.999802 0.551461
0.93908 0.343607 0.00794745 69.0004 -0.343349 0.938916 -0.0234315 -1.94176 -0.0155132 0.0192753 0.999694 0.552311
0.928157 0.372137 0.00616708 69.912 -0.371858 0.927905 -0.0267128 -2.29297 -0.0156633 0.0225004 0.999624 0.564674
0.915867 0.401478 0.00153441 70.8364 -0.401304 0.915571 -0.0261537 -2.69886 -0.011905 0.0233376 0.999657 0.548959
0.902868 0.429894 -0.00456226 71.6779 -0.429853 0.902494 -0.0270433 -3.0975 -0.00750834 0.0263776 0.999624 0.558646
0.888765 0.458279 -0.00874187 72.5413 -0.458331 0.888315 -0.0287878 -3.52312 -0.00542731 0.0295923 0.999547 0.561336
0.872615 0.488358 -0.00697389 73.3977 -0.488335 0.87215 -0.0297128 -3.99925 -0.00842822 0.0293334 0.999534 0.571308
0.855065 0.51852 -0.00104732 74.2088 -0.518329 0.854691 -0.0289629 -4.48376 -0.0141227 0.0253081 0.99958 0.564302
0.835056 0.550163 0.00133154 75.0257 -0.549897 0.834722 -0.0292004 -5.00925 -0.0171765 0.0236518 0.999573 0.550023
0.813918 0.58098 -0.000109033 75.8027 -0.580815 0.813682 -0.023967 -5.5155 -0.0138357 0.0195705 0.999713 0.560937
0.791881 0.610663 -0.00392565 76.5616 -0.610633 0.791733 -0.0169231 -6.06256 -0.00722622 0.0157982 0.999849 0.563572
0.769094 0.639116 -0.00502392 77.288 -0.639115 0.76898 -0.0141995 -6.67192 -0.00521181 0.0141316 0.999887 0.553495
0.745585 0.666397 -0.00426539 77.973 -0.666361 0.745436 -0.0169702 -7.27256 -0.00812933 0.015495 0.999847 0.564461
0.721294 0.692615 -0.00432642 78.6312 -0.692569 0.721135 -0.0176617 -7.88129 -0.00911285 0.0157356 0.999835 0.551657
0.695499 0.718494 -0.00684069 79.2765 -0.718494 0.695345 -0.0162051 -8.54327 -0.00688661 0.0161856 0.999845 0.576219
0.669376 0.742881 -0.00802061 79.8861 -0.742908 0.669251 -0.0137942 -9.2 -0.00487961 0.0151921 0.999873 0.576345
0.642123 0.76656 -0.00794718 80.4787 -0.766592 0.642027 -0.0117938 -9.88875 -0.00393838 0.0136653 0.999899 0.567402
0.613967 0.789277 -0.00931844 81.0247 -0.789328 0.613883 -0.010474 -10.5814 -0.00254647 0.013786 0.999902 0.571471
0.58539 0.810665 -0.0118349 81.5964 -0.810745 0.585381 -0.0045882 -11.3051 0.0032084 0.0122809 0.999919 0.584699
0.555053 0.831674 -0.015348 82.114 -0.831725 0.55517 0.00447328 -12.0937 0.012241 0.0102824 0.999872 0.59204
0.523991 0.85153 -0.0181672 82.5956 -0.851489 0.524228 0.0122894 -12.8278 0.0199886 0.0090296 0.999759 0.611695
0.492092 0.870378 -0.0169368 83.0584 -0.870228 0.492344 0.0173324 -13.6301 0.0234245 0.00620974 0.999706 0.630863
0.459741 0.887958 -0.0129825 83.4844 -0.887802 0.45991 0.0170469 -14.4553 0.0211078 0.00368874 0.99977 0.651274
0.426356 0.904529 -0.00694547 83.9014 -0.904397 0.426412 0.0154792 -15.2783 0.016963 -0.000318171 0.999856 0.672646
0.392291 0.91984 -0.00142538 84.2875 -0.919709 0.392261 0.0163315 -16.1581 0.0155815 -0.00509579 0.999866 0.695149
0.357028 0.934076 0.00575246 84.6451 -0.933967 0.356871 0.0186607 -17.0115 0.0153777 -0.012035 0.999809 0.72211
0.32136 0.946886 0.0116014 84.9865 -0.946826 0.321087 0.0205954 -17.8889 0.0157765 -0.017603 0.999721 0.726593
0.285459 0.958261 0.0157719 85.2427 -0.95828 0.285137 0.0199049 -18.8143 0.014577 -0.020796 0.999677 0.752439
0.248511 0.968471 0.0174914 85.5147 -0.968524 0.248177 0.0192146 -19.7269 0.0142679 -0.0217159 0.999662 0.772181
0.212619 0.976968 0.0180961 85.7196 -0.977036 0.212297 0.0181604 -20.6397 0.0139004 -0.0215418 0.999671 0.796802
0.17725 0.984027 0.016512 85.902 -0.984065 0.176967 0.0172983 -21.6058 0.0140999 -0.019315 0.999714 0.806117
0.141925 0.989821 0.0105298 86.0546 -0.98978 0.141754 0.0155331 -22.5294 0.0138824 -0.0126268 0.999824 0.836897
0.108268 0.994084 0.00871232 86.1622 -0.993975 0.108097 0.0181486 -23.5091 0.0170995 -0.0106247 0.999797 0.870532
0.075775 0.997095 0.00767612 86.2428 -0.996853 0.0755725 0.0239148 -24.4617 0.0232652 -0.00946411 0.999685 0.859983
0.0462738 0.998923 0.0034735 86.3023 -0.998596 0.0461684 0.0259677 -25.4515 0.0257794 -0.00467025 0.999657 0.917089
0.0202242 0.999794 0.00149489 86.3107 -0.999485 0.0201806 0.0249489 -26.4386 0.0249136 -0.00199869 0.999688 0.942199
-0.00186545 0.999998 0.000323 86.3216 -0.99976 -0.00187206 0.021819 -27.3854 0.0218196 -0.000282221 0.999762 0.959848
-0.0214848 0.999769 -0.000588345 86.3159 -0.999577 -0.0214691 0.0196192 -28.3861 0.019602 0.00100961 0.999807 0.987581
-0.0380448 0.999275 -0.00122902 86.2932 -0.999043 -0.0380093 0.0216502 -29.3722 0.0215878 0.00205152 0.999765 1.01916
-0.0527412 0.998602 -0.00340796 86.2215 -0.99826 -0.0526324 0.026586 -30.3424 0.0263695 0.00480421 0.999641 1.03622
-0.0652588 0.997848 -0.0063052 86.1813 -0.997406 -0.065035 0.03084 -31.3441 0.0303636 0.00830143 0.999504 1.07612
-0.0742639 0.99717 -0.0117282 86.0907 -0.996664 -0.0738169 0.0348056 -32.3126 0.0338413 0.0142739 0.999325 1.10828
-0.0799593 0.996697 -0.0141886 86.014 -0.996067 -0.0793476 0.0394216 -33.306 0.0381656 0.0172849 0.999122 1.14957
-0.0839844 0.99634 -0.0159235 85.9311 -0.995528 -0.0832009 0.0447427 -34.3152 0.0432541 0.01961 0.998872 1.18401
-0.0876385 0.996011 -0.0167762 85.8615 -0.995065 -0.0867437 0.04818 -35.322 0.0465326 0.0209158 0.998698 1.23854
-0.0899278 0.995799 -0.0172674 85.7474 -0.994707 -0.0889368 0.0514662 -36.323 0.0497142 0.0218043 0.998525 1.28857
-0.0928667 0.995521 -0.0177129 85.681 -0.994278 -0.0917779 0.0546709 -37.3206 0.0528004 0.0226887 0.998347 1.34289
-0.0942943 0.995373 -0.0184858 85.5678 -0.993946 -0.093075 0.058378 -38.3276 0.0563873 0.0238786 0.998123 1.40097
-0.0970766 0.995076 -0.0199778 85.4574 -0.993613 -0.0957346 0.0597313 -39.3425 0.0575246 0.0256487 0.998015 1.46775
-0.099165 0.994857 -0.0206517 85.3676 -0.993453 -0.0977994 0.0590466 -40.3615 0.0567232 0.0263718 0.998042 1.52097
-0.101121 0.994657 -0.0208062 85.2769 -0.993291 -0.0997587 0.0584858 -41.3771 0.0560977 0.0265807 0.998071 1.59009
-0.103649 0.994415 -0.0198752 85.1809 -0.992969 -0.102308 0.0595493 -42.413 0.0571833 0.0259077 0.998027 1.65757
-0.106019 0.994196 -0.0183106 85.0691 -0.992589 -0.104712 0.0616715 -43.433 0.0593962 0.0247132 0.997929 1.71489
-0.108072 0.994011 -0.0162274 84.9488 -0.992223 -0.106835 0.0638682 -44.4481 0.061752 0.0230036 0.997826 1.78032
-0.110754 0.993756 -0.0135245 84.858 -0.99169 -0.109607 0.0673619 -45.4943 0.0654589 0.0208727 0.997637 1.84874
-0.112936 0.993555 -0.00970296 84.7535 -0.991144 -0.111965 0.0713933 -46.5206 0.0698467 0.0176799 0.997401 1.91778
-0.11524 0.993315 -0.00673402 84.6441 -0.990694 -0.114436 0.0736865 -47.5658 0.0724233 0.015163 0.997259 1.99614
-0.117999 0.993005 -0.00411836 84.5256 -0.990452 -0.117396 0.0722733 -48.6099 0.0712843 0.0126072 0.997376 2.08326
-0.120436 0.992718 -0.00236375 84.4134 -0.990385 -0.119989 0.0688472 -49.6804 0.0680623 0.0106327 0.997624 2.1436
-0.122511 0.992465 -0.00209575 84.2677 -0.99028 -0.122101 0.0666063 -50.7133 0.0658485 0.0102354 0.997777 2.22787
-0.124887 0.992169 -0.00202556 84.1678 -0.989948 -0.12447 0.0671552 -51.7814 0.0663772 0.010392 0.99774 2.30261
-0.126124 0.992012 -0.00237376 84.0253 -0.989614 -0.125652 0.0698209 -52.8451 0.0689649 0.0111552 0.997557 2.38112
-0.126442 0.991972 -0.00188437 83.8733 -0.9894 -0.125977 0.0722355 -53.9059 0.0714182 0.010998 0.997386 2.46057
-0.126833 0.991924 -0.00103832 83.761 -0.989291 -0.12642 0.0729483 -54.9824 0.0722278 0.0102794 0.997335 2.54587
-0.126366 0.991982 0.00169064 83.6365 -0.989403 -0.12616 0.0718715 -56.05 0.0715085 0.0074094 0.997412 2.61767
-0.126593 0.991942 0.00501071 83.5206 -0.989384 -0.126627 0.0713026 -57.1154 0.0713625 0.00406891 0.997442 2.69476
-0.125574 0.992041 0.00926014 83.3602 -0.989423 -0.125915 0.0720296 -58.2143 0.0726223 -0.000117135 0.99736 2.78373
-0.125535 0.991995 0.0136732 83.238 -0.989366 -0.126199 0.0723132 -59.2907 0.0734599 -0.00444997 0.997288 2.86307
-0.125837 0.991909 0.0167679 83.132 -0.989354 -0.126723 0.0715526 -60.3847 0.0730985 -0.00758537 0.997296 2.95027
-0.125987 0.991897 0.0163674 82.9893 -0.989677 -0.126807 0.0667751 -61.471 0.0683095 -0.00778562 0.997634 3.03076
-0.126606 0.991884 0.0117058 82.872 -0.990151 -0.127078 0.0587482 -62.5779 0.059759 -0.00415262 0.998204 3.10441
-0.127322 0.991849 0.00503036 82.7105 -0.990401 -0.127408 0.0535997 -63.7058 0.0538037 0.00184237 0.99855 3.16475
-0.126709 0.991939 -0.00166616 82.5427 -0.990434 -0.126424 0.0552882 -64.7889 0.0546318 0.00865574 0.998469 3.24232
-0.126343 0.991968 -0.00600622 82.4109 -0.990218 -0.125754 0.0604462 -65.902 0.0592054 0.0135844 0.998153 3.31514
-0.125862 0.99201 -0.00865652 82.2645 -0.989942 -0.125022 0.0662085 -67.0111 0.0645972 0.0169026 0.997768 3.37371
-0.12496 0.992126 -0.00847985 82.1148 -0.989839 -0.124079 0.0694543 -68.1324 0.0678552 0.0170727 0.997549 3.48729
-0.124879 0.992142 -0.00765284 81.9974 -0.989907 -0.124069 0.0684943 -69.2632 0.0670066 0.0161291 0.997622 3.53821
-0.124259 0.992223 -0.00734605 81.8717 -0.990285 -0.123543 0.0638249 -70.3803 0.0624209 0.0152055 0.997934 3.6052
-0.123619 0.992314 -0.00565192 81.7202 -0.990481 -0.123039 0.0617138 -71.5351 0.060544 0.0132271 0.998078 3.68315
-0.123728 0.99231 -0.00360282 81.5912 -0.99042 -0.123266 0.0622327 -72.6788 0.06131 0.0112682 0.998055 3.75077
-0.123117 0.992388 -0.00273323 81.4435 -0.99021 -0.122663 0.0666212 -73.8146 0.0657789 0.0109087 0.997775 3.83767
-0.123032 0.992397 -0.00332036 81.3097 -0.990003 -0.122502 0.0699143 -74.9592 0.068976 0.0118889 0.997547 3.91662
-0.122468 0.99247 -0.00206303 81.1815 -0.990166 -0.122042 0.0683867 -76.1059 0.06762 0.0104179 0.997657 4.00187
-0.122266 0.992479 -0.00601833 81.0257 -0.990592 -0.121654 0.0626735 -77.2692 0.06147 0.0136246 0.998016 4.06689
-0.122367 0.992468 -0.00573357 80.8929 -0.990697 -0.121798 0.0607032 -78.4371 0.0595476 0.0131083 0.998139 4.14712
-0.121891 0.992541 -0.00240562 80.7497 -0.990568 -0.121495 0.063355 -79.5845 0.0625902 0.0101053 0.997988 4.22324
-0.121309 0.992614 -0.00119881 80.6318 -0.990445 -0.120964 0.066237 -80.7639 0.0656028 0.00922249 0.997803 4.30064
-0.121485 0.992593 -0.000721619 80.4863 -0.990444 -0.121174 0.0658544 -81.9278 0.0652792 0.00871507 0.997829 4.38319
-0.12079 0.992678 -0.00049151 80.3396 -0.990724 -0.120521 0.0627741 -83.1121 0.0622552 0.00806945 0.998028 4.45254
-0.120347 0.99273 -0.00191763 80.2164 -0.990862 -0.120002 0.0615826 -84.2886 0.0609048 0.00931139 0.9981 4.53457
-0.119361 0.992846 -0.00303526 80.0579 -0.990966 -0.118945 0.0619587 -85.4946 0.0611544 0.0104033 0.998074 4.6145
-0.118751 0.99291 -0.00526567 79.9416 -0.991043 -0.118198 0.0621489 -86.6897 0.0610859 0.0125987 0.998053 4.6918
-0.117656 0.99304 -0.0053096 79.7915 -0.99118 -0.117103 0.0620408 -87.8798 0.0609872 0.0125622 0.998059 4.76102
-0.116816 0.99314 -0.00526901 79.665 -0.991278 -0.116268 0.0620426 -89.0754 0.0610043 0.0124706 0.99806 4.84662
-0.114677 0.993373 -0.0076599 79.5149 -0.991622 -0.114007 0.0607384 -90.3058 0.0594626 0.0145611 0.998124 4.92229
-0.113724 0.993496 -0.00576511 79.3764 -0.991779 -0.113181 0.0596963 -91.4998 0.0586555 0.0125066 0.9982 4.99876
-0.112376 0.993638 -0.00737754 79.254 -0.991964 -0.111746 0.0593229 -92.7056 0.0581211 0.0139847 0.998212 5.07196
-0.110674 0.993841 -0.00565526 79.1228 -0.992114 -0.110141 0.0598137 -93.9406 0.0588225 0.0122305 0.998194 5.1453
-0.109419 0.993984 -0.00480856 78.9881 -0.992114 -0.108913 0.0620278 -95.1643 0.0611309 0.0115576 0.998063 5.23154
-0.108031 0.994143 -0.00300574 78.8607 -0.99229 -0.107644 0.0614213 -96.4019 0.060738 0.00961795 0.998107 5.30346
-0.107238 0.994232 -0.00156502 78.7449 -0.992428 -0.106949 0.0603985 -97.6472 0.0598828 0.00803021 0.998173 5.3778
-0.10658 0.994301 0.00242858 78.6131 -0.992448 -0.106529 0.0608116 -98.8673 0.0607238 0.00407103 0.998146 5.46442
-0.107216 0.99422 0.00558571 78.4887 -0.992384 -0.107357 0.0603962 -100.135 0.0606468 0.000932241 0.998159 5.54262
-0.107888 0.994139 0.00685026 78.3686 -0.99244 -0.108104 0.0581051 -101.383 0.0585051 -0.00052964 0.998287 5.61491
-0.108856 0.994017 0.00897501 78.2432 -0.992418 -0.10919 0.0564351 -102.66 0.0570774 -0.00276369 0.998366 5.6982
-0.11007 0.993864 0.0109089 78.1175 -0.992311 -0.11051 0.0557343 -103.913 0.0565978 -0.00469032 0.998386 5.77302
-0.111925 0.99365 0.0114904 77.9726 -0.992097 -0.112395 0.0557715 -105.153 0.0567088 -0.00515739 0.998377 5.85239
-0.114342 0.993362 0.0125616 77.832 -0.991922 -0.114857 0.0538333 -106.405 0.0549187 -0.00630468 0.998471 5.94277
-0.117182 0.993038 0.0119659 77.707 -0.991759 -0.117643 0.0507371 -107.673 0.0517915 -0.00592186 0.99864 5.99628
-0.12125 0.992524 0.0139324 77.5614 -0.991306 -0.1218 0.0497723 -108.921 0.0510972 -0.00777634 0.998663 6.07034
-0.126461 0.991761 0.0204184 77.4169 -0.990349 -0.127404 0.0545617 -110.153 0.0567136 -0.0133214 0.998302 6.15295
-0.134141 0.990663 0.024365 77.2713 -0.989141 -0.135344 0.0572882 -111.386 0.060051 -0.0164157 0.99806 6.22883
-0.142784 0.989551 0.0200638 77.0968 -0.988139 -0.143679 0.0542055 -112.628 0.0565218 -0.0120862 0.998328 6.30817
-0.153701 0.987963 0.0174772 76.927 -0.98665 -0.154412 0.0517584 -113.85 0.053834 -0.00928858 0.998507 6.38258
-0.167006 0.985782 0.0185321 76.7257 -0.984456 -0.167758 0.0519957 -115.099 0.0543653 -0.00956051 0.998475 6.47776
-0.181261 0.983256 0.0187581 76.5191 -0.98192 -0.182007 0.0520304 -116.31 0.0545733 -0.0089879 0.998469 6.54782
-0.195622 0.980537 0.0167148 76.2892 -0.979224 -0.196232 0.051124 -117.521 0.0534089 -0.00636651 0.998552 6.60111
-0.211363 0.977284 0.0155562 76.0298 -0.975907 -0.211893 0.0520301 -118.729 0.0541444 -0.00418416 0.998524 6.69729
-0.226237 0.97394 0.0160777 75.7594 -0.972354 -0.226787 0.0556291 -119.895 0.0578256 -0.00304782 0.998322 6.7647
-0.242166 0.970029 0.0199766 75.4784 -0.968289 -0.242932 0.0583049 -121.114 0.0614104 -0.00522371 0.998099 6.85825
-0.257785 0.965931 0.0229087 75.2057 -0.964287 -0.258694 0.0568123 -122.273 0.0608031 -0.00744522 0.998122 6.93408
-0.273317 0.961523 0.0277714 74.8896 -0.960231 -0.274434 0.0514079 -123.439 0.0570513 -0.0126163 0.998292 7.00656
-0.288726 0.956918 0.0307519 74.5616 -0.95583 -0.289946 0.0481754 -124.624 0.0550162 -0.0154841 0.998365 7.07548
-0.303988 0.952026 0.0351726 74.2236 -0.950999 -0.305435 0.0480728 -125.76 0.0565095 -0.0188355 0.998224 7.1576
-0.317997 0.947377 0.0368167 73.8624 -0.946246 -0.31956 0.0500008 -126.925 0.0591347 -0.0189376 0.99807 7.23172
-0.332373 0.942413 0.0372183 73.4633 -0.941166 -0.333973 0.0516584 -128.07 0.0611135 -0.0178587 0.997971 7.31867
-0.346319 0.937413 0.036348 73.0606 -0.936133 -0.347845 0.0515587 -129.2 0.0609753 -0.0161708 0.998008 7.39816
-0.360356 0.932069 0.0373042 72.6538 -0.930895 -0.361891 0.0496887 -130.304 0.0598134 -0.0168206 0.998068 7.4756
-0.374562 0.926422 0.0380149 72.2024 -0.92532 -0.376099 0.0483029 -131.418 0.0590462 -0.0170835 0.998109 7.55727
-0.389557 0.920118 0.0403463 71.7618 -0.918964 -0.391234 0.0494023 -132.538 0.0612408 -0.0178318 0.997964 7.63288
-0.404405 0.913621 0.0418831 71.2977 -0.912383 -0.406182 0.0507217 -133.638 0.0633525 -0.0177014 0.997834 7.71802
-0.41874 0.907103 0.0426714 70.8133 -0.905742 -0.420577 0.0524065 -134.7 0.0654847 -0.0167045 0.997714 7.79228
-0.433749 0.900051 0.0420712 70.2953 -0.898479 -0.435561 0.0549703 -135.796 0.0678006 -0.0139569 0.997601 7.87761
-0.44797 0.89292 0.0449132 69.7717 -0.891131 -0.45 0.0581947 -136.859 0.0721741 -0.013954 0.997294 7.97092
-0.462979 0.8851 0.0474204 69.2169 -0.88323 -0.465177 0.0592851 -137.951 0.0745321 -0.0144353 0.997114 8.06339
-0.478314 0.876857 0.0483369 68.6671 -0.875071 -0.480528 0.0578323 -139.016 0.0739379 -0.0146362 0.997155 8.15673
-0.493537 0.868226 0.051044 68.0749 -0.866745 -0.495852 0.0537046 -140.075 0.071938 -0.017737 0.997251 8.23397
-0.510004 0.858541 0.052954 67.4707 -0.8571 -0.512417 0.0530018 -141.14 0.0726387 -0.0183558 0.997189 8.33648
-0.525742 0.848804 0.0559283 66.8436 -0.847474 -0.52832 0.0516238 -142.182 0.0733665 -0.020257 0.997099 8.42228
-0.541249 0.838899 0.0574274 66.1829 -0.837609 -0.543898 0.050863 -143.222 0.0739036 -0.0205721 0.997053 8.51585
-0.556823 0.828409 0.0607204 65.5033 -0.827218 -0.559672 0.049778 -144.263 0.07522 -0.0225114 0.996913 8.60924
-0.572462 0.817571 0.0621725 64.8251 -0.816406 -0.575383 0.049142 -145.281 0.0759501 -0.0226261 0.996855 8.7097
-0.5874 0.806842 0.062986 64.1117 -0.805864 -0.590295 0.046202 -146.302 0.0744581 -0.0236191 0.996944 8.80599
-0.602728 0.795529 0.0620695 63.3593 -0.794717 -0.605461 0.0429127 -147.297 0.0717189 -0.023463 0.997149 8.89403
-0.617595 0.784101 0.0613329 62.5955 -0.783378 -0.62021 0.0407198 -148.303 0.0699678 -0.0228985 0.997286 8.99558
-0.632243 0.772267 0.0622277 61.8392 -0.771587 -0.634884 0.0396994 -149.277 0.070166 -0.0229144 0.997272 9.07958
-0.646847 0.75967 0.0670044 61.0275 -0.759074 -0.649812 0.0393665 -150.248 0.0734459 -0.0253972 0.996976 9.18351
-0.66181 0.746302 0.070992 60.2189 -0.745769 -0.665056 0.039095 -151.219 0.0763903 -0.0270702 0.99671 9.2804
-0.677332 0.732018 0.0732914 59.3842 -0.73179 -0.680629 0.0350403 -152.147 0.0755344 -0.0299 0.996695 9.38091
-0.693503 0.71674 0.0730555 58.5001 -0.716855 -0.696604 0.0293386 -153.081 0.0719189 -0.0320238 0.996896 9.46073
-0.710338 0.699915 0.0744304 57.6083 -0.700274 -0.713417 0.0255292 -154.003 0.0709682 -0.0339873 0.996899 9.56703
-0.727473 0.681916 0.0759782 56.6998 -0.682411 -0.730597 0.0232964 -154.89 0.0713956 -0.0349009 0.996837 9.6643
-0.744583 0.662792 0.0793881 55.7563 -0.663661 -0.747799 0.0187016 -155.786 0.0717617 -0.0387619 0.996668 9.75764
-0.761002 0.64386 0.0795019 54.8063 -0.644695 -0.764225 0.0181088 -156.621 0.0724169 -0.0374737 0.99667 9.83842
-0.777016 0.624195 0.0814084 53.8236 -0.625097 -0.780361 0.0170422 -157.439 0.0741656 -0.0376461 0.996535 9.96869
-0.79238 0.604897 0.0789574 52.8152 -0.605514 -0.795617 0.0186139 -158.241 0.0740794 -0.0330605 0.996704 10.0453
-0.807157 0.585326 0.0767515 51.7872 -0.585778 -0.810252 0.0188536 -159.018 0.0732236 -0.0297415 0.996872 10.1565
-0.821034 0.565499 0.0781984 50.7215 -0.565792 -0.824293 0.0204956 -159.768 0.0760486 -0.0274164 0.996727 10.2549
-0.83459 0.544712 0.0821433 49.6879 -0.545033 -0.838165 0.0204437 -160.471 0.0799856 -0.0277087 0.996411 10.3697
-0.847396 0.524631 0.0817396 48.6021 -0.524841 -0.85095 0.0206377 -161.165 0.0803835 -0.025412 0.99644 10.4753
-0.859286 0.505299 0.0793772 47.5028 -0.505393 -0.862648 0.0203873 -161.825 0.0787762 -0.0225982 0.996636 10.5769
-0.869653 0.487102 0.0802139 46.4105 -0.487088 -0.873099 0.02108 -162.476 0.0803027 -0.0207389 0.996555 10.675
-0.879006 0.469659 0.0822708 45.2756 -0.469431 -0.882662 0.0233033 -163.093 0.0835619 -0.0181367 0.996338 10.8122
-0.887678 0.452566 0.0849188 44.171 -0.4525 -0.891514 0.0211301 -163.673 0.0852691 -0.0196691 0.996164 10.9146
-0.895694 0.436305 0.0858455 43.0223 -0.436372 -0.899566 0.0189851 -164.264 0.085507 -0.0204557 0.996128 11.0167
-0.902783 0.421288 0.0865925 41.8623 -0.421529 -0.906667 0.0163819 -164.818 0.085412 -0.0217119 0.996109 11.1404
-0.909224 0.407169 0.0867401 40.7115 -0.407452 -0.9131 0.0152267 -165.365 0.0854022 -0.0214979 0.996115 11.2566
-0.91522 0.393476 0.0868866 39.5434 -0.393981 -0.91904 0.0119866 -165.89 0.0845688 -0.0232613 0.996146 11.3737
-0.921159 0.379793 0.084994 38.371 -0.380548 -0.924729 0.00777721 -166.378 0.0815501 -0.0251802 0.996351 11.4737
-0.926301 0.367674 0.082356 37.1804 -0.368658 -0.929559 0.00348783 -166.875 0.0778372 -0.0271304 0.996597 11.5874
-0.930779 0.356814 0.0795823 35.9599 -0.357618 -0.933858 0.00439628 -167.343 0.0758872 -0.0243681 0.996819 11.6861
-0.934174 0.348109 0.0783528 34.7812 -0.348641 -0.937229 0.0072222 -167.803 0.0759486 -0.0205702 0.9969 11.8086
-0.936156 0.342615 0.0789142 33.554 -0.342655 -0.939365 0.0134592 -168.245 0.0787406 -0.0144405 0.996791 11.9108
-0.938002 0.337467 0.079167 32.3707 -0.337345 -0.941256 0.0153182 -168.666 0.0796858 -0.0123381 0.996744 12.0268
-0.939913 0.332085 0.0792671 31.1804 -0.332085 -0.943152 0.0135646 -169.105 0.0792656 -0.0135739 0.996761 12.1312
-0.941784 0.327009 0.0781475 29.9533 -0.327514 -0.944823 0.00663211 -169.56 0.0760043 -0.0193484 0.99692 12.2287
-0.943574 0.32178 0.0782654 28.7302 -0.322656 -0.946515 0.0015183 -169.988 0.0745679 -0.0238202 0.996931 12.3329
-0.944824 0.31728 0.0814874 27.5264 -0.318755 -0.947822 -0.00542135 -170.429 0.0755155 -0.0310967 0.99666 12.4254
-0.945846 0.313199 0.0853314 26.2951 -0.315004 -0.949055 -0.00823023 -170.865 0.0784065 -0.0346643 0.996319 12.5379
-0.946578 0.310459 0.0872082 25.1042 -0.312346 -0.94993 -0.00855107 -171.264 0.0801869 -0.0353334 0.996153 12.6413
-0.946478 0.310216 0.0891346 23.8691 -0.31209 -0.950022 -0.00756924 -171.662 0.0823318 -0.0349822 0.995991 12.7511
-0.946139 0.311001 0.0900005 22.6514 -0.312706 -0.949836 -0.00515573 -172.079 0.0838823 -0.0330218 0.995928 12.8727
-0.945966 0.311134 0.0913513 21.4468 -0.312809 -0.949807 -0.00426333 -172.503 0.0854396 -0.0326085 0.99581 12.9814
-0.945226 0.313028 0.0925246 20.2281 -0.314671 -0.949195 -0.00335418 -172.899 0.0867739 -0.0322853 0.995705 13.1011
-0.944699 0.314803 0.0918884 19.0117 -0.316242 -0.948678 -0.00117044 -173.322 0.086804 -0.0301647 0.995769 13.217
-0.943814 0.317439 0.0919131 17.7995 -0.318944 -0.947772 -0.00178121 -173.72 0.0865472 -0.0309963 0.995765 13.3427
-0.942467 0.321222 0.0925915 16.5979 -0.32291 -0.946423 -0.00345022 -174.152 0.0865224 -0.0331504 0.995698 13.4578
-0.941077 0.325857 0.0905093 15.3927 -0.327508 -0.944841 -0.00361066 -174.571 0.0843404 -0.0330405 0.995889 13.5692
-0.939257 0.331689 0.0882025 14.2171 -0.333465 -0.942745 -0.00579609 -174.978 0.0812299 -0.0348564 0.996086 13.6838
-0.937075 0.338295 0.0862994 13.039 -0.340134 -0.94035 -0.00713561 -175.414 0.0787377 -0.03604 0.996244 13.7836
-0.934453 0.345871 0.0846783 11.8209 -0.347541 -0.93765 -0.0053743 -175.88 0.0775398 -0.0344512 0.996394 13.9094
-0.931231 0.354323 0.0852278 10.6631 -0.355984 -0.93448 -0.0046456 -176.308 0.0779977 -0.0346659 0.996351 14.0056
-0.927389 0.364064 0.0860628 9.46881 -0.365608 -0.930766 -0.00236007 -176.791 0.0792451 -0.033654 0.996287 14.1181
-0.923239 0.374543 0.0857135 8.2821 -0.375962 -0.926635 -0.000443314 -177.256 0.0792591 -0.0326343 0.99632 14.2261
-0.918294 0.386479 0.0858433 7.11038 -0.387791 -0.921746 0.00150839 -177.757 0.0797087 -0.0319041 0.996308 14.3307
-0.912655 0.399375 0.0869486 5.96701 -0.400655 -0.916224 0.00296466 -178.255 0.0808485 -0.0321307 0.996208 14.4386
-0.906819 0.412786 0.085368 4.84454 -0.413785 -0.910352 0.00647038 -178.769 0.0803858 -0.0294565 0.996328 14.5456
-0.900678 0.426417 0.0833553 3.67419 -0.427459 -0.904016 0.00581916 -179.314 0.0778359 -0.0303898 0.996503 14.6475
-0.894058 0.440451 0.0816326 2.50757 -0.44123 -0.897347 0.00921514 -179.881 0.0773116 -0.0277799 0.99662 14.7611
-0.887246 0.454122 0.0810407 1.35713 -0.454844 -0.890511 0.010382 -180.463 0.0768823 -0.0276495 0.996657 14.8686
-0.880713 0.467391 0.0767509 0.273504 -0.467821 -0.883722 0.0133921 -181.02 0.0740858 -0.024111 0.99696 14.9651
-0.873155 0.481997 0.07265 -0.838364 -0.482249 -0.875902 0.0152056 -181.618 0.0709634 -0.0217585 0.997242 15.0709
-0.865375 0.496418 0.0685268 -1.91398 -0.496361 -0.867907 0.0190636 -182.242 0.0689384 -0.0175169 0.997467 15.1707
-0.856883 0.511348 0.065379 -2.97833 -0.511098 -0.859247 0.0217688 -182.864 0.0673081 -0.0147618 0.997623 15.2654
-0.84642 0.528888 0.0620556 -4.06455 -0.528439 -0.84861 0.0247886 -183.527 0.0657714 -0.011811 0.997765 15.3692
-0.835658 0.546106 0.058695 -5.10321 -0.545452 -0.837672 0.0280481 -184.187 0.0644844 -0.00857669 0.997882 15.4579
-0.824342 0.563245 0.0567067 -6.13864 -0.562543 -0.826253 0.0291905 -184.858 0.0632954 -0.00783699 0.997964 15.5512
-0.813107 0.579506 0.0550449 -7.13232 -0.578686 -0.814944 0.0314484 -185.566 0.063083 -0.00628283 0.997989 15.6442
-0.800623 0.596761 0.0536519 -8.13202 -0.595864 -0.802401 0.0331542 -186.285 0.0628355 -0.00542522 0.998009 15.7296
-0.787024 0.614942 0.0493971 -9.12437 -0.613948 -0.788568 0.0350536 -187.049 0.0605089 -0.00273924 0.998164 15.8142
-0.772406 0.633543 0.0448619 -10.0516 -0.632461 -0.773708 0.0370063 -187.8 0.0581551 0.000210483 0.998308 15.897
-0.756228 0.652883 0.0431637 -10.9653 -0.651654 -0.757455 0.0401031 -188.566 0.0588772 0.00219931 0.998263 15.9783
-0.738552 0.672816 0.0431222 -11.8913 -0.671447 -0.739804 0.0430014 -189.372 0.060834 0.00280455 0.998144 16.0676
-0.721506 0.691104 0.0424851 -12.7539 -0.689702 -0.722751 0.0440637 -190.194 0.0611588 0.00249015 0.998125 16.147
-0.702195 0.710869 0.0398435 -13.6232 -0.709443 -0.703316 0.0451216 -191.048 0.0600981 0.00341744 0.998187 16.2295
-0.682677 0.72964 0.0397184 -14.4238 -0.728304 -0.68383 0.0441511 -191.883 0.0593751 0.00121393 0.998235 16.3172
-0.662514 0.747984 0.0399261 -15.2074 -0.746638 -0.663716 0.0448563 -192.764 0.0600514 -9.23822e-05 0.998195 16.3966
-0.640418 0.766927 0.0410983 -16.031 -0.765634 -0.641728 0.0446001 -193.729 0.0605789 -0.00290356 0.998159 16.485
-0.620513 0.783145 0.0405816 -16.7079 -0.781886 -0.621826 0.0445837 -194.592 0.0601502 -0.0040654 0.998181 16.5612
-0.598678 0.800094 0.0378701 -17.4233 -0.798863 -0.599864 0.0445234 -195.496 0.0583398 -0.00359785 0.99829 16.6381
-0.573833 0.818157 0.0365423 -18.1297 -0.81692 -0.574982 0.0451356 -196.489 0.0579391 -0.00395186 0.998312 16.7252
-0.549478 0.834803 0.0343253 -18.7763 -0.833406 -0.550545 0.0483161 -197.449 0.0592321 -0.00205832 0.998242 16.7995
-0.522462 0.852039 0.0325985 -19.4115 -0.85061 -0.523474 0.0493668 -198.434 0.0591269 -0.00193633 0.998249 16.883
-0.496067 0.867712 0.0315053 -19.9999 -0.866357 -0.497057 0.0485767 -199.454 0.0578105 -0.00319758 0.998322 16.9555
-0.467833 0.883359 0.0284639 -20.5579 -0.882098 -0.468688 0.0472658 -200.514 0.0550933 -0.00299552 0.998477 17.0278
-0.438048 0.89855 0.0268805 -21.1036 -0.897273 -0.438861 0.047975 -201.538 0.0549047 -0.00310379 0.998487 17.1091
-0.407956 0.91266 0.0249742 -21.5561 -0.911227 -0.408716 0.0511625 -202.597 0.0569013 -0.00188508 0.998378 17.1767
-0.376472 0.926149 0.0227399 -22.0288 -0.924643 -0.377156 0.0528066 -203.676 0.0574832 -0.00114609 0.998346 17.252
-0.344391 0.938641 0.0186635 -22.4633 -0.93711 -0.344895 0.053595 -204.763 0.0567434 0.000967872 0.998388 17.3269
-0.312747 0.9497 0.0160849 -22.8267 -0.94819 -0.313157 0.053548 -205.869 0.0558917 0.00149545 0.998436 17.4016
-0.27886 0.960256 0.0120348 -23.1875 -0.958801 -0.279101 0.0529449 -206.981 0.0541996 0.00322519 0.998525 17.4709
-0.244394 0.969636 0.00882252 -23.49 -0.968285 -0.244521 0.051321 -208.14 0.05192 0.00399985 0.998643 17.539
-0.210251 0.977632 0.0055394 -23.7504 -0.976357 -0.210261 0.0501719 -209.278 0.0502144 0.00514026 0.998725 17.6136
-0.174037 0.984736 0.00265331 -23.9785 -0.983491 -0.173951 0.0498702 -210.46 0.0495705 0.00606976 0.998752 17.6879
-0.140394 0.990095 0.000943499 -24.1522 -0.988866 -0.140267 0.0496916 -211.534 0.0493318 0.00604342 0.998764 17.7517
-0.104252 0.994548 -0.00220134 -24.2818 -0.993354 -0.104018 0.0492805 -212.722 0.0487829 0.00732431 0.998783 17.8184
-0.0686483 0.997636 -0.00306744 -24.3796 -0.996405 -0.06841 0.0499736 -213.888 0.0496457 0.00648702 0.998746 17.8927
-0.0348679 0.999382 -0.00442024 -24.4126 -0.998126 -0.0346009 0.0504625 -215.041 0.0502783 0.00617148 0.998716 17.9493
-0.00162053 0.999986 -0.0050233 -24.4362 -0.998782 -0.0013708 0.0493264 -216.193 0.0493188 0.00509712 0.99877 18.0194
0.0320475 0.999471 -0.00562424 -24.4086 -0.998221 0.0322895 0.0501178 -217.36 0.0502729 0.00400809 0.998727 18.0852
0.0649594 0.997855 -0.00804866 -24.3565 -0.996599 0.0652833 0.0502899 -218.533 0.0507075 0.00475448 0.998702 18.1558
0.096798 0.995242 -0.0111555 -24.2454 -0.994086 0.0972278 0.0483629 -219.682 0.0492174 0.00640809 0.998768 18.2135
0.127782 0.991704 -0.0139909 -24.1034 -0.990623 0.128305 0.0469373 -220.848 0.048343 0.00786194 0.9988 18.2814
0.158362 0.98725 -0.0160871 -23.9378 -0.986146 0.158957 0.047419 -222.027 0.0493716 0.0083549 0.998746 18.353
0.18851 0.981849 -0.0208861 -23.7384 -0.980773 0.189312 0.0473857 -223.192 0.0504795 0.0115518 0.998658 18.4154
0.218276 0.975595 -0.023868 -23.4914 -0.974546 0.219193 0.0470594 -224.322 0.0511427 0.0129886 0.998607 18.4812
0.248427 0.968225 -0.0286943 -23.2091 -0.967318 0.24953 0.0450612 -225.488 0.0507895 0.0165621 0.998572 18.5473
0.278035 0.960028 -0.032298 -22.9065 -0.959221 0.279269 0.0436373 -226.588 0.0509128 0.0188482 0.998525 18.607
0.307874 0.950707 -0.0370174 -22.5579 -0.949988 0.309315 0.0429853 -227.73 0.0523165 0.021932 0.99839 18.6817
0.336449 0.940888 -0.039138 -22.1697 -0.940189 0.337973 0.0426397 -228.837 0.0533467 0.022451 0.998324 18.7483
0.364414 0.930297 -0.0418202 -21.7474 -0.929715 0.366018 0.0407598 -229.944 0.0532257 0.0240274 0.998293 18.815
0.392169 0.918878 -0.0431974 -21.2871 -0.918339 0.393803 0.039653 -231.037 0.0534475 0.0241192 0.998279 18.8856
0.42132 0.905683 -0.0472025 -20.8005 -0.905124 0.423186 0.0407956 -232.153 0.0569233 0.0255361 0.998052 18.9597
0.448828 0.89214 -0.0513794 -20.2769 -0.891545 0.45096 0.0422166 -233.209 0.0608332 0.026859 0.997787 19.0334
0.476369 0.877554 -0.0545073 -19.7122 -0.87705 0.478644 0.0410368 -234.275 0.0621016 0.0282569 0.99767 19.1091
0.503206 0.862338 -0.0561822 -19.1255 -0.861978 0.505494 0.0383379 -235.323 0.06146 0.029136 0.997684 19.1931
0.528904 0.846769 -0.0569431 -18.5005 -0.846509 0.531159 0.0359389 -236.356 0.0606778 0.0291946 0.99773 19.275
0.552209 0.831732 -0.0573278 -17.8356 -0.831409 0.554485 0.0361265 -237.359 0.061835 0.0277135 0.997702 19.3595
0.573644 0.81707 -0.0576985 -17.1593 -0.816687 0.575939 0.0363017 -238.357 0.0628918 0.0262974 0.997674 19.4408
0.593121 0.803024 -0.0579604 -16.4514 -0.802683 0.595386 0.0348594 -239.333 0.0625018 0.025848 0.99771 19.5211
0.612105 0.788669 -0.0576968 -15.7111 -0.788422 0.614282 0.0323749 -240.302 0.0609752 0.0256726 0.997809 19.6056
0.62935 0.774927 -0.0583689 -14.9341 -0.774825 0.631488 0.0294846 -241.245 0.0597077 0.0266695 0.99786 19.6822
0.645724 0.761262 -0.0593391 -14.1501 -0.761307 0.647842 0.0266946 -242.21 0.058764 0.0279379 0.997881 19.77
0.661376 0.74759 -0.0607537 -13.3516 -0.747759 0.663517 0.02451 -243.124 0.0586346 0.0292188 0.997852 19.848
0.676506 0.733812 -0.0621266 -12.5276 -0.733995 0.678724 0.0241948 -244.042 0.0599213 0.0292326 0.997775 19.9262
0.691339 0.719764 -0.0631667 -11.6804 -0.720009 0.693586 0.0229243 -244.909 0.0603117 0.0296321 0.99774 20.0032
0.706449 0.705007 -0.0624081 -10.814 -0.705309 0.708594 0.0208222 -245.792 0.0589018 0.0293071 0.997833 20.0766
0.720778 0.690419 -0.061652 -9.93193 -0.690845 0.72279 0.0175508 -246.641 0.0566788 0.0299418 0.997943 20.1581
0.735229 0.674942 -0.0623835 -9.01161 -0.67545 0.737238 0.0157482 -247.509 0.0566206 0.0305584 0.997928 20.2341
0.748891 0.659535 -0.0646208 -8.08577 -0.660096 0.751025 0.0152857 -248.339 0.0586133 0.0312087 0.997793 20.3157
0.761409 0.644871 -0.0663215 -7.14372 -0.645489 0.763632 0.0145177 -249.139 0.0600073 0.0317559 0.997693 20.3877
0.773113 0.630818 -0.066062 -6.17872 -0.631425 0.775312 0.0138986 -249.949 0.0599862 0.030968 0.997719 20.4688
0.784274 0.616941 -0.0655509 -5.20543 -0.617639 0.786378 0.0114542 -250.713 0.0586144 0.0315036 0.997783 20.5443
0.794914 0.603142 -0.0658098 -4.20002 -0.603986 0.79695 0.00847418 -251.477 0.0575582 0.0330119 0.997796 20.629
0.80492 0.589606 -0.0668434 -3.18444 -0.590518 0.806991 0.00728549 -252.239 0.0582376 0.033608 0.997737 20.7162
0.814118 0.57637 -0.0707857 -2.14446 -0.577496 0.816376 0.00543642 -252.988 0.0609211 0.0364525 0.997477 20.7921
0.822839 0.563737 -0.0716714 -1.08903 -0.565033 0.825064 0.00262745 -253.728 0.0606147 0.0383347 0.997425 20.8741
0.830716 0.551986 -0.0722706 -0.0213051 -0.553448 0.832884 -0.000252021 -254.436 0.0600539 0.0402074 0.997385 20.953
0.837764 0.540997 -0.0739827 1.05254 -0.54259 0.839996 -0.00171474 -255.14 0.0612175 0.0415788 0.997258 21.0315
0.843656 0.531792 -0.073767 2.15046 -0.533473 0.845809 -0.00369137 -255.853 0.0604298 0.0424669 0.997269 21.1214
0.847834 0.525269 -0.072597 3.259 -0.526938 0.849891 -0.00461606 -256.528 0.0592748 0.0421678 0.997351 21.1994
0.850696 0.520759 -0.0715963 4.38328 -0.522466 0.852638 -0.00615235 -257.217 0.0578419 0.0426404 0.997415 21.2779
0.853599 0.516032 -0.0712661 5.49541 -0.517762 0.855496 -0.00698286 -257.895 0.0573645 0.0428595 0.997433 21.3627
0.856091 0.511851 -0.0715232 6.61943 -0.513641 0.857968 -0.00798514 -258.567 0.0572774 0.0435732 0.997407 21.4456
0.858375 0.508115 -0.0707852 7.76847 -0.510023 0.860093 -0.0107987 -259.252 0.0553949 0.0453713 0.997433 21.5184
0.860698 0.504207 -0.0705267 8.89401 -0.5062 0.862322 -0.0127195 -259.915 0.0544034 0.0466483 0.997429 21.5992
0.863042 0.500062 -0.0713869 10.0498 -0.50213 0.864687 -0.0134916 -260.586 0.0549807 0.0474894 0.997357 21.6814
0.865152 0.496344 -0.0717979 11.2275 -0.498529 0.866736 -0.0153797 -261.26 0.0545962 0.0490991 0.997301 21.7545
0.867308 0.492649 -0.0712254 12.356 -0.494783 0.868886 -0.0150787 -261.909 0.0544582 0.048319 0.997346 21.8335
0.869591 0.488663 -0.0708491 13.5191 -0.490806 0.871127 -0.0157206 -262.562 0.0540365 0.0484437 0.997363 21.9121
0.871372 0.485515 -0.0706131 14.6996 -0.487638 0.872906 -0.0156455 -263.219 0.0540425 0.0480667 0.997381 21.9944
0.872758 0.483149 -0.0697137 15.8543 -0.485148 0.874316 -0.0142266 -263.85 0.0540782 0.0462378 0.997466 22.0754
0.873593 0.481819 -0.0684596 17.0495 -0.483692 0.875142 -0.0129937 -264.502 0.0536512 0.0444645 0.997569 22.1531
0.87403 0.481076 -0.0680992 18.184 -0.482877 0.875606 -0.0119915 -265.126 0.0538593 0.0433644 0.997606 22.2288
0.874593 0.48005 -0.0681082 19.3705 -0.481796 0.876215 -0.0109911 -265.766 0.0544011 0.042427 0.997617 22.3141
0.875116 0.479026 -0.0686068 20.5609 -0.480622 0.876892 -0.00796868 -266.418 0.0563435 0.0399475 0.997612 22.3961
0.875412 0.478268 -0.0700972 21.7111 -0.479912 0.877283 -0.0077577 -267.043 0.0577848 0.0404316 0.99751 22.4856
0.875393 0.478444 -0.0691275 22.8834 -0.479905 0.877305 -0.00525782 -267.666 0.0581303 0.0377773 0.997594 22.5643
