1 0 0 0 0 1 0 0 -0 0 1 0
0.999992 0.00178166 -0.00364535 0.95771 -0.00177766 0.999998 0.00109819 -0.00611767 0.0036473 -0.0010917 0.999993 0.0440805
0.999986 0.00258784 -0.00452776 1.9177 -0.00258946 0.999997 -0.000351332 -0.00979466 0.00452683 0.000363052 0.99999 0.0550404
0.999994 0.0029087 -0.00170366 2.88172 -0.00291193 0.999994 -0.00189702 -0.0114729 0.00169813 0.00190197 0.999997 0.0548612
0.999994 0.00177277 0.00289701 3.83074 -0.00175834 0.999986 -0.00497917 -0.0108208 -0.0029058 0.00497405 0.999983 0.0535963
0.999994 0.000668282 0.00344545 4.77301 -0.000647289 0.999981 -0.00609059 -0.0132568 -0.00344946 0.00608832 0.999976 0.0738747
1 6.50469e-05 0.000846065 5.70748 -5.805e-05 0.999966 -0.00826736 -0.0177591 -0.000846574 0.00826731 0.999965 0.0808933
0.999997 -0.00127544 -0.00189835 6.64525 0.00126004 0.999966 -0.00809436 -0.0107687 0.00190861 0.00809195 0.999965 0.0966427
0.999994 -0.00212556 -0.00270734 7.57298 0.00210506 0.999969 -0.0075505 0.00153569 0.00272331 0.00754476 0.999968 0.102773
0.999995 -0.0027789 -0.00131925 8.48711 0.00276777 0.999961 -0.00836633 0.00901826 0.00134245 0.00836264 0.999964 0.108308
0.999993 -0.00365525 0.00125017 9.4227 0.00366584 0.999956 -0.00857671 0.0118421 -0.00121876 0.00858123 0.999962 0.116682
0.999985 -0.00467517 0.00296878 10.3388 0.00470239 0.999946 -0.00922945 0.0178203 -0.00292548 0.00924327 0.999953 0.128716
0.99998 -0.00500861 0.00387064 11.2563 0.00505089 0.999927 -0.0109918 0.0264156 -0.0038153 0.0110111 0.999932 0.140086
0.999973 -0.00624909 0.00383791 12.1672 0.00629315 0.999913 -0.0115777 0.0350103 -0.00376522 0.0116016 0.999926 0.148506
0.999973 -0.00687073 0.0025497 13.0653 0.00690044 0.999906 -0.0118311 0.0488605 -0.00246817 0.0118484 0.999927 0.15471
0.999969 -0.00783822 0.000598518 13.9621 0.00784485 0.999897 -0.012025 0.0552964 -0.000504202 0.0120293 0.999928 0.166049
0.999953 -0.00964401 -0.000677902 14.8702 0.00963471 0.999874 -0.0125935 0.0663901 0.000799269 0.0125864 0.99992 0.175038
0.999936 -0.0112705 -0.00140137 15.7737 0.0112518 0.999856 -0.0127037 0.0836085 0.00154434 0.0126871 0.999918 0.18225
0.999917 -0.0127515 -0.00205322 16.6629 0.0127266 0.99985 -0.011748 0.0983185 0.00220271 0.0117208 0.999929 0.200415
0.999896 -0.0142612 -0.00219413 17.5468 0.0142385 0.999848 -0.0100375 0.116914 0.00233695 0.0100052 0.999947 0.208953
0.999874 -0.0158195 -0.00157044 18.4442 0.0158022 0.99982 -0.0105103 0.133958 0.00173643 0.0104842 0.999944 0.222347
0.999853 -0.0171362 -0.000777876 19.3352 0.0171273 0.999801 -0.0102007 0.149827 0.000952522 0.0101859 0.999948 0.229311
0.99983 -0.0184545 -0.000137216 20.213 0.0184523 0.999782 -0.0097502 0.170617 0.000317121 0.00974601 0.999952 0.24582
0.999799 -0.0200599 -6.36628e-05 21.0803 0.0200581 0.999743 -0.0105877 0.187019 0.000276034 0.0105843 0.999944 0.261339
0.999764 -0.0216974 -0.000455004 21.9615 0.0216917 0.999714 -0.0100627 0.216591 0.000673207 0.0100504 0.999949 0.271487
0.999741 -0.0227555 -0.000131776 22.8227 0.0227529 0.999687 -0.0103946 0.235544 0.000368269 0.0103889 0.999946 0.28201
0.999716 -0.0237972 0.001592 23.6857 0.0238125 0.999662 -0.0104727 0.255451 -0.00134224 0.0105077 0.999944 0.282196
0.999685 -0.0247456 0.00428251 24.5295 0.0247928 0.999628 -0.01133 0.27728 -0.00400055 0.0114327 0.999927 0.296688
0.999667 -0.0251619 0.0057246 25.3495 0.0252274 0.999614 -0.011669 0.302241 -0.00542877 0.0118096 0.999916 0.304938
0.999652 -0.0258984 0.00493971 26.1915 0.025951 0.999604 -0.0109151 0.335471 -0.00465507 0.0110395 0.999928 0.317814
0.999645 -0.0264967 0.00260944 26.9947 0.0265206 0.999602 -0.00961684 0.362178 -0.00235358 0.00968264 0.99995 0.325768
0.999619 -0.0275899 0.000687985 27.7978 0.027595 0.999578 -0.00910958 0.389384 -0.000436362 0.00912509 0.999958 0.330715
0.999605 -0.0281075 0.000475821 28.5836 0.0281104 0.99957 -0.008317 0.417824 -0.000241847 0.00832709 0.999965 0.340472
0.999562 -0.0295892 -4.27017e-05 29.3725 0.0295877 0.999525 -0.00860792 0.44305 0.000297383 0.00860289 0.999963 0.358604
0.999506 -0.0314113 -0.000821933 30.1426 0.0314034 0.999473 -0.00824471 0.460368 0.00108048 0.00821482 0.999966 0.365598
0.999445 -0.0333018 -0.00114891 30.9151 0.0332915 0.999413 -0.00803889 0.498373 0.00141594 0.00799618 0.999967 0.378442
0.999372 -0.0354354 -0.000205348 31.6754 0.0354328 0.999343 -0.00766813 0.523444 0.000476936 0.00765603 0.999971 0.387752
0.999297 -0.037448 0.00189532 32.4245 0.0374623 0.999265 -0.00813903 0.560132 -0.00158913 0.00820431 0.999965 0.395467
0.999225 -0.0392219 0.00335226 33.17 0.0392455 0.999203 -0.00731007 0.587534 -0.00306287 0.00743597 0.999968 0.403986
0.999139 -0.0413453 0.00358057 33.884 0.041368 0.999123 -0.00652271 0.640127 -0.00330775 0.00666521 0.999972 0.411255
0.999073 -0.0429473 0.00289822 34.5987 0.0429591 0.999068 -0.00416186 0.669323 -0.00271678 0.0042825 0.999987 0.420079
0.998997 -0.0447179 0.00212807 35.3073 0.0447225 0.998997 -0.0021566 0.710535 -0.0020295 0.00224961 0.999995 0.431841
0.998927 -0.0462184 0.00306766 36.0089 0.0462223 0.99893 -0.00123494 0.74559 -0.0030073 0.00137541 0.999995 0.435171
0.998867 -0.0473637 0.00457485 36.7028 0.047365 0.998878 -0.000167127 0.778211 -0.0045618 0.000383626 0.99999 0.438973
0.998856 -0.0475537 0.00508497 37.3851 0.0475423 0.998866 0.00233805 0.823124 -0.00519039 -0.00209362 0.999984 0.442711
0.998918 -0.0463967 0.00333835 38.041 0.0463777 0.998908 0.00556388 0.870001 -0.00359285 -0.00540304 0.999979 0.456726
0.999006 -0.044562 0.000515768 38.6898 0.0445571 0.998981 0.00724808 0.906699 -0.000838232 -0.0072179 0.999974 0.461682
0.999097 -0.0424688 -0.00143571 39.3352 0.0424786 0.999068 0.00767966 0.933434 0.00110823 -0.00773371 0.999969 0.47214
0.999229 -0.0392504 -0.000865382 39.9692 0.0392565 0.999191 0.00876216 0.963275 0.000520763 -0.00878938 0.999961 0.47552
0.999357 -0.0358103 0.00174503 40.5918 0.0357838 0.99927 0.0133805 0.992008 -0.00222291 -0.0133094 0.999909 0.485364
0.999466 -0.0323232 0.00476938 41.2235 0.0322336 0.999322 0.0177922 1.01042 -0.00534124 -0.017629 0.99983 0.483286
0.999587 -0.0280797 0.00605884 41.8219 0.0279378 0.99936 0.022361 1.05123 -0.00668285 -0.0221825 0.999732 0.494072
0.999721 -0.0227201 0.00650846 42.4182 0.0225406 0.999396 0.0264329 1.06938 -0.00710509 -0.0262788 0.999629 0.501341
0.999821 -0.0169256 0.00846615 42.9744 0.0166656 0.999414 0.0298935 1.09446 -0.00896716 -0.0297471 0.999517 0.503546
0.999895 -0.010464 0.0100377 43.5239 0.0101081 0.999341 0.0348728 1.10049 -0.010396 -0.0347676 0.999341 0.504923
0.999947 -0.00298318 0.00989212 44.067 0.00260423 0.99927 0.0381022 1.12134 -0.00999857 -0.0380744 0.999225 0.510829
0.999937 0.00400484 0.0104568 44.5755 -0.00443301 0.999139 0.0412501 1.11748 -0.0102826 -0.0412938 0.999094 0.518727
0.999878 0.011655 0.0104393 45.0607 -0.0121178 0.998894 0.0454243 1.12672 -0.0098983 -0.0455453 0.998913 0.521574
0.999778 0.0192383 0.00862726 45.5341 -0.0196478 0.998546 0.0502009 1.11382 -0.00764894 -0.0503593 0.998702 0.522939
0.999605 0.0274452 0.0060565 45.9613 -0.0277229 0.998268 0.0518821 1.1193 -0.0046221 -0.0520295 0.998635 0.535919
0.999353 0.0354291 0.00617728 46.3963 -0.0357068 0.997961 0.0529048 1.0974 -0.00429031 -0.0530911 0.99858 0.529937
0.999038 0.0432114 0.0075312 46.8038 -0.0435439 0.997712 0.0517175 1.0749 -0.00527918 -0.0519957 0.998633 0.541405
0.998642 0.0513125 0.00906129 47.164 -0.0517228 0.997249 0.0531044 1.06851 -0.00631144 -0.0535009 0.998548 0.544038
0.99815 0.0600139 0.0097582 47.5212 -0.0604667 0.99661 0.0557936 1.04929 -0.00637673 -0.0562804 0.998395 0.544113
0.99759 0.0686153 0.0102772 47.8518 -0.0691144 0.995765 0.0606262 1.0268 -0.00607375 -0.0611904 0.998108 0.549473
0.996901 0.077861 0.0112455 48.1529 -0.0784274 0.994825 0.0645865 1.02039 -0.00615854 -0.0652683 0.997849 0.54906
0.996126 0.0870911 0.0121448 48.4479 -0.0876929 0.994093 0.06394 0.986676 -0.00650446 -0.0647573 0.99788 0.555469
0.995164 0.0975633 0.0113642 48.7086 -0.0980879 0.993187 0.0629207 0.948465 -0.00514803 -0.0637311 0.997954 0.563474
0.993931 0.109711 0.00800374 48.9659 -0.109996 0.992013 0.0617338 0.914529 -0.00116694 -0.0622395 0.998061 0.570499
0.992381 0.123089 0.00533096 49.2342 -0.123181 0.990424 0.0623359 0.88072 0.00239297 -0.0625177 0.998041 0.579259
0.990357 0.138481 0.00411627 49.4925 -0.138459 0.9883 0.0639757 0.842935 0.00479129 -0.0639287 0.997943 0.575272
0.987934 0.154824 0.00405936 49.7664 -0.154758 0.985802 0.0651505 0.802303 0.00608514 -0.0649926 0.997867 0.57808
0.985114 0.171852 0.00415022 50.0028 -0.171751 0.982951 0.0656353 0.759763 0.0072001 -0.065371 0.997835 0.580678
0.981793 0.189907 0.00414958 50.2463 -0.189774 0.979687 0.0648024 0.701763 0.00824117 -0.06441 0.997889 0.586286
0.97794 0.20883 0.00486145 50.5014 -0.208712 0.975908 0.0635823 0.626001 0.00853358 -0.0631943 0.997965 0.596033
0.973397 0.22907 0.00507319 50.7302 -0.228924 0.971369 0.0635302 0.562678 0.00962494 -0.0630015 0.997967 0.598493
0.968181 0.250202 0.00488637 50.9804 -0.249981 0.96605 0.0652403 0.495684 0.0116028 -0.064386 0.997858 0.600463
0.961987 0.273053 0.00486702 51.2283 -0.272765 0.95979 0.0663445 0.41683 0.0134442 -0.06515 0.997785 0.605216
0.954743 0.297373 0.00592927 51.4494 -0.297084 0.952475 0.0673173 0.339087 0.0143709 -0.0660323 0.997714 0.614642
0.94643 0.322818 0.00774215 51.7003 -0.322554 0.943988 0.069612 0.250922 0.0151635 -0.0683801 0.997544 0.619482
0.936677 0.35006 0.0096705 51.9625 -0.349827 0.934076 0.0715724 0.135833 0.0160217 -0.0704232 0.997389 0.629699
0.92551 0.378561 0.0110859 52.1859 -0.378339 0.922855 0.0720929 0.0363196 0.0170609 -0.0709169 0.997336 0.633572
0.912679 0.40853 0.010946 52.4154 -0.408251 0.91018 0.0700217 -0.0870007 0.0186431 -0.0683761 0.997485 0.649005
0.897503 0.440902 0.00963556 52.6679 -0.440508 0.895234 0.0671518 -0.23305 0.0209813 -0.0645135 0.997696 0.662449
0.880083 0.47476 0.00758216 52.877 -0.474181 0.877956 0.0659204 -0.370763 0.0246396 -0.0616108 0.997796 0.674932
0.86046 0.509485 0.00576421 53.1299 -0.508672 0.858326 0.0672999 -0.538905 0.0293408 -0.060841 0.997716 0.682741
0.838701 0.54457 0.00491194 53.3434 -0.543572 0.836543 0.0687377 -0.704263 0.0333235 -0.0603204 0.997623 0.68697
0.814285 0.580437 0.00569124 53.572 -0.579309 0.812006 0.0710471 -0.889787 0.036617 -0.0611496 0.997457 0.698902
0.787056 0.616825 0.00839854 53.843 -0.615631 0.78452 0.0743474 -1.09931 0.0392705 -0.0636859 0.997197 0.712656
0.757555 0.652662 0.0119391 54.063 -0.651425 0.754693 0.0779966 -1.31232 0.0418951 -0.0668641 0.996882 0.716808
0.724738 0.688875 0.0143222 54.3014 -0.687618 0.721776 0.0788796 -1.56028 0.0440007 -0.0670153 0.996781 0.735538
0.688138 0.725409 0.0157622 54.5549 -0.724217 0.685352 0.0761766 -1.85988 0.0444565 -0.0638353 0.99697 0.760584
0.649067 0.76054 0.0170717 54.7628 -0.759379 0.646412 0.0741285 -2.13574 0.0453424 -0.0610782 0.997103 0.782911
0.606875 0.794581 0.0185382 55.012 -0.793419 0.604285 0.0729829 -2.47483 0.0467885 -0.059 0.997161 0.796151
0.560982 0.827613 0.018861 55.19 -0.826367 0.558492 0.072143 -2.80495 0.0491728 -0.056057 0.997216 0.821294
0.512897 0.858231 0.0194056 55.3972 -0.856972 0.510557 0.0702172 -3.18166 0.0503548 -0.0526443 0.997343 0.842634
0.464264 0.885422 0.0220392 55.5885 -0.884295 0.461986 0.0677614 -3.59846 0.0498157 -0.0509484 0.997458 0.868724
0.414605 0.909621 0.0263111 55.7591 -0.908737 0.412332 0.0646554 -4.00276 0.047963 -0.0507163 0.997561 0.895506
0.364685 0.930569 0.0323572 55.9277 -0.929914 0.362212 0.0637406 -4.4382 0.0475949 -0.0533346 0.997442 0.909361
0.315483 0.948332 0.0337228 56.0635 -0.947616 0.312977 0.0637885 -4.91077 0.0499382 -0.0520805 0.997394 0.917569
0.267598 0.963141 0.0273826 56.1627 -0.962218 0.265643 0.0597532 -5.37926 0.0502768 -0.0423378 0.997838 0.966041
0.222609 0.974747 0.0176951 56.2559 -0.973702 0.221395 0.0537446 -5.86314 0.0484698 -0.0291938 0.998398 0.992422
0.17973 0.983654 0.0110679 56.3188 -0.982522 0.178946 0.0512755 -6.39271 0.0484568 -0.0200902 0.998623 1.03811
0.141134 0.989949 0.0090533 56.3828 -0.988662 0.140465 0.0530771 -6.9116 0.051272 -0.0164416 0.998549 1.03482
0.107735 0.994175 0.00315182 56.4152 -0.992802 0.107419 0.0529632 -7.43854 0.0523161 -0.00883514 0.998591 1.07805
0.0780585 0.996944 -0.00308773 56.445 -0.995617 0.0781139 0.0514276 -8.00128 0.0515116 -0.000940162 0.998672 1.11207
0.0526613 0.998583 -0.00768194 56.4536 -0.997371 0.0529778 0.049444 -8.55157 0.0497809 0.00505795 0.998747 1.13421
0.0324124 0.999399 -0.0123009 56.4716 -0.998285 0.0329715 0.0483633 -9.1315 0.0487398 0.0107122 0.998754 1.16478
0.0160945 0.999782 -0.0132761 56.4596 -0.998636 0.0167327 0.049449 -9.71296 0.0496604 0.0124621 0.998688 1.19885
0.00271604 0.9999 -0.0138542 56.4703 -0.998761 0.00340089 0.0496508 -10.2998 0.049693 0.0137022 0.998671 1.22207
-0.00927968 0.999865 -0.0135957 56.4603 -0.998692 -0.0085834 0.0504057 -10.9104 0.0502822 0.0140457 0.998636 1.24029
-0.0186381 0.999672 -0.0175707 56.4527 -0.998432 -0.0176814 0.0531131 -11.5276 0.052785 0.0185331 0.998434 1.28397
-0.0257149 0.999447 -0.0210634 56.4204 -0.998207 -0.0245321 0.0546068 -12.1511 0.0540599 0.0224298 0.998286 1.33141
-0.0301597 0.999312 -0.0215749 56.4086 -0.9981 -0.0289488 0.0543928 -12.787 0.0537308 0.0231743 0.998287 1.35483
-0.0339903 0.999244 -0.018862 56.3965 -0.998116 -0.0329751 0.0517442 -13.4434 0.0510831 0.0205853 0.998482 1.39745
-0.0360713 0.999194 -0.0176111 56.3777 -0.998365 -0.0352484 0.0449915 -14.11 0.0443345 0.0192052 0.998832 1.41389
-0.0372188 0.999137 -0.0184442 56.3426 -0.998559 -0.0364704 0.0393791 -14.7864 0.0386724 0.0198833 0.999054 1.44999
-0.0377718 0.999057 -0.0214268 56.3198 -0.998631 -0.036962 0.0370104 -15.4733 0.0361835 0.0227954 0.999085 1.47895
-0.0378069 0.99897 -0.0250764 56.2797 -0.99857 -0.0368188 0.0387614 -16.169 0.0377982 0.026506 0.998934 1.51934
-0.037238 0.998976 -0.0257086 56.2653 -0.998295 -0.0360305 0.0459334 -16.8645 0.0449601 0.0273752 0.998614 1.54709
-0.0352915 0.999068 -0.0248618 56.2429 -0.997997 -0.0339246 0.0534047 -17.5692 0.0525114 0.0266967 0.998263 1.5968
-0.0334337 0.999107 -0.0258268 56.2208 -0.99796 -0.0319671 0.0552535 -18.2848 0.0543786 0.0276215 0.998138 1.6195
-0.030723 0.999185 -0.0261786 56.2045 -0.998275 -0.0293628 0.0508488 -19.0417 0.0500387 0.0276956 0.998363 1.65878
-0.0279401 0.99925 -0.0268283 56.1845 -0.99864 -0.0267212 0.0447655 -19.7715 0.044015 0.0280425 0.998637 1.69105
-0.0253609 0.999367 -0.0249657 56.1733 -0.998784 -0.0242738 0.042921 -20.5097 0.0422878 0.0260238 0.998766 1.7243
-0.022382 0.999253 -0.0315012 56.1414 -0.998632 -0.0208563 0.0479551 -21.2408 0.0472622 0.0325315 0.998353 1.77985
-0.0192876 0.999232 -0.0341066 56.1285 -0.998424 -0.0174514 0.053339 -21.9587 0.0527029 0.0350816 0.997994 1.82627
-0.016777 0.999464 -0.0281116 56.1338 -0.998418 -0.015237 0.0541294 -22.7075 0.0536721 0.0289753 0.998138 1.85853
-0.0128725 0.999642 -0.0234656 56.1362 -0.998606 -0.0116509 0.0514728 -23.4592 0.051181 0.0240954 0.998399 1.88942
-0.00827211 0.999563 -0.0283669 56.1285 -0.998848 -0.00691859 0.0474851 -24.1957 0.0472682 0.028727 0.998469 1.93239
-0.00528468 0.999421 -0.0336108 56.1023 -0.998826 -0.00365713 0.0483018 -24.9193 0.0481509 0.0338266 0.998267 1.98161
-0.00238386 0.999443 -0.0332941 56.1141 -0.99862 -0.00063223 0.0525225 -25.6433 0.0524722 0.0333734 0.998065 2.03983
0.00130563 0.999567 -0.0294062 56.1267 -0.99853 0.00289645 0.0541208 -26.3927 0.0541825 0.0292923 0.998101 2.06768
0.00501924 0.999595 -0.0280088 56.1392 -0.998575 0.00649829 0.0529681 -27.1531 0.0531287 0.0277031 0.998203 2.12174
0.00853875 0.999435 -0.0324968 56.1332 -0.998649 0.0101888 0.0509547 -27.8835 0.0512571 0.0320178 0.998172 2.15619
0.0118565 0.999223 -0.0375875 56.1508 -0.99862 0.0137557 0.0506782 -28.6172 0.0511559 0.0369348 0.998007 2.2053
0.0151453 0.999065 -0.0404913 56.1558 -0.998517 0.0172303 0.0516491 -29.3684 0.0522985 0.039649 0.997844 2.25565
0.018206 0.998985 -0.0412039 56.1723 -0.998462 0.0203243 0.0515889 -30.0987 0.052374 0.0402013 0.997818 2.29745
0.0212528 0.998873 -0.0424384 56.1743 -0.998448 0.0233909 0.0505389 -30.8451 0.0514746 0.0412985 0.99782 2.33389
0.0248474 0.998645 -0.0457168 56.1994 -0.998409 0.0271051 0.0494466 -31.5811 0.0506188 0.0444155 0.99773 2.38364
0.0279915 0.998636 -0.0440797 56.2195 -0.998292 0.0301898 0.0500233 -32.3363 0.0512858 0.0426042 0.997775 2.42258
0.0311927 0.998666 -0.0411552 56.256 -0.998126 0.0332915 0.0513396 -33.0776 0.0526412 0.0394767 0.997833 2.46591
0.033696 0.998496 -0.0432573 56.2856 -0.99802 0.0359172 0.0516424 -33.8361 0.0531184 0.0414315 0.997728 2.51147
0.0365684 0.998484 -0.0411331 56.3175 -0.997937 0.0386602 0.0512645 -34.5765 0.052777 0.0391735 0.997838 2.55739
0.0388147 0.998468 -0.0394446 56.3522 -0.997829 0.0408316 0.051682 -35.3582 0.0532134 0.0373529 0.997884 2.60094
0.042155 0.998392 -0.0378926 56.3932 -0.997671 0.0440995 0.0520378 -36.0816 0.0536252 0.0356107 0.997926 2.64286
0.0452381 0.998351 -0.0353328 56.4295 -0.997448 0.0470963 0.0536622 -36.8622 0.0552378 0.0328151 0.997934 2.69021
0.0484829 0.998197 -0.0353995 56.4805 -0.997081 0.0504605 0.0572931 -37.6262 0.0589761 0.0325184 0.99773 2.74455
0.0515101 0.998051 -0.0352244 56.5226 -0.996803 0.0535386 0.0593004 -38.3793 0.0610707 0.0320572 0.997619 2.78892
0.0550969 0.998024 -0.0302051 56.5683 -0.996469 0.0568804 0.0617641 -39.154 0.0633602 0.0266955 0.997634 2.84231
0.0578149 0.997991 -0.0258957 56.6313 -0.996344 0.0593148 0.0614806 -39.944 0.0628931 0.0222465 0.997772 2.88128
0.0613639 0.997708 -0.028533 56.6855 -0.996117 0.0630242 0.0614763 -40.7052 0.0631336 0.0246498 0.997701 2.94471
0.065269 0.997449 -0.0288905 56.7407 -0.995787 0.0669745 0.0626382 -41.4894 0.0644134 0.0246804 0.997618 3.00489
0.0690909 0.997302 -0.0247984 56.8045 -0.995466 0.0705501 0.0638002 -42.2795 0.0653776 0.020278 0.997655 3.05693
0.0735791 0.997017 -0.0233212 56.8649 -0.99522 0.0749121 0.0626552 -43.0885 0.0642153 0.0185996 0.997763 3.09971
0.0781316 0.996609 -0.0258159 56.9318 -0.994932 0.0795919 0.0614522 -43.881 0.0632986 0.0208837 0.997776 3.17373
0.0832349 0.996293 -0.0217218 57.0088 -0.994252 0.0844978 0.0657473 -44.6693 0.067339 0.0161245 0.9976 3.21399
0.0890139 0.995816 -0.0206653 57.0903 -0.993165 0.0903113 0.0739367 -45.459 0.0754937 0.0139426 0.997049 3.28358
0.0963813 0.995135 -0.0204082 57.1753 -0.992076 0.0977049 0.0789898 -46.2552 0.0805995 0.0126333 0.996667 3.34185
0.103639 0.994476 -0.0166356 57.27 -0.991109 0.104662 0.0821523 -47.0741 0.0834396 0.00797353 0.996481 3.41127
0.111224 0.993695 -0.0141363 57.3729 -0.990414 0.112007 0.0808392 -47.8811 0.0819129 0.00500955 0.996627 3.4789
0.118819 0.992816 -0.014102 57.4738 -0.989687 0.119565 0.0788938 -48.6968 0.0800131 0.00458245 0.996783 3.55727
0.126235 0.9919 -0.014123 57.574 -0.98899 0.126947 0.0760427 -49.4931 0.0772196 0.00436822 0.997005 3.62626
0.134121 0.990889 -0.0122311 57.698 -0.988401 0.134651 0.0702347 -50.327 0.0712418 0.00266931 0.997456 3.70105
0.141816 0.989843 -0.00990992 57.822 -0.987798 0.14216 0.0636061 -51.1188 0.0643689 0.000768638 0.997926 3.74804
0.149171 0.988761 -0.00997418 57.9432 -0.98694 0.149502 0.059985 -51.9461 0.060802 0.000895886 0.998149 3.82024
0.155856 0.987723 -0.0105534 58.0732 -0.985773 0.156212 0.06205 -52.7184 0.0629368 0.000732366 0.998017 3.87769
0.161682 0.986776 -0.0114483 58.2026 -0.984405 0.162087 0.068369 -53.5101 0.0693205 0.000215769 0.997594 3.94274
0.166633 0.985951 -0.0115322 58.3377 -0.983251 0.16703 0.0729334 -54.2793 0.073835 -0.000814054 0.99727 3.99757
0.171749 0.985076 -0.011264 58.4858 -0.98222 0.172109 0.0749891 -55.0519 0.0758086 -0.00181559 0.997121 4.06939
0.177232 0.984124 -0.00941737 58.6264 -0.981237 0.177434 0.0754428 -55.8316 0.0759161 -0.00413019 0.997106 4.12546
0.181983 0.98323 -0.0118756 58.766 -0.98056 0.182363 0.0724221 -56.5871 0.0733733 -0.00153487 0.997303 4.20413
0.186591 0.982354 -0.012805 58.9218 -0.980089 0.18703 0.0666789 -57.3446 0.0678972 0.000108318 0.997692 4.25171
0.19047 0.981629 -0.0111764 59.075 -0.979833 0.190797 0.0593692 -58.1002 0.060411 -0.000357002 0.998174 4.31769
0.193853 0.981006 -0.00700771 59.2271 -0.979396 0.193937 0.0563234 -58.8287 0.0566126 -0.00405511 0.998388 4.3589
0.197072 0.980375 -0.00520131 59.3799 -0.978771 0.197049 0.0563777 -59.5507 0.0562962 -0.00601957 0.998396 4.42871
0.199189 0.979956 -0.00326876 59.5184 -0.978253 0.199037 0.0583504 -60.2593 0.0578315 -0.00842507 0.998291 4.47835
0.201145 0.979561 -0.000555736 59.6782 -0.977649 0.200788 0.0623427 -60.9667 0.0611801 -0.0119966 0.998055 4.5306
0.203008 0.979177 -0.000522808 59.8331 -0.976965 0.202586 0.0670668 -61.6605 0.0657762 -0.0131044 0.997748 4.57799
0.204939 0.978775 0.000261603 59.9855 -0.976184 0.204377 0.0727618 -62.3256 0.071164 -0.0151671 0.997349 4.63561
0.20655 0.978436 -0.000864091 60.1378 -0.975697 0.206038 0.0745871 -63.0129 0.0731568 -0.0145629 0.997214 4.69909
0.207824 0.978166 0.000161023 60.2837 -0.975465 0.207238 0.0742977 -63.6864 0.0726421 -0.0155979 0.997236 4.74181
0.208441 0.978035 0.000835247 60.4251 -0.97554 0.207848 0.071555 -64.3388 0.0698096 -0.0157298 0.997436 4.80773
0.209257 0.97786 0.000863865 60.5775 -0.975531 0.208697 0.0691699 -65.0039 0.0674582 -0.015317 0.997605 4.85194
0.209342 0.977842 0.00100588 60.7235 -0.975597 0.208791 0.0679422 -65.6325 0.0662267 -0.0152045 0.997689 4.90458
0.207783 0.978174 0.000999685 60.8487 -0.975986 0.207249 0.0670802 -66.2737 0.065409 -0.0149138 0.997747 4.95818
0.206333 0.97848 0.00198255 61.0072 -0.976277 0.205732 0.06751 -66.8895 0.0656493 -0.0158651 0.997717 5.00815
0.203428 0.979086 0.00274513 61.1236 -0.976688 0.202732 0.0705758 -67.4893 0.0685432 -0.0170382 0.997503 5.05138
0.201648 0.979457 0.00158475 61.2492 -0.976765 0.200974 0.0744292 -68.0986 0.0725817 -0.0165565 0.997225 5.11149
0.199728 0.979851 -0.000756318 61.3736 -0.977075 0.199221 0.0750656 -68.7057 0.0737038 -0.0142538 0.997178 5.16091
0.19763 0.980277 -0.000187465 61.4937 -0.977594 0.197103 0.0738984 -69.3025 0.0724778 -0.0144213 0.997266 5.20993
0.19496 0.980811 0.000367382 61.6136 -0.978322 0.194438 0.0712725 -69.8595 0.0698334 -0.0142547 0.997457 5.25274
0.192793 0.981239 0.00057009 61.7344 -0.979012 0.192316 0.0674519 -70.4478 0.0660768 -0.0135624 0.997722 5.29778
0.190832 0.98162 -0.00213008 61.8355 -0.97946 0.190555 0.0659294 -70.9982 0.0651236 -0.0104951 0.997822 5.35242
0.188439 0.982071 -0.00532537 61.9347 -0.979772 0.188364 0.0675738 -71.547 0.0673653 -0.00751586 0.9977 5.39492
0.186146 0.982468 -0.0103363 62.0538 -0.980027 0.186412 0.0692576 -72.1038 0.0699701 -0.00276211 0.997545 5.44002
0.184211 0.982838 -0.00979891 62.1459 -0.980243 0.184437 0.0714579 -72.6529 0.0720388 -0.00355797 0.997395 5.47767
0.182986 0.983071 -0.00934036 62.258 -0.980312 0.183173 0.0737321 -73.1727 0.0741948 -0.00433546 0.997234 5.53101
0.181956 0.983246 -0.0109524 62.3562 -0.980555 0.182268 0.0727297 -73.7302 0.0735074 -0.00249418 0.997292 5.56463
0.181593 0.983238 -0.0163424 62.4596 -0.980691 0.1823 0.0707951 -74.2816 0.0725876 0.00317097 0.997357 5.61538
0.183545 0.982782 -0.0212421 62.5465 -0.980372 0.184592 0.0692598 -74.8177 0.0719884 0.00811285 0.997372 5.65376
0.185491 0.982353 -0.0239894 62.6375 -0.980036 0.186721 0.0683027 -75.371 0.0715767 0.0108409 0.997376 5.69956
0.188911 0.981734 -0.0226008 62.7557 -0.979396 0.190034 0.0683415 -75.9293 0.0713882 0.0092247 0.997406 5.74407
0.194345 0.980699 -0.0214585 62.8736 -0.978317 0.195377 0.0687313 -76.4791 0.0715972 0.00763565 0.997404 5.78694
0.200721 0.979363 -0.0236482 62.9955 -0.977055 0.201887 0.0678688 -77.035 0.0712425 0.00948289 0.997414 5.8303
0.208438 0.977781 -0.0222958 63.1264 -0.975455 0.209489 0.0678449 -77.6027 0.0710082 0.00760714 0.997447 5.87916
0.216522 0.976024 -0.0222357 63.2478 -0.973768 0.217542 0.0667219 -78.1826 0.0699594 0.00720567 0.997524 5.91328
0.225821 0.973961 -0.0201216 63.3758 -0.971728 0.226668 0.0660762 -78.7508 0.0689166 0.00463133 0.997612 5.96288
0.235251 0.971759 -0.0184949 63.5517 -0.969499 0.235965 0.0662652 -79.3382 0.0687579 0.0023418 0.997631 6.00785
0.245134 0.969355 -0.0161149 63.7082 -0.966883 0.245659 0.0691956 -79.9245 0.0710339 -0.00138093 0.997473 6.05459
0.254587 0.966956 -0.013506 63.8769 -0.964272 0.254889 0.0721905 -80.5143 0.0732475 -0.00535536 0.997299 6.09651
0.265927 0.963926 -0.011394 64.0725 -0.961075 0.266022 0.0746139 -81.1317 0.0749533 -0.00889132 0.997147 6.14032
0.276052 0.961082 -0.0107968 64.2563 -0.9581 0.276054 0.0764114 -81.7337 0.0764182 -0.0107491 0.997018 6.19413
0.286547 0.95803 -0.00833386 64.439 -0.954984 0.286311 0.0776579 -82.3588 0.0767847 -0.0142939 0.996945 6.24691
0.29657 0.954975 -0.00827139 64.6557 -0.951893 0.29629 0.0781761 -82.995 0.077107 -0.0153112 0.996905 6.29496
0.307196 0.951624 -0.00656123 64.8556 -0.948535 0.306742 0.0786823 -83.6047 0.0768885 -0.0179473 0.996878 6.34492
0.318445 0.947921 -0.00617001 65.0926 -0.945128 0.317995 0.0749226 -84.3103 0.0729827 -0.0180273 0.99717 6.3896
0.328059 0.944625 -0.00781528 65.3093 -0.942293 0.327811 0.0679986 -84.9269 0.0667951 -0.0149432 0.997655 6.44371
0.338921 0.940773 -0.00885061 65.5584 -0.938719 0.338779 0.0635298 -85.6282 0.0627655 -0.0132234 0.997941 6.50049
0.349646 0.936834 -0.00952985 65.8134 -0.934977 0.349565 0.0601786 -86.2911 0.0597087 -0.012131 0.998142 6.53681
0.358664 0.933369 -0.0135131 66.08 -0.931607 0.358825 0.0579098 -86.98 0.0589001 -0.00818124 0.99823 6.5947
0.367143 0.92996 -0.0195037 66.3549 -0.928418 0.367657 0.0535605 -87.6884 0.0569799 -0.00155675 0.998374 6.63091
0.374243 0.926968 -0.0259286 66.6354 -0.925932 0.375067 0.0444301 -88.4323 0.0509103 0.00738049 0.998676 6.67678
0.381028 0.92406 -0.0304963 66.9221 -0.923298 0.382025 0.0397272 -89.1338 0.0483607 0.01302 0.998745 6.73185
0.388158 0.920927 -0.0350256 67.2042 -0.920261 0.389359 0.0389822 -89.8443 0.0495373 0.0171015 0.998626 6.76038
0.395204 0.917734 -0.0397226 67.5115 -0.916844 0.39675 0.0445675 -90.5581 0.056661 0.0188062 0.998216 6.81606
0.40189 0.91456 -0.0454238 67.8332 -0.913433 0.403886 0.0501558 -91.2781 0.0642166 0.0213345 0.997708 6.86693
0.407451 0.912109 -0.0451842 68.1448 -0.910855 0.409459 0.0518311 -91.985 0.0657766 0.0200376 0.997633 6.92065
0.41208 0.910307 -0.0391423 68.4812 -0.908808 0.413719 0.0538926 -92.6907 0.0652527 0.0133648 0.997779 6.9661
0.416498 0.908464 -0.0349684 68.8226 -0.906724 0.417886 0.0567682 -93.3762 0.0661846 0.00806285 0.997775 7.01673
0.420571 0.906596 -0.0347015 69.1397 -0.904641 0.421955 0.0598319 -94.0603 0.0688858 0.0062288 0.997605 7.0882
0.424573 0.904757 -0.0339551 69.4762 -0.902473 0.425915 0.0643323 -94.7267 0.072667 0.00332979 0.997351 7.14483
0.428138 0.903145 -0.032064 69.8025 -0.900636 0.429337 0.067272 -95.4026 0.0745226 7.63319e-05 0.997219 7.20915
0.431988 0.901355 -0.0307613 70.12 -0.898901 0.433081 0.0664718 -96.0537 0.0732368 -0.00106364 0.997314 7.25981
0.436126 0.899359 -0.0307969 70.4329 -0.897153 0.437212 0.0629492 -96.699 0.0700786 0.00017575 0.997541 7.3246
0.439696 0.89764 -0.0301709 70.763 -0.895637 0.440729 0.0599409 -97.3457 0.0671026 0.000666332 0.997746 7.37847
0.443024 0.896038 -0.0290768 71.0909 -0.894086 0.443977 0.059121 -97.9812 0.0658841 -0.000194904 0.997827 7.43659
0.446666 0.894295 -0.0269364 71.3876 -0.892197 0.447465 0.0613189 -98.5779 0.0668903 -0.0033565 0.997755 7.49369
0.449281 0.89294 -0.0283614 71.6938 -0.890796 0.450169 0.0618907 -99.1916 0.0680321 -0.00254207 0.99768 7.55381
0.451456 0.891781 -0.0302423 72.0005 -0.889749 0.452468 0.0601596 -99.7973 0.0673328 -0.000251381 0.997731 7.60051
0.452822 0.891019 -0.0322081 72.3167 -0.889079 0.453961 0.0588074 -100.401 0.0670197 0.00200629 0.99775 7.6556
0.454799 0.890065 -0.0306985 72.6226 -0.888099 0.455834 0.0591283 -100.978 0.0666214 0.000371861 0.997778 7.70489
0.456595 0.889094 -0.0321433 72.9059 -0.887183 0.457721 0.0582847 -101.535 0.0665332 0.00190442 0.997782 7.755
0.459011 0.887823 -0.032841 73.215 -0.885788 0.460182 0.0601047 -102.107 0.0684752 0.00150139 0.997652 7.80459
0.461798 0.886283 -0.0352796 73.5016 -0.884233 0.463131 0.060339 -102.663 0.0698166 0.00333098 0.997554 7.858
0.464438 0.884805 -0.037653 73.7763 -0.882817 0.465928 0.0595429 -103.194 0.0702275 0.00558673 0.997515 7.90908
0.467788 0.882932 -0.0400687 74.0659 -0.881052 0.469431 0.0581597 -103.761 0.0701606 0.00809619 0.997503 7.9591
0.470909 0.881198 -0.0416646 74.3436 -0.879394 0.472648 0.0571883 -104.275 0.0700869 0.00970912 0.997494 8.00634
0.474003 0.8795 -0.0424327 74.6297 -0.877731 0.475785 0.0567102 -104.774 0.0700655 0.0103637 0.997489 8.05438
0.477642 0.877498 -0.0430652 74.911 -0.875763 0.479456 0.0562156 -105.305 0.069977 0.010864 0.997489 8.10384
0.480946 0.875582 -0.0452522 75.1931 -0.873909 0.4829 0.0555876 -105.807 0.0705237 0.0128117 0.997428 8.14931
0.485244 0.873206 -0.0452812 75.4761 -0.871429 0.487208 0.0569268 -106.322 0.0717702 0.0118359 0.997351 8.19544
0.488905 0.870978 -0.0486714 75.7531 -0.869247 0.491106 0.0567815 -106.814 0.0733583 0.0145467 0.9972 8.24641
0.493672 0.8683 -0.0483993 76.0465 -0.866276 0.495892 0.0604796 -107.313 0.0765153 0.01207 0.996995 8.2945
0.498948 0.865256 -0.0488049 76.3375 -0.862781 0.501246 0.0660374 -107.783 0.0816026 0.00915874 0.996623 8.33914
0.504875 0.861889 -0.047418 76.641 -0.858792 0.507083 0.0730924 -108.273 0.0870424 0.0038197 0.996197 8.39033
0.511036 0.858315 -0.0462443 76.9431 -0.854613 0.513122 0.0796374 -108.756 0.092083 -0.00117658 0.995751 8.43702
0.517491 0.854494 -0.0451982 77.2471 -0.850327 0.519434 0.0844459 -109.233 0.0956361 -0.0052667 0.995402 8.49169
0.523568 0.850952 -0.0419067 77.5645 -0.84675 0.525166 0.0849425 -109.726 0.09429 -0.00898867 0.995504 8.54995
0.529989 0.84728 -0.0350538 77.8951 -0.843247 0.530937 0.0839092 -110.232 0.0897059 -0.014912 0.995857 8.59947
0.536199 0.843649 -0.0273181 78.2241 -0.839937 0.536488 0.0817727 -110.719 0.0836433 -0.020901 0.996277 8.6543
0.542805 0.839633 -0.0194778 78.5723 -0.836255 0.542477 0.0799794 -111.221 0.0777196 -0.0271249 0.996606 8.70668
0.549099 0.835613 -0.0155116 78.9075 -0.832508 0.548506 0.0779179 -111.715 0.0736174 -0.0298711 0.996839 8.76012
0.555457 0.831448 -0.0126955 79.2628 -0.828182 0.554517 0.0813982 -112.217 0.0747183 -0.034699 0.996601 8.80797
0.562209 0.826918 -0.0112898 79.6327 -0.823408 0.560988 0.0853897 -112.748 0.0769438 -0.0387107 0.996284 8.85424
0.568386 0.822686 -0.0111795 80.0159 -0.818914 0.566987 0.0889153 -113.282 0.0794881 -0.0413831 0.995976 8.91306
0.574499 0.818438 -0.010461 80.403 -0.814497 0.572903 0.091521 -113.809 0.0808974 -0.0440583 0.995748 8.95576
0.581162 0.81374 -0.00877637 80.8161 -0.809816 0.579356 0.0924373 -114.365 0.0803046 -0.0466138 0.99568 9.01355
0.588006 0.808843 -0.00457932 81.2387 -0.805005 0.585749 0.0941571 -114.912 0.0788406 -0.0516786 0.995547 9.06248
0.595045 0.803687 -0.00288639 81.6508 -0.800046 0.592683 0.0930242 -115.451 0.076473 -0.0530443 0.99566 9.11664
0.602581 0.798055 -0.00202602 82.0974 -0.794635 0.600229 0.0909956 -116.032 0.0738356 -0.0532223 0.995849 9.17402
0.610187 0.792255 -0.00180273 82.5444 -0.788857 0.607777 0.0911687 -116.603 0.0733245 -0.0542078 0.995834 9.23884
0.617865 0.786284 0.000263066 83.0205 -0.78288 0.615158 0.0931612 -117.191 0.0730894 -0.057767 0.995651 9.28722
0.625932 0.779877 0.000563032 83.4967 -0.776432 0.623099 0.094348 -117.756 0.073229 -0.0594926 0.995539 9.34245
0.632613 0.774468 0.00113946 83.9886 -0.77102 0.629657 0.0951853 -118.342 0.0730005 -0.061094 0.995459 9.39148
0.637763 0.770232 0.00124363 84.4952 -0.766901 0.634853 0.0939352 -118.944 0.0715623 -0.0608621 0.995578 9.45159
0.641802 0.76687 0.000581802 85.0087 -0.763575 0.638974 0.0930843 -119.549 0.0710118 -0.060186 0.995658 9.50876
0.644808 0.764342 -0.00181793 85.5257 -0.761064 0.642259 0.0910174 -120.145 0.070736 -0.0573052 0.995848 9.56614
0.648045 0.761582 -0.00552425 86.0596 -0.758341 0.645925 0.0877485 -120.78 0.0703959 -0.0526758 0.996127 9.62343
0.651524 0.75855 -0.0108715 86.5792 -0.755509 0.650076 0.0812818 -121.397 0.0687236 -0.0447435 0.996632 9.68464
0.654791 0.755672 -0.0144198 87.1281 -0.75289 0.653819 0.0753482 -122.04 0.0663665 -0.0384808 0.997053 9.74519
0.65773 0.753072 -0.0165607 87.682 -0.750536 0.657064 0.0704426 -122.681 0.0639298 -0.0339028 0.997378 9.80853
0.660831 0.750338 -0.0171965 88.2528 -0.74792 0.660267 0.0682905 -123.309 0.0625952 -0.0322669 0.997517 9.85367
0.663924 0.74761 -0.0168496 88.8337 -0.745079 0.663261 0.0703033 -123.952 0.0637351 -0.0341217 0.997383 9.92515
0.667676 0.744305 -0.0147744 89.4212 -0.7416 0.666722 0.0742386 -124.586 0.0651066 -0.0386107 0.997131 9.97942
0.67092 0.741458 -0.0103367 90.0231 -0.738686 0.669502 0.0781626 -125.214 0.0648746 -0.0448053 0.996887 10.0354
0.67375 0.738924 -0.0072655 90.6319 -0.736454 0.672242 0.0756749 -125.874 0.0608022 -0.0456353 0.997106 10.0984
0.677589 0.735439 -0.00172393 91.2509 -0.733413 0.675892 0.0726325 -126.526 0.0545819 -0.0479506 0.997357 10.1424
0.680993 0.732288 0.00168136 91.8514 -0.730757 0.679417 0.0662376 -127.165 0.0473626 -0.046336 0.997802 10.1995
0.685719 0.727865 0.00124832 92.4723 -0.726539 0.684364 0.061536 -127.812 0.0439356 -0.0431034 0.998104 10.2417
0.689957 0.723845 -0.00272573 93.0854 -0.722467 0.688866 0.0592055 -128.467 0.0447333 -0.03888 0.998242 10.2993
0.694352 0.719498 -0.0140951 93.7233 -0.717855 0.693878 0.0567212 -129.135 0.0505911 -0.0292662 0.998291 10.3473
0.699159 0.714592 -0.0231224 94.3461 -0.712557 0.699092 0.0594379 -129.78 0.0586386 -0.0250805 0.997964 10.3963
0.704581 0.709053 -0.0284497 94.986 -0.70688 0.704815 0.0596429 -130.418 0.0623417 -0.0219128 0.997814 10.4627
0.710381 0.70319 -0.0297221 95.6436 -0.701249 0.710761 0.0553912 -131.075 0.0600759 -0.0185063 0.998022 10.4996
0.716154 0.697256 -0.0309497 96.2974 -0.695669 0.716695 0.0489092 -131.703 0.0562837 -0.0134957 0.998324 10.5775
0.721221 0.691782 -0.0357465 96.9595 -0.690324 0.722059 0.0456513 -132.352 0.0573918 -0.00824801 0.998318 10.6177
0.725609 0.686967 -0.0395941 97.6262 -0.68527 0.72664 0.0489936 -132.98 0.0624276 -0.00841759 0.998014 10.693
0.729247 0.683011 -0.0411573 98.314 -0.681173 0.730352 0.0508889 -133.621 0.064817 -0.00907536 0.997856 10.7439
0.732184 0.679817 -0.0418995 99.0033 -0.678166 0.733352 0.0478075 -134.249 0.0632274 -0.00658907 0.997977 10.8145
0.73469 0.677072 -0.0424841 99.6825 -0.675802 0.735915 0.0414936 -134.866 0.0593588 -0.00177406 0.998235 10.8743
0.736353 0.675299 -0.041914 100.379 -0.674242 0.737544 0.0377716 -135.508 0.0564205 0.000446953 0.998407 10.94
0.73698 0.674544 -0.0430228 101.072 -0.673786 0.738217 0.0323827 -136.126 0.0536037 0.00512278 0.998549 10.9987
0.737425 0.674152 -0.0415178 101.756 -0.673413 0.738579 0.0318705 -136.769 0.0521498 0.00445651 0.998629 11.0612
0.737609 0.673974 -0.0411391 102.448 -0.673251 0.738742 0.0315237 -137.408 0.0516373 0.00444473 0.998656 11.1091
0.736916 0.674806 -0.0399 103.143 -0.673931 0.737994 0.0343859 -138.021 0.0526498 0.00155034 0.998612 11.1719
0.735691 0.676195 -0.0389866 103.853 -0.675127 0.736721 0.0380158 -138.649 0.0544283 -0.001647 0.998516 11.2236
0.733985 0.678206 -0.0360841 104.553 -0.676895 0.734839 0.0427205 -139.279 0.0554893 -0.00693105 0.998435 11.2882
0.731802 0.680628 -0.034808 105.254 -0.679257 0.732579 0.0440109 -139.909 0.0554547 -0.00856367 0.998424 11.3442
0.729807 0.682918 -0.0316983 105.95 -0.681456 0.730393 0.0463067 -140.548 0.0547759 -0.0121939 0.998424 11.4025
0.72772 0.685233 -0.0296638 106.62 -0.683834 0.728209 0.0456369 -141.162 0.0528734 -0.0129258 0.998518 11.463
0.725222 0.687956 -0.0277471 107.293 -0.686681 0.725642 0.04374 -141.808 0.0502257 -0.0126678 0.998658 11.5062
0.722323 0.690977 -0.0283023 107.977 -0.689847 0.722809 0.040706 -142.452 0.048584 -0.0098786 0.99877 11.5578
0.719518 0.693734 -0.0320432 108.651 -0.692466 0.72018 0.0427975 -143.071 0.0527669 -0.00860476 0.99857 11.6376
0.715899 0.697454 -0.0323575 109.304 -0.695504 0.716436 0.0547155 -143.702 0.0613436 -0.016666 0.997978 11.6838
0.712354 0.700991 -0.0341089 109.959 -0.698608 0.7129 0.060986 -144.333 0.0670669 -0.0196149 0.997556 11.7606
0.709119 0.704313 -0.0330725 110.616 -0.702122 0.709656 0.0584197 -144.982 0.0646158 -0.0182056 0.997744 11.8143
0.705707 0.708039 -0.0256465 111.266 -0.706086 0.705826 0.0570306 -145.618 0.0584818 -0.0221383 0.998043 11.8838
0.702539 0.711283 -0.0227002 111.905 -0.70955 0.70256 0.0542966 -146.236 0.0545685 -0.0220385 0.998267 11.9316
0.699271 0.714561 -0.0205415 112.546 -0.712818 0.699157 0.0554053 -146.883 0.0539523 -0.024101 0.998253 11.9996
0.695957 0.71772 -0.0228333 113.196 -0.716035 0.696021 0.0533682 -147.543 0.0541959 -0.0207926 0.998314 12.052
0.692571 0.720914 -0.0250538 113.809 -0.719196 0.692769 0.0531731 -148.184 0.0556897 -0.0188075 0.998271 12.1161
0.688837 0.724289 -0.0301405 114.428 -0.72256 0.689354 0.0519475 -148.829 0.0584025 -0.0140051 0.998195 12.1673
0.684923 0.727917 -0.0318995 115.032 -0.726092 0.685536 0.0531965 -149.483 0.0605909 -0.0132735 0.998074 12.2442
0.680866 0.731657 -0.0331507 115.652 -0.72985 0.681573 0.0526961 -150.119 0.0611501 -0.0116839 0.99806 12.2898
0.676871 0.735443 -0.0311349 116.273 -0.733568 0.677444 0.054285 -150.777 0.0610156 -0.0139044 0.99804 12.3532
0.672099 0.73978 -0.0317572 116.88 -0.737922 0.672727 0.0539394 -151.442 0.0612672 -0.0128183 0.998039 12.4133
0.666611 0.74478 -0.0305446 117.49 -0.742819 0.66715 0.0559469 -152.099 0.0620459 -0.0146057 0.997966 12.4649
0.660121 0.750557 -0.0300899 118.099 -0.748161 0.660533 0.0628606 -152.758 0.0670558 -0.0189835 0.997569 12.5431
0.654032 0.755827 -0.0311147 118.715 -0.753029 0.654425 0.0683754 -153.43 0.0720422 -0.0212894 0.997174 12.6032
0.647586 0.761443 -0.0289312 119.296 -0.75841 0.647754 0.0723136 -154.097 0.073803 -0.0248875 0.996962 12.6863
0.64128 0.766891 -0.025264 119.889 -0.764398 0.641367 0.0659132 -154.808 0.0667518 -0.0229571 0.997505 12.7482
0.635102 0.772282 -0.0150621 120.481 -0.770295 0.634675 0.0619099 -155.526 0.0573714 -0.0277168 0.997968 12.7907
0.628135 0.778006 -0.0123457 121.084 -0.776407 0.627733 0.0560609 -156.251 0.0513656 -0.0256285 0.998351 12.8619
0.620942 0.783835 -0.00576691 121.667 -0.782353 0.62019 0.0573428 -156.966 0.0485239 -0.0310948 0.998338 12.9048
0.613187 0.789915 -0.00599835 122.249 -0.788329 0.612405 0.0591447 -157.698 0.0503927 -0.0315381 0.998231 12.9727
0.60563 0.795594 -0.015553 122.83 -0.793816 0.605406 0.0577945 -158.433 0.0553968 -0.0226559 0.998207 13.0092
0.598736 0.800764 -0.0171003 123.397 -0.798332 0.598369 0.0679731 -159.193 0.0646627 -0.0270462 0.997541 13.0949
0.591016 0.806341 -0.0226712 123.956 -0.803716 0.591026 0.0687662 -159.944 0.0688483 -0.0224207 0.997375 13.1612
0.583737 0.811616 -0.0230145 124.491 -0.809254 0.583875 0.0647911 -160.686 0.0660231 -0.0191965 0.997633 13.2147
0.57693 0.81642 -0.0247129 125.044 -0.814443 0.5773 0.0583668 -161.468 0.0619186 -0.0135463 0.997989 13.2816
0.569617 0.821573 -0.0235494 125.577 -0.819682 0.569948 0.0572729 -162.219 0.0604757 -0.0133206 0.998081 13.3463
0.562939 0.82619 -0.0225711 126.096 -0.824231 0.563206 0.0586737 -162.984 0.0611878 -0.0144259 0.998022 13.4052
0.556396 0.83055 -0.0247111 126.611 -0.828676 0.556832 0.0568649 -163.726 0.0609891 -0.0111619 0.998076 13.477
0.551331 0.833864 -0.0265605 127.117 -0.832314 0.551936 0.051186 -164.502 0.0573419 -0.00611372 0.998336 13.5386
0.546573 0.83701 -0.0259273 127.606 -0.835625 0.547166 0.0483727 -165.253 0.054675 -0.00477373 0.998493 13.5973
0.542362 0.839825 -0.0232018 128.102 -0.838515 0.542822 0.0472908 -165.977 0.0523105 -0.00619363 0.998612 13.6464
0.537778 0.842792 -0.0222848 128.568 -0.841377 0.538182 0.0494485 -166.735 0.0536681 -0.0078424 0.998528 13.7201
0.533761 0.845244 -0.0257325 129.039 -0.843678 0.534348 0.051772 -167.462 0.05751 -0.00592393 0.998327 13.774
0.530267 0.847376 -0.0277597 129.504 -0.845447 0.530946 0.0575832 -168.172 0.0635335 -0.00706514 0.997955 13.8377
0.526944 0.849509 -0.0257693 129.964 -0.847414 0.527479 0.0604546 -168.911 0.0649495 -0.0100189 0.997838 13.9026
0.524313 0.851193 -0.0237856 130.406 -0.849408 0.524774 0.0558488 -169.635 0.0600202 -0.00907857 0.998156 13.9558
