1 0 0 0 0 1 0 0 -0 0 1 0
1 0.000248711 0.000708234 1.31412 -0.000248222 1 -0.000690242 -0.00400663 -0.000708405 0.000690066 1 0.0324429
0.999999 0.000299068 0.000983385 2.63347 -0.000297217 0.999998 -0.00188179 0.00270015 -0.000983946 0.0018815 0.999998 0.0428495
1 -8.57278e-05 0.000454406 3.95104 8.69462e-05 0.999996 -0.00268204 0.0106039 -0.000454175 0.00268208 0.999996 0.0649719
1 0.000377068 0.000317741 5.26658 -0.000376092 0.999995 -0.00306759 0.0168192 -0.000318896 0.00306747 0.999995 0.0746077
1 -4.41157e-05 0.000834927 6.5923 4.6887e-05 0.999994 -0.00331946 0.0118964 -0.000834776 0.0033195 0.999994 0.0859897
0.999998 -6.44827e-05 0.00206201 7.93025 7.40518e-05 0.999989 -0.00464089 0.0200859 -0.00206169 0.00464103 0.999987 0.111744
0.999997 0.000263959 0.0025645 9.2559 -0.000251586 0.999988 -0.00482411 0.0242592 -0.00256575 0.00482345 0.999985 0.12125
0.999999 -0.000312537 0.00126859 10.5799 0.00031746 0.999992 -0.00388247 0.0312926 -0.00126736 0.00388287 0.999992 0.140746
1 -8.77305e-05 -0.000970594 11.914 8.64248e-05 0.999999 -0.00134524 0.0419305 0.000970711 0.00134515 0.999999 0.151534
0.999998 -0.000386333 -0.00199295 13.2529 0.000389739 0.999998 0.00170894 0.0518885 0.00199229 -0.00170971 0.999997 0.171504
0.999998 -0.000329607 -0.0021918 14.5942 0.000339074 0.999991 0.00432049 0.0628799 0.00219036 -0.00432122 0.999988 0.184957
0.999999 0.000135752 -0.00139212 15.9358 -0.000128751 0.999987 0.00502818 0.0760691 0.00139278 -0.005028 0.999986 0.202299
0.999999 0.00029755 0.00110551 17.2941 -0.000300907 0.999995 0.00303772 0.0720361 -0.00110461 -0.00303805 0.999995 0.222376
0.999995 0.000838843 0.003051 18.6446 -0.000834977 0.999999 -0.00126829 0.0770096 -0.00305206 0.00126574 0.999995 0.241738
0.999999 3.40625e-05 0.00152552 19.9925 -2.92226e-05 0.999995 -0.00317253 0.0744983 -0.00152562 0.00317249 0.999994 0.265864
0.999999 0.000515605 -0.000897216 21.342 -0.000519161 0.999992 -0.00396772 0.08028 0.000895163 0.00396819 0.999992 0.27304
0.999998 0.000657735 -0.00195495 22.7002 -0.000661506 0.999998 -0.00192858 0.0801957 0.00195367 0.00192987 0.999996 0.309007
0.999999 0.00144658 -0.00095033 24.0619 -0.00144601 0.999999 0.000595184 0.0869055 0.000951189 -0.000593809 0.999999 0.300853
0.999992 0.00237689 0.00315402 25.439 -0.00237808 0.999997 0.000374711 0.0842208 -0.00315312 -0.000382209 0.999995 0.313639
0.999988 0.00230478 0.00442222 26.8193 -0.00229916 0.999997 -0.00127501 0.0821176 -0.00442515 0.00126483 0.999989 0.326173
0.99999 0.00240364 0.00369168 28.1908 -0.00238595 0.999986 -0.00478802 0.0899435 -0.00370313 0.00477916 0.999982 0.363981
0.999998 0.00204366 0.000836236 29.5532 -0.00203914 0.999983 -0.00537197 0.0879279 -0.0008472 0.00537025 0.999985 0.359134
0.999995 0.00306647 -0.000922769 30.9429 -0.00307145 0.99998 -0.00544519 0.095991 0.000906054 0.005448 0.999985 0.39517
0.999992 0.00335714 -0.00226297 32.3096 -0.00336311 0.999991 -0.00264063 0.102446 0.00225409 0.00264822 0.999994 0.395957
0.999985 0.00381443 -0.00391938 33.7011 -0.00381879 0.999992 -0.00110459 0.0975571 0.00391514 0.00111954 0.999992 0.427789
0.999985 0.00402229 -0.00384917 35.0917 -0.00402333 0.999992 -0.000260554 0.102487 0.00384809 0.000276036 0.999993 0.442081
0.999991 0.00339209 -0.00244179 36.4844 -0.00339476 0.999994 -0.00109276 0.0953045 0.00243806 0.00110104 0.999996 0.468008
0.999994 0.00344091 -0.00106674 37.8798 -0.00344062 0.999994 0.000269016 0.100758 0.00106766 -0.000265344 0.999999 0.485904
0.999994 0.00330968 -0.000734942 39.272 -0.00330759 0.999991 0.00283544 0.116741 0.00074432 -0.00283299 0.999996 0.505295
0.999994 0.00344113 -0.000970857 40.6754 -0.00343608 0.999981 0.00515747 0.115789 0.000988586 -0.0051541 0.999986 0.526701
0.999993 0.00363153 -0.000559715 42.0811 -0.00362725 0.999965 0.00748009 0.122456 0.00058686 -0.00747801 0.999972 0.543951
0.999995 0.0032062 -0.0004794 43.4827 -0.0032019 0.999957 0.00872023 0.123632 0.000507338 -0.00871865 0.999962 0.561091
0.999995 0.00298684 -0.000594489 44.9078 -0.00298243 0.999969 0.00730042 0.130085 0.000616276 -0.00729862 0.999973 0.581411
0.999997 0.00215244 -0.00112996 46.3059 -0.00214476 0.999975 0.00675391 0.128895 0.00114447 -0.00675146 0.999977 0.602492
0.999999 0.00133941 -0.000746354 47.7337 -0.00133467 0.999979 0.00631692 0.128657 0.000754799 -0.00631592 0.99998 0.625539
1 -3.7941e-05 -6.93571e-06 49.1537 3.79858e-05 0.999978 0.00657272 0.138401 6.68619e-06 -0.00657272 0.999978 0.645492
0.999999 -0.00100596 0.0001749 50.5607 0.00100465 0.999973 0.00732662 0.135656 -0.000182266 -0.00732644 0.999973 0.666852
0.999998 -0.00186554 0.000124638 52.009 0.00186454 0.999969 0.00759347 0.15326 -0.0001388 -0.00759323 0.999971 0.686881
0.999994 -0.00319368 0.00117693 53.412 0.00318486 0.999967 0.00742426 0.163067 -0.0012006 -0.00742047 0.999972 0.700374
0.999991 -0.00375015 0.00202668 54.8515 0.00373755 0.999974 0.00618527 0.165746 -0.00204982 -0.00617764 0.999979 0.719063
0.999988 -0.00443231 0.00224199 56.2696 0.00442283 0.999981 0.00421646 0.179089 -0.00226064 -0.00420649 0.999989 0.736161
0.999986 -0.00489286 0.00176461 57.6914 0.00488882 0.999985 0.00228877 0.195255 -0.00177578 -0.00228012 0.999996 0.75628
0.999987 -0.00473357 0.00205663 59.1465 0.00473095 0.999988 0.00127349 0.201642 -0.00206263 -0.00126374 0.999997 0.77215
0.999987 -0.00455184 0.00248123 60.5415 0.00455153 0.99999 0.000131227 0.216557 -0.0024818 -0.000119932 0.999997 0.789811
0.999988 -0.00379745 0.00322946 61.9845 0.00380259 0.999992 -0.00158832 0.21916 -0.0032234 0.00160058 0.999994 0.808847
0.99999 -0.00349187 0.00293665 63.3835 0.00350141 0.999989 -0.00324945 0.233246 -0.00292527 0.0032597 0.99999 0.828394
0.999993 -0.00313706 0.00209126 64.7937 0.00314558 0.999987 -0.00408265 0.238507 -0.00207842 0.0040892 0.999989 0.845137
0.999996 -0.00210335 0.00200093 66.225 0.00211149 0.999989 -0.00407645 0.253331 -0.00199234 0.00408066 0.99999 0.868768
0.999996 -0.00181105 0.00194922 67.6302 0.00181574 0.999995 -0.00240716 0.259066 -0.00194485 0.00241069 0.999995 0.88636
0.999996 -0.000882043 0.0028454 69.0648 0.000882218 1 -6.03205e-05 0.272858 -0.00284535 6.28305e-05 0.999996 0.905876
0.999991 -0.000509156 0.00413969 70.4615 0.000494106 0.999993 0.00363569 0.284238 -0.00414151 -0.00363361 0.999985 0.923178
0.999989 0.000379685 0.0045866 71.8891 -0.000411664 0.999976 0.00697338 0.297343 -0.00458384 -0.00697519 0.999965 0.939851
0.99999 0.000721104 0.00434 73.291 -0.000770998 0.999934 0.0115056 0.303614 -0.00433141 -0.0115088 0.999924 0.954547
0.999992 0.00159517 0.00367444 74.6979 -0.00164918 0.99989 0.0147425 0.321125 -0.00365052 -0.0147484 0.999885 0.972074
0.999991 0.00224179 0.003686 76.0838 -0.00230404 0.999853 0.0169705 0.330442 -0.00364742 -0.0169789 0.999849 0.986523
0.999989 0.00245552 0.00403694 77.4607 -0.00252435 0.99985 0.0171327 0.33128 -0.00399427 -0.0171427 0.999845 1.00312
0.999988 0.00290741 0.00381753 78.8563 -0.00296504 0.99988 0.0151806 0.341933 -0.00377294 -0.0151917 0.999877 1.02288
0.999993 0.00247236 0.00289298 80.2413 -0.00251542 0.999885 0.0149762 0.342231 -0.00285562 -0.0149833 0.999884 1.04062
0.999993 0.00234041 0.0029973 81.64 -0.00238458 0.999887 0.0148182 0.345063 -0.00296228 -0.0148253 0.999886 1.0607
0.999993 0.00201371 0.00300619 83.0179 -0.00205583 0.999899 0.0140745 0.349615 -0.00297754 -0.0140806 0.999896 1.07337
0.999995 0.0012332 0.00286217 84.4066 -0.00127299 0.999902 0.0139437 0.350166 -0.00284469 -0.0139473 0.999899 1.09522
0.999995 0.000679979 0.00298867 85.7816 -0.000722832 0.999897 0.0143608 0.355259 -0.0029786 -0.0143629 0.999892 1.10737
0.999993 -0.000711425 0.00360847 87.1441 0.000663105 0.99991 0.0133745 0.359029 -0.00361766 -0.013372 0.999904 1.12627
0.999988 -0.0016578 0.0045841 88.5387 0.00160337 0.999928 0.0118524 0.367097 -0.00460343 -0.0118449 0.999919 1.14531
0.999984 -0.00269299 0.00504904 89.9045 0.00264339 0.999948 0.00980401 0.377075 -0.00507518 -0.0097905 0.999939 1.16026
0.99998 -0.00362456 0.0050931 91.2627 0.00358126 0.999958 0.00848582 0.380526 -0.00512364 -0.00846741 0.999951 1.17856
0.999981 -0.00390706 0.00471331 92.6313 0.00387717 0.999972 0.00633412 0.396358 -0.00473793 -0.00631573 0.999969 1.19175
0.999981 -0.00432871 0.00436839 94.015 0.00430488 0.999976 0.00545019 0.407688 -0.00439188 -0.00543128 0.999976 1.20971
0.999983 -0.00433454 0.00388962 95.3551 0.00431209 0.999974 0.00576059 0.416913 -0.00391449 -0.00574372 0.999976 1.22381
0.999985 -0.00430401 0.00325003 96.7181 0.0042846 0.999973 0.00595535 0.424333 -0.00327558 -0.00594134 0.999977 1.23948
0.999987 -0.00429372 0.00270289 98.078 0.00427494 0.999967 0.00691452 0.44081 -0.00273249 -0.00690287 0.999972 1.26253
0.999989 -0.00365009 0.00280836 99.4059 0.00362732 0.999961 0.00807028 0.460651 -0.00283771 -0.00806001 0.999963 1.27583
0.999984 -0.00373491 0.00415833 100.768 0.00370014 0.999958 0.00833703 0.471195 -0.0041893 -0.00832152 0.999957 1.29588
0.99998 -0.00351651 0.00527165 102.105 0.00346891 0.999953 0.00901156 0.479103 -0.0053031 -0.00899309 0.999945 1.3057
0.999985 -0.00352923 0.00417627 103.447 0.00349376 0.999958 0.0084684 0.493617 -0.00420598 -0.00845369 0.999955 1.32764
0.999992 -0.00329661 0.00211619 104.768 0.00327761 0.999955 0.00892087 0.501079 -0.0021455 -0.00891386 0.999958 1.33908
0.999994 -0.00322253 0.000882165 106.104 0.00321534 0.999963 0.00803809 0.512931 -0.000908035 -0.00803521 0.999967 1.35505
0.999992 -0.00339483 0.00197088 107.439 0.00338266 0.999975 0.00614514 0.529127 -0.0019917 -0.00613842 0.999979 1.37821
0.99999 -0.0025584 0.00374274 108.781 0.00254586 0.999991 0.00335267 0.532607 -0.00375128 -0.00334311 0.999987 1.39343
0.999988 -0.0018616 0.00454818 110.117 0.00185586 0.999997 0.00126542 0.536174 -0.00455053 -0.00125696 0.999989 1.40985
0.999993 -0.00100449 0.00354636 111.431 0.00100102 0.999999 0.000979323 0.544853 -0.00354734 -0.000975766 0.999993 1.42838
0.999999 -6.66476e-05 0.00122841 112.751 6.306e-05 0.999996 0.00292028 0.554144 -0.0012286 -0.0029202 0.999995 1.43932
0.999999 0.000974464 -0.000651762 114.09 -0.000970837 0.999984 0.00554238 0.559109 0.000657153 -0.00554174 0.999984 1.46394
0.999997 0.00232215 -0.000968018 115.407 -0.00231433 0.999965 0.00799964 0.568211 0.000986561 -0.00799738 0.999968 1.47496
0.999992 0.00374459 0.00101664 116.75 -0.00375353 0.999953 0.00894638 0.574626 -0.000983094 -0.00895013 0.999959 1.49612
0.999985 0.00461964 0.00307582 118.039 -0.00464587 0.999952 0.00857474 0.575076 -0.00303606 -0.0085889 0.999959 1.50998
0.999978 0.0055167 0.00363005 119.412 -0.00554686 0.99995 0.00835119 0.571491 -0.0035838 -0.00837114 0.999959 1.53245
0.999974 0.00652543 0.00294102 120.754 -0.00655136 0.999939 0.00889582 0.571739 -0.00288279 -0.00891486 0.999956 1.54573
0.999964 0.00800862 0.00269913 122.069 -0.00803519 0.999918 0.00997983 0.57387 -0.00261899 -0.0100012 0.999947 1.56061
0.999958 0.00887045 0.00232053 123.4 -0.00889673 0.999893 0.0115701 0.57211 -0.00221765 -0.0115902 0.99993 1.56993
0.999944 0.010448 0.00142991 124.748 -0.0104651 0.999867 0.0124952 0.572593 -0.00129917 -0.0125095 0.999921 1.58727
0.999937 0.0112254 0.000751815 126.078 -0.0112351 0.999833 0.0144258 0.557412 -0.000589753 -0.0144334 0.999896 1.6055
0.999925 0.012251 0.000428565 127.415 -0.0122556 0.999834 0.0134645 0.553866 -0.00026354 -0.0134687 0.999909 1.62602
0.999911 0.0132713 0.00120553 128.762 -0.0132857 0.99983 0.0128128 0.545518 -0.00103528 -0.0128277 0.999917 1.64539
0.999902 0.0138526 0.0020339 130.094 -0.0138752 0.999837 0.0115762 0.532929 -0.00187321 -0.0116033 0.999931 1.65807
0.999893 0.0144314 0.00235693 131.421 -0.0144568 0.999833 0.011166 0.517123 -0.0021954 -0.0111988 0.999935 1.67693
0.999895 0.0142714 0.00253463 132.784 -0.0142949 0.999852 0.00952466 0.505997 -0.00239833 -0.00955989 0.999951 1.6934
0.999896 0.0140618 0.00312633 134.117 -0.0140855 0.999871 0.00768694 0.496193 -0.00301784 -0.00773018 0.999966 1.70356
0.999903 0.0135894 0.00292716 135.463 -0.0136058 0.999891 0.00565555 0.477767 -0.00284999 -0.00569483 0.99998 1.72407
0.999918 0.0123685 0.0031834 136.788 -0.0123847 0.99991 0.00514725 0.462642 -0.00311946 -0.00518626 0.999982 1.7431
0.999927 0.0114126 0.00398271 138.128 -0.0114237 0.999931 0.00279648 0.458102 -0.00395052 -0.00284177 0.999988 1.75423
0.99994 0.0102343 0.00396632 139.477 -0.0102427 0.999945 0.00212118 0.446099 -0.0039444 -0.00216168 0.99999 1.77196
0.999951 0.00905539 0.0039573 140.824 -0.00906068 0.999958 0.00132169 0.42941 -0.00394517 -0.00135748 0.999991 1.78227
0.999962 0.00781942 0.00373649 142.177 -0.00782524 0.999968 0.00154658 0.427982 -0.00372428 -0.00157576 0.999992 1.80026
0.999973 0.00675865 0.0029708 143.508 -0.00676215 0.999976 0.00117172 0.418848 -0.00296281 -0.00119178 0.999995 1.80738
0.999981 0.0059992 0.00115377 144.847 -0.00599908 0.999982 -0.00010316 0.415137 -0.00115437 9.62367e-05 0.999999 1.82783
0.999988 0.00498224 0.000185633 146.193 -0.00498143 0.999979 -0.00413374 0.412325 -0.000206224 0.00413277 0.999991 1.85245
0.999989 0.0041097 0.00242947 147.546 -0.0040798 0.999917 -0.0121856 0.396899 -0.00247935 0.0121755 0.999923 1.86504
0.99999 0.00239833 0.00379393 148.892 -0.0023211 0.999793 -0.0202296 0.385681 -0.00384166 0.0202206 0.999788 1.8778
0.999998 0.00131311 0.00126975 150.241 -0.00128446 0.99975 -0.0223083 0.375319 -0.00129873 0.0223066 0.99975 1.90022
0.999996 0.00174536 -0.00215578 151.569 -0.00179191 0.999761 -0.02178 0.376601 0.00211725 0.0217838 0.99976 1.92152
0.999987 0.00239241 -0.004485 152.892 -0.00248026 0.999803 -0.0196843 0.388129 0.00443702 0.0196952 0.999796 1.93333
0.999985 0.00339335 -0.00436784 154.258 -0.00347377 0.999822 -0.0185383 0.38946 0.00430415 0.0185532 0.999819 1.9666
0.999991 0.00388474 -0.00163051 155.572 -0.00391873 0.999764 -0.0213888 0.385384 0.00154704 0.021395 0.99977 1.98341
0.999988 0.00453695 0.00170147 156.912 -0.00448939 0.999626 -0.0269848 0.367192 -0.00182326 0.0269769 0.999634 2.00902
0.999986 0.00436951 0.00282407 158.286 -0.00428253 0.999538 -0.0301035 0.352249 -0.00295431 0.030091 0.999543 2.02766
0.999985 0.00457116 0.00304317 159.627 -0.00447241 0.999487 -0.0317003 0.344677 -0.00318652 0.0316862 0.999493 2.05278
0.999979 0.00545598 0.00338522 160.979 -0.00535084 0.999526 -0.0303276 0.348089 -0.00354908 0.0303088 0.999534 2.0606
0.999974 0.00656936 0.00284735 162.314 -0.0064861 0.999578 -0.0283259 0.346152 -0.00303223 0.0283067 0.999595 2.0659
0.999971 0.00760821 0.00081889 163.676 -0.00758544 0.999661 -0.0249268 0.353981 -0.00100826 0.0249198 0.999689 2.08181
0.999967 0.0081732 -4.00819e-05 165.029 -0.00817213 0.999728 -0.021841 0.349177 -0.00013844 0.0218406 0.999761 2.09699
0.999964 0.00845835 0.00114114 166.378 -0.00843271 0.999747 -0.0208611 0.351168 -0.0013173 0.0208507 0.999782 2.10565
0.999964 0.00843932 0.00110929 167.747 -0.00841601 0.999773 -0.0195599 0.348189 -0.00127412 0.0195499 0.999808 2.12393
0.99997 0.00768431 -0.00112426 169.104 -0.00770321 0.99981 -0.0179062 0.344018 0.000986445 0.0179143 0.999839 2.14151
0.999964 0.00736108 -0.00411826 170.462 -0.00741692 0.999878 -0.0137132 0.345619 0.00401681 0.0137432 0.999897 2.16556
0.999961 0.00710312 -0.00530568 171.853 -0.007145 0.999943 -0.00791512 0.345636 0.00524916 0.00795272 0.999955 2.19309
0.999963 0.00727451 -0.00463477 173.202 -0.00729159 0.999967 -0.00367834 0.343137 0.00460785 0.003712 0.999982 2.21213
0.999966 0.00790637 -0.00252784 174.595 -0.00790488 0.999969 0.000596858 0.347032 0.00253248 -0.000576855 0.999997 2.23436
0.99997 0.0077913 -8.60921e-05 176.005 -0.00779132 0.99997 -0.00018839 0.356021 8.46217e-05 0.000189055 1 2.25257
0.999973 0.00722527 0.000912222 177.391 -0.00722364 0.999972 -0.00177805 0.347855 -0.000925044 0.00177142 0.999998 2.27526
0.999985 0.00546134 0.000881687 178.739 -0.00545749 0.999976 -0.00430539 0.339371 -0.000905179 0.00430051 0.99999 2.28657
0.999989 0.00359809 -0.00296304 180.118 -0.00361106 0.999984 -0.00438422 0.335599 0.00294722 0.00439487 0.999986 2.31713
0.999973 0.00204283 -0.0070281 181.525 -0.00205854 0.999995 -0.00222764 0.341732 0.00702352 0.00224205 0.999973 2.34153
0.999966 0.001366 -0.00809432 182.891 -0.00134849 0.999997 0.00216876 0.350504 0.00809726 -0.00215777 0.999965 2.36041
0.999974 0.00145177 -0.00703286 184.268 -0.0014133 0.999984 0.00547176 0.360436 0.00704069 -0.00546168 0.99996 2.3851
0.999991 0.00120582 -0.00413604 185.695 -0.00117841 0.999977 0.00662303 0.369475 0.00414393 -0.0066181 0.99997 2.4057
0.999997 0.00169111 -0.00190765 187.101 -0.0016794 0.99998 0.00612589 0.373613 0.00191797 -0.00612267 0.999979 2.43068
0.999998 0.00184103 -0.00104108 188.482 -0.00183379 0.999974 0.00690914 0.379732 0.00105378 -0.00690722 0.999976 2.45301
0.999998 0.00168584 -0.000559957 189.928 -0.00168284 0.999985 0.005304 0.380883 0.00056889 -0.00530305 0.999986 2.47096
0.999998 0.00178784 -7.3335e-05 191.327 -0.00178764 0.999995 0.00262469 0.380497 7.80271e-05 -0.00262455 0.999997 2.49003
0.999998 0.00208379 -7.34097e-06 192.736 -0.00208378 0.999998 0.000729672 0.380882 8.86144e-06 -0.000729655 1 2.51119
0.999996 0.00255008 0.000806925 194.144 -0.00254825 0.999994 -0.00225857 0.378124 -0.00081268 0.0022565 0.999997 2.5298
0.999994 0.00285985 0.00207571 195.554 -0.00284501 0.999971 -0.00711761 0.368894 -0.00209601 0.00711166 0.999973 2.54251
0.999992 0.00327496 0.00232177 196.98 -0.00325073 0.999941 -0.0103678 0.371127 -0.00235559 0.0103602 0.999944 2.56295
0.999993 0.00329597 -0.00166905 198.394 -0.00330899 0.999964 -0.00785853 0.370712 0.00164309 0.007864 0.999968 2.58138
0.999971 0.00390262 -0.00649069 199.823 -0.00390848 0.999992 -0.000890791 0.382702 0.00648716 0.000916134 0.999979 2.60365
0.999964 0.00492704 -0.00686204 201.236 -0.00487734 0.999962 0.00724181 0.392561 0.00689746 -0.00720809 0.99995 2.61311
0.999974 0.00620719 -0.00363485 202.713 -0.00615478 0.999879 0.0142579 0.406544 0.00372291 -0.0142351 0.999892 2.63766
0.999974 0.00717365 -0.001075 204.122 -0.00715637 0.999857 0.0152965 0.40895 0.00118458 -0.0152884 0.999882 2.66121
0.999978 0.00665889 -0.000756514 205.586 -0.0066473 0.999874 0.0144096 0.406281 0.00085237 -0.0144042 0.999896 2.68287
0.999985 0.00538229 -0.000688289 207.017 -0.00537453 0.999927 0.010818 0.398521 0.000746464 -0.0108141 0.999941 2.70369
0.99999 0.00441446 -0.000994757 208.461 -0.00440504 0.999947 0.00927296 0.390586 0.00103564 -0.00926848 0.999957 2.72789
0.99999 0.00398314 -0.00195195 209.928 -0.00396281 0.999939 0.0103105 0.393412 0.0019929 -0.0103026 0.999945 2.74571
0.999991 0.00378629 -0.00171247 211.372 -0.00376636 0.999927 0.0114927 0.396783 0.00175586 -0.0114861 0.999932 2.76762
0.999993 0.00354927 -0.00104866 212.853 -0.00353624 0.99992 0.0121769 0.399533 0.00109179 -0.0121731 0.999925 2.78769
0.999994 0.00318451 -0.00130309 214.322 -0.00316944 0.99993 0.0114096 0.404283 0.00133933 -0.0114054 0.999934 2.81173
0.999993 0.00297869 -0.00215379 215.762 -0.00295207 0.999921 0.0122581 0.399475 0.00219013 -0.0122516 0.999923 2.83582
0.999993 0.00281905 -0.00253793 217.254 -0.00279091 0.999935 0.0110234 0.410978 0.00256884 -0.0110162 0.999936 2.85515
0.999995 0.00215019 -0.002507 218.694 -0.00212165 0.999934 0.0113341 0.405295 0.0025312 -0.0113288 0.999933 2.8759
0.999994 0.00193157 -0.00279554 220.168 -0.00189985 0.999934 0.0113062 0.420368 0.00281719 -0.0113008 0.999932 2.89976
0.999994 0.00184582 -0.00295902 221.639 -0.00181286 0.999937 0.0111027 0.416346 0.00297932 -0.0110972 0.999934 2.92265
0.999994 0.00135202 -0.00317784 223.138 -0.00131279 0.999923 0.0123131 0.423019 0.00319424 -0.0123089 0.999919 2.94433
0.999994 0.000834 -0.00350548 224.609 -0.000790016 0.999921 0.0125298 0.423889 0.00351565 -0.0125269 0.999915 2.97065
0.999994 0.000659769 -0.00352397 226.115 -0.000614926 0.999919 0.0127111 0.439141 0.00353207 -0.0127089 0.999913 2.99344
0.999994 0.000564747 -0.00355186 227.617 -0.000520706 0.999923 0.0123882 0.438188 0.00355858 -0.0123862 0.999917 3.02208
0.999992 0.00067666 -0.0038934 229.085 -0.000629085 0.999925 0.0122077 0.447115 0.00390137 -0.0122052 0.999918 3.04428
0.999994 0.000707159 -0.00349794 230.594 -0.000669509 0.999942 0.010753 0.455 0.00350534 -0.0107506 0.999936 3.07433
0.999996 0.000721599 -0.0028477 232.081 -0.000696204 0.99996 0.00890872 0.451229 0.00285402 -0.0089067 0.999956 3.09865
0.999996 0.00077971 -0.00254703 233.585 -0.000757601 0.999962 0.00866975 0.456664 0.0025537 -0.00866779 0.999959 3.12137
0.999995 0.000661675 -0.00295381 235.099 -0.000635366 0.99996 0.00889888 0.466415 0.00295958 -0.00889696 0.999956 3.14252
0.999994 0.0010938 -0.00339626 236.595 -0.00105995 0.99995 0.00995355 0.46823 0.00340698 -0.00994989 0.999945 3.16866
0.999995 0.00145174 -0.00267221 238.091 -0.00142312 0.999942 0.0106804 0.4787 0.00268756 -0.0106766 0.999939 3.1946
0.999997 0.00212861 -0.000967757 239.599 -0.00211875 0.999947 0.0100694 0.479411 0.00098914 -0.0100673 0.999949 3.20846
0.999996 0.00263485 -0.000306095 241.104 -0.0026317 0.999948 0.0098632 0.485271 0.000332068 -0.00986236 0.999951 3.2347
0.999994 0.00316377 -0.00171748 242.607 -0.00314607 0.999943 0.0102143 0.4837 0.0017497 -0.0102088 0.999946 3.25357
0.999989 0.00391784 -0.00267275 244.139 -0.00388936 0.999937 0.0105767 0.491318 0.00271402 -0.0105662 0.99994 3.28044
0.999989 0.00381158 -0.00267656 245.665 -0.00378132 0.99993 0.0112223 0.495955 0.00271914 -0.0112121 0.999933 3.2976
0.999992 0.00380429 -0.00152602 247.2 -0.00378633 0.999925 0.0116052 0.490468 0.00157006 -0.0115993 0.999931 3.32686
0.999993 0.00365231 -0.00123205 248.734 -0.0036373 0.999922 0.0119691 0.499794 0.00127567 -0.0119645 0.999928 3.35262
0.999994 0.00337602 -0.00106626 250.279 -0.00336247 0.999917 0.0124633 0.489251 0.00110825 -0.0124597 0.999922 3.37818
0.999994 0.00351126 -0.000812906 251.817 -0.00349924 0.999891 0.0143438 0.498542 0.000863183 -0.0143408 0.999897 3.39851
0.999993 0.003698 -0.000782156 253.343 -0.00368553 0.999875 0.0153896 0.496687 0.000838969 -0.0153866 0.999881 3.42182
0.999992 0.00386142 -0.000523716 254.863 -0.00385278 0.999871 0.0155954 0.502275 0.000583869 -0.0155933 0.999878 3.43606
0.999994 0.00358422 -0.000312876 256.383 -0.00357953 0.999897 0.0139077 0.500065 0.000362693 -0.0139065 0.999903 3.46418
0.999994 0.00347747 0.000300256 257.947 -0.00348086 0.99992 0.0121387 0.503476 -0.00025802 -0.0121397 0.999926 3.47729
0.999993 0.00355391 0.00116529 259.462 -0.00356453 0.999951 0.00923748 0.497258 -0.0011324 -0.00924157 0.999957 3.50486
0.999995 0.00322482 0.000391278 260.993 -0.00322786 0.999963 0.00803332 0.492692 -0.000365357 -0.00803454 0.999968 3.51928
0.999994 0.00332499 -0.00036757 262.521 -0.00332198 0.999963 0.00792155 0.494042 0.000393896 -0.00792029 0.999969 3.54945
0.999992 0.00374255 0.00110937 264.062 -0.00374828 0.999979 0.0052144 0.48896 -0.00108983 -0.00521851 0.999986 3.56674
0.999988 0.00403589 0.00279762 265.594 -0.00404398 0.999988 0.00288989 0.489077 -0.00278593 -0.00290116 0.999992 3.5772
0.999988 0.00426988 0.00229652 267.148 -0.00427502 0.999988 0.00223749 0.48404 -0.00228693 -0.00224728 0.999995 3.60488
0.999989 0.00450518 0.00138399 268.692 -0.00450758 0.999988 0.00173697 0.479636 -0.00137614 -0.00174318 0.999998 3.62443
0.999986 0.00524984 0.001093 270.225 -0.00525214 0.999984 0.00211208 0.490377 -0.00108189 -0.00211779 0.999997 3.64003
0.99998 0.00615126 0.00126153 271.745 -0.00615577 0.999975 0.00359936 0.48808 -0.00123936 -0.00360705 0.999993 3.6586
0.999976 0.00694151 0.000843812 273.294 -0.00694626 0.999959 0.00575796 0.486443 -0.000803809 -0.00576368 0.999983 3.68266
0.999966 0.00819464 0.000525822 274.841 -0.00819806 0.999943 0.00686784 0.479942 -0.000469513 -0.00687192 0.999976 3.69987
0.999961 0.00883667 0.000257002 276.392 -0.00883818 0.999939 0.00663331 0.485678 -0.00019837 -0.00663532 0.999978 3.71643
0.999951 0.0099275 -0.000122652 277.924 -0.00992632 0.999923 0.00742029 0.472386 0.000196308 -0.0074187 0.999972 3.73944
0.999942 0.0107936 -0.000576176 279.467 -0.0107891 0.999915 0.00730789 0.460237 0.000655005 -0.00730125 0.999973 3.76255
0.999933 0.0115599 -0.000458326 281.01 -0.0115563 0.999908 0.00710645 0.450805 0.000540433 -0.00710068 0.999975 3.7871
0.999924 0.0122996 0.000844455 282.54 -0.0123039 0.99991 0.00540453 0.445255 -0.000777905 -0.00541451 0.999985 3.80517
0.999921 0.0124924 0.00100191 284.12 -0.0124969 0.999912 0.00456252 0.418198 -0.00094482 -0.00457468 0.999989 3.82983
0.999916 0.0128949 -0.00134024 285.66 -0.0128903 0.999911 0.00338786 0.401083 0.00138381 -0.00337029 0.999993 3.858
0.999917 0.0124512 -0.00321691 287.189 -0.0124401 0.999917 0.00346149 0.390376 0.00325974 -0.00342118 0.999989 3.87716
0.999926 0.0117165 -0.00336409 288.734 -0.0117059 0.999927 0.00315057 0.37404 0.00340076 -0.00311095 0.999989 3.89801
0.999934 0.0109776 -0.00342442 290.278 -0.0109745 0.999939 0.000936221 0.36866 0.00343449 -0.000898578 0.999994 3.92218
0.999943 0.00986003 -0.00414571 291.841 -0.009852 0.99995 0.00195527 0.350467 0.00416478 -0.00191431 0.999989 3.95321
0.999943 0.00977562 -0.00439453 293.403 -0.00976657 0.99995 0.00207484 0.342267 0.00441459 -0.00203181 0.999988 3.97777
0.999954 0.00870765 -0.00402453 294.975 -0.00870002 0.99996 0.00190919 0.336889 0.00404099 -0.00187409 0.99999 3.99866
0.999962 0.00790361 -0.00372781 296.526 -0.00789851 0.999968 0.00138141 0.339952 0.00373861 -0.00135192 0.999992 4.02901
0.999973 0.00678423 -0.00264341 298.105 -0.0067808 0.999976 0.00130395 0.32943 0.00265219 -0.00128599 0.999996 4.05428
0.999979 0.00630027 -0.00124686 299.667 -0.00629697 0.999977 0.00263531 0.318303 0.00126343 -0.0026274 0.999996 4.07882
0.999974 0.00709172 -0.00131991 301.245 -0.00708842 0.999972 0.00248484 0.323776 0.0013375 -0.00247542 0.999996 4.09586
0.999967 0.00794295 -0.0014792 302.834 -0.00793744 0.999962 0.00369282 0.318767 0.00150847 -0.00368096 0.999992 4.11837
0.999964 0.0083497 -0.00173997 304.422 -0.00834461 0.999961 0.00291178 0.314386 0.00176422 -0.00289715 0.999994 4.14386
0.999958 0.00873045 -0.00262905 306.035 -0.00872784 0.999961 0.00100268 0.305551 0.0026377 -0.000979697 0.999996 4.16477
0.99995 0.00896971 -0.00450625 307.645 -0.00897279 0.99996 -0.000663794 0.294162 0.00450011 0.000704194 0.99999 4.19227
0.999945 0.00893603 -0.00556987 309.252 -0.00894305 0.999959 -0.00123566 0.288628 0.0055586 0.0012854 0.999984 4.21805
0.999957 0.00674384 -0.00630501 310.839 -0.00674457 0.999977 -9.36084e-05 0.280413 0.00630423 0.000136129 0.99998 4.2467
0.999972 0.00447152 -0.00594321 312.47 -0.0044694 0.99999 0.000370605 0.274772 0.00594481 -0.000344032 0.999982 4.27911
0.999986 0.00437797 -0.00311448 314.081 -0.00437225 0.999989 0.00184013 0.276424 0.0031225 -0.00182648 0.999993 4.30096
0.99999 0.00453827 -8.14351e-06 315.712 -0.00453826 0.999989 0.000726132 0.268911 1.14388e-05 -0.000726088 1 4.3271
0.999987 0.00498383 0.000727765 317.337 -0.00498353 0.999987 -0.000410615 0.268337 -0.000729802 0.000406983 1 4.34743
0.999988 0.00486747 -0.000353656 318.984 -0.00486781 0.999988 -0.000976007 0.254683 0.000348901 0.000977717 0.999999 4.37256
0.999985 0.00551897 -0.000439597 320.583 -0.00551971 0.999983 -0.00172206 0.257945 0.000430085 0.00172446 0.999998 4.39229
0.999985 0.00552559 -0.000180528 322.203 -0.00552595 0.999983 -0.00210111 0.249597 0.000168915 0.00210207 0.999998 4.41215
0.999982 0.00607887 -0.000185399 323.834 -0.00607925 0.999979 -0.00212687 0.250474 0.000172466 0.00212796 0.999998 4.44196
0.999977 0.00666897 -0.000980178 325.455 -0.0066698 0.999977 -0.000846632 0.243054 0.000974509 0.00085315 0.999999 4.4617
0.999972 0.00731755 -0.00157672 327.095 -0.00731821 0.999973 -0.000412169 0.241748 0.00157366 0.000423696 0.999999 4.48708
0.999966 0.00830077 -8.80611e-05 328.712 -0.00830086 0.999965 -0.00111866 0.230979 7.87723e-05 0.00111935 0.999999 4.51202
0.999966 0.00820512 0.00109909 330.322 -0.00820246 0.999963 -0.00240282 0.223761 -0.00111877 0.00239372 0.999997 4.53554
0.999967 0.00818376 -2.35028e-05 331.947 -0.0081838 0.999963 -0.00273348 0.215294 1.13173e-06 0.00273358 0.999996 4.56244
0.999965 0.00841134 -3.47886e-05 333.571 -0.0084114 0.999963 -0.00200826 0.206501 1.78952e-05 0.00200848 0.999998 4.59328
0.999965 0.00821845 -0.001817 335.179 -0.00821948 0.999966 -0.000559678 0.205158 0.00181234 0.000574593 0.999998 4.59803
0.99996 0.00766623 -0.00453156 336.784 -0.00765948 0.99997 0.00150508 0.200702 0.00454296 -0.00147031 0.999989 4.64087
0.99997 0.00658059 -0.00406247 338.398 -0.00657034 0.999975 0.00253044 0.198163 0.00407902 -0.00250367 0.999989 4.66468
0.999983 0.00575227 -0.00122564 340.01 -0.00574864 0.999979 0.00294735 0.197619 0.00124257 -0.00294025 0.999995 4.69696
0.999987 0.00487109 0.00127682 341.623 -0.00487653 0.999979 0.00429268 0.201054 -0.00125589 -0.00429885 0.99999 4.71138
0.999995 0.00314539 0.000692692 343.232 -0.00314869 0.999983 0.00482079 0.200876 -0.000677517 -0.00482294 0.999988 4.73957
0.999998 0.0018952 -0.000708364 344.825 -0.00189193 0.999988 0.00458445 0.206188 0.000717044 -0.0045831 0.999989 4.76472
1 -0.00032619 0.000215123 346.429 0.00032546 0.999994 0.00338576 0.196881 -0.000216226 -0.00338569 0.999994 4.78489
0.999999 -0.00115607 0.000994785 348.027 0.00115444 0.999998 0.00163603 0.202169 -0.000996675 -0.00163488 0.999998 4.81825
0.999999 -0.00123756 0.000254543 349.628 0.00123718 0.999998 0.00147756 0.216118 -0.000256372 -0.00147724 0.999999 4.83905
0.999998 -0.00173402 -0.000503447 351.213 0.00173452 0.999998 0.00100147 0.215265 0.000501709 -0.00100235 0.999999 4.86386
0.999999 -0.00139102 -0.000751335 352.811 0.0013917 0.999999 0.000900773 0.232507 0.000750081 -0.000901817 0.999999 4.88039
0.999998 -0.00187012 -0.000817313 354.399 0.00187033 0.999998 0.000252434 0.239689 0.000816839 -0.000253962 1 4.90743
0.999997 -0.00197412 -0.00129965 355.991 0.0019736 0.999998 -0.000406546 0.247092 0.00130045 0.00040398 0.999999 4.93977
0.999997 -0.00149565 -0.00188691 357.588 0.00149455 0.999999 -0.000583253 0.261368 0.00188778 0.000580431 0.999998 4.96517
0.999997 -0.0019015 -0.00178882 359.177 0.00189955 0.999998 -0.00108923 0.266932 0.00179089 0.00108583 0.999998 4.99105
0.999996 -0.00121125 -0.00257392 360.748 0.00120901 0.999999 -0.00087051 0.269058 0.00257497 0.000867395 0.999996 5.00805
0.999993 -0.00157786 -0.00333909 362.352 0.00157093 0.999997 -0.00207821 0.28681 0.00334236 0.00207295 0.999992 5.04539
0.999996 -0.00159618 -0.00247127 363.945 0.00158714 0.999992 -0.00365504 0.284455 0.00247708 0.00365111 0.99999 5.06281
0.999998 -0.00125413 -0.00131315 365.543 0.00124609 0.999981 -0.00609875 0.294993 0.00132077 0.0060971 0.999981 5.09818
0.999997 -0.00170319 -0.00197497 367.122 0.00169123 0.99998 -0.00604251 0.3022 0.00198523 0.00603915 0.99998 5.12255
0.999996 -0.000767321 -0.00255117 368.727 0.000755727 0.999989 -0.00454251 0.307865 0.00255463 0.00454057 0.999986 5.14589
0.999998 -0.000947384 -0.00194674 370.317 0.000941595 0.999995 -0.0029725 0.317374 0.00194955 0.00297066 0.999994 5.16791
0.999999 0.000150743 -0.00119807 371.922 -0.00015297 0.999998 -0.00185881 0.324154 0.00119779 0.00185899 0.999998 5.19352
0.999999 -2.1293e-05 -0.00138087 373.514 1.9069e-05 0.999999 -0.00161057 0.341895 0.0013809 0.00161054 0.999998 5.21599
0.999998 0.000253893 -0.00206762 375.112 -0.000257132 0.999999 -0.00156619 0.344366 0.00206722 0.00156672 0.999997 5.24427
0.999996 0.000911517 -0.0024993 376.73 -0.000915246 0.999998 -0.00149132 0.347275 0.00249794 0.0014936 0.999996 5.26469
0.999997 0.000710146 -0.0024483 378.325 -0.000712291 0.999999 -0.00087535 0.353094 0.00244767 0.000877091 0.999997 5.29369
0.999996 0.00138027 -0.00233959 379.942 -0.0013794 0.999999 0.000374429 0.360111 0.00234011 -0.0003712 0.999997 5.31855
0.999997 0.00117344 -0.00197918 381.555 -0.00117034 0.999998 0.00156979 0.367392 0.00198101 -0.00156747 0.999997 5.34075
0.999996 0.0016337 -0.00236474 383.161 -0.00162824 0.999996 0.00231242 0.368928 0.00236851 -0.00230856 0.999995 5.36903
0.999993 0.00247476 -0.00297179 384.775 -0.0024651 0.999992 0.00325236 0.376752 0.00297982 -0.00324501 0.99999 5.39919
0.999993 0.0022879 -0.00284999 386.393 -0.00227492 0.999987 0.00454858 0.378595 0.00286036 -0.00454207 0.999986 5.42739
0.999993 0.00317184 -0.00219948 388.002 -0.00315964 0.99998 0.00552939 0.385125 0.00221698 -0.0055224 0.999982 5.44977
0.999994 0.00299815 -0.00180033 389.625 -0.00298651 0.999975 0.00643266 0.386885 0.00181957 -0.00642724 0.999978 5.47235
0.999992 0.00335622 -0.002064 391.253 -0.00334044 0.999966 0.00760005 0.391244 0.00208944 -0.0075931 0.999969 5.49724
0.99999 0.00400071 -0.00178008 392.871 -0.00398697 0.999963 0.00765588 0.397887 0.00181064 -0.00764871 0.999969 5.52508
