1 0 0 0 0 1 0 0 -0 0 1 0
0.999998 0.00201547 -0.000149591 1.20992 -0.00201548 0.999998 -9.76405e-05 0.00618635 0.000149394 9.79418e-05 1 0.0439569
0.999994 0.00353376 -6.60767e-05 2.40518 -0.00353376 0.999994 7.8858e-05 0.0091849 6.6355e-05 -7.8624e-05 1 0.0512381
0.999989 0.00466186 0.000107619 3.60664 -0.00466186 0.999989 4.86158e-05 0.00978307 -0.000107391 -4.9117e-05 1 0.0678662
0.999984 0.00563741 9.06272e-05 4.80162 -0.0056374 0.999984 -4.76508e-05 0.00566743 -9.08944e-05 4.71392e-05 1 0.0857486
0.999979 0.0064691 -7.40161e-05 6.00543 -0.00646911 0.999979 -0.000112838 -0.00140852 7.32845e-05 0.000113315 1 0.0967393
0.999973 0.00729181 -0.000652825 7.20889 -0.00729189 0.999973 -0.000117086 0.00394969 0.000651954 0.000121844 1 0.118774
0.999967 0.00808896 -0.000983164 8.40176 -0.00808873 0.999967 0.000235752 0.000353696 0.000985039 -0.000227792 0.999999 0.133836
0.999966 0.00821937 2.74e-05 9.6136 -0.00821938 0.999966 0.000296593 -0.0112084 -2.49613e-05 -0.000296808 1 0.152732
0.999973 0.00734472 0.00070863 10.8096 -0.0073446 0.999973 -0.000171604 -0.0148775 -0.000709872 0.000166395 1 0.167888
0.999986 0.00520162 0.000426103 11.9987 -0.00520104 0.999986 -0.00136576 -0.0123461 -0.000433201 0.00136352 0.999999 0.185753
0.999996 0.00298966 -3.9801e-06 13.1964 -0.00298966 0.999995 -0.00137639 -0.0154941 -1.34866e-07 0.0013764 0.999999 0.202354
0.999999 0.00166016 -4.56428e-05 14.384 -0.00166022 0.999998 -0.0011784 -0.011743 4.36864e-05 0.00117848 0.999999 0.222508
1 0.00066175 -0.00011169 15.572 -0.000661688 1 0.000550236 -0.00357497 0.000112054 -0.000550162 1 0.238742
1 0.000364591 9.77709e-06 16.7766 -0.000364592 1 5.96408e-05 -0.00105527 -9.75534e-06 -5.96444e-05 1 0.254238
1 0.000219342 0.000312525 17.9783 -0.00021925 1 -0.000295922 -0.00154651 -0.00031259 0.000295853 1 0.277307
1 -0.000558001 0.000738804 19.1733 0.000558625 0.999999 -0.000845479 0.00114572 -0.000738332 0.000845891 0.999999 0.289453
1 -0.000824198 -0.000136307 20.3729 0.000824084 0.999999 -0.000828179 0.00839265 0.000136989 0.000828067 1 0.307443
0.999998 -0.00161373 -0.000914163 21.5627 0.00161309 0.999998 -0.000705031 0.0190231 0.000915299 0.000703555 0.999999 0.323791
0.999997 -0.00253515 -0.000452623 22.7628 0.00253488 0.999997 -0.000602267 0.0295959 0.000454149 0.000601118 1 0.341866
0.999996 -0.00293803 -0.000596808 23.9697 0.00293766 0.999995 -0.00061607 0.0343219 0.000598616 0.000614314 1 0.356523
0.999991 -0.00406747 -0.0011611 25.1559 0.0040674 0.999992 -6.556e-05 0.0384083 0.00116136 6.08368e-05 0.999999 0.378655
0.999989 -0.0045893 -0.000621247 26.3616 0.00458946 0.999989 0.000269826 0.0554492 0.000620002 -0.000272674 1 0.396741
0.999985 -0.00545931 0.0010191 27.553 0.00546043 0.999984 -0.00109855 0.0683246 -0.00101309 0.0011041 0.999999 0.41085
0.999978 -0.00654518 0.00129376 28.7593 0.00654746 0.999977 -0.00176515 0.0729903 -0.00128218 0.00177358 0.999998 0.429806
0.999976 -0.00693764 0.000239067 29.9548 0.00693813 0.999974 -0.00212987 0.0875606 -0.000224285 0.00213148 0.999998 0.445878
0.999966 -0.00825285 -0.00042766 31.1618 0.00825173 0.999963 -0.00257451 0.109044 0.000448891 0.00257089 0.999997 0.462677
0.999962 -0.0086963 -0.000514534 32.3563 0.00869501 0.999959 -0.00245297 0.115581 0.000535844 0.0024484 0.999997 0.476625
0.999954 -0.00954216 -5.80003e-05 33.5508 0.00954197 0.999951 -0.00272052 0.132773 8.39571e-05 0.00271984 0.999996 0.497835
0.999949 -0.0100723 0.000191575 34.7439 0.0100729 0.999944 -0.00316248 0.148798 -0.000159711 0.00316425 0.999995 0.511444
0.999947 -0.0102859 8.58647e-05 35.9523 0.0102861 0.999938 -0.00415917 0.164233 -4.30787e-05 0.00415984 0.999991 0.531836
0.999939 -0.0110249 1.33204e-05 37.1387 0.0110248 0.999932 -0.00387956 0.184939 2.94522e-05 0.00387947 0.999992 0.544899
0.999941 -0.0108212 0.000606774 38.3534 0.0108239 0.999931 -0.00455929 0.204065 -0.000557395 0.00456559 0.999989 0.568819
0.999939 -0.0109493 0.00168782 39.5439 0.0109564 0.999931 -0.00424041 0.210638 -0.00164127 0.00425864 0.99999 0.583915
0.999936 -0.010999 0.00256303 40.7473 0.0110103 0.99993 -0.0044303 0.238047 -0.00251412 0.00445824 0.999987 0.595747
0.999942 -0.0105793 0.00207123 41.9628 0.0105868 0.999937 -0.00364207 0.261837 -0.00203257 0.00366379 0.999991 0.612751
0.999942 -0.0105875 0.00202792 43.1497 0.010593 0.99994 -0.00272742 0.27613 -0.00199892 0.00274874 0.999994 0.630238
0.999944 -0.00991944 0.00360121 44.3576 0.00991886 0.999951 0.00018032 0.299492 -0.00360282 -0.00014459 0.999993 0.634616
0.999941 -0.0085707 0.00661152 45.5596 0.00857164 0.999963 -0.000113843 0.322622 -0.0066103 0.000170508 0.999978 0.651763
0.99993 -0.00687785 0.00959884 46.7469 0.00686974 0.999976 0.000877388 0.337473 -0.00960465 -0.000811386 0.999954 0.657835
0.999909 -0.00470889 0.0126219 47.9662 0.00469739 0.999989 0.000940655 0.349713 -0.0126261 -0.00088128 0.99992 0.662678
0.99989 -0.00369465 0.0143354 49.1654 0.00368577 0.999993 0.000645532 0.35214 -0.0143377 -0.000592624 0.999897 0.667547
0.999913 -0.00207817 0.0130254 50.3707 0.00208098 0.999998 -0.000202275 0.354794 -0.013025 0.000229364 0.999915 0.670822
0.999937 -0.000809786 0.0111842 51.5864 0.000807185 1 0.000237017 0.373337 -0.0111844 -0.000227975 0.999937 0.675506
0.999942 -0.000388334 0.0108073 52.7776 0.000384277 1 0.000377456 0.37375 -0.0108075 -0.000373281 0.999942 0.665254
0.999945 0.00015383 0.0105155 53.9837 -0.000153074 1 -7.26616e-05 0.383992 -0.0105155 7.1048e-05 0.999945 0.678306
0.999956 -0.00103807 0.0093529 55.1909 0.00104199 0.999999 -0.000413994 0.381754 -0.00935247 0.000423721 0.999956 0.684819
0.999953 -0.00256536 0.00935374 56.3944 0.00256625 0.999997 -8.34635e-05 0.393782 -0.0093535 0.000107464 0.999956 0.683737
0.999937 -0.00373574 0.0105484 57.609 0.00374181 0.999993 -0.000556124 0.404851 -0.0105463 0.000595559 0.999944 0.690326
0.999927 -0.00493043 0.0109944 58.8187 0.00493685 0.999988 -0.000557088 0.413102 -0.0109915 0.000611325 0.999939 0.69466
0.999926 -0.00557163 0.0108605 60.0136 0.00556968 0.999984 0.000209636 0.425792 -0.0108615 -0.00014913 0.999941 0.699817
0.999923 -0.00643186 0.0106147 61.218 0.00642261 0.999979 0.000905337 0.438455 -0.0106203 -0.000837093 0.999943 0.703959
0.999927 -0.00648735 0.0101895 62.4276 0.00648594 0.999979 0.000171231 0.448422 -0.0101904 -0.00010513 0.999948 0.705832
0.999936 -0.00626046 0.00939167 63.6282 0.00626637 0.99998 -0.000600396 0.462231 -0.00938772 0.00065921 0.999956 0.719269
0.999924 -0.00686643 0.0102838 64.8321 0.00687462 0.999976 -0.000761724 0.466173 -0.0102783 0.000832363 0.999947 0.724389
0.999907 -0.0069857 0.0117005 66.0336 0.00700642 0.999974 -0.00173094 0.478552 -0.0116881 0.00181276 0.99993 0.723123
0.999915 -0.00748291 0.0106562 67.2274 0.00749235 0.999972 -0.00084653 0.494535 -0.0106496 0.000926298 0.999943 0.738264
0.999931 -0.00729216 0.00920715 68.4227 0.00728058 0.999973 0.0012907 0.503394 -0.00921631 -0.00122358 0.999957 0.745351
0.99993 -0.00734361 0.00927206 69.6329 0.00731657 0.999969 0.00294752 0.52605 -0.00929342 -0.00287947 0.999953 0.747672
0.999927 -0.00741075 0.0095397 70.816 0.00737166 0.999964 0.00412607 0.545428 -0.00956993 -0.00405544 0.999946 0.754296
0.999927 -0.0069648 0.00986336 72.0089 0.00690535 0.999958 0.00604917 0.558279 -0.00990507 -0.00598062 0.999933 0.7554
0.999921 -0.00621217 0.0109328 73.1809 0.0061436 0.999961 0.00629442 0.577288 -0.0109714 -0.00622676 0.99992 0.765651
0.999923 -0.00428694 0.0116691 74.3855 0.00419511 0.99996 0.00788263 0.591592 -0.0117024 -0.00783307 0.999901 0.761464
0.999948 -0.0013281 0.0101169 75.5618 0.00126354 0.999979 0.00638517 0.60091 -0.0101252 -0.00637205 0.999928 0.76771
0.999985 0.00120893 0.0053623 76.7204 -0.00123123 0.999991 0.00415855 0.597286 -0.00535722 -0.00416509 0.999977 0.792699
0.999983 0.00382177 0.00434092 77.9082 -0.00384519 0.999978 0.00540143 0.595076 -0.00432018 -0.00541803 0.999976 0.797083
0.999951 0.006196 0.00766008 79.0889 -0.0062293 0.999971 0.00433059 0.597587 -0.00763302 -0.0043781 0.999961 0.801292
0.999907 0.0097941 0.00948648 80.2703 -0.00982914 0.999945 0.00365443 0.60023 -0.00945016 -0.00374733 0.999948 0.816729
0.999876 0.0138317 0.00758143 81.4451 -0.013867 0.999893 0.00462039 0.591945 -0.00751671 -0.00472495 0.999961 0.811026
0.999841 0.0170749 0.00511977 82.6041 -0.0170948 0.999846 0.00386751 0.573356 -0.00505295 -0.00395441 0.999979 0.830367
0.999779 0.0209764 0.00147104 83.7704 -0.020981 0.999775 0.00318588 0.555596 -0.00140388 -0.00321604 0.999994 0.845491
0.99971 0.0240712 0.000688573 84.931 -0.0240726 0.999708 0.00217068 0.531039 -0.000636121 -0.00218663 0.999997 0.860269
0.999618 0.0275648 0.00202863 86.1003 -0.0275689 0.999618 0.00200622 0.50639 -0.00197255 -0.00206138 0.999996 0.877735
0.999501 0.0314892 0.00243744 87.2679 -0.0314956 0.9995 0.00263155 0.477993 -0.00235335 -0.00270701 0.999994 0.887554
0.999383 0.0351186 0.000796336 88.4096 -0.0351207 0.999379 0.00288756 0.441079 -0.000694435 -0.00291375 0.999996 0.909997
0.999256 0.0385433 -0.00121009 89.5656 -0.0385397 0.999253 0.00292197 0.4054 0.00132181 -0.00287316 0.999995 0.928305
0.999126 0.0417787 -0.00146616 90.711 -0.041774 0.999122 0.00312656 0.353965 0.00159549 -0.00306258 0.999994 0.945914
0.99901 0.0444919 -0.000546193 91.8644 -0.0444909 0.999008 0.00175074 0.307961 0.000623545 -0.0017247 0.999998 0.964421
0.99887 0.0475194 0.000597448 93.0287 -0.0475198 0.99887 0.000813846 0.26532 -0.000558099 -0.000841317 0.999999 0.980812
0.998757 0.0497904 0.00226532 94.1809 -0.0497899 0.99876 -0.000295692 0.206212 -0.00227723 0.000182535 0.999997 0.995913
0.998616 0.0524887 0.00325446 95.3464 -0.052484 0.998621 -0.00152716 0.155192 -0.00333012 0.00135424 0.999994 1.00797
0.998505 0.0546373 0.00148588 96.4861 -0.0546334 0.998503 -0.00252071 0.0880257 -0.00162138 0.00243577 0.999996 1.02495
0.998384 0.0567986 -0.00205105 97.6485 -0.0568063 0.998377 -0.00392614 0.0250364 0.00182472 0.00403631 0.99999 1.04257
0.998239 0.0591213 -0.00486741 98.8139 -0.059137 0.998245 -0.0031452 -0.0362199 0.00467292 0.00342751 0.999983 1.0538
0.998142 0.0606437 -0.00593309 99.9999 -0.0606622 0.998154 -0.00298728 -0.103131 0.00574098 0.00334164 0.999978 1.0716
0.998089 0.0615657 -0.00530922 101.161 -0.0615818 0.998098 -0.00291769 -0.169676 0.00511949 0.00323906 0.999982 1.09042
0.998154 0.0606237 -0.00361939 102.336 -0.0606344 0.998156 -0.00293602 -0.237274 0.00343472 0.00315006 0.999989 1.10982
0.998237 0.0593046 -0.00221958 103.52 -0.0593126 0.998233 -0.00372257 -0.303179 0.0019949 0.00384765 0.999991 1.13386
0.99835 0.0574001 -0.00156463 104.723 -0.057405 0.998346 -0.00329725 -0.361674 0.00137278 0.00338163 0.999993 1.14674
0.998494 0.0548488 -0.000980469 105.914 -0.0548517 0.998489 -0.00324885 -0.424677 0.000800792 0.00329774 0.999994 1.16579
0.998646 0.0520186 -0.00102036 107.108 -0.0520211 0.998643 -0.0026238 -0.486866 0.000882488 0.00267333 0.999996 1.1794
0.99884 0.048124 -0.00146892 108.321 -0.0481261 0.99884 -0.00144699 -0.526574 0.00139759 0.001516 0.999998 1.19261
0.999022 0.0441954 -0.00117882 109.529 -0.044197 0.999022 -0.00135766 -0.581464 0.00111766 0.00140843 0.999998 1.20935
0.999184 0.0403848 -0.000136177 110.75 -0.0403849 0.999184 -0.000818951 -0.623393 0.000102992 0.000823782 1 1.22082
0.999356 0.0358826 0.000715137 111.958 -0.0358821 0.999356 -0.000663207 -0.662033 -0.000738474 0.00063712 1 1.24127
0.999494 0.0317745 0.00130798 113.18 -0.0317738 0.999495 -0.000528366 -0.696656 -0.00132411 0.000486539 0.999999 1.25455
0.999643 0.0266873 0.00148549 114.402 -0.026687 0.999644 -0.000210388 -0.723845 -0.00149058 0.00017067 0.999999 1.27113
0.999763 0.0217243 0.0013155 115.624 -0.0217253 0.999764 0.000753692 -0.752241 -0.00129882 -0.000782094 0.999999 1.2833
0.999854 0.0170336 0.00107249 116.847 -0.0170347 0.999854 0.00107343 -0.764249 -0.00105405 -0.00109155 0.999999 1.2976
0.999926 0.012156 0.00058759 118.071 -0.0121573 0.999924 0.00217295 -0.782515 -0.00056113 -0.00217993 0.999997 1.31746
0.999961 0.00878876 0.000374503 119.304 -0.00879008 0.999955 0.00366282 -0.77411 -0.000342294 -0.00366597 0.999993 1.32887
0.99998 0.0063344 0.000381427 120.538 -0.00633651 0.999963 0.00581095 -0.783535 -0.000344604 -0.00581325 0.999983 1.34024
0.999986 0.00532741 0.000374686 121.77 -0.00532984 0.999963 0.00680979 -0.782033 -0.000338393 -0.00681169 0.999977 1.36547
0.99999 0.0044248 0.000408878 123.025 -0.00442821 0.999952 0.0087535 -0.778476 -0.000370126 -0.00875523 0.999962 1.37817
0.999994 0.00326791 0.00121705 124.26 -0.00328029 0.999941 0.0103107 -0.776069 -0.00118328 -0.0103147 0.999946 1.38886
0.999995 0.00280541 0.0016956 125.515 -0.00282344 0.999938 0.0107314 -0.774739 -0.00166539 -0.0107361 0.999941 1.41229
0.999993 0.0016606 0.00340836 126.751 -0.00170739 0.999904 0.0137708 -0.766308 -0.00338517 -0.0137765 0.999899 1.42215
0.999979 0.00100431 0.00634823 128.007 -0.00110132 0.999882 0.0152955 -0.757582 -0.00633213 -0.0153022 0.999863 1.41751
0.999978 0.000763723 0.00661059 129.259 -0.000852995 0.999908 0.0135121 -0.753102 -0.00659967 -0.0135174 0.999887 1.43706
0.999987 -9.37481e-05 0.0050843 130.518 2.19255e-05 0.9999 0.0141246 -0.743791 -0.00508512 -0.0141243 0.999887 1.44835
0.999984 -0.000402254 0.00570142 131.779 0.000336236 0.999933 0.0115754 -0.750473 -0.0057057 -0.0115733 0.999917 1.45278
0.999969 -0.00164115 0.00773239 133.031 0.00157442 0.999962 0.0086279 -0.741115 -0.00774625 -0.00861546 0.999933 1.46909
0.999954 -0.00183016 0.00936696 134.299 0.00177413 0.999981 0.00598617 -0.739911 -0.00937774 -0.00596928 0.999938 1.47148
0.999942 -0.00174726 0.010602 135.568 0.00171082 0.999993 0.00344526 -0.729701 -0.0106079 -0.00342692 0.999938 1.47515
0.999956 -0.00190856 0.00919838 136.826 0.00190762 0.999998 0.000111413 -0.730921 -0.00919857 -9.38616e-05 0.999958 1.49191
0.999968 -0.00141095 0.00787801 138.102 0.00142587 0.999997 -0.00188856 -0.73645 -0.00787532 0.00189974 0.999967 1.48924
0.999968 -0.00156709 0.00780354 139.36 0.00159817 0.999991 -0.00397844 -0.727939 -0.00779723 0.00399078 0.999962 1.50418
0.999967 -0.00121292 0.00798839 140.642 0.00124451 0.999991 -0.00395079 -0.719692 -0.00798353 0.0039606 0.99996 1.5022
0.999953 -8.7835e-05 0.00964963 141.92 0.000123434 0.999993 -0.00368865 -0.717526 -0.00964924 0.00368967 0.999947 1.51236
0.999937 4.48468e-05 0.0112371 143.202 -2.57993e-05 0.999999 -0.00169519 -0.705714 -0.0112372 0.0016948 0.999935 1.50768
0.99995 0.000717406 0.00999678 144.483 -0.000700809 0.999998 -0.00166366 -0.702965 -0.00999796 0.00165657 0.999949 1.52568
0.999966 0.0016844 0.00807301 145.748 -0.00167958 0.999998 -0.00060294 -0.695763 -0.00807401 0.00058936 0.999967 1.52437
0.999981 0.00180883 0.00583916 147.015 -0.00180298 0.999998 -0.00100723 -0.680953 -0.00584096 0.000996681 0.999982 1.53302
0.999995 0.0024991 0.00205906 148.296 -0.00249499 0.999995 -0.00199578 -0.684292 -0.00206403 0.00199063 0.999996 1.55539
0.999996 0.00257863 -0.00139362 149.558 -0.0025808 0.999995 -0.00155561 -0.692276 0.0013896 0.0015592 0.999998 1.56826
0.999993 0.00282935 -0.00237476 150.839 -0.002834 0.999994 -0.00195912 -0.681971 0.0023692 0.00196584 0.999995 1.58986
0.999993 0.003115 -0.00210168 152.104 -0.00312024 0.999992 -0.00249514 -0.685399 0.00209389 0.00250168 0.999995 1.61059
0.999995 0.00275797 -0.00181995 153.377 -0.00276099 0.999995 -0.00166067 -0.680596 0.00181536 0.00166569 0.999997 1.62971
0.999996 0.00285597 -0.000845739 154.646 -0.00285714 0.999995 -0.00138845 -0.678571 0.000841769 0.00139086 0.999999 1.6506
0.999997 0.00219156 -0.000538154 155.919 -0.00219187 0.999997 -0.000584273 -0.678904 0.000536872 0.000585451 1 1.66947
0.999998 0.00189757 -0.000674131 157.173 -0.00189777 0.999998 -0.000303011 -0.672022 0.000673555 0.00030429 1 1.6917
0.999999 0.00150582 -0.000428356 158.427 -0.00150589 0.999999 -0.000177367 -0.67271 0.000428088 0.000178012 1 1.7092
1 0.000435167 0.000483757 159.707 -0.000434852 1 -0.000650535 -0.67097 -0.00048404 0.000650325 1 1.72912
1 0.000116494 0.000908476 160.959 -0.00011656 1 7.24349e-05 -0.662453 -0.000908467 -7.25407e-05 1 1.74495
1 -0.00087074 0.000113943 162.236 0.000870707 1 0.000287744 -0.665392 -0.000114193 -0.000287645 1 1.76501
0.999998 -0.00151379 -0.00090145 163.488 0.00151479 0.999998 0.00110366 -0.650149 0.000899778 -0.00110502 0.999999 1.78299
0.999997 -0.00192696 -0.00130198 164.753 0.00192901 0.999997 0.00157802 -0.642037 0.00129894 -0.00158052 0.999998 1.79641
0.999994 -0.00286444 -0.00196465 166.035 0.00286711 0.999995 0.00135639 -0.635193 0.00196075 -0.00136201 0.999997 1.81846
0.999991 -0.0030796 -0.00283224 167.299 0.00308494 0.999993 0.00188327 -0.627384 0.00282642 -0.00189199 0.999994 1.84379
0.999987 -0.00428528 -0.00270117 168.559 0.0042908 0.999989 0.00204019 -0.616882 0.00269239 -0.00205175 0.999994 1.86108
0.999985 -0.00521215 -0.00156417 169.833 0.00521523 0.999984 0.00196951 -0.611231 0.00155388 -0.00197764 0.999997 1.8834
0.999985 -0.00547696 -0.000987953 171.097 0.00547892 0.999983 0.00198694 -0.591989 0.000977054 -0.00199232 0.999998 1.90392
0.999978 -0.00654575 -0.000757759 172.362 0.00654758 0.999976 0.00244295 -0.577002 0.00074175 -0.00244786 0.999997 1.92188
0.999977 -0.00682334 -0.000387625 173.623 0.00682434 0.999973 0.00265031 -0.556807 0.000369531 -0.00265289 0.999996 1.9426
0.999971 -0.00754676 -0.000993988 174.89 0.00754988 0.999966 0.00317613 -0.547304 0.000969985 -0.00318354 0.999994 1.95996
0.999966 -0.00811931 -0.00159461 176.147 0.00812588 0.999958 0.00415361 -0.534107 0.00156082 -0.00416642 0.99999 1.97829
0.999966 -0.00819459 -0.00129698 177.42 0.00819996 0.999958 0.00418605 -0.512677 0.00126263 -0.00419654 0.99999 1.99468
0.999958 -0.0088627 -0.00228955 178.694 0.00887142 0.999953 0.00382476 -0.503263 0.00225555 -0.00384491 0.99999 2.01304
0.999959 -0.00838981 -0.00327471 179.946 0.00839941 0.99996 0.00292765 -0.487851 0.00325002 -0.00295503 0.99999 2.0381
0.999955 -0.00888001 -0.00340251 181.21 0.00888142 0.99996 0.000399465 -0.481963 0.00339883 -0.000429666 0.999994 2.07286
0.999958 -0.0092149 -0.000252867 182.482 0.009215 0.999957 0.000390537 -0.458982 0.000249258 -0.000392851 1 2.08683
0.999949 -0.00925974 0.0040198 183.751 0.00926587 0.999956 -0.00151063 -0.435558 -0.00400563 0.0015478 0.999991 2.0985
0.999944 -0.00986306 0.00395691 184.997 0.00986453 0.999951 -0.000352683 -0.419491 -0.00395324 0.000391696 0.999992 2.1212
0.999959 -0.00899102 0.000676258 186.252 0.00898999 0.999958 0.00150869 -0.404372 -0.000689795 -0.00150254 0.999999 2.13421
0.999953 -0.00962803 -0.00102745 187.503 0.00963023 0.999951 0.00215819 -0.383994 0.00100662 -0.00216798 0.999997 2.15352
0.999954 -0.00956918 -0.000866702 188.736 0.0095706 0.999953 0.00164587 -0.364763 0.000850912 -0.00165409 0.999998 2.17299
0.999956 -0.00937308 4.54779e-05 189.999 0.00937299 0.999955 0.00162878 -0.341448 -6.07425e-05 -0.00162828 0.999999 2.19312
0.999953 -0.00951427 0.00188478 191.233 0.00951089 0.999953 0.0017923 -0.327503 -0.00190175 -0.00177429 0.999997 2.20983
0.99996 -0.00847987 0.00295344 192.482 0.00847742 0.999964 0.000841678 -0.311509 -0.00296047 -0.000816607 0.999995 2.22908
0.999969 -0.00745324 0.00246091 193.704 0.00745066 0.999972 0.0010584 -0.301561 -0.00246873 -0.00104003 0.999996 2.24408
0.999982 -0.00598235 0.00106133 194.945 0.005982 0.999982 0.000334035 -0.292071 -0.00106331 -0.00032768 0.999999 2.27321
0.99999 -0.00445188 -0.000287905 196.173 0.00445203 0.99999 0.000501322 -0.282835 0.000285671 -0.000502599 1 2.28833
0.999994 -0.00334429 -0.000860391 197.395 0.00334408 0.999994 -0.000255589 -0.274452 0.000861241 0.00025271 1 2.31075
0.999998 -0.00189199 -0.000246243 198.632 0.00189198 0.999998 -4.1972e-05 -0.26091 0.000246322 4.15061e-05 1 2.33133
0.999999 -0.000765599 0.00133765 199.84 0.000766102 1 -0.000375573 -0.259053 -0.00133737 0.000376597 0.999999 2.34645
0.999998 0.00046451 0.00209798 201.05 -0.000464411 1 -4.77407e-05 -0.251518 -0.002098 4.67663e-05 0.999998 2.36528
0.999997 0.00172535 0.00188988 202.261 -0.00172558 0.999999 0.000117826 -0.248804 -0.00188968 -0.000121087 0.999998 2.38446
0.999993 0.0028677 0.00230689 203.434 -0.00286886 0.999996 0.000500573 -0.238355 -0.00230545 -0.000507187 0.999997 2.40234
0.999989 0.00394819 0.00254988 204.646 -0.00394924 0.999992 0.000405572 -0.245847 -0.00254826 -0.000415637 0.999997 2.41982
0.999986 0.0046936 0.00238589 205.805 -0.00469553 0.999989 0.000805017 -0.240012 -0.00238209 -0.000816208 0.999997 2.43457
0.999982 0.00537524 0.00249281 206.988 -0.00537677 0.999985 0.000608027 -0.24765 -0.0024895 -0.000621419 0.999997 2.45054
0.999977 0.00619276 0.0027157 208.156 -0.00619153 0.999981 -0.000459302 -0.246802 -0.00271849 0.000442477 0.999996 2.47413
0.999976 0.00612278 0.0032204 209.293 -0.00612152 0.999981 -0.00040052 -0.259865 -0.00322279 0.000380797 0.999995 2.48766
0.999973 0.00597278 0.00426721 210.431 -0.00596723 0.999981 -0.00131392 -0.253704 -0.00427498 0.00128842 0.99999 2.50651
0.999978 0.00509062 0.00426049 211.537 -0.00508695 0.999987 -0.000870348 -0.260946 -0.00426486 0.000848656 0.999991 2.51986
0.999982 0.00478086 0.0035476 212.628 -0.00477832 0.999988 -0.000721694 -0.258691 -0.003551 0.00070473 0.999993 2.53971
0.999986 0.00450063 0.00273422 213.723 -0.00449958 0.99999 -0.00039105 -0.257596 -0.00273596 0.000378742 0.999996 2.55387
0.99999 0.00355032 0.00260176 214.8 -0.00354844 0.999993 -0.000724989 -0.253271 -0.00260432 0.000715749 0.999996 2.57111
0.999993 0.00262191 0.00262651 215.863 -0.00261874 0.999996 -0.00120972 -0.249097 -0.00262967 0.00120283 0.999996 2.59135
0.999995 0.000706859 0.00319377 216.911 -0.000702645 0.999999 -0.0013204 -0.25413 -0.0031947 0.00131815 0.999994 2.60532
0.999989 -0.0012404 0.00459424 217.941 0.00125078 0.999997 -0.00225819 -0.249969 -0.00459142 0.00226391 0.999987 2.62534
0.999973 -0.00333737 0.00653879 218.973 0.00335394 0.999991 -0.00252594 -0.239714 -0.0065303 0.0025478 0.999975 2.63514
0.999961 -0.00578003 0.00661063 219.977 0.00579474 0.999981 -0.00220847 -0.228396 -0.00659774 0.00224669 0.999976 2.65254
0.999948 -0.00809591 0.00612715 220.964 0.00810736 0.999965 -0.00184665 -0.213215 -0.00611198 0.00189623 0.99998 2.6633
0.999921 -0.0109656 0.00621628 221.921 0.0109765 0.999938 -0.00171696 -0.202696 -0.00619707 0.00178505 0.999979 2.67656
0.999881 -0.0138854 0.00675789 222.865 0.0138955 0.999902 -0.00144974 -0.183808 -0.0067371 0.00154347 0.999976 2.68675
0.99984 -0.0166729 0.00650457 223.793 0.0166808 0.99986 -0.00117419 -0.161331 -0.00648408 0.0012825 0.999978 2.70126
0.999784 -0.0199327 0.00593973 224.677 0.01994 0.9998 -0.00117701 -0.139214 -0.00591508 0.00129519 0.999982 2.71213
0.999725 -0.0227846 0.00556461 225.557 0.0227922 0.999739 -0.00130623 -0.11584 -0.0055334 0.0014327 0.999984 2.72887
0.999642 -0.0262556 0.00515638 226.425 0.0262581 0.999655 -0.000421221 -0.0903395 -0.00514355 0.000556467 0.999987 2.73601
0.999567 -0.029076 0.00458215 227.244 0.0290769 0.999577 -0.000132181 -0.0650548 -0.00457637 0.000265359 0.999989 2.75199
0.999499 -0.0313297 0.004386 228.066 0.0313234 0.999508 0.00149078 -0.0274588 -0.00443055 -0.00135265 0.999989 2.76133
0.999461 -0.0324957 0.00464867 228.867 0.0324848 0.999469 0.00240946 -0.00256704 -0.0047245 -0.00225715 0.999986 2.77469
0.999475 -0.0319263 0.00557325 229.648 0.0319132 0.999488 0.00242602 0.0289026 -0.00564784 -0.00224689 0.999982 2.78857
0.999475 -0.0317897 0.00623693 230.401 0.0317751 0.999492 0.00243041 0.0588067 -0.00631102 -0.00223096 0.999978 2.79938
0.999491 -0.0313198 0.00607625 231.147 0.0313075 0.999508 0.00211258 0.0842965 -0.00613942 -0.00192127 0.999979 2.81211
0.999514 -0.0308827 0.00428985 231.879 0.0308704 0.999519 0.00290835 0.1108 -0.00437761 -0.00277451 0.999987 2.8214
0.999541 -0.0301905 0.00235634 232.611 0.0301838 0.99954 0.00283382 0.139211 -0.00244081 -0.0027614 0.999993 2.82949
0.999592 -0.0285633 0.000910316 233.337 0.0285605 0.999588 0.00292893 0.162221 -0.000993601 -0.00290173 0.999995 2.84411
0.999626 -0.0273482 0.000507634 234.065 0.0273461 0.999619 0.00376467 0.181413 -0.000610397 -0.00374938 0.999993 2.8527
0.999667 -0.0258015 0.000304169 234.78 0.0258005 0.999662 0.00303891 0.208036 -0.000382475 -0.00303005 0.999995 2.86238
0.999719 -0.0236965 0.000212747 235.507 0.0236957 0.999715 0.0030566 0.229515 -0.000285117 -0.0030507 0.999995 2.87666
0.999758 -0.0219852 7.56748e-05 236.208 0.0219848 0.999754 0.00297289 0.243446 -0.000141016 -0.0029705 0.999996 2.88561
0.999807 -0.0196599 -0.00018923 236.913 0.0196604 0.999802 0.0030018 0.267153 0.000130178 -0.00300494 0.999995 2.90009
0.999853 -0.0171514 0.000150682 237.621 0.0171509 0.999848 0.00300398 0.276589 -0.000202182 -0.00300096 0.999995 2.90771
0.999903 -0.0139233 0.000584131 238.32 0.0139219 0.9999 0.00232601 0.279965 -0.000616458 -0.00231765 0.999997 2.92029
0.999941 -0.0108308 0.00111345 239.04 0.01083 0.999941 0.000762649 0.301429 -0.00112164 -0.000750545 0.999999 2.93297
0.999967 -0.00806809 0.00120433 239.715 0.00806748 0.999967 0.000512448 0.309589 -0.00120842 -0.000502715 0.999999 2.9432
0.999988 -0.00479315 0.00100483 240.414 0.00479294 0.999988 0.000206833 0.312766 -0.00100581 -0.000202015 0.999999 2.95426
0.999998 -0.0020245 0.000818373 241.097 0.00202444 0.999998 7.589e-05 0.314767 -0.000818525 -7.42331e-05 1 2.96285
0.999999 0.00106428 2.99054e-05 241.784 -0.00106431 0.999999 0.000830924 0.319755 -2.9021e-05 -0.000830955 1 2.97157
0.999992 0.00386069 -0.000519098 242.49 -0.00386008 0.999992 0.00117721 0.315037 0.000523639 -0.0011752 0.999999 2.9813
0.999978 0.00655145 0.000294347 243.188 -0.00655176 0.999978 0.00105947 0.309828 -0.000287399 -0.00106138 0.999999 2.99192
0.999957 0.00926841 0.000844727 243.885 -0.00926943 0.999956 0.00120299 0.30934 -0.00083354 -0.00121077 0.999999 2.99602
0.999934 0.0114393 0.000925376 244.586 -0.0114405 0.999934 0.00125093 0.302546 -0.000911005 -0.00126144 0.999999 3.01142
0.999904 0.0138286 -0.000452853 245.312 -0.0138282 0.999904 0.000814991 0.293645 0.00046408 -0.000808651 1 3.01864
0.999877 0.0154252 -0.00278834 246.007 -0.0154209 0.99988 0.00156227 0.280297 0.00281211 -0.00151908 0.999995 3.02846
0.999856 0.0163925 -0.00435251 246.73 -0.0163895 0.999865 0.000735014 0.268311 0.00436397 -0.000663572 0.99999 3.03924
0.999845 0.0169189 -0.00489488 247.446 -0.0169159 0.999857 0.000653251 0.261913 0.00490523 -0.000570349 0.999988 3.04607
0.999844 0.0168386 -0.00523889 248.175 -0.0168399 0.999858 -0.000204095 0.247833 0.00523471 0.000292286 0.999986 3.06111
0.999839 0.0170122 -0.00563308 248.901 -0.0170078 0.999855 0.000833835 0.240356 0.00564645 -0.000737895 0.999984 3.07375
0.999832 0.0172626 -0.00615909 249.646 -0.0172535 0.99985 0.00152896 0.229037 0.00618456 -0.00142243 0.99998 3.0824
0.99981 0.0177685 -0.00795763 250.388 -0.0177618 0.999842 0.000905763 0.227129 0.00797247 -0.000764249 0.999968 3.09466
0.99978 0.0182752 -0.010247 251.14 -0.0183039 0.999829 -0.00270499 0.206714 0.0101958 0.00289196 0.999944 3.12157
0.999767 0.0184806 -0.0111885 251.908 -0.0185289 0.999819 -0.00423038 0.191804 0.0111083 0.0044367 0.999928 3.14545
0.999791 0.0189767 -0.00762557 252.687 -0.0190081 0.999811 -0.00406033 0.187957 0.00754708 0.00420442 0.999963 3.15319
0.999813 0.0192905 -0.00144855 253.457 -0.0192897 0.999814 0.000524641 0.171846 0.0014584 -0.0004966 0.999999 3.15049
0.999792 0.0202331 0.00240292 254.243 -0.020232 0.999795 -0.000478677 0.15935 -0.00241211 0.000429961 0.999997 3.17056
0.999751 0.0223201 0.000741456 255.058 -0.0223187 0.999749 -0.00189904 0.139651 -0.000783657 0.00188201 0.999998 3.18866
0.999641 0.0261854 -0.00571644 255.844 -0.0261869 0.999657 -0.000180104 0.124125 0.00570977 0.000329735 0.999984 3.19402
0.999488 0.0305353 -0.00956897 256.666 -0.0305102 0.999531 0.00275517 0.109379 0.00964861 -0.00246181 0.99995 3.19866
0.999394 0.0335252 -0.00939968 257.47 -0.0334927 0.999432 0.00359453 0.0876966 0.00951486 -0.00327753 0.999949 3.21122
0.999306 0.0365338 -0.00726919 258.308 -0.0365166 0.99933 0.00249059 0.0560339 0.00735531 -0.00222341 0.99997 3.22826
0.999203 0.0397222 -0.00388948 259.144 -0.0397278 0.99921 -0.00136284 0.0234122 0.00383227 0.00151628 0.999992 3.23975
0.999101 0.0423269 -0.00228622 259.979 -0.0423357 0.999096 -0.00397192 -0.0138025 0.00211604 0.00406514 0.999989 3.25642
0.998964 0.0454811 -0.00167655 260.826 -0.0454879 0.998956 -0.00426832 -0.052977 0.00148067 0.00434016 0.999989 3.26924
0.998832 0.0481858 -0.00344875 261.651 -0.0481926 0.998836 -0.00191272 -0.0760724 0.00335257 0.00207669 0.999992 3.27816
0.998719 0.0502433 -0.00598732 262.497 -0.0502516 0.998736 -0.00125167 -0.118225 0.00591687 0.00155094 0.999981 3.29321
0.998578 0.0529653 -0.00610202 263.339 -0.0529688 0.998596 -0.000418623 -0.158761 0.00607128 0.000741244 0.999981 3.30852
0.99844 0.0556935 -0.00404942 264.173 -0.0556934 0.998448 0.00013641 -0.205762 0.00405074 8.93286e-05 0.999992 3.3215
0.998273 0.0586942 -0.00232313 265.038 -0.0586923 0.998276 0.000855705 -0.248944 0.00236935 -0.000717878 0.999997 3.33509
0.99811 0.0614124 -0.0022482 265.86 -0.0614073 0.99811 0.00227057 -0.292679 0.00238339 -0.00212822 0.999995 3.35396
0.997936 0.0641514 -0.00273013 266.702 -0.0641456 0.997938 0.00217782 -0.346406 0.00286421 -0.0019982 0.999994 3.36833
0.99777 0.0666698 -0.00308706 267.557 -0.0666677 0.997775 0.000765757 -0.401265 0.00313124 -0.000558242 0.999995 3.38482
0.997635 0.0686768 -0.0026431 268.404 -0.0686829 0.997636 -0.00229756 -0.451807 0.00247906 0.00247366 0.999994 3.39693
0.997569 0.0696453 -0.00237167 269.25 -0.0696539 0.997564 -0.00377817 -0.514774 0.00210276 0.00393418 0.99999 3.41315
0.997546 0.0699697 -0.00264564 270.091 -0.0699808 0.997539 -0.00434361 -0.572779 0.00233521 0.0045181 0.999987 3.42526
0.997511 0.0704706 -0.00246882 270.952 -0.0704813 0.997503 -0.00456391 -0.631889 0.00214103 0.00472656 0.999987 3.43643
0.997527 0.0702572 -0.0018928 271.812 -0.0702648 0.997519 -0.0043195 -0.686398 0.00158462 0.00444181 0.999989 3.45102
0.997578 0.0695398 -0.0013687 272.669 -0.0695447 0.997571 -0.00397953 -0.746662 0.00108864 0.00406508 0.999991 3.46442
0.99765 0.068489 -0.00207877 273.522 -0.0684968 0.997644 -0.00393842 -0.802745 0.00180413 0.00407155 0.99999 3.4811
0.997772 0.0666467 -0.00312686 274.382 -0.0666588 0.997768 -0.00392352 -0.849424 0.00285839 0.00412321 0.999987 3.49449
0.997876 0.0650345 -0.00371002 275.231 -0.0650442 0.997879 -0.00255405 -0.900815 0.00353605 0.00278994 0.99999 3.51347
0.997969 0.0635764 -0.00398679 276.088 -0.0635851 0.997974 -0.00209456 -0.954311 0.00384555 0.00234381 0.99999 3.52285
0.998076 0.0618553 -0.00421287 276.943 -0.0618592 0.998085 -0.000808397 -0.997711 0.0041548 0.00106745 0.999991 3.54011
0.998196 0.0599271 -0.00371081 277.796 -0.0599288 0.998203 -0.000335531 -1.04523 0.00368403 0.00055731 0.999993 3.55763
0.998372 0.0569856 -0.00233411 278.642 -0.0569864 0.998375 -0.000251781 -1.09457 0.00231597 0.000384383 0.999997 3.57432
0.998599 0.0529127 0.000137322 279.475 -0.0529123 0.998597 -0.00220486 -1.13837 -0.000253795 0.00219451 0.999998 3.58828
0.998843 0.04805 0.00179532 280.324 -0.0480436 0.998839 -0.00345774 -1.18231 -0.00195938 0.00336749 0.999992 3.60685
0.999066 0.0431005 0.00311579 281.163 -0.0430895 0.999065 -0.0035246 -1.21468 -0.00326479 0.00338705 0.999989 3.61729
0.999253 0.0384774 0.00369262 281.977 -0.038462 0.999251 -0.00415403 -1.24186 -0.0038497 0.0040089 0.999985 3.6311
0.999419 0.0338307 0.00420332 282.796 -0.0338115 0.999418 -0.00456301 -1.26451 -0.00435524 0.00441824 0.999981 3.64042
0.999567 0.0291025 0.00444459 283.58 -0.0290756 0.999559 -0.00599768 -1.2816 -0.00461718 0.00586586 0.999972 3.65025
0.999683 0.0248503 0.00396292 284.388 -0.0248259 0.999673 -0.00607936 -1.29777 -0.0041127 0.00597905 0.999974 3.66351
0.999768 0.0211854 0.00387964 285.14 -0.0211643 0.999761 -0.00539757 -1.30767 -0.00399307 0.0053142 0.999978 3.67626
0.999844 0.0172356 0.00378208 285.894 -0.0172156 0.999838 -0.00523612 -1.31518 -0.00387171 0.00517019 0.999979 3.68243
0.999902 0.0134036 0.00398633 286.62 -0.0133799 0.999893 -0.00588962 -1.32441 -0.00406485 0.00583571 0.999975 3.69525
0.999953 0.00913131 0.0031635 287.337 -0.00911034 0.999937 -0.00658018 -1.33015 -0.00322338 0.00655105 0.999973 3.70986
0.999989 0.00431923 0.00180216 288.03 -0.00430934 0.999976 -0.00545681 -1.33019 -0.00182569 0.00544898 0.999983 3.72003
0.999998 -0.00193032 -0.000188971 288.703 0.00192962 0.999992 -0.00364128 -1.31629 0.000195998 0.00364091 0.999993 3.73497
0.999946 -0.0101528 -0.00202719 289.353 0.0101465 0.999944 -0.00306899 -1.30621 0.00205823 0.00304825 0.999993 3.74321
0.999783 -0.0206169 -0.00307276 289.992 0.0206074 0.999783 -0.00307985 -1.28902 0.00313559 0.00301586 0.999991 3.76024
0.999421 -0.0338474 -0.00355735 290.602 0.0338371 0.999423 -0.00294298 -1.25942 0.00365491 0.0028209 0.999989 3.77179
0.99872 -0.0504938 -0.00301235 291.224 0.050488 0.998723 -0.00195439 -1.21952 0.00310719 0.0017998 0.999994 3.79028
0.99753 -0.0701902 -0.00267949 291.833 0.0701912 0.997534 0.000292788 -1.17033 0.00265233 -0.000480141 0.999996 3.79906
0.995688 -0.0927197 -0.00294368 292.401 0.0927249 0.99569 0.0016803 -1.10081 0.0027752 -0.001946 0.999994 3.80859
0.993025 -0.117852 -0.00356768 292.983 0.117862 0.993026 0.00273052 -1.02072 0.003221 -0.00313197 0.99999 3.81961
0.98937 -0.145373 -0.00382348 293.543 0.145388 0.989367 0.00400568 -0.923085 0.00320051 -0.00451899 0.999985 3.82954
0.984405 -0.175886 -0.00328373 294.073 0.175901 0.984395 0.00505979 -0.819031 0.00234254 -0.0055585 0.999982 3.83817
0.977844 -0.209327 -0.00200454 294.612 0.209334 0.977832 0.00494322 -0.68296 0.000925354 -0.00525331 0.999986 3.85477
0.969494 -0.245115 -0.00067814 295.129 0.245115 0.96948 0.00522239 -0.539408 -0.000622644 -0.0052293 0.999986 3.87011
0.959267 -0.282499 0.00106405 295.598 0.282487 0.959251 0.0061754 -0.389077 -0.00276524 -0.00562328 0.99998 3.88065
0.947011 -0.321193 0.0023647 296.082 0.321168 0.946993 0.00743669 -0.19501 -0.00462797 -0.00628315 0.99997 3.88336
0.932646 -0.360775 0.00360974 296.517 0.360739 0.932633 0.00796607 -0.0141924 -0.00624052 -0.00612735 0.999962 3.88882
0.916035 -0.401068 0.0049188 296.995 0.401023 0.916032 0.00812296 0.210382 -0.00776364 -0.00546837 0.999955 3.90047
0.896843 -0.442314 0.00554065 297.422 0.442271 0.89685 0.00750625 0.444753 -0.00828925 -0.00428146 0.999956 3.89964
0.874554 -0.484886 0.00648369 297.799 0.484848 0.874574 0.00658502 0.673241 -0.00886345 -0.00261535 0.999957 3.90774
0.849397 -0.527697 0.00779051 298.219 0.527665 0.849432 0.00588876 0.953281 -0.00972499 -0.000891122 0.999952 3.91444
0.821217 -0.570542 0.00919358 298.604 0.570513 0.821268 0.00580851 1.25146 -0.0108644 0.000475006 0.999941 3.91627
0.790022 -0.613018 0.00866078 298.923 0.612981 0.790069 0.00666209 1.52724 -0.0109266 4.57001e-05 0.99994 3.91361
0.755397 -0.655204 0.00913831 299.296 0.655182 0.75545 0.00565173 1.87259 -0.0106066 0.00171795 0.999942 3.91766
0.717097 -0.696867 0.0121763 299.588 0.696873 0.717181 0.00446053 2.17818 -0.011841 0.00528668 0.999916 3.91768
0.674103 -0.738412 0.0182723 299.907 0.738489 0.674257 0.00341014 2.55493 -0.0148383 0.0111951 0.999827 3.92761
0.6267 -0.778942 0.0222932 300.166 0.77908 0.626914 0.00359905 2.9135 -0.0167794 0.0151127 0.999745 3.92952
0.576444 -0.81683 0.0223757 300.353 0.816922 0.576704 0.00712025 3.24705 -0.0187202 0.0141748 0.999724 3.93778
0.523791 -0.851642 0.0186579 300.585 0.851611 0.524036 0.0120328 3.6749 -0.0200251 0.0095866 0.999754 3.92655
0.469045 -0.883041 0.0153122 300.752 0.88292 0.469256 0.0158677 4.06006 -0.0211972 0.00607676 0.999757 3.91984
0.412757 -0.910739 0.0136371 300.862 0.910571 0.412953 0.0181767 4.41156 -0.0221857 0.004915 0.999742 3.92386
0.354586 -0.934922 0.0137628 301.003 0.934733 0.354805 0.0196994 4.84745 -0.0233005 0.00587938 0.999711 3.9159
0.296722 -0.954848 0.01487 301.084 0.954621 0.296997 0.0221713 5.20508 -0.0255865 0.00761652 0.999644 3.92123
0.236537 -0.971497 0.0156062 301.171 0.97121 0.236874 0.0253375 5.65116 -0.028312 0.00916365 0.999557 3.90539
0.17466 -0.984495 0.0162489 301.211 0.984141 0.175069 0.0285941 6.06374 -0.0309954 0.0109969 0.999459 3.92058
0.11154 -0.993653 0.0145663 301.227 0.993206 0.111956 0.0317383 6.43888 -0.0331677 0.0109272 0.99939 3.89807
0.0458847 -0.998849 0.0139814 301.2 0.998246 0.0463721 0.0367965 6.9148 -0.0374025 0.0122685 0.999225 3.89538
-0.0204175 -0.999712 0.0126426 301.166 0.998893 -0.0198616 0.0426351 7.35244 -0.0423717 0.0134991 0.999011 3.87802
-0.0874248 -0.99611 0.0110323 301.106 0.995051 -0.0867961 0.0483742 7.76178 -0.0472285 0.0152068 0.998768 3.86721
-0.154626 -0.987936 0.00853458 300.991 0.986574 -0.153941 0.0545363 8.25383 -0.0525646 0.0168527 0.998475 3.84901
-0.220073 -0.975455 0.00748503 300.885 0.973821 -0.219244 0.0600423 8.66807 -0.0569275 0.0205028 0.998168 3.8341
-0.284747 -0.958584 0.00603512 300.689 0.956722 -0.283789 0.0643877 9.16988 -0.0600083 0.0241082 0.997907 3.81761
-0.346675 -0.937972 0.00500297 300.492 0.936018 -0.345598 0.0665691 9.61931 -0.0607109 0.0277607 0.997769 3.79502
-0.405895 -0.913911 0.00401044 300.289 0.91198 -0.404744 0.0668939 10.0472 -0.0595119 0.0308094 0.997752 3.7772
-0.461748 -0.887008 0.00222699 300.008 0.885097 -0.460585 0.0668095 10.5369 -0.0582348 0.0328202 0.997763 3.7485
-0.51353 -0.858071 0.000673341 299.719 0.85617 -0.51234 0.0669394 10.9604 -0.0570938 0.0349519 0.997757 3.7209
-0.560314 -0.828279 -0.00148658 299.352 0.826394 -0.559158 0.0664545 11.4447 -0.0558741 0.0360069 0.997788 3.69543
-0.601512 -0.798854 -0.00382754 298.998 0.796884 -0.600352 0.0674806 11.9094 -0.0562051 0.0375403 0.997713 3.65586
-0.639381 -0.768877 -0.00458392 298.597 0.766733 -0.638022 0.0710565 12.3711 -0.0575583 0.0419175 0.997462 3.62579
-0.676623 -0.73632 -0.00385579 298.138 0.733893 -0.6748 0.077756 12.8472 -0.0598552 0.0497817 0.996965 3.60506
-0.712867 -0.701284 -0.00454455 297.69 0.69859 -0.710668 0.0832099 13.2886 -0.0615835 0.0561428 0.996522 3.56945
-0.746104 -0.665802 -0.00608572 297.159 0.662991 -0.743735 0.0854541 13.7573 -0.0614216 0.0597228 0.996324 3.53479
-0.776713 -0.629817 -0.00691476 296.614 0.627256 -0.774457 0.0822543 14.1828 -0.0571603 0.0595506 0.996587 3.48992
-0.804168 -0.594372 -0.0059194 295.983 0.592136 -0.801932 0.0792442 14.618 -0.0518475 0.0602206 0.996838 3.47154
-0.829256 -0.558848 -0.0047729 295.354 0.557032 -0.827192 0.0739493 15.0256 -0.0452746 0.0586643 0.997251 3.41854
-0.852372 -0.522924 -0.00359692 294.692 0.521384 -0.850351 0.0711482 15.4239 -0.0402638 0.0587693 0.997459 3.40512
-0.873219 -0.487299 -0.00535626 293.973 0.485804 -0.871303 0.0694638 15.8105 -0.0385165 0.058055 0.99757 3.35864
-0.892883 -0.450222 -0.00775589 293.245 0.448757 -0.891134 0.067062 16.1712 -0.0371043 0.0563981 0.997719 3.33678
-0.910813 -0.412737 -0.00822392 292.427 0.411379 -0.909118 0.0653607 16.518 -0.0344533 0.0561482 0.997828 3.31193
-0.927561 -0.373567 -0.00883391 291.621 0.372158 -0.925672 0.0680444 16.8563 -0.0335965 0.0598277 0.997643 3.28438
-0.941937 -0.335643 -0.00987489 290.775 0.334135 -0.939809 0.0715028 17.1631 -0.0332799 0.0640516 0.997392 3.27532
-0.954657 -0.297429 -0.0128544 289.881 0.295789 -0.952517 0.0722586 17.435 -0.0337358 0.06518 0.997303 3.22695
-0.965501 -0.259965 -0.0150535 288.962 0.258131 -0.963102 0.0761789 17.6939 -0.0343019 0.069665 0.996981 3.21123
-0.974468 -0.223904 -0.0166807 288.004 0.22206 -0.972085 0.0757632 17.9099 -0.0331787 0.0701247 0.996986 3.17904
-0.981899 -0.188825 -0.0148052 287.025 0.187278 -0.979585 0.0730782 18.1048 -0.0283019 0.0689828 0.997216 3.15258
-0.987682 -0.155878 -0.0136508 286.021 0.154518 -0.985366 0.0719617 18.2618 -0.0246683 0.068966 0.997314 3.13653
-0.992154 -0.12413 -0.0149033 284.99 0.122774 -0.989871 0.0712936 18.3921 -0.023602 0.0689045 0.997344 3.11668
-0.995525 -0.0930827 -0.0163118 283.92 0.0917415 -0.993356 0.0694766 18.4957 -0.0226705 0.0676692 0.99745 3.08897
-0.997808 -0.0641349 -0.0162963 282.823 0.0628784 -0.995667 0.0685078 18.5657 -0.0206195 0.067333 0.997517 3.06965
-0.999161 -0.0372908 -0.0169176 281.705 0.0360572 -0.997024 0.0681447 18.617 -0.0194085 0.0674776 0.997532 3.05506
