1 0 0 0 0 1 0 0 -0 0 1 0
0.999999 0.000915982 0.00119003 0.795803 -0.000918552 0.999997 0.00216017 0.0190966 -0.00118805 -0.00216126 0.999997 0.030294
0.999998 0.000993079 0.00178683 1.57001 -0.00100211 0.999987 0.0050622 0.00360168 -0.00178178 -0.00506398 0.999986 0.0368742
0.999997 0.00152433 0.00163835 2.30474 -0.00153474 0.999979 0.0063676 0.0133858 -0.00162861 -0.0063701 0.999978 0.0551997
0.999998 0.00172921 0.00113472 3.04692 -0.00173846 0.999965 0.00820724 0.0245903 -0.00112049 -0.0082092 0.999966 0.0644718
0.999998 0.0019531 0.00089704 3.76291 -0.00196067 0.999962 0.00851455 0.0325717 -0.000880376 -0.00851629 0.999963 0.0778146
0.999995 0.00267981 0.00180253 4.45884 -0.00269536 0.999959 0.00868099 0.0307711 -0.00177919 -0.0086858 0.999961 0.0929467
0.999986 0.00279656 0.00444575 5.14665 -0.00283842 0.999951 0.009439 0.0328917 -0.00441913 -0.00945148 0.999946 0.100189
0.999954 0.00427452 0.00855031 5.7909 -0.00435031 0.999951 0.00886506 0.0328481 -0.008512 -0.00890185 0.999924 0.105026
0.999913 0.00527062 0.0120685 6.42869 -0.00537292 0.99995 0.00846052 0.0290205 -0.0120233 -0.00852463 0.999891 0.12187
0.999878 0.00646803 0.014213 7.04411 -0.00657934 0.999948 0.00779863 0.0146729 -0.0141618 -0.00789119 0.999869 0.130065
0.999866 0.00783741 0.0143461 7.6182 -0.00794894 0.999938 0.00773381 0.02863 -0.0142846 -0.00784681 0.999867 0.136362
0.999887 0.0086424 0.0122717 8.16853 -0.00875243 0.999922 0.00894063 0.0213275 -0.0121935 -0.00904703 0.999885 0.142239
0.999907 0.00986367 0.00941542 8.69061 -0.00994795 0.99991 0.00894607 0.017855 -0.00932634 -0.00903891 0.999916 0.143628
0.999906 0.011263 0.00781947 9.18816 -0.0113201 0.999909 0.00729906 0.0133647 -0.00773656 -0.00738689 0.999943 0.145099
0.999896 0.0132092 0.00573186 9.64733 -0.0132321 0.999905 0.00396302 0.00535258 -0.00567896 -0.00403845 0.999976 0.160484
0.999874 0.0152401 0.00453386 10.1061 -0.0152491 0.999882 0.00195661 -0.00392667 -0.0045035 -0.0020255 0.999988 0.18491
0.999846 0.0173169 0.00267988 10.5026 -0.0173319 0.999834 0.00565738 -0.0053991 -0.00258146 -0.00570296 0.99998 0.176559
0.999793 0.0202791 0.00187193 10.8873 -0.0202964 0.999746 0.00979403 -0.00271377 -0.00167284 -0.00983 0.99995 0.178905
0.99972 0.023486 0.00272691 11.2296 -0.0235134 0.999668 0.0104939 -0.0110923 -0.00247954 -0.0105551 0.999941 0.172439
0.999638 0.026708 0.00338081 11.5583 -0.0267304 0.99962 0.00677521 -0.0239317 -0.00319857 -0.00686313 0.999971 0.1908
0.99956 0.0294817 0.00322904 11.849 -0.0294881 0.999563 0.00194879 -0.0463185 -0.00317017 -0.00204315 0.999993 0.202189
0.999486 0.0317262 0.00454518 12.1023 -0.0317196 0.999496 -0.00151726 -0.0602911 -0.00459102 0.00137231 0.999989 0.20718
0.999408 0.0339534 0.00558564 12.3327 -0.0339397 0.999421 -0.00252709 -0.0702627 -0.00566821 0.00233602 0.999981 0.20916
0.999333 0.0362161 0.00467962 12.5302 -0.0362092 0.999343 -0.001537 -0.0686982 -0.00473221 0.00136653 0.999988 0.212573
0.999259 0.0383295 0.00345477 12.7131 -0.0383285 0.999265 -0.000352235 -0.0806488 -0.00346573 0.000219558 0.999994 0.218645
0.999164 0.0408 0.00260962 12.9033 -0.0408041 0.999166 0.00153269 -0.082825 -0.00254491 -0.00163789 0.999995 0.222161
0.999089 0.0426249 0.00214492 13.0675 -0.0426338 0.999082 0.00429006 -0.085227 -0.00196009 -0.0043776 0.999988 0.22667
0.999042 0.0437564 0.000873143 13.21 -0.0437604 0.999028 0.00533006 -0.0781596 -0.00063907 -0.00536317 0.999985 0.228684
0.998948 0.0458555 -0.000845583 13.3737 -0.0458508 0.998936 0.00490633 -0.102197 0.00106967 -0.0048624 0.999988 0.235353
0.998875 0.0473759 -0.00210876 13.5139 -0.0473681 0.998871 0.00361144 -0.108375 0.00227747 -0.00350749 0.999991 0.240611
0.998811 0.0486506 -0.00322721 13.6471 -0.0486412 0.998812 0.00293899 -0.109883 0.00336636 -0.00277852 0.99999 0.246695
0.998736 0.0500531 -0.004513 13.7786 -0.0500375 0.998741 0.00350572 -0.1181 0.00468279 -0.00327547 0.999984 0.245173
0.998653 0.0514645 -0.0066461 13.9068 -0.0514361 0.998667 0.00436777 -0.119781 0.00686203 -0.00402003 0.999968 0.243942
0.998594 0.0522851 -0.00876765 14.0267 -0.0522475 0.998624 0.00446576 -0.128027 0.00898908 -0.00400139 0.999952 0.244898
0.998535 0.0529875 -0.0109607 14.1558 -0.0529497 0.99859 0.00370952 -0.144254 0.0111418 -0.00312372 0.999933 0.250203
0.998537 0.0525276 -0.0128307 14.2798 -0.0524973 0.998617 0.00268269 -0.155374 0.0129539 -0.00200519 0.999914 0.253316
0.99862 0.0506203 -0.0140099 14.4127 -0.0505925 0.998717 0.00233528 -0.155663 0.0141101 -0.00162326 0.999899 0.255458
0.998753 0.047606 -0.0150421 14.5275 -0.0475787 0.998865 0.00216838 -0.157523 0.0151282 -0.00144999 0.999885 0.256253
0.998913 0.0436562 -0.0163245 14.6654 -0.0436166 0.999044 0.00277268 -0.167064 0.01643 -0.00205765 0.999863 0.259859
0.999122 0.0381226 -0.0173606 14.7916 -0.0380739 0.99927 0.00313119 -0.165209 0.0174673 -0.00246746 0.999844 0.261067
0.99934 0.0314678 -0.0181656 14.9048 -0.0314205 0.999502 0.00288572 -0.152623 0.0182474 -0.00231304 0.999831 0.263644
0.999523 0.0243623 -0.0189711 15.0412 -0.0243109 0.9997 0.00293697 -0.160333 0.0190369 -0.00247436 0.999816 0.264335
0.999667 0.0162069 -0.0200999 15.1696 -0.0161558 0.999866 0.00270393 -0.15766 0.020141 -0.0023783 0.999794 0.262337
0.999748 0.00638356 -0.0215083 15.3131 -0.00634605 0.999978 0.00181186 -0.148801 0.0215194 -0.00167491 0.999767 0.267118
0.999707 -0.00658819 -0.0233103 15.4617 0.00659781 0.999978 0.00033561 -0.14847 0.0233076 -0.000489308 0.999728 0.269387
0.99943 -0.022569 -0.0251086 15.6157 0.0225617 0.999745 -0.000574015 -0.132294 0.0251152 7.1965e-06 0.999685 0.279797
0.998782 -0.0417343 -0.0263058 15.7938 0.0417412 0.999128 -0.000287157 -0.106021 0.0262949 -0.00081123 0.999654 0.279853
0.99765 -0.0632658 -0.0263091 15.9782 0.0632991 0.997995 0.00043405 -0.0780633 0.0262289 -0.00209837 0.999654 0.285372
0.995886 -0.0870092 -0.0252985 16.1724 0.0870559 0.996203 0.000747356 -0.0488538 0.0251374 -0.00294666 0.99968 0.287707
0.993233 -0.113591 -0.0241937 16.4164 0.113665 0.993518 0.00168596 -0.0141094 0.0238453 -0.00442451 0.999706 0.299351
0.989398 -0.14343 -0.0227835 16.6316 0.143521 0.989644 0.0024295 0.0454412 0.0221991 -0.00567367 0.999737 0.303204
0.9841 -0.176494 -0.0199009 16.9064 0.176581 0.984283 0.00265505 0.11123 0.0191195 -0.00612694 0.999798 0.313765
0.97686 -0.21323 -0.0166343 17.1747 0.213313 0.976978 0.00335445 0.186528 0.0155361 -0.00682514 0.999856 0.317928
0.967436 -0.252839 -0.011867 17.4146 0.252903 0.967482 0.00424722 0.270816 0.0104072 -0.0071101 0.999921 0.336396
0.955719 -0.294139 -0.00916597 17.7174 0.294213 0.955705 0.00818721 0.379514 0.00635178 -0.0105214 0.999924 0.328747
0.941791 -0.336138 -0.0064646 17.9998 0.336193 0.941719 0.0118084 0.521632 0.0021186 -0.0132944 0.999909 0.335827
0.925308 -0.379208 -0.00257208 18.267 0.379206 0.925206 0.0140198 0.654965 -0.00293672 -0.013948 0.999898 0.33619
0.906274 -0.422679 0.00307337 18.5878 0.422575 0.906173 0.0167857 0.832962 -0.00987996 -0.0139137 0.999854 0.346794
0.884629 -0.46624 0.00715268 18.891 0.466022 0.884532 0.0206645 1.02423 -0.0159614 -0.0149471 0.999761 0.348597
0.860114 -0.51003 0.0085294 19.1499 0.509706 0.859986 0.0249935 1.22419 -0.0200826 -0.0171498 0.999651 0.342681
0.832583 -0.553828 0.00894034 19.4638 0.553415 0.832421 0.0284249 1.46673 -0.0231847 -0.0187184 0.999556 0.348715
0.802215 -0.596997 0.00677741 19.722 0.596544 0.801963 0.0314911 1.69863 -0.0242353 -0.0212196 0.999481 0.334385
0.768981 -0.639241 0.00630852 20.0333 0.638719 0.768688 0.0340036 1.99627 -0.0265858 -0.0221188 0.999402 0.336907
0.732487 -0.680756 0.00584808 20.3022 0.68013 0.732135 0.0374359 2.29345 -0.0297663 -0.0234438 0.999282 0.318748
0.693932 -0.720007 0.00692449 20.5568 0.719318 0.693635 0.0381069 2.59417 -0.0322403 -0.0214627 0.99925 0.304617
0.653493 -0.756899 0.00713843 20.8463 0.756194 0.653242 0.0380215 2.96129 -0.0334415 -0.0194487 0.999251 0.30089
0.611368 -0.791288 0.00963796 21.1257 0.790576 0.611264 0.0366836 3.34496 -0.0349186 -0.0148076 0.99928 0.286
0.566789 -0.823766 0.0126818 21.357 0.823026 0.56684 0.0363455 3.70624 -0.0371287 -0.0101627 0.999259 0.288421
0.520556 -0.853734 0.0126812 21.5864 0.852961 0.520639 0.037318 4.15663 -0.038462 -0.00860952 0.999223 0.264051
0.47134 -0.881885 0.0108426 21.8052 0.881159 0.471402 0.0365843 4.5895 -0.0373743 -0.0076896 0.999272 0.236276
0.419707 -0.907573 0.0125248 22.0015 0.906888 0.419879 0.035431 5.09069 -0.0374152 -0.00351204 0.999294 0.226435
0.36621 -0.930408 0.015228 22.1825 0.92978 0.366522 0.0342073 5.5878 -0.0374081 0.00163167 0.999299 0.214577
0.312289 -0.949874 0.0146534 22.3333 0.949316 0.312611 0.0327732 6.08124 -0.0357112 0.00367603 0.999355 0.212138
0.259112 -0.965746 0.0139855 22.4719 0.965045 0.259459 0.0370104 6.6657 -0.0393713 0.00390681 0.999217 0.157442
0.207725 -0.978059 0.015829 22.5729 0.977167 0.20822 0.0423031 7.24634 -0.0446709 0.00668016 0.998979 0.132853
0.159008 -0.987096 0.0189356 22.6633 0.986199 0.159701 0.0436585 7.81202 -0.0461192 0.0117322 0.998867 0.134272
0.114473 -0.993236 0.019425 22.723 0.992346 0.115239 0.044388 8.46897 -0.0463263 0.0141951 0.998825 0.110189
0.0739832 -0.997107 0.0174176 22.7662 0.996282 0.0746725 0.0429727 9.07578 -0.044149 0.0141736 0.998924 0.0924569
0.0384755 -0.999184 0.0123222 22.7632 0.998499 0.0389243 0.0385282 9.74663 -0.0389764 0.0108213 0.999182 0.0646227
0.0096158 -0.999915 0.00883021 22.7658 0.999233 0.00994365 0.0378669 10.4148 -0.0379515 0.00845931 0.999244 0.0231866
-0.0116447 -0.999911 0.00650684 22.7372 0.99907 -0.0113643 0.0415866 11.1389 -0.041509 0.00698506 0.999114 -0.00289955
-0.0248901 -0.999667 0.00675707 22.715 0.998573 -0.0245424 0.0474235 11.8731 -0.0472419 0.00792781 0.998852 -0.0383296
-0.0327244 -0.99944 0.007038 22.6895 0.998198 -0.0323277 0.0505633 12.6212 -0.0503074 0.00867996 0.998696 -0.0569035
-0.037073 -0.999287 0.00710249 22.6552 0.998177 -0.0366913 0.0479123 13.3848 -0.0476176 0.0088658 0.998826 -0.084755
-0.0368418 -0.999224 0.0139353 22.6261 0.998401 -0.0362061 0.0434045 14.1616 -0.0428663 0.0155121 0.99896 -0.144937
-0.0332153 -0.999106 0.0261473 22.6252 0.998599 -0.0320971 0.0420798 14.9757 -0.041203 0.0275084 0.998772 -0.132267
-0.0274632 -0.999237 0.0277762 22.6106 0.998764 -0.0262774 0.042191 15.8141 -0.0414289 0.0289006 0.998723 -0.175273
-0.0222212 -0.999423 0.0257023 22.581 0.998946 -0.0211632 0.0407281 16.6589 -0.0401606 0.0265803 0.99884 -0.239053
-0.0188178 -0.999373 0.0299986 22.5592 0.999217 -0.0177537 0.0353545 17.5252 -0.0347997 0.0306404 0.998924 -0.23102
-0.0165869 -0.999475 0.0278483 22.5483 0.999577 -0.0159106 0.024336 18.3974 -0.0238801 0.0282402 0.999316 -0.246607
-0.0151988 -0.999669 0.0207669 22.5217 0.999764 -0.0148709 0.0158539 19.3013 -0.0155399 0.0210029 0.999659 -0.290216
-0.0162521 -0.999758 0.0148332 22.4908 0.99979 -0.0160634 0.0127516 20.2176 -0.0125103 0.0150373 0.999809 -0.293463
-0.0197691 -0.999789 0.00549396 22.4587 0.99964 -0.0196657 0.0182773 21.1621 -0.0181654 0.00585331 0.999818 -0.311731
-0.0241351 -0.999709 -2.67652e-05 22.4204 0.999354 -0.0241272 0.0266366 22.1351 -0.0266295 0.000616128 0.999645 -0.348531
-0.02871 -0.999586 -0.00183845 22.3753 0.998948 -0.0287573 0.0357309 23.112 -0.035769 -0.000810685 0.99936 -0.350944
-0.0306841 -0.999523 -0.00350903 22.3506 0.998487 -0.0308122 0.0455368 24.1373 -0.0456232 -0.00210646 0.998956 -0.405053
-0.0316732 -0.999497 -0.00175316 22.3059 0.998065 -0.0317216 0.0534873 25.1588 -0.053516 -5.56518e-05 0.998567 -0.431767
-0.0333671 -0.999443 -0.000292086 22.2817 0.997906 -0.033332 0.0554305 26.1909 -0.0554094 0.00155808 0.998463 -0.45515
-0.034884 -0.99939 -0.00175308 22.2387 0.998044 -0.034928 0.0518406 27.1969 -0.0518702 5.87565e-05 0.998654 -0.517375
-0.0376151 -0.999281 -0.00469764 22.1892 0.998178 -0.0377947 0.0470444 28.2307 -0.0471881 -0.0029195 0.998882 -0.557693
-0.0420469 -0.999104 -0.0048986 22.1396 0.99825 -0.042214 0.0414217 29.2453 -0.0415914 -0.00314837 0.99913 -0.577387
-0.0475974 -0.998858 -0.00421083 22.0932 0.998171 -0.0477211 0.0371078 30.2787 -0.0372663 -0.0024369 0.999302 -0.611869
-0.0544698 -0.998496 -0.00627571 22.0265 0.997914 -0.054654 0.0343534 31.312 -0.0346447 -0.0043914 0.99939 -0.643842
-0.060697 -0.99814 -0.00567113 21.9587 0.997455 -0.0608663 0.0371202 32.3717 -0.0373963 -0.00340361 0.999295 -0.671422
-0.0673361 -0.997701 -0.00770922 21.8852 0.99684 -0.0676004 0.0417121 33.4323 -0.0421373 -0.00487613 0.9991 -0.69514
-0.0732766 -0.997254 -0.0106845 21.7918 0.996264 -0.0736863 0.0450354 34.4992 -0.045699 -0.00734454 0.998928 -0.742829
-0.0773799 -0.9969 -0.0142383 21.701 0.995863 -0.077966 0.0466671 35.5523 -0.0476325 -0.0105683 0.998809 -0.775062
-0.0804251 -0.996582 -0.0188825 21.6118 0.995519 -0.0812557 0.0483578 36.6379 -0.0497268 -0.0149087 0.998652 -0.812914
-0.0814182 -0.996413 -0.0230879 21.4979 0.995375 -0.082475 0.0492664 37.7098 -0.0509939 -0.01897 0.998519 -0.867173
-0.0833336 -0.996229 -0.0241508 21.4049 0.99521 -0.0844424 0.0492532 38.7824 -0.0511068 -0.0199307 0.998494 -0.896897
-0.0847756 -0.996095 -0.0246588 21.3061 0.995117 -0.0858962 0.0486307 39.86 -0.0505589 -0.0204157 0.998512 -0.932752
-0.0854832 -0.996005 -0.025834 21.207 0.995084 -0.0866479 0.0479483 40.937 -0.0499952 -0.0216082 0.998516 -0.973287
-0.0867323 -0.995847 -0.0276773 21.1036 0.995007 -0.0879691 0.0471346 42.0221 -0.0493736 -0.023451 0.998505 -1.01805
-0.087277 -0.99568 -0.031698 20.9963 0.99504 -0.0886574 0.0451245 43.1091 -0.0477398 -0.0276024 0.998478 -1.05383
-0.087075 -0.995504 -0.0372867 20.8864 0.995262 -0.0885575 0.0401451 44.1939 -0.0432666 -0.0336144 0.998498 -1.08972
-0.0867431 -0.99546 -0.0391816 20.7755 0.995333 -0.0882674 0.0390076 45.3068 -0.042289 -0.035615 0.99847 -1.1281
-0.0843967 -0.995642 -0.0396844 20.6708 0.995361 -0.0860855 0.0429683 46.4106 -0.0461972 -0.0358739 0.998288 -1.16875
-0.0830362 -0.995753 -0.0397664 20.5799 0.995297 -0.0848637 0.0467136 47.5295 -0.04989 -0.0357005 0.998116 -1.21522
-0.0811087 -0.995996 -0.0376004 20.4785 0.995478 -0.082823 0.0465258 48.6297 -0.0494536 -0.0336567 0.998209 -1.24352
-0.0790787 -0.996179 -0.0370636 20.3852 0.995691 -0.0807374 0.0456245 49.7391 -0.0484426 -0.033296 0.998271 -1.28227
-0.0748125 -0.996366 -0.0407048 20.2881 0.995986 -0.0766707 0.046182 50.8574 -0.049135 -0.0370865 0.998103 -1.32895
-0.0687838 -0.996564 -0.0461315 20.1954 0.996376 -0.0709432 0.0469289 51.9816 -0.0500404 -0.0427364 0.997832 -1.37582
-0.0629646 -0.996809 -0.0490648 20.1054 0.996749 -0.0652847 0.0472106 53.0995 -0.0502631 -0.0459327 0.997679 -1.41603
-0.0567631 -0.997112 -0.0504508 20.0263 0.997185 -0.0591017 0.0461382 54.2258 -0.0489867 -0.0476899 0.99766 -1.45983
-0.0515839 -0.997441 -0.0494941 19.9695 0.997505 -0.0538522 0.0456446 55.3654 -0.0481932 -0.0470161 0.997731 -1.49573
-0.0460257 -0.997818 -0.0473473 19.9039 0.997795 -0.0481901 0.0456363 56.4943 -0.0478184 -0.0451424 0.997835 -1.53569
-0.0404642 -0.998099 -0.0464928 19.8554 0.99802 -0.0426162 0.0462672 57.6398 -0.0481605 -0.0445286 0.997847 -1.57578
-0.0352602 -0.998417 -0.0438291 19.8052 0.998153 -0.037354 0.0479079 58.7822 -0.0494693 -0.0420589 0.99789 -1.6136
-0.0300231 -0.998506 -0.0456651 19.7612 0.998293 -0.0322438 0.0486983 59.9267 -0.0500979 -0.0441251 0.997769 -1.66683
-0.0239823 -0.99872 -0.044528 19.7256 0.99846 -0.0261569 0.0489139 61.0774 -0.050016 -0.0432864 0.99781 -1.70654
-0.01969 -0.998824 -0.0443093 19.6938 0.998761 -0.0216755 0.0447854 62.2213 -0.0456932 -0.0433726 0.998014 -1.74487
-0.0151268 -0.998932 -0.043656 19.6751 0.999078 -0.016855 0.039493 63.3733 -0.0401866 -0.0430184 0.998266 -1.77498
-0.012034 -0.998951 -0.044179 19.6603 0.999168 -0.0137353 0.0384111 64.5258 -0.0389776 -0.04368 0.998285 -1.8122
-0.00841548 -0.999042 -0.0429459 19.6369 0.999114 -0.0101715 0.0408352 65.6895 -0.0412329 -0.0425642 0.998243 -1.85046
-0.0058708 -0.999081 -0.0424539 19.6252 0.999132 -0.00761103 0.0409463 66.8681 -0.0412318 -0.0421767 0.998259 -1.88154
-0.00503427 -0.999 -0.0444322 19.6103 0.999163 -0.00682925 0.0403394 68.0205 -0.0406025 -0.0441919 0.998198 -1.92094
-0.00381304 -0.998955 -0.0455536 19.5957 0.999129 -0.00569922 0.0413479 69.1917 -0.0415643 -0.0453563 0.998106 -1.95458
-0.00316296 -0.99894 -0.0459166 19.5818 0.999134 -0.00506158 0.0412922 70.3702 -0.0414808 -0.0457462 0.998091 -1.98275
-0.00211569 -0.998908 -0.0466747 19.5731 0.999217 -0.00395562 0.0393632 71.5506 -0.0395049 -0.0465548 0.998134 -2.01716
-0.000862288 -0.998973 -0.0452922 19.5675 0.999275 -0.00258507 0.0379922 72.7223 -0.0380703 -0.0452266 0.998251 -2.04877
-0.000939445 -0.999131 -0.0416675 19.5647 0.999278 -0.00252067 0.0379123 73.8978 -0.0379844 -0.0416018 0.998412 -2.07866
-0.00105993 -0.999228 -0.0392819 19.5645 0.999267 -0.00256105 0.0381836 75.0775 -0.0382547 -0.0392126 0.998498 -2.10725
-0.000418444 -0.999252 -0.0386626 19.5556 0.999158 -0.00200369 0.0409725 76.2658 -0.0410194 -0.0386129 0.998412 -2.13477
-0.000508041 -0.999174 -0.0406305 19.5465 0.998997 -0.00232649 0.044721 77.4384 -0.0447786 -0.040567 0.998173 -2.17743
0.00052502 -0.999088 -0.0426995 19.5257 0.998983 -0.00140129 0.0450706 78.6301 -0.0450894 -0.0426798 0.998071 -2.21403
0.000612463 -0.999026 -0.0441209 19.5209 0.999073 -0.0012883 0.0430394 79.8011 -0.0430543 -0.0441063 0.998099 -2.24532
0.000764313 -0.999017 -0.0443329 19.5157 0.999173 -0.00103981 0.0406576 80.9796 -0.0406637 -0.0443273 0.998189 -2.27747
0.00104174 -0.999109 -0.0422022 19.5107 0.9992 -0.000646929 0.0399805 82.1651 -0.0399721 -0.0422101 0.998309 -2.30675
0.000588069 -0.999183 -0.0404013 19.5112 0.999148 -0.00107997 0.0412525 83.3356 -0.0412625 -0.0403911 0.998332 -2.33881
0.000771609 -0.999192 -0.0401918 19.505 0.999032 -0.000997934 0.0439888 84.5047 -0.0439934 -0.0401868 0.998223 -2.36771
0.00168489 -0.999201 -0.0399345 19.5057 0.998922 -0.000170978 0.0464239 85.6912 -0.0463936 -0.0399696 0.998123 -2.40408
0.00167064 -0.999144 -0.0413426 19.4992 0.998907 -0.000264151 0.0467494 86.8438 -0.0467203 -0.0413755 0.998051 -2.44437
0.00227975 -0.999166 -0.0407767 19.4903 0.999003 0.000457542 0.0446411 88.0271 -0.0445852 -0.0408378 0.998171 -2.47529
0.00207251 -0.999213 -0.0396036 19.4805 0.999065 0.000358969 0.0432256 89.1837 -0.0431774 -0.0396561 0.99828 -2.50731
0.00218006 -0.999281 -0.0378544 19.4798 0.999031 0.000512162 0.0440148 90.3418 -0.0439638 -0.0379137 0.998313 -2.54117
0.00261061 -0.999364 -0.0355589 19.4847 0.998904 0.000944242 0.0467987 91.5128 -0.0467354 -0.0356421 0.998271 -2.58003
0.0025289 -0.999431 -0.0336332 19.4867 0.998772 0.000860532 0.0495271 92.6722 -0.0494699 -0.0337171 0.998206 -2.61638
0.00326374 -0.999405 -0.0343374 19.4851 0.998684 0.00150005 0.0512646 93.8263 -0.0511826 -0.0344595 0.998095 -2.65362
0.00387067 -0.999318 -0.0367301 19.4783 0.998604 0.00192779 0.0527847 94.9984 -0.0526779 -0.0368832 0.99793 -2.70128
0.00383468 -0.999236 -0.0389031 19.4748 0.998641 0.00180476 0.0520802 96.1433 -0.0519702 -0.03905 0.997885 -2.74684
0.00456352 -0.999132 -0.0414135 19.4718 0.998803 0.0025374 0.0488456 97.3156 -0.0486981 -0.0415868 0.997947 -2.78191
0.00448334 -0.999057 -0.0431778 19.4592 0.998902 0.00246035 0.0467922 98.4567 -0.0466419 -0.0433401 0.997971 -2.82074
0.00467355 -0.999046 -0.043409 19.4583 0.998957 0.00269298 0.0455725 99.61 -0.0454122 -0.0435768 0.998017 -2.85475
0.00506997 -0.999125 -0.041526 19.4535 0.99896 0.00317842 0.0454909 100.768 -0.0453191 -0.0417135 0.998101 -2.88907
0.00442452 -0.999123 -0.0416454 19.46 0.998845 0.00242307 0.0479875 101.923 -0.0478445 -0.0418097 0.997979 -2.93288
0.00506711 -0.999213 -0.039351 19.4621 0.998749 0.00309965 0.0498986 103.094 -0.0497373 -0.0395547 0.997979 -2.96611
0.00451447 -0.999037 -0.0436373 19.4501 0.998789 0.00236696 0.0491397 104.24 -0.0489891 -0.0438063 0.997838 -3.01064
0.00453937 -0.998849 -0.0477402 19.4404 0.998759 0.00216076 0.0497582 105.4 -0.0495978 -0.0479068 0.99762 -3.06496
0.00457399 -0.998704 -0.0506797 19.4447 0.998786 0.0020772 0.0492098 106.58 -0.0490407 -0.0508433 0.997502 -3.11539
0.0041141 -0.998672 -0.0513588 19.4288 0.998948 0.00175823 0.0458321 107.76 -0.045681 -0.0514933 0.997628 -3.15118
0.00332132 -0.998592 -0.052938 19.4216 0.999148 0.00113595 0.0412584 108.937 -0.0411402 -0.0530299 0.997745 -3.19392
0.00263981 -0.998786 -0.0491916 19.4176 0.999186 0.000654315 0.040335 110.129 -0.0402538 -0.049258 0.997975 -3.23318
0.00179424 -0.999016 -0.0443181 19.4257 0.999208 2.93077e-05 0.0397927 111.317 -0.0397523 -0.0443544 0.998225 -3.26058
0.00157718 -0.999047 -0.0436185 19.4198 0.999147 -0.000225376 0.0412897 112.529 -0.0412602 -0.0436464 0.998195 -3.30028
0.000676927 -0.999096 -0.0425159 19.4212 0.998966 -0.00125738 0.0454528 113.743 -0.0454652 -0.0425027 0.998061 -3.34272
-8.75816e-05 -0.999152 -0.0411732 19.4252 0.998945 -0.00197841 0.0458854 114.962 -0.045928 -0.0411257 0.998098 -3.37956
-0.000381786 -0.999153 -0.0411532 19.4192 0.999139 -0.00208852 0.0414378 116.189 -0.0414886 -0.0411019 0.998293 -3.41846
-0.00158367 -0.999114 -0.0420592 19.4014 0.999282 -0.00317281 0.0377437 117.423 -0.0378437 -0.0419693 0.998402 -3.46135
-0.00220981 -0.99916 -0.0409121 19.393 0.999336 -0.00369419 0.0362423 118.662 -0.036363 -0.0408048 0.998505 -3.49427
-0.00296571 -0.999099 -0.0423416 19.3769 0.999296 -0.00454459 0.0372418 119.906 -0.0374006 -0.0422014 0.998409 -3.52427
-0.00284066 -0.998897 -0.0468607 19.3606 0.999125 -0.00479051 0.0415498 121.158 -0.0417285 -0.0467017 0.998037 -3.57224
-0.00225139 -0.9986 -0.0528428 19.3444 0.998959 -0.00465346 0.045378 122.421 -0.0455604 -0.0526856 0.997571 -3.60728
-0.00222602 -0.998205 -0.0598467 19.317 0.998962 -0.00494256 0.045282 123.677 -0.0454965 -0.0596838 0.99718 -3.65175
-0.00221298 -0.997981 -0.0634686 19.3029 0.999056 -0.00496022 0.0431601 124.946 -0.0433878 -0.0633132 0.99705 -3.69393
-0.00238728 -0.997861 -0.065333 19.2797 0.999105 -0.00513863 0.0419772 126.206 -0.0422231 -0.0651744 0.99698 -3.73456
-0.00343243 -0.997848 -0.0654818 19.274 0.999119 -0.00616147 0.0415201 127.469 -0.0418342 -0.0652815 0.99699 -3.77181
-0.0037079 -0.997969 -0.0635876 19.2596 0.999148 -0.00631096 0.0407849 128.728 -0.0411033 -0.0633822 0.997143 -3.79587
-0.00423953 -0.997955 -0.063773 19.2476 0.999129 -0.00687492 0.0411621 129.973 -0.0415163 -0.0635429 0.997115 -3.82818
-0.00469885 -0.997968 -0.063545 19.2318 0.998921 -0.00762016 0.0458084 131.241 -0.0461995 -0.0632612 0.996927 -3.87349
-0.0048181 -0.99806 -0.0620718 19.2196 0.998703 -0.00794949 0.0503001 132.501 -0.050696 -0.061749 0.996803 -3.91383
-0.0049999 -0.998026 -0.0625986 19.201 0.998752 -0.00809422 0.0492756 133.751 -0.0496851 -0.0622742 0.996822 -3.95467
-0.00437949 -0.998019 -0.0627564 19.192 0.998835 -0.00738156 0.047685 134.998 -0.0480538 -0.0624745 0.996889 -4.00347
-0.00300994 -0.998119 -0.0612373 19.178 0.998858 -0.00592137 0.0474177 136.257 -0.0476911 -0.0610246 0.996996 -4.04626
-0.00240794 -0.998099 -0.0615764 19.1672 0.998906 -0.00527701 0.0464735 137.501 -0.0467102 -0.0613971 0.99702 -4.08718
-0.0010323 -0.998113 -0.0613994 19.1592 0.998822 -0.00400762 0.048355 138.753 -0.0485098 -0.0612772 0.996941 -4.12922
-0.000189537 -0.998062 -0.0622202 19.1492 0.998645 -0.00342714 0.051932 140.01 -0.0520446 -0.062126 0.99671 -4.17235
0.00117491 -0.997977 -0.0635665 19.1376 0.998565 -0.00223288 0.0535122 141.261 -0.0535458 -0.0635381 0.996542 -4.21401
0.00229034 -0.997793 -0.0663629 19.12 0.998711 -0.00108284 0.0507487 142.498 -0.0507086 -0.0663936 0.996504 -4.26285
0.00218918 -0.997856 -0.0654145 19.1204 0.998857 -0.000941182 0.0477852 143.73 -0.0477443 -0.0654443 0.996713 -4.30866
0.00185366 -0.998045 -0.0624651 19.1142 0.998935 -0.00103194 0.0461315 144.97 -0.0461058 -0.0624841 0.99698 -4.34598
0.00188169 -0.998138 -0.0609704 19.1118 0.998954 -0.000908863 0.045709 146.206 -0.0456793 -0.0609927 0.997092 -4.38513
0.00140639 -0.99827 -0.0587714 19.106 0.998956 -0.00128171 0.0456754 147.445 -0.0456717 -0.0587743 0.997226 -4.42932
0.00141982 -0.998423 -0.0561188 19.1061 0.998989 -0.00110504 0.0449346 148.683 -0.0449258 -0.0561259 0.997412 -4.45461
0.00101734 -0.998429 -0.0560214 19.0976 0.999004 -0.00148484 0.0446051 149.924 -0.0446182 -0.056011 0.997433 -4.49518
0.000890475 -0.998577 -0.0533146 19.0924 0.998901 -0.0016102 0.0468428 151.152 -0.046862 -0.0532977 0.997478 -4.5369
0.000818695 -0.998711 -0.0507527 19.0931 0.998823 -0.00164441 0.0484709 152.393 -0.0484918 -0.0507327 0.997534 -4.57875
0.000324636 -0.998812 -0.0487325 19.0915 0.998879 -0.00198252 0.0472874 153.622 -0.0473278 -0.0486933 0.997692 -4.61159
-0.000109138 -0.998757 -0.0498522 19.0761 0.998882 -0.00246578 0.0472135 154.836 -0.0472777 -0.0497913 0.99764 -4.66139
0.000520514 -0.998731 -0.0503573 19.0719 0.99866 -0.00208683 0.0517105 156.086 -0.05175 -0.0503168 0.997392 -4.69815
0.00105824 -0.998517 -0.0544379 19.0563 0.998301 -0.00211661 0.0582299 157.305 -0.0582587 -0.054407 0.996818 -4.75856
0.00306141 -0.998205 -0.0598145 19.0484 0.998262 -0.000469699 0.0589313 158.544 -0.0588536 -0.059891 0.996468 -4.80515
0.00402825 -0.997989 -0.0632544 19.0402 0.998476 0.000532067 0.0551917 159.761 -0.0550471 -0.0633803 0.99647 -4.86256
0.00533934 -0.997816 -0.065837 19.0317 0.99875 0.00204888 0.0499455 160.976 -0.0497016 -0.0660213 0.99658 -4.8997
0.00658917 -0.997683 -0.0677212 19.0225 0.99884 0.00333632 0.0480343 162.198 -0.0476971 -0.0679591 0.996547 -4.95925
0.00709739 -0.997968 -0.0633162 19.0265 0.998978 0.0042491 0.0450068 163.421 -0.0446464 -0.0635709 0.996978 -4.9887
0.00691591 -0.998217 -0.0592865 19.0306 0.999168 0.00451574 0.0405231 164.638 -0.0401831 -0.0595174 0.997418 -5.02967
0.0064977 -0.998508 -0.0542117 19.0462 0.999281 0.00445785 0.037664 165.872 -0.0373661 -0.0544174 0.997819 -5.04957
0.00534335 -0.998687 -0.0509441 19.039 0.999216 0.00333323 0.0394611 167.072 -0.0392395 -0.051115 0.997922 -5.08245
0.0063857 -0.99867 -0.051169 19.0458 0.998907 0.00400148 0.0465626 168.301 -0.0462959 -0.0514104 0.997604 -5.12117
0.0080281 -0.998614 -0.0520103 19.0519 0.998755 0.00544617 0.0495955 169.516 -0.0492435 -0.0523437 0.997414 -5.16527
0.00981098 -0.998498 -0.0539014 19.048 0.998864 0.00727258 0.0470893 170.737 -0.0466265 -0.0543022 0.997435 -5.19718
0.0109024 -0.99839 -0.0556559 19.0486 0.998894 0.00832831 0.0462738 171.962 -0.0457358 -0.0560988 0.997377 -5.24658
0.0113625 -0.998453 -0.0544336 19.058 0.99883 0.008774 0.0475581 173.169 -0.0470069 -0.0549102 0.997384 -5.2897
0.0122068 -0.998478 -0.0537925 19.0573 0.998883 0.00972045 0.0462435 174.376 -0.0456502 -0.0542969 0.997481 -5.3175
0.0141143 -0.998422 -0.054352 19.0679 0.998933 0.0116887 0.0446889 175.557 -0.0439831 -0.0549247 0.997521 -5.35161
0.0156854 -0.998339 -0.0554322 19.0754 0.998849 0.0131321 0.0461287 176.702 -0.0453241 -0.056092 0.997396 -5.38759
0.017269 -0.99833 -0.0551356 19.0876 0.998735 0.0146185 0.0481191 177.836 -0.0472327 -0.0558968 0.997319 -5.4182
0.0177232 -0.998287 -0.0557607 19.0986 0.99865 0.0149513 0.0497413 178.937 -0.0488224 -0.056567 0.997204 -5.44278
0.0180731 -0.99823 -0.0566588 19.1034 0.998574 0.0151741 0.0511838 180.004 -0.0502334 -0.0575031 0.997081 -5.47453
0.0182629 -0.998303 -0.055289 19.1194 0.998518 0.0153756 0.0522046 181.059 -0.0512659 -0.0561604 0.997105 -5.50171
0.0184785 -0.998269 -0.0558326 19.1235 0.998547 0.0155984 0.0515877 182.051 -0.0506275 -0.0567047 0.997107 -5.5248
0.0201072 -0.998194 -0.0566165 19.1394 0.998531 0.0171994 0.0513869 183.042 -0.0503203 -0.0575666 0.997073 -5.55156
0.0213397 -0.998129 -0.0572937 19.1588 0.998482 0.0183671 0.0519172 183.987 -0.0507678 -0.0583147 0.997007 -5.58534
0.0205457 -0.998208 -0.0561951 19.1663 0.998557 0.0176987 0.0506998 184.941 -0.0496144 -0.0571557 0.997132 -5.6111
0.0174113 -0.998399 -0.053819 19.1784 0.99875 0.0148449 0.0477228 185.873 -0.0468474 -0.0545826 0.99741 -5.62716
0.0123614 -0.99848 -0.0537202 19.1804 0.998967 0.00998283 0.0443215 186.794 -0.0437178 -0.0542126 0.997572 -5.65266
0.00737863 -0.998386 -0.0563085 19.1821 0.999134 0.00505448 0.0413066 187.706 -0.0409553 -0.0565645 0.997559 -5.68055
0.00356799 -0.998316 -0.0579078 19.1764 0.999187 0.00123307 0.0403072 188.639 -0.0401679 -0.0580045 0.997508 -5.7108
0.000617569 -0.9982 -0.059966 19.1684 0.999162 -0.00183777 0.0408817 189.551 -0.0409184 -0.059941 0.997363 -5.73663
-0.000926252 -0.998265 -0.058869 19.1588 0.999088 -0.00343628 0.0425505 190.477 -0.042679 -0.0587759 0.997358 -5.76324
-0.00300057 -0.998419 -0.0561215 19.1615 0.999013 -0.00548034 0.0440841 191.396 -0.044322 -0.0559338 0.99745 -5.78136
-0.00429155 -0.998495 -0.0546689 19.152 0.998982 -0.00673625 0.0446129 192.307 -0.044914 -0.0544218 0.997507 -5.80795
-0.00508041 -0.998497 -0.0545764 19.1398 0.999012 -0.00747764 0.0438102 193.218 -0.0441524 -0.0542999 0.997548 -5.82744
-0.00618438 -0.998383 -0.0565112 19.1237 0.999054 -0.00860141 0.0426282 194.12 -0.0430454 -0.0561941 0.997492 -5.85738
-0.00551928 -0.998175 -0.0601301 19.1056 0.999093 -0.00804301 0.0418103 195.026 -0.0422177 -0.0598448 0.997315 -5.89264
-0.0049954 -0.998041 -0.0623597 19.0985 0.999155 -0.00752487 0.0403939 195.922 -0.040784 -0.0621053 0.997236 -5.91326
-0.00431538 -0.998 -0.0630716 19.0853 0.999259 -0.00671674 0.0379112 196.847 -0.038259 -0.0628612 0.997289 -5.9401
-0.00364385 -0.998021 -0.062781 19.0688 0.999364 -0.00586089 0.035166 197.755 -0.0354644 -0.062613 0.997408 -5.96648
-0.00337818 -0.99803 -0.0626519 19.0667 0.99938 -0.00556445 0.0347538 198.685 -0.035034 -0.0624957 0.99743 -5.98957
-0.00268907 -0.998172 -0.0603803 19.0548 0.999294 -0.00494422 0.0372309 199.609 -0.0374614 -0.0602376 0.997481 -6.0134
-0.00217074 -0.998225 -0.0595237 19.0522 0.999231 -0.00449499 0.0389413 200.543 -0.0391397 -0.0593934 0.997467 -6.03603
-0.0022679 -0.998483 -0.0550111 19.0469 0.999367 -0.00421544 0.0353126 201.487 -0.0354909 -0.0548962 0.997861 -6.05268
-0.00213798 -0.998568 -0.0534573 19.0438 0.999501 -0.00381824 0.0313496 202.425 -0.0315088 -0.0533636 0.998078 -6.0672
-0.00163347 -0.998326 -0.0578174 19.0381 0.999475 -0.00350107 0.0322151 203.362 -0.0323636 -0.0577344 0.997807 -6.10061
-0.000295475 -0.998279 -0.0586508 19.0167 0.999369 -0.00237731 0.0354287 204.334 -0.0355072 -0.0586033 0.99765 -6.14071
0.00204219 -0.998384 -0.0567926 19.0204 0.999359 8.18583e-06 0.0357918 205.301 -0.0357335 -0.0568293 0.997744 -6.14697
0.00396196 -0.998449 -0.0555387 19.0256 0.999338 0.00194421 0.0363376 206.278 -0.0361732 -0.0556459 0.997795 -6.17087
0.00604576 -0.998424 -0.0557925 19.0194 0.999155 0.00376305 0.0409289 207.267 -0.0406545 -0.0559928 0.997603 -6.21456
0.00766165 -0.998576 -0.0527889 19.0328 0.998964 0.00527489 0.0452051 208.254 -0.0448622 -0.0530806 0.997582 -6.23891
0.00886328 -0.998593 -0.0522796 19.0412 0.998906 0.00644104 0.0463202 209.232 -0.0459183 -0.0526329 0.997558 -6.25807
0.0114577 -0.998423 -0.054948 19.0399 0.998872 0.00889641 0.0466328 210.252 -0.0460704 -0.0554204 0.9974 -6.30115
0.014103 -0.998256 -0.0573246 19.0387 0.998774 0.0113434 0.0481821 211.259 -0.0474478 -0.0579338 0.997192 -6.35263
0.0181458 -0.998165 -0.0577724 19.0406 0.99869 0.0153298 0.0488192 212.289 -0.0478439 -0.0585826 0.997135 -6.38135
0.0208228 -0.997927 -0.0608901 19.047 0.998756 0.0180024 0.0465079 213.313 -0.0453153 -0.0617828 0.99706 -6.42274
0.023575 -0.997816 -0.0617026 19.0702 0.998828 0.0208998 0.0436479 214.336 -0.042263 -0.0626593 0.99714 -6.45067
0.0255062 -0.997829 -0.0607188 19.0918 0.998836 0.0229505 0.042422 215.375 -0.0409363 -0.0617302 0.997253 -6.48426
0.0269998 -0.997807 -0.0604388 19.109 0.998706 0.0243181 0.0446759 216.422 -0.0431081 -0.0615668 0.997172 -6.51768
0.028823 -0.997679 -0.0616955 19.136 0.998527 0.0258988 0.0476836 217.481 -0.0459751 -0.062979 0.996955 -6.56304
0.0300224 -0.997643 -0.0617018 19.1597 0.998489 0.0270905 0.0478182 218.547 -0.046034 -0.0630442 0.996948 -6.59547
0.0307956 -0.997663 -0.060986 19.183 0.998588 0.0280676 0.045094 219.603 -0.0432769 -0.0622886 0.997119 -6.63046
0.0308618 -0.997789 -0.0588655 19.2159 0.998703 0.0283969 0.0422591 220.686 -0.0404941 -0.0600934 0.997371 -6.66205
0.0304955 -0.997954 -0.0561881 19.2415 0.998761 0.0282124 0.0409889 221.771 -0.0393199 -0.0573685 0.997578 -6.6932
0.0307147 -0.997898 -0.0570625 19.2757 0.998785 0.02844 0.040257 222.855 -0.0385495 -0.0582296 0.997559 -6.72993
0.0311459 -0.997942 -0.0560588 19.3011 0.99877 0.0289083 0.040293 223.954 -0.0385895 -0.0572448 0.997614 -6.75532
0.0313126 -0.997784 -0.0587043 19.3121 0.998738 0.0289277 0.041044 225.052 -0.0392548 -0.0599154 0.997431 -6.79164
0.0310263 -0.997762 -0.0592234 19.3473 0.998678 0.0285161 0.0427702 226.183 -0.0409857 -0.0604721 0.997328 -6.82368
0.030518 -0.997755 -0.0596156 19.3708 0.998608 0.0278682 0.0447855 227.305 -0.0430236 -0.0608994 0.997216 -6.86071
0.0299323 -0.997711 -0.0606368 19.4024 0.998541 0.0271194 0.0466939 228.426 -0.0449426 -0.061946 0.997067 -6.89696
0.0294062 -0.997636 -0.0621062 19.4213 0.99851 0.0264612 0.0477201 229.585 -0.0459639 -0.063417 0.996928 -6.93632
0.0282471 -0.997478 -0.0651145 19.429 0.998595 0.0252365 0.0466043 230.716 -0.0448435 -0.0663394 0.996789 -6.98462
0.0273533 -0.99757 -0.0640782 19.4545 0.998801 0.0246714 0.0422767 231.87 -0.0405931 -0.0651578 0.997049 -7.0151
0.0252704 -0.997781 -0.0615964 19.4783 0.99908 0.0230711 0.0361585 233.018 -0.0346572 -0.0624535 0.997446 -7.05028
0.0228919 -0.998082 -0.057525 19.5044 0.99928 0.0211015 0.0315419 234.207 -0.0302676 -0.0582056 0.997846 -7.0744
0.0206329 -0.998446 -0.0517641 19.5317 0.999325 0.0190224 0.0314143 235.381 -0.0303808 -0.0523773 0.998165 -7.09705
0.0181777 -0.99876 -0.0463422 19.5609 0.999246 0.0165577 0.0351055 236.571 -0.0342947 -0.0469454 0.998309 -7.12227
0.0165162 -0.998881 -0.0443069 19.5726 0.999185 0.014856 0.0375409 237.751 -0.0368407 -0.0448908 0.998312 -7.15615
0.0141254 -0.998965 -0.0432372 19.5963 0.99924 0.0125317 0.0369121 238.956 -0.036332 -0.0437258 0.998383 -7.18071
0.0118222 -0.998998 -0.0431649 19.5898 0.999251 0.0102128 0.0373191 240.167 -0.0368409 -0.0435738 0.998371 -7.2197
0.0098211 -0.999056 -0.0423215 19.6061 0.999218 0.00818405 0.0386824 241.384 -0.0382995 -0.0426683 0.998355 -7.25176
0.00754543 -0.999105 -0.0416256 19.6015 0.99924 0.00594118 0.0385299 242.617 -0.0382481 -0.0418846 0.99839 -7.28404
0.00508416 -0.999132 -0.0413364 19.6092 0.999301 0.00354591 0.0372016 243.835 -0.0370227 -0.0414966 0.998452 -7.31887
0.003032 -0.999126 -0.0416811 19.6114 0.999323 0.00149908 0.0367595 245.075 -0.0366649 -0.0417643 0.998455 -7.35184
0.000708505 -0.999114 -0.0420766 19.5977 0.999292 -0.00087562 0.0376183 246.308 -0.0376218 -0.0420734 0.998406 -7.38874
-0.0015165 -0.9991 -0.0424014 19.5889 0.999278 -0.00312388 0.0378682 247.571 -0.0379666 -0.0423133 0.998383 -7.41919
-0.00341711 -0.999041 -0.0436417 19.5726 0.999232 -0.00511448 0.0388409 248.834 -0.0390269 -0.0434754 0.998292 -7.4542
-0.00591953 -0.998965 -0.0450893 19.5578 0.999147 -0.00775129 0.0405592 250.084 -0.0408667 -0.0448108 0.998159 -7.49008
-0.00706615 -0.998869 -0.0470107 19.5368 0.9991 -0.00901832 0.0414443 251.33 -0.0418214 -0.0466755 0.998034 -7.52649
-0.00750553 -0.99874 -0.0496189 19.5161 0.999081 -0.00958407 0.0417858 252.608 -0.0422088 -0.0492597 0.997894 -7.5634
-0.00756228 -0.998689 -0.0506174 19.4905 0.999063 -0.00970242 0.0421695 253.858 -0.0426054 -0.0502511 0.997827 -7.59887
-0.0074883 -0.998745 -0.0495267 19.478 0.999109 -0.00953039 0.0411253 255.125 -0.0415457 -0.0491746 0.997926 -7.62793
-0.00757173 -0.998846 -0.0474358 19.4663 0.999161 -0.00946606 0.0398383 256.366 -0.0402413 -0.0470944 0.99808 -7.66293
-0.00784106 -0.99891 -0.0460097 19.4493 0.99916 -0.00967699 0.039817 257.622 -0.0402188 -0.0456588 0.998147 -7.69497
-0.00765246 -0.998932 -0.0455633 19.4291 0.999146 -0.00948853 0.0402182 258.894 -0.0406076 -0.0452166 0.998152 -7.72935
-0.00749151 -0.998943 -0.0453556 19.4131 0.999151 -0.00931512 0.0401301 260.14 -0.0405101 -0.0450165 0.998165 -7.75855
-0.00672213 -0.99897 -0.0448658 19.3947 0.999139 -0.0085462 0.040589 261.397 -0.0409306 -0.0445543 0.998168 -7.78877
-0.00695892 -0.999071 -0.0425179 19.3864 0.999101 -0.00872488 0.0414911 262.638 -0.0418235 -0.0421909 0.998234 -7.82502
-0.00713844 -0.999253 -0.0379896 19.3726 0.999004 -0.00879967 0.0437427 263.89 -0.0440443 -0.0376395 0.99832 -7.86161
-0.00698565 -0.999376 -0.0346149 19.3654 0.998846 -0.0086185 0.0472494 265.136 -0.0475183 -0.0342449 0.998283 -7.89487
-0.00695871 -0.999448 -0.0324873 19.3499 0.998724 -0.00857121 0.0497623 266.377 -0.0500133 -0.0320996 0.998233 -7.93294
-0.00681711 -0.999436 -0.0328811 19.3358 0.998782 -0.00841188 0.0486095 267.613 -0.0488586 -0.0325097 0.998276 -7.96973
-0.00664279 -0.999354 -0.0353297 19.3154 0.99886 -0.00830167 0.0470167 268.864 -0.0472796 -0.0349771 0.998269 -8.01245
-0.00683281 -0.999144 -0.0407917 19.2827 0.998726 -0.0088578 0.0496698 270.085 -0.0499886 -0.0404004 0.997932 -8.06025
-0.00632477 -0.998925 -0.0459272 19.2772 0.99841 -0.00888043 0.055657 271.342 -0.056005 -0.0455022 0.997393 -8.12428
-0.00601 -0.99875 -0.0496201 19.2406 0.998398 -0.00878485 0.0558947 272.569 -0.0562608 -0.0492047 0.997203 -8.16714
-0.00611411 -0.998712 -0.0503625 19.2206 0.99875 -0.00859742 0.0492406 273.801 -0.0496101 -0.0499985 0.997516 -8.21353
-0.00670251 -0.998853 -0.0474172 19.213 0.999018 -0.00876542 0.0434321 275.034 -0.0437979 -0.0470796 0.99793 -8.25134
-0.00740672 -0.999082 -0.0421929 19.1995 0.999064 -0.00919196 0.0422758 276.262 -0.0426248 -0.0418403 0.998215 -8.29076
-0.0062617 -0.999266 -0.0377854 19.1919 0.999009 -0.00791606 0.0437935 277.489 -0.0440605 -0.0374737 0.998326 -8.32245
-0.00449185 -0.999285 -0.0375515 19.1811 0.99894 -0.00620431 0.0456117 278.725 -0.045812 -0.0373068 0.998253 -8.36068
-0.00350053 -0.999269 -0.0380805 19.1703 0.998829 -0.00533183 0.0480955 279.948 -0.0482633 -0.0378675 0.998117 -8.40034
-0.00218393 -0.999224 -0.0393349 19.1589 0.998761 -0.00413495 0.0495876 281.179 -0.0497118 -0.0391779 0.997995 -8.4458
-0.00166855 -0.999204 -0.0398549 19.1469 0.998713 -0.00368565 0.0505913 282.404 -0.0506979 -0.0397192 0.997924 -8.49422
-0.000978024 -0.999214 -0.0396384 19.1375 0.998733 -0.00297 0.050226 283.634 -0.0503042 -0.0395391 0.997951 -8.53067
-0.000361166 -0.99918 -0.0404764 19.1239 0.998831 -0.00231662 0.0482744 284.863 -0.0483286 -0.0404117 0.998014 -8.57566
-0.000477764 -0.999196 -0.0400849 19.119 0.99888 -0.0023731 0.0472488 286.077 -0.0473059 -0.0400175 0.998079 -8.61625
-0.000494179 -0.99917 -0.0407345 19.1118 0.998896 -0.00240693 0.0469208 287.302 -0.0469799 -0.0406664 0.998068 -8.66044
0.000292097 -0.999149 -0.0412553 19.1036 0.9989 -0.0016433 0.0468711 288.528 -0.046899 -0.0412236 0.998049 -8.69501
0.000238736 -0.999127 -0.0417863 19.0986 0.998886 -0.00173394 0.047166 289.752 -0.0471973 -0.041751 0.998013 -8.73661
0.00084498 -0.999152 -0.0411736 19.0909 0.998872 -0.00111122 0.047465 290.981 -0.0474705 -0.0411673 0.998024 -8.77732
-2.49763e-05 -0.999156 -0.0410795 19.0836 0.998938 -0.00191769 0.0460358 292.202 -0.0460757 -0.0410347 0.998095 -8.81328
0.000578762 -0.999157 -0.041042 19.0826 0.999057 -0.00120437 0.0434084 293.425 -0.0434213 -0.0410284 0.998214 -8.85398
-0.000199272 -0.999117 -0.0420079 19.071 0.999172 -0.00190846 0.0406512 294.641 -0.0406955 -0.041965 0.99829 -8.8876
-0.000175794 -0.99905 -0.0435701 19.0591 0.999228 -0.00188698 0.0392362 295.863 -0.0392811 -0.0435296 0.99828 -8.92242
-0.000364452 -0.998911 -0.0466635 19.0423 0.999224 -0.00220116 0.0393153 297.09 -0.0393752 -0.046613 0.998137 -8.9552
-0.000331498 -0.998777 -0.0494468 19.034 0.999175 -0.00233918 0.0405506 298.345 -0.0406166 -0.0493925 0.997953 -8.99055
-0.000728651 -0.998606 -0.0527738 19.0184 0.999126 -0.00293217 0.0416886 299.563 -0.0417853 -0.0526973 0.997736 -9.02572
-0.000780839 -0.99849 -0.0549336 19.0112 0.999123 -0.0030783 0.0417503 300.809 -0.0418563 -0.0548529 0.997617 -9.06056
-0.00146924 -0.99851 -0.0545484 18.9923 0.999198 -0.00364915 0.039885 302.028 -0.0400246 -0.054446 0.997714 -9.08902
-0.0021676 -0.9986 -0.0528536 18.9837 0.999279 -0.00416592 0.0377277 303.269 -0.0378951 -0.0527337 0.997889 -9.11999
-0.00284307 -0.998759 -0.0497215 18.9729 0.999295 -0.00469929 0.0372555 304.5 -0.0374429 -0.0495805 0.998068 -9.14707
