1 0 0 0 0 1 0 0 -0 0 1 0
0.999943 0.0106601 0.000627116 0.258513 -0.0106596 0.999943 -0.000908425 -0.0663415 -0.000636764 0.000901689 0.999999 0.0151962
0.999848 0.0173805 0.00110237 0.561185 -0.0173771 0.999844 -0.00300282 -0.0732048 -0.00115439 0.0029832 0.999995 0.0190986
0.999801 0.0199657 -0.000483497 0.910376 -0.0199685 0.999779 -0.00655488 -0.0577734 0.000352517 0.00656322 0.999978 0.023313
0.99984 0.0178318 -0.00171192 1.19326 -0.0178441 0.999813 -0.00745567 -0.0603435 0.00157865 0.00748502 0.999971 0.0230017
0.999934 0.0109833 -0.00350473 1.52223 -0.0110206 0.999881 -0.0108197 -0.070308 0.00338548 0.0108576 0.999935 0.0175607
0.999988 -0.00101161 -0.00471955 1.85139 0.000956893 0.999932 -0.0115817 -0.0499978 0.00473095 0.011577 0.999922 0.0269095
0.999847 -0.0168189 -0.00488863 2.15413 0.016762 0.999794 -0.0114565 -0.0235203 0.00508031 0.0113728 0.999922 0.0327908
0.999351 -0.0356344 -0.00535638 2.50663 0.0355956 0.999341 -0.0071652 -0.0096364 0.00560817 0.00696988 0.99996 0.034239
0.998445 -0.0553947 -0.006299 2.8522 0.0553681 0.998457 -0.00431669 0.043001 0.0065284 0.00396121 0.999971 0.0387159
0.99717 -0.0748736 -0.00676536 3.21666 0.0748492 0.997188 -0.00378285 0.0871152 0.00702957 0.00326576 0.99997 0.0438804
0.995351 -0.0960992 -0.00637841 3.58935 0.0960698 0.995363 -0.0047739 0.124582 0.0068076 0.00413894 0.999968 0.0468731
0.993298 -0.115446 -0.00554301 3.98098 0.115414 0.9933 -0.00582198 0.170749 0.006178 0.00514323 0.999968 0.0543569
0.991129 -0.132807 -0.00499316 4.36641 0.13278 0.991131 -0.00532092 0.243132 0.00565553 0.00461073 0.999973 0.0597991
0.988821 -0.149033 -0.004681 4.78736 0.149012 0.988825 -0.00451416 0.324664 0.00530145 0.00376617 0.999979 0.0672459
0.986757 -0.162128 -0.00499614 5.20699 0.162109 0.986765 -0.00391407 0.393414 0.0055646 0.00305231 0.99998 0.0694175
0.984608 -0.174682 -0.00583919 5.64364 0.174651 0.984615 -0.00542646 0.481776 0.00669726 0.00432311 0.999968 0.0735006
0.982792 -0.184581 -0.00704113 6.09213 0.184523 0.982795 -0.00813499 0.565839 0.00842155 0.00669575 0.999942 0.0831249
0.981263 -0.192461 -0.00900263 6.54792 0.192396 0.981288 -0.00761798 0.664178 0.0103003 0.00574318 0.99993 0.0901117
0.979685 -0.200235 -0.011119 7.02842 0.200155 0.979733 -0.00788519 0.762664 0.0124726 0.00549948 0.999907 0.0880129
0.978084 -0.207781 -0.0133749 7.5114 0.207684 0.978161 -0.00824302 0.867641 0.0147955 0.00528461 0.999877 0.0963314
0.976282 -0.216009 -0.0145825 8.01221 0.215843 0.976352 -0.0121677 0.987173 0.016866 0.00873156 0.99982 0.103376
0.974522 -0.223822 -0.0145302 8.52232 0.223565 0.974533 -0.0174347 1.0898 0.0180624 0.0137421 0.999742 0.114779
0.972521 -0.232205 -0.0168208 9.05021 0.231891 0.972561 -0.0187339 1.21249 0.0207093 0.0143186 0.999683 0.135627
0.970269 -0.241079 -0.0214489 9.57065 0.240796 0.970461 -0.0149405 1.37743 0.0244172 0.00933145 0.999658 0.136776
0.968061 -0.249436 -0.0252665 10.1092 0.249201 0.968376 -0.012122 1.51448 0.0274912 0.00543843 0.999607 0.149163
0.965679 -0.258347 -0.0268361 10.6719 0.258023 0.966023 -0.0149738 1.68089 0.0297927 0.00753555 0.999528 0.17043
0.96336 -0.266739 -0.0280788 11.2368 0.266353 0.96373 -0.0167294 1.83188 0.0315228 0.00863751 0.999466 0.197882
0.961113 -0.27441 -0.0309971 11.8092 0.273998 0.961582 -0.0169088 1.99482 0.0344462 0.00775813 0.999376 0.215912
0.958601 -0.282638 -0.034638 12.4084 0.282226 0.959208 -0.0163752 2.18164 0.0378533 0.00592153 0.999266 0.234361
0.956291 -0.289711 -0.0396815 12.9891 0.289221 0.957099 -0.0176943 2.38142 0.0431054 0.00544417 0.999056 0.259777
0.954065 -0.295911 -0.046868 13.6056 0.295343 0.955207 -0.0187759 2.56122 0.0503247 0.00407123 0.998725 0.292935
0.952325 -0.300075 -0.055065 14.2175 0.29948 0.953914 -0.0189522 2.76741 0.0582144 0.00155776 0.998303 0.320438
0.950509 -0.304039 -0.0639844 14.8386 0.303407 0.952659 -0.0196096 2.97353 0.0669175 -0.000774227 0.997758 0.36072
0.948563 -0.307915 -0.0735928 15.5014 0.307405 0.9514 -0.0184357 3.197 0.0756928 -0.00513538 0.997118 0.400741
0.946577 -0.312148 -0.0809697 16.136 0.311697 0.950002 -0.0184708 3.41206 0.0826869 -0.00775402 0.996545 0.455218
0.944452 -0.316487 -0.0885823 16.7956 0.31631 0.948514 -0.0164009 3.64828 0.0892123 -0.0125296 0.995934 0.509816
0.942226 -0.321112 -0.0953777 17.4729 0.321146 0.946904 -0.0154127 3.8898 0.0952627 -0.0161079 0.995322 0.575747
0.940017 -0.325595 -0.101763 18.1531 0.325924 0.945294 -0.0138449 4.1347 0.100704 -0.0201527 0.994712 0.646764
0.937867 -0.330334 -0.106233 18.8604 0.331121 0.943528 -0.0106532 4.39903 0.103753 -0.0251846 0.994284 0.717881
0.935965 -0.335045 -0.108237 19.5512 0.335974 0.941817 -0.0100866 4.65947 0.105319 -0.026924 0.994074 0.795229
0.933877 -0.340923 -0.107911 20.2646 0.341958 0.939669 -0.00934544 4.9326 0.104587 -0.0281735 0.994117 0.878734
0.931847 -0.346826 -0.106645 20.9907 0.347843 0.937505 -0.00951006 5.20762 0.103278 -0.0282336 0.994252 0.961448
0.92937 -0.353919 -0.104939 21.7117 0.354932 0.934844 -0.00948893 5.48018 0.10146 -0.0284276 0.994433 1.04705
0.926686 -0.361748 -0.101935 22.4165 0.362752 0.931841 -0.00917064 5.76409 0.0983047 -0.0284788 0.994749 1.13017
0.923489 -0.371016 -0.0975418 23.2196 0.372186 0.928135 -0.00660092 6.07475 0.092981 -0.0302078 0.99521 1.20892
0.920677 -0.379014 -0.0932878 23.956 0.380311 0.924849 -0.00415388 6.39243 0.0878515 -0.031654 0.995631 1.29638
0.91739 -0.387527 -0.0906552 24.6979 0.389043 0.921219 -0.00102485 6.71233 0.0839104 -0.0343286 0.995882 1.36308
0.913827 -0.396172 -0.0892603 25.4464 0.397728 0.917503 -0.000385652 7.05174 0.0820494 -0.0351489 0.996008 1.43845
0.909898 -0.405123 -0.0892233 26.2239 0.406769 0.913531 0.000296759 7.41384 0.081388 -0.0365633 0.996012 1.51587
0.906118 -0.413658 -0.0885312 26.976 0.415304 0.909683 0.000187133 7.76232 0.0804579 -0.0369369 0.996073 1.58187
0.902439 -0.421855 -0.0874209 27.7604 0.423545 0.905875 0.000872624 8.13593 0.0788242 -0.0378142 0.996171 1.65111
0.898663 -0.430268 -0.0852867 28.5434 0.431901 0.901921 0.000769731 8.5217 0.0765906 -0.0375271 0.996356 1.72306
0.89526 -0.43805 -0.0813686 29.3179 0.439601 0.898192 0.00128658 8.9018 0.072521 -0.0369216 0.996683 1.79395
0.891791 -0.445943 -0.0764448 30.1409 0.447431 0.894315 0.00262891 9.31584 0.0671934 -0.0365482 0.99707 1.85047
0.888426 -0.453318 -0.0721319 30.9356 0.454666 0.890658 0.00257379 9.72457 0.0630781 -0.0350825 0.997392 1.92516
0.884741 -0.46085 -0.069642 31.7604 0.462082 0.886835 0.00180062 10.1591 0.0609312 -0.0337734 0.99757 1.98828
0.881548 -0.467084 -0.0686006 32.5803 0.468286 0.883576 0.00162874 10.5947 0.0598531 -0.0335605 0.997643 2.04901
0.878576 -0.472905 -0.0668176 33.3969 0.474038 0.880503 0.00125846 11.0481 0.058238 -0.0327797 0.997764 2.10002
0.875548 -0.478739 -0.0650012 34.2419 0.479755 0.877403 3.19926e-05 11.5066 0.0570169 -0.0312127 0.997885 2.16632
0.872945 -0.483545 -0.0644233 35.0838 0.4845 0.874791 -0.000913898 11.9776 0.0567988 -0.0304153 0.997922 2.22336
0.870949 -0.487097 -0.0646807 35.9321 0.488027 0.872827 -0.0016143 12.4526 0.0572414 -0.03016 0.997905 2.28374
0.869409 -0.489793 -0.0650409 36.7989 0.490721 0.871314 -0.00194451 12.957 0.0576235 -0.0302264 0.997881 2.33843
0.869076 -0.490478 -0.0643261 37.6639 0.491415 0.870924 -0.00143707 13.4482 0.056728 -0.0303619 0.997928 2.39969
0.868809 -0.491166 -0.0626689 38.5658 0.492053 0.870564 -0.00147346 13.9642 0.055281 -0.0295562 0.998033 2.45941
0.868501 -0.491887 -0.0612667 39.4504 0.492648 0.870223 -0.00304983 14.4711 0.0548159 -0.0275341 0.998117 2.51742
0.867869 -0.493044 -0.0609118 40.3632 0.493703 0.869618 -0.00476377 14.9932 0.0553187 -0.025938 0.998132 2.58015
0.866727 -0.495106 -0.0604589 41.2771 0.495655 0.868495 -0.00661134 15.5132 0.0557816 -0.0242365 0.998149 2.64052
0.865353 -0.497814 -0.0578428 42.1914 0.498228 0.867009 -0.00806936 16.0611 0.0541672 -0.021836 0.998293 2.70122
0.863651 -0.50116 -0.0542789 43.1181 0.50155 0.865099 -0.00716371 16.595 0.0505468 -0.0210366 0.9985 2.76638
0.860846 -0.506433 -0.049696 44.0485 0.506759 0.862062 -0.00673282 17.1253 0.0462508 -0.019388 0.998742 2.82821
0.857187 -0.512858 -0.0469845 44.944 0.513079 0.858303 -0.00815449 17.6772 0.0445091 -0.0171169 0.998862 2.88797
0.851634 -0.521976 -0.0475459 45.8519 0.5221 0.852816 -0.0107661 18.233 0.0461676 -0.0156549 0.998811 2.94616
0.845789 -0.531186 -0.0498219 46.744 0.531207 0.847128 -0.013917 18.7847 0.049598 -0.0146949 0.998661 3.01237
0.839477 -0.541124 -0.0496202 47.6464 0.541153 0.840807 -0.0140224 19.3611 0.0493089 -0.0150806 0.99867 3.06688
0.833929 -0.549981 -0.0456369 48.5465 0.550068 0.835037 -0.0117679 19.981 0.0445806 -0.0152898 0.998889 3.11781
0.829095 -0.557473 -0.0427292 49.4058 0.55767 0.830021 -0.00826095 20.5668 0.0400714 -0.0169797 0.999053 3.17764
0.824882 -0.56355 -0.0445182 50.309 0.563805 0.825871 -0.00780043 21.1797 0.0411622 -0.0186651 0.998978 3.23328
0.821294 -0.568405 -0.0489007 51.1645 0.568684 0.822503 -0.00936457 21.7879 0.0455438 -0.0201179 0.99876 3.28372
0.81794 -0.572613 -0.0555646 52.0344 0.57291 0.81953 -0.0120237 22.4087 0.0524218 -0.0219989 0.998383 3.35453
0.8147 -0.577079 -0.0569521 52.9024 0.577371 0.816381 -0.012865 23.0261 0.0539187 -0.0224014 0.998294 3.41122
0.81175 -0.581538 -0.0536223 53.7603 0.581815 0.813234 -0.0119002 23.6498 0.0505279 -0.0215383 0.99849 3.47373
0.808535 -0.586426 -0.0487343 54.6533 0.586716 0.809735 -0.00962301 24.2882 0.0451051 -0.0208127 0.998765 3.53545
0.8057 -0.590525 -0.0461252 55.5088 0.590813 0.806763 -0.00857208 24.9375 0.0422741 -0.0203448 0.998899 3.59303
0.802729 -0.594454 -0.0474416 56.3566 0.594818 0.803825 -0.0075794 25.5683 0.0426404 -0.0221349 0.998845 3.64856
0.798988 -0.599386 -0.0485249 57.2223 0.599722 0.800159 -0.00892793 26.2242 0.0441789 -0.0219681 0.998782 3.70237
0.794741 -0.604882 -0.0500414 58.0722 0.605157 0.796028 -0.0111983 26.8745 0.046608 -0.0213832 0.998684 3.76765
0.790705 -0.610153 -0.0499973 58.9171 0.610383 0.792011 -0.0123061 27.5385 0.047107 -0.020787 0.998674 3.8185
0.786444 -0.615727 -0.0488483 59.7741 0.615913 0.787708 -0.0129456 28.2134 0.0464492 -0.0199053 0.998722 3.87824
0.781639 -0.621856 -0.0483413 60.6121 0.622043 0.782877 -0.0128917 28.8809 0.045862 -0.0199937 0.998748 3.93507
0.776238 -0.628577 -0.0484234 61.4577 0.628714 0.777506 -0.0142717 29.5745 0.0466204 -0.0193662 0.998725 4.0002
0.770561 -0.635445 -0.0494599 62.3012 0.635582 0.771889 -0.0149306 30.2781 0.0476651 -0.0199309 0.998665 4.05717
0.765279 -0.641831 -0.0490012 63.11 0.641871 0.766624 -0.0169972 30.9655 0.0484749 -0.0184449 0.998654 4.11604
0.759531 -0.648591 -0.0494253 63.9659 0.648572 0.760926 -0.0185998 31.6957 0.0496727 -0.0179288 0.998605 4.17711
0.753335 -0.655767 -0.0495578 64.7827 0.655677 0.754768 -0.0203347 32.4126 0.0507395 -0.0171751 0.998564 4.2416
0.74717 -0.662823 -0.0490238 65.606 0.662689 0.748593 -0.0212827 33.141 0.0508054 -0.0165857 0.998571 4.30396
0.741209 -0.669602 -0.0473515 66.4283 0.669438 0.742554 -0.0215872 33.8905 0.0496159 -0.0156982 0.998645 4.36505
0.734899 -0.676601 -0.046203 67.247 0.676408 0.736197 -0.0220689 34.6283 0.0489463 -0.0150337 0.998688 4.42803
0.728223 -0.683799 -0.0459332 68.0558 0.683547 0.729529 -0.0234521 35.4035 0.0495462 -0.0143191 0.998669 4.49086
0.721846 -0.690509 -0.0462102 68.8546 0.69016 0.723201 -0.0257028 36.1821 0.0511673 -0.013339 0.998601 4.55867
0.716102 -0.696395 -0.0472388 69.6505 0.696101 0.717504 -0.0251211 36.963 0.0513883 -0.0148938 0.998568 4.62005
0.710591 -0.702082 -0.0462646 70.4696 0.701785 0.711946 -0.0251216 37.7674 0.0505753 -0.0146166 0.998613 4.68466
0.705922 -0.706752 -0.0466519 71.2619 0.706479 0.707295 -0.0249298 38.5782 0.0506158 -0.0153602 0.9986 4.74737
0.700667 -0.711913 -0.0473801 72.0588 0.711639 0.702087 -0.025388 39.3975 0.051339 -0.015929 0.998554 4.81903
0.695218 -0.717122 -0.049075 72.8593 0.716797 0.696756 -0.0270892 40.231 0.0536195 -0.0163439 0.998428 4.89105
0.690432 -0.721646 -0.0502958 73.6488 0.721201 0.692084 -0.0298191 41.0708 0.0563278 -0.0156854 0.998289 4.95942
0.685187 -0.726529 -0.0517122 74.4428 0.726115 0.686923 -0.0298849 41.9006 0.0572346 -0.0170723 0.998215 5.03271
0.680104 -0.731401 -0.0501151 75.2297 0.730962 0.681755 -0.0300728 42.7525 0.0561616 -0.0161796 0.998291 5.10432
0.675348 -0.73587 -0.0490053 76.0155 0.735427 0.676939 -0.0300001 43.607 0.0552498 -0.0157793 0.998348 5.1766
0.67035 -0.740457 -0.0485329 76.7886 0.739969 0.671932 -0.0308781 44.4886 0.0554747 -0.0152137 0.998344 5.25421
0.665705 -0.744662 -0.0481271 77.5795 0.744127 0.667281 -0.0317818 45.3657 0.055781 -0.0146554 0.998335 5.32323
0.661383 -0.748582 -0.0468872 78.3559 0.747981 0.662908 -0.032819 46.2434 0.0556496 -0.0133648 0.998361 5.39813
0.657372 -0.752165 -0.0459447 79.1401 0.751509 0.658859 -0.0337304 47.1409 0.0556419 -0.0123545 0.998374 5.47273
0.653505 -0.755632 -0.0441851 79.9044 0.754795 0.65493 -0.036758 48.0354 0.0567137 -0.00932917 0.998347 5.5434
0.649277 -0.759289 -0.0438251 80.6739 0.758214 0.65072 -0.0409296 48.9429 0.0595952 -0.00665422 0.9982 5.62728
0.644113 -0.763803 -0.0415097 81.4578 0.762472 0.645444 -0.0451523 49.8527 0.0612796 -0.00256682 0.998117 5.70081
0.638299 -0.768883 -0.0373265 82.2218 0.76732 0.639384 -0.0490769 50.7685 0.0616004 0.00268444 0.998097 5.77862
0.630127 -0.775769 -0.0335157 82.9919 0.774011 0.630975 -0.0527027 51.698 0.0620327 0.00726783 0.998048 5.86693
0.62123 -0.783035 -0.0304818 83.7375 0.781239 0.621902 -0.053889 52.6249 0.0611537 0.00966386 0.998082 5.95005
0.612295 -0.790172 -0.0268988 84.5032 0.788461 0.61278 -0.053203 53.6134 0.0585225 0.0113673 0.998221 6.02671
0.603367 -0.797027 -0.026377 85.2298 0.795338 0.603843 -0.0530242 54.5723 0.0581893 0.0110144 0.998245 6.11481
0.594065 -0.803902 -0.0287808 85.9603 0.802137 0.594694 -0.0539866 55.5494 0.0605157 0.00898541 0.998127 6.18545
0.584163 -0.81115 -0.0280859 86.6751 0.809232 0.584745 -0.0567229 56.5564 0.0624339 0.0104074 0.997995 6.27776
0.573927 -0.818395 -0.0289588 87.381 0.816413 0.574579 -0.0577046 57.5519 0.0638643 0.00947586 0.997914 6.35373
0.564362 -0.825158 -0.0246837 88.0709 0.823135 0.56475 -0.0592191 58.5704 0.0628052 0.013103 0.99794 6.44341
0.554077 -0.832156 -0.0226996 88.7653 0.83018 0.55437 -0.0589489 59.5938 0.0616387 0.0138175 0.998003 6.52903
0.543857 -0.838902 -0.0215137 89.4535 0.836887 0.544087 -0.0599154 60.6334 0.0619684 0.0145809 0.997972 6.61636
0.53355 -0.845473 -0.0223474 90.1121 0.843385 0.533843 -0.0609344 61.6795 0.0634484 0.013664 0.997892 6.70047
0.523431 -0.851739 -0.0236744 90.7681 0.849611 0.523828 -0.0613645 62.7708 0.0646679 0.0120061 0.997835 6.78948
0.513369 -0.857804 -0.0249885 91.4084 0.855616 0.513869 -0.0621327 63.8178 0.0661385 0.0105164 0.997755 6.8784
0.503637 -0.863548 -0.0251839 92.036 0.86135 0.504173 -0.0623352 64.9085 0.0665265 0.00970215 0.997737 6.97475
0.494947 -0.868586 -0.0242182 92.6494 0.866494 0.495454 -0.0609427 66.0072 0.064933 0.00917844 0.997847 7.05875
0.487006 -0.873129 -0.0216819 93.2787 0.871165 0.487386 -0.0593792 67.1195 0.0624132 0.0100296 0.998 7.15422
0.479296 -0.877411 -0.0206169 93.8748 0.875428 0.479621 -0.0599222 68.2372 0.0624646 0.0106719 0.99799 7.24011
0.471626 -0.881563 -0.0203805 94.4774 0.879421 0.471925 -0.0625039 69.3501 0.0647191 0.0115555 0.997837 7.3332
0.46504 -0.885081 -0.0192332 95.0719 0.882737 0.465238 -0.0657995 70.474 0.0671859 0.0136215 0.997647 7.42627
0.458319 -0.888595 -0.0184919 95.6673 0.886048 0.45844 -0.0689366 71.6089 0.0697342 0.0152102 0.99745 7.52054
0.45329 -0.891165 -0.0187881 96.2308 0.888409 0.453402 -0.0718034 72.7306 0.0725072 0.0158563 0.997242 7.62496
0.448835 -0.893453 -0.0170134 96.8216 0.890673 0.44882 -0.072547 73.872 0.0724532 0.0174083 0.99722 7.7319
0.444458 -0.895707 -0.012903 97.3706 0.89313 0.444199 -0.0707545 75.001 0.0691067 0.0199234 0.99741 7.82899
0.441126 -0.897416 -0.00718135 97.9263 0.895073 0.440528 -0.0691357 76.1376 0.065207 0.0240697 0.997581 7.93218
0.437856 -0.89903 -0.00522756 98.476 0.896771 0.437154 -0.0685431 77.2548 0.0639076 0.0253241 0.997634 8.03
0.434882 -0.900477 -0.0043827 99.0273 0.898269 0.434147 -0.0680413 78.3969 0.0631723 0.0256531 0.997673 8.12232
0.432843 -0.901469 -0.00110601 99.5615 0.899374 0.43192 -0.0676167 79.52 0.061432 0.0282727 0.997711 8.21752
0.430192 -0.902736 0.00162523 100.092 0.900766 0.429133 -0.0668175 80.6205 0.0596211 0.0302083 0.997764 8.30368
0.428204 -0.903677 0.00322792 100.628 0.901728 0.42704 -0.0672546 81.7369 0.0593979 0.0317093 0.997731 8.39654
0.425702 -0.904847 0.00552801 101.146 0.902955 0.424399 -0.0675131 82.8329 0.0587429 0.033732 0.997703 8.48334
0.423581 -0.905811 0.0091908 101.671 0.90409 0.422099 -0.0667363 83.9505 0.0565711 0.0365776 0.997728 8.56788
0.422003 -0.906517 0.0118735 102.178 0.904931 0.4204 -0.0660547 85.0461 0.054888 0.03862 0.997745 8.65488
0.420179 -0.907334 0.0139834 102.678 0.905774 0.418423 -0.0670557 86.1243 0.0549909 0.0408412 0.997651 8.74283
0.418997 -0.907866 0.014884 103.151 0.906276 0.417145 -0.0682139 87.1885 0.0557203 0.0420704 0.99756 8.81973
0.419103 -0.907831 0.0140076 103.664 0.906155 0.417263 -0.0691035 88.2517 0.0568895 0.0416545 0.997511 8.90842
0.419175 -0.907807 0.0133314 104.118 0.906051 0.417336 -0.0700107 89.2837 0.0579926 0.0414257 0.997457 8.99066
0.421524 -0.906745 0.0114471 104.603 0.904915 0.419789 -0.0700449 90.3431 0.0587075 0.0398843 0.997478 9.07546
0.425175 -0.905064 0.00921436 105.068 0.903147 0.42356 -0.0701558 91.3668 0.0595927 0.0381504 0.997493 9.1597
0.42993 -0.902833 0.00725891 105.548 0.900842 0.428416 -0.0703081 92.383 0.0603667 0.0367667 0.997499 9.24156
0.436026 -0.899913 0.00616353 106.035 0.897884 0.434561 -0.0704359 93.4097 0.0607077 0.036246 0.997497 9.32634
0.442763 -0.896624 0.00522859 106.513 0.894632 0.441375 -0.0694369 94.3914 0.059951 0.0354218 0.997573 9.40439
0.450808 -0.892611 0.00425823 107.002 0.890655 0.449494 -0.0684767 95.4066 0.059209 0.0346625 0.997644 9.4838
0.459626 -0.888107 0.00314541 107.496 0.886179 0.458389 -0.0675709 96.385 0.0585684 0.0338447 0.99771 9.56176
0.468899 -0.88325 0.00179007 108.02 0.881327 0.467743 -0.0669284 97.3603 0.0582772 0.0329603 0.997756 9.63637
0.47838 -0.878153 0.00016763 108.541 0.876154 0.477278 -0.0675259 98.312 0.059218 0.0324499 0.997718 9.71158
0.488783 -0.872398 -0.00360011 109.049 0.870224 0.487848 -0.0686651 99.2772 0.0616596 0.0304294 0.997633 9.79434
0.50035 -0.865795 -0.00698119 109.583 0.863501 0.499582 -0.0691677 100.233 0.0633727 0.0285798 0.997581 9.87863
0.512378 -0.858708 -0.00948235 110.133 0.856474 0.511788 -0.0672654 101.155 0.0626143 0.026344 0.99769 9.95203
0.524809 -0.851157 -0.0103801 110.697 0.849044 0.524299 -0.0650722 102.109 0.0608289 0.0253373 0.997827 10.0364
0.537015 -0.843505 -0.0106533 111.272 0.841515 0.536544 -0.0630252 103.015 0.0588781 0.0248805 0.997955 10.1086
0.548808 -0.835873 -0.0112134 111.845 0.833928 0.548365 -0.0621356 103.919 0.0580865 0.0247494 0.998005 10.1877
0.560159 -0.828291 -0.0124533 112.435 0.826325 0.559763 -0.0620646 104.808 0.0583785 0.0244756 0.997994 10.2603
0.571389 -0.820568 -0.0135011 113.04 0.818532 0.571007 -0.0628971 105.671 0.0593205 0.0248877 0.997929 10.3382
0.582033 -0.813069 -0.0125056 113.625 0.810947 0.581511 -0.0648869 106.511 0.0600297 0.027625 0.997814 10.4133
0.592892 -0.805164 -0.0137984 114.257 0.803101 0.59246 -0.0634007 107.36 0.059223 0.0265083 0.997893 10.4943
0.603484 -0.797269 -0.0130288 114.879 0.795294 0.603008 -0.0623628 108.194 0.0575764 0.0272732 0.997969 10.5684
0.61364 -0.789501 -0.0116086 115.494 0.787697 0.613122 -0.060128 109.004 0.0545886 0.0277529 0.998123 10.6334
0.623408 -0.781807 -0.0118039 116.115 0.780068 0.622912 -0.0589448 109.778 0.0534363 0.0275389 0.998191 10.7042
0.633351 -0.77373 -0.0144212 116.745 0.771975 0.632996 -0.0580503 110.573 0.0540439 0.0256334 0.998209 10.7772
0.64284 -0.765814 -0.016892 117.374 0.764051 0.642621 -0.0571266 111.352 0.0546035 0.0238169 0.998224 10.8471
0.652113 -0.757922 -0.0174006 118.014 0.756173 0.65191 -0.0567139 112.107 0.0543284 0.0238259 0.998239 10.9124
0.660871 -0.750292 -0.017642 118.659 0.74866 0.660714 -0.0544477 112.827 0.052508 0.022775 0.998361 10.973
0.669452 -0.742669 -0.0166149 119.312 0.741142 0.66926 -0.0529128 113.552 0.0504164 0.0231086 0.998461 11.0311
0.67781 -0.735056 -0.0163193 119.959 0.733584 0.677607 -0.0520039 114.274 0.0492839 0.0232771 0.998514 11.0996
0.685495 -0.727877 -0.0170595 120.607 0.726425 0.685329 -0.0512976 114.971 0.0490297 0.0227719 0.998538 11.1599
0.692822 -0.720897 -0.0174794 121.257 0.719503 0.692693 -0.0499253 115.65 0.0480989 0.0220128 0.9986 11.2195
0.700436 -0.713516 -0.0168473 121.918 0.712257 0.700318 -0.0473698 116.338 0.0455976 0.0211799 0.998735 11.2748
0.707443 -0.706588 -0.0160638 122.556 0.705459 0.707332 -0.0448194 116.993 0.0430313 0.0203748 0.998866 11.332
0.715034 -0.698906 -0.0160281 123.207 0.697846 0.714941 -0.0432627 117.647 0.0416957 0.0197491 0.998935 11.3823
0.722426 -0.691254 -0.0163821 123.858 0.690235 0.722359 -0.0421165 118.261 0.040947 0.0191185 0.998978 11.4424
0.730352 -0.682846 -0.0175544 124.527 0.681916 0.73037 -0.039378 118.891 0.0397103 0.0167892 0.99907 11.4875
0.739128 -0.673365 -0.0164045 125.166 0.672557 0.739135 -0.0366979 119.496 0.0368362 0.0160915 0.999192 11.5329
0.748471 -0.662974 -0.0160339 125.834 0.662308 0.748513 -0.0328095 120.072 0.0337534 0.0139376 0.999333 11.5727
0.758451 -0.651523 -0.016465 126.479 0.650932 0.758529 -0.0303496 120.639 0.0322626 0.0123011 0.999404 11.6193
0.768237 -0.639905 -0.0182575 127.13 0.639307 0.768372 -0.0298564 121.21 0.0331337 0.0112646 0.999387 11.6569
0.778212 -0.627695 -0.019636 127.793 0.627067 0.778379 -0.0302026 121.746 0.0342422 0.0111909 0.999351 11.7051
0.788299 -0.614976 -0.0197344 128.458 0.614372 0.788468 -0.0294279 122.254 0.0336574 0.0110737 0.999372 11.7462
0.797764 -0.60266 -0.0193146 129.116 0.602102 0.797926 -0.028067 122.771 0.0323265 0.0107615 0.999419 11.7766
0.807936 -0.589009 -0.0175449 129.798 0.588537 0.808057 -0.025829 123.286 0.0293908 0.0105423 0.999512 11.8136
0.817614 -0.575552 -0.0157066 130.483 0.575139 0.817693 -0.0243766 123.77 0.0268732 0.0108971 0.999579 11.8497
0.826818 -0.562308 -0.0134741 131.194 0.561961 0.826853 -0.0226758 124.238 0.0238919 0.0111768 0.999652 11.881
0.834797 -0.550435 -0.0116112 131.898 0.550125 0.834792 -0.0220011 124.699 0.0218031 0.0119788 0.999691 11.9084
0.84223 -0.539031 -0.00971511 132.613 0.538748 0.842182 -0.0218913 125.153 0.019982 0.0132035 0.999713 11.9402
0.849015 -0.528286 -0.00931343 133.331 0.528011 0.848958 -0.0218035 125.613 0.0194252 0.0135939 0.999719 11.9725
0.855524 -0.517675 -0.0095962 134.037 0.517416 0.855481 -0.0208041 126.055 0.0189791 0.0128331 0.999738 11.994
0.862118 -0.506613 -0.00977426 134.77 0.506385 0.862098 -0.0190195 126.482 0.0180619 0.0114475 0.999771 12.0193
0.868533 -0.495534 -0.00984164 135.512 0.495327 0.868524 -0.0178191 126.925 0.0173777 0.0106017 0.999793 12.0334
0.874477 -0.48497 -0.00972119 136.265 0.484757 0.874459 -0.0182154 127.336 0.0173347 0.0112165 0.999787 12.0629
0.879567 -0.475672 -0.00995237 137.026 0.47544 0.879539 -0.0191604 127.738 0.0178675 0.012121 0.999767 12.088
0.884034 -0.467306 -0.0104192 137.802 0.467059 0.884007 -0.0197084 128.142 0.0184205 0.0125565 0.999751 12.1133
0.887486 -0.460727 -0.00993007 138.574 0.460501 0.887458 -0.0189081 128.562 0.017524 0.0122079 0.999772 12.1359
0.890725 -0.454484 -0.00734587 139.343 0.454316 0.890674 -0.0172254 128.984 0.0143714 0.0120057 0.999825 12.1599
0.894012 -0.448017 -0.00479383 140.146 0.447925 0.893972 -0.0133221 129.366 0.0102541 0.00976288 0.9999 12.1725
0.897007 -0.442006 -0.0031292 140.95 0.441954 0.896976 -0.0104864 129.781 0.00744188 0.00802345 0.99994 12.1867
0.900546 -0.434757 -0.00193866 141.785 0.434731 0.900527 -0.00772883 130.173 0.00510598 0.00611737 0.999968 12.2022
0.903702 -0.428162 -0.000284044 142.618 0.428153 0.903688 -0.00571478 130.598 0.00270354 0.00504284 0.999984 12.2066
0.906843 -0.421463 0.00208083 143.47 0.421468 0.906832 -0.00451752 131.001 1.70067e-05 0.00497368 0.999988 12.2188
0.910335 -0.413849 0.00441975 144.333 0.413866 0.910328 -0.00423968 131.392 -0.00226883 0.00568872 0.999981 12.23
0.913896 -0.40591 0.00556002 145.22 0.405935 0.913892 -0.00436142 131.782 -0.00331092 0.00624289 0.999975 12.2376
0.917561 -0.397553 0.00570198 146.127 0.397581 0.917553 -0.00507976 132.17 -0.0032124 0.00692799 0.999971 12.2222
0.921502 -0.388319 0.00657485 147.024 0.388361 0.921478 -0.00738183 132.554 -0.00319207 0.00935578 0.999951 12.2501
0.925502 -0.378696 0.0059598 147.943 0.378737 0.925462 -0.00883663 132.954 -0.00216917 0.0104355 0.999943 12.2441
0.930017 -0.367491 0.00436927 148.883 0.367516 0.929966 -0.00977056 133.326 -0.00047268 0.0106926 0.999943 12.259
0.935161 -0.354214 0.00268811 149.843 0.354224 0.935126 -0.00799381 133.691 0.000317794 0.00842769 0.999964 12.2598
0.941001 -0.338393 0.00270327 150.801 0.338403 0.940991 -0.00452284 134.056 -0.00101325 0.00517078 0.999986 12.2653
0.947474 -0.319803 0.0043691 151.817 0.319808 0.947482 -0.000516962 134.403 -0.00397431 0.00188708 0.99999 12.2595
0.954018 -0.299701 0.00532871 152.819 0.299691 0.954033 0.00260988 134.743 -0.00586595 -0.000892906 0.999982 12.2626
0.960385 -0.278612 0.00603821 153.867 0.278588 0.9604 0.00455298 135.058 -0.00706761 -0.00269045 0.999971 12.2749
0.96624 -0.257539 0.00734057 154.907 0.257497 0.966259 0.00620756 135.356 -0.00869158 -0.00410782 0.999954 12.2632
0.971682 -0.236072 0.0102573 155.978 0.236008 0.971726 0.00702387 135.629 -0.0116254 -0.00440415 0.999923 12.275
0.976784 -0.213796 0.0135839 157.064 0.213684 0.976859 0.00927637 135.866 -0.0152528 -0.00615835 0.999865 12.2546
0.981238 -0.191967 0.0179139 158.153 0.191786 0.981371 0.0113244 136.091 -0.0197541 -0.00767629 0.999775 12.2585
0.985381 -0.169037 0.0212109 159.281 0.168779 0.985562 0.0134311 136.276 -0.023175 -0.00965475 0.999685 12.2354
0.988928 -0.146821 0.0215797 160.402 0.146516 0.989093 0.0150792 136.485 -0.0235583 -0.0117505 0.999653 12.22
0.991963 -0.124898 0.020245 161.543 0.124606 0.992092 0.015085 136.639 -0.021969 -0.0124411 0.999681 12.2063
0.994426 -0.10359 0.0196626 162.712 0.103299 0.994533 0.0152794 136.764 -0.0211379 -0.0131631 0.99969 12.1838
0.996291 -0.0832301 0.0218346 163.9 0.0829358 0.996456 0.0140581 136.881 -0.0229272 -0.0121951 0.999663 12.175
0.997708 -0.063198 0.0241673 165.087 0.0628583 0.997916 0.0145644 136.958 -0.0250374 -0.0130119 0.999602 12.1511
0.998775 -0.0424122 0.0254932 166.298 0.0420385 0.999003 0.0150228 137.017 -0.0261049 -0.0139327 0.999562 12.1344
0.999405 -0.0219842 0.0265688 167.52 0.0215461 0.999629 0.0166633 137.072 -0.0269253 -0.0160809 0.999508 12.1091
0.999619 -0.00156799 0.0275426 168.745 0.00109689 0.999853 0.0171112 137.08 -0.0275654 -0.0170745 0.999474 12.0847
0.999432 0.0191884 0.0277027 169.992 -0.0197306 0.999616 0.0194326 137.079 -0.0273192 -0.0199682 0.999427 12.0562
0.998863 0.039201 0.027122 171.242 -0.0397655 0.998997 0.0205994 137.063 -0.0262873 -0.0216545 0.99942 12.0268
0.99793 0.0589178 0.0257897 172.499 -0.0594626 0.998012 0.0208925 136.988 -0.0245075 -0.0223827 0.999449 12.0124
0.996685 0.0777576 0.0239296 173.771 -0.078304 0.996668 0.0228131 136.921 -0.022076 -0.0246113 0.999453 11.9864
0.995044 0.0967906 0.0227742 175.054 -0.0973197 0.994978 0.0234007 136.811 -0.0203949 -0.0255011 0.999467 11.9645
0.993005 0.11628 0.020503 176.367 -0.116748 0.992887 0.0233427 136.668 -0.0176429 -0.0255731 0.999517 11.9556
0.990725 0.134947 0.0159192 177.675 -0.135314 0.990493 0.0247805 136.514 -0.0124238 -0.0267048 0.999566 11.9337
0.988126 0.153296 0.0103794 178.98 -0.153522 0.987791 0.0264388 136.324 -0.00619971 -0.0277183 0.999597 11.9461
0.985298 0.170736 0.00613587 180.278 -0.170843 0.984871 0.0290138 136.126 -0.00108934 -0.0296355 0.99956 11.9344
0.982077 0.188455 0.0031463 181.612 -0.188462 0.981595 0.0308764 135.895 0.00273042 -0.0309159 0.999518 11.9506
0.9785 0.206245 0.00134318 182.946 -0.206174 0.977949 0.0332854 135.625 0.00555137 -0.0328466 0.999445 11.9569
0.974681 0.22359 0.00187744 184.292 -0.22353 0.974143 0.0328675 135.345 0.00551996 -0.032455 0.999458 11.9752
0.970462 0.241246 0.00182468 185.62 -0.241181 0.969961 0.0317492 135.024 0.00588948 -0.0312514 0.999494 11.9862
0.965994 0.258554 -0.00230931 186.976 -0.258356 0.965535 0.0315264 134.672 0.010381 -0.0298577 0.9995 12.0272
0.961518 0.274682 -0.00577908 188.309 -0.274355 0.961066 0.0328853 134.329 0.0145871 -0.0300343 0.999442 12.0544
0.956524 0.291611 -0.00505574 189.658 -0.291265 0.955998 0.0351199 133.932 0.0150746 -0.0321204 0.99937 12.0673
0.951091 0.308888 -0.00389581 191.018 -0.308539 0.950486 0.037139 133.518 0.0151747 -0.0341205 0.999303 12.1058
0.945173 0.326527 -0.0053751 192.374 -0.326047 0.944461 0.0410807 133.077 0.0184905 -0.0370758 0.999141 12.1252
0.938756 0.344497 -0.00772186 193.729 -0.343895 0.938061 0.0421638 132.609 0.0217689 -0.0369259 0.999081 12.1733
0.932351 0.36142 -0.00984926 195.087 -0.360709 0.931689 0.0429569 132.106 0.0247019 -0.0364982 0.999028 12.206
0.925327 0.378917 -0.0138372 196.413 -0.378048 0.924781 0.0431155 131.591 0.0291336 -0.0346648 0.998974 12.2604
0.917153 0.398126 -0.0180463 197.771 -0.396989 0.916643 0.0465438 131.016 0.0350723 -0.0355236 0.998753 12.3281
0.907886 0.418761 -0.019554 199.095 -0.417429 0.907333 0.0499866 130.442 0.0386745 -0.0372197 0.998558 12.3853
0.896369 0.442917 -0.0186497 200.44 -0.44149 0.895708 0.0528568 129.829 0.0401158 -0.0391455 0.998428 12.4408
0.88385 0.467433 -0.0177639 201.763 -0.465841 0.883015 0.0572467 129.177 0.0424448 -0.0423223 0.998202 12.5157
0.870093 0.492574 -0.0175628 203.07 -0.490767 0.869102 0.0617246 128.478 0.0456678 -0.0450869 0.997939 12.5923
0.85551 0.517492 -0.0174809 204.382 -0.51549 0.854405 0.0652817 127.748 0.0487185 -0.0468379 0.997714 12.6754
0.840939 0.540847 -0.0175049 205.652 -0.538727 0.839811 0.0670096 126.976 0.0509428 -0.0469206 0.997599 12.7591
0.825433 0.564222 -0.0177424 206.903 -0.562002 0.824327 0.0680998 126.162 0.0530489 -0.0462406 0.997521 12.8475
0.809707 0.58648 -0.0203797 208.127 -0.583996 0.808717 0.0701772 125.319 0.0576389 -0.0449213 0.997326 12.9464
0.793554 0.608051 -0.0233639 209.335 -0.605253 0.792699 0.0727849 124.427 0.0627775 -0.0436177 0.997074 13.0523
0.776934 0.62908 -0.0251438 210.547 -0.626073 0.776198 0.074497 123.502 0.0663812 -0.0421374 0.996904 13.1587
0.761324 0.647835 -0.0263614 211.712 -0.644656 0.760682 0.0760285 122.555 0.0693065 -0.0408883 0.996757 13.2724
0.745473 0.665995 -0.0268511 212.86 -0.662738 0.744918 0.0766549 121.573 0.0710536 -0.0393489 0.996696 13.3893
0.729957 0.682947 -0.0273186 213.994 -0.679633 0.729497 0.0770219 120.561 0.0725307 -0.037656 0.996655 13.5087
0.715243 0.69827 -0.029101 215.101 -0.694838 0.714963 0.0776382 119.517 0.0750186 -0.0353097 0.996557 13.6342
0.699825 0.713618 -0.0315396 216.189 -0.709997 0.699764 0.0789512 118.46 0.0784113 -0.032859 0.996379 13.7634
0.685272 0.727488 -0.0341104 217.252 -0.723608 0.685422 0.0811701 117.367 0.0824303 -0.030941 0.996116 13.9064
0.670289 0.741266 -0.0351825 218.296 -0.737165 0.670541 0.0834395 116.249 0.0854422 -0.0299932 0.995892 14.0308
0.654207 0.755519 -0.0346892 219.343 -0.751401 0.654493 0.0838822 115.125 0.0860784 -0.0288109 0.995872 14.1861
0.63867 0.768797 -0.0324201 220.337 -0.764636 0.638806 0.0851935 113.969 0.0862067 -0.029621 0.995837 14.3314
0.621746 0.78272 -0.0279386 221.321 -0.778614 0.62156 0.086159 112.792 0.084804 -0.0318156 0.99589 14.4822
0.604003 0.796654 -0.02286 222.266 -0.792619 0.603446 0.0872195 111.596 0.0832786 -0.0345616 0.995927 14.6223
0.586489 0.809739 -0.0188062 223.198 -0.805709 0.585631 0.0887063 110.407 0.0828424 -0.036873 0.99588 14.7737
0.568671 0.822398 -0.016598 224.064 -0.818178 0.567604 0.0917085 109.2 0.084842 -0.0385719 0.995648 14.9265
0.550855 0.834486 -0.0138605 224.92 -0.830057 0.549511 0.0950961 107.991 0.0869729 -0.0408792 0.995372 15.0712
0.532011 0.846669 -0.0107654 225.713 -0.842315 0.530488 0.0953322 106.778 0.0864258 -0.04165 0.995387 15.2255
0.511359 0.859337 -0.00721767 226.493 -0.855198 0.509687 0.0941016 105.543 0.0845437 -0.0419472 0.995536 15.3724
0.490925 0.871196 -0.00334717 227.213 -0.867331 0.489102 0.0922827 104.314 0.0820334 -0.0424007 0.995727 15.514
0.46943 0.88297 0.000467652 227.926 -0.879354 0.467459 0.0906524 103.073 0.0798247 -0.0429661 0.995882 15.6563
0.447769 0.894147 0.00214837 228.586 -0.890642 0.445799 0.0895514 101.817 0.0791144 -0.0420118 0.99598 15.7929
0.426856 0.904309 0.00440639 229.213 -0.900899 0.424814 0.0889599 100.573 0.0785754 -0.0419428 0.996025 15.9295
0.405945 0.913888 0.00420592 229.804 -0.910476 0.404023 0.0883119 99.3063 0.0790079 -0.0396792 0.996084 16.0601
0.384965 0.922924 0.00363859 230.349 -0.919446 0.383166 0.0883362 98.0497 0.0801334 -0.0373518 0.996084 16.1956
0.363999 0.931395 0.00274643 230.876 -0.927908 0.362378 0.0875695 96.7789 0.0805666 -0.0344237 0.996155 16.3328
0.342704 0.939439 0.00299674 231.363 -0.936068 0.341201 0.0857783 95.5121 0.079561 -0.0322018 0.99631 16.4643
0.322615 0.946525 0.00309438 231.824 -0.943139 0.321181 0.0856232 94.2559 0.0800506 -0.0305418 0.996323 16.5951
0.302864 0.953024 0.00429266 232.245 -0.949285 0.30127 0.0899672 93.0187 0.0844476 -0.0313228 0.995935 16.7247
0.283336 0.959004 0.00560871 232.64 -0.954523 0.281437 0.0983823 91.7883 0.0927706 -0.0332289 0.995133 16.8549
0.264406 0.964381 0.00767103 233.008 -0.9592 0.262143 0.105911 90.5476 0.100127 -0.0353615 0.994346 16.9956
0.245506 0.969325 0.0116148 233.329 -0.963797 0.242785 0.110234 89.3192 0.104032 -0.0382574 0.993838 17.1421
0.225847 0.974037 0.0156647 233.64 -0.968517 0.22278 0.1111 88.0987 0.104726 -0.0402631 0.993686 17.293
0.206326 0.97825 0.0213504 233.938 -0.972852 0.202752 0.111584 86.8698 0.104828 -0.0437934 0.993526 17.4383
0.187206 0.981995 0.0252826 234.201 -0.976735 0.183339 0.111243 85.6482 0.104605 -0.0455197 0.993472 17.5937
0.168644 0.985279 0.0280151 234.424 -0.980191 0.164643 0.110084 84.4364 0.103851 -0.0460251 0.993527 17.7389
0.150025 0.988242 0.0295053 234.64 -0.983172 0.145976 0.109837 83.2249 0.104239 -0.0454872 0.993512 17.8785
0.131584 0.990802 0.031561 234.817 -0.985687 0.127388 0.11042 82.0175 0.105384 -0.0456388 0.993384 18.0323
0.112918 0.992951 0.0360321 234.992 -0.987648 0.108203 0.113327 80.8212 0.108629 -0.0483837 0.992904 18.168
0.0947083 0.994774 0.0381355 235.113 -0.989446 0.0898427 0.113688 79.6452 0.109668 -0.0485002 0.992784 18.3261
0.0775346 0.996177 0.040243 235.236 -0.991088 0.0726274 0.111668 78.4677 0.108319 -0.0485425 0.99293 18.4598
0.0616798 0.997281 0.040332 235.325 -0.992562 0.0570383 0.107552 77.274 0.104959 -0.0466658 0.993381 18.6136
0.0469876 0.998044 0.0412444 235.392 -0.993745 0.0425181 0.103258 76.1096 0.101303 -0.0458383 0.993799 18.7497
0.0350572 0.99857 0.0403619 235.434 -0.994482 0.0308609 0.100266 74.9611 0.0988774 -0.0436542 0.994142 18.8821
0.0243969 0.998859 0.0410565 235.465 -0.994765 0.0201794 0.100174 73.8272 0.0992312 -0.0432855 0.994122 19.0111
0.015873 0.998977 0.042337 235.52 -0.994756 0.0114989 0.101627 72.7179 0.101037 -0.0437281 0.993921 19.1463
0.00941658 0.998976 0.0442574 235.53 -0.994593 0.00477915 0.103743 71.6158 0.103425 -0.044995 0.993619 19.2716
0.00379323 0.998991 0.0447547 235.553 -0.994093 -0.00108722 0.108524 70.5178 0.108463 -0.044902 0.993086 19.3912
-0.00134164 0.998951 0.0457651 235.553 -0.993347 -0.00660139 0.114973 69.446 0.115155 -0.0453063 0.992314 19.5528
-0.00533008 0.998865 0.0473228 235.549 -0.993061 -0.0108467 0.117097 68.3885 0.117477 -0.0463703 0.991992 19.687
-0.00969231 0.99887 0.0465311 235.561 -0.993766 -0.0147903 0.1105 67.3159 0.111063 -0.04517 0.992786 19.8081
-0.0122293 0.998878 0.0457408 235.545 -0.994673 -0.0168347 0.101697 66.2407 0.102353 -0.0442534 0.993763 19.935
-0.0139312 0.998869 0.0454552 235.537 -0.995032 -0.0183304 0.0978492 65.182 0.0985717 -0.0438662 0.994163 20.0601
-0.0141378 0.998842 0.0459796 235.536 -0.994897 -0.0186464 0.0991563 64.1386 0.0998989 -0.0443431 0.994009 20.1798
-0.0128125 0.998852 0.0461544 235.521 -0.994614 -0.017479 0.102166 63.1175 0.102855 -0.0445968 0.993696 20.2982
-0.0110092 0.998812 0.0474613 235.512 -0.994419 -0.0159166 0.104295 62.0939 0.104927 -0.0460482 0.993413 20.4187
-0.00865251 0.998766 0.0489059 235.52 -0.994318 -0.0137824 0.105551 61.0925 0.106095 -0.0477147 0.993211 20.5291
-0.00517574 0.998715 0.0504097 235.528 -0.99426 -0.0105267 0.106471 60.0845 0.106865 -0.0495692 0.993037 20.6568
-0.00142793 0.998638 0.0521465 235.528 -0.99413 -0.00705912 0.107964 59.0777 0.108185 -0.0516862 0.992786 20.7738
0.00395978 0.99854 0.0538703 235.526 -0.994047 -0.00193479 0.108931 58.0726 0.108877 -0.053981 0.992588 20.8936
0.0101526 0.998521 0.0534125 235.559 -0.994067 0.00429383 0.10868 57.0781 0.10829 -0.054199 0.992641 21.0027
0.0163387 0.998524 0.0518039 235.572 -0.99418 0.0107063 0.107195 56.0879 0.106482 -0.0532538 0.992888 21.1255
0.02347 0.998502 0.0494316 235.592 -0.994114 0.0180784 0.106824 55.0928 0.10577 -0.0516478 0.993048 21.2538
0.0304344 0.998365 0.0483795 235.636 -0.993894 0.0250913 0.107449 54.1219 0.106059 -0.0513542 0.993033 21.3644
0.0376945 0.998146 0.0477927 235.659 -0.993676 0.0323775 0.107519 53.1402 0.105772 -0.0515433 0.993054 21.4837
0.0444277 0.997835 0.048494 235.716 -0.993533 0.0390545 0.10662 52.152 0.104495 -0.0529173 0.993117 21.5945
0.0508022 0.997562 0.047836 235.776 -0.99347 0.0455784 0.10459 51.1802 0.102154 -0.0528371 0.993364 21.698
0.0580918 0.997193 0.0472389 235.842 -0.993275 0.0529868 0.102946 50.2179 0.100154 -0.0529016 0.993565 21.8173
0.0650197 0.996782 0.0468883 235.906 -0.992803 0.0598817 0.103708 49.2419 0.100567 -0.053294 0.993502 21.9258
0.0714874 0.99638 0.0460075 235.985 -0.992163 0.0662942 0.105916 48.2711 0.102482 -0.0532186 0.99331 22.04
0.0787588 0.995857 0.0454452 236.054 -0.991465 0.0734973 0.107684 47.3171 0.103898 -0.0535384 0.993146 22.1432
0.0856435 0.995253 0.0462331 236.151 -0.990776 0.0801836 0.109242 46.3634 0.105017 -0.0551625 0.992939 22.2555
0.0918339 0.994646 0.0473905 236.246 -0.990171 0.0861721 0.11016 45.4128 0.105487 -0.0570412 0.992783 22.3574
0.098647 0.993973 0.0478147 236.346 -0.989587 0.0929239 0.109922 44.4551 0.104817 -0.0581603 0.992789 22.4728
0.105049 0.993308 0.0479924 236.448 -0.989193 0.0994064 0.107773 43.499 0.102281 -0.0587952 0.993016 22.5754
0.111639 0.992656 0.0465886 236.563 -0.988699 0.10623 0.105776 42.5603 0.10005 -0.0578708 0.993298 22.6844
0.118243 0.991895 0.0465104 236.674 -0.988014 0.112841 0.10533 41.6152 0.0992279 -0.0584075 0.993349 22.7934
0.125235 0.99108 0.0455795 236.796 -0.987076 0.119836 0.106395 40.6876 0.0999839 -0.0583148 0.993279 22.8965
0.132096 0.990287 0.0433834 236.937 -0.986107 0.126839 0.107264 39.7296 0.10072 -0.0569499 0.993284 22.9943
0.140929 0.989166 0.041103 237.059 -0.984746 0.135778 0.108809 38.7928 0.102049 -0.0558103 0.993213 23.1096
0.149945 0.987883 0.040048 237.205 -0.983246 0.144749 0.110794 37.8712 0.103654 -0.05599 0.993036 23.2199
0.159914 0.986337 0.0395858 237.357 -0.98157 0.154634 0.112289 36.9428 0.104633 -0.0568127 0.992887 23.3248
0.167439 0.985051 0.040476 237.533 -0.980441 0.162067 0.111669 36.0277 0.10344 -0.0583821 0.992921 23.4273
0.173075 0.984033 0.0415306 237.706 -0.979673 0.16766 0.110142 35.1029 0.101421 -0.0597493 0.993048 23.5316
0.17725 0.983216 0.0432372 237.879 -0.978939 0.171616 0.110574 34.1674 0.101298 -0.0619258 0.992927 23.6383
0.179472 0.982818 0.043117 238.057 -0.978362 0.173729 0.112366 33.2288 0.102945 -0.0623507 0.992731 23.7408
0.182655 0.982277 0.0420701 238.242 -0.97766 0.176937 0.11347 32.3 0.104015 -0.061856 0.99265 23.8457
0.185461 0.9818 0.0409115 238.422 -0.97714 0.179858 0.113353 31.3607 0.103931 -0.0609988 0.992712 23.9467
0.188402 0.981319 0.0389563 238.605 -0.976632 0.18303 0.112649 30.4082 0.103415 -0.0592694 0.992871 24.0625
0.191475 0.980771 0.0377635 238.806 -0.975927 0.186153 0.113639 29.4672 0.104424 -0.0586135 0.992804 24.1648
0.194936 0.980114 0.0371137 238.986 -0.97521 0.189643 0.114019 28.5323 0.104713 -0.05842 0.992785 24.2744
