1 0 0 0 0 1 0 0 -0 0 1 0
0.999888 0.0149886 -0.000105232 0.0231043 -0.0149885 0.999887 0.000843441 0.0660169 0.000117862 -0.000841769 1 0.0292629
0.999254 0.0386205 0.00025911 0.307006 -0.0386213 0.999241 0.00510835 -0.0519117 -6.16266e-05 -0.00511455 0.999987 0.0108719
0.997924 0.0643747 0.00179087 0.420461 -0.0643847 0.997906 0.00622914 -0.0204502 -0.00138612 -0.00633152 0.999979 0.0134945
0.995306 0.096692 0.00403735 0.571895 -0.0967146 0.995295 0.00583807 -0.0685091 -0.00345386 -0.00620113 0.999975 0.0128148
0.990805 0.135144 0.00644492 0.808892 -0.135165 0.990819 0.00285671 -0.141317 -0.00599968 -0.00370157 0.999975 0.00424136
0.984606 0.174638 0.00718125 0.971886 -0.174643 0.984632 -1.21093e-05 -0.176638 -0.007073 -0.00124223 0.999974 0.0222389
0.975875 0.218163 0.00850453 1.21154 -0.21817 0.975911 -0.000108002 -0.2625 -0.00832323 -0.00175004 0.999964 0.0164296
0.964023 0.265536 0.0122388 1.40586 -0.265557 0.964095 7.22424e-05 -0.329651 -0.0117802 -0.00331973 0.999925 0.00422546
0.949671 0.312701 0.0185036 1.66079 -0.312688 0.949849 -0.00365141 -0.467006 -0.0187175 -0.00231823 0.999822 -0.011698
0.932522 0.360309 0.024075 1.85868 -0.360086 0.932826 -0.0131946 -0.562733 -0.0272119 0.0036352 0.999623 0.00973032
0.911295 0.410861 0.027105 2.09966 -0.410475 0.911678 -0.018804 -0.709236 -0.0324369 0.0060101 0.999456 0.0129764
0.886228 0.462242 0.0305247 2.34606 -0.461802 0.886744 -0.0206033 -0.892896 -0.0365913 0.00416282 0.999322 0.00731629
0.857737 0.512923 0.0346013 2.57445 -0.512433 0.858433 -0.0224622 -1.04105 -0.0412242 0.00153581 0.999149 -0.0185073
0.825602 0.563056 0.0367286 2.82088 -0.562378 0.826415 -0.0277317 -1.2763 -0.0459676 0.00224003 0.99894 -0.0215939
0.789842 0.6122 0.0368934 3.02969 -0.611299 0.790694 -0.0334148 -1.46604 -0.049628 0.00383952 0.99876 -0.0252794
0.752095 0.65804 0.0365656 3.25239 -0.656962 0.75297 -0.0379202 -1.72667 -0.0524858 0.00449734 0.998612 -0.0397394
0.712096 0.701216 0.0348729 3.49839 -0.700019 0.712932 -0.0412435 -2.02148 -0.0537826 0.00495769 0.99854 -0.0513679
0.670461 0.741144 0.0344719 3.70594 -0.739891 0.671338 -0.0432068 -2.28269 -0.0551648 0.00346298 0.998471 -0.067979
0.62776 0.777527 0.0370183 3.94961 -0.7763 0.628849 -0.043685 -2.63076 -0.0572451 -0.00131359 0.998359 -0.0983355
0.585724 0.809604 0.0383233 4.15779 -0.80839 0.586956 -0.0445921 -2.95962 -0.0585961 -0.00486151 0.99827 -0.117035
0.545615 0.837145 0.0386457 4.37257 -0.835919 0.546933 -0.0458633 -3.32604 -0.0595308 -0.00728104 0.9982 -0.143054
0.506646 0.861281 0.0387773 4.5985 -0.859949 0.508054 -0.0486693 -3.73676 -0.0616189 -0.00868838 0.998062 -0.158219
0.469184 0.882207 0.0397174 4.80346 -0.880949 0.470705 -0.0486329 -4.14232 -0.0615995 -0.0121712 0.998027 -0.186425
0.432986 0.900588 0.0382723 5.00575 -0.899404 0.434462 -0.0481077 -4.58938 -0.059953 -0.0135923 0.998109 -0.218578
0.399452 0.916099 0.0346505 5.19356 -0.914983 0.400743 -0.0470188 -5.0941 -0.0569599 -0.0129229 0.998293 -0.239302
0.369878 0.928589 0.0301994 5.39405 -0.927542 0.37094 -0.0454955 -5.58836 -0.0534488 -0.0111834 0.998508 -0.268414
0.344412 0.938421 0.0273142 5.58001 -0.937461 0.345333 -0.0437291 -6.1395 -0.0504688 -0.0105451 0.99867 -0.298742
0.324068 0.945706 0.0248946 5.77356 -0.944765 0.324884 -0.0432441 -6.7051 -0.0489841 -0.00950552 0.998754 -0.327781
0.309111 0.950737 0.0234497 5.95337 -0.949767 0.309877 -0.0438081 -7.29475 -0.0489165 -0.00873019 0.998765 -0.360051
0.297534 0.954447 0.0224652 6.13597 -0.953395 0.298277 -0.0454811 -7.91838 -0.0501101 -0.00788609 0.998713 -0.383048
0.286845 0.957688 0.023538 6.34082 -0.956555 0.287671 -0.047405 -8.54036 -0.0521704 -0.00891749 0.998598 -0.419168
0.276188 0.960772 0.0252637 6.52619 -0.959573 0.277136 -0.0491506 -9.21174 -0.054224 -0.0106676 0.998472 -0.454583
0.265476 0.963768 0.0259649 6.71615 -0.962491 0.266495 -0.0509024 -9.91253 -0.0559776 -0.0114776 0.998366 -0.490131
0.255644 0.966394 0.0270146 6.89958 -0.965017 0.256763 -0.0530576 -10.6128 -0.0582109 -0.0125057 0.998226 -0.523534
0.24557 0.968996 0.0272463 7.08579 -0.967532 0.24674 -0.0547825 -11.3443 -0.0598068 -0.0129088 0.998127 -0.56157
0.234271 0.971779 0.0276269 7.26151 -0.970253 0.235499 -0.0561214 -12.1005 -0.0610436 -0.0136574 0.998042 -0.598403
0.224356 0.974083 0.0287603 7.45447 -0.9724 0.225713 -0.0590958 -12.8608 -0.0640558 -0.014708 0.997838 -0.640733
0.212763 0.976614 0.0309231 7.62176 -0.974749 0.21434 -0.0626309 -13.6371 -0.0677943 -0.0168167 0.997558 -0.689413
0.200078 0.979291 0.0309511 7.79737 -0.977172 0.20175 -0.0665759 -14.437 -0.0714415 -0.0169241 0.997301 -0.732238
0.187673 0.981716 0.0318158 7.94082 -0.979446 0.18948 -0.0691539 -15.2147 -0.0739179 -0.0181836 0.997099 -0.779254
0.172687 0.98447 0.0315836 8.07847 -0.982167 0.174526 -0.069917 -16.0111 -0.0743434 -0.0189466 0.997053 -0.820023
0.159339 0.986705 0.0319974 8.22354 -0.984485 0.161226 -0.0692432 -16.8159 -0.0734814 -0.0204678 0.997087 -0.870006
0.142429 0.989297 0.0317218 8.3385 -0.987166 0.144315 -0.0683803 -17.6176 -0.0722264 -0.0215753 0.997155 -0.915769
0.121653 0.992027 0.0329034 8.44769 -0.99006 0.123635 -0.0670415 -18.4489 -0.070575 -0.0244205 0.997208 -0.959538
0.0965993 0.994688 0.0355675 8.5348 -0.992923 0.0987849 -0.0659136 -19.2601 -0.069077 -0.0289486 0.997191 -1.00896
0.0660897 0.997102 0.0376712 8.59692 -0.995484 0.0684668 -0.065758 -20.0779 -0.0681467 -0.0331551 0.997124 -1.05572
0.032832 0.998704 0.0388844 8.61204 -0.997212 0.0353417 -0.0657184 -20.9364 -0.0670075 -0.0366183 0.99708 -1.10294
-0.00164065 0.999268 0.0382122 8.61551 -0.997861 0.000860987 -0.0653588 -21.7714 -0.0653438 -0.0382377 0.99713 -1.14544
-0.0352177 0.998675 0.0375125 8.59912 -0.997375 -0.0327459 -0.0645852 -22.6259 -0.0632712 -0.0396886 0.997207 -1.18304
-0.0680316 0.996953 0.0381514 8.5554 -0.995861 -0.0655479 -0.062956 -23.4476 -0.0602634 -0.0422765 0.997287 -1.22214
-0.10046 0.994182 0.0388529 8.47199 -0.993366 -0.0980283 -0.0601163 -24.284 -0.0559579 -0.0446344 0.997435 -1.26783
-0.132294 0.990588 0.0351289 8.36313 -0.989903 -0.130217 -0.0559904 -25.1304 -0.0508891 -0.0421814 0.997813 -1.29864
-0.163742 0.986045 0.0300768 8.20662 -0.985462 -0.162093 -0.0508926 -25.9718 -0.0453071 -0.0379729 0.998251 -1.32474
-0.194147 0.980671 0.0243335 8.03667 -0.980179 -0.192933 -0.0450044 -26.7908 -0.0394398 -0.0325887 0.99869 -1.34857
-0.222727 0.974715 0.0179995 7.85739 -0.974264 -0.221892 -0.039672 -27.6105 -0.034675 -0.0263723 0.999051 -1.36787
-0.250322 0.968111 0.00997577 7.6194 -0.967704 -0.249873 -0.0333487 -28.4206 -0.0297926 -0.0180015 0.999394 -1.39423
-0.275864 0.96118 0.00565421 7.38365 -0.960968 -0.275666 -0.0234262 -29.268 -0.0209581 -0.011896 0.99971 -1.40031
-0.301221 0.953537 0.00583778 7.12088 -0.953532 -0.301166 -0.00877174 -30.0372 -0.00660604 -0.00820874 0.999944 -1.39667
-0.326225 0.945229 0.0109468 6.85066 -0.945227 -0.326317 0.00798204 -30.8175 0.011117 -0.00774331 0.999908 -1.38315
-0.351555 0.935998 0.0177982 6.57277 -0.935773 -0.351895 0.0223225 -31.5954 0.0271569 -0.00880752 0.999592 -1.36519
-0.375675 0.926559 0.0188615 6.25917 -0.925991 -0.376114 0.0328649 -32.3642 0.0375453 -0.00511902 0.999282 -1.33495
-0.399502 0.916563 0.0175885 5.92617 -0.915798 -0.399888 0.0374712 -33.1298 0.0413781 -0.00113774 0.999143 -1.29448
-0.421967 0.906471 0.0159662 5.5768 -0.905741 -0.422268 0.0363634 -33.8622 0.0397043 0.000882858 0.999211 -1.24954
-0.442322 0.896792 0.0107609 5.19391 -0.8962 -0.442426 0.0329329 -34.6165 0.0342948 0.00492303 0.9994 -1.21179
-0.460926 0.887435 0.00263667 4.80059 -0.886961 -0.460773 0.0314234 -35.3614 0.0291011 0.0121452 0.999503 -1.17808
-0.474822 0.880082 -0.000578224 4.4113 -0.879641 -0.474564 0.0319495 -36.0649 0.0278438 0.015679 0.999489 -1.1342
-0.486238 0.873826 -0.00137207 4.01233 -0.87331 -0.485895 0.0351547 -36.764 0.0300524 0.0182918 0.999381 -1.0867
-0.496324 0.868137 -0.00120209 3.62768 -0.867542 -0.495931 0.0377331 -37.4602 0.0321613 0.0197707 0.999287 -1.04796
-0.506396 0.86228 0.00604614 3.23119 -0.861597 -0.506253 0.0368676 -38.1604 0.0348511 0.0134603 0.999302 -0.997843
-0.517542 0.855627 0.00734716 2.81645 -0.854975 -0.517452 0.0355213 -38.863 0.0341947 0.0121021 0.999342 -0.981331
-0.526169 0.850359 0.00590204 2.39423 -0.849684 -0.526007 0.0367923 -39.5367 0.0343912 0.0143441 0.999306 -0.940265
-0.533782 0.845613 0.00402024 1.96458 -0.844868 -0.533501 0.0396854 -40.2105 0.0357033 0.0177868 0.999204 -0.897013
-0.537701 0.843119 0.00526592 1.52112 -0.842239 -0.537407 0.0427433 -40.9028 0.0388676 0.018548 0.999072 -0.863964
-0.536888 0.843624 0.00710458 1.06855 -0.842643 -0.536638 0.0444097 -41.6196 0.0412776 0.0178564 0.998988 -0.823772
-0.533721 0.845649 0.00433214 0.595867 -0.844686 -0.533346 0.0452483 -42.3395 0.0405748 0.0204907 0.998966 -0.785452
-0.528116 0.849154 0.00547177 0.150643 -0.848214 -0.527815 0.0440875 -43.0898 0.0403252 0.0186421 0.999013 -0.7401
-0.520927 0.853575 0.00667123 -0.308018 -0.852663 -0.520705 0.0427983 -43.8463 0.0400053 0.0166065 0.999061 -0.703766
-0.513646 0.857964 0.00807923 -0.769946 -0.85705 -0.513497 0.0422717 -44.6138 0.0404163 0.0147884 0.999073 -0.659958
-0.507248 0.861741 0.010127 -1.22543 -0.860856 -0.507207 0.0408427 -45.4169 0.0403323 0.0119995 0.999114 -0.613458
-0.502218 0.864636 0.013516 -1.7025 -0.863795 -0.502338 0.0389091 -46.2382 0.0404318 0.00786575 0.999151 -0.569802
-0.501001 0.865276 0.0172039 -2.15311 -0.864536 -0.501286 0.0359016 -47.0684 0.0396889 0.00311338 0.999207 -0.532583
-0.501224 0.865112 0.0188388 -2.64403 -0.864468 -0.501578 0.0333954 -47.904 0.0383399 0.000453026 0.999265 -0.488033
-0.502223 0.864508 0.0199674 -3.1223 -0.863916 -0.502619 0.0320092 -48.7714 0.0377082 -0.00117443 0.999288 -0.442895
-0.502649 0.864275 0.0192951 -3.6315 -0.863701 -0.503018 0.0315236 -49.6403 0.0369509 -0.000819851 0.999317 -0.401556
-0.502659 0.864269 0.0192944 -4.13478 -0.863718 -0.503028 0.0308965 -50.5064 0.0364086 -0.00113453 0.999336 -0.356591
-0.502677 0.864275 0.0185292 -4.64194 -0.863745 -0.503018 0.0302972 -51.3905 0.0355057 -0.000774746 0.999369 -0.310474
-0.50317 0.863985 0.0187055 -5.16017 -0.863469 -0.503517 0.0298664 -52.2876 0.0352227 -0.00112376 0.999379 -0.259893
-0.502974 0.864073 0.01987 -5.68142 -0.863609 -0.503359 0.0284424 -53.1903 0.0345781 -0.00285414 0.999398 -0.216525
-0.503162 0.863957 0.0201649 -6.20837 -0.863519 -0.503554 0.0277251 -54.0763 0.0341074 -0.00346256 0.999412 -0.163238
-0.502542 0.864298 0.0209885 -6.71514 -0.8639 -0.502958 0.0266637 -54.9654 0.0336017 -0.00473234 0.999424 -0.114978
-0.501184 0.865094 0.0206613 -7.22526 -0.864737 -0.501584 0.0253608 -55.865 0.0323029 -0.00515617 0.999465 -0.0661885
-0.499189 0.866289 0.018832 -7.74681 -0.865983 -0.499523 0.0234567 -56.7669 0.0297273 -0.00459883 0.999547 -0.0144798
-0.496944 0.86761 0.0173156 -8.23592 -0.867336 -0.49723 0.0221553 -57.6479 0.027832 -0.00400843 0.999605 0.032583
-0.494189 0.869182 0.0173266 -8.76313 -0.868927 -0.494473 0.0215077 -58.5534 0.0272616 -0.00442667 0.999619 0.0839362
-0.492305 0.870263 0.0167019 -9.2629 -0.869994 -0.492574 0.021926 -59.4432 0.0273083 -0.00373623 0.99962 0.126732
-0.491015 0.870984 0.0170504 -9.76558 -0.870708 -0.491296 0.0222675 -60.333 0.0277714 -0.00391218 0.999607 0.172606
-0.492013 0.870386 0.0187605 -10.2581 -0.870078 -0.492348 0.0236103 -61.2128 0.0297868 -0.00470649 0.999545 0.21906
-0.494332 0.869014 0.0212183 -10.7431 -0.868668 -0.494751 0.025246 -62.1013 0.0324369 -0.00595178 0.999456 0.26579
-0.498709 0.866462 0.0230971 -11.2477 -0.866112 -0.499191 0.0256517 -62.981 0.0337561 -0.00721196 0.999404 0.31659
-0.504221 0.863286 0.0223236 -11.7429 -0.862972 -0.504667 0.0243217 -63.8525 0.0322626 -0.00700109 0.999455 0.352163
-0.509876 0.860064 0.0177833 -12.2499 -0.859791 -0.51017 0.02205 -64.7182 0.0280369 -0.00404714 0.999599 0.412661
-0.515414 0.856712 0.0198317 -12.7568 -0.856506 -0.515752 0.0199263 -65.584 0.0272993 -0.00671569 0.999605 0.451267
-0.520127 0.85385 0.0202125 -13.2836 -0.853582 -0.520488 0.022147 -66.4062 0.0294305 -0.00573374 0.99955 0.49896
-0.525329 0.850631 0.02138 -13.7871 -0.850302 -0.525736 0.0242485 -67.2417 0.0318667 -0.00544099 0.999477 0.543656
-0.53 0.847677 0.0232951 -14.3127 -0.847348 -0.53047 0.0245665 -68.0853 0.0331818 -0.0067188 0.999427 0.586137
-0.533794 0.845245 0.0249985 -14.8117 -0.844914 -0.534322 0.0249162 -68.9161 0.0344176 -0.00782146 0.999377 0.635947
-0.537194 0.843102 0.0245213 -15.3391 -0.842801 -0.537696 0.023857 -69.7312 0.0332989 -0.00785071 0.999415 0.684978
-0.539899 0.841532 0.018229 -15.8707 -0.841369 -0.540175 0.0175939 -70.5724 0.0246527 -0.00583839 0.999679 0.728941
-0.541749 0.840451 0.0122836 -16.405 -0.840411 -0.541864 0.00963501 -71.3825 0.0147538 -0.00510354 0.999878 0.764012
-0.543763 0.839177 0.0102133 -16.9289 -0.839165 -0.543836 0.00663869 -72.2046 0.0111254 -0.0049608 0.999926 0.792951
-0.544916 0.838376 0.0138608 -17.4315 -0.838313 -0.545066 0.0115561 -72.9887 0.0172434 -0.00532254 0.999837 0.833461
-0.545931 0.837665 0.0166101 -17.9538 -0.837517 -0.546162 0.0164993 -73.7898 0.0228927 -0.0049038 0.999726 0.869396
-0.546819 0.837157 0.0125184 -18.4858 -0.836875 -0.54696 0.0217991 -74.5846 0.0250963 0.00144378 0.999684 0.898407
-0.546408 0.837469 0.00913177 -19.0123 -0.837173 -0.546463 0.0227932 -75.3923 0.0240788 0.00480951 0.999698 0.939153
-0.546075 0.837699 0.0078329 -19.5248 -0.837473 -0.546114 0.0199662 -76.1724 0.0210034 0.00434323 0.99977 0.97892
-0.545547 0.838054 0.00667886 -20.0515 -0.83792 -0.545581 0.0152002 -76.9842 0.0163824 0.00269604 0.999862 0.998616
-0.544624 0.838665 0.00512233 -20.5593 -0.838618 -0.544647 0.00893713 -77.7816 0.0102851 0.0005717 0.999947 1.03425
-0.544183 0.838892 0.0111784 -21.0684 -0.838928 -0.544238 0.00232041 -78.5892 0.00803029 -0.00811517 0.999935 1.06147
-0.542314 0.839985 0.0179378 -21.5611 -0.840143 -0.542358 -0.00269502 -79.3704 0.00746491 -0.0165318 0.999835 1.07989
-0.540892 0.84097 0.0143103 -22.0655 -0.84107 -0.540923 -0.00198419 -80.166 0.00607213 -0.0131092 0.999896 1.0991
-0.537754 0.843041 0.0101395 -22.5911 -0.843079 -0.537789 0.000932343 -80.9744 0.00623891 -0.00804702 0.999948 1.12393
-0.532473 0.846375 0.0110327 -23.0686 -0.846395 -0.53254 0.00416499 -81.7723 0.00940049 -0.00712026 0.99993 1.14876
-0.524699 0.851264 0.0063625 -23.5633 -0.851243 -0.524734 0.0063513 -82.5522 0.00874525 -0.00208351 0.99996 1.16621
-0.516468 0.856306 -0.000684744 -24.0688 -0.856277 -0.516443 0.00875781 -83.3391 0.00714574 0.00510946 0.999961 1.19694
-0.507063 0.861909 -6.96145e-05 -24.5294 -0.86187 -0.507039 0.00951035 -84.1386 0.00816176 0.00488234 0.999955 1.21391
-0.495617 0.868536 0.0029495 -25.0028 -0.868512 -0.495625 0.00655909 -84.9711 0.00715865 0.000689116 0.999974 1.23306
-0.484419 0.874836 -0.000685928 -25.4363 -0.874831 -0.484414 0.0037522 -85.7589 0.00295028 0.00241771 0.999993 1.2503
-0.472924 0.881103 -0.000991838 -25.8737 -0.881101 -0.47292 0.00267968 -86.5855 0.00189201 0.00214119 0.999996 1.27169
-0.460892 0.887456 -0.000978546 -26.3072 -0.887456 -0.46089 0.00174492 -87.4279 0.00109754 0.00167264 0.999998 1.28528
-0.449008 0.89352 -0.00377417 -26.7155 -0.893526 -0.448996 0.00372312 -88.2434 0.00163209 0.00504403 0.999986 1.30595
-0.436829 0.899543 -0.00146255 -27.1112 -0.899531 -0.436813 0.00620081 -89.0467 0.00493904 0.0040243 0.99998 1.32487
-0.425368 0.90502 0.000798392 -27.5221 -0.9049 -0.425326 0.0159234 -89.9043 0.0147505 0.00605082 0.999873 1.34201
-0.412676 0.910876 0.00190315 -27.897 -0.910653 -0.412619 0.0213821 -90.7392 0.0202617 0.00709075 0.99977 1.36989
-0.400667 0.916217 0.00350022 -28.2584 -0.916054 -0.400664 0.0177036 -91.5716 0.0176228 0.00388688 0.999837 1.39246
-0.389141 0.921176 0.00192834 -28.6112 -0.92109 -0.389132 0.0130209 -92.4216 0.0127449 0.0032908 0.999913 1.4388
-0.379034 0.925372 0.00454382 -28.9542 -0.925268 -0.379059 0.0138708 -93.2634 0.0145581 0.00105326 0.999893 1.45826
-0.371918 0.928206 0.0105391 -29.281 -0.928017 -0.372057 0.018903 -94.1024 0.021467 -0.00275015 0.999766 1.48661
-0.366769 0.930123 0.0187514 -29.5889 -0.929839 -0.367151 0.0245025 -94.9424 0.029675 -0.00844898 0.999524 1.50138
-0.363161 0.931456 0.0224247 -29.9204 -0.931127 -0.363686 0.0271215 -95.8044 0.0334181 -0.0110308 0.999381 1.53938
-0.359575 0.932836 0.0228435 -30.2415 -0.932518 -0.360113 0.0269801 -96.6444 0.0333943 -0.0116006 0.999375 1.57756
-0.354897 0.934587 0.0244112 -30.5539 -0.934311 -0.355481 0.0263817 -97.4763 0.0333337 -0.0134448 0.999354 1.63025
-0.348967 0.936851 0.0230592 -30.8623 -0.936643 -0.349476 0.0238151 -98.326 0.0303698 -0.0132876 0.99945 1.66126
-0.343944 0.938743 0.0215481 -31.1686 -0.938628 -0.344358 0.0198605 -99.172 0.0260642 -0.0133947 0.999571 1.70193
-0.337964 0.940892 0.0224251 -31.4814 -0.940867 -0.338357 0.0168509 -100.051 0.0234426 -0.0154041 0.999607 1.74086
-0.331999 0.942901 0.0267241 -31.7606 -0.942983 -0.332472 0.015675 -100.894 0.023665 -0.0199963 0.99952 1.77524
-0.32572 0.94472 0.0375559 -32.0278 -0.945078 -0.326467 0.0156847 -101.747 0.0270784 -0.0303845 0.999171 1.80152
-0.318925 0.947077 0.0364898 -32.3057 -0.947324 -0.319729 0.0187065 -102.588 0.0293834 -0.0286017 0.999159 1.84538
-0.311663 0.949515 0.0358754 -32.597 -0.949633 -0.312553 0.0225238 -103.434 0.0325996 -0.0270486 0.999102 1.8929
-0.305341 0.951569 0.035833 -32.8426 -0.951749 -0.306179 0.0206951 -104.266 0.0306641 -0.0277849 0.999143 1.91939
-0.298159 0.953892 0.0345083 -33.1325 -0.954157 -0.298843 0.016641 -105.144 0.0261863 -0.0279646 0.999266 1.95222
-0.291441 0.95604 0.032411 -33.3828 -0.956302 -0.292017 0.0146166 -106.007 0.0234386 -0.0267348 0.999368 1.98418
-0.284637 0.957972 0.0356617 -33.6315 -0.958264 -0.285365 0.0172277 -106.857 0.0266803 -0.0292697 0.999215 2.0169
-0.27846 0.959743 0.0367992 -33.8782 -0.959999 -0.279297 0.0198957 -107.723 0.0293727 -0.0297871 0.999125 2.0617
-0.271456 0.961707 0.0378241 -34.1115 -0.961969 -0.272354 0.0209696 -108.568 0.0304681 -0.0306932 0.999064 2.08812
-0.264438 0.963667 0.0376659 -34.3453 -0.963963 -0.265295 0.0198289 -109.43 0.029101 -0.031065 0.999094 2.12631
-0.256683 0.965904 0.0338217 -34.5713 -0.966086 -0.257436 0.0201202 -110.294 0.0281411 -0.0275102 0.999225 2.16415
-0.248905 0.96807 0.0297632 -34.7977 -0.96812 -0.249575 0.0213734 -111.166 0.0281191 -0.0234943 0.999328 2.19962
-0.242256 0.969775 0.0291202 -35.0136 -0.969803 -0.242916 0.0217559 -112.035 0.0281721 -0.0229704 0.999339 2.24579
-0.235463 0.971288 0.0340054 -35.2047 -0.971462 -0.236247 0.0211752 -112.888 0.0286008 -0.028049 0.999197 2.26876
-0.229539 0.972537 0.038509 -35.41 -0.972915 -0.230381 0.0189927 -113.761 0.0273428 -0.0331064 0.999078 2.31226
-0.224801 0.973732 0.0361973 -35.6165 -0.974035 -0.225584 0.0191901 -114.639 0.0268516 -0.0309435 0.99916 2.34983
-0.220265 0.974846 0.0340473 -35.8092 -0.97508 -0.220998 0.0194834 -115.505 0.0265177 -0.0289073 0.99923 2.38885
-0.215677 0.975899 0.0332328 -35.9948 -0.976078 -0.216424 0.0207863 -116.38 0.0274777 -0.0279547 0.999231 2.41433
-0.21016 0.977268 0.0279119 -36.1791 -0.977342 -0.210741 0.0197674 -117.217 0.0252002 -0.0231251 0.999415 2.45201
-0.205017 0.978537 0.0208177 -36.3678 -0.978487 -0.205415 0.0191891 -118.096 0.0230535 -0.0164358 0.999599 2.4917
-0.200234 0.979591 0.0175308 -36.5566 -0.979519 -0.200542 0.0180366 -118.985 0.0211842 -0.0135602 0.999684 2.52697
-0.196422 0.980348 0.0183534 -36.7137 -0.980256 -0.196768 0.0195037 -119.826 0.0227318 -0.0141601 0.999641 2.5478
-0.192279 0.981101 0.0216571 -36.8868 -0.981016 -0.192736 0.0214668 -120.721 0.0252352 -0.0171183 0.999535 2.58156
-0.190379 0.981464 0.0219906 -37.0422 -0.981393 -0.19084 0.0211537 -121.594 0.0249583 -0.0175542 0.999534 2.60908
-0.189223 0.981664 0.0230315 -37.2081 -0.98164 -0.189688 0.0200112 -122.452 0.0240131 -0.0188221 0.999534 2.64874
-0.188615 0.98184 0.0203741 -37.374 -0.981852 -0.188955 0.0162334 -123.332 0.0197884 -0.0169425 0.999661 2.67065
-0.187535 0.98205 0.0202105 -37.5346 -0.982154 -0.187774 0.0106557 -124.206 0.0142595 -0.0178515 0.999739 2.70732
-0.186671 0.982262 0.0177598 -37.6986 -0.982352 -0.186844 0.00863258 -125.049 0.0117978 -0.0158349 0.999805 2.73049
-0.185421 0.9824 0.02255 -37.858 -0.982513 -0.185741 0.013012 -125.925 0.0169715 -0.0197429 0.999661 2.77186
-0.185528 0.982329 0.024669 -38.0055 -0.982424 -0.185954 0.0162705 -126.744 0.0205703 -0.0212168 0.999563 2.80022
-0.185241 0.982402 0.0239122 -38.1661 -0.982493 -0.185639 0.0156695 -127.635 0.0198328 -0.020591 0.999591 2.80943
-0.18497 0.982425 0.0250241 -38.3145 -0.982551 -0.185379 0.0151176 -128.465 0.0194909 -0.0217912 0.999573 2.85002
-0.184199 0.982674 0.0205671 -38.4789 -0.982706 -0.184528 0.015421 -129.316 0.018949 -0.0173709 0.99967 2.87805
-0.18311 0.982799 0.0240104 -38.6299 -0.982856 -0.183547 0.0174621 -130.167 0.0215688 -0.0204013 0.999559 2.91494
-0.183221 0.982543 0.032223 -38.7711 -0.982765 -0.183884 0.0189442 -130.993 0.0245388 -0.0281966 0.999301 2.92846
-0.182531 0.982534 0.0361724 -38.9077 -0.982835 -0.183343 0.0205319 -131.83 0.0268052 -0.0318038 0.999135 2.96234
-0.182603 0.982438 0.0383705 -39.0639 -0.982729 -0.18357 0.0233581 -132.639 0.0299915 -0.0334425 0.998991 3.00036
-0.182285 0.982559 0.0367389 -39.2107 -0.982777 -0.183225 0.0240581 -133.478 0.0303699 -0.0317207 0.999035 3.0407
-0.180848 0.982799 0.0374156 -39.3575 -0.982991 -0.181859 0.0256192 -134.325 0.0319829 -0.032146 0.998971 3.07973
-0.178628 0.983441 0.0306 -39.5219 -0.983462 -0.179404 0.0248282 -135.138 0.0299069 -0.025659 0.999223 3.10953
-0.175836 0.984126 0.0240162 -39.6694 -0.984077 -0.176366 0.0220803 -135.958 0.0259654 -0.0197513 0.999468 3.15377
-0.174039 0.984549 0.0193492 -39.8317 -0.984534 -0.17437 0.0169836 -136.783 0.0200951 -0.0160941 0.999669 3.17647
-0.170038 0.985266 0.018403 -39.9725 -0.985246 -0.170344 0.0165242 -137.577 0.0194156 -0.0153217 0.999694 3.20796
-0.164855 0.986164 0.0173931 -40.1092 -0.986028 -0.165208 0.0213121 -138.37 0.0238907 -0.0136367 0.999622 3.25314
-0.158484 0.987222 0.0166183 -40.2344 -0.986991 -0.158863 0.0247177 -139.186 0.0270419 -0.0124847 0.999556 3.27725
-0.150609 0.988417 0.0186545 -40.3469 -0.988188 -0.151061 0.0258029 -139.948 0.028322 -0.014548 0.999493 3.30733
-0.141239 0.989935 0.00890491 -40.4579 -0.989711 -0.141403 0.0218353 -140.746 0.0228747 -0.0057293 0.999722 3.32299
-0.129416 0.991586 0.00298909 -40.5748 -0.991376 -0.12945 0.0204099 -141.547 0.0206251 -0.000321944 0.999787 3.3552
-0.115494 0.993289 0.00612928 -40.6786 -0.993043 -0.115604 0.0223865 -142.368 0.0229449 -0.00350113 0.999731 3.4014
-0.101117 0.994861 0.0052208 -40.7537 -0.99458 -0.101214 0.0237888 -143.166 0.0241949 -0.00278705 0.999703 3.43504
-0.0874485 0.996169 0.000258772 -40.8144 -0.995881 -0.0874294 0.0240275 -143.934 0.023958 0.00184346 0.999711 3.45338
-0.0742794 0.997234 -0.00276603 -40.8709 -0.996921 -0.0741856 0.0254044 -144.693 0.0251289 0.00464453 0.999673 3.48224
-0.0599025 0.998201 0.00258763 -40.9226 -0.997712 -0.0599541 0.0312334 -145.502 0.0313324 -0.000710754 0.999509 3.52048
-0.0471198 0.998853 0.00846626 -40.9429 -0.998059 -0.0474244 0.0403572 -146.279 0.0407124 -0.00654821 0.999149 3.55467
-0.0332266 0.999364 0.0129465 -40.9504 -0.998221 -0.0338247 0.0491009 -147.016 0.0495076 -0.011292 0.99871 3.59148
-0.019368 0.999706 0.014564 -40.9724 -0.998527 -0.0200796 0.0504141 -147.817 0.0506917 -0.0135661 0.998622 3.63644
-0.00796758 0.999863 0.0145129 -40.9629 -0.998884 -0.0086337 0.0464293 -148.58 0.0465482 -0.0141268 0.998816 3.67606
0.00288726 0.999862 0.0163437 -40.9428 -0.999036 0.00216828 0.0438393 -149.309 0.0437979 -0.0164545 0.998905 3.73148
0.0124903 0.999785 0.0165449 -40.9305 -0.998693 0.0116532 0.0497605 -150.082 0.049557 -0.0171448 0.998624 3.77632
0.0193992 0.999506 0.024743 -40.9095 -0.998124 0.0179231 0.0585475 -150.835 0.0580751 -0.0258324 0.997978 3.82134
0.0229311 0.999304 0.0294133 -40.8789 -0.99783 0.0210609 0.0623899 -151.553 0.061727 -0.0307801 0.997618 3.86382
0.0225942 0.999297 0.029921 -40.857 -0.998107 0.0208349 0.0578586 -152.293 0.0571945 -0.0311717 0.997876 3.91584
0.0211121 0.999296 0.0310063 -40.8423 -0.998429 0.0194632 0.0525507 -153.102 0.0519102 -0.0320671 0.998137 3.99997
0.0183027 0.999378 0.0301502 -40.8215 -0.998602 0.0167761 0.0501289 -153.844 0.0495919 -0.0310255 0.998288 4.02824
0.0153275 0.999488 0.0280767 -40.8092 -0.998635 0.0139001 0.0503465 -154.61 0.0499304 -0.0288101 0.998337 4.07521
0.0118126 0.99957 0.0268297 -40.8011 -0.998676 0.0104499 0.0503752 -155.355 0.0500731 -0.0273892 0.99837 4.13042
0.00713092 0.999576 0.0282217 -40.7923 -0.998803 0.00575408 0.0485705 -156.102 0.0483875 -0.0285342 0.998421 4.17269
0.00186339 0.999527 0.0307088 -40.7893 -0.998808 0.000362365 0.0488125 -156.854 0.0487782 -0.0307631 0.998336 4.21992
-0.00402874 0.999453 0.0328288 -40.7832 -0.998873 -0.00557464 0.047135 -157.569 0.0472923 -0.0326019 0.998349 4.26448
-0.0101425 0.999427 0.0322771 -40.7972 -0.998942 -0.0115752 0.0445141 -158.331 0.0448622 -0.0317915 0.998487 4.30776
-0.0155862 0.999378 0.0316421 -40.7998 -0.998888 -0.016971 0.043977 -159.086 0.0444867 -0.0309215 0.998531 4.35092
-0.0209682 0.999259 0.0322875 -40.8068 -0.99873 -0.0224154 0.045132 -159.775 0.0458223 -0.0313001 0.998459 4.38912
-0.0249571 0.999079 0.0348993 -40.8272 -0.998524 -0.0265977 0.0473618 -160.508 0.0482465 -0.0336657 0.998268 4.43826
-0.0275212 0.999046 0.0339051 -40.8448 -0.998358 -0.0291751 0.049292 -161.227 0.0502342 -0.0324929 0.998209 4.47652
-0.02923 0.999083 0.0312895 -40.8652 -0.998222 -0.0308031 0.051034 -161.935 0.051951 -0.0297421 0.998207 4.5227
-0.0287027 0.999277 0.0249184 -40.893 -0.99834 -0.0299031 0.0492187 -162.671 0.0499283 -0.0234643 0.998477 4.56314
-0.0254077 0.999458 0.0209179 -40.9078 -0.998608 -0.0263426 0.0457012 -163.347 0.0462275 -0.0197276 0.998736 4.59602
-0.0181485 0.999602 0.0216136 -40.9233 -0.998787 -0.0191147 0.0453687 -164.09 0.0457638 -0.0207641 0.998736 4.65332
-0.0072254 0.999775 0.0199264 -40.9219 -0.998874 -0.00815022 0.0467279 -164.766 0.0468798 -0.0195664 0.998709 4.70282
0.00691853 0.999846 0.0161428 -40.9175 -0.998887 0.00615679 0.0467697 -165.464 0.0466631 -0.0164484 0.998775 4.74302
0.0222204 0.999601 0.0174143 -40.9063 -0.998752 0.0214156 0.0451095 -166.154 0.0447186 -0.0183949 0.99883 4.78316
0.0389712 0.999064 0.018786 -40.8638 -0.998469 0.0381956 0.0400152 -166.865 0.0392602 -0.0203167 0.999022 4.81733
0.0551354 0.998246 0.0215483 -40.8169 -0.99794 0.0543837 0.0340383 -167.52 0.0328068 -0.0233806 0.999188 4.85175
0.0719642 0.997192 0.0207351 -40.7672 -0.997086 0.071398 0.0268648 -168.23 0.0253089 -0.022608 0.999424 4.88067
0.0893818 0.99573 0.0230881 -40.7078 -0.99584 0.0889314 0.0198519 -168.891 0.0177138 -0.0247665 0.999536 4.91095
0.106253 0.9941 0.0218284 -40.6123 -0.994277 0.105976 0.0134767 -169.549 0.0110839 -0.0231354 0.999671 4.92871
0.124422 0.991969 0.022725 -40.5273 -0.992195 0.124195 0.0111704 -170.187 0.00825838 -0.0239374 0.999679 4.96056
0.142205 0.98959 0.0221285 -40.4368 -0.989812 0.142005 0.0103833 -170.846 0.00713291 -0.0233796 0.999701 4.97283
0.159616 0.986874 0.0245345 -40.3272 -0.987161 0.159415 0.00996606 -171.475 0.00592408 -0.0258103 0.999649 4.99202
0.175962 0.984009 0.0276484 -40.2063 -0.984387 0.175764 0.00945677 -172.124 0.00444595 -0.0288808 0.999573 4.99172
0.189895 0.981248 0.0330503 -40.0567 -0.981804 0.189787 0.00641361 -172.758 2.08236e-05 -0.0336668 0.999433 5.01357
0.202008 0.978962 0.028743 -39.9181 -0.979377 0.202027 0.00227884 -173.394 -0.00357596 -0.0286106 0.999584 5.02067
0.213251 0.976634 0.0266532 -39.7853 -0.976986 0.213301 0.00097032 -174.02 -0.00473751 -0.0262467 0.999644 5.03317
0.222901 0.974391 0.0296111 -39.6377 -0.974838 0.222872 0.00430844 -174.633 -0.00240139 -0.0298264 0.999552 5.04271
0.232665 0.972053 0.0313057 -39.4887 -0.972552 0.232439 0.0107483 -175.224 0.00317131 -0.0329471 0.999452 5.06311
0.241568 0.969943 0.0292571 -39.3209 -0.970291 0.241018 0.0211209 -175.809 0.0134346 -0.03349 0.999349 5.06431
0.250313 0.967936 0.0210725 -39.1835 -0.967937 0.249722 0.027147 -176.407 0.0210143 -0.0271921 0.999409 5.06923
0.256425 0.966292 0.0229268 -39.0224 -0.966364 0.255816 0.0264387 -176.994 0.0196825 -0.0289352 0.999387 5.07828
0.261954 0.964702 0.0270145 -38.8408 -0.965011 0.261498 0.0192797 -177.615 0.011535 -0.0311197 0.999449 5.09221
0.266406 0.963249 0.0343462 -38.654 -0.96386 0.266267 0.00865222 -178.21 -0.000811012 -0.0354099 0.999373 5.12158
0.268133 0.962731 0.0354072 -38.4835 -0.963331 0.268316 -0.000410009 -178.833 -0.00989503 -0.0339989 0.999373 5.13816
0.269288 0.962473 0.0336108 -38.323 -0.963004 0.269483 -0.00133692 -179.429 -0.0103443 -0.0320073 0.999434 5.15685
0.270661 0.9622 0.0302459 -38.161 -0.962648 0.270752 0.00110864 -180.029 -0.0071224 -0.0294162 0.999542 5.13837
0.272267 0.961825 0.0276212 -37.9789 -0.962199 0.272344 0.00100857 -180.654 -0.00655242 -0.0268517 0.999618 5.14582
0.273724 0.96137 0.0290322 -37.8013 -0.961771 0.273854 -0.000518769 -181.258 -0.0084493 -0.0277803 0.999578 5.12708
0.276382 0.960547 0.0310304 -37.606 -0.960964 0.276641 -0.00427723 -181.888 -0.0126927 -0.0286369 0.999509 5.14705
0.279726 0.959561 0.0315555 -37.4353 -0.959914 0.280137 -0.00938673 -182.516 -0.017847 -0.0276648 0.999458 5.14727
0.283656 0.958418 0.0312204 -37.2413 -0.958694 0.284153 -0.0127388 -183.123 -0.0210805 -0.0263174 0.999431 5.14795
0.289684 0.95666 0.0297472 -37.0611 -0.95685 0.290203 -0.0148165 -183.743 -0.022807 -0.0241715 0.999448 5.13392
0.297808 0.954165 0.0296514 -36.8646 -0.954285 0.298388 -0.0174633 -184.371 -0.0255105 -0.0230951 0.999408 5.13103
0.307407 0.951187 0.027285 -36.6705 -0.951184 0.307979 -0.0199476 -184.974 -0.0273771 -0.019821 0.999429 5.13163
0.318638 0.947448 0.028496 -36.464 -0.947516 0.319202 -0.0179703 -185.589 -0.0261219 -0.0212744 0.999432 5.12756
0.330016 0.943563 0.0278806 -36.2329 -0.943712 0.330478 -0.0138464 -186.214 -0.0222789 -0.0217417 0.999515 5.11776
0.34163 0.939424 0.0277778 -36.0001 -0.939628 0.342025 -0.0108586 -186.814 -0.0197015 -0.0223912 0.999555 5.10778
0.35348 0.935058 0.026793 -35.7566 -0.935252 0.353841 -0.0100448 -187.45 -0.018873 -0.0215076 0.999591 5.09012
0.364644 0.930737 0.0276275 -35.5123 -0.930886 0.365084 -0.0128753 -188.064 -0.0220698 -0.0210232 0.999535 5.09175
0.375328 0.926451 0.028594 -35.2476 -0.926577 0.375826 -0.0144678 -188.699 -0.0241501 -0.0210644 0.999486 5.08463
0.38653 0.921727 0.0318533 -34.9651 -0.921921 0.38711 -0.0144146 -189.344 -0.0256171 -0.0237945 0.999389 5.07203
0.395933 0.917608 0.0351009 -34.6961 -0.917843 0.396633 -0.0156665 -189.957 -0.0282979 -0.0260142 0.999261 5.06127
0.403328 0.914211 0.0392976 -34.3906 -0.914592 0.404119 -0.0144759 -190.59 -0.0291149 -0.0301028 0.999123 5.05165
0.407549 0.912287 0.040447 -34.1084 -0.912621 0.408452 -0.0170165 -191.235 -0.0320446 -0.0299778 0.999037 5.02918
0.409642 0.911398 0.0393352 -33.8113 -0.911552 0.410632 -0.0213317 -191.872 -0.035594 -0.0271177 0.998998 5.0242
0.410377 0.911234 0.0352552 -33.5362 -0.911316 0.411203 -0.0203751 -192.531 -0.0330635 -0.0237671 0.999171 5.0006
0.409319 0.911792 0.0330602 -33.233 -0.911829 0.41007 -0.0202535 -193.2 -0.032024 -0.0218551 0.999248 4.98984
0.40856 0.912277 0.0288088 -32.9393 -0.912259 0.40916 -0.019248 -193.851 -0.0293469 -0.0184172 0.9994 4.97555
0.408744 0.912264 0.0265245 -32.6444 -0.912164 0.409301 -0.0207124 -194.527 -0.0297517 -0.0157286 0.999434 4.95472
0.407578 0.912823 0.0251834 -32.3299 -0.912518 0.408174 -0.0265529 -195.222 -0.0345173 -0.0121579 0.99933 4.9367
0.406769 0.913165 0.0258529 -32.031 -0.912757 0.407426 -0.0296422 -195.891 -0.0376014 -0.0115399 0.999226 4.92548
0.405101 0.91391 0.0257337 -31.7249 -0.913411 0.40578 -0.0319712 -196.58 -0.039661 -0.0105539 0.999157 4.90846
0.403184 0.914736 0.0264742 -31.4164 -0.914239 0.403896 -0.0321731 -197.266 -0.0401227 -0.011232 0.999132 4.88695
0.401692 0.915353 0.0277924 -31.1039 -0.914867 0.40246 -0.032326 -197.964 -0.040775 -0.0124413 0.999091 4.8646
0.399908 0.916115 0.0284203 -30.8077 -0.91567 0.400692 -0.0315378 -198.645 -0.04028 -0.0134115 0.999098 4.85077
0.39877 0.916685 0.0259285 -30.4993 -0.916328 0.399418 -0.0284277 -199.343 -0.0364156 -0.0124229 0.99926 4.83427
0.398224 0.916954 0.024779 -30.2035 -0.916791 0.398752 -0.0221797 -200.022 -0.0302184 -0.0138847 0.999447 4.82276
0.397295 0.917338 0.0254651 -29.9198 -0.917256 0.397808 -0.0197484 -200.684 -0.0282461 -0.0155121 0.999481 4.7997
0.395821 0.917918 0.0274415 -29.6054 -0.917803 0.396428 -0.0219519 -201.387 -0.0310286 -0.0164969 0.999382 4.78203
0.394053 0.91859 0.0302462 -29.2899 -0.918426 0.394805 -0.0249696 -202.092 -0.0348782 -0.0179395 0.999231 4.77206
0.391551 0.919524 0.0341063 -29.0065 -0.919446 0.392436 -0.0247741 -202.756 -0.0361649 -0.0216586 0.999111 4.76409
0.386934 0.921371 0.0368369 -28.7016 -0.921378 0.387908 -0.0242755 -203.453 -0.036656 -0.0245477 0.999026 4.74663
0.379971 0.924231 0.0376779 -28.4232 -0.92423 0.381001 -0.0252639 -204.138 -0.037705 -0.0252234 0.998971 4.73162
0.371563 0.92769 0.0364889 -28.1489 -0.927651 0.37256 -0.0257431 -204.838 -0.0374759 -0.0242838 0.999002 4.70203
0.361728 0.93169 0.0332515 -27.8835 -0.931607 0.362594 -0.0251735 -205.519 -0.0355108 -0.0218714 0.99913 4.68969
0.351292 0.935663 0.0335915 -27.6275 -0.935699 0.352101 -0.0221884 -206.2 -0.0325885 -0.023637 0.999189 4.69187
0.339631 0.939903 0.0351226 -27.3685 -0.939982 0.340494 -0.0223179 -206.895 -0.0329356 -0.0254347 0.999134 4.65653
0.328808 0.943832 0.032646 -27.1317 -0.943616 0.329745 -0.0292722 -207.598 -0.0383929 -0.0211803 0.999038 4.62896
0.320024 0.946864 0.0321416 -26.9089 -0.946298 0.321107 -0.037551 -208.301 -0.0458766 -0.0183984 0.998778 4.63232
0.312967 0.949159 0.0338917 -26.6789 -0.948375 0.314239 -0.0428702 -209.005 -0.0513407 -0.0187251 0.998506 4.61324
0.308563 0.950417 0.0386884 -26.4464 -0.949653 0.310126 -0.0444991 -209.702 -0.054291 -0.0230098 0.99826 4.57627
0.305269 0.95148 0.0386966 -26.2077 -0.950641 0.30687 -0.0459591 -210.424 -0.0556039 -0.0227567 0.998194 4.5471
0.304086 0.951902 0.0376048 -25.9784 -0.950968 0.305655 -0.0472635 -211.133 -0.0564843 -0.0213888 0.998174 4.51424
0.302919 0.952237 0.0385389 -25.7625 -0.951397 0.304513 -0.0459963 -211.837 -0.055535 -0.0227326 0.998198 4.49578
0.3027 0.952254 0.0398072 -25.5195 -0.951547 0.30432 -0.0441405 -212.541 -0.0541471 -0.0245171 0.998232 4.45424
0.303263 0.952018 0.0411552 -25.281 -0.951323 0.304965 -0.0445 -213.267 -0.0549157 -0.0256567 0.998161 4.42511
0.304148 0.951703 0.0419009 -25.0434 -0.950963 0.305921 -0.0456349 -213.994 -0.0562492 -0.0259664 0.998079 4.39227
0.306001 0.951125 0.0415311 -24.8035 -0.950288 0.307788 -0.0470966 -214.728 -0.0575775 -0.0250549 0.998027 4.35552
0.307859 0.950649 0.0385907 -24.5808 -0.949653 0.30951 -0.0486016 -215.46 -0.0581473 -0.0216854 0.998072 4.33395
0.31082 0.949713 0.0378848 -24.3254 -0.948639 0.312448 -0.04961 -216.193 -0.0589523 -0.0205191 0.99805 4.29254
0.314866 0.948273 0.0404723 -24.0754 -0.947142 0.316681 -0.0513246 -216.936 -0.0614866 -0.0221726 0.997862 4.26268
0.3191 0.946763 0.0425926 -23.8317 -0.945432 0.321129 -0.0550851 -217.654 -0.0658303 -0.0226908 0.997573 4.21304
0.323984 0.94499 0.0450361 -23.5677 -0.943474 0.32625 -0.0584558 -218.395 -0.0699332 -0.0235517 0.997274 4.17414
0.328748 0.943201 0.0479243 -23.3053 -0.941717 0.33122 -0.058847 -219.135 -0.071378 -0.0257853 0.997116 4.13881
0.332767 0.941762 0.0484786 -23.0349 -0.940481 0.335198 -0.0560224 -219.863 -0.0690097 -0.0269508 0.997252 4.10249
0.337425 0.93979 0.05421 -22.7509 -0.93911 0.340035 -0.0494798 -220.61 -0.0649339 -0.0342134 0.997303 4.06454
0.341641 0.938175 0.0557515 -22.4774 -0.937745 0.344232 -0.0462356 -221.345 -0.0625686 -0.0364847 0.997374 4.01022
0.346079 0.936461 0.0571928 -22.1978 -0.936058 0.348767 -0.0464498 -222.082 -0.0634454 -0.0374605 0.997282 3.96943
0.350004 0.934985 0.0574455 -21.9113 -0.934682 0.352645 -0.0448481 -222.8 -0.0621902 -0.0379962 0.997341 3.93213
0.353981 0.933403 0.0587959 -21.6204 -0.93334 0.356577 -0.0415887 -223.552 -0.0597843 -0.0401549 0.997403 3.90219
0.358694 0.931582 0.0591085 -21.345 -0.931556 0.361283 -0.0409578 -224.283 -0.0595104 -0.0403716 0.997411 3.86335
0.363187 0.929888 0.058332 -21.0333 -0.929719 0.365795 -0.0426175 -225.035 -0.060967 -0.0387542 0.997387 3.82074
0.367452 0.928335 0.0563329 -20.7497 -0.928071 0.369942 -0.0427556 -225.767 -0.0605314 -0.0365703 0.997496 3.79541
0.372027 0.926698 0.0531689 -20.4538 -0.926308 0.374327 -0.0428183 -226.52 -0.0595822 -0.0333212 0.997667 3.762
0.376249 0.924941 0.0540397 -20.1394 -0.924714 0.378515 -0.0403627 -227.262 -0.057788 -0.0347849 0.997723 3.72813
0.38053 0.92296 0.05781 -19.838 -0.922814 0.383045 -0.0411071 -227.976 -0.0600841 -0.0377054 0.997481 3.68577
0.38489 0.920927 0.0612615 -19.518 -0.920904 0.387615 -0.0411221 -228.722 -0.0616163 -0.0405885 0.997274 3.64729
0.389077 0.919373 0.0580795 -19.2081 -0.919344 0.391524 -0.0389308 -229.434 -0.0585315 -0.038248 0.997553 3.62094
0.393571 0.917642 0.0550856 -18.8892 -0.917851 0.395604 -0.0323746 -230.169 -0.0515003 -0.0378187 0.997957 3.59138
0.397032 0.915956 0.0582332 -18.5644 -0.916613 0.39895 -0.025687 -230.906 -0.0467603 -0.0431788 0.997972 3.56009
0.399722 0.9142 0.0667857 -18.2374 -0.915271 0.402041 -0.0253466 -231.606 -0.0500225 -0.0509954 0.997445 3.51592
0.401441 0.913292 0.0688753 -17.9188 -0.913887 0.404395 -0.0357005 -232.334 -0.0604578 -0.0486126 0.996986 3.4821
0.402612 0.91275 0.0692233 -17.5813 -0.912506 0.406181 -0.0484754 -233.085 -0.0723631 -0.0436499 0.996423 3.4394
0.403233 0.912227 0.0724275 -17.2507 -0.911442 0.407429 -0.057218 -233.821 -0.0817049 -0.0429413 0.995731 3.39452
0.405181 0.911286 0.0733969 -16.9427 -0.910262 0.409595 -0.0604554 -234.545 -0.0851551 -0.0423151 0.995469 3.35301
0.408364 0.909769 0.0745648 -16.6104 -0.909263 0.412617 -0.0546628 -235.256 -0.0804972 -0.0454767 0.995717 3.3061
0.413138 0.907808 0.0721225 -16.2717 -0.90767 0.416906 -0.0482211 -236 -0.0738438 -0.0455414 0.996229 3.25901
0.417877 0.905899 0.0687427 -15.9329 -0.905841 0.421247 -0.0447519 -236.706 -0.0694983 -0.0435692 0.99663 3.21079
0.42211 0.903972 0.0682447 -15.5986 -0.904081 0.425315 -0.0417826 -237.436 -0.0667958 -0.0440619 0.996793 3.16864
0.42649 0.901891 0.0685467 -15.2503 -0.902195 0.429582 -0.0387869 -238.156 -0.064428 -0.0453002 0.996894 3.12743
0.429787 0.900422 0.0672541 -14.899 -0.90054 0.432875 -0.040588 -238.884 -0.065659 -0.0431208 0.99691 3.09247
0.433318 0.898838 0.065775 -14.5567 -0.898499 0.436536 -0.0462111 -239.6 -0.0702495 -0.0390746 0.996764 3.03875
0.435744 0.897626 0.0662871 -14.2005 -0.896832 0.439239 -0.0525544 -240.32 -0.0762901 -0.0365481 0.996416 2.99073
0.437838 0.896675 0.0653516 -13.851 -0.895309 0.441489 -0.0592426 -241.042 -0.0819733 -0.0325712 0.996102 2.94332
0.439532 0.895644 0.0680634 -13.4952 -0.894036 0.443535 -0.0630639 -241.774 -0.0866713 -0.0331325 0.995686 2.88647
0.441162 0.89502 0.0656994 -13.1237 -0.892595 0.445196 -0.0712398 -242.508 -0.0930101 -0.0272146 0.995293 2.82118
0.442671 0.894146 0.0674231 -12.7553 -0.891679 0.446888 -0.0721084 -243.238 -0.094606 -0.0281994 0.995115 2.76392
0.444357 0.893059 0.0706643 -12.3986 -0.891653 0.448523 -0.0614962 -243.935 -0.0866143 -0.0356818 0.995603 2.71125
0.44563 0.892586 0.0685864 -12.009 -0.892209 0.449103 -0.0476375 -244.664 -0.0733229 -0.0399647 0.996507 2.66623
0.446879 0.892215 0.0651962 -11.6359 -0.892261 0.449789 -0.0395075 -245.385 -0.0645738 -0.0405169 0.99709 2.61749
0.44678 0.892259 0.0652812 -11.2652 -0.892139 0.449798 -0.042075 -246.116 -0.0669052 -0.0394416 0.996979 2.56658
0.446737 0.892134 0.0672565 -10.899 -0.891706 0.450109 -0.0475723 -246.845 -0.0727136 -0.0387207 0.996601 2.49993
0.44807 0.891466 0.0672439 -10.5354 -0.890911 0.451503 -0.0492132 -247.565 -0.0742327 -0.0378574 0.996522 2.46838
0.449143 0.891169 0.0639371 -10.1703 -0.890475 0.452339 -0.0494322 -248.283 -0.0729737 -0.0347322 0.996729 2.41959
0.450508 0.890637 0.0617079 -9.80463 -0.889771 0.453583 -0.0507038 -249.012 -0.0731483 -0.0320634 0.996806 2.37485
