1 0 0 0 0 1 0 0 -0 0 1 0
0.999995 0.00110329 -0.00280235 1.82936 -0.00109442 0.999994 0.00316444 -0.000365142 0.00280582 -0.00316136 0.999991 -0.0513766
0.999982 0.00278963 -0.00527092 3.51599 -0.00275119 0.99997 0.00728682 0.00400495 0.00529109 -0.00727219 0.99996 -0.0429522
0.999971 0.00343881 -0.00686642 5.22859 -0.00340511 0.999982 0.00491335 0.0250968 0.0068832 -0.00488982 0.999964 0.0359611
0.999869 0.00463288 -0.0155123 6.93779 -0.00460095 0.999987 0.00209294 0.0616045 0.0155218 -0.00202129 0.999877 0.0294605
0.999795 0.00535464 -0.0195387 8.59345 -0.00528459 0.999979 0.00363501 0.110474 0.0195578 -0.00353101 0.999802 0.0786251
0.999847 0.00592212 -0.0164826 10.3212 -0.0058514 0.999973 0.00433571 0.131444 0.0165078 -0.00423859 0.999855 0.164413
0.999866 0.00692664 -0.0148325 12.0344 -0.00687657 0.99997 0.00342437 0.152306 0.0148558 -0.00332191 0.999884 0.164072
0.999853 0.0074176 -0.0154418 13.7474 -0.00740604 0.999972 0.000805768 0.204563 0.0154474 -0.000691288 0.99988 0.2074
0.999759 0.00695861 -0.0208056 15.4907 -0.00700024 0.999974 -0.00192881 0.2052 0.0207916 0.00207399 0.999782 0.223462
0.999739 0.00597835 -0.0220675 17.1879 -0.00605985 0.999975 -0.00362807 0.182778 0.0220452 0.00376085 0.99975 0.291004
0.999732 0.00598307 -0.0223762 18.9277 -0.00609035 0.99997 -0.0047292 0.225907 0.0223472 0.00486421 0.999738 0.335873
0.999687 0.00590897 -0.0243161 20.6634 -0.00605294 0.999965 -0.00585132 0.225834 0.0242806 0.00599668 0.999687 0.388146
0.999608 0.00562356 -0.027442 22.3549 -0.00578093 0.999967 -0.00565887 0.245659 0.0274092 0.00581529 0.999607 0.442217
0.999595 0.00589068 -0.027856 24.117 -0.0060412 0.999968 -0.00532243 0.301193 0.0278237 0.00548856 0.999598 0.502151
0.99962 0.00521461 -0.0270539 25.8604 -0.0052264 0.999986 -0.000364935 0.295866 0.0270517 0.000506191 0.999634 0.496769
0.999683 0.00487915 -0.0247034 27.595 -0.00495658 0.999983 -0.00307416 0.336237 0.024688 0.00319563 0.99969 0.576156
0.999688 0.00318619 -0.0247893 29.4085 -0.00326816 0.999989 -0.00326717 0.324102 0.0247786 0.00334717 0.999687 0.642193
0.999664 0.00212468 -0.0258468 31.1733 -0.00228565 0.999978 -0.00619973 0.332192 0.0258331 0.00625672 0.999647 0.668808
0.999765 7.84198e-05 -0.0216654 32.9334 -0.0001768 0.99999 -0.004539 0.32315 0.0216649 0.00454176 0.999755 0.685587
0.999766 -0.00131924 -0.0215695 34.7209 0.00131638 0.999999 -0.000146655 0.331383 0.0215696 0.000118227 0.999767 0.75232
0.999596 -0.00155327 -0.0283949 36.4684 0.00163621 0.999994 0.0028977 0.349891 0.0283902 -0.00294299 0.999593 0.841271
0.999487 -0.00211999 -0.0319676 38.2245 0.00220828 0.999994 0.00272672 0.397308 0.0319616 -0.00279591 0.999485 0.895355
0.999455 -0.00184255 -0.0329668 40.0045 0.00191985 0.999995 0.00231319 0.453103 0.0329624 -0.00237522 0.999454 0.939886
0.999521 -0.00071259 -0.0309553 41.8328 0.000696081 1 -0.000544078 0.543839 0.0309556 0.00052227 0.999521 1.00028
0.999492 -0.000938995 -0.0318609 43.7815 0.000861745 0.999997 -0.00243824 0.569964 0.031863 0.00240955 0.999489 1.04723
0.999455 -0.00283913 -0.0328928 45.6318 0.00281284 0.999996 -0.000845636 0.45832 0.032895 0.000752653 0.999459 1.11096
0.999553 -0.00201473 -0.0298217 47.3916 0.00195729 0.999996 -0.00195516 0.507916 0.0298255 0.00189591 0.999553 1.21582
0.999542 -0.000388258 -0.0302745 49.2085 0.000379339 1 -0.000300352 0.589543 0.0302747 0.00028873 0.999542 1.25468
0.999503 0.000874996 -0.0315195 51.109 -0.000961118 0.999996 -0.00271732 0.634528 0.031517 0.00274626 0.999499 1.28076
0.999451 0.00152053 -0.0330916 52.7959 -0.00168121 0.999987 -0.0048285 0.682553 0.0330838 0.00488149 0.999441 1.35592
0.999575 0.0013735 -0.0291355 55.6178 -0.00151421 0.999987 -0.00480822 0.775239 0.0291285 0.00485029 0.999564 1.46764
0.999672 0.00295737 -0.0254225 57.3006 -0.00305312 0.999988 -0.00372831 0.819589 0.0254112 0.0038047 0.99967 1.51521
0.999713 0.00403635 -0.0235929 59.1922 -0.00406363 0.999991 -0.00110837 0.877217 0.0235882 0.00120392 0.999721 1.55255
0.999681 0.00393405 -0.0249421 60.9406 -0.00395726 0.999992 -0.000881351 0.875463 0.0249384 0.000979773 0.999689 1.5773
0.999763 0.00419322 -0.0213512 62.7559 -0.00413339 0.999987 0.00284551 0.890217 0.0213628 -0.00275658 0.999768 1.63715
0.999804 0.00399711 -0.0193809 64.5899 -0.00391674 0.999984 0.00418275 0.899835 0.0193973 -0.00410602 0.999803 1.67371
0.999774 0.00380446 -0.020913 66.3515 -0.00370275 0.999981 0.00489977 0.911633 0.0209312 -0.00482123 0.999769 1.69513
0.999741 0.00276672 -0.0226008 68.1254 -0.00272032 0.999994 0.00208349 0.913301 0.0226064 -0.00202147 0.999742 1.69865
0.999804 0.00322613 -0.0195329 69.9865 -0.00321355 0.999995 0.000675521 0.974495 0.0195349 -0.000612619 0.999809 1.73136
0.999863 0.00241633 -0.0163642 71.8453 -0.00235523 0.99999 0.003752 1.02426 0.0163731 -0.00371294 0.999859 1.75176
0.999914 0.00160449 -0.0129856 73.7231 -0.00157707 0.999997 0.00212176 1.05428 0.0129889 -0.0021011 0.999913 1.77536
0.999921 0.0013492 -0.0125302 75.5003 -0.00132914 0.999998 0.00160892 1.11025 0.0125323 -0.00159213 0.99992 1.78853
0.99994 0.00068761 -0.0108971 77.428 -0.000667048 0.999998 0.00189042 1.12177 0.0108983 -0.00188303 0.999939 1.84692
0.999949 0.00141267 -0.00996579 79.3124 -0.00137165 0.999991 0.00412222 1.18837 0.00997152 -0.00410834 0.999942 1.8577
0.999962 0.00165861 -0.00856965 81.185 -0.00162306 0.99999 0.00415444 1.22092 0.00857645 -0.00414037 0.999955 1.87307
0.99998 0.000500108 -0.00630739 83.1283 -0.000468938 0.999988 0.00494245 1.20601 0.00630979 -0.0049394 0.999968 1.88299
0.999998 -0.000227825 -0.00202448 84.9525 0.000241079 0.999979 0.00654936 1.20127 0.00202294 -0.00654984 0.999977 1.91515
0.999998 0.00106377 0.00158279 86.8989 -0.00107468 0.999976 0.00690843 1.29269 -0.0015754 -0.00691012 0.999975 1.9108
0.999994 0.000665189 0.00337458 88.8512 -0.000694056 0.999963 0.00856011 1.29204 -0.00336876 -0.0085624 0.999958 1.91825
0.999997 0.00222967 0.00109599 90.7711 -0.0022417 0.999936 0.0110952 1.31477 -0.00107118 -0.0110976 0.999938 1.88318
0.999986 0.00309198 0.00425851 92.7232 -0.00313971 0.999932 0.0112477 1.33365 -0.00422345 -0.011261 0.999928 1.88868
0.999954 0.00149692 0.00946518 94.761 -0.00160506 0.999933 0.0114272 1.25494 -0.00944745 -0.0114418 0.99989 1.8836
0.999926 0.00245639 0.0119383 96.6271 -0.0025865 0.999937 0.0108954 1.29266 -0.0119108 -0.0109255 0.999869 1.87269
0.99992 0.00350409 0.0121764 98.6626 -0.00360356 0.99996 0.00815659 1.30304 -0.0121473 -0.00819981 0.999893 1.82242
0.999871 0.00358294 0.0156644 100.608 -0.00373759 0.999944 0.00985463 1.31425 -0.0156283 -0.00991191 0.999829 1.82801
0.99982 0.00340469 0.018655 102.633 -0.00367156 0.999891 0.0142905 1.31394 -0.0186043 -0.0143564 0.999724 1.82543
0.999775 0.00487458 0.0206585 104.677 -0.00516548 0.999888 0.0140518 1.3764 -0.0205877 -0.0141554 0.999688 1.78564
0.999712 0.00625239 0.0231853 106.619 -0.00662846 0.999847 0.0161791 1.4192 -0.0230806 -0.0163281 0.9996 1.75886
0.999746 0.00791303 0.0210971 108.631 -0.00816845 0.999894 0.0120481 1.49816 -0.0209995 -0.0122174 0.999705 1.71156
0.999799 0.00642626 0.0189813 110.661 -0.00667366 0.999893 0.0129993 1.50818 -0.0188957 -0.0131234 0.999735 1.71483
0.999755 0.00536549 0.0214521 112.63 -0.00561992 0.999914 0.0118178 1.53208 -0.0213869 -0.0119355 0.9997 1.71136
0.999755 0.006655 0.0210992 114.682 -0.00695854 0.999873 0.0143457 1.66662 -0.0210011 -0.0144891 0.999674 1.66265
0.999786 0.00575281 0.0198533 116.602 -0.00605583 0.999866 0.0152365 1.57104 -0.019763 -0.0153535 0.999687 1.61242
0.999842 0.00708471 0.0163133 118.669 -0.00730029 0.999886 0.0131936 1.66347 -0.0162179 -0.0133106 0.99978 1.51643
0.999831 0.00761169 0.0167161 120.624 -0.00780933 0.9999 0.0117897 1.68726 -0.0166246 -0.0119183 0.999791 1.54573
0.999843 0.00774098 0.0159127 122.632 -0.00786804 0.999938 0.00793763 1.70005 -0.0158503 -0.00806158 0.999842 1.53803
0.999878 0.00805485 0.0134042 124.548 -0.00818178 0.999922 0.00944144 1.68099 -0.0133271 -0.00954996 0.999866 1.51432
0.999906 0.0098689 0.0094874 126.595 -0.0099604 0.999904 0.00964639 1.76926 -0.00939128 -0.00973999 0.999908 1.45638
0.99992 0.0102495 0.00743176 128.558 -0.0103524 0.999849 0.0139398 1.71279 -0.00728777 -0.0140156 0.999875 1.49362
0.999902 0.0132542 0.00452045 130.611 -0.0133173 0.99981 0.0142165 1.76328 -0.00433116 -0.0142753 0.999889 1.51646
0.99988 0.0152071 0.0029345 132.492 -0.0152536 0.999747 0.0165194 1.79618 -0.00268255 -0.0165622 0.999859 1.4767
0.999863 0.0161427 0.00354277 134.543 -0.0162038 0.999707 0.0179597 1.76124 -0.00325181 -0.0180147 0.999832 1.4903
0.999817 0.0186855 0.00411494 136.546 -0.0187742 0.999567 0.0226728 1.86861 -0.0036895 -0.0227459 0.999734 1.52385
0.999789 0.0204295 -0.00206093 138.534 -0.0203765 0.999526 0.0230711 1.89115 0.00253128 -0.0230243 0.999732 1.51354
0.999733 0.0207184 -0.0102151 140.457 -0.0205448 0.999647 0.0168199 1.84894 0.01056 -0.0166056 0.999806 1.53279
0.999639 0.0222987 -0.014984 142.476 -0.0221139 0.999679 0.0123864 1.88343 0.0152554 -0.0120506 0.999811 1.55663
0.999654 0.0212504 -0.0154828 144.446 -0.0210901 0.999723 0.0104421 1.83745 0.0157004 -0.0101119 0.999826 1.53515
0.999658 0.0226687 -0.0130172 146.383 -0.0225961 0.999728 0.00569778 1.856 0.0131428 -0.00540169 0.999899 1.67769
0.999536 0.0230883 -0.019844 148.381 -0.0230305 0.99973 0.00313598 1.85628 0.0199111 -0.00267751 0.999798 1.75518
0.999355 0.0209042 -0.0291842 150.303 -0.0209713 0.999778 -0.00199421 1.75251 0.029136 0.00260496 0.999572 1.84722
0.99929 0.019918 -0.0319707 152.226 -0.0200294 0.999794 -0.00316976 1.81639 0.031901 0.00380786 0.999484 1.98517
0.999222 0.018709 -0.0347214 154.18 -0.0186785 0.999825 0.00120229 1.76529 0.0347378 -0.000552811 0.999396 1.96627
0.999044 0.0168606 -0.0403226 156.037 -0.0168996 0.999857 -0.000626467 1.78587 0.0403063 0.0013073 0.999187 2.05092
0.998901 0.0154908 -0.0442258 157.913 -0.015654 0.999872 -0.00334733 1.80248 0.0441682 0.00403596 0.999016 2.2815
0.998793 0.0100957 -0.048067 159.837 -0.0105199 0.999908 -0.00857974 1.76921 0.047976 0.00907505 0.998807 2.3551
0.998794 0.0086796 -0.0483175 161.67 -0.00936481 0.999859 -0.0139732 1.82458 0.0481893 0.0144088 0.998734 2.45051
0.998486 0.00875657 -0.0543005 163.578 -0.00941731 0.999885 -0.0119241 1.91456 0.0541898 0.0124175 0.998453 2.47484
0.998657 0.0036712 -0.0516773 165.352 -0.0039576 0.999977 -0.00544089 1.81139 0.0516562 0.0056381 0.998649 2.67826
0.998665 0.000780875 -0.0516565 167.208 -0.00114793 0.999974 -0.00707645 1.92853 0.0516496 0.00712629 0.99864 2.82411
0.9983 -0.00262628 -0.0582195 169.086 0.00230083 0.999981 -0.00565636 1.92755 0.0582333 0.00551279 0.998288 2.81579
0.998585 -0.010961 -0.0520363 170.76 0.0105341 0.999909 -0.00847106 1.94559 0.0521244 0.00791092 0.998609 3.0735
0.998368 -0.0187162 -0.0539534 172.603 0.0184515 0.999815 -0.00540084 1.99738 0.0540445 0.00439651 0.998529 3.11994
0.997994 -0.0264861 -0.0575063 174.378 0.0263156 0.999647 -0.00371875 2.03853 0.0575845 0.00219797 0.998338 3.19827
0.998043 -0.0328392 -0.053205 176.109 0.0330149 0.999452 0.00242746 2.18708 0.0530962 -0.00417927 0.998581 3.4224
0.997718 -0.0428161 -0.0522116 177.789 0.043035 0.999069 0.00307361 2.23387 0.0520314 -0.00531352 0.998631 3.57956
0.997371 -0.0533661 -0.0490134 179.509 0.0539016 0.998499 0.00966881 2.36117 0.0484239 -0.0122853 0.998751 3.75473
0.996607 -0.0636074 -0.0522431 181.116 0.0642265 0.997883 0.0102556 2.54665 0.0514801 -0.0135762 0.998582 3.84251
0.995377 -0.0748759 -0.0601493 182.819 0.0757107 0.997061 0.0117189 2.7408 0.059095 -0.0162187 0.998121 3.89592
0.99392 -0.088435 -0.0655939 184.485 0.0897395 0.995817 0.0172095 2.89727 0.0637976 -0.0229912 0.997698 3.97353
0.992358 -0.102889 -0.0681064 186.132 0.104479 0.994322 0.0201987 3.06336 0.0656415 -0.02716 0.997474 4.20453
0.99032 -0.117708 -0.0735596 187.676 0.119398 0.992665 0.0190064 3.24395 0.0707828 -0.0276053 0.99711 4.24202
0.988224 -0.133261 -0.0752038 189.322 0.134965 0.990686 0.0180292 3.5555 0.0721008 -0.0279668 0.997005 4.42717
0.98558 -0.149559 -0.0791502 190.898 0.151018 0.988449 0.0127416 3.89027 0.0763304 -0.024511 0.996781 4.51894
0.982536 -0.16632 -0.0834257 192.495 0.167969 0.985705 0.0131017 4.1889 0.0800541 -0.0268859 0.996428 4.64348
0.979771 -0.180344 -0.0867429 194.129 0.18247 0.983061 0.0171733 4.4372 0.0821765 -0.0326539 0.996083 4.78342
0.976828 -0.194515 -0.0892758 195.614 0.196463 0.980419 0.0134837 4.82949 0.0849048 -0.0307106 0.995916 4.89817
0.973899 -0.208177 -0.0904652 197.145 0.209914 0.977668 0.0100332 5.22738 0.0863562 -0.0287612 0.995849 5.03617
0.970112 -0.225367 -0.0899583 198.742 0.22726 0.973769 0.0112498 5.58143 0.0850633 -0.0313575 0.995882 5.23723
0.966344 -0.239582 -0.0936968 200.338 0.241733 0.970267 0.0121517 6.01238 0.0879996 -0.0343924 0.995527 5.3905
0.962949 -0.252645 -0.0943344 201.871 0.255209 0.966754 0.0159778 6.4366 0.0871615 -0.0394607 0.995412 5.55891
0.960181 -0.26497 -0.0885585 203.275 0.267255 0.963512 0.0148007 6.92044 0.0814054 -0.037879 0.995961 5.77858
0.956748 -0.277324 -0.0878951 204.745 0.279308 0.96014 0.0108989 7.38806 0.0813691 -0.0349773 0.99607 5.84204
0.953724 -0.287598 -0.087738 206.181 0.289899 0.956948 0.0144403 7.91772 0.0798077 -0.0392073 0.996039 5.95749
0.949185 -0.301781 -0.0893092 207.663 0.304262 0.952466 0.0152741 8.34332 0.0804546 -0.0416713 0.995887 6.01776
0.946466 -0.309996 -0.09003 209.106 0.31285 0.949609 0.0191846 8.92084 0.0795462 -0.0463234 0.995754 6.18257
0.943862 -0.318067 -0.0892078 210.492 0.320944 0.946895 0.0196348 9.48763 0.0782252 -0.0471633 0.995819 6.3115
0.941521 -0.326024 -0.0851284 211.829 0.329029 0.944024 0.023649 9.98858 0.0726531 -0.0502757 0.996089 6.45495
0.937732 -0.337248 -0.0831991 213.175 0.339756 0.940348 0.0176711 10.5668 0.0722766 -0.0448382 0.996376 6.56689
0.932647 -0.35019 -0.0868103 214.599 0.353025 0.935415 0.019298 11.0383 0.0744457 -0.0486444 0.996038 6.62968
0.928771 -0.361206 -0.0831533 215.983 0.363569 0.93145 0.0147655 11.6438 0.0721197 -0.0439458 0.996427 6.75279
0.925352 -0.370521 -0.0802401 217.299 0.372922 0.92771 0.0168045 12.294 0.0682131 -0.0454735 0.996634 6.86092
0.921568 -0.380205 -0.0784606 218.634 0.383006 0.923438 0.0238376 12.7903 0.0633904 -0.0520188 0.996632 6.95447
0.918796 -0.38765 -0.0744323 219.991 0.39043 0.920243 0.026771 13.4438 0.058118 -0.0536577 0.996867 7.06017
0.916766 -0.393235 -0.0700421 221.417 0.395848 0.917893 0.0278735 14.23 0.0533303 -0.0532794 0.997155 7.19642
0.913545 -0.400924 -0.0685194 222.934 0.403483 0.914551 0.028233 14.9402 0.0513452 -0.0534386 0.99725 7.22555
0.910266 -0.408486 -0.0674938 224.457 0.410883 0.911318 0.0259731 15.7014 0.0508987 -0.0513745 0.997382 7.27788
0.907405 -0.41475 -0.0678092 225.87 0.417486 0.908109 0.03231 16.3099 0.0481776 -0.0576276 0.997175 7.38111
0.904373 -0.421683 -0.0655259 227.341 0.424376 0.904841 0.0341572 16.9416 0.0448871 -0.0586985 0.997266 7.49044
0.90373 -0.422352 -0.0699392 228.449 0.424856 0.90491 0.0252263 17.5469 0.0526343 -0.0525118 0.997232 7.50409
0.901265 -0.427323 -0.0715267 229.943 0.429755 0.902671 0.0222562 18.2646 0.0550545 -0.0507977 0.99719 7.61435
0.899178 -0.43238 -0.0672715 231.389 0.434524 0.900423 0.0206547 18.8934 0.0516422 -0.0478034 0.997521 7.69347
0.899917 -0.432581 -0.0549822 232.434 0.433987 0.900772 0.0162829 19.5314 0.0424827 -0.0385149 0.998355 7.79007
0.898986 -0.435088 -0.0502352 233.745 0.436415 0.899547 0.0188923 20.235 0.0369691 -0.0389074 0.998559 7.83349
0.897764 -0.437991 -0.0467391 235.059 0.439286 0.89808 0.0219046 20.8725 0.0323814 -0.0401969 0.998667 7.89994
0.896643 -0.440154 -0.0479178 236.402 0.441513 0.896976 0.0223577 21.5588 0.0331403 -0.0412032 0.998601 7.91819
0.896982 -0.439464 -0.0478988 237.586 0.440958 0.897133 0.0265968 22.2184 0.0312832 -0.0449782 0.998498 7.95901
0.896871 -0.440175 -0.0432206 238.91 0.441537 0.896762 0.0293811 22.9297 0.0258257 -0.0454346 0.998633 8.00393
0.895308 -0.443355 -0.0431264 240.389 0.444826 0.894972 0.0339879 23.6037 0.0235282 -0.0496133 0.998491 8.0312
0.894148 -0.445998 -0.0398181 241.819 0.447274 0.893808 0.032454 24.2918 0.0211154 -0.0468283 0.99868 8.05882
0.894472 -0.445524 -0.0377961 243.198 0.446725 0.894047 0.0334145 25.0651 0.0189045 -0.0467728 0.998727 8.09337
0.893732 -0.447043 -0.0373534 244.61 0.448224 0.893291 0.0335526 25.7102 0.018368 -0.0467297 0.998739 8.09389
0.893148 -0.448563 -0.0328252 246.003 0.44951 0.892714 0.0316816 26.3677 0.0150923 -0.0430516 0.998959 8.13268
0.893858 -0.44735 -0.0299509 247.31 0.448157 0.89344 0.030325 27.1174 0.0131935 -0.0405289 0.999091 8.16355
0.893507 -0.447913 -0.0319256 248.698 0.448705 0.893346 0.0244269 27.858 0.0175794 -0.0361508 0.999192 8.14364
0.893819 -0.447633 -0.0267042 250.038 0.44811 0.893842 0.0156063 28.5708 0.0168835 -0.0259156 0.999522 8.21033
0.893415 -0.44852 -0.0252777 251.436 0.44895 0.893433 0.0148779 29.2735 0.0159109 -0.0246405 0.99957 8.24645
0.894226 -0.446863 -0.0259519 252.759 0.447324 0.894233 0.0157701 30.0637 0.0161599 -0.0257109 0.999539 8.2671
0.892943 -0.449668 -0.0212637 254.215 0.45003 0.892848 0.01719 30.6551 0.0112555 -0.024919 0.999626 8.32966
0.893558 -0.448471 -0.0206748 255.526 0.448845 0.893389 0.019866 31.4443 0.00956129 -0.0270312 0.999589 8.34127
0.89204 -0.451455 -0.0212768 256.941 0.451826 0.891923 0.0180802 32.0354 0.0108149 -0.0257417 0.99961 8.36018
0.89184 -0.451913 -0.0199109 258.313 0.45224 0.891735 0.0169795 32.8619 0.010082 -0.0241474 0.999658 8.40557
0.890369 -0.454835 -0.0191567 259.693 0.455125 0.890299 0.0151193 33.5502 0.0101784 -0.0221805 0.999702 8.38703
0.888943 -0.457767 -0.0151494 261.121 0.457943 0.88891 0.0112993 34.3459 0.00829395 -0.016982 0.999821 8.42354
0.886457 -0.46269 -0.0105484 262.603 0.462776 0.886438 0.00808521 35.0436 0.0056096 -0.0120488 0.999912 8.42979
0.885642 -0.464352 -0.003981 264.092 0.464358 0.885647 0.000747423 35.9906 0.00317869 -0.00251056 0.999992 8.42862
0.883886 -0.467692 0.00306705 265.926 0.467701 0.883847 -0.00841994 37.1731 0.00122714 0.00887673 0.99996 8.43289
0.881428 -0.472295 0.00478479 267.242 0.472319 0.88137 -0.0100609 37.7747 0.00053453 0.0111279 0.999938 8.42364
0.88058 -0.473866 0.00550381 268.678 0.473893 0.880461 -0.014606 38.6774 0.00207537 0.0154699 0.999878 8.41987
0.878364 -0.477945 0.00669105 270.014 0.47799 0.878308 -0.0100312 39.274 -0.00108246 0.0120093 0.999927 8.44092
0.877802 -0.478973 0.00701804 271.395 0.479019 0.877766 -0.00825134 40.1959 -0.00220803 0.0106048 0.999941 8.41006
0.876262 -0.481731 0.0100019 272.633 0.481816 0.876223 -0.00931564 40.9049 -0.00427627 0.012982 0.999907 8.4476
0.874509 -0.484863 0.0119393 274.043 0.484937 0.87454 -0.00413367 41.7158 -0.00843713 0.00940474 0.99992 8.48214
0.872781 -0.48792 0.0137177 275.507 0.488008 0.872831 -0.00386554 42.4901 -0.0100872 0.0100681 0.999898 8.43748
0.871604 -0.489927 0.0166902 276.807 0.490033 0.871699 -0.00274408 43.294 -0.0132044 0.0105705 0.999857 8.43144
0.870074 -0.492456 0.0214217 278.137 0.492556 0.870281 0.000678112 44.0755 -0.0189768 0.00996137 0.99977 8.45409
0.869045 -0.494244 0.0219768 279.547 0.494323 0.869276 0.0020481 44.8569 -0.0201162 0.00908375 0.999756 8.44859
0.869243 -0.494086 0.0172043 280.861 0.494086 0.869401 0.00454808 45.6569 -0.0172046 0.00454701 0.999842 8.39465
0.869764 -0.493255 0.0144854 282.315 0.493238 0.86988 0.00497966 46.5067 -0.0150568 0.0028136 0.999883 8.34152
0.869177 -0.494207 0.017052 283.611 0.494243 0.869321 0.00232162 47.216 -0.015971 0.00640994 0.999852 8.34357
0.868565 -0.495066 0.0224706 285.014 0.495238 0.868754 -0.00246384 47.9928 -0.0183017 0.0132683 0.999744 8.37676
0.869162 -0.494014 0.0225511 286.399 0.494241 0.869307 -0.00556106 48.8369 -0.0168566 0.0159791 0.99973 8.29989
0.868454 -0.495177 0.0242439 287.883 0.495394 0.868661 -0.00356825 49.6125 -0.0192928 0.0151092 0.9997 8.30018
0.868097 -0.495786 0.0245706 289.232 0.496041 0.868283 -0.00525604 50.3952 -0.0187284 0.0167508 0.999684 8.22737
0.867803 -0.496262 0.0253394 290.687 0.496538 0.867997 -0.0056213 51.2333 -0.0192049 0.0174601 0.999663 8.21281
0.868636 -0.494924 0.0228525 292.232 0.495156 0.868787 -0.00554487 52.2404 -0.0171097 0.016132 0.999723 8.20168
0.868005 -0.496115 0.0209252 293.634 0.496336 0.868103 -0.0068672 52.9884 -0.0147583 0.0163467 0.999757 8.17626
0.86801 -0.496197 0.0186285 295.034 0.496365 0.868097 -0.00549712 53.7919 -0.0134437 0.0140181 0.999811 8.18509
0.867879 -0.496402 0.0192586 296.46 0.496627 0.867914 -0.0092681 54.583 -0.0121141 0.0176079 0.999772 8.15216
0.868516 -0.495053 0.024549 297.777 0.495431 0.868557 -0.012541 55.4503 -0.0151137 0.0230544 0.99962 8.19212
0.870087 -0.492429 0.021528 299.137 0.492821 0.869895 -0.0202521 56.3733 -0.00875439 0.0282305 0.999563 8.13224
0.869952 -0.492704 0.0206574 300.574 0.493103 0.869616 -0.0248348 57.2266 -0.00572779 0.0317913 0.999478 8.1643
0.869801 -0.493067 0.0181845 302.009 0.493396 0.869388 -0.0269333 58.001 -0.00252944 0.0323987 0.999472 8.1411
0.869014 -0.494566 0.0147867 303.517 0.494786 0.868683 -0.023998 58.7901 -0.000976368 0.0281709 0.999603 8.16851
0.869421 -0.493882 0.013684 304.843 0.49407 0.86901 -0.026759 59.5981 0.00132424 0.0300257 0.999548 8.13723
0.870506 -0.491948 0.0143983 306.273 0.492156 0.870222 -0.0222848 60.481 -0.00156681 0.0264852 0.999648 8.21879
0.871359 -0.490465 0.01331 307.738 0.490645 0.870995 -0.0251955 61.3412 0.000764563 0.0284849 0.999594 8.19541
0.872365 -0.488714 0.0117626 309.14 0.48885 0.871988 -0.0257356 62.1558 0.0023205 0.028201 0.9996 8.18649
0.874976 -0.484081 0.00908567 311.007 0.484163 0.874754 -0.0197885 63.2586 0.00163151 0.0217134 0.999763 8.18991
0.876197 -0.481919 0.00575332 312.474 0.48195 0.876086 -0.0140635 63.9887 0.00173709 0.0150952 0.999885 8.2229
0.878818 -0.477134 0.00463906 313.773 0.477154 0.878733 -0.0123831 64.8025 0.0018319 0.013096 0.999913 8.23118
0.880891 -0.47325 0.00811023 315.241 0.473317 0.880815 -0.0116929 65.6035 -0.00160997 0.0141388 0.999899 8.25281
0.882922 -0.46945 0.00815293 316.556 0.469508 0.882891 -0.00807023 66.3174 -0.00340958 0.0109532 0.999934 8.26612
0.885329 -0.46488 0.00892636 318.034 0.464959 0.885256 -0.011616 67.0917 -0.00250205 0.0144344 0.999893 8.2439
0.888365 -0.459033 0.00980697 319.441 0.459121 0.888312 -0.0104532 67.8109 -0.00391331 0.0137888 0.999897 8.29324
0.891773 -0.452405 0.00836372 320.743 0.452481 0.891661 -0.0141744 68.5261 -0.00104502 0.0164248 0.999865 8.27548
0.895078 -0.445797 0.010036 322.109 0.445909 0.894905 -0.0176212 69.2562 -0.00112575 0.0202475 0.999794 8.29754
0.899488 -0.436796 0.0113748 323.482 0.43694 0.899291 -0.0189321 69.9741 -0.00195982 0.0219993 0.999756 8.28441
0.902763 -0.42973 0.0187389 324.973 0.430054 0.902592 -0.0195288 70.6516 -0.00852146 0.0256887 0.999634 8.29009
0.90684 -0.421158 0.0163795 326.362 0.421444 0.906565 -0.0229155 71.3468 -0.00519806 0.0276837 0.999603 8.27875
0.91014 -0.414192 0.0094865 327.822 0.414289 0.909704 -0.0283435 71.9884 0.00310975 0.0297267 0.999553 8.2754
0.913327 -0.407223 -0.00139489 329.199 0.407106 0.913137 -0.0211147 72.6455 0.00987214 0.0187168 0.999776 8.2889
0.917137 -0.398571 -0.00118318 330.609 0.398508 0.917036 -0.0153591 73.3421 0.00720671 0.0136149 0.999881 8.21842
0.919842 -0.392189 0.00890402 332.082 0.392268 0.919794 -0.0102727 73.9403 -0.00416101 0.0129421 0.999908 8.27421
0.92298 -0.384644 0.0125133 333.619 0.384796 0.922901 -0.0136145 74.619 -0.00631176 0.017381 0.999829 8.28667
0.925209 -0.37935 0.00906379 335.057 0.379439 0.925139 -0.0120283 75.1795 -0.00382233 0.0145678 0.999887 8.25482
0.92743 -0.373895 0.00868582 336.491 0.373968 0.927397 -0.00913819 75.7784 -0.00463848 0.0117233 0.999921 8.30647
0.929213 -0.369453 0.00826554 338.016 0.369515 0.929191 -0.00792222 76.3868 -0.00475338 0.0104157 0.999934 8.28598
0.931504 -0.363669 0.00674182 339.543 0.363698 0.93151 -0.00361922 77.08 -0.00496387 0.0058233 0.999971 8.33879
0.932379 -0.36147 0.0028512 341.168 0.361479 0.932372 -0.00391949 77.6707 -0.0012416 0.00468511 0.999988 8.28889
0.932689 -0.360669 0.00297461 342.651 0.360672 0.932693 -0.00055743 78.2163 -0.00257335 0.00159277 0.999995 8.33962
0.933595 -0.358301 0.00446647 344.133 0.358287 0.933605 0.00359269 78.8547 -0.00545718 -0.00175384 0.999984 8.34909
0.934838 -0.355054 0.00377229 345.515 0.355035 0.93484 0.00492781 79.4808 -0.00527613 -0.00326741 0.999981 8.33028
0.934857 -0.355019 -0.00219678 346.99 0.355026 0.934843 0.00504755 80.0641 0.000261667 -0.00549865 0.999985 8.34587
0.934957 -0.354712 -0.00591509 348.435 0.354732 0.934964 0.0026655 80.6344 0.00458492 -0.0045904 0.999979 8.37513
0.934167 -0.356689 -0.0102333 349.925 0.356746 0.934191 0.00447906 81.1245 0.00796222 -0.00783489 0.999938 8.39614
0.934585 -0.355508 -0.0128192 351.244 0.355519 0.934668 -0.0015312 81.7364 0.012526 -0.00312641 0.999917 8.40937
0.934386 -0.35582 -0.0177363 352.897 0.355815 0.93455 -0.0035638 82.3849 0.0178435 -0.00298088 0.999836 8.40874
0.935404 -0.353168 -0.0170592 354.875 0.353095 0.93556 -0.00722081 83.2929 0.0185101 0.00073086 0.999828 8.48052
0.935358 -0.353434 -0.0137895 356.314 0.353337 0.935453 -0.00904846 83.81 0.0160974 0.00359122 0.999864 8.55842
0.935967 -0.351911 -0.0111361 357.777 0.351744 0.935983 -0.014553 84.3955 0.0155446 0.00970413 0.999832 8.58195
0.936742 -0.3498 -0.0124445 359.273 0.349592 0.936761 -0.01624 84.9961 0.0173383 0.0108622 0.999791 8.57557
0.936863 -0.349451 -0.0130773 360.675 0.349263 0.93691 -0.0146848 85.4376 0.0173839 0.00919025 0.999807 8.61479
0.937415 -0.34765 -0.019813 362.073 0.347482 0.937616 -0.0114977 86.0165 0.0225741 0.00389349 0.999738 8.58331
0.937488 -0.347351 -0.021514 363.498 0.347286 0.937735 -0.00680409 86.5022 0.0225378 -0.00109274 0.999745 8.69548
0.937724 -0.346815 -0.019801 364.926 0.34678 0.937931 -0.00528328 87.0544 0.0204043 -0.00191234 0.99979 8.76654
0.937931 -0.346199 -0.0207693 366.323 0.346258 0.938139 -0.000802037 87.5475 0.0197621 -0.00643926 0.999784 8.81631
0.938433 -0.344836 -0.0207888 367.671 0.344791 0.938661 -0.0058261 88.1555 0.0215227 -0.00170038 0.999767 8.82195
0.938504 -0.344453 -0.0237205 369.129 0.344456 0.938794 -0.00406261 88.7184 0.023668 -0.0043579 0.99971 8.86645
0.939131 -0.342907 -0.0211733 370.557 0.342825 0.939369 -0.0075102 89.3055 0.0224648 -0.000205676 0.999748 8.95033
0.939221 -0.342683 -0.0208057 371.938 0.342686 0.939443 -0.00351116 89.8168 0.0207489 -0.00383207 0.999777 8.98437
0.93973 -0.341298 -0.020579 373.281 0.34126 0.939953 -0.00545387 90.3474 0.0212046 -0.00189761 0.999773 8.994
0.940603 -0.338897 -0.0203538 374.696 0.338836 0.940823 -0.00646534 90.9831 0.0213404 -0.00081529 0.999772 9.04556
0.940374 -0.339301 -0.0239012 376.153 0.339216 0.940677 -0.00763712 91.4913 0.0250746 -0.000925927 0.999685 9.04609
0.941066 -0.337416 -0.0233545 377.59 0.337331 0.941355 -0.00759707 92.0777 0.0245483 -0.000728872 0.999698 9.11018
0.940938 -0.33781 -0.0227889 379.082 0.337675 0.941213 -0.00968506 92.6284 0.0247209 0.0014178 0.999693 9.16586
0.941124 -0.337418 -0.0208503 380.527 0.337209 0.941341 -0.0129373 93.1795 0.0239925 0.00514467 0.999699 9.21416
0.941095 -0.337486 -0.0210685 381.995 0.337327 0.941326 -0.0108026 93.6964 0.023478 0.00305932 0.99972 9.29085
0.941053 -0.337435 -0.0236121 383.445 0.337218 0.94134 -0.0127485 94.2428 0.0265288 0.00403457 0.99964 9.29239
0.94119 -0.337255 -0.0205043 384.891 0.33711 0.94141 -0.0102273 94.7745 0.0227521 0.00271363 0.999737 9.34844
0.941129 -0.33742 -0.0206079 386.592 0.337308 0.941353 -0.00878639 95.4196 0.022364 0.0013179 0.999749 9.39547
0.940681 -0.338508 -0.0230644 388.318 0.338429 0.940963 -0.00737581 96.0374 0.0241995 -0.000867363 0.999707 9.474
0.94026 -0.339704 -0.0226384 389.862 0.339513 0.940526 -0.0119447 96.5713 0.0253497 0.00354511 0.999672 9.51332
0.940135 -0.339936 -0.0242685 391.253 0.339825 0.940449 -0.00867979 97.1549 0.0257738 -8.68638e-05 0.999668 9.53193
0.939716 -0.34129 -0.0213143 392.768 0.341169 0.939957 -0.00918094 97.6698 0.0231679 0.00135569 0.999731 9.64078
0.940013 -0.340404 -0.0223874 394.029 0.340181 0.940267 -0.0132403 98.2382 0.0255572 0.00483028 0.999662 9.64606
0.939652 -0.341366 -0.0228689 395.535 0.341187 0.939926 -0.0114674 98.7616 0.0254097 0.00297279 0.999673 9.6922
0.940032 -0.340294 -0.0232148 396.997 0.340316 0.940306 -0.00312226 99.3481 0.0228915 -0.00496536 0.999726 9.77423
0.939272 -0.342395 -0.0231194 398.711 0.342441 0.939537 -0.00206606 99.9361 0.0224289 -0.00597643 0.999731 9.82795
0.940061 -0.340232 -0.0229543 400.17 0.340234 0.940333 -0.003963 100.547 0.022933 -0.00408435 0.999729 9.82956
0.940074 -0.340214 -0.0227132 401.601 0.340075 0.940347 -0.00982849 101.071 0.0247021 0.00151529 0.999694 9.88929
0.94006 -0.340209 -0.0233522 403.081 0.340028 0.940345 -0.0114788 101.582 0.0258644 0.00285038 0.999661 9.91969
0.940752 -0.33846 -0.0207577 404.694 0.338365 0.940981 -0.0080153 102.208 0.0222455 0.00051673 0.999752 10.0071
0.941652 -0.336021 -0.0195177 406.026 0.335893 0.941851 -0.009628 102.763 0.021618 0.00251036 0.999763 10.0092
0.942006 -0.335153 -0.0172359 407.665 0.335123 0.942163 -0.00468621 103.355 0.0178096 -0.0013617 0.99984 10.1004
0.942802 -0.332778 -0.0195691 409.059 0.332749 0.943003 -0.00483035 103.867 0.0200611 -0.00195753 0.999797 10.0774
0.943577 -0.330542 -0.0201136 410.494 0.330437 0.94379 -0.00844429 104.523 0.0217743 0.00132155 0.999762 10.1017
0.94338 -0.330906 -0.0231301 411.948 0.330814 0.943664 -0.007836 104.971 0.02442 -0.000259435 0.999702 10.1559
0.943979 -0.328864 -0.0274126 413.384 0.328847 0.944369 -0.00523591 105.548 0.0276095 -0.00407197 0.99961 10.199
0.944484 -0.327607 -0.0249886 414.847 0.327564 0.94481 -0.00590908 106.085 0.0255454 -0.00260435 0.99967 10.2551
0.944682 -0.327269 -0.0216837 416.222 0.327276 0.944923 -0.00333532 106.573 0.021581 -0.00394574 0.999759 10.309
0.945115 -0.326062 -0.0210082 417.738 0.326043 0.945345 -0.00440372 107.131 0.0212959 -0.00268757 0.99977 10.3269
0.945505 -0.32489 -0.0215796 419.1 0.324853 0.94575 -0.0053163 107.682 0.0221361 -0.00198362 0.999753 10.3565
0.945602 -0.324668 -0.0206576 420.581 0.324703 0.945814 -0.00171244 108.211 0.0200943 -0.00508832 0.999785 10.4354
0.945387 -0.325288 -0.0207628 422.006 0.325271 0.945611 -0.00430349 108.767 0.0210334 -0.00268507 0.999775 10.4613
0.944834 -0.326929 -0.0201527 423.557 0.326788 0.945045 -0.0099911 109.312 0.0223116 0.00285426 0.999747 10.4343
0.944432 -0.328164 -0.0188736 425.012 0.32814 0.944619 -0.00442516 109.837 0.0192806 -0.00201394 0.999812 10.5329
0.944295 -0.328527 -0.0194095 426.395 0.328509 0.944492 -0.00423093 110.355 0.0197221 -0.00238095 0.999803 10.5496
0.943467 -0.330728 -0.0221195 428.098 0.330692 0.943723 -0.00534116 110.897 0.0226412 -0.00227555 0.999741 10.5425
0.943709 -0.330229 -0.0190147 429.858 0.330207 0.943898 -0.00436803 111.616 0.0193904 -0.00215663 0.99981 10.6549
0.942763 -0.332783 -0.0213067 431.337 0.332709 0.943003 -0.00702419 112.083 0.0224298 -0.000466794 0.999748 10.6873
0.942681 -0.332704 -0.0257061 432.509 0.332707 0.943021 -0.00429779 112.528 0.0256713 -0.00450115 0.99966 10.7125
0.942259 -0.333914 -0.0254691 434.076 0.333974 0.94258 -0.00201045 113.077 0.024678 -0.00661166 0.999674 10.7203
0.942297 -0.334068 -0.0217989 435.725 0.334106 0.942533 -0.00194491 113.66 0.0211959 -0.00545048 0.99976 10.7939
0.942223 -0.334473 -0.018526 437.345 0.334439 0.942404 -0.00501215 114.275 0.0191354 -0.00147325 0.999816 10.8572
0.941869 -0.33532 -0.0210323 438.841 0.335257 0.942104 -0.00657961 114.784 0.0220209 -0.000854095 0.999757 10.8777
0.941982 -0.335008 -0.020977 440.286 0.334885 0.942214 -0.00919897 115.398 0.0228466 0.00164037 0.999738 10.9181
0.942003 -0.335282 -0.0146944 441.795 0.335196 0.942114 -0.00808508 115.944 0.0165546 0.00269066 0.999859 10.9962
0.942428 -0.334011 -0.0163091 443.166 0.334 0.942567 -0.00343199 116.476 0.0165187 -0.00221284 0.999861 10.9793
0.94169 -0.336084 -0.0163649 444.691 0.336084 0.941828 -0.00281063 116.997 0.0163575 -0.00285325 0.999862 11.0439
0.941986 -0.335243 -0.0165435 446.178 0.335218 0.942131 -0.00433771 117.598 0.0170403 -0.00145961 0.999854 11.0826
0.942905 -0.332673 -0.0161059 448.042 0.332667 0.943039 -0.00316043 118.395 0.0162399 -0.00237793 0.999865 11.1143
0.942935 -0.332693 -0.0137354 449.574 0.332695 0.943032 -0.00222156 118.925 0.013692 -0.0024749 0.999903 11.1884
0.943621 -0.330687 -0.015017 451.107 0.330791 0.943691 0.00499238 119.508 0.0125205 -0.0096784 0.999875 11.1623
0.94424 -0.328877 -0.0158172 452.534 0.328999 0.944313 0.00577419 120.092 0.0130374 -0.0106561 0.999858 11.1458
0.944326 -0.328587 -0.0166845 454.001 0.328704 0.944421 0.00481553 120.632 0.0141748 -0.0100317 0.999849 11.1936
0.944927 -0.326872 -0.0163591 455.433 0.326948 0.94504 0.00213077 121.165 0.0147635 -0.00736198 0.999864 11.218
0.944743 -0.327523 -0.0137573 456.945 0.327594 0.944813 0.00325187 121.659 0.011933 -0.00757898 0.9999 11.2584
0.945683 -0.324989 -0.00816639 458.396 0.325028 0.945696 0.00405671 122.258 0.00640453 -0.00649067 0.999958 11.3039
0.94557 -0.325357 -0.00637454 459.831 0.325397 0.945553 0.00683613 122.704 0.00380328 -0.0085383 0.999956 11.2818
0.946521 -0.322619 -0.0037647 461.326 0.32264 0.946475 0.00938967 123.343 0.000533911 -0.0101022 0.999949 11.3084
0.946505 -0.322681 -0.00218871 462.723 0.322686 0.946454 0.00989223 123.803 -0.00112052 -0.0100693 0.999949 11.3169
0.946528 -0.32262 -0.000533827 464.28 0.322616 0.946504 0.00701291 124.32 -0.00175723 -0.00681014 0.999975 11.3004
0.9466 -0.322411 0.000308656 465.812 0.322409 0.946595 0.00323867 124.842 -0.00133636 -0.00296621 0.999995 11.2709
0.9474 -0.320047 0.00199819 467.223 0.32005 0.9474 -0.00136749 125.428 -0.00145543 0.00193508 0.999997 11.3087
0.947585 -0.319495 0.00238641 468.612 0.3195 0.947584 -0.00210426 125.928 -0.00158902 0.00275643 0.999995 11.2923
0.947356 -0.320159 0.0038183 470.24 0.320173 0.947351 -0.00381933 126.427 -0.00239448 0.00484078 0.999985 11.2394
0.947928 -0.318441 0.00516603 471.576 0.318448 0.94794 -0.000484904 126.99 -0.00474267 0.00210477 0.999987 11.2515
0.948014 -0.318185 0.00534767 473.356 0.318206 0.948014 -0.00368078 127.587 -0.0038985 0.00519109 0.999979 11.2403
0.947796 -0.318798 0.00712849 474.691 0.318835 0.947798 -0.00485707 128.075 -0.00520795 0.00687633 0.999963 11.2644
0.947638 -0.319304 0.00528267 476.295 0.319336 0.947616 -0.00694139 128.617 -0.00278953 0.00826486 0.999962 11.2408
0.947556 -0.319573 0.00325993 477.775 0.31959 0.947518 -0.00849699 129.156 -0.00037343 0.00909322 0.999959 11.2291
0.947101 -0.320935 -0.000223363 479.535 0.320925 0.947075 -0.00746112 129.731 0.00260608 0.00699476 0.999972 11.2557
0.94682 -0.321761 -0.00102839 481.035 0.321741 0.946789 -0.00859999 130.2 0.00374082 0.00781177 0.999962 11.2549
0.946917 -0.321457 0.00359617 482.525 0.321475 0.94689 -0.00726043 130.784 -0.00107127 0.00803111 0.999967 11.2567
0.947133 -0.320713 0.00905749 484.079 0.320783 0.94712 -0.00785895 131.344 -0.00605806 0.010349 0.999928 11.2502
0.946703 -0.321916 0.0111001 485.631 0.321992 0.946724 -0.0058584 131.855 -0.00862279 0.0091203 0.999921 11.25
0.946488 -0.322713 0.00409909 487.039 0.322734 0.94647 -0.00606153 132.341 -0.00192353 0.00706008 0.999973 11.2413
0.946255 -0.323421 0.000910207 488.578 0.323422 0.946246 -0.00395476 132.871 0.000417773 0.00403659 0.999992 11.3041
0.946988 -0.321267 0.00090224 489.985 0.321268 0.946985 -0.00237355 133.514 -9.18653e-05 0.00253758 0.999997 11.3545
0.946481 -0.322757 0.00132752 491.545 0.322759 0.94648 -0.00169554 133.961 -0.000709226 0.00203326 0.999998 11.3395
0.947205 -0.320623 0.00170326 493.127 0.320624 0.947206 -0.000323385 134.644 -0.00150965 0.000852417 0.999998 11.3437
0.946584 -0.322457 0.000180889 494.635 0.322455 0.94658 0.00305974 135.13 -0.00115786 -0.00283797 0.999995 11.362
0.946757 -0.321893 -0.00596412 496.169 0.321907 0.94677 0.00150707 135.777 0.00516153 -0.00334672 0.999981 11.3262
0.946637 -0.322289 -0.00284492 497.588 0.322289 0.946641 -0.000291658 136.254 0.00278711 -0.000640791 0.999996 11.3998
0.946593 -0.322428 0.00127853 499.351 0.322427 0.946594 0.00125647 136.878 -0.00161537 -0.000777133 0.999998 11.4255
0.946866 -0.321629 -0.000133248 500.806 0.321628 0.946864 -0.00202222 137.409 0.00077657 0.00187191 0.999998 11.3637
0.946925 -0.321429 -0.00396018 502.385 0.321402 0.946922 -0.00623693 137.968 0.00575472 0.0046331 0.999973 11.3605
0.947339 -0.320156 -0.00693369 504.02 0.320122 0.94736 -0.00560975 138.583 0.0083647 0.00309471 0.99996 11.3844
0.947544 -0.319534 -0.00765816 505.686 0.319541 0.947573 -0.000354359 139.177 0.00736989 -0.00211132 0.999971 11.4316
0.947249 -0.320475 -0.00394567 507.228 0.320463 0.947255 -0.00331012 139.654 0.00479836 0.00187107 0.999987 11.4282
0.947018 -0.32113 -0.00571035 508.501 0.321159 0.947012 0.00507655 140.015 0.00377754 -0.00664151 0.999971 11.4294
0.947653 -0.319151 -0.0097991 510.041 0.319173 0.947696 0.000708647 140.668 0.0090604 -0.00379916 0.999952 11.4223
0.948385 -0.316811 -0.0140065 510.966 0.316871 0.948466 0.0022297 141.126 0.0125783 -0.00655287 0.999899 11.5024
0.948601 -0.316115 -0.0151063 512.601 0.316183 0.948696 0.00225956 141.687 0.013617 -0.00691977 0.999883 11.5054
0.948188 -0.317437 -0.0131402 514.281 0.317548 0.948213 0.00741995 142.2 0.0101043 -0.0112081 0.999886 11.5313
0.94809 -0.317832 -0.0103957 515.84 0.31791 0.948095 0.00693161 142.738 0.00765304 -0.00987669 0.999922 11.5525
0.947715 -0.318999 -0.00875223 517.306 0.319064 0.947705 0.00734316 143.163 0.00595207 -0.00975174 0.999935 11.5833
0.948346 -0.317103 -0.00922368 518.727 0.31716 0.948356 0.00556723 143.772 0.00698195 -0.00820505 0.999942 11.569
0.94829 -0.317327 -0.00698311 520.152 0.317381 0.948259 0.0086444 144.275 0.00387869 -0.0104137 0.999938 11.6363
0.947665 -0.31913 -0.00936762 521.746 0.319215 0.947632 0.00980161 144.778 0.00574907 -0.0122789 0.999908 11.6116
0.94776 -0.318844 -0.00947214 523.32 0.318923 0.947743 0.00846527 145.329 0.00627805 -0.0110439 0.999919 11.6283
0.94809 -0.317791 -0.0116205 524.876 0.317886 0.9481 0.00746957 145.932 0.00864367 -0.0107758 0.999905 11.6346
0.948028 -0.317996 -0.0110413 526.294 0.318075 0.948045 0.00623305 146.403 0.00848556 -0.00942106 0.99992 11.6467
0.947539 -0.319509 -0.00914246 527.798 0.319583 0.947522 0.00828109 146.869 0.0060168 -0.0107684 0.999924 11.6649
0.947713 -0.319047 -0.00703824 529.211 0.319089 0.947706 0.00595573 147.422 0.00477003 -0.00789014 0.999957 11.7219
0.947395 -0.320011 -0.00601078 530.716 0.32004 0.947393 0.00450772 147.896 0.00425205 -0.00619427 0.999972 11.7352
0.947434 -0.319803 -0.00969686 532.212 0.319879 0.947428 0.00759382 148.423 0.00675855 -0.0102965 0.999924 11.7272
0.948242 -0.317124 -0.0164095 533.719 0.317222 0.948344 0.00365834 149.054 0.0144017 -0.00867445 0.999859 11.7643
0.948159 -0.317043 -0.0218728 535.176 0.317138 0.948379 0.000905315 149.576 0.0204567 -0.00779508 0.99976 11.7872
0.948458 -0.316204 -0.0210268 536.507 0.316207 0.948685 -0.00330387 150.052 0.0209925 -0.00351522 0.999773 11.8273
0.948336 -0.316736 -0.0183723 538.035 0.31684 0.948474 0.00297454 150.529 0.0164835 -0.00864194 0.999827 11.8722
0.948674 -0.31581 -0.0167872 539.418 0.315929 0.94877 0.00489242 151.036 0.0143822 -0.00994488 0.999847 11.924
0.94884 -0.315109 -0.0201944 540.978 0.315286 0.948977 0.00618296 151.607 0.0172157 -0.0122337 0.999777 11.925
0.948997 -0.314526 -0.0218727 542.719 0.314708 0.949174 0.00533653 152.193 0.0190825 -0.0119479 0.999747 11.9495
0.949633 -0.31265 -0.021161 544.23 0.31276 0.94983 0.00201997 152.766 0.0194678 -0.00853654 0.999774 12.0233
0.949506 -0.313085 -0.0204006 545.988 0.313189 0.949689 0.00202524 153.343 0.0187402 -0.00831222 0.99979 12.0584
0.949438 -0.313407 -0.0185287 547.492 0.313492 0.949589 0.00180545 153.863 0.0170288 -0.00752274 0.999827 12.0628
0.94932 -0.313976 -0.0145042 548.764 0.314041 0.949406 0.00239545 154.3 0.0130183 -0.00682896 0.999892 12.1458
0.948994 -0.314992 -0.0137773 550.199 0.315045 0.949075 0.00178766 154.745 0.0125126 -0.00603696 0.999903 12.1631
0.949265 -0.314053 -0.0163485 551.557 0.314122 0.949381 0.0017345 155.237 0.0149762 -0.0067819 0.999865 12.1372
