1 0 0 0 0 1 0 0 -0 0 1 0
1 -2.86025e-05 0.000737638 0.00276987 2.98684e-05 0.999999 -0.00171609 -0.00168325 -0.000737588 0.00171611 0.999998 0.00680625
0.999999 0.000556247 -0.0012554 0.0211702 -0.000556114 1 0.000106929 0.0173358 0.00125546 -0.000106231 0.999999 -0.0300023
1 0.000386907 0.000556241 0.0166314 -0.000386218 0.999999 -0.00123854 0.0207165 -0.00055672 0.00123832 0.999999 0.00371214
1 0.000294532 0.000395122 0.00239692 -0.000293744 0.999998 -0.00199303 0.0203062 -0.000395708 0.00199291 0.999998 0.00886868
1 -6.9231e-06 0.00064372 -0.00739015 6.03376e-06 0.999999 0.00138157 -0.00167703 -0.000643729 -0.00138156 0.999999 0.0028013
1 0.000425984 0.000609378 0.0037611 -0.000424832 0.999998 -0.0018896 0.0280407 -0.000610182 0.00188935 0.999998 0.0216982
0.999999 0.000918915 0.000574053 -0.00943995 -0.00091804 0.999998 -0.0015219 0.0442797 -0.000575451 0.00152138 0.999999 0.0204801
0.999999 8.23388e-05 -0.00129354 0.0228755 -7.94716e-05 0.999998 0.00221641 -0.0137533 0.00129372 -0.00221631 0.999997 -0.0318603
1 -0.000539156 0.000125087 0.0196671 0.000539073 1 0.000663377 -0.0199021 -0.000125444 -0.00066331 1 -0.00898056
0.999999 0.000995945 0.000658862 0.00344433 -0.000993744 0.999994 -0.00333277 0.0624926 -0.000662177 0.00333211 0.999994 0.0245085
1 0.000232646 -3.63214e-05 0.0155236 -0.000232673 1 -0.000742863 0.0125902 3.61485e-05 0.000742872 1 0.000824057
1 -0.000129669 -2.89226e-05 0.0135711 0.000129689 1 0.000700301 -0.0154349 2.88318e-05 -0.000700305 1 -0.000914139
1 0.000517214 0.00061715 -0.00371112 -0.000516085 0.999998 -0.00182746 0.0281931 -0.000618094 0.00182714 0.999998 0.0173782
1 0.000334607 0.000255848 0.00930954 -0.000334193 0.999999 -0.00161551 0.0171751 -0.000256388 0.00161542 0.999999 0.00837347
1 0.000880129 0.000297396 0.0068412 -0.000879894 0.999999 -0.000789151 0.0491935 -0.00029809 0.000788889 1 0.0143304
1 0.000420728 -0.000428253 0.0139915 -0.000420713 1 3.33721e-05 0.014891 0.000428267 -3.3192e-05 1 -0.0189976
1 0.000297568 -0.000919306 0.0161177 -0.000297152 1 0.00045215 0.00364112 0.00091944 -0.000451876 0.999999 -0.033027
1 0.000410486 0.000407518 0.0057971 -0.000409735 0.999998 -0.00184214 0.0213211 -0.000408273 0.00184197 0.999998 0.00294319
1 0.000293827 0.000328465 0.00125035 -0.000293293 0.999999 -0.0016228 0.0244785 -0.000328942 0.00162271 0.999999 0.0134826
1 0.000338364 -0.000130939 0.00336669 -0.000338342 1 0.000172425 4.65995e-05 0.000130997 -0.000172381 1 -0.0131507
1 0.00048661 -0.000172827 -0.000801915 -0.000486743 1 -0.00077237 0.0356857 0.000172451 0.000772454 1 -0.00408405
0.999999 0.00101144 0.000327541 -0.0149013 -0.00101117 0.999999 -0.000829903 0.0509796 -0.00032838 0.000829571 1 0.00782726
1 0.00012215 -0.000470424 -0.00225916 -0.00012209 1 0.000127807 0.0039553 0.000470439 -0.000127749 1 -0.0087283
0.999999 -0.000120702 -0.00101305 0.00105729 0.000121318 1 0.00060789 -0.0129311 0.00101298 -0.000608013 0.999999 -0.0378718
0.999999 0.000566129 -0.00110969 0.00739924 -0.00056663 1 -0.000450826 0.035289 0.00110944 0.000451454 0.999999 -0.0412178
1 -0.000184814 0.000891829 0.00912357 0.000187443 0.999996 -0.00294767 0.0136577 -0.000891281 0.00294784 0.999995 0.0210619
1 -5.43772e-05 0.000856713 0.00206538 5.64571e-05 0.999997 -0.00242788 -0.000362964 -0.000856578 0.00242793 0.999997 0.0254692
1 0.000218582 -0.000422488 -0.00265776 -0.000218297 1 0.000673304 0.0195355 0.000422635 -0.000673212 1 -0.0219814
1 0.000147179 -0.000478201 0.00774033 -0.00014723 1 -0.000106164 0.0105799 0.000478185 0.000106235 1 -0.0176151
1 -5.10211e-05 -0.000132273 -0.00290185 5.07919e-05 0.999998 -0.00173185 0.00463599 0.000132361 0.00173185 0.999998 0.00204636
1 -0.00039532 -0.000277107 -0.00618572 0.000395344 1 8.52261e-05 -0.00690219 0.000277073 -8.53356e-05 1 -0.0112799
0.999999 0.000360419 -0.0011294 0.0217723 -0.00035943 1 0.00087538 0.0130027 0.00112971 -0.000874974 0.999999 -0.0422415
1 0.000786828 0.000322557 0.00856528 -0.000786408 0.999999 -0.00130097 0.0608933 -0.000323581 0.00130071 0.999999 0.00867677
1 0.000202761 0.000746304 -0.0125608 -0.000200475 0.999995 -0.00306189 0.026459 -0.000746921 0.00306174 0.999995 0.0264604
1 0.000108764 0.000109076 -0.000817165 -0.000108668 1 -0.000879581 0.00869657 -0.000109171 0.00087957 1 0.00832294
1 0.000335717 -0.000409924 0.0111327 -0.000335247 0.999999 0.00114466 0.00665134 0.000410308 -0.00114452 0.999999 -0.0146127
1 0.000285449 0.000617227 -0.00702003 -0.000284014 0.999997 -0.00232421 0.0332017 -0.000617889 0.00232404 0.999997 0.0168091
1 0.000281526 9.61876e-05 -0.00516557 -0.000281427 0.999999 -0.00102346 0.0164153 -9.64756e-05 0.00102343 0.999999 0.0127513
0.999999 0.000239514 -0.00107333 -0.000554821 -0.000237562 0.999998 0.00181834 -0.00269707 0.00107376 -0.00181809 0.999998 -0.0284398
1 0.000407225 0.000706326 -0.0136496 -0.000405411 0.999997 -0.00256629 0.0275578 -0.000707369 0.002566 0.999996 0.00593823
0.999999 0.00115358 0.000465023 0.00313905 -0.00115242 0.999996 -0.00248935 0.0725505 -0.000467892 0.00248881 0.999997 0.0151397
1 -4.68358e-05 -0.000523441 0.00622646 4.66955e-05 1 -0.000267936 -0.00368426 0.000523453 0.000267911 1 -0.0225824
1 0.000245257 -0.000485343 0.00288459 -0.000245255 1 3.98711e-06 0.00269088 0.000485344 -3.86808e-06 1 -0.0247602
1 0.000219613 0.000653333 -0.00562282 -0.000217954 0.999997 -0.00253782 0.0314561 -0.000653888 0.00253768 0.999997 0.00803303
1 0.00040511 -0.000555162 0.00882281 -0.000405766 0.999999 -0.00118346 0.0179454 0.000554682 0.00118369 0.999999 -0.0013356
1 0.000373966 -0.000440557 0.0124321 -0.000373759 1 0.000470613 0.0142374 0.000440733 -0.000470448 1 -0.00916896
1 -0.000112483 -0.000574275 0.0115815 0.000113272 0.999999 0.00137355 -0.00933478 0.00057412 -0.00137362 0.999999 -0.0398187
0.999999 0.000414498 0.000956081 -0.00327516 -0.000411788 0.999996 -0.00283342 0.0305505 -0.000957252 0.00283303 0.999996 0.022606
0.999999 0.000941713 0.000459684 0.00454204 -0.000940537 0.999996 -0.00255015 0.0601357 -0.000462084 0.00254972 0.999997 0.0102467
0.999999 -0.000191535 -0.000991631 0.00821139 0.000191581 1 4.66642e-05 -0.0134819 0.000991623 -4.68542e-05 1 -0.0257326
1 -3.92771e-05 0.000304939 -0.0020969 3.91358e-05 1 0.000463563 -0.0139239 -0.000304957 -0.000463551 1 -0.00745892
1 0.00070578 0.000386653 -0.00457896 -0.000704865 0.999997 -0.00236375 0.0596765 -0.00038832 0.00236347 0.999997 0.0146414
1 0.000358073 -0.000105507 0.00363783 -0.000358201 0.999999 -0.00122036 0.0198692 0.00010507 0.0012204 0.999999 0.00131689
1 0.000197845 -0.000567375 0.00474636 -0.000197532 1 0.000552353 0.00987721 0.000567484 -0.000552241 1 -0.0138219
1 0.000143189 -2.65732e-05 0.00927855 -0.00014319 1 -2.98352e-05 0.00386277 2.65689e-05 2.9839e-05 1 -0.0136563
1 0.000536244 0.000562715 -0.000567518 -0.000535311 0.999998 -0.00165669 0.0279666 -0.000563602 0.00165639 0.999998 0.0111498
1 -0.00011756 -0.000714254 -0.000178628 0.000116237 0.999998 -0.00185298 0.00411168 0.00071447 0.0018529 0.999998 -0.0197803
1 0.000447619 -0.000473924 -0.00351719 -0.000447531 1 0.000185837 0.00494291 0.000474007 -0.000185625 1 -0.0158242
1 0.000207083 -0.000670771 0.0128193 -0.000207523 1 -0.00065571 0.0149824 0.000670635 0.000655849 1 -0.0163622
1 -8.13685e-05 0.000302556 -0.00054869 8.21727e-05 0.999996 -0.00265897 -0.000546156 -0.000302338 0.00265899 0.999996 0.004512
1 6.89968e-05 -0.00042241 -0.00779854 -6.92284e-05 1 -0.000548178 0.00366601 0.000422372 0.000548208 1 -0.00324728
1 -0.000182073 -0.000473548 -0.00137547 0.000182682 0.999999 0.00128595 -0.0125326 0.000473313 -0.00128603 0.999999 -0.0141524
1 -6.20625e-05 0.000256342 0.0134838 6.20587e-05 1 1.4833e-05 0.00266312 -0.000256343 -1.48171e-05 1 0.00705677
0.999999 0.00104698 0.00088678 -0.00854897 -0.00104499 0.999997 -0.00223746 0.0545102 -0.00088912 0.00223653 0.999997 0.0266698
1 7.94955e-05 -0.000510629 0.011668 -8.0567e-05 0.999998 -0.00209873 0.00933526 0.000510461 0.00209877 0.999998 -0.00420582
1 0.000179613 -0.000382569 0.00101462 -0.000179254 1 0.000937556 0.0148328 0.000382737 -0.000937488 0.999999 -0.00883756
1 0.000350689 -0.000165698 0.0153046 -0.000350796 1 -0.00064296 0.0178663 0.000165472 0.000643018 1 -0.00603045
1 0.000358498 0.000236327 0.00818493 -0.000357996 0.999998 -0.00212113 0.0367758 -0.000237086 0.00212105 0.999998 0.0131272
1 -0.000202331 -0.000419352 0.00441039 0.000202562 1 0.000552604 -0.0126734 0.00041924 -0.000552689 1 -0.00885447
1 0.000225598 -0.000525311 -0.00274946 -0.000225806 1 -0.000396531 0.0144494 0.000525222 0.00039665 1 -0.0106611
0.999999 5.1317e-05 0.00116117 -0.0104805 -4.74089e-05 0.999994 -0.00336542 0.0384228 -0.00116133 0.00336536 0.999994 0.0255829
1 0.000473298 -0.000189621 0.0147733 -0.00047343 1 -0.000701573 0.0321853 0.000189289 0.000701663 1 -0.000978674
1 2.01885e-05 -0.000840095 5.68431e-06 -1.96038e-05 1 0.000695944 -0.000878258 0.000840109 -0.000695928 0.999999 -0.0289166
1 -0.000322574 -0.000107633 0.00454491 0.000322455 0.999999 -0.00110211 -0.016572 0.000107988 0.00110207 0.999999 -0.00476219
1 0.000575212 0.000127266 -0.000365487 -0.000574943 0.999998 -0.00210161 0.0471044 -0.000128475 0.00210154 0.999998 0.0101311
1 0.000118842 0.000357442 -0.00260553 -0.000118742 1 -0.000278642 0.0168151 -0.000357475 0.000278599 1 0.0164846
1 -0.000306332 -0.00082317 0.00588668 0.000307288 0.999999 0.00116117 -0.0210121 0.000822814 -0.00116142 0.999999 -0.0240293
1 -0.000623635 0.000408014 -0.0017016 0.000623376 1 0.000634043 -0.00875218 -0.000408409 -0.000633789 1 -0.00571343
1 0.000566627 0.000292572 -0.000958199 -0.000565759 0.999995 -0.00295817 0.0551901 -0.000294247 0.00295801 0.999996 0.0169146
1 -0.000393637 -0.000799211 0.00642516 0.000393255 1 -0.000478033 -0.0133732 0.000799399 0.000477719 1 -0.0250154
1 -0.000469977 -0.000748518 0.0041132 0.000470305 1 0.000439215 -0.0230479 0.000748312 -0.000439567 1 -0.0212883
1 -0.000343497 0.000667671 -0.00674937 0.000345046 0.999997 -0.00232067 0.00634845 -0.000666872 0.0023209 0.999997 0.0147495
1 0.000332839 0.000330793 -0.013846 -0.00033231 0.999999 -0.00160003 0.0313595 -0.000331325 0.00159992 0.999999 0.0190927
1 -0.000173441 -0.000758583 0.000843084 0.000173787 1 0.000456265 -0.00659869 0.000758504 -0.000456397 1 -0.00897579
1 -0.000592397 -0.000350573 0.00157439 0.000592896 0.999999 0.00142296 -0.0262577 0.00034973 -0.00142316 0.999999 -0.0195029
1 -0.000252569 0.000334972 -3.54163e-05 0.000252791 1 -0.000661387 0.0212595 -0.000334805 0.000661471 1 0.0120563
1 0.000231934 0.000831191 -0.0146628 -0.000229919 0.999997 -0.00242371 0.0281335 -0.00083175 0.00242352 0.999997 0.0253417
0.999999 -0.000224868 -0.001392 0.0131834 0.000224147 1 -0.000517645 -0.0119738 0.00139212 0.000517332 0.999999 -0.0296489
1 0.000237472 -0.000697873 0.000693037 -0.000236744 0.999999 0.00104386 0.0193594 0.000698121 -0.0010437 0.999999 -0.0188083
1 -0.000340045 0.000105744 -0.00572996 0.000340244 0.999998 -0.0018827 -0.0152347 -0.000105104 0.00188273 0.999998 0.00499092
1 -1.80327e-05 -0.000243046 -0.0171752 1.77385e-05 0.999999 -0.00121019 0.00848181 0.000243068 0.00121018 0.999999 0.00855833
1 0.000252273 -0.000500115 -0.00193118 -0.000252155 1 0.000235875 0.00900995 0.000500174 -0.000235749 1 -0.00396216
1 1.45642e-05 -0.000698974 -0.00193439 -1.32543e-05 0.999998 0.00187402 0.00446442 0.000699 -0.00187401 0.999998 -0.0280521
1 -1.03405e-05 0.00065845 -0.00686454 1.0646e-05 1 -0.000464005 0.00952575 -0.000658445 0.000464012 1 0.0196691
1 7.31254e-06 0.00059632 -0.0246244 -6.1151e-06 0.999998 -0.00200802 0.0263309 -0.000596334 0.00200802 0.999998 0.0116915
0.999999 -0.000544741 -0.00135221 -0.00032812 0.000544325 1 -0.00030776 -0.0220548 0.00135238 0.000307024 0.999999 -0.0296183
1 -0.000211343 -0.000912169 0.0123184 0.000211846 1 0.000550559 -0.00660314 0.000912052 -0.000550752 0.999999 -0.0256931
1 -0.000216137 0.000274968 -0.0154108 0.000216788 0.999997 -0.00236885 0.0100129 -0.000274455 0.00236891 0.999997 0.0101557
1 0.00011718 0.000250155 -0.0154297 -0.00011666 0.999998 -0.00207568 0.00451973 -0.000250398 0.00207565 0.999998 0.0227229
0.999999 -0.000317226 -0.0010075 -0.00828124 0.000318883 0.999999 0.00164415 -0.00656575 0.00100698 -0.00164447 0.999998 -0.0283976
1 -0.000161146 0.000259822 -0.00698963 0.000161173 1 -0.000105719 -0.00644081 -0.000259805 0.000105761 1 0.00568707
1 0.000420871 0.000458746 -0.00580664 -0.000420305 0.999999 -0.00123344 0.0352082 -0.000459265 0.00123325 0.999999 0.0101318
1 -0.000417778 -0.000293696 -0.0134281 0.00041807 0.999999 0.000995536 -0.0317418 0.00029328 -0.000995659 0.999999 -0.0107292
1 -0.000318388 -0.000541891 0.00145405 0.000317276 0.999998 -0.00205034 0.00336093 0.000542542 0.00205017 0.999998 -0.0144277
1 -0.000212101 0.00073003 -0.0117704 0.000213598 0.999998 -0.0020506 0.0166567 -0.000729594 0.00205075 0.999998 0.0234283
1 0.000472649 -0.000167514 -0.0150873 -0.000472981 0.999998 -0.00198788 0.0339982 0.000166574 0.00198796 0.999998 0.010159
1 -0.000743533 -5.38399e-05 -0.00580913 0.000743585 0.999999 0.000968413 -0.0293128 5.31198e-05 -0.000968453 1 -0.000936535
1 -0.000354579 -0.000307939 -0.00783326 0.000354894 0.999999 0.00102451 -0.00344913 0.000307576 -0.00102462 0.999999 -0.0117314
1 -0.00027394 0.000321859 -0.0085676 0.000274065 1 -0.000390728 0.0168373 -0.000321752 0.000390816 1 0.0111524
1 0.000585922 -0.000422633 0.000347094 -0.000586594 0.999999 -0.0015932 0.0568402 0.000421699 0.00159345 0.999999 -0.00709588
0.999999 -0.000426247 -0.00128942 -0.00763764 0.000427282 1 0.000802229 -0.0302739 0.00128908 -0.000802779 0.999999 -0.0395394
1 -0.00034102 0.000232508 -0.00729331 0.000341246 0.999999 -0.000972662 -0.00723467 -0.000232176 0.000972741 0.999999 -4.63187e-05
1 -9.24924e-05 0.000164956 -0.00910707 9.28744e-05 0.999997 -0.00231692 0.0232373 -0.000164741 0.00231693 0.999997 0.013077
1 -0.000294284 0.000293419 -0.00333737 0.000294451 1 -0.000568874 -0.00507988 -0.000293252 0.000568961 1 0.0105605
1 -0.000675971 -0.00070312 -0.00992905 0.000676821 0.999999 0.00120872 -0.0262333 0.000702302 -0.00120919 0.999999 -0.0117427
1 3.04422e-05 0.000710913 -0.0121859 -2.97014e-05 0.999999 -0.00104194 0.0215436 -0.000710944 0.00104192 0.999999 0.0203318
1 0.000142706 0.000224323 -0.00959184 -0.000142555 1 -0.000672548 0.0318912 -0.000224418 0.000672516 1 0.0140752
0.999999 -0.00112161 -0.000962812 -0.00624739 0.00112219 0.999999 0.000599327 -0.0404012 0.000962139 -0.000600407 0.999999 -0.0308356
1 0.000257428 -0.000498745 0.0042386 -0.000257123 1 0.000611508 0.0136557 0.000498903 -0.000611379 1 -0.00573015
1 -0.000482605 0.000346827 -0.00121874 0.000483273 0.999998 -0.00193101 0.00796873 -0.000345894 0.00193117 0.999998 0.00806676
1 6.17387e-05 0.000983203 -0.0282957 -5.94763e-05 0.999997 -0.00230091 0.00799407 -0.000983343 0.00230085 0.999997 0.0337324
1 -0.000112538 -7.38092e-05 -0.0130761 0.000112658 0.999999 0.00163647 0.0173348 7.3625e-05 -0.00163647 0.999999 -0.00454334
1 -0.000159517 -0.00034322 -0.00958141 0.000159522 1 1.30811e-05 -0.00485234 0.000343217 -1.31359e-05 1 -0.00246639
1 -0.00016352 -3.69224e-05 -0.00577844 0.000163485 1 -0.000938519 0.0206601 3.70758e-05 0.000938513 1 0.00711024
1 -0.000184867 0.000351176 -0.0179186 0.000184814 1 0.000151218 0.00199382 -0.000351204 -0.000151153 1 0.0108849
0.999999 -0.00111927 -0.000696325 -0.00796159 0.00111959 0.999999 0.000450946 -0.0597085 0.00069582 -0.000451725 1 -0.0206733
1 -0.000222282 -0.000930764 0.00142936 0.000222481 1 0.000213152 0.005843 0.000930716 -0.000213359 1 -0.0136555
0.999999 -0.000440339 0.000972579 -0.00247966 0.00044187 0.999999 -0.00157514 -2.04786e-05 -0.000971884 0.00157557 0.999998 0.0213104
0.999999 -0.000503202 0.00090828 -0.0237025 0.0005045 0.999999 -0.00142926 0.000865172 -0.00090756 0.00142972 0.999999 0.030313
1 4.58452e-05 -0.00023891 -0.0146818 -4.56997e-05 1 0.000609111 0.00671832 0.000238938 -0.0006091 1 0.000119923
1 -0.000367704 -0.000345409 -0.0158908 0.000367981 1 0.000802045 -0.00140148 0.000345114 -0.000802172 1 -0.00665572
1 0.000130568 -1.22033e-05 -0.00975471 -0.000130589 0.999998 -0.00179545 0.03351 1.19688e-05 0.00179545 0.999998 0.00829617
0.999999 -0.000854215 -0.000845015 0.00816736 0.000855345 0.999999 0.00133779 -0.0295954 0.000843871 -0.00133851 0.999999 -0.0219956
1 -0.000439982 -0.000796509 -0.00780706 0.000441403 0.999998 0.00178441 -0.00191571 0.000795722 -0.00178476 0.999998 -0.0267944
1 5.08401e-05 0.000881572 -0.0112535 -4.74756e-05 0.999993 -0.00381607 0.0282191 -0.00088176 0.00381602 0.999992 0.0321459
1 -0.000454111 -0.000266304 -0.00302459 0.000453965 1 -0.000545823 0.00424318 0.000266552 0.000545702 1 -0.00613427
1 -0.000623431 -0.000158534 -0.0137381 0.00062357 0.999999 0.000873917 -0.0247087 0.000157989 -0.000874016 1 -0.00938992
1 -0.000419002 0.00044477 -0.0189826 0.000418978 1 5.43328e-05 0.00191993 -0.000444793 -5.41464e-05 1 -0.000554257
1 -0.000367928 -0.000200271 -0.0129063 0.000367677 0.999999 -0.00125165 -0.00495637 0.000200732 0.00125157 0.999999 0.00306678
1 0.000195738 -0.000151122 -0.0145912 -0.000195749 1 -7.17629e-05 0.0241493 0.000151108 7.17924e-05 1 0.00655906
0.999999 -0.000721634 -0.000880943 -0.0137182 0.000723521 0.999997 0.00214383 -0.0333074 0.000879394 -0.00214447 0.999997 -0.0406961
1 -0.000897043 0.000244865 -0.0111732 0.00089694 1 0.000422378 -0.0115706 -0.000245244 -0.000422158 1 0.00852985
1 -0.000238526 0.000888738 -0.00587715 0.000240188 0.999998 -0.00187035 0.0189981 -0.00088829 0.00187056 0.999998 0.0244685
1 -0.000477447 -0.000204372 -0.000863536 0.000477471 1 0.000116835 -0.0152123 0.000204316 -0.000116933 1 0.00484857
1 -0.000650817 3.9338e-05 -0.0198076 0.000650772 0.999999 0.00113783 -0.0241725 -4.00785e-05 -0.00113781 0.999999 -0.00669314
1 2.70604e-05 0.000759083 -0.0120767 -2.54814e-05 0.999998 -0.00208016 0.0290073 -0.000759137 0.00208014 0.999998 0.02936
1 0.000101012 0.000157813 -0.0156565 -0.000100876 1 -0.000863848 0.018779 -0.0001579 0.000863832 1 0.0171403
1 -0.000465375 -0.000499954 -0.0135004 0.000466128 0.999999 0.00150666 -0.0146854 0.000499253 -0.00150689 0.999999 -0.0097831
1 -0.000653431 -0.000711127 -0.00212282 0.000654286 0.999999 0.001203 -0.0316331 0.000710341 -0.00120346 0.999999 -0.0200354
1 -0.000173814 3.51011e-05 -0.00993331 0.000173821 1 -0.000188435 0.00927011 -3.50684e-05 0.000188441 1 0.00048287
0.999999 -0.000783053 0.000625674 -0.023379 0.000784082 0.999998 -0.00164556 -0.00800343 -0.000624385 0.00164605 0.999998 0.022366
0.999999 -0.00096186 -0.000375913 -0.0127833 0.000961919 1 0.000155751 -0.0330122 0.000375763 -0.000156113 1 -0.00749839
1 -0.000203589 4.75047e-05 -0.0151663 0.000203492 0.999998 0.00201371 0.00546283 -4.79146e-05 -0.0020137 0.999998 -0.0026525
1 -0.000377954 -0.00017045 -0.00809334 0.000377904 1 -0.000293733 -0.00844913 0.000170561 0.000293668 1 0.00527324
1 -0.000387664 0.00049105 -0.0194813 0.00038803 1 -0.000745461 -0.00904542 -0.000490761 0.000745651 1 0.0259532
1 -0.000581065 -0.000519037 -0.0130827 0.000581926 0.999998 0.00165972 -0.00506137 0.000518072 -0.00166002 0.999998 -0.00802512
0.999999 -0.00116526 -0.000560139 -0.00409412 0.00116615 0.999998 0.00159561 -0.0538173 0.000558279 -0.00159627 0.999999 -0.0221179
1 0.000158803 0.000885941 -0.0110878 -0.000158453 1 -0.000395073 0.0408124 -0.000886003 0.000394932 1 0.02106
1 -0.000700559 0.000662958 -0.0242892 0.000701923 0.999998 -0.00205896 -0.00678939 -0.000661514 0.00205942 0.999998 0.0274002
1 -0.000486015 -0.000202479 -0.0121597 0.000486158 1 0.000706839 -0.00695491 0.000202135 -0.000706937 1 -0.00316741
1 -0.000273689 -0.000503093 -0.013032 0.000274229 0.999999 0.00107252 0.0014775 0.000502799 -0.00107266 0.999999 -0.0207695
1 -0.000387627 0.000341477 -0.00732266 0.000388205 0.999998 -0.00169526 -0.00799841 -0.000340819 0.00169539 0.999999 0.0190995
0.999999 -0.000966834 -0.000483649 -0.0235777 0.000966961 0.999999 0.000262521 -0.0310984 0.000483395 -0.000262989 1 -0.00359382
0.999999 -2.38609e-07 -0.0012361 -0.00122071 3.42927e-06 0.999997 0.00258122 -0.0166634 0.0012361 -0.00258123 0.999996 -0.0247539
1 0.000541578 0.000490431 -0.0132767 -0.000540738 0.999998 -0.00171277 0.0130983 -0.000491358 0.00171251 0.999998 0.0188796
0.999999 0.00159644 -4.0613e-05 0.00233056 -0.00159643 0.999999 0.000367675 -0.00729886 4.11999e-05 -0.00036761 1 0.00807344
0.999997 0.00240994 -0.000837136 0.0230361 -0.00240849 0.999996 0.00173221 -0.0176853 0.000841307 -0.00173019 0.999998 -0.0165377
0.999994 0.00341808 -8.92382e-05 0.0271184 -0.00341797 0.999993 0.00118843 -0.0331421 9.32998e-05 -0.00118812 0.999999 -0.00125853
0.999983 0.00583567 -3.37693e-05 0.0429743 -0.00583574 0.99998 -0.00243569 0.0268278 1.95547e-05 0.00243584 0.999997 0.0193167
0.999973 0.00737035 -0.0003343 0.0429652 -0.00737063 0.999972 -0.000846845 0.0262843 0.000328049 0.000849286 1 0.0141348
0.999962 0.00866992 -0.000595958 0.0725211 -0.00866894 0.999961 0.00163746 -0.029235 0.000610131 -0.00163223 0.999998 -0.00446394
0.999943 0.0106689 -0.000489486 0.0898646 -0.0106676 0.99994 0.00255056 -0.024646 0.000516669 -0.00254519 0.999997 -0.0224837
0.999902 0.0139987 -0.000153752 0.112821 -0.0139987 0.999902 -7.9976e-05 0.0219332 0.000152617 8.21205e-05 1 0.0128113
0.999868 0.0162377 -0.000639045 0.147501 -0.0162379 0.999868 -0.000234066 -0.00606818 0.00063516 0.000244412 1 0.0111718
0.999802 0.0197924 -0.0020302 0.172908 -0.0197899 0.999803 0.0012281 -0.0312377 0.00205411 -0.00118768 0.999997 -0.00153494
0.99968 0.0250691 -0.00329846 0.225518 -0.0250668 0.999685 0.00075503 -0.00570241 0.00331635 -0.000672107 0.999994 0.010776
0.999498 0.0313647 -0.00448388 0.284404 -0.0313696 0.999507 -0.00101096 -0.0226526 0.00444996 0.00115111 0.999989 0.0258931
0.999218 0.0392607 -0.00479296 0.367341 -0.0392712 0.999226 -0.00213102 -0.0122477 0.00470559 0.00231758 0.999986 0.053702
0.998821 0.0481196 -0.00647682 0.482747 -0.0481321 0.998839 -0.00179005 -0.0401874 0.00638317 0.00209968 0.999977 0.0355682
0.998277 0.0581776 -0.00762403 0.607765 -0.0581948 0.998303 -0.00204891 -0.089551 0.00749189 0.00248906 0.999969 -0.0036679
0.99753 0.0699945 -0.00586925 0.751273 -0.0700163 0.997539 -0.00359675 -0.0913872 0.00560306 0.00399881 0.999976 0.0351058
0.996752 0.0803182 -0.0058752 0.91078 -0.0803372 0.996763 -0.00306635 -0.157588 0.0056099 0.00352839 0.999978 0.0278437
0.995705 0.0923889 -0.00603038 1.11327 -0.0924044 0.995719 -0.0023452 -0.19108 0.00578789 0.00289236 0.999979 0.0139713
0.994513 0.104526 -0.00417551 1.30772 -0.104536 0.994518 -0.00233131 -0.210723 0.00390894 0.00275501 0.999989 0.0274647
0.993496 0.113836 -0.00252628 1.51354 -0.113842 0.993497 -0.00214271 -0.298137 0.00226593 0.00241637 0.999995 0.023254
0.992213 0.124532 -0.00226974 1.76372 -0.124539 0.992209 -0.00347403 -0.293808 0.00181943 0.00372965 0.999991 0.0055595
0.991205 0.132333 7.67005e-05 1.98855 -0.13233 0.991192 -0.0052881 -0.321754 -0.000775814 0.00523145 0.999986 0.0173679
0.990418 0.138091 0.00161184 2.23244 -0.138076 0.990395 -0.00719477 -0.369579 -0.0025899 0.00690327 0.999973 0.0205566
0.989766 0.142687 0.00163745 2.51367 -0.142663 0.989718 -0.010248 -0.378549 -0.00308288 0.00990953 0.999946 -0.00608675
0.989611 0.14371 0.00416915 2.79019 -0.143661 0.989573 -0.0103086 -0.456363 -0.00560714 0.0096026 0.999938 0.019112
0.989648 0.143449 0.00446215 3.09138 -0.14339 0.9896 -0.011437 -0.478592 -0.00605636 0.0106788 0.999925 0.0255011
0.989789 0.142454 0.0048789 3.37038 -0.142391 0.989744 -0.0114392 -0.515465 -0.00645842 0.0106277 0.999923 0.00645445
0.990082 0.140384 0.00553115 3.70042 -0.140318 0.990047 -0.0108891 -0.556062 -0.00700474 0.0100049 0.999925 -0.0115105
0.990574 0.136847 0.00597208 4.02597 -0.136777 0.990542 -0.0108997 -0.602806 -0.00740719 0.00998013 0.999923 -0.00843002
0.991181 0.132421 0.00493056 4.3744 -0.132341 0.991105 -0.0140464 -0.64197 -0.00674674 0.01327 0.999889 -0.00935347
0.991989 0.126246 0.00442914 4.73997 -0.126175 0.991915 -0.0135992 -0.70676 -0.00611017 0.0129315 0.999898 -0.0362923
0.992963 0.11831 0.00519107 5.1258 -0.118237 0.992904 -0.0126809 -0.826906 -0.00665451 0.0119779 0.999906 -0.0132184
0.993613 0.112758 0.00427137 5.50763 -0.11269 0.993535 -0.0137759 -0.813104 -0.0057971 0.0132066 0.999896 -0.0430694
0.994361 0.105873 0.00616515 5.86495 -0.105782 0.994297 -0.0135225 -0.863311 -0.00756166 0.0127941 0.99989 -0.0208853
0.995078 0.0989388 0.00547147 6.26406 -0.098853 0.995001 -0.0142061 -0.864938 -0.00684964 0.0135953 0.999884 -0.0275765
0.995806 0.0913716 0.00456864 6.64969 -0.0912984 0.995721 -0.0142592 -0.925014 -0.00585198 0.0137823 0.999888 -0.0349441
0.996373 0.0850113 0.00382839 7.02693 -0.0849498 0.996286 -0.0140746 -0.899843 -0.00501067 0.0136983 0.999894 -0.0522881
0.996936 0.0781233 0.00392972 7.42104 -0.078051 0.99682 -0.0160356 -0.877866 -0.00516998 0.0156797 0.999864 -0.0347548
0.997696 0.0676847 0.00466377 7.85688 -0.0676061 0.997594 -0.0153384 -0.950694 -0.00569072 0.0149877 0.999871 -0.0399367
0.998196 0.0598288 0.0049641 8.3013 -0.0597665 0.998142 -0.0118733 -0.95949 -0.00566524 0.0115552 0.999917 -0.0497313
0.998568 0.0531752 0.00589244 8.71183 -0.0530709 0.998452 -0.0166379 -0.904387 -0.00676805 0.0163014 0.999844 -0.0292733
0.9989 0.0463326 0.00724254 9.15655 -0.0462134 0.998806 -0.01584 -0.877156 -0.00796781 0.0154879 0.999848 -0.037318
0.999223 0.038249 0.00946191 9.60299 -0.0380845 0.99913 -0.0169923 -0.892501 -0.0101036 0.0166188 0.999811 -0.0212989
0.999478 0.0311178 0.00866336 10.1026 -0.0309362 0.999314 -0.0203664 -0.869652 -0.00929117 0.0200878 0.999755 -0.043124
0.999665 0.0237347 0.0103113 10.5798 -0.0235262 0.999525 -0.0198868 -0.87723 -0.0107784 0.0196376 0.999749 -0.0306119
0.999779 0.0178633 0.0111016 11.0708 -0.0176097 0.999591 -0.0225328 -0.804193 -0.0114996 0.0223323 0.999684 -0.0147999
0.999871 0.0110174 0.0116733 11.5843 -0.0107562 0.999696 -0.0222057 -0.80795 -0.0119143 0.0220772 0.999685 -0.0218896
0.999928 0.00480231 0.0110189 12.0783 -0.00453199 0.999691 -0.0244276 -0.783246 -0.0111328 0.0243759 0.999641 -0.0467046
0.999943 -0.0010051 0.0106461 12.569 0.0013001 0.999614 -0.0277397 -0.750732 -0.0106141 0.0277519 0.999558 -0.0499767
0.999964 -0.00718377 0.00456996 13.0825 0.00733621 0.999386 -0.0342636 -0.738425 -0.00432102 0.0342958 0.999402 -0.0976518
0.999834 -0.0125162 -0.0132395 13.5261 0.0119514 0.99905 -0.0419074 -0.704508 0.0137515 0.0417422 0.999034 0.00799133
0.998986 -0.0168173 -0.0417549 13.9965 0.0152018 0.999135 -0.0387101 -0.664417 0.0423698 0.0380361 0.998378 -0.00857956
0.99796 -0.0216627 -0.0600618 14.4571 0.0198552 0.999337 -0.0305294 -0.646851 0.0606833 0.0292746 0.997728 -0.0119151
0.997718 -0.0256938 -0.0624316 14.9669 0.0242759 0.999432 -0.023364 -0.582637 0.0629965 0.0217951 0.997776 0.0289929
0.997986 -0.0324653 -0.0544895 15.4969 0.0316182 0.999366 -0.0163368 -0.576941 0.0549854 0.0145811 0.998381 -0.0448645
0.998884 -0.0357033 -0.0309258 16.037 0.0354164 0.999325 -0.00977495 -0.499131 0.0312539 0.00866876 0.999474 -0.103408
0.999148 -0.0407618 0.00638593 16.5742 0.0408248 0.999116 -0.0100639 -0.476751 -0.00597006 0.010316 0.999929 -0.0511367
0.998395 -0.046334 0.0325704 17.1232 0.0468489 0.998786 -0.0152268 -0.44691 -0.0318254 0.0167283 0.999353 0.0462331
0.998028 -0.0503108 0.0375487 17.6679 0.0511728 0.998439 -0.0223608 -0.445706 -0.0363651 0.0242382 0.999045 0.06838
0.998313 -0.051682 0.0264769 18.1601 0.0523546 0.998306 -0.0253737 -0.386334 -0.0251207 0.0267171 0.999327 0.0648722
0.998529 -0.0526201 0.0131052 18.6696 0.0529572 0.998235 -0.0268652 -0.316806 -0.0116685 0.0275197 0.999553 0.0472749
0.998413 -0.0559746 0.00623326 19.233 0.0561013 0.998173 -0.0224472 -0.360536 -0.0049654 0.0227613 0.999729 -0.0680121
0.99836 -0.0552683 0.0149347 19.7411 0.0554757 0.998364 -0.013846 -0.26931 -0.014145 0.0146518 0.999793 -0.21794
0.997356 -0.0570912 0.0449537 20.2864 0.057837 0.998206 -0.0154672 -0.257572 -0.04399 0.0180263 0.998869 -0.246386
0.995634 -0.0581008 0.0730534 20.8601 0.0594453 0.998097 -0.0163644 -0.216729 -0.0719636 0.0206356 0.997194 -0.349142
0.992951 -0.0602285 0.10208 21.4807 0.0631693 0.997669 -0.0258225 -0.236585 -0.100286 0.0320888 0.994441 -0.180081
0.993933 -0.0611474 0.0914269 22.0966 0.0622362 0.99802 -0.00910315 -0.229733 -0.0906892 0.014738 0.99577 -0.100265
0.996075 -0.0608869 0.0642444 22.6285 0.0616265 0.998053 -0.00959198 -0.196831 -0.0635353 0.0135135 0.997888 -0.0814704
0.997563 -0.0621197 0.0317794 23.1749 0.062322 0.998041 -0.0054141 -0.21445 -0.0313808 0.00738146 0.99948 -0.14395
0.998141 -0.0608771 0.00292394 23.7287 0.0609211 0.99797 -0.018577 -0.148899 -0.00178709 0.0187206 0.999823 -0.249096
0.998115 -0.0613397 -0.00170724 24.2892 0.0612447 0.997528 -0.0344588 -0.141196 0.00381672 0.0342893 0.999405 -0.225436
0.998294 -0.0574429 0.0104667 24.859 0.0578142 0.997545 -0.0395265 -0.00498849 -0.00817048 0.0400642 0.999164 -0.29728
0.998111 -0.05727 0.0222448 25.4755 0.0580086 0.997733 -0.0341149 -0.0148593 -0.0202406 0.0353409 0.99917 -0.260161
0.998167 -0.0546544 0.0259993 26.0658 0.0554843 0.997935 -0.0323467 0.0887708 -0.0241777 0.0337299 0.999138 -0.22236
0.998329 -0.0532611 0.0223994 26.6735 0.0539028 0.998122 -0.0290923 0.109565 -0.0208079 0.0302511 0.999326 -0.23354
0.998559 -0.0516893 0.0144469 27.291 0.0521267 0.998136 -0.0317488 0.154548 -0.0127789 0.0324561 0.999391 -0.285069
0.998663 -0.0499938 0.0131372 27.9382 0.0503732 0.99827 -0.0303378 0.188456 -0.0115978 0.030959 0.999453 -0.290479
0.998832 -0.0461219 0.0143896 28.6263 0.04656 0.998411 -0.031758 0.282302 -0.012902 0.0323909 0.999392 -0.281225
0.998903 -0.0439877 0.0160294 29.3274 0.0444883 0.998486 -0.0323381 0.337976 -0.0145827 0.0330157 0.999348 -0.308281
0.999008 -0.0406141 0.018264 29.9626 0.0411713 0.998663 -0.0312451 0.389795 -0.0169706 0.0319661 0.999345 -0.298482
0.999109 -0.0381337 0.0180794 30.6323 0.0386752 0.998783 -0.030614 0.405492 -0.01689 0.0312859 0.999368 -0.322637
0.999168 -0.0358854 0.0193751 31.3199 0.036496 0.998817 -0.032137 0.441224 -0.018199 0.0328174 0.999296 -0.350742
0.999186 -0.0347049 0.0205596 32.0001 0.0353798 0.998815 -0.0334221 0.445859 -0.0193753 0.0341222 0.99923 -0.356677
0.999327 -0.0312628 0.0191627 32.7209 0.031906 0.998904 -0.0342347 0.50825 -0.0180714 0.0348231 0.99923 -0.371027
0.99935 -0.0307157 0.0188475 33.4121 0.0313367 0.998944 -0.033592 0.541494 -0.0177958 0.0341608 0.999258 -0.385147
0.999362 -0.0298075 0.0196824 34.1389 0.0305175 0.998856 -0.0368139 0.591021 -0.0185626 0.037391 0.999128 -0.378111
0.999336 -0.0315521 0.0181945 34.9063 0.0321963 0.998823 -0.0362705 0.618003 -0.0170287 0.0368322 0.999176 -0.45221
0.999347 -0.0300392 0.0200555 35.6409 0.0307743 0.998826 -0.0374089 0.689408 -0.0189082 0.0380017 0.999099 -0.446918
0.9993 -0.0311673 0.0207119 36.3942 0.0318976 0.998845 -0.0359203 0.673328 -0.0195685 0.0365558 0.99914 -0.450036
0.999307 -0.0289654 0.0233772 37.1664 0.0298285 0.998853 -0.0374587 0.77939 -0.0222654 0.03813 0.999025 -0.42287
0.999287 -0.0308449 0.0217661 37.9568 0.0316643 0.998762 -0.0383639 0.776251 -0.0205558 0.0390257 0.999027 -0.46734
0.999385 -0.0283558 0.0206397 38.7297 0.029179 0.998743 -0.0407445 0.879877 -0.0194584 0.0413216 0.998956 -0.517671
0.99934 -0.0294328 0.0213134 39.555 0.0302649 0.998748 -0.0398317 0.835382 -0.0201144 0.0404505 0.998979 -0.529785
0.99932 -0.0282915 0.0236523 40.3433 0.0292715 0.998682 -0.0421714 0.893219 -0.022428 0.042835 0.99883 -0.539993
0.999294 -0.0283427 0.0246474 41.2206 0.0293596 0.998689 -0.0419252 0.882973 -0.0234268 0.0426192 0.998817 -0.572363
0.999305 -0.0268216 0.0258972 42.1029 0.0279065 0.998708 -0.0424799 0.915033 -0.0247243 0.0431731 0.998762 -0.590402
0.999251 -0.0265073 0.0282051 43.0351 0.0277005 0.9987 -0.042788 0.878566 -0.0270343 0.0435373 0.998686 -0.581907
0.99936 -0.0255385 0.0250572 43.8946 0.0265557 0.9988 -0.04114 0.894781 -0.0239765 0.041779 0.998839 -0.672403
0.999375 -0.0238677 0.026065 44.8091 0.0249269 0.998844 -0.0410999 0.964115 -0.0250539 0.041724 0.998815 -0.653655
0.99934 -0.0229076 0.0282079 45.7102 0.0240072 0.99894 -0.0392794 0.958422 -0.0272782 0.0399306 0.99883 -0.657808
0.999282 -0.021766 0.0310158 46.6241 0.0230352 0.998887 -0.041171 1.02709 -0.0300851 0.0418559 0.998671 -0.615699
0.99927 -0.0202126 0.0324266 47.4969 0.021439 0.99905 -0.0379316 1.06636 -0.0316292 0.038599 0.998754 -0.64093
0.999276 -0.0205259 0.0320193 48.4127 0.0216355 0.999164 -0.0347 1.02305 -0.0312803 0.0353677 0.998885 -0.676419
0.999337 -0.0198443 0.0305154 49.2776 0.0209056 0.999173 -0.034862 1.02852 -0.0297984 0.0354768 0.998926 -0.713879
0.999305 -0.0190382 0.032038 50.1469 0.0201356 0.999209 -0.0342868 1.05634 -0.0313599 0.0349081 0.998898 -0.68445
0.99933 -0.0186377 0.0314868 51.0931 0.0196637 0.999275 -0.0325943 1.08005 -0.0308565 0.0331916 0.998973 -0.71195
0.999303 -0.0181652 0.032618 52.0616 0.0192317 0.999281 -0.0326847 1.06504 -0.0320008 0.0332892 0.998933 -0.740164
0.999365 -0.0160168 0.0318326 53.0183 0.0170769 0.999299 -0.0333129 1.20751 -0.0312767 0.0338353 0.998938 -0.809836
0.999337 -0.0156289 0.032875 54.0027 0.0167619 0.999265 -0.0344746 1.23506 -0.032312 0.0350028 0.998865 -0.812824
0.999365 -0.0155265 0.0320847 54.9914 0.0166615 0.999234 -0.0354161 1.34116 -0.0315102 0.0359282 0.998857 -0.84267
0.999326 -0.0174694 0.032277 55.8959 0.0186256 0.999183 -0.0358752 1.3186 -0.0316239 0.0364522 0.998835 -0.850926
0.999353 -0.016568 0.0319234 56.8613 0.0177311 0.999176 -0.0365043 1.40432 -0.0312923 0.0370467 0.998823 -0.887092
0.999349 -0.0162862 0.0321911 57.7953 0.0173806 0.99927 -0.0340172 1.46641 -0.0316136 0.0345545 0.998903 -0.91965
0.999297 -0.0157005 0.0340563 58.6974 0.016874 0.999264 -0.0344507 1.52355 -0.0334904 0.0350012 0.998826 -0.963814
0.999249 -0.0149884 0.0357361 59.6531 0.0161635 0.99933 -0.0328227 1.57858 -0.0352202 0.0333756 0.998822 -0.990168
0.999253 -0.0155147 0.035406 60.5437 0.0166952 0.999306 -0.0332955 1.53064 -0.0348649 0.0338617 0.998818 -1.0426
0.999222 -0.0143042 0.0367505 61.4926 0.0155056 0.999348 -0.0326155 1.56728 -0.03626 0.03316 0.998792 -1.03765
0.999196 -0.0133346 0.0377962 62.4143 0.0145386 0.99939 -0.0317621 1.6001 -0.0373496 0.0322861 0.998781 -1.05697
0.999201 -0.0126552 0.0379028 63.3806 0.0139731 0.9993 -0.0347102 1.64554 -0.037437 0.0352121 0.998678 -1.10076
0.999243 -0.0115018 0.0371533 64.2852 0.0127815 0.999327 -0.0343907 1.66881 -0.0367327 0.0348396 0.998718 -1.10025
0.999367 -0.0101092 0.0341155 65.2325 0.0112697 0.999358 -0.0339974 1.67356 -0.0337499 0.0343604 0.998839 -1.15894
0.9994 -0.00804276 0.0336945 66.1501 0.00919964 0.999369 -0.0343212 1.73773 -0.0333972 0.0346106 0.998843 -1.18977
0.9994 -0.00678166 0.0339612 67.0953 0.00789508 0.999432 -0.0327591 1.78813 -0.0337198 0.0330076 0.998886 -1.2085
0.999322 -0.00741726 0.0360766 68.0458 0.0085807 0.999445 -0.0322019 1.70748 -0.0358177 0.0324896 0.99883 -1.20857
0.999305 -0.00613246 0.0367696 68.976 0.00730105 0.99947 -0.031732 1.75983 -0.0365555 0.0319784 0.99882 -1.24627
0.999389 -0.00559879 0.034495 69.9111 0.00677634 0.999395 -0.0341149 1.76547 -0.0342831 0.0343278 0.998822 -1.29901
0.999412 -0.00495136 0.0339347 70.9737 0.00612149 0.999387 -0.0344652 1.8063 -0.0337433 0.0346527 0.99883 -1.31119
0.999407 -0.00562048 0.0339636 71.9766 0.00684647 0.999325 -0.0360894 1.7281 -0.0337378 0.0363005 0.998771 -1.35219
0.999363 -0.00618896 0.035135 72.9942 0.00760813 0.999154 -0.040403 1.69605 -0.0348552 0.0406446 0.998566 -1.37023
0.999348 -0.00770029 0.0352689 73.9514 0.0092218 0.999025 -0.0431829 1.66974 -0.0349019 0.04348 0.998444 -1.3812
0.999396 -0.00550326 0.0343161 74.9601 0.00693497 0.999104 -0.041743 1.73151 -0.0340556 0.0419558 0.998539 -1.39212
0.999478 -0.00571907 0.0317859 75.9139 0.00708832 0.999044 -0.0431329 1.69119 -0.0315088 0.0433357 0.998564 -1.44352
0.999471 -0.00459082 0.0322106 76.7742 0.00610106 0.998879 -0.046946 1.72618 -0.031959 0.0471177 0.998378 -1.48134
0.999404 -0.00128895 0.0345079 77.7396 0.00301847 0.998739 -0.0501144 1.79678 -0.0343998 0.0501887 0.998147 -1.50955
0.999357 6.09698e-05 0.0358621 78.7015 0.00165029 0.998861 -0.0476864 1.71891 -0.0358241 0.0477149 0.998218 -1.49393
0.999414 0.00394002 0.03401 79.5823 -0.00230315 0.998843 -0.0480349 1.77634 -0.0341599 0.0479284 0.998266 -1.51736
0.999393 0.00696602 0.0341468 80.4848 -0.00521645 0.998682 -0.0510605 1.806 -0.0344575 0.0508514 0.998112 -1.53439
0.999272 0.00906777 0.0370694 81.4764 -0.00710719 0.998586 -0.0526831 1.73915 -0.0374947 0.0523812 0.997923 -1.52214
0.999189 0.0137516 0.0378379 82.4513 -0.011812 0.998628 -0.0510169 1.81961 -0.0384875 0.0505286 0.997981 -1.58891
0.999202 0.0169735 0.0361688 83.3944 -0.0152237 0.998726 -0.0481178 1.85208 -0.0369394 0.0475288 0.998187 -1.63956
0.999161 0.0195202 0.036017 84.3551 -0.0179457 0.998891 -0.0435326 1.83714 -0.0368268 0.0428497 0.998403 -1.66579
0.999112 0.021648 0.0361402 85.2954 -0.0201718 0.998967 -0.0407233 1.8491 -0.0369845 0.0399582 0.998517 -1.66084
0.999128 0.0246636 0.0337018 86.2212 -0.0232832 0.998898 -0.040755 1.87528 -0.0346698 0.0399347 0.998601 -1.73077
0.999072 0.0271738 0.0334114 87.1223 -0.0259104 0.998954 -0.0376834 1.90199 -0.0344004 0.0367827 0.998731 -1.72332
0.999043 0.0280287 0.0335871 88.0056 -0.0268393 0.999014 -0.0353539 1.86235 -0.0345449 0.0344186 0.99881 -1.77355
0.998918 0.0300787 0.0354672 88.9006 -0.028819 0.998954 -0.0355104 1.87833 -0.0364982 0.0344498 0.99874 -1.77233
0.998788 0.0318921 0.0374768 89.7889 -0.0305632 0.998902 -0.0355109 1.85055 -0.0385682 0.0343225 0.998666 -1.76369
0.998774 0.0325734 0.037287 90.6758 -0.0311688 0.998805 -0.0376499 1.81119 -0.0384688 0.0364415 0.998595 -1.82394
0.998739 0.0330171 0.0378233 91.5755 -0.0316253 0.998821 -0.0368245 1.80236 -0.0389946 0.0355819 0.998606 -1.83453
0.998691 0.0349218 0.0373865 92.4744 -0.0337152 0.998905 -0.0324314 1.79109 -0.0384782 0.0311285 0.998774 -1.87454
0.998684 0.0351547 0.0373505 93.3475 -0.0339397 0.998889 -0.0326805 1.77872 -0.0384579 0.0313698 0.998768 -1.92831
0.998614 0.0361126 0.038298 94.2264 -0.0348754 0.998863 -0.0324968 1.74139 -0.039428 0.0311161 0.998738 -1.96298
0.998568 0.0382132 0.0374361 95.1225 -0.0371194 0.998876 -0.0294912 1.72884 -0.038521 0.0280593 0.998864 -1.98434
0.998568 0.0396263 0.0359282 95.9734 -0.0386071 0.998844 -0.028633 1.66226 -0.0370213 0.0272049 0.998944 -2.01251
0.998446 0.0434109 0.0349358 96.8428 -0.0423354 0.998624 -0.0309556 1.73066 -0.0362315 0.0294285 0.99891 -2.0695
0.998374 0.0447934 0.0352577 97.7669 -0.0437248 0.998577 -0.0305185 1.68964 -0.0365746 0.0289273 0.998912 -2.11647
0.998332 0.0456344 0.0353589 98.6346 -0.0445344 0.998518 -0.0312968 1.59294 -0.0367347 0.0296699 0.998885 -2.15467
0.998235 0.0471001 0.0361761 99.5221 -0.0459757 0.998452 -0.0313106 1.5694 -0.0375948 0.0295921 0.998855 -2.18376
0.998212 0.0466329 0.0374046 100.472 -0.0455123 0.998505 -0.0302714 1.54597 -0.0387603 0.0285149 0.998842 -2.17857
0.998238 0.0470243 0.0361848 101.368 -0.0459103 0.998464 -0.0310243 1.54287 -0.0375881 0.0293084 0.998863 -2.20038
0.998254 0.046129 0.0369033 102.3 -0.0451286 0.998603 -0.0274998 1.42898 -0.0381202 0.0257864 0.99894 -2.22511
0.998232 0.0447822 0.0390839 103.342 -0.043586 0.99857 -0.0309416 1.38542 -0.0404137 0.0291833 0.998757 -2.19032
0.998317 0.042614 0.039346 104.182 -0.0415516 0.99876 -0.0274362 1.29128 -0.0404663 0.0257551 0.998849 -2.22613
0.998484 0.0436231 0.0335715 105.186 -0.0427786 0.99876 -0.0254763 1.30518 -0.0346413 0.0240015 0.999112 -2.30775
0.998474 0.0445409 0.032643 106.048 -0.0436969 0.998703 -0.026128 1.2907 -0.0337644 0.0246617 0.999125 -2.25252
0.998522 0.0444736 0.0312502 106.839 -0.0437922 0.998795 -0.0221631 1.22715 -0.0321982 0.0207618 0.999266 -2.29544
0.998382 0.0458313 0.0336477 107.72 -0.0449688 0.998651 -0.0259564 1.20762 -0.0347919 0.0244013 0.999097 -2.27015
0.998288 0.0481878 0.0331392 108.497 -0.0474464 0.998613 -0.0228071 1.23078 -0.0341923 0.0211957 0.99919 -2.32861
0.998213 0.0499764 0.0327678 109.443 -0.0491541 0.998467 -0.0254397 1.1359 -0.033989 0.0237836 0.999139 -2.33884
0.998024 0.0525884 0.0343868 110.374 -0.0519233 0.998452 -0.0199566 1.11331 -0.035383 0.0181317 0.999209 -2.35394
