1 0 0 0 0 1 0 0 -0 0 1 0
0.999937 -0.011164 0.000835145 0.536296 0.0111654 0.999936 -0.00169568 0.018592 -0.000816161 0.0017049 0.999998 0.0146714
0.99992 -0.0125329 0.00176815 0.988997 0.0125367 0.999919 -0.00215049 0.000288266 -0.00174105 0.00217249 0.999996 0.00851174
0.999884 -0.0152172 0.0011818 1.40433 0.0152233 0.99987 -0.00538449 -0.0201348 -0.00109971 0.00540185 0.999985 0.0293415
0.999833 -0.0182168 -0.00147079 1.91306 0.0182125 0.99983 -0.00289485 0.0622546 0.00152327 0.00286758 0.999995 0.0369245
0.999753 -0.0219185 -0.00354731 2.46228 0.0219061 0.999754 -0.00350664 0.147078 0.0036233 0.00342807 0.999988 0.0367717
0.999707 -0.0239843 -0.0033053 2.96915 0.0239759 0.999709 -0.0025639 0.149698 0.00336583 0.0024839 0.999991 0.0139741
0.999632 -0.0269147 -0.00345809 3.52417 0.0269053 0.999634 -0.00272179 0.18514 0.00353008 0.00262774 0.99999 -0.00588707
0.999596 -0.0283571 -0.00216578 4.11693 0.0283488 0.999591 -0.00378871 0.256769 0.00227233 0.00372578 0.99999 -0.00733455
0.999527 -0.030758 -0.000680082 4.7096 0.030756 0.999523 -0.00269929 0.329056 0.000762783 0.0026771 0.999996 -0.0095177
0.999482 -0.032162 0.00100412 5.29587 0.0321633 0.999482 -0.0012357 0.345075 -0.00096386 0.00126736 0.999999 -0.0411183
0.999387 -0.0349926 0.00136944 5.84882 0.0349937 0.999387 -0.000828911 0.406815 -0.0013396 0.000876325 0.999999 -0.0118752
0.99934 -0.0363222 0.000388066 6.37855 0.0363219 0.99934 0.000733898 0.460147 -0.000414466 -0.000719318 1 -0.0291114
0.999196 -0.0400932 0.000816219 6.90842 0.0400915 0.999194 0.00202839 0.514057 -0.000896886 -0.00199403 0.999998 -0.045853
0.999142 -0.0414184 0.000137659 7.43884 0.0414182 0.999141 0.000968787 0.569585 -0.000177666 -0.000962254 1 -0.0626838
0.999066 -0.0432121 -0.000147491 8.12277 0.0432122 0.999064 0.00177129 0.573895 7.08117e-05 -0.00177601 0.999998 -0.0521034
0.999021 -0.0442338 0.000387793 8.69772 0.0442326 0.999018 0.00272995 0.634204 -0.000508168 -0.00271012 0.999996 -0.0773387
0.998869 -0.0475481 3.03775e-05 9.26766 0.0475479 0.998865 0.00281325 0.665563 -0.000164108 -0.00280863 0.999996 -0.0847986
0.998883 -0.0472478 -0.000225403 9.88996 0.0472483 0.998877 0.00356791 0.681968 5.6574e-05 -0.00357458 0.999994 -0.0943605
0.998839 -0.0481547 -0.000887059 10.5029 0.0481574 0.998834 0.00332143 0.769377 0.000726082 -0.0033603 0.999994 -0.0920296
0.998811 -0.0486989 -0.002177 11.1157 0.0487013 0.998813 0.00105483 0.857281 0.00212305 -0.0011596 0.999997 -0.0893945
0.998781 -0.0492819 -0.00270338 11.7537 0.049285 0.998784 0.0011085 0.887604 0.00264546 -0.00124039 0.999996 -0.077249
0.998686 -0.0512035 -0.00212336 12.4004 0.0512045 0.998688 0.000411696 0.946762 0.0020995 -0.000519881 0.999998 -0.0753479
0.99865 -0.0519494 -0.000563232 13.0505 0.0519493 0.99865 -0.00027166 1.02889 0.000576584 0.000242034 1 -0.0570622
0.998645 -0.0520377 -0.000275974 13.6813 0.0520373 0.998644 -0.00132087 1.09083 0.000344335 0.00130472 0.999999 -0.0518043
0.998586 -0.0531518 0.000510645 14.3201 0.0531522 0.998586 -0.000868252 1.14794 -0.000463774 0.000894167 0.999999 -0.0626502
0.998543 -0.053955 -6.26314e-05 14.9533 0.0539548 0.998541 -0.00221817 1.24391 0.000182222 0.00221156 0.999998 -0.0421833
0.9985 -0.054746 -0.000667918 15.5863 0.0547449 0.998499 -0.00155831 1.34025 0.000752227 0.00151941 0.999999 -0.0212877
0.998429 -0.0560169 -0.00161923 16.2309 0.0560124 0.998426 -0.00269412 1.37726 0.00176759 0.00259919 0.999995 -0.0167834
0.998439 -0.0558468 0.000793661 16.8648 0.0558488 0.998435 -0.00277961 1.42377 -0.000637186 0.0028196 0.999996 -0.00365291
0.998355 -0.0573409 -0.000385687 17.4725 0.0573394 0.99835 -0.00312867 1.46013 0.000564451 0.00310141 0.999995 -0.0511408
0.998239 -0.0593086 0.000686647 18.0551 0.0593105 0.998235 -0.00304631 1.53088 -0.000504762 0.00308167 0.999995 -0.0414903
0.99827 -0.0587853 0.00112806 18.7137 0.0587873 0.998269 -0.00182879 1.60023 -0.0010186 0.00189195 0.999998 -0.0565349
0.998249 -0.0591451 0.00120117 19.3477 0.0591469 0.998248 -0.00146242 1.66571 -0.00111257 0.00153091 0.999998 -0.0455511
0.998199 -0.0598901 0.00333823 19.9151 0.0598854 0.998204 0.00150909 1.71573 -0.00342261 -0.00130646 0.999993 -0.0533698
0.99813 -0.0608975 0.00526021 20.5146 0.0608919 0.998144 0.00121055 1.77175 -0.00532417 -0.000887983 0.999985 -0.0468262
0.998078 -0.0617192 0.00564746 21.1393 0.0617115 0.998093 0.00152554 1.86842 -0.00573085 -0.00117409 0.999983 -0.0655708
0.998115 -0.0609993 0.00669938 21.7837 0.0609905 0.998137 0.00150351 1.92723 -0.00677861 -0.00109208 0.999976 -0.0754677
0.998099 -0.0612799 0.00662615 22.3833 0.0612809 0.998121 5.6953e-05 1.93449 -0.00661718 0.000349212 0.999978 -0.0801097
0.998119 -0.0606482 0.00897916 23.0656 0.0606403 0.998159 0.00114075 2.02477 -0.00903182 -0.0005941 0.999959 -0.0745867
0.998078 -0.0605526 0.0131719 23.6244 0.0605374 0.998165 0.00154542 2.06785 -0.0132413 -0.000745051 0.999912 -0.087111
0.99802 -0.0623334 -0.00845261 24.2289 0.0623111 0.998053 -0.00287757 2.1529 0.00861552 0.00234518 0.99996 -0.122943
0.997334 -0.0609673 -0.0400897 24.8262 0.0603825 0.998053 -0.0156432 2.26139 0.0409653 0.0131808 0.999074 -0.108438
0.996733 -0.0610263 -0.052907 25.3917 0.0602198 0.998045 -0.016707 2.28149 0.0538232 0.0134664 0.99846 -0.0798777
0.996891 -0.0598496 -0.0512398 25.9628 0.0592352 0.998154 -0.0134272 2.33633 0.0519488 0.0103502 0.998596 -0.0515296
0.997737 -0.0588032 -0.0326003 26.5926 0.0586308 0.99826 -0.00621896 2.44995 0.0329093 0.00429351 0.999449 0.0290837
0.998022 -0.062797 0.00306514 27.2668 0.0628003 0.998026 -0.000991204 2.51456 -0.00299684 0.00118173 0.999995 0.0332678
0.997751 -0.0621663 0.025079 27.8725 0.0622088 0.998063 -0.00091731 2.59259 -0.0249733 0.00247538 0.999685 0.0127377
0.997778 -0.0626355 0.0227151 28.5455 0.062687 0.998032 -0.00156325 2.64313 -0.0225725 0.00298371 0.999741 -0.0118521
0.997809 -0.0618362 0.0235329 29.1322 0.0617908 0.998086 0.0026512 2.7283 -0.0236518 -0.00119128 0.99972 -0.0360098
0.997508 -0.064633 0.0282741 29.7123 0.0644898 0.997901 0.00594557 2.75656 -0.0285991 -0.00410736 0.999583 -0.0785586
0.997161 -0.0651481 0.037765 30.2908 0.0649969 0.997872 0.00522096 2.86903 -0.0380248 -0.00275153 0.999273 -0.0649859
0.997029 -0.0671008 0.037813 30.8784 0.0670813 0.997746 0.00178432 2.88961 -0.0378475 0.000757524 0.999283 -0.0646891
0.997535 -0.0667225 0.0217394 31.453 0.0667633 0.997768 -0.00115502 2.98232 -0.0216138 0.00260357 0.999763 -0.108707
0.99784 -0.0656503 0.00215693 32.039 0.0656528 0.997842 -0.001147 3.05741 -0.00207698 0.00128614 0.999997 -0.0886653
0.997792 -0.0651782 -0.0127536 32.6312 0.0651456 0.997871 -0.00295844 3.13176 0.0129192 0.00212107 0.999914 -0.110645
0.997672 -0.0653424 -0.0194988 33.28 0.0653042 0.997862 -0.00258734 3.18027 0.0196261 0.00130797 0.999807 -0.15732
0.997736 -0.0665399 -0.00981219 33.8948 0.0665549 0.997782 0.00120277 3.2371 0.00971039 -0.00185309 0.999951 -0.14066
0.99778 -0.0665778 -0.00133111 34.5099 0.0665764 0.997781 -0.00103665 3.29131 0.00139717 0.000945726 0.999999 -0.0835337
0.997828 -0.0657893 -0.00326913 35.2264 0.065784 0.997832 -0.00171267 3.40744 0.00337472 0.00149389 0.999993 -0.101491
0.998015 -0.0623505 -0.00882703 35.8721 0.0623361 0.998053 -0.00189188 3.4403 0.00892781 0.00133788 0.999959 -0.0786483
0.998268 -0.0579297 -0.0102954 36.4961 0.0579226 0.998321 -0.000986414 3.53082 0.0103352 0.00038837 0.999947 -0.0809369
0.998456 -0.0546865 -0.00975371 37.2 0.0546826 0.998504 -0.000669298 3.61223 0.00977572 0.000134906 0.999952 -0.105424
0.998555 -0.0532409 -0.00730064 37.8799 0.0532344 0.998581 -0.00108298 3.66017 0.00734794 0.000692771 0.999973 -0.0878575
0.998697 -0.0508211 -0.00466758 38.5203 0.0508192 0.998708 -0.000539253 3.68606 0.00468895 0.000301348 0.999989 -0.0871707
0.998958 -0.0455222 -0.00313358 39.2254 0.045521 0.998963 -0.000460708 3.74897 0.0031513 0.000317585 0.999995 -0.0810492
0.999086 -0.0425106 -0.00441302 39.933 0.042508 0.999096 -0.000676258 3.81009 0.00443778 0.000488052 0.99999 -0.0756926
0.999298 -0.0371705 -0.00474065 40.6524 0.0371609 0.999307 -0.0020834 3.88016 0.00481481 0.00190577 0.999987 -0.0783676
0.999465 -0.0325588 -0.00323718 41.3834 0.0325464 0.999463 -0.00381917 3.96424 0.00335979 0.00371176 0.999987 -0.073135
0.999566 -0.0293123 -0.00300499 42.1407 0.0293019 0.999565 -0.00346698 4.01612 0.00310531 0.00337742 0.999989 -0.0847622
0.999625 -0.0271685 -0.00327698 42.8525 0.0271544 0.999622 -0.00426921 4.07559 0.00339173 0.00417862 0.999986 -0.0740616
0.999677 -0.0251628 -0.00345033 43.5623 0.0251458 0.999672 -0.00489082 4.08516 0.00357226 0.00480248 0.999982 -0.0812384
0.99972 -0.0232233 -0.00451239 44.26 0.0232073 0.999724 -0.0035661 4.11668 0.00459396 0.00346038 0.999983 -0.0756384
0.999752 -0.021808 -0.00444116 45.0647 0.0217924 0.999756 -0.00351901 4.17978 0.00451682 0.00342135 0.999984 -0.084744
0.999723 -0.0229217 -0.00543157 45.8234 0.0229003 0.99973 -0.00397234 4.23043 0.00552116 0.00384685 0.999977 -0.105651
0.999707 -0.0238232 -0.00439324 46.5596 0.0237942 0.999695 -0.00655511 4.29488 0.00454807 0.00644866 0.999969 -0.101393
0.999573 -0.0286971 -0.00545729 47.3448 0.0286417 0.99954 -0.00995778 4.35049 0.00574054 0.00979723 0.999936 -0.089698
0.999465 -0.0319947 -0.00684417 48.0812 0.0319225 0.999436 -0.0104155 4.39329 0.00717355 0.0101914 0.999922 -0.0939465
0.999297 -0.0366919 -0.00764482 48.9268 0.0365811 0.99923 -0.0141659 4.45178 0.00815871 0.0138763 0.99987 -0.0912987
0.999128 -0.040672 -0.00942541 49.7546 0.0404782 0.998982 -0.0199216 4.54767 0.0102261 0.0195227 0.999757 -0.0953589
0.998874 -0.0467874 -0.00791354 50.5315 0.0466078 0.998681 -0.0215306 4.63938 0.00891047 0.0211376 0.999737 -0.0952271
0.998534 -0.0537834 -0.00602761 51.3034 0.0536135 0.998237 -0.0254821 4.68139 0.00738749 0.0251216 0.999657 -0.0569835
0.998218 -0.0592223 -0.00735023 52.1516 0.0590233 0.997947 -0.0248462 4.74823 0.0088066 0.0243681 0.999664 -0.080718
0.997817 -0.0657065 -0.00655478 53.0158 0.0655108 0.997498 -0.0265826 4.87474 0.00828503 0.0260952 0.999625 -0.085713
0.997486 -0.0706887 -0.00493393 53.817 0.0705474 0.997206 -0.0245546 4.96315 0.00665587 0.0241448 0.999686 -0.121293
0.996989 -0.0774917 -0.00279352 54.5623 0.0773769 0.99657 -0.0293608 5.00328 0.00505915 0.0290562 0.999565 -0.0895306
0.996481 -0.0837736 -0.00270969 55.4776 0.0836548 0.996041 -0.0300843 5.14991 0.00521924 0.0297518 0.999544 -0.0880723
0.995977 -0.0895664 -0.00285181 56.3533 0.089427 0.995462 -0.0325203 5.24812 0.0057516 0.0321345 0.999467 -0.0545547
0.995427 -0.095466 -0.00328297 57.212 0.0953313 0.995022 -0.0290476 5.33171 0.00603969 0.0286018 0.999573 -0.0766246
0.994988 -0.0998749 -0.00486914 58.0702 0.0997114 0.994659 -0.0266693 5.42041 0.00750672 0.0260501 0.999632 -0.0984072
0.994539 -0.104367 -0.000564359 58.97 0.10433 0.994305 -0.0217621 5.60819 0.00283239 0.0215843 0.999763 -0.0782287
0.994142 -0.108053 -0.00266471 59.8465 0.107978 0.993948 -0.0201839 5.7358 0.00482952 0.019778 0.999793 -0.0770594
0.993655 -0.112402 -0.00389907 60.7226 0.112299 0.993463 -0.0205012 5.86665 0.00617794 0.0199332 0.999782 -0.0738766
0.993079 -0.117234 -0.00708391 61.6091 0.117078 0.992933 -0.0194284 6.0025 0.00931151 0.0184646 0.999786 -0.0361148
0.992882 -0.11879 -0.00858127 62.5158 0.118677 0.992852 -0.01266 6.16978 0.0100238 0.0115515 0.999883 -0.0273133
0.993364 -0.114882 -0.00551208 63.5575 0.114818 0.993329 -0.0107338 6.35771 0.00670843 0.0100297 0.999927 -0.041036
0.993551 -0.11331 -0.00407454 64.3582 0.113273 0.993529 -0.00833324 6.48753 0.00499242 0.00781796 0.999957 -0.057371
0.993355 -0.114954 -0.00561666 65.284 0.114914 0.993351 -0.00695449 6.66465 0.00637876 0.00626285 0.99996 -0.034716
0.99355 -0.113181 -0.00694859 66.2094 0.113134 0.993556 -0.00687185 6.84181 0.00768158 0.0060414 0.999952 -0.011704
0.993902 -0.109967 -0.008142 67.1587 0.109933 0.993929 -0.00446626 6.94204 0.00858371 0.00354394 0.999957 -0.0482422
0.994069 -0.10844 -0.00816442 68.1267 0.108407 0.994097 -0.00440422 7.11691 0.00859382 0.00349302 0.999957 -0.0496018
0.994911 -0.100572 -0.00606529 69.0909 0.100559 0.994928 -0.00236204 7.28975 0.00627208 0.0017401 0.999979 -0.0608176
0.9943 -0.106536 -0.00419563 70.0242 0.106532 0.994309 -0.00113545 7.42737 0.00429272 0.000682011 0.999991 -0.0348565
0.994397 -0.105634 -0.00408202 70.8854 0.105625 0.994403 -0.00236014 7.53176 0.00430848 0.00191575 0.999989 -0.0340014
0.994478 -0.104746 -0.00640769 71.7446 0.10473 0.994497 -0.00268627 7.61212 0.00665381 0.00200036 0.999976 -0.0265069
0.99488 -0.100874 -0.0062391 72.7434 0.100854 0.994895 -0.00355476 7.78356 0.00656583 0.00290733 0.999974 -0.0342252
0.994806 -0.101697 -0.00435314 73.6933 0.101687 0.994813 -0.00243932 7.91375 0.00457863 0.00198399 0.999988 -0.0516643
0.995087 -0.0989689 -0.00281203 74.6227 0.098952 0.995076 -0.0056278 7.99765 0.00335517 0.00532189 0.99998 -0.0404654
0.99506 -0.0992475 -0.00216588 75.5019 0.0992255 0.995028 -0.00862171 8.10403 0.00301079 0.00836422 0.99996 -0.0526759
0.995205 -0.0977769 -0.00261423 76.4709 0.0977534 0.995179 -0.00795919 8.28844 0.00337985 0.00766548 0.999965 -0.0371626
0.995586 -0.0938354 -0.00209945 77.4675 0.0938141 0.995552 -0.00862548 8.42534 0.00289948 0.00839045 0.999961 -0.0487433
0.995572 -0.0939766 0.00223025 78.4587 0.093995 0.995517 -0.0105694 8.58201 -0.00122697 0.0107322 0.999942 -0.0547419
0.995587 -0.0937598 0.00395231 79.4907 0.0937936 0.995547 -0.00948183 8.67444 -0.00304569 0.00981069 0.999947 -0.0598754
0.995483 -0.0948011 0.0050512 80.3684 0.0948534 0.995426 -0.0113672 8.79389 -0.00395048 0.011795 0.999923 -0.0738439
0.995679 -0.0928348 0.00208612 81.2553 0.0928535 0.995604 -0.0122851 8.86279 -0.000936456 0.0124258 0.999922 -0.0627746
0.995635 -0.0933365 -0.000181258 82.0976 0.0933277 0.995564 -0.0119253 8.97176 0.00129352 0.0118563 0.999929 -0.0682245
0.995374 -0.0960779 0.000302271 83.091 0.0960742 0.995296 -0.0124582 9.0782 0.000896111 0.0124296 0.999922 -0.046685
0.995573 -0.0939047 0.00394622 84.1442 0.0939482 0.995494 -0.012839 9.21195 -0.0027228 0.0131529 0.99991 -0.045068
0.99573 -0.0922037 0.00457511 85.18 0.0922552 0.995654 -0.0127241 9.36189 -0.00338202 0.0130919 0.999909 -0.0150975
0.995389 -0.0956705 0.00698783 86.0595 0.0957674 0.995288 -0.0151657 9.48763 -0.00550399 0.015765 0.999861 -0.0194168
0.99549 -0.0946111 0.00691938 86.9386 0.0947161 0.995361 -0.016879 9.61427 -0.00529034 0.0174583 0.999834 -0.036185
0.9953 -0.0966514 0.00605421 87.826 0.0967453 0.995149 -0.017848 9.65573 -0.00429981 0.0183498 0.999822 -0.0548266
0.995344 -0.0962708 0.00466777 88.7847 0.0963426 0.995168 -0.0189579 9.86846 -0.00282012 0.0193193 0.999809 -0.0756063
0.99556 -0.0940333 0.00416506 89.6981 0.094094 0.995397 -0.0182193 9.96205 -0.00243267 0.0185303 0.999825 -0.0905291
0.99567 -0.0928569 0.00439252 90.7214 0.0929239 0.995493 -0.0189319 10.0874 -0.00261477 0.0192581 0.999811 -0.09255
0.995994 -0.0892815 0.00493845 91.6634 0.0893536 0.995853 -0.0170867 10.2494 -0.00339245 0.0174595 0.999842 -0.082746
0.996114 -0.0879122 0.00533666 92.5965 0.0879902 0.99598 -0.0167713 10.395 -0.0038408 0.0171757 0.999845 -0.0799962
0.996108 -0.0880193 0.00463947 93.536 0.0880816 0.995991 -0.0155934 10.5207 -0.00324836 0.0159413 0.999868 -0.0836117
0.996255 -0.086363 0.00426844 94.4426 0.0864185 0.996143 -0.0152251 10.6365 -0.00293709 0.015537 0.999875 -0.0606485
0.996154 -0.087454 0.00534451 95.4226 0.0875349 0.996008 -0.0174786 10.7707 -0.0037946 0.0178792 0.999833 -0.09525
0.996375 -0.0848995 0.00538755 96.28 0.084979 0.996241 -0.0168124 10.8818 -0.00393993 0.0172093 0.999844 -0.0966783
0.996422 -0.0841876 0.00746659 97.2088 0.0843064 0.996289 -0.0173505 10.9759 -0.00597818 0.0179179 0.999822 -0.107366
0.996693 -0.0808469 0.0081938 98.2419 0.0809782 0.996567 -0.0172168 11.0841 -0.00677374 0.0178234 0.999818 -0.09971
0.996588 -0.0820078 0.0093567 99.0924 0.0821553 0.99648 -0.0166517 11.2248 -0.0079582 0.0173636 0.999818 -0.0906525
0.996662 -0.0810384 0.00992848 100.064 0.0811922 0.996567 -0.0162179 11.3324 -0.00858012 0.0169699 0.999819 -0.0894406
0.996572 -0.0819406 0.0113578 101.035 0.0821218 0.996485 -0.0165294 11.4389 -0.00996342 0.0174055 0.999799 -0.0888588
0.996651 -0.0809063 0.0119023 101.966 0.0810964 0.99657 -0.0164677 11.535 -0.0105291 0.0173778 0.999794 -0.0857535
0.996614 -0.0811609 0.0131683 102.896 0.0813856 0.996528 -0.0175384 11.6301 -0.0116991 0.0185507 0.999759 -0.0831979
0.996698 -0.0796099 0.0159717 103.787 0.0798892 0.996647 -0.0176856 11.7986 -0.0145102 0.0189032 0.999716 -0.0541318
0.996732 -0.0786411 0.018438 104.761 0.0789708 0.996716 -0.0178904 11.8519 -0.0169705 0.019288 0.99967 -0.0794176
0.996759 -0.0779999 0.0196918 105.707 0.0783456 0.996774 -0.0174391 11.9934 -0.018268 0.0189253 0.999654 -0.098329
0.996974 -0.0757206 0.0175791 106.631 0.0760317 0.996947 -0.0177593 12.0981 -0.0161806 0.0190421 0.999688 -0.129724
0.99715 -0.0741513 0.0139265 107.515 0.0744015 0.997059 -0.0183996 12.1628 -0.0125212 0.0193833 0.999734 -0.149863
0.997087 -0.0750315 0.013689 108.403 0.0752864 0.996978 -0.0191664 12.2958 -0.0122095 0.0201411 0.999723 -0.18485
0.996905 -0.0773248 0.0142004 109.349 0.07762 0.99675 -0.021568 12.3936 -0.0124865 0.0226034 0.999667 -0.205985
0.997056 -0.0751467 0.0152725 110.284 0.0754674 0.996914 -0.0216327 12.5472 -0.0135997 0.0227215 0.999649 -0.204729
0.997196 -0.0734702 0.0142186 111.22 0.0737838 0.99701 -0.0229586 12.6988 -0.0124893 0.0239433 0.999635 -0.204518
0.997275 -0.0725142 0.0135523 112.17 0.0728256 0.997053 -0.0241026 12.7853 -0.0117646 0.0250239 0.999618 -0.226298
0.997406 -0.0705262 0.0143954 113.099 0.0708469 0.997219 -0.0231433 12.9082 -0.0127231 0.0241031 0.999629 -0.223053
0.997425 -0.070175 0.014815 114.05 0.0705094 0.997237 -0.0234014 13.095 -0.0131319 0.0243857 0.999616 -0.250867
0.997521 -0.0687362 0.0150412 114.983 0.0690689 0.99735 -0.0228453 13.1777 -0.013431 0.0238276 0.999626 -0.263916
0.997576 -0.0674177 0.0172371 115.916 0.0678256 0.997402 -0.0242861 13.2589 -0.015555 0.0253964 0.999556 -0.277184
0.997338 -0.0704783 0.0187013 116.687 0.0709365 0.997165 -0.0250862 13.2802 -0.0168803 0.0263461 0.99951 -0.274802
0.997229 -0.0719298 0.0190062 117.636 0.0724353 0.996997 -0.0273962 13.3785 -0.0169785 0.0286969 0.999444 -0.277715
0.99732 -0.0705999 0.0191999 118.591 0.071125 0.997069 -0.0282021 13.4662 -0.0171525 0.0294921 0.999418 -0.32603
0.997305 -0.0708538 0.0190341 119.481 0.071366 0.997065 -0.0277305 13.607 -0.0170134 0.0290142 0.999434 -0.346484
0.997234 -0.0713491 0.0208055 120.373 0.0719231 0.997009 -0.028289 13.7268 -0.0187248 0.0297071 0.999383 -0.365375
0.997105 -0.0728957 0.0216238 121.265 0.0734611 0.996943 -0.0266209 13.8468 -0.0196171 0.0281323 0.999412 -0.385399
0.996983 -0.0743421 0.0223244 122.097 0.0749268 0.996834 -0.0266108 13.9095 -0.0202754 0.0282032 0.999397 -0.383218
0.996917 -0.0750181 0.0230041 122.945 0.0756222 0.996781 -0.0266248 14.038 -0.0209327 0.0282824 0.999381 -0.38498
0.99682 -0.0759006 0.0242588 123.793 0.0764957 0.996766 -0.0246223 14.1669 -0.0223115 0.0263997 0.999402 -0.38725
0.99641 -0.0798108 0.0282516 124.66 0.0805185 0.996443 -0.0248651 14.2393 -0.0261666 0.0270506 0.999292 -0.404612
0.996006 -0.0841971 0.0297024 125.513 0.084927 0.996092 -0.0242326 14.3215 -0.027546 0.0266584 0.999265 -0.443021
0.995682 -0.0874682 0.0311 126.259 0.0881955 0.995841 -0.0228346 14.4651 -0.0289733 0.0254789 0.999255 -0.448644
0.995141 -0.092669 0.033269 126.985 0.0934469 0.995367 -0.0226419 14.5736 -0.0310166 0.0256408 0.99919 -0.448357
0.994599 -0.0980251 0.0341092 127.821 0.0988152 0.994856 -0.0223002 14.6987 -0.0317478 0.0255503 0.999169 -0.461192
0.993865 -0.104772 0.0354282 128.603 0.105573 0.994178 -0.0215525 14.8483 -0.0329638 0.0251605 0.99914 -0.498598
0.993248 -0.110326 0.0358811 129.361 0.11112 0.993586 -0.0209453 14.9713 -0.0333402 0.024791 0.999137 -0.512521
0.992491 -0.116748 0.0364957 130.057 0.117556 0.992848 -0.0208169 15.0591 -0.0338043 0.0249508 0.999117 -0.543227
0.991611 -0.123237 0.0389888 130.753 0.124102 0.992056 -0.0205864 15.1515 -0.0361421 0.0252523 0.999028 -0.573979
0.990725 -0.129585 0.040875 131.466 0.130539 0.991208 -0.0216052 15.2999 -0.0377159 0.0267406 0.998931 -0.555138
0.989664 -0.136042 0.04536 132.018 0.137035 0.990373 -0.019538 15.3634 -0.0422654 0.0255519 0.99878 -0.585435
0.988221 -0.145186 0.0483813 132.587 0.146292 0.989037 -0.0201352 15.4983 -0.0449275 0.0269758 0.998626 -0.62767
0.986722 -0.154306 0.0506883 133.138 0.155517 0.987613 -0.0208569 15.5734 -0.046842 0.0284629 0.998497 -0.651508
0.98502 -0.16454 0.051597 133.713 0.165803 0.98593 -0.0212221 15.7075 -0.0473791 0.0294591 0.998442 -0.676562
0.9834 -0.174207 0.0507537 134.287 0.175542 0.984201 -0.0231161 15.8476 -0.0459248 0.0316417 0.998444 -0.701845
0.981539 -0.184406 0.0507561 134.763 0.185878 0.98223 -0.025945 15.9678 -0.0450697 0.0349005 0.998374 -0.705562
0.97944 -0.195585 0.0494261 135.223 0.197017 0.980057 -0.0259206 16.0843 -0.0433707 0.0351255 0.998441 -0.729892
0.977685 -0.204198 0.0493574 135.705 0.205643 0.978277 -0.0261678 16.2504 -0.0429418 0.0357338 0.998438 -0.743401
0.975693 -0.213567 0.0491176 136.204 0.215001 0.976268 -0.0259795 16.3827 -0.0424036 0.0359084 0.998455 -0.753121
0.973891 -0.22151 0.0496859 136.58 0.222991 0.97446 -0.0264981 16.4902 -0.0425474 0.0368858 0.998413 -0.781868
0.971561 -0.230981 0.0521341 136.992 0.232537 0.97224 -0.0259993 16.5998 -0.0446815 0.0373831 0.998302 -0.805099
0.969473 -0.239247 0.0536998 137.403 0.240892 0.97019 -0.0265022 16.7134 -0.0457584 0.038629 0.998205 -0.829187
0.967072 -0.248397 0.05542 137.783 0.25009 0.967875 -0.025945 16.8383 -0.047195 0.0389507 0.998126 -0.830317
0.96475 -0.257131 0.0560467 138.166 0.258792 0.96562 -0.0246049 16.9755 -0.0477931 0.0382421 0.998125 -0.829968
0.962754 -0.264115 0.057855 138.402 0.26575 0.963779 -0.0225227 17.1199 -0.0498109 0.0370588 0.998071 -0.823214
0.960791 -0.271423 0.0566672 138.681 0.273029 0.961738 -0.0226887 17.1827 -0.0483408 0.0372709 0.998135 -0.827404
0.959389 -0.276351 0.0565949 138.882 0.277939 0.960341 -0.0222666 17.3118 -0.048197 0.0370923 0.998149 -0.827904
0.958177 -0.280743 0.0554977 139.082 0.282237 0.959114 -0.0210552 17.4417 -0.0473176 0.0358381 0.998237 -0.828462
0.956595 -0.286112 0.055366 139.253 0.28758 0.957537 -0.0204946 17.4296 -0.0471513 0.0355272 0.998256 -0.865664
0.95539 -0.290294 0.0543927 139.399 0.291787 0.956237 -0.0216932 17.4579 -0.0457149 0.0365965 0.998284 -0.872198
0.954625 -0.292904 0.0538402 139.55 0.294457 0.955377 -0.023449 17.4931 -0.0445694 0.0382386 0.998274 -0.921392
0.953821 -0.295269 0.0551456 139.656 0.296846 0.954652 -0.0228293 17.5088 -0.0459041 0.0381448 0.998217 -0.904415
0.953267 -0.296999 0.0554495 139.742 0.298509 0.954174 -0.0211001 17.5743 -0.0466417 0.0366662 0.998239 -0.937782
0.952587 -0.299554 0.0533496 139.816 0.3011 0.9533 -0.0236063 17.5729 -0.0437869 0.0385506 0.998297 -0.906398
0.952487 -0.299925 0.0530361 139.876 0.301395 0.953243 -0.02213 17.5733 -0.0439189 0.0370634 0.998347 -0.902761
0.952294 -0.300554 0.0529425 139.865 0.302063 0.953008 -0.023085 17.5698 -0.0435163 0.0379757 0.998331 -0.910392
0.952162 -0.301154 0.0518917 139.853 0.30256 0.952886 -0.0215889 17.5664 -0.0429453 0.0362565 0.998419 -0.917928
0.952084 -0.301386 0.0519894 139.842 0.30286 0.952756 -0.0230844 17.5632 -0.0425759 0.0377238 0.998381 -0.925461
0.951995 -0.301767 0.0514061 139.851 0.303226 0.952635 -0.0232564 17.5909 -0.0419532 0.0377276 0.998407 -0.905382
0.951959 -0.301931 0.051101 139.86 0.303384 0.952581 -0.0234006 17.6186 -0.0416125 0.0377797 0.998419 -0.8853
0.951842 -0.302486 0.0499882 139.868 0.303971 0.952348 -0.0252079 17.6462 -0.0399811 0.0391889 0.998432 -0.865398
0.951985 -0.302057 0.0498655 139.861 0.303514 0.952508 -0.0246621 17.5914 -0.0400479 0.0386128 0.998451 -0.910776
0.951765 -0.302771 0.0497307 139.839 0.304212 0.952292 -0.0243745 17.5893 -0.0399783 0.0383275 0.998465 -0.906517
0.951906 -0.302266 0.0500988 139.816 0.303746 0.952425 -0.0249989 17.5872 -0.040159 0.0390139 0.998431 -0.902243
0.951856 -0.302622 0.0488919 139.832 0.304024 0.952357 -0.0241935 17.5567 -0.0392411 0.037893 0.998511 -0.902747
0.951994 -0.302156 0.0490766 139.847 0.303641 0.952428 -0.0261359 17.5265 -0.0388448 0.0397829 0.998453 -0.903172
0.952177 -0.301858 0.0473259 139.837 0.303277 0.952542 -0.0262097 17.5606 -0.0371683 0.0393091 0.998536 -0.913721
0.951881 -0.302809 0.0472224 139.885 0.304236 0.952227 -0.0265417 17.5935 -0.0369294 0.0396313 0.998532 -0.911635
0.951632 -0.303701 0.0465007 139.934 0.305077 0.951975 -0.0259192 17.6265 -0.0363958 0.0388518 0.998582 -0.909577
0.95145 -0.304211 0.0468871 139.983 0.305563 0.951847 -0.0248596 17.6593 -0.0370668 0.0379797 0.998591 -0.907465
0.950756 -0.306351 0.0470304 140.052 0.307723 0.951142 -0.0252256 17.6886 -0.0370047 0.0384557 0.998575 -0.890346
0.95011 -0.308293 0.0474034 140.12 0.309693 0.950493 -0.0255528 17.7179 -0.0371789 0.0389584 0.998549 -0.87335
0.949158 -0.311107 0.0480863 140.134 0.312533 0.949564 -0.0255206 17.7068 -0.0377214 0.0392517 0.998517 -0.903227
0.948297 -0.313758 0.0478513 140.219 0.315191 0.948674 -0.0259288 17.7453 -0.0372599 0.0396705 0.998518 -0.913501
0.947441 -0.316501 0.046722 140.305 0.317856 0.94781 -0.0249716 17.7841 -0.03638 0.03851 0.998596 -0.92373
0.946572 -0.319138 0.0464063 140.391 0.320494 0.946911 -0.0253375 17.8233 -0.0358565 0.0388567 0.998601 -0.933845
0.945006 -0.32402 0.0444415 140.549 0.325303 0.945269 -0.0253697 17.8978 -0.0337889 0.0384315 0.99869 -0.922062
0.943623 -0.328118 0.0437472 140.67 0.329359 0.943877 -0.0248649 17.9502 -0.0331334 0.0378716 0.998733 -0.948634
0.942416 -0.331569 0.0437573 140.88 0.332804 0.942675 -0.0246227 18.0223 -0.0330848 0.0377674 0.998739 -0.951248
0.939701 -0.339184 0.0437781 141.053 0.340427 0.939943 -0.0248167 18.0823 -0.0327315 0.0382235 0.998733 -0.95098
0.937593 -0.344911 0.0442302 141.211 0.346157 0.937861 -0.0243228 18.1729 -0.0330926 0.0381155 0.998725 -0.947957
0.935291 -0.35105 0.0446619 141.441 0.352252 0.935635 -0.022482 18.2675 -0.033895 0.0367595 0.998749 -0.975884
0.932243 -0.358765 0.0470258 141.624 0.360026 0.932693 -0.0215631 18.3813 -0.0361246 0.0370326 0.998661 -0.985045
0.92856 -0.367849 0.0496268 141.881 0.369208 0.929099 -0.0214454 18.4827 -0.0382195 0.038236 0.998538 -0.998944
0.925572 -0.375206 0.0503649 142.137 0.376619 0.926108 -0.0219772 18.5865 -0.0383974 0.0393098 0.998489 -1.01335
0.920868 -0.386454 0.0515237 142.356 0.387939 0.921412 -0.0224511 18.6942 -0.0387982 0.0406626 0.998419 -1.01476
0.916378 -0.396908 0.0521114 142.622 0.398405 0.916946 -0.0220068 18.8147 -0.0390486 0.040928 0.998399 -1.02125
0.911047 -0.409076 0.0514716 142.886 0.410585 0.911536 -0.0228268 18.9383 -0.0375804 0.0419298 0.998414 -1.02778
0.905131 -0.422133 0.0504051 143.104 0.423584 0.905583 -0.0222731 19.1058 -0.0362438 0.0415109 0.99848 -1.04115
0.898882 -0.435449 0.0489421 143.383 0.436789 0.899327 -0.0206478 19.2581 -0.0350239 0.0399373 0.998588 -1.04817
0.891502 -0.450473 0.047938 143.707 0.451684 0.891999 -0.0178541 19.505 -0.0347179 0.0375698 0.998691 -1.02652
0.884153 -0.464967 0.045591 143.985 0.466034 0.884624 -0.0158889 19.6822 -0.032943 0.0352952 0.998834 -1.04831
0.875284 -0.481827 0.0414871 144.26 0.482653 0.875725 -0.0123072 19.864 -0.0304014 0.0307961 0.999063 -1.06951
0.866612 -0.497814 0.0341386 144.531 0.498266 0.867005 -0.00573117 20.051 -0.0267453 0.0219768 0.999401 -1.08999
0.857002 -0.514306 0.032219 144.853 0.514772 0.857291 -0.00779102 20.2167 -0.0236141 0.0232624 0.99945 -1.09288
0.846941 -0.530753 0.031503 145.129 0.531243 0.847168 -0.00935504 20.4344 -0.0217231 0.0246589 0.99946 -1.11343
0.836215 -0.547623 0.0292115 145.472 0.548142 0.836271 -0.0138112 20.6934 -0.0168654 0.0275612 0.999478 -1.11085
0.824255 -0.565663 0.0250932 145.847 0.566115 0.824144 -0.0173321 20.9404 -0.0108763 0.0284917 0.999535 -1.13763
0.812095 -0.583243 0.0181546 146.139 0.583515 0.811871 -0.0193653 21.1593 -0.0034445 0.02632 0.999648 -1.13764
0.798208 -0.60227 0.0116043 146.413 0.602367 0.797903 -0.0224808 21.4133 0.00428047 0.0249344 0.99968 -1.13817
0.784121 -0.620584 0.00535773 146.91 0.620489 0.783773 -0.026334 21.8321 0.0121432 0.0239734 0.999639 -1.13984
0.768796 -0.639487 0.00290803 147.155 0.639272 0.768403 -0.0297839 22.112 0.0168119 0.0247568 0.999552 -1.14094
0.752826 -0.658219 0.00118436 147.468 0.657884 0.752383 -0.0332942 22.429 0.0210238 0.0258439 0.999445 -1.13002
0.736406 -0.676539 -0.000603807 147.824 0.676113 0.735974 -0.034837 22.7681 0.024013 0.0252459 0.999393 -1.10009
0.718945 -0.695062 -0.00248538 148.171 0.694553 0.718547 -0.0358657 23.1159 0.0267148 0.0240592 0.999354 -1.0688
0.698615 -0.715474 -0.00588683 148.45 0.714852 0.698309 -0.0367548 23.5357 0.0304079 0.0214692 0.999307 -1.11087
0.676487 -0.73642 -0.00719099 148.74 0.735683 0.676193 -0.0391558 23.906 0.0336976 0.0211981 0.999207 -1.09523
0.65495 -0.755632 -0.00777217 149.044 0.754826 0.654668 -0.0405811 24.2647 0.0357526 0.020712 0.999146 -1.07319
0.63268 -0.774343 -0.0104241 149.363 0.773335 0.632452 -0.044249 24.6532 0.0408567 0.0199341 0.998966 -1.05413
0.6082 -0.793603 -0.0169609 149.653 0.792344 0.608244 -0.0472275 25.1399 0.0477963 0.0152849 0.99874 -1.00783
0.583841 -0.811563 -0.0222261 149.992 0.810108 0.584159 -0.0498323 25.612 0.0534256 0.0110886 0.99851 -0.992252
0.556822 -0.830184 -0.0272625 150.202 0.828409 0.557432 -0.0548377 26.0656 0.0607224 0.00795035 0.998123 -0.985422
0.528815 -0.848065 -0.033778 150.396 0.845995 0.529885 -0.0592858 26.5253 0.0681767 0.00277523 0.997669 -0.975384
0.501524 -0.86436 -0.0367991 150.613 0.862136 0.502872 -0.0619699 26.9361 0.0720696 -0.000646417 0.997399 -0.975172
0.475602 -0.878658 -0.041975 150.942 0.876191 0.477421 -0.0660259 27.4726 0.0780539 -0.00537603 0.996935 -0.920731
0.448356 -0.892656 -0.0462859 151.23 0.889983 0.450629 -0.0697411 28.0696 0.0831126 -0.00992485 0.996491 -0.886447
0.423257 -0.904611 -0.0503205 151.338 0.901824 0.425984 -0.0724658 28.574 0.0869891 -0.0147086 0.996101 -0.818318
0.395871 -0.916828 -0.0520748 151.483 0.913974 0.398871 -0.0745175 29.0505 0.089091 -0.0180957 0.995859 -0.762118
0.368391 -0.928245 -0.0514676 151.743 0.925258 0.371468 -0.0768773 29.6537 0.0904796 -0.0192999 0.995711 -0.70228
0.340801 -0.938902 -0.048143 151.829 0.935817 0.343693 -0.0782456 30.2447 0.0900113 -0.0183868 0.995771 -0.670528
0.313401 -0.948576 -0.0445247 152.049 0.945224 0.316114 -0.081381 30.8205 0.0912709 -0.016581 0.995688 -0.610199
0.286473 -0.957139 -0.0426365 152.218 0.953738 0.289126 -0.0824015 31.3912 0.091197 -0.0170583 0.995687 -0.578238
0.259969 -0.964767 -0.0405086 152.358 0.961355 0.262531 -0.0829054 31.9584 0.0906191 -0.0173903 0.995734 -0.496335
0.231009 -0.972263 -0.0365921 152.522 0.96892 0.23331 -0.0822275 32.6328 0.0884841 -0.0164595 0.995942 -0.454685
0.202263 -0.97888 -0.029733 152.577 0.975444 0.20407 -0.0828537 33.2473 0.0871714 -0.0122446 0.996118 -0.400437
0.178572 -0.983625 -0.0243567 152.614 0.980137 0.18 -0.0832566 33.8631 0.0862775 -0.00900565 0.99623 -0.346653
0.152797 -0.988002 -0.0224655 152.692 0.984611 0.154145 -0.0823436 34.4642 0.0848186 -0.00953793 0.996351 -0.286138
0.129093 -0.991344 -0.0239106 152.713 0.987966 0.13065 -0.0827836 35.1208 0.0851909 -0.0129361 0.996281 -0.246835
0.105625 -0.994004 -0.028274 152.717 0.990645 0.107654 -0.083866 35.7776 0.0864069 -0.0191511 0.996076 -0.207348
0.0874098 -0.995775 -0.028134 152.712 0.992545 0.0894648 -0.0827724 36.4419 0.0849397 -0.0206892 0.996171 -0.129157
0.0713847 -0.996947 -0.0316278 152.724 0.994057 0.0737188 -0.0800958 37.0593 0.0821828 -0.0257223 0.996285 -0.0898595
0.0552923 -0.997922 -0.0330684 152.666 0.995296 0.0577251 -0.0778084 37.7812 0.0795556 -0.0286106 0.99642 -0.0244303
0.0406514 -0.998596 -0.0339677 152.595 0.996018 0.0431991 -0.0779826 38.5021 0.0793405 -0.0306624 0.996376 0.0387063
0.0282721 -0.998925 -0.0367346 152.56 0.99651 0.0310533 -0.0774876 39.1307 0.078545 -0.0344157 0.996316 0.0470119
0.0211134 -0.999036 -0.03849 152.513 0.996631 0.0240831 -0.078399 39.7053 0.0792504 -0.036705 0.996179 0.0858032
0.0114157 -0.999164 -0.0392654 152.521 0.996912 0.0144234 -0.0771885 40.3759 0.0776902 -0.038263 0.996243 0.136199
0.0047213 -0.999204 -0.0395997 152.495 0.997055 0.00773488 -0.0762967 41.0836 0.0765424 -0.0391229 0.996298 0.185124
-0.00124101 -0.999287 -0.0377449 152.521 0.99709 0.00164064 -0.0762188 41.7645 0.0762263 -0.0377296 0.996376 0.245734
-0.00735365 -0.99931 -0.0363957 152.482 0.997072 -0.00455706 -0.0763334 42.4759 0.0761149 -0.0368504 0.996418 0.291682
-0.0122486 -0.999239 -0.0370429 152.4 0.997032 -0.00938867 -0.0764165 43.0977 0.0760106 -0.0378689 0.996388 0.32586
-0.01597 -0.999114 -0.0389277 152.382 0.997155 -0.0130464 -0.0742346 43.7914 0.0736609 -0.0400025 0.996481 0.371208
-0.0157281 -0.999058 -0.0404368 152.327 0.997597 -0.01295 -0.0680685 44.4293 0.0674807 -0.0414102 0.996861 0.457022
-0.0176295 -0.999038 -0.0401455 152.296 0.997695 -0.0149457 -0.0661983 45.1941 0.0655346 -0.04122 0.996999 0.505538
-0.0180811 -0.99897 -0.0416243 152.218 0.997876 -0.015424 -0.0632935 45.8984 0.0625863 -0.0426802 0.997127 0.538392
-0.0160827 -0.999009 -0.0414895 152.233 0.997887 -0.0134247 -0.063566 46.4819 0.062946 -0.0424242 0.997115 0.58655
-0.0132805 -0.999053 -0.0414399 152.169 0.997796 -0.0105463 -0.0655152 47.1408 0.0650161 -0.0422186 0.996991 0.604438
-0.0106315 -0.999099 -0.0410845 152.118 0.997788 -0.00790314 -0.0660093 47.8983 0.0656252 -0.0416954 0.996973 0.643703
-0.00613958 -0.999166 -0.0403636 152.127 0.997864 -0.00349645 -0.0652304 48.4778 0.0650348 -0.0406779 0.997054 0.683891
-0.00193902 -0.999205 -0.0398229 152.081 0.997898 0.000646037 -0.0647986 49.0835 0.0647728 -0.0398649 0.997103 0.727392
2.13886e-05 -0.999105 -0.0423049 152.081 0.997906 0.00275755 -0.0646199 49.7194 0.0646787 -0.042215 0.997013 0.753866
0.00312936 -0.99904 -0.0436846 152.086 0.997755 0.00604188 -0.0666995 50.432 0.0668995 -0.0433778 0.996816 0.83048
0.00823271 -0.999002 -0.0439103 151.987 0.997653 0.0111909 -0.0675549 50.9439 0.0679788 -0.043251 0.996749 0.84881
0.0108426 -0.998973 -0.043983 151.937 0.997639 0.0137905 -0.0672831 51.5358 0.0678206 -0.0431496 0.996764 0.902719
0.0139734 -0.998964 -0.0433161 151.888 0.997428 0.0169714 -0.0696362 52.1282 0.0702992 -0.0422317 0.996632 0.956501
0.0155324 -0.998867 -0.044991 151.754 0.997031 0.0188664 -0.0746529 52.7538 0.0754172 -0.0436979 0.996194 0.999968
0.0170054 -0.998814 -0.045614 151.658 0.996864 0.0204631 -0.0764397 53.29 0.0772825 -0.044171 0.99603 0.983218
0.0181644 -0.998801 -0.0454587 151.585 0.996658 0.0217096 -0.0787501 53.9569 0.0796426 -0.0438764 0.995857 1.06629
0.0209269 -0.998745 -0.0455035 151.809 0.996617 0.0244574 -0.0784671 54.7349 0.0794815 -0.0437075 0.995878 1.07875
0.024526 -0.998707 -0.0445226 151.875 0.996657 0.027899 -0.0767899 55.3351 0.0779328 -0.0424904 0.996053 1.14407
0.0275426 -0.998636 -0.0443482 151.782 0.996655 0.0308486 -0.0756746 55.8677 0.0769395 -0.0421156 0.996146 1.21272
0.0269115 -0.998614 -0.0452363 151.739 0.996582 0.0303374 -0.0768374 56.4892 0.0781032 -0.0430139 0.996017 1.25409
0.0260326 -0.998608 -0.0458716 151.667 0.996158 0.0297521 -0.0823636 57.0595 0.0836138 -0.0435513 0.995546 1.30822
0.0253395 -0.99867 -0.0448969 151.636 0.995877 0.0291308 -0.0859081 57.6763 0.0871017 -0.0425349 0.995291 1.3185
0.0264978 -0.998618 -0.0453839 151.658 0.995915 0.0302919 -0.0850632 58.3037 0.0863204 -0.0429446 0.995341 1.37665
0.0296534 -0.998462 -0.0468358 151.789 0.996096 0.0334157 -0.0817053 58.9367 0.0831447 -0.0442301 0.995555 1.42022
0.0281619 -0.998541 -0.0460789 151.739 0.996309 0.0317785 -0.0797359 59.554 0.0810839 -0.0436633 0.99575 1.48143
0.0295387 -0.998518 -0.0457045 151.728 0.996325 0.0330899 -0.0790005 60.0819 0.0803958 -0.043203 0.995826 1.51949
0.0307895 -0.998491 -0.0454832 151.786 0.996266 0.0343295 -0.0792193 60.7266 0.0806611 -0.0428743 0.995819 1.58583
0.0283219 -0.998704 -0.0422846 151.814 0.995264 0.0321091 -0.0917521 61.2135 0.092991 -0.0394857 0.994884 1.70074
0.0251088 -0.998961 -0.0380298 151.682 0.993734 0.0290859 -0.107923 61.8038 0.108917 -0.0350816 0.993432 1.74904
0.0266784 -0.998935 -0.037636 151.688 0.993238 0.0307439 -0.111947 62.3152 0.112985 -0.0343949 0.993001 1.75749
0.028303 -0.998903 -0.0373116 151.749 0.9932 0.0323191 -0.111842 62.9534 0.112926 -0.0338924 0.993025 1.79182
0.0284181 -0.998969 -0.0354147 151.784 0.99367 0.032084 -0.107659 63.5196 0.108684 -0.0321311 0.993557 1.80055
0.0313803 -0.999053 -0.0301529 151.778 0.995012 0.034083 -0.0937519 64.1532 0.0946908 -0.0270605 0.995139 1.85742
0.030125 -0.999139 -0.0285395 151.816 0.996309 0.0323112 -0.0795236 64.765 0.0803773 -0.0260385 0.996424 1.88914
0.0328871 -0.998916 -0.0329542 151.757 0.99713 0.0350421 -0.0671033 65.3638 0.0681853 -0.0306528 0.997202 2.00437
0.033472 -0.998781 -0.0362675 151.655 0.997588 0.0355957 -0.0595853 65.8313 0.0608036 -0.0341856 0.997564 2.05642
0.0344507 -0.9987 -0.0375789 151.703 0.997683 0.0365741 -0.0573612 66.4599 0.058661 -0.0355157 0.997646 2.08293
0.0355453 -0.998706 -0.0363765 151.652 0.998226 0.037221 -0.0464721 67.0875 0.0477659 -0.0346601 0.998257 2.08492
0.0373985 -0.998485 -0.0403708 151.718 0.998074 0.0393229 -0.0479768 67.6966 0.0494916 -0.0384988 0.998032 2.18004
0.0356937 -0.998488 -0.0418071 151.779 0.99767 0.0380362 -0.0566447 68.3037 0.0581493 -0.0396878 0.997519 2.24231
0.0367547 -0.998474 -0.0412082 151.837 0.997347 0.0392434 -0.0613069 68.91 0.0628305 -0.0388456 0.997268 2.30938
0.0352461 -0.998415 -0.0438809 151.757 0.997059 0.0381205 -0.0664903 69.528 0.0680576 -0.0414083 0.996822 2.29254
0.0383442 -0.998209 -0.0459139 151.727 0.996609 0.0415494 -0.0710196 70.0718 0.0728001 -0.043035 0.996418 2.25825
0.0372871 -0.998276 -0.0453319 151.64 0.996607 0.0404788 -0.0716596 70.7009 0.073371 -0.0425062 0.996398 2.29767
0.0379305 -0.99827 -0.0449309 151.693 0.9966 0.0410816 -0.0714205 71.3611 0.0731428 -0.0420692 0.996434 2.35065
0.0388301 -0.998232 -0.0449942 151.747 0.996198 0.0421868 -0.0762271 72.0212 0.0779906 -0.0418632 0.996075 2.40354
0.0394239 -0.998095 -0.0474623 151.626 0.996095 0.0430114 -0.0771041 72.5716 0.0789987 -0.0442372 0.995893 2.41933
0.0425484 -0.998057 -0.0455108 151.694 0.995708 0.0461076 -0.0802488 73.1835 0.0821913 -0.041901 0.995735 2.48117
0.0415699 -0.998153 -0.0442894 151.705 0.995664 0.0450769 -0.0813731 73.9404 0.0832192 -0.0407146 0.995699 2.48891
0.0456237 -0.998058 -0.0424039 151.71 0.995527 0.0489415 -0.0808147 74.4647 0.0827331 -0.0385271 0.995827 2.54664
0.0441218 -0.998162 -0.0415337 151.666 0.99569 0.047331 -0.0797516 75.3513 0.0815709 -0.0378359 0.995949 2.58268
0.0489865 -0.997909 -0.0421634 151.775 0.995538 0.0521918 -0.0786188 76.0051 0.080655 -0.038124 0.996013 2.65869
0.0492671 -0.997918 -0.041632 151.671 0.995687 0.0523525 -0.0765968 76.7359 0.0786168 -0.0376787 0.996193 2.68589
0.0505893 -0.997972 -0.0386317 151.569 0.995773 0.0533714 -0.0747499 77.4664 0.0766601 -0.0346868 0.996454 2.71197
0.0507954 -0.997957 -0.0387512 151.742 0.995743 0.0535947 -0.0749941 77.9979 0.0769177 -0.0347769 0.996431 2.81285
0.0518163 -0.997885 -0.0392418 151.675 0.995702 0.0546436 -0.0747773 78.6763 0.0767634 -0.0351985 0.996428 2.86947
0.0531659 -0.997846 -0.0384336 151.719 0.995582 0.0559498 -0.0754096 79.4054 0.0773975 -0.0342545 0.996412 2.89981
0.0525648 -0.997863 -0.0388063 151.7 0.995622 0.055375 -0.0752971 80.1836 0.0772851 -0.0346784 0.996406 2.99917
0.0527626 -0.997835 -0.0392496 151.767 0.995548 0.0556344 -0.0760818 80.962 0.0781007 -0.0350606 0.996329 3.01523
0.0551157 -0.99769 -0.0397066 151.828 0.995442 0.0580041 -0.0756957 81.5445 0.077824 -0.0353537 0.99634 3.06713
0.0555352 -0.997688 -0.0391845 151.762 0.995456 0.0583659 -0.0752349 82.3399 0.0773479 -0.0348283 0.996396 3.11279
0.0558101 -0.997601 -0.0409611 151.785 0.995446 0.0587714 -0.0750571 83.1443 0.0772844 -0.0365856 0.996338 3.18717
0.056767 -0.997541 -0.0411022 151.762 0.995334 0.0597627 -0.0757521 83.9015 0.0780222 -0.0366102 0.996279 3.23932
0.0590138 -0.997336 -0.0428856 151.822 0.995076 0.0621983 -0.077166 84.6363 0.0796278 -0.0381206 0.996095 3.27071
