1 0 0 0 0 1 0 0 -0 0 1 0
0.999999 -0.00128339 -1.97516e-06 0.00752632 0.00128339 0.999999 -0.000187245 0.00207186 2.21547e-06 0.000187242 1 0.00440362
0.999999 -0.00131149 -2.46989e-05 0.00865927 0.00131149 0.999999 -0.000174617 0.00105077 2.49278e-05 0.000174585 1 0.00372043
0.999999 -0.00132451 7.65808e-06 0.00226406 0.00132451 0.999999 -0.000165049 -0.00189357 -7.43946e-06 0.000165059 1 0.00392068
0.999999 -0.00125208 4.02141e-05 0.00597602 0.00125208 0.999999 -0.000166187 0.00211785 -4.0006e-05 0.000166237 1 0.00269892
0.999999 -0.00129317 3.96115e-05 0.00922488 0.00129317 0.999999 -0.000136902 0.000564428 -3.94345e-05 0.000136953 1 0.00366997
0.999999 -0.00141133 -7.79763e-06 0.00623285 0.00141133 0.999999 -0.000168186 0.00212873 8.03499e-06 0.000168175 1 0.00425506
0.999999 -0.00130435 -9.18369e-06 0.00839707 0.00130435 0.999999 -0.000164973 0.00208162 9.39886e-06 0.000164961 1 0.00371646
0.999999 -0.00123437 -9.07856e-06 0.00896523 0.00123437 0.999999 -0.000194654 0.000861671 9.31883e-06 0.000194643 1 0.00437198
0.999999 -0.00136513 -1.64276e-05 0.0063722 0.00136512 0.999999 -0.000183489 -0.000259091 1.66781e-05 0.000183466 1 0.00343557
0.999999 -0.00132051 -1.86216e-06 0.0113362 0.00132051 0.999999 -0.000127035 0.00454411 2.02991e-06 0.000127032 1 0.00302352
0.999999 -0.00119857 7.33568e-06 0.0109138 0.00119857 0.999999 -0.000131647 0.00174457 -7.17789e-06 0.000131656 1 0.00339936
0.999999 -0.00129033 -4.1139e-07 0.0104888 0.00129033 0.999999 -0.000173313 -0.00104508 6.3502e-07 0.000173312 1 0.00377428
0.999999 -0.00101386 3.38191e-07 0.0100549 0.00101386 0.999999 -0.000136772 -0.00381578 -1.99523e-07 0.000136773 1 0.00415103
0.999999 -0.00133045 -2.13844e-05 0.00473127 0.00133044 0.999999 -0.000186114 -0.00122895 2.1632e-05 0.000186085 1 0.00553936
0.999999 -0.00121439 -3.01828e-06 0.00998449 0.00121439 0.999999 -0.000178638 -0.00636039 3.23521e-06 0.000178634 1 0.00598188
0.999999 -0.00130827 1.68054e-05 0.0109833 0.00130827 0.999999 -0.000178732 -0.0023275 -1.65715e-05 0.000178754 1 0.00565246
0.999999 -0.00137165 3.43776e-05 0.00813598 0.00137166 0.999999 -0.000215436 -0.00371483 -3.40821e-05 0.000215483 1 0.00592259
0.999999 -0.00131855 1.63789e-05 0.00975118 0.00131856 0.999999 -0.000162209 0.00334414 -1.6165e-05 0.000162231 1 0.00424074
0.999999 -0.00126739 -9.93762e-07 0.00992791 0.00126739 0.999999 -0.00019706 -0.00140146 1.24351e-06 0.000197059 1 0.00504204
0.999999 -0.00123194 3.0408e-05 0.00983472 0.00123195 0.999999 -0.0001486 -0.00154927 -3.02249e-05 0.000148637 1 0.00356113
0.999999 -0.00143986 -3.13597e-05 0.00975565 0.00143986 0.999999 -0.000162618 -0.00169871 3.15939e-05 0.000162573 1 0.002086
0.999999 -0.00135634 1.061e-05 0.0088945 0.00135634 0.999999 -0.000171616 -0.0012435 -1.03772e-05 0.00017163 1 0.00415167
0.999999 -0.00121881 -1.7764e-05 0.00988564 0.00121881 0.999999 -0.000202444 -0.00272046 1.80108e-05 0.000202423 1 0.00490537
0.999999 -0.00147696 4.86359e-05 0.0108461 0.00147697 0.999999 -0.000161493 -0.00420661 -4.83973e-05 0.000161565 1 0.00565524
0.999999 -0.00134883 1.33541e-07 0.00838355 0.00134883 0.999999 -0.000160758 -0.00115418 8.32953e-08 0.000160758 1 0.00395558
0.999999 -0.0013181 2.50352e-05 0.00548553 0.00131811 0.999999 -0.000213179 -0.00341625 -2.47542e-05 0.000213212 1 0.0051888
0.999999 -0.00126137 2.41561e-05 0.00488371 0.00126138 0.999999 -0.000176194 -0.00462157 -2.39339e-05 0.000176225 1 0.00464032
0.999999 -0.00149937 2.92429e-05 0.00655313 0.00149937 0.999999 -0.000142485 0.000609809 -2.90292e-05 0.000142529 1 0.00384711
0.999999 -0.00144157 2.06195e-05 0.00458228 0.00144157 0.999999 -0.000211453 -0.000699903 -2.03146e-05 0.000211483 1 0.00438303
0.999999 -0.00143885 1.99568e-05 0.00714316 0.00143885 0.999999 -0.000188377 0.0023829 -1.96857e-05 0.000188405 1 0.00571502
0.999999 -0.00144612 1.368e-05 0.00679137 0.00144613 0.999999 -0.000154099 0.000367039 -1.34571e-05 0.000154119 1 0.0045256
0.999999 -0.00143873 4.12138e-05 0.00337292 0.00143874 0.999999 -0.000200276 -0.0042715 -4.09256e-05 0.000200336 1 0.00440106
0.999999 -0.00133854 1.90927e-05 0.00779633 0.00133855 0.999999 -0.000190128 -0.00133576 -1.88382e-05 0.000190153 1 0.00626199
0.999999 -0.00130733 2.06173e-05 0.00664806 0.00130734 0.999999 -0.000205824 -0.000247525 -2.03482e-05 0.000205851 1 0.0055302
0.999999 -0.00131336 3.80927e-05 0.00542185 0.00131337 0.999999 -0.000168419 -0.00121732 -3.78715e-05 0.000168469 1 0.00345456
0.999999 -0.00143142 1.36234e-05 0.00321151 0.00143142 0.999999 -0.000221057 -0.0024431 -1.3307e-05 0.000221077 1 0.00612824
0.999999 -0.00129002 -8.70603e-06 0.0097876 0.00129001 0.999999 -0.00017562 -0.00324393 8.93258e-06 0.000175608 1 0.00453995
0.999999 -0.00142087 5.51909e-06 0.0069109 0.00142087 0.999999 -0.00015975 -0.00193616 -5.29211e-06 0.000159758 1 0.00462624
0.999999 -0.0011962 2.68792e-05 0.00403304 0.00119621 0.999999 -0.000244861 -0.000637285 -2.65863e-05 0.000244893 1 0.00470454
0.999999 -0.00134412 5.33462e-05 0.00480375 0.00134413 0.999999 -0.000154843 -0.00306635 -5.3138e-05 0.000154914 1 0.00370069
0.999999 -0.00133938 -5.737e-06 0.00590945 0.00133938 0.999999 -0.000192752 -0.0015878 5.99516e-06 0.000192744 1 0.00551725
0.999999 -0.00116256 2.61742e-05 0.00715893 0.00116256 0.999999 -0.000189855 -0.00324045 -2.59535e-05 0.000189885 1 0.00474586
0.999999 -0.00133059 7.69348e-06 0.00800463 0.00133059 0.999999 -0.000159493 0.00138156 -7.48125e-06 0.000159503 1 0.0039555
0.999999 -0.00136114 3.20153e-05 0.00621671 0.00136115 0.999999 -0.000185272 0.00141748 -3.17631e-05 0.000185316 1 0.00472871
0.999999 -0.00117998 2.0377e-05 0.00500873 0.00117998 0.999999 -0.000162778 -0.00119903 -2.01849e-05 0.000162802 1 0.00438883
0.999999 -0.0014898 1.53289e-05 0.00380731 0.0014898 0.999999 -0.000218157 -0.00380774 -1.50038e-05 0.000218179 1 0.00404871
0.999999 -0.00143827 1.82747e-05 0.00667583 0.00143827 0.999999 -0.000168296 -0.00351431 -1.80326e-05 0.000168322 1 0.00332777
0.999999 -0.00142704 1.98454e-05 0.00106082 0.00142704 0.999999 -0.000188931 -0.00262224 -1.95757e-05 0.000188959 1 0.00541205
0.999999 -0.00131107 3.3276e-05 0.00684158 0.00131107 0.999999 -0.00016856 -0.00266314 -3.3055e-05 0.000168603 1 0.00317479
0.999999 -0.00124594 2.56333e-05 0.00699591 0.00124594 0.999999 -0.000219021 -0.000695142 -2.53604e-05 0.000219053 1 0.00617463
0.999999 -0.0013235 3.8615e-05 0.00156531 0.00132351 0.999999 -0.000161342 -0.00301447 -3.84014e-05 0.000161393 1 0.0034445
0.999999 -0.00130497 2.52601e-06 0.00739733 0.00130497 0.999999 -0.000199081 -0.000950211 -2.26621e-06 0.000199084 1 0.00446227
0.999999 -0.00117369 1.47818e-05 0.00432213 0.00117369 0.999999 -0.00018767 -0.00426563 -1.45615e-05 0.000187687 1 0.0052036
0.999999 -0.0013269 2.08729e-06 0.00792869 0.00132691 0.999999 -0.000209606 -0.00226897 -1.80916e-06 0.000209608 1 0.00551611
0.999999 -0.00132007 2.5835e-05 0.00465636 0.00132007 0.999999 -0.000190789 -0.000650145 -2.55831e-05 0.000190823 1 0.00406129
0.999999 -0.00119574 -2.83945e-07 0.00932969 0.00119574 0.999999 -0.000210676 -0.00116981 5.35858e-07 0.000210675 1 0.00530095
0.999999 -0.00114989 3.46023e-06 0.00777973 0.00114989 0.999999 -0.000207922 -0.00249545 -3.22114e-06 0.000207926 1 0.00508078
0.999999 -0.00126604 2.50712e-05 0.00623312 0.00126604 0.999999 -0.00020529 -0.00381702 -2.48113e-05 0.000205322 1 0.00486135
0.999999 -0.00124202 2.65531e-05 0.0068334 0.00124203 0.999999 -0.000190693 -0.00280725 -2.63163e-05 0.000190726 1 0.00455034
0.999999 -0.00135013 1.54341e-05 0.00742119 0.00135014 0.999999 -0.000158792 -0.00178628 -1.52197e-05 0.000158813 1 0.00423943
0.999999 -0.00110813 5.15295e-05 0.00800687 0.00110814 0.999999 -0.000201579 -0.000775944 -5.13061e-05 0.000201636 1 0.00392776
0.999999 -0.00132492 3.21117e-05 0.00500038 0.00132493 0.999999 -0.000194304 -0.000768948 -3.18543e-05 0.000194346 1 0.00508703
0.999999 -0.00148955 1.1476e-05 0.00264788 0.00148955 0.999999 -0.0001553 0.000870299 -1.12446e-05 0.000155317 1 0.00388964
0.999999 -0.001313 -3.94962e-06 0.00711292 0.001313 0.999999 -0.000199133 -0.00236537 4.21107e-06 0.000199127 1 0.00557422
0.999999 -0.00133125 3.43913e-05 0.00331698 0.00133125 0.999999 -0.0001832 -0.00358957 -3.41474e-05 0.000183246 1 0.00483271
0.999999 -0.00132487 -1.82753e-06 0.00911247 0.00132487 0.999999 -0.000169564 -0.000562682 2.05218e-06 0.000169562 1 0.00461777
0.999999 -0.00131589 1.45802e-05 0.00457792 0.00131589 0.999999 -0.000210282 -0.00409589 -1.43035e-05 0.000210301 1 0.00493849
0.999999 -0.00135594 -7.01999e-06 0.0089515 0.00135594 0.999999 -0.000177688 -0.00229362 7.26092e-06 0.000177678 1 0.00384602
0.999999 -0.00136785 2.18995e-06 0.00307538 0.00136785 0.999999 -0.000201184 -0.00289983 -1.91476e-06 0.000201186 1 0.00509562
0.999999 -0.00128356 1.34827e-05 0.008708 0.00128356 0.999999 -0.000177577 -0.000512484 -1.32547e-05 0.000177594 1 0.00425714
0.999999 -0.00136979 -1.87118e-06 0.00584601 0.00136979 0.999999 -0.000214371 -9.85367e-05 2.16482e-06 0.000214368 1 0.00423559
0.999999 -0.00134206 5.04715e-06 0.00789754 0.00134206 0.999999 -0.00018528 -0.00140741 -4.79849e-06 0.000185287 1 0.0037678
0.999999 -0.00142732 -7.2674e-06 0.00289262 0.00142732 0.999999 -0.000152775 -0.00392508 7.48545e-06 0.000152765 1 0.00401491
0.999999 -0.00142638 3.3145e-05 0.00729729 0.00142639 0.999999 -0.000199902 -0.00269571 -3.28599e-05 0.000199949 1 0.00539812
0.999999 -0.00136738 1.12803e-05 0.0116912 0.00136738 0.999999 -0.000193272 -0.00148445 -1.1016e-05 0.000193287 1 0.00676927
0.999999 -0.001497 2.39109e-05 0.00313688 0.001497 0.999999 -0.000178188 -0.000777289 -2.36442e-05 0.000178224 1 0.00443601
0.999999 -0.00150198 1.16249e-05 0.00884675 0.00150198 0.999999 -0.000194002 -0.00126372 -1.13335e-05 0.00019402 1 0.00512594
0.999999 -0.00117726 4.50225e-05 0.00668081 0.00117727 0.999999 -0.000150419 -0.00157789 -4.48454e-05 0.000150472 1 0.00301327
0.999999 -0.00141448 2.40488e-05 0.00766603 0.00141448 0.999999 -0.000141031 -0.000645762 -2.38493e-05 0.000141065 1 0.00244439
0.999999 -0.0013986 -3.82023e-06 0.00868866 0.0013986 0.999999 -0.000208295 0.000699947 4.11155e-06 0.00020829 1 0.00536228
0.999999 -0.0013635 1.80838e-05 0.00588516 0.0013635 0.999999 -0.00019618 -0.00173351 -1.78163e-05 0.000196204 1 0.0040129
0.999999 -0.00123833 1.22278e-05 0.00454469 0.00123833 0.999999 -0.000194382 -0.00217813 -1.19871e-05 0.000194397 1 0.0051914
0.999999 -0.00150247 2.26673e-05 0.00320274 0.00150247 0.999999 -0.000200946 -0.00260139 -2.23654e-05 0.00020098 1 0.00633662
0.999999 -0.00137645 1.15647e-05 0.00557674 0.00137645 0.999999 -0.000177743 -0.00193911 -1.13201e-05 0.000177759 1 0.00367518
0.999999 -0.00134455 1.46918e-05 0.00634426 0.00134455 0.999999 -0.000182598 -0.00271815 -1.44463e-05 0.000182618 1 0.00498485
0.999999 -0.00122882 2.4378e-05 0.00710612 0.00122882 0.999999 -0.000200561 -0.00349565 -2.41316e-05 0.00020059 1 0.00629228
0.999999 -0.00136063 1.88184e-05 0.00464347 0.00136064 0.999999 -0.000181718 -0.000149927 -1.85712e-05 0.000181744 1 0.00498662
0.999999 -0.0013473 2.21076e-05 0.00600252 0.0013473 0.999999 -0.000159663 -0.00351173 -2.18925e-05 0.000159693 1 0.0047754
0.999999 -0.00139586 1.3554e-05 0.00381057 0.00139587 0.999999 -0.000181681 -0.00116209 -1.33004e-05 0.0001817 1 0.0047349
0.999999 -0.00134171 2.15842e-05 0.00651221 0.00134171 0.999999 -0.000179295 -0.000626432 -2.13437e-05 0.000179324 1 0.00413335
0.999999 -0.00141548 -2.89777e-05 0.00920142 0.00141548 0.999999 -0.000180737 -9.76796e-05 2.92335e-05 0.000180696 1 0.00353608
0.999999 -0.00134607 1.70746e-05 0.00373101 0.00134607 0.999999 -0.000161075 -0.00231223 -1.68578e-05 0.000161098 1 0.00423602
0.999999 -0.00121886 2.75497e-06 0.0070295 0.00121886 0.999999 -0.000206539 -0.00325183 -2.50322e-06 0.000206542 1 0.00521594
0.999999 -0.0013458 3.28719e-06 0.00744366 0.0013458 0.999999 -0.000193765 -0.00101174 -3.02641e-06 0.00019377 1 0.0054919
0.999999 -0.00107199 -8.65833e-06 0.007882 0.00107199 0.999999 -0.000255235 0.00121738 8.93194e-06 0.000255225 1 0.00577106
0.999999 -0.00124761 1.34344e-05 0.00832088 0.00124761 0.999999 -0.000218634 0.00340614 -1.31616e-05 0.00021865 1 0.00603451
0.999999 -0.00123174 -2.65472e-05 0.0106968 0.00123173 0.999999 -0.000164897 -0.00169232 2.67503e-05 0.000164864 1 0.00349394
0.999999 -0.00125172 -2.1705e-05 0.0108935 0.00125172 0.999999 -0.000150889 0.000968866 2.18939e-05 0.000150862 1 0.00238728
0.999999 -0.00134177 -1.75719e-05 0.00941764 0.00134177 0.999999 -0.000140261 -0.00144758 1.77601e-05 0.000140238 1 0.00319794
0.999999 -0.00126882 1.05379e-05 0.00121506 0.00126882 0.999999 -0.000168094 -0.00173088 -1.03246e-05 0.000168107 1 0.00418514
0.999999 -0.00120804 4.04815e-06 0.00542424 0.00120804 0.999999 -0.000174525 0.002738 -3.83731e-06 0.00017453 1 0.00382971
0.999999 -0.00123979 2.79002e-05 0.00211556 0.00123979 0.999999 -0.000167568 -0.00131886 -2.76924e-05 0.000167602 1 0.00424737
0.999999 -0.00118451 1.39691e-05 0.00582347 0.00118451 0.999999 -0.000162391 0.000283006 -1.37767e-05 0.000162407 1 0.00462675
0.999999 -0.00143572 5.31273e-06 0.00952184 0.00143572 0.999999 -0.000193724 0.00189435 -5.0346e-06 0.000193731 1 0.00500231
0.999999 -0.00132927 1.88964e-05 0.00336846 0.00132927 0.999999 -0.000177075 -0.00265037 -1.8661e-05 0.0001771 1 0.00457653
0.999999 -0.0012709 2.22248e-05 0.0118112 0.00127091 0.999999 -0.000188347 -0.00572868 -2.19854e-05 0.000188375 1 0.00650375
0.999999 -0.00132559 1.71864e-05 0.00853765 0.0013256 0.999999 -0.000169719 -0.00329583 -1.69614e-05 0.000169741 1 0.00420526
0.999999 -0.00133158 2.86375e-05 0.00832104 0.00133158 0.999999 -0.000188888 -0.00444606 -2.83859e-05 0.000188926 1 0.00520007
0.999999 -0.0014489 4.17999e-05 0.006337 0.00144891 0.999999 -0.000191056 -0.000791546 -4.1523e-05 0.000191116 1 0.00415097
0.999999 -0.00143754 1.81873e-05 0.00435736 0.00143755 0.999999 -0.00016629 0.00285246 -1.79482e-05 0.000166316 1 0.00310374
0.999999 -0.00127386 3.2192e-06 0.0115379 0.00127386 0.999999 -0.000159278 -0.00090673 -3.0163e-06 0.000159282 1 0.0043718
0.999999 -0.00119357 -1.11479e-05 0.013066 0.00119357 0.999999 -0.000153699 -0.00197938 1.13314e-05 0.000153686 1 0.00474789
0.999999 -0.00128998 -8.50298e-06 0.0107756 0.00128998 0.999999 -0.000129947 -0.00350272 8.67061e-06 0.000129936 1 0.00396123
0.999999 -0.00136328 -6.42697e-07 0.0101344 0.00136328 0.999999 -0.00018058 -0.00284137 8.88878e-07 0.000180579 1 0.00337074
0.999999 -0.00133554 4.52758e-07 0.00660131 0.00133554 0.999999 -0.000158871 0.0032515 -2.40579e-07 0.000158872 1 0.0032479
0.999999 -0.00126875 6.92697e-07 0.00894932 0.00126875 0.999999 -0.000195624 -0.00152821 -4.44499e-07 0.000195625 1 0.00520778
0.999999 -0.00127194 -1.41906e-05 0.0084978 0.00127194 0.999999 -0.000204947 -0.00453581 1.44513e-05 0.000204929 1 0.00584368
0.999999 -0.0011825 9.58141e-06 0.00621882 0.0011825 0.999999 -0.000213132 -0.0031761 -9.32937e-06 0.000213143 1 0.00444604
0.999999 -0.00119908 -2.80909e-05 0.0116248 0.00119908 0.999999 -0.000197722 0.000802092 2.83279e-05 0.000197689 1 0.00509631
0.999999 -0.00125017 3.11024e-05 0.00667433 0.00125018 0.999999 -0.000198292 -0.00411411 -3.08545e-05 0.000198331 1 0.00578144
0.999999 -0.00139227 3.38127e-05 0.0116243 0.00139228 0.999999 -0.000158319 0.00538449 -3.35922e-05 0.000158366 1 0.0045747
0.999999 -0.00114925 1.24013e-05 0.00996397 0.00114925 0.999999 -0.000198825 0.00373141 -1.21727e-05 0.000198839 1 0.00538336
0.999999 -0.0015778 1.15967e-05 0.0125141 0.0015778 0.999999 -0.000158151 0.000904652 -1.13472e-05 0.000158169 1 0.00423987
0.999999 -0.00111869 1.51428e-05 0.0123709 0.00111869 0.999999 -0.00018917 0.000522277 -1.49312e-05 0.000189187 1 0.00378005
0.999999 -0.00119174 2.28596e-05 0.0087848 0.00119174 0.999999 -0.000194136 -0.00413159 -2.26282e-05 0.000194163 1 0.00566186
0.999999 -0.00118279 9.67118e-06 0.010538 0.00118279 0.999999 -0.000177562 0.00326837 -9.46115e-06 0.000177574 1 0.00456568
0.999999 -0.00131288 -3.80189e-06 0.0112329 0.00131288 0.999999 -0.000218955 -0.00546196 4.08935e-06 0.000218949 1 0.00584627
0.999999 -0.00137544 -2.39901e-05 0.0158756 0.00137544 0.999999 -0.000209748 -0.00174154 2.42786e-05 0.000209715 1 0.00515658
0.999999 -0.00134549 -1.25692e-05 0.0152918 0.00134548 0.999999 -0.000234169 -0.00143931 1.28842e-05 0.000234151 1 0.00620463
0.999999 -0.00143583 -2.04525e-05 0.00720928 0.00143583 0.999999 -0.000160667 -0.00127412 2.06831e-05 0.000160638 1 0.00468042
0.999999 -0.00143164 -5.56655e-06 0.0129682 0.00143164 0.999999 -0.000183596 0.000213859 5.82939e-06 0.000183588 1 0.00573286
0.999999 -0.00125468 1.73851e-05 0.0128502 0.00125468 0.999999 -0.000157482 -0.00222806 -1.71875e-05 0.000157504 1 0.00436229
0.999999 -0.00136261 1.02074e-05 0.00853997 0.00136261 0.999999 -0.000192265 0.000961699 -9.94544e-06 0.000192278 1 0.00472148
0.999999 -0.00151678 1.13765e-05 0.0115058 0.00151678 0.999999 -0.00015128 -0.000196881 -1.1147e-05 0.000151297 1 0.00511773
0.999999 -0.00148599 9.6449e-06 0.00972845 0.00148599 0.999999 -0.000170784 -0.00192166 -9.39111e-06 0.000170798 1 0.00570825
0.999999 -0.00134356 9.5221e-06 0.0078706 0.00134356 0.999999 -0.000141094 -0.0036296 -9.33252e-06 0.000141106 1 0.00314941
0.999999 -0.001398 -3.08718e-06 0.0128641 0.001398 0.999999 -0.000113514 -0.00206054 3.24587e-06 0.00011351 1 0.00371983
0.999999 -0.00126501 -2.51207e-06 0.0112997 0.00126501 0.999999 -0.000115099 -0.0041505 2.65767e-06 0.000115096 1 0.00318601
0.999999 -0.00130829 -1.71292e-05 0.00870299 0.00130829 0.999999 -0.000136074 -0.000666538 1.73072e-05 0.000136051 1 0.0044693
0.999999 -0.00145959 -9.64065e-06 0.0064823 0.00145959 0.999999 -9.13241e-05 -0.00283445 9.77393e-06 9.13099e-05 1 0.000395172
0.999999 -0.0014991 -6.44563e-06 0.0146486 0.0014991 0.999999 -0.000165812 -0.00630312 6.6942e-06 0.000165802 1 0.0047901
0.999999 -0.00115969 5.05546e-06 0.0100928 0.00115969 0.999999 -0.000151605 -0.00101112 -4.87965e-06 0.00015161 1 0.00345665
0.999999 -0.00126424 1.90577e-05 0.00993908 0.00126424 0.999999 -0.000131408 -0.0014112 -1.88916e-05 0.000131432 1 0.00282134
0.999999 -0.00134947 -2.43305e-05 0.00927455 0.00134947 0.999999 -0.000153468 5.17931e-05 2.45376e-05 0.000153435 1 0.00409531
0.999999 -0.00124115 -1.78946e-05 0.014091 0.00124115 0.999999 -0.000190835 0.00242124 1.81314e-05 0.000190812 1 0.0055487
0.999999 -0.00118463 -2.0248e-05 0.0132858 0.00118463 0.999999 -0.000207421 0.00195357 2.04937e-05 0.000207396 1 0.00569632
0.999999 -0.00103135 -1.15775e-05 0.0124776 0.00103135 0.999999 -0.000203489 0.00148415 1.17873e-05 0.000203477 1 0.00582188
0.999999 -0.00136555 -9.84081e-06 0.0094294 0.00136555 0.999999 -0.00015686 -0.000296977 1.0055e-05 0.000156847 1 0.00452449
0.999999 -0.0012154 2.14655e-05 0.0117826 0.00121541 0.999999 -0.000164565 0.00151941 -2.12655e-05 0.000164591 1 0.00525641
0.999999 -0.00122358 1.17426e-05 0.0107815 0.00122358 0.999999 -0.000206037 0.000495249 -1.14905e-05 0.000206052 1 0.00435206
0.999999 -0.0011088 3.09787e-05 0.00977726 0.0011088 0.999999 -0.000160688 -0.000544221 -3.08005e-05 0.000160722 1 0.00345058
0.999999 -0.00142046 4.37702e-05 0.0087802 0.00142046 0.999999 -0.000113632 -0.00157595 -4.36087e-05 0.000113694 1 0.00255627
0.999999 -0.00123498 1.87864e-05 0.00778857 0.00123498 0.999999 -0.000154364 -0.0026196 -1.85958e-05 0.000154387 1 0.00169603
0.999999 -0.00129033 1.81296e-05 0.0147372 0.00129033 0.999999 -0.000207542 0.0014318 -1.78618e-05 0.000207565 1 0.0054896
0.999999 -0.0012505 1.46413e-05 0.0145752 0.0012505 0.999999 -0.000193393 -0.000922813 -1.43994e-05 0.000193411 1 0.00624615
0.999999 -0.00126913 2.09004e-05 0.0124075 0.00126913 0.999999 -0.000180423 -0.00274991 -2.06714e-05 0.000180449 1 0.00527275
0.999999 -0.00131317 1.65614e-05 0.0116641 0.00131317 0.999999 -0.00019212 -0.000859981 -1.63091e-05 0.000192142 1 0.00572685
0.999999 -0.00130588 3.83938e-05 0.0160978 0.00130588 0.999999 -0.00015916 -0.00272969 -3.81859e-05 0.00015921 1 0.00259907
0.999999 -0.00135014 1.46943e-05 0.0104971 0.00135014 0.999999 -0.000196488 -0.00139631 -1.4429e-05 0.000196508 1 0.00540918
0.999999 -0.00132821 2.67265e-05 0.0100964 0.00132822 0.999999 -0.000194674 0.000220686 -2.64679e-05 0.000194709 1 0.00633204
0.999999 -0.00111308 1.35366e-05 0.00933802 0.00111308 0.999999 -0.000170328 -0.000690911 -1.3347e-05 0.000170343 1 0.00512507
0.999999 -0.00117918 1.77187e-05 0.0139944 0.00117918 0.999999 -0.000157416 0.00173907 -1.75331e-05 0.000157437 1 0.00390067
0.999999 -0.00121827 1.89033e-05 0.0110769 0.00121827 0.999999 -0.000160226 0.00067528 -1.87081e-05 0.000160249 1 0.0034875
0.999999 -0.00123335 1.87521e-05 0.00683894 0.00123335 0.999999 -0.000201821 -0.00258312 -1.85032e-05 0.000201844 1 0.00551522
0.999999 -0.00123767 9.70718e-06 0.0103221 0.00123768 0.999999 -0.000187219 -0.000958937 -9.47546e-06 0.000187231 1 0.00522725
0.999999 -0.00111065 3.72941e-05 0.0137867 0.00111066 0.999999 -0.000177972 0.000664593 -3.70965e-05 0.000178014 1 0.00493482
0.999999 -0.00124489 1.47397e-05 0.0142677 0.00124489 0.999999 -0.000188602 -0.00209968 -1.45049e-05 0.000188621 1 0.00525917
0.999999 -0.0010893 2.18949e-05 0.0139691 0.0010893 0.999999 -0.00019012 -0.00183337 -2.16878e-05 0.000190144 1 0.00390957
0.999999 -0.00135929 1.70776e-05 0.0119592 0.0013593 0.999999 -0.000207202 -0.00127551 -1.67959e-05 0.000207225 1 0.00608176
0.999999 -0.00130587 8.91014e-06 0.015545 0.00130588 0.999999 -0.000191578 -0.000301756 -8.65995e-06 0.000191589 1 0.0053264
0.999999 -0.00118678 8.53812e-06 0.00922482 0.00118678 0.999999 -0.000177668 0.000412452 -8.32726e-06 0.000177678 1 0.0049767
0.999999 -0.00133254 2.46297e-05 0.00807508 0.00133254 0.999999 -0.000184982 -0.000239175 -2.43832e-05 0.000185015 1 0.00552997
0.999999 -0.00115596 1.99508e-05 0.0136881 0.00115596 0.999999 -0.00017326 -0.00516421 -1.97505e-05 0.000173283 1 0.00551127
0.999999 -0.00127818 1.95415e-05 0.00921488 0.00127818 0.999999 -0.000171634 0.00223405 -1.93221e-05 0.000171659 1 0.00445793
0.999999 -0.00123402 2.9228e-05 0.0100343 0.00123403 0.999999 -0.000214541 -8.10548e-05 -2.89632e-05 0.000214576 1 0.00584837
0.999999 -0.00126583 1.60461e-05 0.0127735 0.00126583 0.999999 -0.000177735 0.00130966 -1.58211e-05 0.000177756 1 0.00483337
0.999999 -0.00137401 2.05432e-05 0.0101309 0.00137402 0.999999 -0.000184759 0.000699961 -2.02893e-05 0.000184787 1 0.00672461
0.999999 -0.00119105 1.52221e-05 0.0100621 0.00119105 0.999999 -0.000205277 0.004884 -1.49776e-05 0.000205295 1 0.00521845
0.999999 -0.00128394 2.55916e-05 0.00955257 0.00128395 0.999999 -0.000198205 -0.000893251 -2.53371e-05 0.000198237 1 0.00428898
0.999999 -0.00113615 1.65597e-05 0.00972684 0.00113616 0.999999 -0.000189914 -0.00113547 -1.63439e-05 0.000189933 1 0.00503598
0.999999 -0.00144625 3.55996e-05 0.00990678 0.00144626 0.999999 -0.000195687 -0.00137553 -3.53166e-05 0.000195739 1 0.00577989
0.999999 -0.00122356 9.40196e-06 0.0158479 0.00122356 0.999999 -0.000176082 0.0024439 -9.1865e-06 0.000176093 1 0.00516321
0.999999 -0.00137644 2.06531e-05 0.0114167 0.00137644 0.999999 -0.000171782 0.000612907 -2.04166e-05 0.00017181 1 0.0051853
0.999999 -0.00130411 1.30526e-05 0.0116122 0.00130411 0.999999 -0.000162347 -0.00209963 -1.28409e-05 0.000162364 1 0.00467689
0.999999 -0.00117045 3.33562e-05 0.0118005 0.00117046 0.999999 -0.000160353 -0.00480969 -3.31685e-05 0.000160392 1 0.00417152
0.999999 -0.00125598 5.35717e-05 0.00969183 0.00125598 0.999999 -0.000155783 -0.00245135 -5.3376e-05 0.000155851 1 0.00306685
0.999999 -0.00117691 -1.46533e-05 0.0109653 0.0011769 0.999999 -0.000207851 0.000572997 1.48979e-05 0.000207834 1 0.00588451
0.999999 -0.00112409 1.72067e-05 0.0108076 0.0011241 0.999999 -0.000192331 0.00222319 -1.69905e-05 0.00019235 1 0.00465949
0.999999 -0.00128299 1.54396e-05 0.0108753 0.00128299 0.999999 -0.000185008 -0.00356696 -1.52022e-05 0.000185028 1 0.00621015
0.999999 -0.00127816 1.19382e-05 0.0109159 0.00127816 0.999999 -0.00016825 -0.00123904 -1.17231e-05 0.000168265 1 0.00432723
0.999999 -0.00125531 3.81664e-05 0.00957252 0.00125532 0.999999 -0.000187939 -0.000791887 -3.79304e-05 0.000187987 1 0.00598542
0.999999 -0.00110258 -1.24225e-05 0.0108124 0.00110257 0.999999 -0.000221826 0.00296444 1.26671e-05 0.000221812 1 0.00592697
0.999999 -0.0011736 -1.0335e-05 0.0111654 0.0011736 0.999999 -0.000187929 0.00217353 1.05555e-05 0.000187917 1 0.0050071
0.999999 -0.0012889 1.69773e-05 0.0115189 0.00128891 0.999999 -0.000170248 0.00138041 -1.67578e-05 0.00017027 1 0.0040921
0.999999 -0.0011099 2.37896e-05 0.0102961 0.00110991 0.999999 -0.00020923 -0.00164973 -2.35574e-05 0.000209257 1 0.00522828
0.999999 -0.00126791 5.93125e-06 0.0116936 0.00126791 0.999999 -0.000178217 0.00217315 -5.70528e-06 0.000178224 1 0.00567884
0.999999 -0.00134429 3.0084e-05 0.0125022 0.00134429 0.999999 -0.000139832 0.00286508 -2.98959e-05 0.000139872 1 0.00371669
0.999999 -0.00127769 2.72591e-05 0.00720712 0.00127769 0.999999 -0.000231118 0.000820644 -2.69638e-05 0.000231152 1 0.00582708
0.999999 -0.00119777 2.01684e-05 0.0135692 0.00119777 0.999999 -0.000171447 0.000245334 -1.9963e-05 0.000171471 1 0.00469304
0.999999 -0.00115554 2.93819e-05 0.0108689 0.00115554 0.999999 -0.000173598 0.000343605 -2.91813e-05 0.000173631 1 0.00539852
0.999999 -0.00117265 2.19772e-05 0.0109382 0.00117265 0.999999 -0.000189388 -0.00146393 -2.17551e-05 0.000189413 1 0.00586216
0.999999 -0.00122937 2.35616e-05 0.00961957 0.00122937 0.999999 -0.000158666 -0.00154453 -2.33665e-05 0.000158695 1 0.00362079
0.999999 -0.0010642 5.87335e-06 0.0127853 0.0010642 0.999999 -0.000167822 0.000531265 -5.69475e-06 0.000167829 1 0.00441168
0.999999 -0.00121213 4.46696e-05 0.00857481 0.00121214 0.999999 -0.000168781 -0.000549598 -4.4465e-05 0.000168835 1 0.0047054
0.999999 -0.00124545 1.21851e-05 0.00439938 0.00124545 0.999999 -0.000196779 -0.00162198 -1.194e-05 0.000196794 1 0.00500601
0.999999 -0.00124517 -5.61525e-06 0.012076 0.00124517 0.999999 -0.000174563 0.00179531 5.8326e-06 0.000174556 1 0.00527429
0.999999 -0.0012049 3.40422e-05 0.0125528 0.00120491 0.999999 -0.000149992 -0.00129388 -3.38614e-05 0.000150033 1 0.00369527
0.999999 -0.00129537 -1.39006e-05 0.0119456 0.00129537 0.999999 -0.000200137 0.00224336 1.41599e-05 0.000200119 1 0.00575392
0.999999 -0.00124764 2.97736e-06 0.012909 0.00124764 0.999999 -0.000163539 -0.00358708 -2.77332e-06 0.000163543 1 0.00557009
0.999999 -0.00112309 -1.73116e-06 0.0140049 0.00112309 0.999999 -0.000166628 -0.000195111 1.9183e-06 0.000166626 1 0.00453385
0.999999 -0.00127024 2.91854e-05 0.0113476 0.00127024 0.999999 -0.000202051 -0.000377668 -2.89288e-05 0.000202088 1 0.0051483
0.999999 -0.00134399 8.71123e-06 0.0122107 0.00134399 0.999999 -0.00018249 0.00120086 -8.46596e-06 0.000182502 1 0.00503359
0.999999 -0.00126454 2.20148e-06 0.0095495 0.00126454 0.999999 -0.000184457 -0.00120391 -1.96822e-06 0.000184459 1 0.00589128
0.999999 -0.00112289 3.09229e-05 0.0106454 0.0011229 0.999999 -0.000196167 0.000454799 -3.07026e-05 0.000196201 1 0.00563917
0.999999 -0.00122019 2.83134e-05 0.0102685 0.00122019 0.999999 -0.000212297 -0.00192828 -2.80543e-05 0.000212332 1 0.00683563
0.999999 -0.00116103 2.71823e-05 0.0113858 0.00116104 0.999999 -0.000160229 0.000282356 -2.69963e-05 0.00016026 1 0.00369414
0.999999 -0.00111729 4.27505e-05 0.00979533 0.0011173 0.999999 -0.000177753 -4.99512e-05 -4.25519e-05 0.000177801 1 0.00387082
0.999999 -0.00126632 5.25625e-06 0.0125101 0.00126632 0.999999 -0.000199715 0.00409791 -5.00334e-06 0.000199722 1 0.00617398
0.999999 -0.00131608 3.80545e-05 0.00899278 0.00131608 0.999999 -0.000181086 -0.00332177 -3.78161e-05 0.000181135 1 0.00464757
0.999999 -0.00125692 2.65854e-05 0.0111597 0.00125693 0.999999 -0.00019979 0.00316021 -2.63343e-05 0.000199823 1 0.00525109
0.999999 -0.00122406 3.18353e-05 0.0126491 0.00122406 0.999999 -0.000164312 0.000197943 -3.16341e-05 0.000164351 1 0.00521493
0.999999 -0.00119353 2.9914e-05 0.0103627 0.00119354 0.999999 -0.000186735 0.00165822 -2.96911e-05 0.000186771 1 0.00575727
0.999999 -0.00129255 2.75707e-05 0.0156315 0.00129256 0.999999 -0.00017324 -0.00329709 -2.73467e-05 0.000173276 1 0.00603573
0.999999 -0.00126363 4.64533e-05 0.0110041 0.00126364 0.999999 -0.000183702 0.00147048 -4.62212e-05 0.00018376 1 0.00453546
0.999999 -0.0013762 1.63045e-05 0.0118419 0.00137621 0.999999 -0.000174378 0.000358662 -1.60645e-05 0.0001744 1 0.00524029
0.999999 -0.00129061 1.10474e-06 0.0107856 0.00129061 0.999999 -0.00021851 0.000837935 -8.22726e-07 0.000218511 1 0.00671359
0.999999 -0.0012455 4.02105e-05 0.0137385 0.00124551 0.999999 -0.000177824 0.00150736 -3.9989e-05 0.000177874 1 0.00448345
0.999999 -0.00126576 4.00938e-06 0.0166882 0.00126576 0.999999 -0.00014049 0.00217814 -3.83155e-06 0.000140495 1 0.00226222
0.999999 -0.00120953 4.68414e-06 0.0146484 0.00120953 0.999999 -0.000159827 0.00348077 -4.49082e-06 0.000159833 1 0.00333635
0.999999 -0.00126958 2.44607e-05 0.0144644 0.00126958 0.999999 -0.000162143 0.000651849 -2.42548e-05 0.000162174 1 0.00465236
0.999999 -0.00106085 4.36998e-05 0.00762968 0.00106086 0.999999 -0.000190878 -0.000140675 -4.34973e-05 0.000190924 1 0.00548321
0.999999 -0.00113352 2.25404e-05 0.0101375 0.00113353 0.999999 -0.000210486 0.00239931 -2.23018e-05 0.000210511 1 0.00600257
0.999999 -0.00120601 2.16461e-05 0.0128713 0.00120602 0.999999 -0.000193281 0.00193655 -2.1413e-05 0.000193307 1 0.00495485
0.999999 -0.00128335 3.66626e-05 0.0117229 0.00128335 0.999999 -0.000192015 -0.00101416 -3.64161e-05 0.000192062 1 0.00575169
0.999999 -0.00115468 2.953e-05 0.0117248 0.00115468 0.999999 -0.000203934 -0.000760128 -2.92945e-05 0.000203968 1 0.00646624
0.999999 -0.00123056 2.59886e-05 0.0107659 0.00123057 0.999999 -0.000167065 0.00255382 -2.5783e-05 0.000167097 1 0.00346394
0.999999 -0.00127419 -9.29107e-06 0.0119006 0.00127419 0.999999 -0.000209588 0.000662329 9.55812e-06 0.000209576 1 0.00528951
0.999999 -0.00134639 2.86224e-05 0.00878085 0.00134639 0.999999 -0.000198453 -0.00202498 -2.83551e-05 0.000198492 1 0.00559997
0.999999 -0.00121236 4.69655e-05 0.0126511 0.00121237 0.999999 -0.000176483 0.0014941 -4.67515e-05 0.00017654 1 0.00352076
0.999999 -0.00123882 1.67851e-05 0.00734427 0.00123882 0.999999 -0.000175636 0.00065838 -1.65675e-05 0.000175657 1 0.00476162
0.999999 -0.00117376 2.86173e-05 0.0126043 0.00117377 0.999999 -0.000175493 -0.00303073 -2.84113e-05 0.000175527 1 0.00472682
0.999999 -0.00126813 2.95652e-05 0.0122031 0.00126814 0.999999 -0.000158824 0.00174211 -2.93638e-05 0.000158861 1 0.00380548
0.999999 -0.00133272 2.50284e-05 0.00903248 0.00133273 0.999999 -0.000200126 0.000906113 -2.47617e-05 0.00020016 1 0.00475158
0.999999 -0.00128249 4.14895e-05 0.00780612 0.00128249 0.999999 -0.000134802 -0.00182513 -4.13166e-05 0.000134855 1 0.00296887
0.999999 -0.00112945 2.83467e-05 0.0101133 0.00112946 0.999999 -0.0002101 -0.00156724 -2.81094e-05 0.000210132 1 0.00541988
0.999999 -0.00113549 3.77093e-05 0.0093029 0.0011355 0.999999 -0.000173137 0.000444835 -3.75127e-05 0.00017318 1 0.00322158
0.999999 -0.00137067 1.61677e-05 0.0123 0.00137067 0.999999 -0.000162313 -0.0019616 -1.59452e-05 0.000162335 1 0.00392825
0.999999 -0.00135727 4.58857e-05 0.00968351 0.00135728 0.999999 -0.000170899 -0.00340245 -4.56537e-05 0.000170962 1 0.00400406
0.999999 -0.00134784 1.2459e-05 0.00955259 0.00134784 0.999999 -0.000177103 -0.00204153 -1.22203e-05 0.00017712 1 0.00505117
0.999999 -0.00136482 8.1801e-06 0.0122912 0.00136482 0.999999 -0.000192849 -0.000686976 -7.91688e-06 0.00019286 1 0.00516572
0.999999 -0.00126377 4.7496e-05 0.0103593 0.00126378 0.999999 -0.000183589 -0.00138115 -4.72639e-05 0.000183649 1 0.00573334
0.999999 -0.00131028 1.30899e-05 0.0138942 0.00131028 0.999999 -0.000165471 0.00207203 -1.28731e-05 0.000165488 1 0.00454266
0.999999 -0.0011617 1.10102e-05 0.0115588 0.0011617 0.999999 -0.000203409 -7.83504e-05 -1.07739e-05 0.000203422 1 0.00392954
0.999999 -0.00118404 2.77002e-05 0.0150784 0.00118404 0.999999 -0.00016748 -0.00156972 -2.75019e-05 0.000167513 1 0.00579457
0.999999 -0.0013338 3.27517e-05 0.0104531 0.00133381 0.999999 -0.000159089 -0.00254378 -3.25394e-05 0.000159132 1 0.00351827
0.999999 -0.00122026 2.80429e-05 0.0133127 0.00122027 0.999999 -0.00013806 0.000723091 -2.78744e-05 0.000138094 1 0.00281027
0.999999 -0.00106001 3.0578e-05 0.0166567 0.00106001 0.999999 -0.000150056 -0.00123388 -3.0419e-05 0.000150089 1 0.00406916
0.999999 -0.00110809 3.8861e-05 0.0164519 0.00110809 0.999999 -0.000169365 0.00301329 -3.86733e-05 0.000169408 1 0.00353533
1 -0.000904609 4.23913e-05 0.00646304 0.000904616 1 -0.000173217 0.00502003 -4.22346e-05 0.000173255 1 0.00326373
1 -0.000874727 5.71357e-05 -0.00902699 0.000874739 1 -0.000213252 0.0102268 -5.69491e-05 0.000213302 1 0.00408592
1 -0.0008429 7.93203e-05 -0.0273891 0.000842915 1 -0.000190504 0.00909462 -7.91597e-05 0.000190571 1 0.00446439
1 -0.000742776 0.000111939 -0.0418574 0.000742798 1 -0.000198108 0.0109078 -0.000111791 0.000198191 1 0.00497334
1 -0.000627247 0.000127574 -0.0720717 0.000627281 1 -0.000263191 0.0135304 -0.000127408 0.000263271 1 0.00601457
1 -0.00051356 0.000194057 -0.106545 0.00051361 1 -0.000260764 0.0184721 -0.000193923 0.000260864 1 0.00506029
1 -0.000807495 0.000249815 -0.141023 0.000807564 1 -0.000276572 0.0234101 -0.000249592 0.000276773 1 0.00410363
1 -0.000502593 0.000335544 -0.184633 0.000502689 1 -0.000285831 0.0229509 -0.0003354 0.000286 1 0.00437864
1 -7.45772e-05 0.000429159 -0.232789 7.46924e-05 1 -0.000268348 0.0288668 -0.000429139 0.00026838 1 0.00429295
1 -0.000159794 0.000547116 -0.288607 0.000159955 1 -0.000294193 0.0271865 -0.000547069 0.00029428 1 0.00405118
1 -1.47703e-06 0.000665057 -0.349132 1.67513e-06 1 -0.000297869 0.030328 -0.000665056 0.00029787 1 0.00412614
1 4.56543e-05 0.0008067 -0.428511 -4.54012e-05 1 -0.000313844 0.0292034 -0.000806714 0.000313808 1 0.00278662
1 0.000109168 0.000960937 -0.510649 -0.00010886 1 -0.000320319 0.0358466 -0.000960972 0.000320215 0.999999 0.00266021
0.999999 0.000539494 0.00110906 -0.593965 -0.000539134 1 -0.000324817 0.0366678 -0.00110924 0.000324219 0.999999 0.000247056
0.999999 0.000824422 0.00122952 -0.694865 -0.000823998 1 -0.000345464 0.0419228 -0.0012298 0.00034445 0.999999 -0.000132282
0.999999 0.00111503 0.00130796 -0.803244 -0.00111447 0.999999 -0.000425415 0.0478924 -0.00130843 0.000423957 0.999999 2.92156e-05
0.999998 0.00124855 0.001401 -0.927954 -0.00124784 0.999999 -0.000508486 0.0529929 -0.00140163 0.000506737 0.999999 0.00111672
0.999997 0.00148059 0.00170259 -1.06184 -0.00147974 0.999999 -0.000504194 0.057463 -0.00170334 0.000501674 0.999998 -0.00143297
0.999998 0.00104326 0.00188658 -1.19686 -0.00104216 0.999999 -0.000580138 0.0608112 -0.00188719 0.000578171 0.999998 -0.00474703
0.999998 0.00064124 0.00200572 -1.35302 -0.000639802 1 -0.000717063 0.0577223 -0.00200618 0.000715778 0.999998 -0.00237615
0.999998 0.000133684 0.00202654 -1.51034 -0.000131795 1 -0.000932326 0.0635538 -0.00202666 0.000932057 0.999998 -0.00424236
0.999998 -0.000437155 0.00200452 -1.69443 0.000439486 0.999999 -0.00116257 0.0724654 -0.00200401 0.00116345 0.999997 -0.00047591
0.999997 -0.00163662 0.00180779 -1.86526 0.00163874 0.999998 -0.00117238 0.0803601 -0.00180586 0.00117534 0.999998 -0.00464222
0.999997 -0.00188018 0.00182315 -2.04597 0.00188234 0.999998 -0.00118566 0.0939217 -0.00182091 0.00118909 0.999998 -0.00553945
0.999994 -0.0028561 0.00205473 -2.22888 0.00285825 0.999995 -0.0010451 0.112875 -0.00205174 0.00105097 0.999997 -0.0144372
0.999989 -0.00424077 0.00199071 -2.43165 0.00424277 0.999991 -0.000999035 0.125467 -0.00198645 0.00100747 0.999998 -0.0076256
0.999982 -0.00561999 0.00222614 -2.62501 0.00562182 0.999984 -0.000816364 0.131436 -0.00222151 0.000828864 0.999997 -0.0157483
0.999971 -0.00719812 0.00246275 -2.82839 0.00719967 0.999974 -0.000622587 0.137449 -0.0024582 0.0006403 0.999997 -0.0198317
0.999951 -0.00950608 0.00278571 -3.02034 0.00950791 0.999955 -0.000643092 0.136982 -0.00277947 0.000669547 0.999996 -0.0272719
0.999932 -0.011327 0.00289761 -3.22369 0.011329 0.999936 -0.000675411 0.147202 -0.00288978 0.000708192 0.999996 -0.0296256
0.999903 -0.0135517 0.00314715 -3.45261 0.0135541 0.999908 -0.000752168 0.152138 -0.00313667 0.000794752 0.999995 -0.0405549
0.999873 -0.0157691 0.0024488 -3.68325 0.0157707 0.999875 -0.00064348 0.156743 -0.00243835 0.000682018 0.999997 -0.0463553
0.999841 -0.017572 0.00303707 -3.91189 0.0175732 0.999846 -0.00038346 0.153418 -0.00302986 0.000436771 0.999995 -0.0633569
0.999793 -0.0199931 0.00385099 -4.14596 0.0199945 0.9998 -0.000309422 0.154828 -0.00384404 0.000386357 0.999993 -0.0706152
0.999736 -0.0227055 0.00355364 -4.38084 0.022708 0.999742 -0.000686722 0.167519 -0.00353713 0.000767237 0.999993 -0.0628257
0.999684 -0.0250128 0.00253197 -4.63915 0.0250139 0.999687 -0.000439771 0.163177 -0.00252017 0.000502966 0.999997 -0.0617057
0.999625 -0.0273286 0.00187821 -4.9009 0.0273285 0.999627 4.64615e-05 0.185182 -0.00187878 4.88465e-06 0.999998 -0.0645212
0.999568 -0.0293387 0.0015421 -5.15367 0.0293378 0.999569 0.000628067 0.203027 -0.00155986 -0.000582554 0.999999 -0.0639842
0.999484 -0.0320895 0.00125429 -5.41487 0.0320885 0.999485 0.000788763 0.200787 -0.00127896 -0.000748108 0.999999 -0.0607762
0.999353 -0.0359401 0.00161473 -5.67839 0.0359379 0.999353 0.00139924 0.200203 -0.00166398 -0.0013403 0.999998 -0.0728841
0.999199 -0.0399939 0.00154262 -5.92494 0.0399914 0.999199 0.00164003 0.200672 -0.00160697 -0.00157702 0.999997 -0.0674772
0.998996 -0.0447899 0.00102479 -6.17425 0.0447879 0.998995 0.00185184 0.208874 -0.0011067 -0.00180408 0.999998 -0.0714147
0.998752 -0.0499359 -5.33477e-05 -6.4229 0.0499359 0.99875 0.00199662 0.207202 -4.64219e-05 -0.00199679 0.999998 -0.0740162
0.998464 -0.0554117 3.23376e-05 -6.6781 0.0554113 0.998459 0.00289521 0.201138 -0.000192716 -0.00288897 0.999996 -0.0857541
0.998148 -0.0608353 0.000676774 -6.92944 0.060833 0.998143 0.00303487 0.193627 -0.000860145 -0.00298808 0.999995 -0.0881528
0.997735 -0.0672462 0.00154668 -7.16891 0.0672401 0.99773 0.00375292 0.204592 -0.00179554 -0.00364042 0.999992 -0.102338
0.997297 -0.0734516 0.00202002 -7.39584 0.0734422 0.99729 0.00437354 0.204805 -0.00233579 -0.00421336 0.999988 -0.105482
0.996719 -0.0809132 0.00195301 -7.62639 0.0809032 0.996711 0.00472747 0.197572 -0.0023291 -0.00455395 0.999987 -0.109425
0.99602 -0.0890788 0.00290207 -7.86863 0.0890654 0.996016 0.00447464 0.189475 -0.0032891 -0.00419836 0.999986 -0.117043
0.995047 -0.0993483 0.00334757 -8.10237 0.0993339 0.995045 0.00422728 0.17796 -0.00375096 -0.00387382 0.999985 -0.112747
0.993795 -0.111171 0.00353417 -8.32119 0.111155 0.993794 0.00435625 0.15767 -0.00399653 -0.00393638 0.999984 -0.111917
0.992224 -0.12442 0.00340917 -8.54395 0.124404 0.992221 0.004572 0.144236 -0.0039515 -0.00411233 0.999984 -0.11682
0.990371 -0.138365 0.00444582 -8.75554 0.138344 0.990373 0.00461073 0.123639 -0.00504098 -0.00395128 0.999979 -0.123355
0.988075 -0.153891 0.00503186 -8.99244 0.153871 0.988082 0.00430476 0.0905242 -0.00563435 -0.00347917 0.999978 -0.119665
0.985147 -0.171651 0.00458472 -9.2201 0.171632 0.985152 0.00429728 0.045147 -0.00525427 -0.00344657 0.99998 -0.108549
0.981611 -0.190848 0.00414254 -9.44191 0.190831 0.981614 0.00418758 -0.0058316 -0.00486556 -0.00332005 0.999983 -0.119371
0.977434 -0.211204 0.00392917 -9.67118 0.211187 0.977436 0.00432066 -0.0383308 -0.00475305 -0.00339337 0.999983 -0.109183
0.972648 -0.23226 0.00322538 -9.88199 0.232242 0.972645 0.00498461 -0.0836156 -0.00429488 -0.00409921 0.999982 -0.0956159
0.966869 -0.255265 0.00213985 -10.1087 0.255251 0.966861 0.00518572 -0.111887 -0.00339267 -0.00446772 0.999984 -0.0848303
0.960465 -0.278397 0.00124497 -10.3217 0.278387 0.960456 0.00505024 -0.205183 -0.00260171 -0.004504 0.999986 -0.0830891
0.953221 -0.302271 0.00136567 -10.5338 0.302261 0.953213 0.00481003 -0.278854 -0.0027557 -0.00417223 0.999987 -0.0878008
0.944695 -0.327949 0.000713242 -10.759 0.327941 0.944685 0.00504971 -0.352352 -0.00232983 -0.00453653 0.999987 -0.0919837
