1 0 0 0 0 1 0 0 -0 0 1 0
0.999999 -0.00121237 -0.00109818 0.00406399 0.00121243 0.999999 5.58932e-05 0.00400391 0.00109811 -5.72246e-05 0.999999 0.00280776
0.999999 -0.00119787 -0.00103037 -0.000257897 0.00119792 0.999999 4.3209e-05 0.00904736 0.00103031 -4.44432e-05 0.999999 0.00181082
0.999999 -0.0013509 -0.000937485 -0.00406978 0.00135097 0.999999 7.50728e-05 0.00926355 0.000937383 -7.63393e-05 1 -0.000913661
0.999998 -0.00127653 -0.00126108 0.00094354 0.0012766 0.999999 5.45563e-05 0.00454166 0.00126101 -5.61661e-05 0.999999 0.0017878
0.999999 -0.00128334 -0.00103203 0.00380735 0.0012834 0.999999 6.64773e-05 0.00644024 0.00103194 -6.78018e-05 0.999999 0.000250108
0.999999 -0.00119854 -0.00119155 0.00206364 0.00119859 0.999999 4.28632e-05 0.00697817 0.00119149 -4.42913e-05 0.999999 0.00222282
0.999998 -0.00140777 -0.00112659 -0.00238045 0.00140779 0.999999 1.35796e-05 0.00549877 0.00112657 -1.51655e-05 0.999999 0.0030961
0.999999 -0.0011558 -0.00111787 0.00115331 0.00115584 0.999999 3.17622e-05 0.00566528 0.00111784 -3.30543e-05 0.999999 0.000926586
0.999999 -0.00125669 -0.000865379 -0.00510086 0.00125672 0.999999 2.70097e-05 0.00690049 0.000865344 -2.80972e-05 1 -0.000974961
0.999998 -0.00151193 -0.0011004 -0.00207584 0.00151196 0.999999 3.16678e-05 0.00655286 0.00110035 -3.33315e-05 0.999999 0.00332972
0.999999 -0.00114629 -0.00123967 -0.00310212 0.00114631 0.999999 1.65453e-05 0.00813078 0.00123965 -1.79663e-05 0.999999 0.000730573
0.999999 -0.00123853 -0.00118171 0.00286978 0.00123857 0.999999 3.67628e-05 0.0067455 0.00118167 -3.82263e-05 0.999999 0.00248386
0.999998 -0.001328 -0.00129495 0.00355461 0.00132803 0.999999 2.91639e-05 0.00850686 0.00129491 -3.08836e-05 0.999999 0.0026329
0.999999 -0.00121545 -0.00112656 0.00353724 0.00121547 0.999999 1.65152e-05 0.0107423 0.00112654 -1.78845e-05 0.999999 0.00301268
0.999999 -0.00119372 -0.000880314 0.00056296 0.00119376 0.999999 4.69739e-05 0.0111217 0.000880257 -4.80247e-05 1 -0.00242892
0.999999 -0.00130217 -0.00109599 0.00210157 0.00130221 0.999999 4.15424e-05 0.00349154 0.00109594 -4.29696e-05 0.999999 0.00107196
0.999999 -0.00109951 -0.00104679 0.000890395 0.00109955 0.999999 4.1867e-05 0.00426482 0.00104674 -4.3018e-05 0.999999 -0.000107455
0.999999 -0.00143405 -0.00090708 -0.00198132 0.0014341 0.999999 5.25457e-05 -0.00393084 0.000907004 -5.38464e-05 1 -0.000915899
0.999998 -0.00139968 -0.00112892 0.00786917 0.00139969 0.999999 8.25728e-06 0.0119847 0.0011289 -9.8374e-06 0.999999 0.00321383
0.999999 -0.00119764 -0.00118957 -0.00291587 0.00119769 0.999999 3.49836e-05 0.00174784 0.00118953 -3.64083e-05 0.999999 0.00158902
0.999998 -0.00146428 -0.00110096 0.00275524 0.00146435 0.999999 6.40104e-05 -0.000711814 0.00110086 -6.56225e-05 0.999999 0.000951965
0.999999 -0.00126162 -0.00100803 -0.000349895 0.00126167 0.999999 4.31424e-05 0.002106 0.00100798 -4.44142e-05 0.999999 0.000721099
0.999999 -0.00132622 -0.00107097 -0.0045982 0.00132624 0.999999 2.32767e-05 0.0031468 0.00107094 -2.46971e-05 0.999999 8.61484e-05
0.999999 -0.00131842 -0.000906001 -0.00154426 0.00131848 0.999999 6.21817e-05 -0.00281704 0.000905918 -6.33762e-05 1 -0.000479152
0.999999 -0.00124438 -0.00105533 0.000890173 0.00124444 0.999999 5.06322e-05 0.00711315 0.00105527 -5.19454e-05 0.999999 0.00341404
0.999999 -0.00134727 -0.000914426 -0.00712973 0.00134734 0.999999 7.44758e-05 0.00387345 0.000914325 -7.57077e-05 1 -0.00210086
0.999999 -0.00118579 -0.00115818 -0.00181731 0.00118586 0.999999 6.42555e-05 0.00925486 0.00115811 -6.56289e-05 0.999999 0.000870171
0.999998 -0.00167705 -0.0012561 -0.00215866 0.00167706 0.999999 1.10327e-05 0.00233886 0.00125608 -1.31392e-05 0.999999 0.00251475
0.999998 -0.0015072 -0.00115079 0.0034307 0.00150727 0.999999 5.94688e-05 0.00355094 0.0011507 -6.12033e-05 0.999999 0.00129239
0.999998 -0.00149982 -0.0011501 0.00145556 0.00149989 0.999999 5.79631e-05 0.00131684 0.00115001 -5.96881e-05 0.999999 0.00386088
0.999998 -0.00132856 -0.00133744 0.00127056 0.00132865 0.999999 6.54364e-05 -0.00255196 0.00133735 -6.72133e-05 0.999999 0.00307366
0.999998 -0.0014624 -0.00110216 -0.00150851 0.00146243 0.999999 3.04676e-05 0.00905259 0.00110211 -3.20794e-05 0.999999 0.00375287
0.999998 -0.00145019 -0.0010863 0.00151983 0.00145027 0.999999 7.1842e-05 0.00860807 0.00108619 -7.34173e-05 0.999999 -1.65753e-05
0.999998 -0.00138213 -0.00112747 0.000732384 0.0013822 0.999999 5.908e-05 0.00310328 0.00112739 -6.06383e-05 0.999999 0.0017494
0.999998 -0.00138474 -0.0011501 -0.00370986 0.00138478 0.999999 3.40366e-05 0.0081693 0.00115005 -3.56292e-05 0.999999 0.00221944
0.999998 -0.00150755 -0.00106974 -0.00281643 0.00150761 0.999999 4.98475e-05 0.000404019 0.00106967 -5.14602e-05 0.999999 0.00279329
0.999999 -0.00110943 -0.00113032 0.000504687 0.00110947 0.999999 3.41985e-05 0.00619818 0.00113028 -3.54525e-05 0.999999 0.00262253
0.999998 -0.00150626 -0.000890214 0.00016942 0.00150629 0.999999 3.74634e-05 0.00617376 0.000890157 -3.88042e-05 1 0.00196277
0.999998 -0.00151699 -0.00105158 0.0015656 0.00151703 0.999999 4.01325e-05 0.00610834 0.00105152 -4.17277e-05 0.999999 0.00226497
0.999998 -0.00150689 -0.000937127 -0.000667941 0.00150693 0.999999 4.3247e-05 0.0064732 0.000937061 -4.46591e-05 1 0.000317169
0.999998 -0.0014702 -0.00109491 -0.00168663 0.00147028 0.999999 7.373e-05 0.00441484 0.0010948 -7.53397e-05 0.999999 0.0015374
0.999999 -0.00124341 -0.00114056 0.00351945 0.00124345 0.999999 3.5149e-05 -7.5165e-05 0.00114052 -3.65672e-05 0.999999 0.00260024
0.999999 -0.00130702 -0.00105932 -0.000522305 0.0013071 0.999999 7.47066e-05 -0.0025876 0.00105922 -7.60911e-05 0.999999 0.00142215
0.999998 -0.00157734 -0.00112446 -0.000105392 0.00157739 0.999999 4.81056e-05 0.00714722 0.00112438 -4.98793e-05 0.999999 0.00365217
0.999999 -0.00133903 -0.00105707 -0.00314959 0.0013391 0.999999 6.47068e-05 0.00203467 0.00105698 -6.61222e-05 0.999999 -3.0995e-05
0.999999 -0.00115993 -0.0010636 0.00118905 0.00115999 0.999999 5.54747e-05 0.00333277 0.00106353 -5.67084e-05 0.999999 0.00163557
0.999998 -0.00158815 -0.00120604 0.00191023 0.0015882 0.999999 4.27859e-05 0.00280813 0.00120598 -4.47013e-05 0.999999 0.00357609
0.999999 -0.00127245 -0.000994246 -0.000690504 0.00127249 0.999999 4.25428e-05 0.00108252 0.000994191 -4.38079e-05 1 0.00157399
0.999998 -0.00139917 -0.00115451 -0.00139262 0.00139923 0.999999 5.10282e-05 0.00178065 0.00115444 -5.26436e-05 0.999999 0.0024367
0.999999 -0.00127779 -0.00113016 -0.00206767 0.00127783 0.999999 3.29204e-05 0.00244005 0.00113012 -3.43645e-05 0.999999 0.00329018
0.999998 -0.00139603 -0.00114357 0.00304442 0.00139605 0.999999 1.69756e-05 0.00251853 0.00114355 -1.85721e-05 0.999999 0.00382823
0.999998 -0.00152718 -0.000963963 -0.000996734 0.00152725 0.999999 7.19738e-05 0.00706484 0.000963852 -7.34459e-05 1 0.00125021
0.999999 -0.00136826 -0.000963451 0.00472337 0.00136832 0.999999 5.37447e-05 0.000475472 0.000963377 -5.50629e-05 1 0.000902358
0.999999 -0.00129649 -0.00101553 0.00238923 0.00129655 0.999999 5.3331e-05 0.00571621 0.00101546 -5.46476e-05 0.999999 0.00160341
0.999998 -0.00149405 -0.00108095 -0.000462123 0.00149411 0.999999 5.40261e-05 0.00545104 0.00108087 -5.5641e-05 0.999999 0.00128634
0.999999 -0.00123371 -0.00102399 -0.000153912 0.00123378 0.999999 6.46311e-05 -0.000759659 0.00102391 -6.58944e-05 0.999999 0.00135992
0.999998 -0.00156309 -0.00115976 -0.00332089 0.00156313 0.999999 3.96519e-05 0.0037194 0.0011597 -4.14647e-05 0.999999 0.00330623
0.999999 -0.00123179 -0.00121597 0.00160524 0.00123184 0.999999 3.66471e-05 0.0046341 0.00121592 -3.81449e-05 0.999999 0.00394899
0.999998 -0.00154133 -0.00105544 -0.00361821 0.0015414 0.999999 7.1771e-05 0.00444878 0.00105533 -7.33977e-05 0.999999 0.00275214
0.999998 -0.00152134 -0.00121922 -0.000567904 0.0015214 0.999999 4.40329e-05 0.00532575 0.00121915 -4.58877e-05 0.999999 0.00219356
0.999998 -0.00143768 -0.00114424 -0.00160037 0.00143775 0.999999 6.08465e-05 0.00338761 0.00114415 -6.24915e-05 0.999999 0.00285283
0.999998 -0.00143299 -0.0011344 0.000658947 0.00143305 0.999999 5.04e-05 0.00507867 0.00113433 -5.20255e-05 0.999999 0.00211228
0.999998 -0.00175021 -0.00112237 0.00291371 0.00175027 0.999998 5.70122e-05 0.0067646 0.00112227 -5.89766e-05 0.999999 0.00136644
0.999998 -0.00152078 -0.00102727 0.000520144 0.00152081 0.999999 2.78485e-05 -0.00191795 0.00102723 -2.94107e-05 0.999999 0.00210371
0.999998 -0.0013415 -0.00124816 0.0067042 0.00134155 0.999999 4.22194e-05 0.00563225 0.0012481 -4.38938e-05 0.999999 0.00306252
0.999998 -0.00141508 -0.00126919 -0.000957399 0.00141514 0.999999 4.68209e-05 0.00834889 0.00126912 -4.86169e-05 0.999999 0.00132869
0.999999 -0.00134315 -0.000991131 -0.00389699 0.00134318 0.999999 3.46265e-05 0.00216912 0.000991084 -3.59578e-05 1 0.00149002
0.999999 -0.00139941 -0.000919121 0.00278834 0.00139948 0.999999 7.08883e-05 0.00758301 0.000919021 -7.21745e-05 1 0.000586212
0.999998 -0.00156834 -0.00103861 -0.00023942 0.00156838 0.999999 3.83544e-05 0.00524326 0.00103855 -3.99833e-05 0.999999 0.00201935
0.999998 -0.00138337 -0.00122421 -0.00509977 0.00138342 0.999999 3.63858e-05 0.00257665 0.00122416 -3.80794e-05 0.999999 0.00260597
0.999998 -0.00148263 -0.00116161 0.000153998 0.00148269 0.999999 4.66013e-05 -0.00105236 0.00116154 -4.83235e-05 0.999999 0.00224025
0.999998 -0.00130618 -0.00126461 0.00258004 0.00130623 0.999999 3.89007e-05 0.00106343 0.00126456 -4.05525e-05 0.999999 0.00391829
0.999998 -0.00148924 -0.00122706 -0.000776695 0.00148931 0.999999 5.77777e-05 0.00783226 0.00122698 -5.96051e-05 0.999999 0.00229898
0.999999 -0.0012284 -0.00113357 0.000394837 0.00122845 0.999999 4.57123e-05 0.00509742 0.00113351 -4.71048e-05 0.999999 0.00242011
0.999998 -0.0013934 -0.00106713 -0.00500693 0.00139344 0.999999 3.13193e-05 0.00432026 0.00106709 -3.28062e-05 0.999999 0.0018247
0.999999 -0.00132878 -0.000964459 -0.00617256 0.00132884 0.999999 5.67257e-05 0.0018975 0.000964383 -5.80072e-05 1 0.000958717
0.999998 -0.00151492 -0.0013584 -0.00114918 0.00151497 0.999999 3.27659e-05 0.00541498 0.00135835 -3.48237e-05 0.999999 0.00369304
0.999999 -0.00137183 -0.00105467 0.00215689 0.00137187 0.999999 3.69107e-05 0.00232603 0.00105462 -3.83575e-05 0.999999 0.00129769
0.999998 -0.00142383 -0.00103115 0.00339539 0.00142391 0.999999 7.93807e-05 0.00141457 0.00103103 -8.08489e-05 0.999999 0.00092873
0.999998 -0.00152348 -0.00128168 0.0019755 0.00152353 0.999999 4.2434e-05 0.00318039 0.00128161 -4.43866e-05 0.999999 0.0026449
0.999998 -0.0016064 -0.00114024 -0.00158447 0.00160643 0.999999 3.26215e-05 0.00925808 0.00114019 -3.44531e-05 0.999999 0.00271971
0.999999 -0.00123044 -0.00115971 0.00336407 0.00123052 0.999999 7.245e-05 -0.000631538 0.00115962 -7.38769e-05 0.999999 0.0022594
0.999999 -0.00113451 -0.000892283 -0.00144316 0.00113454 0.999999 3.69442e-05 0.000339207 0.000892241 -3.79565e-05 1 0.00197347
0.999998 -0.00138955 -0.00113981 0.00447705 0.00138962 0.999999 6.4353e-05 0.00234526 0.00113972 -6.59368e-05 0.999999 0.000934824
0.999998 -0.00156696 -0.00108739 -0.00185509 0.001567 0.999999 3.14783e-05 0.00060181 0.00108734 -3.31822e-05 0.999999 0.00217981
0.999998 -0.00124186 -0.0012684 0.00414508 0.0012419 0.999999 3.3747e-05 0.00639818 0.00126835 -3.53222e-05 0.999999 0.00268036
0.999998 -0.00137849 -0.00106532 -0.00354972 0.00137851 0.999999 1.31069e-05 0.00363058 0.0010653 -1.45754e-05 0.999999 0.00312677
0.999998 -0.00161615 -0.00103865 -0.00160491 0.00161622 0.999999 6.5412e-05 0.00572978 0.00103854 -6.70905e-05 0.999999 0.000733238
0.999999 -0.00119345 -0.00101738 0.00198068 0.00119351 0.999999 5.84573e-05 0.00145753 0.00101731 -5.96715e-05 0.999999 0.00228067
0.999998 -0.00133607 -0.00116247 -0.00322206 0.0013361 0.999999 3.09351e-05 0.00424926 0.00116243 -3.24882e-05 0.999999 0.00223459
0.999998 -0.00147687 -0.0012385 -0.0022371 0.0014769 0.999999 2.37088e-05 0.00109138 0.00123846 -2.55379e-05 0.999999 0.00402824
0.999999 -0.00135354 -0.00101745 0.00246454 0.00135361 0.999999 6.34492e-05 0.00684702 0.00101736 -6.48263e-05 0.999999 0.00170773
0.999998 -0.00157466 -0.00131299 -0.000665532 0.00157472 0.999999 4.10881e-05 0.00396121 0.00131292 -4.31556e-05 0.999999 0.00484213
0.999998 -0.00155951 -0.00121199 0.00226819 0.00155954 0.999999 2.43568e-05 0.00568396 0.00121195 -2.62469e-05 0.999999 0.00421406
0.999998 -0.00145221 -0.00104587 0.000247819 0.00145227 0.999999 5.5961e-05 0.00836595 0.00104579 -5.74798e-05 0.999999 0.001304
0.999998 -0.00145494 -0.00120784 0.00263364 0.00145502 0.999999 6.6454e-05 -0.0020281 0.00120774 -6.82114e-05 0.999999 0.0024367
0.999998 -0.00156553 -0.00097348 0.00202281 0.00156558 0.999999 5.86352e-05 0.000822576 0.000973387 -6.01591e-05 1 0.000479867
0.999999 -0.00134371 -0.00102561 0.000693925 0.00134379 0.999999 7.41561e-05 0.0098931 0.00102551 -7.55343e-05 0.999999 0.00024696
0.999999 -0.00119714 -0.00114104 0.00182131 0.00119721 0.999999 5.86259e-05 0.00138809 0.00114097 -5.99919e-05 0.999999 0.000519583
0.999998 -0.0013893 -0.00120031 0.00140323 0.00138936 0.999999 5.54227e-05 0.00113913 0.00120023 -5.70903e-05 0.999999 0.00244412
0.999998 -0.00150133 -0.00101123 0.00154047 0.00150137 0.999999 3.56181e-05 0.0074623 0.00101118 -3.71362e-05 0.999999 0.00134247
0.999998 -0.00139034 -0.00116909 -0.00262031 0.00139039 0.999999 4.2299e-05 0.00577499 0.00116903 -4.39244e-05 0.999999 0.00370281
0.999999 -0.00115312 -0.00102342 0.000475189 0.00115317 0.999999 4.251e-05 -0.00279073 0.00102337 -4.36902e-05 0.999999 0.00119132
0.999998 -0.00137097 -0.00113269 -0.00295765 0.001371 0.999999 2.22482e-05 0.00855623 0.00113266 -2.38011e-05 0.999999 0.00170874
0.999999 -0.00130126 -0.00103731 0.00477398 0.00130131 0.999999 4.6519e-05 0.00226474 0.00103725 -4.78688e-05 0.999999 0.000714296
0.999998 -0.00142991 -0.00103128 -0.00183174 0.00142997 0.999999 5.37474e-05 0.00518228 0.0010312 -5.5222e-05 0.999999 0.00242139
0.999998 -0.0014866 -0.00124816 -0.00393343 0.00148662 0.999999 1.72026e-05 0.00320059 0.00124813 -1.90581e-05 0.999999 0.00475033
0.999998 -0.00147528 -0.0013456 -0.00204546 0.0014753 0.999999 1.98664e-05 0.00677039 0.00134557 -2.18516e-05 0.999999 0.00489385
0.999998 -0.00146485 -0.00117151 0.00272915 0.0014649 0.999999 4.49975e-05 0.00912276 0.00117144 -4.67136e-05 0.999999 0.00185388
0.999998 -0.00129211 -0.00119086 0.00468345 0.00129215 0.999999 3.20952e-05 0.000805087 0.00119081 -3.36339e-05 0.999999 0.00251917
0.999999 -0.00138316 -0.000984249 -0.00547958 0.00138321 0.999999 5.1511e-05 -0.00165648 0.000984177 -5.28724e-05 1 0.00108461
0.999999 -0.00143002 -0.000975374 -0.00319177 0.00143008 0.999999 5.39091e-05 0.00332397 0.000975296 -5.53039e-05 1 0.000871491
0.999998 -0.0016124 -0.00118583 -0.000514472 0.00161247 0.999999 5.31319e-05 -0.00357838 0.00118574 -5.50439e-05 0.999999 0.00223863
0.999998 -0.00142644 -0.00127349 -0.00264556 0.00142647 0.999999 2.23923e-05 -0.00145063 0.00127346 -2.42088e-05 0.999999 0.00452838
0.999999 -0.00128202 -0.00114972 -0.000737567 0.00128207 0.999999 4.34067e-05 0.00701464 0.00114966 -4.48806e-05 0.999999 0.00122584
0.999998 -0.00142545 -0.00107877 0.00481657 0.00142549 0.999999 3.29525e-05 0.000768012 0.00107872 -3.44902e-05 0.999999 0.00339114
0.999999 -0.00126485 -0.00109578 -0.00220291 0.00126487 0.999999 1.72447e-05 0.00684031 0.00109576 -1.86307e-05 0.999999 0.00021105
0.999999 -0.00138697 -0.00101568 0.0033561 0.00138702 0.999999 4.71576e-05 0.00338161 0.00101561 -4.85663e-05 0.999999 0.00185766
0.999999 -0.00141687 -0.000924946 -0.00430252 0.00141689 0.999999 1.98047e-05 0.00265458 0.000924917 -2.11152e-05 1 0.00261015
0.999999 -0.00136849 -0.000966883 -0.00136541 0.00136851 0.999999 2.14114e-05 0.00247928 0.000966853 -2.27346e-05 1 0.00252844
0.999998 -0.00153893 -0.00121499 0.00290942 0.00153899 0.999999 5.52286e-05 0.00768598 0.0012149 -5.70984e-05 0.999999 0.00215204
0.999999 -0.00126138 -0.00108747 -0.0009605 0.00126143 0.999999 4.70642e-05 0.00251634 0.00108741 -4.84359e-05 0.999999 0.00190729
0.999998 -0.0013107 -0.00126627 0.00177917 0.00131076 0.999999 4.5558e-05 0.000392099 0.00126621 -4.72177e-05 0.999999 0.00437336
0.999999 -0.00140841 -0.000946676 -0.00209196 0.00140847 0.999999 6.16317e-05 0.00200508 0.000946588 -6.2965e-05 1 -0.000233883
0.999998 -0.00139711 -0.00107531 0.00181422 0.00139717 0.999999 5.3437e-05 -9.03347e-05 0.00107523 -5.49393e-05 0.999999 0.00139166
0.999999 -0.0012034 -0.00116156 0.00202043 0.00120344 0.999999 3.44484e-05 0.00598896 0.00116152 -3.58462e-05 0.999999 0.0045664
0.999998 -0.00149055 -0.0011249 -0.00144283 0.0014906 0.999999 4.35412e-05 0.0036917 0.00112484 -4.52179e-05 0.999999 0.00202532
0.999998 -0.00144712 -0.00109316 -0.00272336 0.00144716 0.999999 3.34575e-05 -0.000319694 0.00109311 -3.50394e-05 0.999999 0.00293632
0.999999 -0.00134139 -0.00107176 -0.000726194 0.00134144 0.999999 4.62099e-05 0.00207564 0.0010717 -4.76476e-05 0.999999 0.000847046
0.999999 -0.001261 -0.00104121 -0.00210807 0.00126104 0.999999 4.19677e-05 0.00105767 0.00104116 -4.32807e-05 0.999999 0.00153638
0.999999 -0.00138562 -0.000988228 -0.00262415 0.00138567 0.999999 4.82748e-05 0.0018112 0.00098816 -4.9644e-05 1 0.00108833
0.999998 -0.00150624 -0.00123621 0.00334253 0.00150629 0.999999 4.24088e-05 0.00701824 0.00123615 -4.42708e-05 0.999999 0.00331434
0.999998 -0.00148016 -0.00111145 0.00307254 0.00148023 0.999999 6.18194e-05 -0.000341897 0.00111136 -6.34645e-05 0.999999 0.00165222
0.999998 -0.00151032 -0.00116287 -0.00152303 0.00151038 0.999999 4.62443e-05 7.75987e-05 0.0011628 -4.80006e-05 0.999999 0.00292736
0.999998 -0.00147309 -0.0013077 0.00436354 0.00147308 0.999999 -5.02563e-06 0.00845538 0.0013077 3.09927e-06 0.999999 0.00459086
0.999998 -0.00132254 -0.00114746 0.00291189 0.00132263 0.999999 7.15504e-05 0.00110672 0.00114736 -7.3068e-05 0.999999 0.00228141
0.999998 -0.00136544 -0.00117277 0.00310137 0.0013655 0.999999 4.92608e-05 -0.000743524 0.00117271 -5.08622e-05 0.999999 0.00155777
0.999998 -0.00133965 -0.00111072 -0.00164505 0.00133969 0.999999 4.014e-05 0.00585115 0.00111067 -4.16279e-05 0.999999 0.00263726
0.999998 -0.00140738 -0.0013729 0.00179249 0.00140743 0.999999 3.37182e-05 0.00151052 0.00137285 -3.56503e-05 0.999999 0.00483493
0.999999 -0.00123187 -0.00118764 0.00157229 0.00123194 0.999999 5.75188e-05 0.00629732 0.00118757 -5.89819e-05 0.999999 0.00202913
0.999999 -0.00127847 -0.000988509 0.00135013 0.00127855 0.999999 8.45401e-05 0.011043 0.000988401 -8.58039e-05 1 -0.000773663
0.999999 -0.00115405 -0.00116519 0.00241953 0.00115412 0.999999 6.47086e-05 -0.00108629 0.00116512 -6.60533e-05 0.999999 0.00119192
0.999999 -0.00137432 -0.000883724 -0.00348335 0.00137436 0.999999 4.47304e-05 0.0035945 0.000883662 -4.59449e-05 1 0.000624202
0.999998 -0.00152278 -0.000966537 0.00274464 0.00152281 0.999999 3.18987e-05 0.00474688 0.000966487 -3.33705e-05 1 0.000366085
0.999999 -0.00138334 -0.000894406 0.00119583 0.00138336 0.999999 1.9373e-05 0.000782038 0.000894379 -2.06103e-05 1 0.00120161
0.999999 -0.00147804 -0.000831667 0.000331159 0.00147808 0.999999 4.08714e-05 0.00754335 0.000831605 -4.21006e-05 1 9.42866e-05
0.999998 -0.00143553 -0.00125428 0.000603288 0.00143558 0.999999 3.57367e-05 -0.00015157 0.00125423 -3.75373e-05 0.999999 0.00363215
0.999998 -0.0013576 -0.0010894 0.00437758 0.00135764 0.999999 3.95806e-05 0.00362278 0.00108934 -4.10595e-05 0.999999 0.00198478
0.999998 -0.00155313 -0.00109556 0.00148733 0.00155318 0.999999 4.44853e-05 0.00534192 0.00109548 -4.61868e-05 0.999999 0.000235924
0.999998 -0.00145156 -0.00114729 0.00306956 0.00145163 0.999999 6.14908e-05 -0.00131849 0.0011472 -6.31561e-05 0.999999 0.00398066
0.999998 -0.00138835 -0.00111139 -0.00280657 0.0013884 0.999999 4.47263e-05 0.00587663 0.00111133 -4.62693e-05 0.999999 0.00134766
0.999998 -0.0014589 -0.00106013 -0.00379999 0.00145893 0.999999 3.24228e-05 0.0032118 0.00106008 -3.39694e-05 0.999999 0.00126594
0.999998 -0.00169634 -0.0012364 0.00266598 0.00169638 0.999999 2.97125e-05 0.00917552 0.00123635 -3.18099e-05 0.999999 0.00308387
0.999998 -0.00135455 -0.00112244 -0.00349064 0.0013546 0.999999 4.55326e-05 0.00512255 0.00112238 -4.7053e-05 0.999999 0.00176823
0.999998 -0.00145613 -0.00103862 -0.00186483 0.00145617 0.999999 3.31823e-05 0.0079136 0.00103857 -3.46946e-05 0.999999 -0.000649119
0.999998 -0.00153306 -0.000989242 0.00115264 0.00153313 0.999999 6.99377e-05 -0.000866427 0.000989133 -7.14543e-05 1 -0.00106535
0.999998 -0.00147412 -0.00100704 -0.00560754 0.00147417 0.999999 5.44411e-05 -0.00351415 0.00100696 -5.59256e-05 0.999999 0.00263124
0.999999 -0.00118066 -0.00101917 0.00257099 0.00118074 0.999999 8.055e-05 0.00834339 0.00101908 -8.17533e-05 0.999999 0.00091874
0.999998 -0.00145291 -0.00120882 0.00198621 0.00145298 0.999999 5.67793e-05 0.0049874 0.00120873 -5.85355e-05 0.999999 0.00173333
0.999998 -0.00131807 -0.00124506 0.00122384 0.00131816 0.999999 7.14611e-05 -0.00117763 0.00124497 -7.31021e-05 0.999999 0.00413243
0.999998 -0.00156357 -0.00109214 -0.000997283 0.00156361 0.999999 3.26721e-05 0.0130617 0.00109209 -3.43797e-05 0.999999 0.00267559
0.999998 -0.00156542 -0.00135647 -0.00199412 0.00156544 0.999999 9.65833e-06 0.0344389 0.00135645 -1.17818e-05 0.999999 0.00409154
0.999998 -0.00162391 -0.00126342 -0.00253321 0.00162394 0.999999 2.02321e-05 0.0379535 0.00126338 -2.22838e-05 0.999999 0.00690304
0.999998 -0.00140774 -0.00101028 0.0019942 0.00140777 0.999999 2.23053e-05 0.0443072 0.00101024 -2.37275e-05 0.999999 0.00513648
0.999998 -0.00154372 -0.00137194 0.0064391 0.0015438 0.999999 5.31676e-05 0.05066 0.00137185 -5.52854e-05 0.999999 0.0033443
0.999998 -0.00171888 -0.00106998 0.00136264 0.00171886 0.999999 -2.2419e-05 0.046277 0.00107002 2.05799e-05 0.999999 0.00414187
0.999998 -0.00172623 -0.0011429 0.00239107 0.00172628 0.999999 4.01508e-05 0.0516758 0.00114283 -4.21237e-05 0.999999 0.00402807
0.999997 -0.00207838 -0.000890623 0.0115408 0.00207837 0.999998 -5.25392e-06 0.0644108 0.000890632 3.40286e-06 1 0.00526225
0.999996 -0.00275489 -0.00118395 0.00704693 0.00275491 0.999996 1.76692e-05 0.0751407 0.0011839 -2.09308e-05 0.999999 0.00504473
0.999992 -0.00387809 -0.00110098 0.00675317 0.00387808 0.999992 -1.08727e-05 0.094481 0.00110102 6.60292e-06 0.999999 0.00547048
0.999984 -0.00558652 -0.000965174 0.00322776 0.00558646 0.999984 -5.95744e-05 0.118247 0.000965491 5.41815e-05 1 0.00572813
0.999967 -0.0080403 -0.000977796 5.52832e-05 0.00804025 0.999968 -5.64888e-05 0.142795 0.000978219 4.86253e-05 1 0.00542533
0.999944 -0.0105376 -0.000888103 -0.000780021 0.0105375 0.999944 -3.96917e-05 0.166979 0.000888472 3.03311e-05 1 0.00206771
0.999907 -0.01361 -0.000698458 -0.0104581 0.01361 0.999907 -5.79533e-05 0.199326 0.000699182 4.84419e-05 1 0.00288616
0.999849 -0.0173535 -0.000428647 -0.0169453 0.0173535 0.999849 -0.000104245 0.229865 0.000430391 9.67912e-05 1 -0.000892302
0.999764 -0.0217152 -0.000744772 -0.0181165 0.0217151 0.999764 -0.000126955 0.247754 0.000747353 0.000110752 1 0.000330728
0.999643 -0.0267102 -0.000624603 -0.0244299 0.0267101 0.999643 -0.000168213 0.2836 0.000628873 0.00015147 1 -0.00182298
0.999483 -0.0321556 -0.000649958 -0.029643 0.0321554 0.999483 -0.000229418 0.317078 0.000656998 0.000208399 1 -0.000429658
0.999273 -0.0381088 -0.000634344 -0.0392931 0.0381086 0.999274 -0.000278092 0.348321 0.000644481 0.000253716 1 -0.00273888
0.998986 -0.0450228 -0.000368628 -0.0458711 0.0450226 0.998986 -0.00033313 0.392398 0.000383253 0.000316196 1 -0.00321844
0.998606 -0.0527747 -4.93169e-05 -0.0605249 0.0527746 0.998606 -0.000286387 0.445723 6.43622e-05 0.000283386 1 -0.00429065
0.998104 -0.0615463 0.000295504 -0.0685064 0.0615464 0.998104 -0.000362441 0.492576 -0.000272637 0.000379941 1 -0.00545715
0.997467 -0.0711269 0.00102249 -0.0743021 0.0711273 0.997467 -0.000401462 0.566408 -0.000991346 0.000473172 0.999999 -0.0106291
0.996678 -0.0814397 0.00103851 -0.0903994 0.0814403 0.996678 -0.00046902 0.602915 -0.000996868 0.000552039 0.999999 -0.00809449
0.995694 -0.0927029 0.000615386 -0.101116 0.0927032 0.995694 -0.000497557 0.640557 -0.000566611 0.000552463 1 -0.00530978
0.994526 -0.104486 0.00103112 -0.110137 0.104486 0.994526 -0.000535545 0.690271 -0.00096952 0.000640351 0.999999 -0.00656157
0.993234 -0.116121 0.00130675 -0.123849 0.116121 0.993235 -0.000635523 0.736402 -0.00122412 0.000782966 0.999999 -0.0100715
0.991772 -0.128009 0.00109999 -0.135348 0.12801 0.991773 -0.000790289 0.784434 -0.000989779 0.000924597 0.999999 -0.00859504
0.990281 -0.139082 0.000634338 -0.148051 0.139082 0.99028 -0.000910489 0.826241 -0.00050154 0.000989865 0.999999 -0.00685277
0.988804 -0.149216 0.000601764 -0.157518 0.149216 0.988804 -0.00112516 0.86942 -0.000427136 0.00120235 0.999999 -0.0128224
0.987309 -0.158809 0.000747899 -0.163077 0.158809 0.987308 -0.00128477 0.920483 -0.000534374 0.00138724 0.999999 -0.0163454
0.985979 -0.166871 0.000549143 -0.165035 0.166872 0.985978 -0.00139377 0.98137 -0.000308864 0.00146586 0.999999 -0.0131394
0.985247 -0.171141 0.000100109 -0.149078 0.171141 0.985246 -0.000999757 1.02353 7.24676e-05 0.00100214 0.999999 -0.0230753
0.985002 -0.172542 -3.29268e-05 -0.165673 0.172542 0.985002 -0.000695816 1.04483 0.000152491 0.000679698 1 -0.028601
0.984827 -0.17354 0.000333064 -0.155477 0.17354 0.984827 -0.000709161 1.05883 -0.000204942 0.0007562 1 -0.0211946
0.984943 -0.172878 0.00039051 -0.128761 0.172878 0.984943 -0.000832452 1.05289 -0.000240718 0.000887429 1 -0.0112924
0.984952 -0.172819 0.00191651 -0.133636 0.172821 0.984953 -0.0011155 1.05332 -0.00169489 0.00142993 0.999998 -0.0159803
0.984845 -0.173429 0.00172865 -0.131694 0.173431 0.984845 -0.00124744 1.05444 -0.00148611 0.00152834 0.999998 -0.0174741
0.984923 -0.17299 0.00135432 -0.130246 0.172991 0.984923 -0.00119387 1.04764 -0.00112737 0.00141015 0.999998 -0.0240498
0.98488 -0.173232 0.00165319 -0.137463 0.173234 0.98488 -0.00124819 1.04611 -0.00141197 0.00151571 0.999998 -0.0269272
0.984863 -0.173328 0.00155857 -0.133849 0.17333 0.984863 -0.00117561 1.04997 -0.00133121 0.00142797 0.999998 -0.0224437
0.984891 -0.17317 0.00160384 -0.130379 0.173172 0.984891 -0.00129959 1.05946 -0.00135456 0.00155769 0.999998 -0.0254664
0.98494 -0.172888 0.00153168 -0.128629 0.17289 0.98494 -0.00120583 1.04874 -0.00130014 0.00145249 0.999998 -0.0238699
0.984936 -0.172915 0.00106588 -0.129661 0.172916 0.984936 -0.00119485 1.04969 -0.000843216 0.00136116 0.999999 -0.0208622
0.984886 -0.1732 0.00126174 -0.13549 0.173201 0.984886 -0.0011679 1.05179 -0.00104039 0.00136879 0.999999 -0.0222299
0.984925 -0.172978 0.00117975 -0.131585 0.172979 0.984925 -0.00117145 1.04956 -0.000959334 0.00135786 0.999999 -0.0216373
0.984915 -0.173035 0.00109088 -0.127017 0.173036 0.984915 -0.00124917 1.04675 -0.000858272 0.00141909 0.999999 -0.0218224
0.984916 -0.173032 0.00113133 -0.126258 0.173033 0.984915 -0.00126174 1.05109 -0.000895945 0.00143846 0.999999 -0.0218776
0.984886 -0.173199 0.00111262 -0.13377 0.1732 0.984886 -0.00119829 1.04042 -0.000888258 0.00137289 0.999999 -0.0222268
0.984889 -0.173187 0.000784634 -0.129013 0.173188 0.984888 -0.00120911 1.05142 -0.000563375 0.00132673 0.999999 -0.0178108
0.984855 -0.173378 0.000393479 -0.1334 0.173378 0.984855 -0.00120941 1.04141 -0.000177833 0.00125932 0.999999 -0.0137246
0.984855 -0.173379 0.00119275 -0.13731 0.17338 0.984854 -0.00120281 1.043 -0.000966145 0.00139139 0.999999 -0.0159918
0.984845 -0.173433 0.00110906 -0.133115 0.173434 0.984845 -0.00112519 1.03387 -0.000897105 0.00130048 0.999999 -0.0211942
0.984869 -0.173296 0.00132425 -0.140888 0.173298 0.984869 -0.00121984 1.03317 -0.00109282 0.00143087 0.999998 -0.0178805
0.984822 -0.173566 0.00102406 -0.131276 0.173567 0.984821 -0.0011413 1.03475 -0.000810427 0.00130172 0.999999 -0.0184375
0.984763 -0.173902 0.000983123 -0.139392 0.173903 0.984762 -0.00124261 1.02772 -0.000752051 0.00139465 0.999999 -0.0130536
0.984645 -0.174564 0.000852755 -0.138138 0.174565 0.984645 -0.00127782 1.02508 -0.0006166 0.00140706 0.999999 -0.0156069
0.984585 -0.174904 0.000781655 -0.139659 0.174905 0.984584 -0.00141818 1.04998 -0.000521559 0.00153303 0.999999 -0.0133592
0.984391 -0.175995 0.000818879 -0.142762 0.175996 0.98439 -0.0013863 1.05405 -0.000562114 0.00150878 0.999999 -0.013307
0.984151 -0.177327 0.00120497 -0.142504 0.177329 0.984151 -0.00139312 1.06029 -0.000938833 0.00158472 0.999998 -0.0164971
0.983908 -0.178674 0.00093977 -0.144983 0.178675 0.983907 -0.00146395 1.0788 -0.000663077 0.0016083 0.999998 -0.00995714
0.983593 -0.180398 0.00115835 -0.156121 0.1804 0.983592 -0.00149829 1.08518 -0.000869059 0.00168267 0.999998 -0.0105521
0.983237 -0.182327 0.0013756 -0.163935 0.182329 0.983236 -0.00151877 1.09941 -0.00107563 0.00174412 0.999998 -0.0114391
0.982824 -0.184538 0.00184848 -0.172665 0.184541 0.982824 -0.00152754 1.12889 -0.00153485 0.00184242 0.999997 -0.0178462
0.982266 -0.187487 0.00172446 -0.175515 0.18749 0.982265 -0.00157996 1.15722 -0.00139766 0.00187526 0.999997 -0.0167738
0.981612 -0.190874 0.0020832 -0.191433 0.190877 0.981613 -0.00145853 1.17371 -0.0017665 0.00182935 0.999997 -0.0161292
0.980788 -0.195058 0.00259754 -0.198088 0.195063 0.980789 -0.00156826 1.19864 -0.00224174 0.00204481 0.999995 -0.0176526
0.979766 -0.200127 0.00265865 -0.200932 0.200131 0.979768 -0.00158447 1.23013 -0.00228776 0.00208449 0.999995 -0.0204429
0.978638 -0.205572 0.00285769 -0.221869 0.205577 0.978639 -0.001711 1.2503 -0.00244491 0.00226192 0.999994 -0.0210339
0.977242 -0.21211 0.00271287 -0.23311 0.212116 0.977243 -0.00195985 1.28743 -0.00223543 0.00249069 0.999994 -0.0166143
0.975477 -0.220086 0.00275782 -0.247579 0.220092 0.975477 -0.00214593 1.32402 -0.0022179 0.00270028 0.999994 -0.0104425
0.973228 -0.229823 0.00277078 -0.26742 0.229829 0.973229 -0.0021416 1.36729 -0.00220442 0.00272107 0.999994 -0.00897762
0.970321 -0.241794 0.0035559 -0.28861 0.241804 0.970322 -0.0024612 1.42493 -0.00285527 0.00324798 0.999991 -0.0040955
0.966518 -0.256563 0.00428288 -0.317377 0.256575 0.966521 -0.00259109 1.47859 -0.00347471 0.00360321 0.999987 -0.00743156
0.961907 -0.273345 0.00427287 -0.357175 0.273358 0.961908 -0.00284228 1.54834 -0.00333319 0.00390203 0.999987 -0.00504515
0.95632 -0.292266 0.00568641 -0.401963 0.292286 0.956326 -0.00305469 1.61069 -0.00454528 0.00458332 0.999979 -0.0115077
0.949756 -0.312947 0.00530562 -0.444824 0.312966 0.949759 -0.00322709 1.69249 -0.00402916 0.00472542 0.999981 -0.00756817
0.942325 -0.334657 0.00523894 -0.496 0.334679 0.942324 -0.00399899 1.80019 -0.00359848 0.00552171 0.999978 -0.00547562
0.934392 -0.356203 0.00555241 -0.549237 0.356226 0.934391 -0.00399931 1.9109 -0.00376355 0.00571484 0.999977 -0.0193465
0.927274 -0.374345 0.00536819 -0.583995 0.37437 0.927268 -0.00468077 2.04229 -0.00322553 0.00635004 0.999975 -0.0200786
0.921843 -0.387516 0.00604591 -0.627562 0.387547 0.921837 -0.00501692 2.18593 -0.00362921 0.00696789 0.999969 -0.0445839
0.917402 -0.397918 0.00600119 -0.687312 0.397946 0.917397 -0.00464821 2.34697 -0.00365587 0.00665242 0.999971 -0.0314166
0.913787 -0.4061 0.00870739 -0.725849 0.406149 0.913794 -0.00479445 2.52071 -0.00600974 0.00791761 0.999951 -0.0354971
0.912019 -0.410046 0.00915656 -0.788349 0.410097 0.912031 -0.00445537 2.7085 -0.00652416 0.00781845 0.999948 -0.0462937
0.911785 -0.410596 0.00768027 -0.851228 0.41063 0.911796 -0.00343049 2.88785 -0.00559429 0.00628162 0.999965 -0.0628907
0.913298 -0.407246 0.00609221 -0.89348 0.40727 0.913301 -0.00343185 3.05686 -0.00416642 0.00561548 0.999976 -0.0702712
0.916725 -0.399483 0.00543622 -0.949445 0.399503 0.916726 -0.00322577 3.23573 -0.00369489 0.00512893 0.99998 -0.079995
0.920643 -0.390316 0.00840588 -1.01149 0.390348 0.920664 -0.0024825 3.44688 -0.00677003 0.00556672 0.999962 -0.0898753
0.925364 -0.378998 0.00787668 -1.04695 0.379027 0.925382 -0.00250796 3.6527 -0.00633843 0.00530625 0.999966 -0.0755558
0.931885 -0.362644 0.00895685 -1.10384 0.362682 0.931908 -0.00303135 3.84119 -0.00724765 0.00607336 0.999955 -0.0945275
0.9389 -0.344071 0.00904537 -1.16106 0.344105 0.938928 -0.00242644 4.06627 -0.00765808 0.00539075 0.999956 -0.0897973
0.945277 -0.326124 0.00970915 -1.19779 0.326161 0.945311 -0.00237828 4.23751 -0.00840256 0.00541488 0.99995 -0.0907173
0.951699 -0.306869 0.0100178 -1.2407 0.306908 0.951736 -0.0026165 4.46692 -0.00873139 0.00556467 0.999946 -0.103789
0.957532 -0.288125 0.0108299 -1.28821 0.28817 0.957575 -0.0028039 4.71114 -0.00956254 0.00580566 0.999937 -0.116902
0.962621 -0.270613 0.0114059 -1.33886 0.270661 0.96267 -0.00287604 4.95593 -0.0102019 0.00585568 0.999931 -0.113885
0.967075 -0.254262 0.0107854 -1.3946 0.254307 0.967119 -0.00300057 5.19831 -0.00966782 0.00564457 0.999937 -0.130266
0.970615 -0.240422 0.0102073 -1.45796 0.24047 0.97065 -0.00365542 5.44378 -0.00902888 0.00600256 0.999941 -0.114717
0.97373 -0.227479 0.0101205 -1.50588 0.227528 0.973763 -0.00404673 5.70394 -0.00893439 0.00624312 0.999941 -0.126431
0.976122 -0.216943 0.0110728 -1.54977 0.217004 0.97616 -0.00464961 5.98071 -0.00980016 0.00694143 0.999928 -0.125864
0.978296 -0.206891 0.0115102 -1.59425 0.206957 0.978338 -0.00488313 6.23134 -0.0102505 0.00715925 0.999922 -0.132708
0.98 -0.198723 0.0104441 -1.64224 0.198769 0.98004 -0.00360579 6.51191 -0.00951904 0.00560963 0.999939 -0.146258
0.981655 -0.190364 0.0106972 -1.6738 0.190408 0.9817 -0.00326986 6.80694 -0.00987893 0.0052467 0.999937 -0.141623
0.983291 -0.181724 0.0107286 -1.72112 0.181758 0.983341 -0.00220782 7.11147 -0.0101486 0.00412093 0.99994 -0.149612
0.984689 -0.174041 0.0098658 -1.76704 0.174073 0.98473 -0.00248968 7.41199 -0.00928184 0.00416893 0.999948 -0.159478
0.986104 -0.165927 0.00823312 -1.80331 0.165948 0.986133 -0.00188562 7.74099 -0.00780607 0.00322568 0.999964 -0.173557
0.98746 -0.157635 0.00854679 -1.84378 0.157651 0.987494 -0.00121244 8.1017 -0.00824878 0.00254465 0.999963 -0.171408
0.988679 -0.149805 0.00855884 -1.88508 0.149819 0.988713 -0.000974575 8.42662 -0.00831624 0.00224581 0.999963 -0.163302
0.98967 -0.143227 0.0063451 -1.91533 0.143231 0.989689 -0.000179229 8.77203 -0.00625401 0.00108619 0.99998 -0.172272
0.990523 -0.137212 0.00609285 -1.95064 0.137214 0.990541 4.73814e-05 9.11343 -0.00604172 0.000789094 0.999981 -0.160538
0.990902 -0.133173 0.0194301 -1.99172 0.133185 0.991091 0.0006958 9.45217 -0.0193496 0.00189833 0.999811 -0.133723
0.991298 -0.13024 0.0191381 -2.01844 0.13023 0.991482 0.00175067 9.80138 -0.0192031 0.000756921 0.999815 -0.13798
0.991718 -0.127025 0.0189708 -2.06045 0.127009 0.991899 0.00206524 10.1994 -0.0190794 0.000361314 0.999818 -0.131348
0.992065 -0.124721 0.0158754 -2.09186 0.124673 0.99219 0.00395743 10.5495 -0.016245 -0.00194679 0.999866 -0.135452
0.992484 -0.122071 0.00857184 -2.11558 0.121997 0.992492 0.00868403 10.9265 -0.00956756 -0.00757302 0.999926 -0.162605
0.992941 -0.118299 0.00861332 -2.14335 0.118211 0.992937 0.0100702 11.3001 -0.00974377 -0.0089809 0.999912 -0.176005
0.993379 -0.114464 0.00978609 -2.17124 0.114328 0.993351 0.0135348 11.6895 -0.0112703 -0.0123263 0.999861 -0.21795
0.9938 -0.110694 0.0103947 -2.18678 0.110536 0.993763 0.0147058 12.1158 -0.0119577 -0.0134657 0.999838 -0.205806
0.994314 -0.106286 0.00649312 -2.21852 0.106186 0.994246 0.0141386 12.5395 -0.00795849 -0.0133687 0.999879 -0.215795
0.994742 -0.102238 0.00597588 -2.24253 0.102155 0.994686 0.012796 12.9626 -0.00725236 -0.0121183 0.9999 -0.215203
0.995109 -0.0979355 0.0129091 -2.26206 0.0977734 0.995128 0.0126395 13.3435 -0.014084 -0.0113156 0.999837 -0.240303
0.995539 -0.093628 0.0116752 -2.27496 0.0935154 0.995569 0.00983944 13.7999 -0.0125447 -0.00870373 0.999883 -0.228468
0.995985 -0.0891 0.00866519 -2.29013 0.0890143 0.995982 0.00981817 14.2165 -0.00950518 -0.00900743 0.999914 -0.265271
0.996459 -0.0838788 0.00586225 -2.3107 0.0838322 0.996449 0.0077935 14.6573 -0.00649514 -0.00727445 0.999952 -0.279351
0.99681 -0.0795962 0.00582348 -2.33491 0.0795424 0.996791 0.00894483 15.1168 -0.00651677 -0.00845309 0.999943 -0.297255
0.997165 -0.0750797 0.00505092 -2.35524 0.0750257 0.99713 0.0101468 15.5772 -0.00579824 -0.00973911 0.999936 -0.294541
0.997484 -0.0698419 0.0121351 -2.3614 0.0696966 0.997496 0.0120045 16.0374 -0.0129432 -0.0111285 0.999854 -0.278902
0.997761 -0.0655238 0.0134213 -2.35602 0.0653362 0.997766 0.0139671 16.479 -0.0143065 -0.013059 0.999812 -0.266091
0.998077 -0.0600741 0.015272 -2.35625 0.059881 0.998123 0.0128008 16.9473 -0.0160124 -0.0118617 0.999801 -0.287494
0.99837 -0.0555131 0.0132662 -2.36683 0.0553693 0.998406 0.0109727 17.4512 -0.0138542 -0.0102203 0.999852 -0.328132
0.998627 -0.0510006 0.0119517 -2.38133 0.0508603 0.998636 0.0117632 17.9088 -0.0125354 -0.0111392 0.999859 -0.316516
0.998773 -0.0482121 0.0113195 -2.39429 0.0480844 0.998779 0.0112918 18.363 -0.0118501 -0.0107337 0.999872 -0.332167
0.998837 -0.0468641 0.0113062 -2.39061 0.0467644 0.998866 0.00892739 18.8241 -0.0117117 -0.00838829 0.999896 -0.345863
0.998869 -0.0459652 0.0121971 -2.3868 0.0458499 0.998902 0.0095711 19.3426 -0.0126236 -0.00900103 0.99988 -0.364613
0.998953 -0.0440878 0.0122215 -2.39341 0.0439362 0.998957 0.0124086 19.8469 -0.0127558 -0.0118586 0.999848 -0.38404
0.999006 -0.0428324 0.0123223 -2.39408 0.042656 0.998988 0.0142414 20.3214 -0.0129198 -0.0137016 0.999823 -0.403298
0.999074 -0.0410196 0.0130064 -2.39535 0.0408 0.999027 0.0167169 20.8085 -0.0136795 -0.0161707 0.999776 -0.420113
0.999173 -0.0388218 0.0121044 -2.40596 0.0385929 0.999082 0.0186058 21.2862 -0.0128156 -0.0181233 0.999754 -0.410648
0.999201 -0.0380106 0.0123907 -2.397 0.0377825 0.999121 0.018145 21.8008 -0.0130695 -0.0176624 0.999759 -0.447987
0.999261 -0.0362191 0.0128807 -2.3884 0.0359821 0.999187 0.0181801 22.3037 -0.0135287 -0.0177032 0.999752 -0.466473
0.99934 -0.0340513 0.012652 -2.39246 0.0338325 0.999281 0.0171229 22.7773 -0.013226 -0.0166836 0.999773 -0.468268
0.999399 -0.0321955 0.0128199 -2.39323 0.0319812 0.999351 0.0165841 23.252 -0.0133455 -0.0161641 0.99978 -0.483097
0.999463 -0.0303705 0.0122913 -2.39122 0.0301696 0.999413 0.0162129 23.7671 -0.0127765 -0.0158334 0.999793 -0.497999
0.999499 -0.0288677 0.0129927 -2.38927 0.0286627 0.999466 0.0156919 24.2308 -0.0134388 -0.0153116 0.999792 -0.538254
0.999535 -0.0274527 0.0132778 -2.37699 0.0272856 0.999548 0.0126048 24.7006 -0.0136178 -0.0122367 0.999832 -0.571295
0.999574 -0.0258009 0.0136388 -2.3764 0.0256289 0.999592 0.0126443 25.1739 -0.0139595 -0.0122894 0.999827 -0.596059
0.999644 -0.0242932 0.0110122 -2.3486 0.0240936 0.999549 0.0179094 25.6329 -0.0114424 -0.0176377 0.999779 -0.577615
0.999673 -0.0228086 0.0115437 -2.33851 0.0225922 0.999573 0.0185453 26.1102 -0.0119618 -0.0182784 0.999761 -0.593577
0.999727 -0.0209085 0.010418 -2.32465 0.0207128 0.999613 0.0185478 26.5849 -0.0108017 -0.0183269 0.999774 -0.601446
0.999805 -0.0194616 0.00346087 -2.31815 0.0193909 0.999624 0.0194101 27.0711 -0.00383732 -0.0193392 0.999806 -0.634614
0.999824 -0.0184415 0.00347652 -2.32282 0.0183698 0.999638 0.0196597 27.5078 -0.00383781 -0.0195924 0.999801 -0.627601
0.999822 -0.0182941 0.004648 -2.30586 0.0182022 0.999652 0.0190945 27.9424 -0.0049957 -0.0190065 0.999807 -0.663939
0.999799 -0.0187086 0.0071426 -2.2847 0.0185751 0.99966 0.0183235 28.3965 -0.00748297 -0.0181871 0.999807 -0.673405
0.999773 -0.0190684 0.00951285 -2.25414 0.0188927 0.999655 0.0182344 28.8462 -0.00985727 -0.0180505 0.999788 -0.669733
0.99979 -0.0190902 0.00738886 -2.2566 0.0189579 0.999666 0.0175833 29.3004 -0.00772206 -0.0174395 0.999818 -0.689319
0.999802 -0.0194204 0.00429236 -2.25681 0.0193423 0.999659 0.0175612 29.7348 -0.00463194 -0.0174747 0.999837 -0.705778
0.999792 -0.0198077 0.00495169 -2.24208 0.0197213 0.999662 0.016942 30.1765 -0.00528559 -0.0168408 0.999844 -0.729501
0.999757 -0.0195582 0.0101562 -2.2249 0.0193811 0.999663 0.0172514 30.613 -0.0104902 -0.0170504 0.9998 -0.741879
0.99971 -0.0199629 0.013461 -2.2176 0.0197194 0.999644 0.0179899 31.0389 -0.0138154 -0.0177193 0.999748 -0.752796
0.999666 -0.0203542 0.0159437 -2.2093 0.0200398 0.999606 0.0196321 31.4688 -0.0163371 -0.0193061 0.99968 -0.74009
