1 0 0 0 0 1 0 0 -0 0 1 0
0.999999 -0.00123018 -3.23899e-05 2.4938e-05 0.00123018 0.999999 -2.54858e-05 -2.5166e-05 3.24212e-05 2.5446e-05 1 -6.13407e-06
1 0.000252384 -4.81128e-05 6.60896e-05 -0.000252384 1 1.88001e-05 -0.000103731 4.81175e-05 -1.8788e-05 1 -8.42618e-06
1 -0.000952639 -5.14134e-05 5.71174e-05 0.000952638 1 -2.27899e-05 -0.00944235 5.14351e-05 2.27409e-05 1 0.000485486
1 -0.000983956 -3.9426e-06 0.00194606 0.000983956 1 1.3367e-05 -0.00897139 3.92944e-06 -1.33709e-05 1 -0.00041164
1 -0.000916742 -1.09092e-05 0.00384701 0.000916743 1 4.28078e-05 -0.00849888 1.08699e-05 -4.28178e-05 1 -0.00130185
0.999999 -0.00107351 -3.64394e-05 0.00573926 0.00107351 0.999999 3.81155e-05 -0.00801996 3.63984e-05 -3.81546e-05 1 -0.00217836
1 -0.000925543 2.87544e-05 0.0076174 0.000925541 1 6.86319e-05 -0.00754476 -2.88179e-05 -6.86053e-05 1 -0.00304227
1 -0.000959973 -8.16281e-05 0.00947221 0.000959977 1 5.3334e-05 -0.00706914 8.15769e-05 -5.34123e-05 1 -0.00389312
1 -0.000926594 -2.50174e-05 0.001376 0.000926593 1 -3.17665e-05 -0.0089447 2.50468e-05 3.17433e-05 1 0.00131005
1 -0.000916629 -2.82904e-05 0.0102628 0.000916629 1 -6.64962e-06 -0.00666592 2.82965e-05 6.62368e-06 1 -0.00131705
1 -0.000835808 2.36941e-07 0.0191137 0.000835808 1 7.75751e-05 -0.00439829 -3.01779e-07 -7.75749e-05 1 -0.00392645
1 -0.000901581 -2.3501e-05 0.00474201 0.00090158 1 -2.52037e-05 -0.00625707 2.35237e-05 2.51825e-05 1 0.000717851
1 -0.000919988 -1.92156e-05 0.0101453 0.000919988 1 -2.93448e-05 -0.00794073 1.92426e-05 2.93271e-05 1 -1.62562e-05
1 -0.000969153 -1.7682e-05 0.00422923 0.000969152 1 -4.21266e-05 -0.0085962 1.77228e-05 4.21094e-05 1 0.00130189
1 -0.000891189 1.05388e-05 -0.0016591 0.00089119 1 -7.0208e-05 -0.00927064 -1.04762e-05 7.02174e-05 1 0.00261253
1 -0.00086942 -5.16544e-06 0.00580885 0.00086942 1 8.05192e-06 -0.00889079 5.15844e-06 -8.05641e-06 1 -0.00014753
0.999999 -0.00107594 -1.81588e-05 0.0132425 0.00107594 0.999999 -1.90634e-05 -0.00852155 1.81793e-05 1.90438e-05 1 -0.00288464
1 -0.000904292 -1.32659e-05 0.00546617 0.000904292 1 -4.34379e-05 -0.00430345 1.33052e-05 4.34259e-05 1 0.00120983
1 -0.000911586 -5.71222e-06 0.00384911 0.000911585 1 -4.09662e-05 -0.0083971 5.74956e-06 4.0961e-05 1 0.00161529
1 -0.000855269 -2.47431e-06 0.00224045 0.000855269 1 -1.39057e-05 -0.0124759 2.4862e-06 1.39036e-05 1 0.00201935
0.999999 -0.00110166 -7.41366e-06 0.000653294 0.00110166 0.999999 -6.98452e-05 -0.0165063 7.4906e-06 6.9837e-05 1 0.00241159
1 -0.000969193 -2.68692e-05 0.00326605 0.000969191 1 -5.69468e-05 -0.00851196 2.69243e-05 5.69207e-05 1 0.00186751
1 -0.00089997 1.58461e-05 0.00587335 0.000899971 1 -0.000111487 -0.000546457 -1.57457e-05 0.000111502 1 0.00132178
0.999999 -0.00100225 -1.96342e-05 0.00319451 0.00100225 0.999999 -7.58069e-06 -0.0126147 1.96418e-05 7.56101e-06 1 0.000208306
1 -0.00093711 -2.62628e-05 0.00339935 0.00093711 1 -1.06457e-05 -0.00752093 2.62727e-05 1.06211e-05 1 -0.000803615
0.999999 -0.00108408 -1.60766e-06 -0.00143573 0.00108408 0.999999 -8.06329e-05 -0.0135226 1.69508e-06 8.06311e-05 1 0.00307696
1 -0.000953139 2.94845e-05 -0.00625231 0.000953142 1 -8.5773e-05 -0.0194896 -2.94028e-05 8.58011e-05 1 0.0069326
0.999999 -0.00110411 -6.2252e-06 0.00169538 0.00110411 0.999999 -4.58685e-05 -0.00861378 6.27584e-06 4.58616e-05 1 0.00170993
0.999999 -0.00105426 -3.05824e-06 -0.00266208 0.00105426 0.999999 -9.45153e-05 -0.00856482 3.15789e-06 9.4512e-05 1 0.00260342
0.999999 -0.0012722 1.76707e-05 -0.00695028 0.0012722 0.999999 -3.53679e-05 -0.00851471 -1.76257e-05 3.53904e-05 1 0.00350618
1 -0.000987016 -4.2315e-05 0.00333303 0.000987012 1 -9.02371e-05 -0.00356823 4.2404e-05 9.01953e-05 1 0.00248287
0.999999 -0.00114896 -1.03263e-06 -0.00206802 0.00114896 0.999999 -6.84364e-05 -0.0125301 1.11126e-06 6.84352e-05 1 0.0013392
1 -0.000986797 -2.26967e-05 0.00653507 0.000986796 1 -5.08518e-05 -0.00749681 2.27469e-05 5.08294e-05 1 0.00233465
1 -0.000995933 -1.36253e-05 0.00218622 0.000995932 1 -6.58897e-05 -0.00734949 1.3691e-05 6.58761e-05 1 0.000889376
1 -0.000980301 8.94333e-06 -0.0021584 0.000980301 1 2.89022e-05 -0.00721963 -8.97166e-06 -2.88934e-05 1 -0.0005422
0.999999 -0.00101727 3.34362e-06 0.00178698 0.00101727 0.999999 -6.79559e-05 -0.00785059 -3.27449e-06 6.79593e-05 1 0.00272448
1 -0.000949594 -3.37415e-05 0.0057293 0.000949592 1 -6.03402e-05 -0.00849418 3.37988e-05 6.03081e-05 1 0.00598303
0.999999 -0.00104888 -5.95096e-05 0.00642455 0.00104888 0.999999 -6.07845e-05 -0.0109677 5.95733e-05 6.0722e-05 1 0.00284105
1 -0.000892027 -1.59758e-05 0.00708255 0.000892027 1 1.22404e-05 -0.0134219 1.59648e-05 -1.22547e-05 1 -0.000290144
1 -0.000908528 2.51564e-05 0.00116804 0.000908529 1 -3.39824e-05 -0.0106433 -2.51255e-05 3.40053e-05 1 0.00151488
0.999999 -0.00120905 -1.47528e-05 -0.00473207 0.00120905 0.999999 -6.81485e-05 -0.00787632 1.48352e-05 6.81306e-05 1 0.00332028
1 -0.000855601 -1.30508e-07 0.00403619 0.000855601 1 -2.68753e-05 -0.0118955 1.53503e-07 2.68752e-05 1 0.0012344
0.999999 -0.00101562 -1.22131e-05 0.000836227 0.00101562 0.999999 -4.22974e-05 -0.00666889 1.22561e-05 4.2285e-05 1 0.00125879
0.999999 -0.00104998 2.09556e-05 -0.00235462 0.00104998 0.999999 -6.50279e-05 -0.00145547 -2.08873e-05 6.50499e-05 1 0.00128559
1 -0.000907155 -2.42978e-05 0.0026683 0.000907153 1 -5.75129e-05 -0.00850533 2.435e-05 5.74908e-05 1 0.00226947
0.999999 -0.00112754 -1.87893e-05 0.0076807 0.00112754 0.999999 -7.6088e-05 -0.0155335 1.88751e-05 7.60668e-05 1 0.00324688
0.999999 -0.00103422 -2.6613e-05 0.00478026 0.00103422 0.999999 -6.05465e-05 -0.00910775 2.66756e-05 6.0519e-05 1 0.00233888
0.999999 -0.0010213 -5.39432e-05 0.00187276 0.0010213 0.999999 -8.90857e-05 -0.00270567 5.40342e-05 8.90306e-05 1 0.00143406
1 -0.000767328 3.29821e-05 -0.000941444 0.000767328 1 1.69963e-05 0.00348941 -3.29951e-05 -1.6971e-05 1 0.000549277
1 -0.000902164 -5.11418e-06 0.000983835 0.000902164 1 -5.76075e-05 -0.0079786 5.16615e-06 5.76029e-05 1 0.00158406
0.999999 -0.0010812 3.28031e-05 0.00141888 0.0010812 0.999999 -9.48393e-07 -0.0105509 -3.28021e-05 9.83859e-07 1 0.00301258
1 -0.000943298 -4.44983e-05 0.00185784 0.000943293 1 -0.000114523 -0.0130674 4.46063e-05 0.000114481 1 0.00441734
1 -0.000816755 7.09866e-05 0.00226102 0.000816758 1 -3.98301e-05 -0.015558 -7.0954e-05 3.9888e-05 1 0.0057889
0.999999 -0.00137228 -0.000155196 0.00266949 0.00137225 0.999999 -0.000201178 -0.0180243 0.000155472 0.000200965 1 0.00714021
1 -0.000954389 2.81109e-05 -0.00406644 0.00095439 1 -1.96501e-05 -0.008106 -2.80921e-05 1.96769e-05 1 0.000600856
1 -0.000904033 -1.35632e-05 0.00549426 0.000904032 1 -5.3916e-05 -0.0100318 1.3612e-05 5.39037e-05 1 0.00110344
1 -0.000850936 -1.6336e-05 0.00374849 0.000850935 1 -7.85788e-05 -0.0110386 1.64029e-05 7.85649e-05 1 0.00179833
1 -0.000874559 1.37106e-05 0.00200483 0.00087456 1 -7.17703e-05 -0.0120363 -1.36478e-05 7.17823e-05 1 0.00248703
1 -0.000906625 -1.882e-05 0.000259226 0.000906624 1 -3.84258e-05 -0.013024 1.88549e-05 3.84088e-05 1 0.00317372
0.999999 -0.00100185 -1.89684e-05 -0.00146651 0.00100185 0.999999 -8.89926e-05 -0.0139704 1.90575e-05 8.89736e-05 1 0.00385191
1 -0.000882964 3.57856e-05 -0.00315298 0.000882965 1 -3.0867e-05 -0.0148572 -3.57583e-05 3.08986e-05 1 0.00450368
0.999999 -0.0011106 -7.67386e-07 -0.00480725 0.0011106 0.999999 -0.000128248 -0.015702 9.09818e-07 0.000128247 1 0.00512642
1 -0.000995496 -9.39849e-06 -0.000560055 0.000995496 1 -4.00164e-05 -0.00757793 9.43833e-06 4.0007e-05 1 0.00223804
1 -0.000902746 -1.44084e-05 0.00369033 0.000902746 1 -6.05848e-05 0.000518113 1.44631e-05 6.05718e-05 1 -0.000643011
1 -0.00095856 2.46687e-06 0.00164281 0.00095856 1 -7.81198e-05 -0.00882867 -2.39199e-06 7.81221e-05 1 0.00250801
1 -0.00090307 -3.1043e-05 0.00805568 0.000903068 1 -4.25417e-05 -0.00635937 3.10815e-05 4.25137e-05 1 0.00248588
0.999999 -0.00101788 9.57286e-06 0.00123731 0.00101788 0.999999 -4.79087e-05 -0.012493 -9.52409e-06 4.79184e-05 1 0.00220696
0.999999 -0.00101558 -4.74833e-05 0.00381253 0.00101557 0.999999 -9.68696e-05 -0.00808801 4.75816e-05 9.68213e-05 1 0.00289862
1 -0.000817928 2.94067e-05 0.00632395 0.000817929 1 -4.6229e-05 -0.00374462 -2.93689e-05 4.6253e-05 1 0.00358625
1 -0.000963305 -4.45115e-05 0.00882779 0.000963297 1 -0.000175826 0.000574883 4.46808e-05 0.000175783 1 0.00426318
1 -0.00097665 -2.91399e-05 0.000574197 0.000976648 1 -6.33988e-05 -0.0103076 2.92018e-05 6.33703e-05 1 0.00231992
1 -0.000972039 -1.68703e-05 0.00212627 0.000972039 1 -1.68619e-05 -0.0122153 1.68867e-05 1.68455e-05 1 -0.000631579
0.999999 -0.00101632 -2.62049e-05 -0.00303454 0.00101632 0.999999 -4.2103e-05 -0.0105145 2.62476e-05 4.20763e-05 1 0.000152918
0.999999 -0.00110813 3.58959e-05 -0.00813614 0.00110813 0.999999 -1.09882e-05 -0.00883017 -3.58837e-05 1.1028e-05 1 0.000951336
0.999999 -0.00110411 -2.12102e-05 0.00718016 0.00110411 0.999999 -1.2244e-05 -0.012163 2.12237e-05 1.22206e-05 1 0.000326364
0.999999 -0.00104901 -1.46289e-05 0.00132769 0.00104901 0.999999 -1.47287e-05 -0.0132165 1.46443e-05 1.47133e-05 1 0.000320374
0.999999 -0.00126966 -3.82453e-05 -0.00449616 0.00126966 0.999999 1.33624e-05 -0.0142442 3.82283e-05 -1.3411e-05 1 0.000318793
1 -0.000846324 -6.40831e-06 0.00310364 0.000846324 1 -3.67188e-05 -0.0121267 6.43938e-06 3.67134e-05 1 0.00238851
0.999999 -0.00142998 -6.96666e-05 0.0106973 0.00142997 0.999999 -9.81663e-05 -0.0100055 6.98069e-05 9.80666e-05 1 0.00444691
0.999999 -0.00106657 -3.1652e-05 0.00813473 0.00106657 0.999999 -4.58195e-05 -0.00840982 3.17008e-05 4.57857e-05 1 0.00286806
0.999999 -0.00106551 -4.99459e-05 0.00555639 0.0010655 0.999999 -0.000112051 -0.00684723 5.00652e-05 0.000111997 1 0.00129086
1 -0.000847552 -4.99111e-06 0.00296398 0.000847552 1 2.92488e-05 -0.00530437 4.96632e-06 -2.92531e-05 1 -0.000269802
0.999999 -0.00103457 -5.32126e-05 0.000374677 0.00103457 0.999999 -9.06638e-05 -0.00378804 5.33064e-05 9.06087e-05 1 -0.00181227
0.999999 -0.00101551 -1.92127e-08 -0.00218166 0.00101551 0.999999 8.13538e-05 -0.00232088 -6.34029e-08 -8.13538e-05 1 -0.00332115
1 -0.000941614 -8.05737e-06 0.00267626 0.000941613 1 -5.59714e-05 -0.0113468 8.11007e-06 5.59638e-05 1 0.00184838
1 -0.00081367 -2.58915e-05 0.00295847 0.000813668 1 -6.30467e-05 -0.00990819 2.59428e-05 6.30256e-05 1 0.00407364
0.999999 -0.00104106 -8.38568e-06 0.00323667 0.00104106 0.999999 -0.000144114 -0.00845721 8.53571e-06 0.000144106 1 0.00627487
1 -0.000913178 -4.61613e-05 0.00349359 0.000913171 1 -0.000145022 -0.0070112 4.62937e-05 0.00014498 1 0.0084312
0.999999 -0.00110517 -3.96021e-06 0.00373435 0.00110517 0.999999 -0.0002682 -0.00557193 4.25662e-06 0.000268196 1 0.0105557
0.999999 -0.00103439 2.77858e-06 0.000711694 0.00103439 0.999999 -3.19066e-05 -0.00952281 -2.74557e-06 3.19095e-05 1 0.000874043
0.999999 -0.001033 -1.51718e-05 0.000680264 0.001033 0.999999 -9.7288e-05 -0.00548736 1.52723e-05 9.72723e-05 1 0.002269
1 -0.000961463 -1.36928e-05 0.000650548 0.000961462 1 -6.72446e-05 -0.00147418 1.37575e-05 6.72314e-05 1 0.00366391
1 -0.000872553 -1.23875e-05 0.00228281 0.000872553 1 -4.96089e-05 -0.0108997 1.24307e-05 4.95981e-05 1 0.00145827
1 -0.000952911 -4.0716e-05 0.00224647 0.000952909 1 -3.63388e-05 -0.00761538 4.07506e-05 3.63e-05 1 0.00120206
1 -0.000736559 1.74003e-05 0.00221464 0.00073656 1 -7.60202e-05 -0.00434376 -1.73443e-05 7.6033e-05 1 0.000942248
1 -0.000807723 -2.05436e-05 0.00141548 0.000807722 1 -5.41979e-05 -0.00881031 2.05874e-05 5.41813e-05 1 0.00108074
0.999999 -0.00109314 -6.92807e-06 0.00067004 0.00109314 0.999999 -6.01587e-07 -0.0132323 6.92872e-06 5.94013e-07 1 0.00121497
1 -0.000986298 -3.31454e-05 -6.59523e-05 0.000986297 1 -3.59979e-05 -0.0176303 3.31809e-05 3.59652e-05 1 0.00134373
1 -0.000930273 -7.5397e-05 0.00521786 0.000930267 1 -7.59743e-05 -0.00328702 7.54676e-05 7.59041e-05 1 0.00174237
1 -0.000923961 -1.10142e-05 0.000552916 0.000923961 1 3.93556e-06 -0.00824691 1.10105e-05 -3.94573e-06 1 -0.000400579
1 -0.000931142 -6.22449e-05 -0.00410294 0.000931144 1 2.76076e-05 -0.0131983 6.22192e-05 -2.76656e-05 1 -0.0025375
1 -0.000929271 1.1194e-05 -0.000243345 0.000929271 1 -2.57424e-05 -0.0104336 -1.11701e-05 2.57528e-05 1 0.00103281
1 -0.000902116 -3.92578e-05 0.00361155 0.000902112 1 -8.22935e-05 -0.00766962 3.93321e-05 8.22581e-05 1 0.00458949
1 -0.000969918 -4.60779e-05 0.00429821 0.000969916 1 -4.43596e-05 -0.00512346 4.61209e-05 4.43149e-05 1 0.00238078
1 -0.000845735 3.90778e-06 0.0049648 0.000845736 1 -6.38863e-05 -0.00259669 -3.85375e-06 6.38896e-05 1 0.000171565
1 -0.000991915 -1.108e-05 0.0063539 0.000991914 1 -6.06545e-05 -0.0127342 1.11402e-05 6.06435e-05 1 0.00379452
0.999999 -0.00106434 -2.01124e-05 0.00772413 0.00106434 0.999999 -0.000155994 -0.0228192 2.02784e-05 0.000155973 1 0.00738792
1 -0.000927497 6.79786e-06 0.00283857 0.000927497 1 -1.90145e-05 -0.00914272 -6.78022e-06 1.90208e-05 1 -0.000265853
0.999999 -0.00103322 4.32645e-06 0.00277081 0.00103322 0.999999 -7.89716e-05 -0.00863256 -4.24485e-06 7.8976e-05 1 0.00383512
0.999999 -0.00107001 -2.62011e-05 0.00270022 0.00107001 0.999999 -0.000163028 -0.00813349 2.63755e-05 0.000163 1 0.00792388
1 -0.000966359 -2.58142e-06 0.0073834 0.000966359 1 -1.2451e-05 -0.0118361 2.59345e-06 1.24485e-05 1 0.00071606
1 -0.000861235 -3.49225e-05 0.00922776 0.000861234 1 -3.65304e-05 -0.00864054 3.49539e-05 3.65003e-05 1 0.00236326
1 -0.000841886 -3.5234e-05 0.0110725 0.000841883 1 -8.81092e-05 -0.00546893 3.53081e-05 8.80795e-05 1 0.0039965
1 -0.000987283 -5.0674e-05 0.0128862 0.000987277 1 -0.00013086 -0.00233497 5.08032e-05 0.00013081 1 0.00560589
1 -0.000864518 -1.22299e-05 0.0146492 0.000864515 1 -0.000172904 0.000769626 1.23793e-05 0.000172893 1 0.00719691
1 -0.00084896 -1.65967e-05 0.0110077 0.00084896 1 -6.7321e-06 -0.00883946 1.66024e-05 6.718e-06 1 0.00139591
1 -0.000848363 -4.29682e-05 0.00736063 0.000848366 1 7.03236e-05 -0.0184267 4.29086e-05 -7.036e-05 1 -0.00438294
1 -0.000886607 -2.68241e-05 0.00731893 0.000886606 1 -4.61004e-05 -0.0129653 2.6865e-05 4.60766e-05 1 0.00233348
1 -0.000830496 -6.8834e-05 0.00727393 0.000830482 1 -0.000199391 -0.00751898 6.89996e-05 0.000199333 1 0.00900702
1 -0.000895013 1.51913e-05 0.00411857 0.000895014 1 -3.11072e-05 -0.00751898 -1.51634e-05 3.11208e-05 1 -0.000315045
0.999999 -0.00110579 -0.000108355 0.0010226 0.00110582 0.999999 0.000244628 -0.00749667 0.000108084 -0.000244747 1 -0.00956523
1 -0.000801034 -3.2564e-05 0.00845594 0.000801033 1 -2.77687e-05 -0.00308755 3.25862e-05 2.77426e-05 1 0.00262009
0.999999 -0.00110867 -2.63908e-05 0.00900714 0.00110867 0.999999 -1.85453e-05 -0.00604943 2.64113e-05 1.8516e-05 1 0.00152489
1 -0.000474541 -8.27173e-06 0.00953717 0.00047454 1 -2.80499e-05 -0.00902228 8.28504e-06 2.8046e-05 1 0.000437683
0.999999 -0.00106386 -3.87493e-05 0.00999231 0.00106386 0.999999 1.79894e-06 -0.0120229 3.87473e-05 -1.84016e-06 1 -0.000580859
1 -0.000606247 -3.96684e-05 0.0104351 0.000606248 1 2.73204e-05 -0.0150032 3.96518e-05 -2.73445e-05 1 -0.00158187
0.999999 -0.00117984 -1.39405e-07 0.010845 0.00117984 0.999999 1.06174e-05 -0.0179477 1.26878e-07 -1.06176e-05 1 -0.00255573
1 -0.000724025 -9.26727e-05 0.0112561 0.000724038 1 0.000135002 -0.0208033 9.25749e-05 -0.000135069 1 -0.00349376
0.999999 -0.00104257 -1.70392e-05 0.009136 0.00104257 0.999999 -2.94826e-05 -0.0124618 1.70699e-05 2.94648e-05 1 0.00162629
1 -0.000974994 -4.03576e-05 0.00460855 0.000974994 1 -1.01433e-05 -0.0114301 4.03675e-05 1.0104e-05 1 0.00146915
0.999999 -0.00105741 -4.65347e-05 0.00972563 0.00105741 0.999999 -3.45765e-05 -0.0107687 4.65713e-05 3.45272e-05 1 0.00188844
1 -0.000824976 2.7654e-08 0.014829 0.000824976 1 -3.40221e-05 -0.0101146 4.13427e-10 3.40221e-05 1 0.00229834
0.999999 -0.0010846 -3.33076e-05 -0.00163788 0.0010846 0.999999 -8.25757e-05 -0.00709094 3.33971e-05 8.25395e-05 1 0.00280502
0.999999 -0.00109866 -2.00546e-05 0.00681666 0.00109866 0.999999 7.20898e-06 -0.0115768 2.00466e-05 -7.23101e-06 1 0.00150642
0.999999 -0.00100891 -4.93937e-05 0.0152445 0.00100891 0.999999 -4.47415e-06 -0.0160428 4.93982e-05 4.42431e-06 1 0.00020275
1 -0.00097629 -2.98996e-05 0.00466386 0.00097629 1 -5.09243e-06 -0.010578 2.99046e-05 5.06324e-06 1 0.000530764
0.999999 -0.00103286 -2.57787e-05 0.0109177 0.00103286 0.999999 1.979e-05 -0.0113535 2.57583e-05 -1.98166e-05 1 0.000228996
1 -0.000787571 -4.68643e-05 0.0171523 0.00078757 1 -4.34768e-06 -0.0121102 4.68677e-05 4.31077e-06 1 -7.77071e-05
1 -0.000929649 -2.44593e-05 0.00671697 0.000929649 1 -2.17818e-05 -0.00879857 2.44795e-05 2.17591e-05 1 0.000673795
0.999999 -0.00100383 -4.84618e-05 0.0074837 0.00100383 0.999999 -3.63403e-05 -0.0131502 4.84982e-05 3.62917e-05 1 0.00186498
0.999999 -0.00118452 1.07238e-05 0.00825539 0.00118452 0.999999 -1.70288e-05 -0.017478 -1.07036e-05 1.70415e-05 1 0.00305466
1 -0.000932206 -1.98591e-05 0.00900461 0.000932204 1 -7.67901e-05 -0.0217603 1.99307e-05 7.67716e-05 1 0.0042308
0.999999 -0.00106319 -2.16071e-05 0.00489034 0.00106319 0.999999 5.65156e-06 -0.0153657 2.16011e-05 -5.67453e-06 1 0.00064186
1 -0.00090986 4.59192e-06 0.000791625 0.00090986 1 2.9523e-05 -0.0089776 -4.61878e-06 -2.95188e-05 1 -0.00293764
1 -0.000861688 -2.33644e-05 0.011546 0.000861687 1 -2.415e-05 -0.00522502 2.33852e-05 2.41298e-05 1 0.000628198
1 -0.000786544 -1.29471e-05 0.006699 0.000786544 1 -2.86276e-05 -0.00668122 1.29697e-05 2.86174e-05 1 0.000189056
1 -0.000799222 -4.55792e-05 0.00187161 0.000799222 1 2.67459e-06 -0.00813083 4.5577e-05 -2.71101e-06 1 -0.000249063
0.999999 -0.0011318 6.51578e-06 -0.00289047 0.0011318 0.999999 -7.5407e-06 -0.00957256 -6.50724e-06 7.54807e-06 1 -0.000667657
1 -0.000618485 -5.44682e-06 -0.00758566 0.000618485 1 7.33653e-05 -0.0110023 5.40144e-06 -7.33686e-05 1 -0.00107207
1 -0.000897637 -2.17524e-05 0.00699595 0.000897635 1 -6.58585e-05 -0.00898329 2.18115e-05 6.5839e-05 1 0.00246052
1 -0.000790541 -1.04572e-05 0.00710519 0.00079054 1 -3.29196e-05 -0.00977863 1.04832e-05 3.29113e-05 1 0.0011604
0.999999 -0.00106518 -1.00587e-05 0.00721483 0.00106518 0.999999 2.9329e-06 -0.0105665 1.00556e-05 -2.94362e-06 1 -0.000130759
1 -0.000464722 -2.37941e-05 0.00731061 0.000464723 1 4.31959e-05 -0.0113493 2.3774e-05 -4.3207e-05 1 -0.00138761
0.999999 -0.00112271 -2.70688e-06 0.00741945 0.00112271 0.999999 2.45042e-05 -0.0121024 2.67937e-06 -2.45072e-05 1 -0.00262285
1 -0.000653501 -9.833e-06 0.00753778 0.000653502 1 8.84399e-05 -0.0128558 9.7752e-06 -8.84463e-05 1 -0.00383238
0.999999 -0.00133201 -2.14545e-05 0.00767033 0.00133202 0.999999 5.83006e-05 -0.0135974 2.13768e-05 -5.83291e-05 1 -0.00500959
1 -0.000940166 -3.06755e-05 0.00872914 0.000940165 1 -2.3508e-05 -0.0123681 3.06976e-05 2.34792e-05 1 0.00224603
1 -0.000929826 -1.0446e-05 0.00979733 0.000929824 1 -0.000202319 -0.0111417 1.06342e-05 0.00020231 1 0.00946463
0.999999 -0.00101882 -2.39188e-05 0.00891758 0.00101882 0.999999 -5.20752e-05 -0.0109145 2.39718e-05 5.20508e-05 1 0.00289802
1 -0.00082671 4.92544e-06 0.00803535 0.00082671 1 6.76743e-05 -0.0106871 -4.98139e-06 -6.76702e-05 1 -0.00365492
1 -0.000781266 -9.12472e-06 0.00576214 0.000781266 1 -1.49155e-05 -0.00833737 9.13638e-06 1.49084e-05 1 0.00148704
0.999999 -0.00102765 -1.25174e-06 0.00351141 0.00102765 0.999999 -0.00010859 -0.00598553 1.36334e-06 0.000108588 1 0.00660929
1 -0.000899823 2.29991e-05 0.00127407 0.000899827 1 -0.000214649 -0.00364862 -2.28059e-05 0.00021467 1 0.0116937
1 -0.00088794 1.48536e-06 0.00478974 0.00088794 1 -6.15651e-05 -0.0100519 -1.43069e-06 6.15664e-05 1 0.00238094
1 -0.000992359 -3.3e-05 0.00830191 0.000992365 0.999999 0.000190628 -0.016422 3.28108e-05 -0.000190661 1 -0.00689428
1 -0.000928856 -1.67673e-05 0.00899049 0.000928855 1 -4.63899e-05 -0.00887516 1.68104e-05 4.63743e-05 1 0.00162275
1 -0.000860579 2.44836e-05 0.00968184 0.000860583 1 -0.00017287 -0.00135692 -2.43348e-05 0.000172891 1 0.0101116
1 -0.000737941 -8.26386e-07 0.0107379 0.000737941 1 -1.0464e-05 -0.00857172 8.34108e-07 1.04634e-05 1 0.000188098
0.999999 -0.00103833 -4.06719e-05 0.0117942 0.00103834 0.999999 0.00016033 -0.015775 4.05054e-05 -0.000160372 1 -0.00970041
0.999999 -0.00102426 7.38426e-06 0.00857842 0.00102426 0.999999 -8.0451e-06 -0.00687485 -7.37602e-06 8.05266e-06 1 0.0021337
1 -0.000875564 8.12342e-06 0.00627698 0.000875564 1 -1.68104e-05 -0.0044015 -8.1087e-06 1.68175e-05 1 1.83314e-05
1 -0.0009472 -1.07563e-05 0.00543107 0.000947199 1 -1.77135e-05 -0.00990104 1.07731e-05 1.77033e-05 1 0.00276263
1 -0.000811852 3.96209e-05 0.00459487 0.000811855 1 -9.47843e-05 -0.0153954 -3.95439e-05 9.48164e-05 1 0.00549324
1 -0.000887824 3.59323e-06 0.00405522 0.000887825 1 -2.29899e-05 -0.00617786 -3.57281e-06 2.29931e-05 1 0.000832745
1 -0.00086513 -2.21789e-06 0.00655834 0.00086513 1 -3.58902e-05 -0.00919602 2.24894e-06 3.58883e-05 1 0.00256837
0.999999 -0.00109286 -3.4802e-05 0.00906147 0.00109285 0.999999 -8.71593e-05 -0.0122121 3.48972e-05 8.71212e-05 1 0.00429447
1 -0.000744469 1.99162e-05 0.0115447 0.00074447 1 -9.92493e-06 -0.015192 -1.99088e-05 9.93975e-06 1 0.00600385
0.999999 -0.00130883 -7.63305e-05 0.0139776 0.00130881 0.999999 -0.000225189 -0.0180958 7.66252e-05 0.000225089 1 0.00766285
1 -0.000969861 -2.44177e-06 0.00605171 0.000969861 1 -1.36276e-05 -0.0100105 2.45499e-06 1.36252e-05 1 0.00147939
1 -0.000849335 -2.72115e-05 0.00752238 0.000849334 1 -4.25547e-05 -0.00767675 2.72476e-05 4.25316e-05 1 0.00126571
0.999999 -0.00108815 -8.50732e-06 0.00898863 0.00108815 0.999999 -1.6914e-05 -0.00535623 8.52572e-06 1.69047e-05 1 0.00105585
1 -0.000975861 1.2987e-07 0.0104558 0.000975861 1 -4.70787e-05 -0.00304972 -8.39276e-08 4.70788e-05 1 0.000849036
1 -0.000970147 -5.537e-05 0.0119121 0.000970146 1 -1.49715e-05 -0.00076105 5.53845e-05 1.49177e-05 1 0.000650995
1 -0.000979581 -1.255e-05 0.00707286 0.000979581 1 -4.84154e-05 -0.0105977 1.25974e-05 4.84031e-05 1 0.00200639
1 -0.00081456 -3.9412e-06 0.00521836 0.00081456 1 -2.21605e-05 -0.0116323 3.95925e-06 2.21573e-05 1 0.00208215
1 -0.00096732 1.35185e-06 0.00337619 0.00096732 1 -5.64313e-05 -0.0126628 -1.29726e-06 5.64326e-05 1 0.00215456
1 -0.000853955 -7.29981e-06 0.00959617 0.000853955 1 -5.6682e-05 -0.00228549 7.34821e-06 5.66758e-05 1 0.0013891
1 -0.000937183 -4.49936e-06 0.00790341 0.000937183 1 -3.68821e-05 -0.00580195 4.53392e-06 3.68778e-05 1 0.000458815
1 -0.000912367 1.60123e-06 0.0062132 0.000912367 1 3.93677e-05 -0.00931925 -1.63715e-06 -3.93662e-05 1 -0.000462498
0.999999 -0.00113985 -3.78164e-05 0.00452879 0.00113985 0.999999 -6.85967e-06 -0.012827 3.78242e-05 6.81656e-06 1 -0.00137427
1 -0.000849355 6.18836e-06 0.00846375 0.000849355 1 -4.12022e-05 -0.00701657 -6.15337e-06 4.12075e-05 1 0.00146683
1 -0.000911981 -9.66527e-05 0.0123876 0.00091197 1 -0.000119025 -0.00122314 9.67612e-05 0.000118937 1 0.00430482
1 -0.000816358 -1.80395e-05 0.00441471 0.000816357 1 -3.76557e-05 -0.00438879 1.80703e-05 3.76409e-05 1 0.000791207
0.999999 -0.00101731 6.9023e-06 0.00635385 0.00101731 0.999999 1.68634e-05 -0.0085559 -6.91945e-06 -1.68564e-05 1 -8.6236e-05
1 -0.000823156 -6.65748e-06 0.00829093 0.000823156 1 2.68646e-05 -0.0127205 6.63536e-06 -2.68701e-05 1 -0.000954858
0.999999 -0.00102426 -4.62012e-05 0.010214 0.00102427 0.999999 4.70604e-05 -0.016858 4.6153e-05 -4.71077e-05 1 -0.00181275
0.999999 -0.00106283 -4.82303e-06 0.00894804 0.00106283 0.999999 -1.76443e-05 -0.00715251 4.84178e-06 1.76392e-05 1 0.00115244
1 -0.000966168 8.50734e-06 0.00314012 0.000966168 1 -3.97754e-05 -0.00742719 -8.4689e-06 3.97836e-05 1 0.00108565
1 -0.000926881 2.33391e-05 -0.00260711 0.000926881 1 1.93397e-05 -0.00769944 -2.3357e-05 -1.9318e-05 1 0.00102076
1 -0.000761952 -6.97572e-06 0.00400014 0.000761952 1 -2.35578e-05 -0.00830166 6.99367e-06 2.35525e-05 1 0.00177608
1 -0.000962598 3.77195e-06 0.0106006 0.000962598 1 -4.88478e-06 -0.00890303 -3.76724e-06 4.88841e-06 1 0.00252594
1 -0.000726611 1.66159e-05 0.0171652 0.000726612 1 -6.6451e-05 -0.00950822 -1.65676e-05 6.64631e-05 1 0.00326977
1 -0.000771257 -8.91882e-06 0.00645381 0.000771257 1 6.92372e-06 -0.00902609 8.91347e-06 -6.9306e-06 1 0.000220904
0.999999 -0.0010487 7.7248e-05 -0.00419802 0.0010487 0.999999 -3.43102e-07 -0.00855339 -7.72476e-05 4.24112e-07 1 -0.00280705
1 -0.00088204 -3.16862e-05 0.00588775 0.00088204 1 -2.57042e-05 -0.00617032 3.17089e-05 2.56763e-05 1 0.000815457
1 -0.000869189 1.23506e-05 0.0159489 0.000869191 1 -0.000164016 -0.00379788 -1.2208e-05 0.000164026 1 0.00442614
1 -0.000905817 -2.59904e-05 0.0116674 0.000905814 1 -8.7756e-05 -0.00846107 2.60698e-05 8.77324e-05 1 0.00357036
0.999999 -0.00102564 -3.75224e-06 0.00737802 0.00102564 0.999999 -4.95186e-05 -0.0131105 3.80303e-06 4.95147e-05 1 0.00270451
1 -0.000826208 3.08945e-06 0.00312263 0.000826208 1 -4.16258e-06 -0.0177152 -3.08601e-06 4.16513e-06 1 0.00183391
1 -0.000836786 -2.22917e-05 0.00915846 0.000836785 1 -7.53454e-05 -0.00863106 2.23547e-05 7.53267e-05 1 0.00186693
1 -0.000875196 3.81568e-05 0.01517 0.000875195 1 1.30907e-05 0.00042143 -3.81682e-05 -1.30573e-05 1 0.00190284
1 -0.000926509 -7.76001e-06 0.00538098 0.000926509 1 -9.89465e-07 -0.0109185 7.76092e-06 9.82275e-07 1 0.00195743
1 -0.000877499 -1.46013e-05 0.00705643 0.000877499 1 -2.23916e-05 -0.00641677 1.46209e-05 2.23788e-05 1 0.0013949
1 -0.00073135 2.154e-05 0.00872866 0.000731352 1 -5.31226e-05 -0.00193433 -2.15011e-05 5.31383e-05 1 0.00083154
1 -0.000952101 -5.36699e-05 0.0103909 0.000952099 1 -3.77791e-05 0.00249358 5.37059e-05 3.7728e-05 1 0.000277601
1 -0.000825325 -6.91901e-06 0.00913167 0.000825325 1 5.37482e-06 -0.00824769 6.91457e-06 -5.38053e-06 1 -0.000742956
1 -0.000973383 -2.67133e-05 0.00786312 0.000973385 1 8.64868e-05 -0.0189581 2.66291e-05 -8.65128e-05 1 -0.00175406
1 -0.00093285 -1.4908e-05 0.010945 0.000932849 1 -7.77698e-05 -0.00310347 1.49806e-05 7.77559e-05 1 0.00287342
0.999999 -0.00100333 1.21817e-05 0.00417359 0.00100333 0.999999 -6.15303e-05 -0.0100004 -1.212e-05 6.15425e-05 1 0.00220848
1 -0.000939583 -5.81326e-06 0.00701526 0.000939583 1 -6.55851e-05 -0.00456099 5.87488e-06 6.55796e-05 1 0.00160973
1 -0.000918082 3.56452e-05 0.00985263 0.000918082 1 6.27308e-07 0.000823456 -3.56458e-05 -5.94583e-07 1 0.00101226
1 -0.000906625 4.17609e-06 0.00778354 0.000906625 1 -1.12497e-05 -0.0106864 -4.16589e-06 1.12535e-05 1 0.000870452
1 -0.000857961 5.52941e-06 0.0103041 0.000857961 1 -1.31493e-05 -0.00991492 -5.51812e-06 1.3154e-05 1 0.000854684
0.999999 -0.00103239 -9.12235e-06 0.012811 0.00103239 0.999999 -2.17903e-05 -0.00914122 9.14484e-06 2.17809e-05 1 0.000841729
1 -0.000890436 -1.5823e-05 0.0152939 0.000890436 1 2.14279e-05 -0.00837759 1.58039e-05 -2.14419e-05 1 0.000835757
0.999999 -0.00104211 -1.51172e-05 0.017751 0.00104211 0.999999 -9.38886e-05 -0.00761093 1.5215e-05 9.38728e-05 1 0.000824555
1 -0.000840073 -4.13906e-05 0.020087 0.000840073 1 -4.2261e-06 -0.00683855 4.13942e-05 4.19133e-06 1 0.000817135
1 -0.000899356 -3.51677e-05 0.0125423 0.000899354 1 -5.41025e-05 -0.00600377 3.52164e-05 5.40708e-05 1 0.00294482
1 -0.000910252 -4.79113e-05 0.0150334 0.000910251 1 -1.68199e-05 -0.00509307 4.79266e-05 1.67763e-05 1 0.00151669
1 -0.000950656 -8.778e-06 0.0174947 0.000950656 1 -1.00396e-05 -0.00419882 8.78754e-06 1.00313e-05 1 9.70497e-05
1 -0.000779444 1.14675e-05 0.0034648 0.000779444 1 -4.43972e-05 -0.00744258 -1.14329e-05 4.44062e-05 1 0.000339802
1 -0.000989738 1.60584e-06 0.00839878 0.000989739 1 -4.31109e-05 -0.00568077 -1.56317e-06 4.31124e-05 1 0.00217686
1 -0.000820991 -8.83471e-06 0.0133203 0.00082099 1 -8.86874e-05 -0.00392786 8.90752e-06 8.86802e-05 1 0.00401088
1 -0.00097692 -1.74275e-06 0.00654863 0.000976919 1 -4.52261e-05 -0.0104474 1.78693e-06 4.52244e-05 1 0.00245636
1 -0.000886153 2.13199e-05 -0.000189197 0.000886154 1 -3.61222e-08 -0.0169453 -2.13198e-05 5.50148e-08 1 0.000905404
1 -0.000958876 -5.03242e-06 0.0070946 0.000958876 1 -4.06672e-05 -0.0083714 5.07142e-06 4.06624e-05 1 0.00322474
1 -0.000790606 -2.43607e-07 0.0143634 0.000790606 1 -0.000130529 0.000185362 3.46803e-07 0.000130528 1 0.00553361
1 -0.000983612 -7.05208e-08 0.00753696 0.000983612 1 -3.82815e-05 -0.0105492 1.08175e-07 3.82814e-05 1 0.00196516
1 -0.000879242 5.89838e-05 0.000762755 0.000879237 1 8.51667e-05 -0.021227 -5.90586e-05 -8.51148e-05 1 -0.00158906
1 -0.000915311 1.40973e-05 0.00400224 0.000915311 1 -4.44845e-06 -0.00738034 -1.40932e-05 4.46135e-06 1 0.000572032
1 -0.000879413 -4.0992e-06 0.00930524 0.000879413 1 -2.2079e-05 -0.010259 4.11862e-06 2.20753e-05 1 0.000462174
1 -0.000925691 -5.66485e-05 0.0146028 0.000925692 1 1.63124e-05 -0.0131255 5.66334e-05 -1.63648e-05 1 0.000360235
0.999999 -0.00101086 -1.06586e-07 0.00370334 0.00101086 0.999999 -6.52369e-05 -0.0112702 1.72531e-07 6.52367e-05 1 0.00287774
1 -0.000993307 -1.70148e-05 -0.00714832 0.000993306 1 -3.3326e-05 -0.00941716 1.70479e-05 3.33091e-05 1 0.00538714
1 -0.000886622 -5.81667e-06 0.00741258 0.000886622 1 -4.56118e-05 -0.0119543 5.8571e-06 4.56066e-05 1 0.00247026
1 -0.000910603 -2.26328e-05 0.00559539 0.000910602 1 -5.96675e-05 -0.00850384 2.26871e-05 5.96469e-05 1 0.00274385
1 -0.000963003 -3.10659e-05 0.0104822 0.000963001 1 -4.71645e-05 -0.00837199 3.11113e-05 4.71346e-05 1 0.00266785
1 -0.000920512 8.57197e-06 0.0153525 0.000920513 1 -6.8124e-05 -0.00824104 -8.50925e-06 6.81318e-05 1 0.00259143
1 -0.000915032 8.55242e-06 0.00456521 0.000915032 1 -4.1687e-05 -0.00621051 -8.51427e-06 4.16948e-05 1 0.00132007
0.999999 -0.00109432 -1.72455e-06 0.00679298 0.00109432 0.999999 -2.56484e-05 -0.0085711 1.75261e-06 2.56465e-05 1 0.00135423
1 -0.000969446 -3.08336e-06 0.0090208 0.000969446 1 -1.99241e-05 -0.0109334 3.10267e-06 1.99211e-05 1 0.00138682
0.999999 -0.00108287 -4.47589e-05 0.0112461 0.00108287 0.999999 5.21108e-06 -0.0132752 4.47532e-05 -5.25955e-06 1 0.00141281
1 -0.000866069 -1.65207e-05 0.0134304 0.000866068 1 -7.50799e-05 -0.0155904 1.65857e-05 7.50655e-05 1 0.00143181
1 -0.000981363 -3.67625e-05 0.0155886 0.000981366 1 0.000101669 -0.0178582 3.66627e-05 -0.000101705 1 0.00145365
1 -0.000940455 -5.44795e-05 0.0177122 0.000940451 1 -6.59982e-05 -0.0200766 5.45416e-05 6.59469e-05 1 0.00146536
1 -0.00097005 -4.41156e-06 0.0106546 0.00097005 1 -1.80046e-05 -0.0100866 4.42902e-06 1.80003e-05 1 0.000501668
1 -0.000724216 -8.16237e-06 0.0154655 0.000724216 1 -4.54534e-05 -0.00797276 8.19529e-06 4.54475e-05 1 0.00224277
1 -0.000857481 -4.15323e-05 0.0202681 0.000857479 1 -6.58242e-05 -0.00585819 4.15887e-05 6.57886e-05 1 0.00397636
1 -0.000617511 2.30269e-05 0.00418789 0.000617512 1 -2.95929e-05 -0.00286892 -2.30086e-05 2.96071e-05 1 0.000250264
1 -0.000732596 1.21605e-05 -0.0118871 0.000732595 1 5.05038e-05 0.000126433 -1.21975e-05 -5.04949e-05 1 -0.00346537
1 -0.000522972 6.07657e-05 -0.0279661 0.000522965 1 0.000116837 0.00311294 -6.08268e-05 -0.000116805 1 -0.00716292
1 -0.000632544 6.1702e-05 -0.0440533 0.000632535 1 0.000160694 0.00606825 -6.18036e-05 -0.000160654 1 -0.010805
1 -0.000353749 8.76152e-05 -0.0753586 0.00035376 1 -0.000121241 0.00481377 -8.75723e-05 0.000121272 1 0.00389366
1 -0.000359095 0.000142361 -0.110151 0.000359113 1 -0.000124316 0.00781234 -0.000142316 0.000124367 1 0.00353507
1 -0.00061843 0.000227339 -0.144948 0.000618467 1 -0.000163863 0.0108192 -0.000227237 0.000164003 1 0.00317292
1 2.94344e-05 0.000268021 -0.179785 -2.94098e-05 1 -9.19832e-05 0.0138223 -0.000268024 9.19753e-05 1 0.00281221
1 0.000308462 0.000385291 -0.238293 -0.000308417 1 -0.000115484 0.0219588 -0.000385326 0.000115365 1 0.00108855
1 -8.45556e-05 0.000489772 -0.29679 8.46232e-05 1 -0.000137979 0.0300791 -0.00048976 0.00013802 1 -0.000615579
1 0.00026862 0.000585942 -0.352251 -0.00026857 1 -8.58251e-05 0.0219498 -0.000585965 8.56677e-05 1 0.000106039
1 0.000412627 0.000691151 -0.430007 -0.000412478 1 -0.00021608 0.0212222 -0.00069124 0.000215794 1 0.000971087
1 0.000353429 0.000869425 -0.507792 -0.000353276 1 -0.000175935 0.0205405 -0.000869487 0.000175628 1 0.00183041
0.999999 0.00105452 0.0010018 -0.5856 -0.00105427 0.999999 -0.000246662 0.0198657 -0.00100206 0.000245605 0.999999 0.00269305
0.999999 0.00105817 0.0011048 -0.702282 -0.0010579 0.999999 -0.000242715 0.0327231 -0.00110506 0.000241546 0.999999 -0.00136534
0.999998 0.00133404 0.00124655 -0.818934 -0.00133379 0.999999 -0.000201744 0.0455336 -0.00124681 0.000200081 0.999999 -0.00540916
0.999998 0.0014207 0.00129188 -0.947945 -0.00142033 0.999999 -0.000285497 0.0440118 -0.00129229 0.000283661 0.999999 -0.00528997
0.999997 0.0015246 0.00165163 -1.07697 -0.00152408 0.999999 -0.000317293 0.0425021 -0.00165211 0.000314775 0.999999 -0.0052182
0.999998 0.00106679 0.0015518 -1.20601 -0.00106598 0.999999 -0.000523673 0.0410583 -0.00155235 0.000522018 0.999999 -0.00511741
0.999998 0.000749142 0.00179453 -1.36495 -0.000748131 1 -0.000564021 0.0526398 -0.00179495 0.000562678 0.999998 -0.00793186
0.999998 0.0004867 0.0018723 -1.52453 -0.000485381 1 -0.000704846 0.0521627 -0.00187264 0.000703936 0.999998 -0.0127555
0.999998 -0.000426135 0.00188806 -1.71159 0.000427737 1 -0.00084803 0.0605772 -0.0018877 0.000848836 0.999998 -0.0116082
0.999998 -0.00149114 0.00166534 -1.89851 0.00149284 0.999998 -0.00101574 0.0688312 -0.00166382 0.00101823 0.999998 -0.010475
0.999997 -0.0015079 0.00171345 -2.06699 0.00150957 0.999998 -0.000974236 0.0818566 -0.00171198 0.00097682 0.999998 -0.0135957
0.999993 -0.00322657 0.00213297 -2.23551 0.00322807 0.999995 -0.000696448 0.0948712 -0.00213071 0.000703328 0.999997 -0.0167295
0.999991 -0.00392717 0.00183438 -2.44801 0.00392826 0.999992 -0.000590384 0.108656 -0.00183205 0.000597585 0.999998 -0.0190578
0.999984 -0.00520521 0.00211309 -2.63069 0.00520629 0.999986 -0.000504357 0.119309 -0.00211043 0.00051535 0.999998 -0.0228646
0.999971 -0.00715385 0.00244349 -2.83581 0.00715502 0.999974 -0.000468711 0.1291 -0.00244008 0.000486181 0.999997 -0.023792
0.999956 -0.00904635 0.00267173 -3.04091 0.00904766 0.999959 -0.000479122 0.138467 -0.00266728 0.000503273 0.999996 -0.0246669
0.999937 -0.0109138 0.00279365 -3.23248 0.0109148 0.99994 -0.000338261 0.140063 -0.00278979 0.000368732 0.999996 -0.0354214
0.99991 -0.0131158 0.00295978 -3.45736 0.0131169 0.999914 -0.000353234 0.142823 -0.0029549 0.000392025 0.999996 -0.0422795
0.999882 -0.0152033 0.00238873 -3.68043 0.0152043 0.999884 -0.000406672 0.154316 -0.00238227 0.000442942 0.999997 -0.0389302
0.999851 -0.0170191 0.00272777 -3.91858 0.0170195 0.999855 -0.000121474 0.156134 -0.00272531 0.000167881 0.999996 -0.0612044
0.999801 -0.0196476 0.00347756 -4.15394 0.0196483 0.999807 -0.000153381 0.151167 -0.00347387 0.000221679 0.999994 -0.0601554
0.999743 -0.0224128 0.00338667 -4.38592 0.0224154 0.999748 -0.000735932 0.154281 -0.00336933 0.000811656 0.999994 -0.0543874
0.999691 -0.0247431 0.00241532 -4.64543 0.0247443 0.999694 -0.000435128 0.153645 -0.00240382 0.000494759 0.999997 -0.0526359
0.999633 -0.027047 0.00159295 -4.90884 0.0270471 0.999634 -3.85154e-06 0.183503 -0.00159226 4.69347e-05 0.999999 -0.0564884
0.999572 -0.0292276 0.00151888 -5.16107 0.0292268 0.999573 0.000585756 0.190857 -0.00153535 -0.000541113 0.999999 -0.059325
0.999494 -0.0317943 0.00129372 -5.41332 0.0317932 0.999494 0.000830291 0.1977 -0.00131946 -0.000788739 0.999999 -0.0620657
0.999364 -0.0356364 0.00156763 -5.67627 0.0356343 0.999364 0.00133943 0.193602 -0.00161437 -0.00128271 0.999998 -0.0655506
0.999209 -0.0397301 0.00139029 -5.92574 0.0397279 0.999209 0.0016231 0.194248 -0.00145367 -0.00156658 0.999998 -0.0592048
0.999007 -0.0445377 0.00108575 -6.19056 0.0445356 0.999006 0.00189782 0.206733 -0.0011692 -0.00184758 0.999998 -0.063253
0.998769 -0.0495996 0.000430619 -6.44299 0.0495986 0.998767 0.00191407 0.199748 -0.000525025 -0.00189035 0.999998 -0.0648987
0.998482 -0.0550721 0.000411409 -6.687 0.0550708 0.998479 0.00264909 0.193992 -0.000556674 -0.00262241 0.999996 -0.075777
0.998171 -0.0604439 0.000861861 -6.93101 0.0604409 0.998167 0.00309851 0.1869 -0.00104757 -0.00304075 0.999995 -0.0866084
0.997776 -0.0666375 0.00163353 -7.1724 0.0666318 0.997772 0.00329982 0.210515 -0.00184979 -0.00318364 0.999993 -0.0899644
0.997316 -0.0731791 0.00217248 -7.40367 0.0731699 0.997311 0.00405426 0.201686 -0.00246332 -0.00388443 0.999989 -0.0955586
0.99674 -0.0806533 0.00207387 -7.63507 0.0806439 0.996734 0.0042811 0.186593 -0.00241238 -0.0040999 0.999989 -0.0982379
0.996009 -0.089181 0.00362077 -7.86643 0.0891673 0.996009 0.0037802 0.169846 -0.00394344 -0.00344226 0.999986 -0.100941
0.99508 -0.099018 0.00337733 -8.10695 0.0990042 0.995079 0.00403119 0.165009 -0.00375987 -0.00367699 0.999986 -0.0999231
0.993839 -0.110765 0.0038776 -8.32521 0.11075 0.99384 0.00400043 0.150803 -0.00429683 -0.00354634 0.999984 -0.104965
0.992269 -0.124051 0.00374514 -8.55883 0.124035 0.992269 0.0041965 0.140309 -0.00423677 -0.00369952 0.999984 -0.108399
0.990428 -0.137946 0.0048182 -8.7705 0.137927 0.990434 0.00408805 0.132148 -0.00533604 -0.00338436 0.99998 -0.113402
0.988101 -0.153718 0.00520239 -8.99099 0.153698 0.98811 0.00397313 0.083636 -0.00575127 -0.00312625 0.999979 -0.112166
0.985211 -0.171287 0.00441728 -9.21074 0.17127 0.985216 0.00400445 0.0316101 -0.00503788 -0.00318869 0.999982 -0.110829
0.981709 -0.190342 0.00426712 -9.43856 0.190326 0.981713 0.00390974 -0.0115003 -0.00493327 -0.00302608 0.999983 -0.114395
0.977478 -0.210994 0.00428699 -9.66803 0.210978 0.977483 0.00402626 -0.0532349 -0.00503997 -0.00303112 0.999983 -0.107181
0.972628 -0.232338 0.00364403 -9.89105 0.232321 0.972629 0.00453234 -0.0785109 -0.00459732 -0.0035617 0.999983 -0.0966924
0.966839 -0.255373 0.00251708 -10.119 0.255359 0.966835 0.00472224 -0.103964 -0.00363953 -0.00392289 0.999986 -0.0780406
0.960421 -0.278545 0.00186478 -10.3353 0.278535 0.960416 0.00449024 -0.190665 -0.0030417 -0.00379312 0.999988 -0.0815326
0.953236 -0.302219 0.00218318 -10.5455 0.302207 0.953232 0.0043662 -0.267233 -0.00340063 -0.00350225 0.999988 -0.0923464
0.944691 -0.327956 0.0016136 -10.787 0.327947 0.944686 0.00447391 -0.352503 -0.0029916 -0.00369729 0.999989 -0.0817225
0.93454 -0.355856 0.00114258 -11.0111 0.355847 0.934532 0.00477209 -0.391015 -0.00276595 -0.00405313 0.999988 -0.0757017
0.923234 -0.384237 -0.000312004 -11.2217 0.384233 0.923221 0.00523584 -0.487679 -0.00172376 -0.00495379 0.999986 -0.0622091
0.910536 -0.413429 -0.000213222 -11.4293 0.413425 0.910523 0.00520706 -0.590739 -0.00195861 -0.00482937 0.999986 -0.0491133
0.896206 -0.443637 -0.00084324 -11.647 0.443635 0.896191 0.00542208 -0.709893 -0.00164973 -0.0052334 0.999985 -0.0720112
0.879718 -0.475494 -0.00120542 -11.862 0.475493 0.879702 0.00562024 -0.822794 -0.00161198 -0.0055174 0.999983 -0.0695254
0.861454 -0.507835 -0.000871009 -12.0551 0.507831 0.861438 0.00565952 -0.96135 -0.00212378 -0.00531774 0.999984 -0.0788995
0.841696 -0.539951 -0.00105728 -12.2524 0.539948 0.841679 0.00565537 -1.0855 -0.00216373 -0.00533097 0.999983 -0.0878776
0.819597 -0.57294 -0.000796684 -12.4387 0.572934 0.819581 0.00579501 -1.23804 -0.00266725 -0.00520602 0.999983 -0.0917527
0.795783 -0.605582 -0.000483544 -12.6118 0.605574 0.795768 0.00573497 -1.40578 -0.00308821 -0.00485661 0.999983 -0.0897273
0.770866 -0.636997 0.000310448 -12.7911 0.636984 0.770853 0.00615488 -1.56443 -0.00415995 -0.00454684 0.999981 -0.0914712
0.743613 -0.66861 0.000507476 -12.9585 0.668593 0.743599 0.00668232 -1.72714 -0.00484522 -0.00462977 0.999978 -0.104676
0.715622 -0.698488 -0.000279345 -13.1132 0.698469 0.715599 0.00765606 -1.92747 -0.00514777 -0.00567395 0.999971 -0.0974645
0.686257 -0.727358 -0.00155231 -13.2658 0.727337 0.686217 0.00928777 -2.11264 -0.00569031 -0.00750284 0.999956 -0.129798
0.653816 -0.756503 -0.0151209 -13.397 0.756628 0.653498 0.0213226 -2.3188 -0.00624917 -0.0253819 0.999658 -0.0804283
0.621628 -0.783127 -0.0170547 -13.5418 0.783291 0.621303 0.0209023 -2.50363 -0.00577299 -0.0263522 0.999636 -0.0744041
0.588347 -0.808419 -0.0174885 -13.6799 0.808581 0.588011 0.0209643 -2.71465 -0.00666452 -0.0264752 0.999627 -0.075242
0.554668 -0.831886 -0.0175763 -13.799 0.832037 0.554328 0.0208316 -2.92386 -0.00758646 -0.0261788 0.999628 -0.0847645
