1 0 0 0 0 1 0 0 -0 0 1 0
1 -0.00073548 -0.000330719 0.000703109 0.000735479 1 -5.23393e-06 0.00418086 0.000330723 4.99069e-06 1 -0.00372403
1 -0.000768207 -0.000430301 0.00251476 0.000768205 1 -3.96258e-06 0.0105985 0.000430304 3.63202e-06 1 -0.00275689
0.999999 -0.000967257 -0.000489502 0.0042985 0.00096726 1 5.40525e-06 0.016982 0.000489496 -5.87873e-06 1 -0.00180561
1 -0.000728752 -0.000490817 -0.00170442 0.000728754 1 3.61475e-06 0.00988415 0.000490814 -3.97243e-06 1 -0.00336532
1 -0.000752593 -7.99317e-05 -0.00761417 0.000752596 1 3.40594e-05 0.00283696 7.99061e-05 -3.41195e-05 1 -0.00491238
1 -0.000778021 -0.000410429 0.00205494 0.000778019 1 -3.46049e-06 0.0091836 0.000410432 3.14117e-06 1 -0.0024737
0.999999 -0.000981445 -0.000356602 -0.00095808 0.000981446 1 1.99401e-06 0.0116647 0.000356599 -2.34399e-06 1 -0.00612675
1 -0.000719696 -0.000506117 0.00520309 0.000719686 1 -2.03254e-05 0.010313 0.000506131 1.99612e-05 1 -0.00445461
1 -0.00077622 -9.03286e-05 -0.00297638 0.000776219 1 -1.04135e-05 0.0112036 9.03366e-05 1.03433e-05 1 -0.00863146
0.999999 -0.00100173 -0.000267903 -0.00073707 0.00100174 0.999999 2.6491e-05 0.008561 0.000267876 -2.67594e-05 1 -0.00721348
1 -0.000561477 -0.000439271 0.00150047 0.000561465 1 -2.63828e-05 0.00593217 0.000439286 2.61361e-05 1 -0.00579132
1 -0.000808916 -0.000408913 0.00163 0.000808925 1 2.351e-05 0.0134231 0.000408894 -2.38407e-05 1 -0.00576039
1 -0.000771058 -0.000352135 0.00176837 0.000771045 1 -3.7656e-05 0.0209026 0.000352164 3.73845e-05 1 -0.00573362
1 -0.000723894 -0.000334185 0.00302078 0.000723891 1 -1.07357e-05 0.011467 0.000334193 1.04938e-05 1 -0.00540609
1 -0.000701039 -0.00032664 0.00427241 0.000701047 1 2.31186e-05 0.00204247 0.000326623 -2.33476e-05 1 -0.00508072
1 -0.000748157 -0.000447283 -0.00130115 0.000748155 1 -3.57937e-06 0.00548069 0.000447286 3.24473e-06 1 -0.00468607
1 -0.000638382 -0.000197299 -0.00676468 0.000638378 1 -1.84504e-05 0.00887368 0.00019731 1.83244e-05 1 -0.00430943
1 -0.000835401 -0.000223974 -0.00386518 0.000835402 1 4.16904e-06 -0.00378073 0.000223971 -4.35615e-06 1 -0.005245
1 -0.000835438 -0.000482283 0.00921486 0.000835441 1 5.48623e-06 0.0113249 0.000482278 -5.88915e-06 1 -0.00529782
1 -0.000808666 -0.000310017 0.00108384 0.000808664 1 -9.42436e-06 0.00676324 0.000310025 9.17366e-06 1 -0.00657733
1 -0.000921382 -0.000185266 -0.00701569 0.000921392 1 5.71241e-05 0.00220876 0.000185213 -5.72948e-05 1 -0.00785404
1 -0.000722744 -4.6032e-06 -0.0150302 0.000722744 1 5.72371e-05 -0.00232482 4.56183e-06 -5.72404e-05 1 -0.00912176
1 -0.00087489 -0.000351149 0.00214489 0.000874885 1 -1.53848e-05 0.00753205 0.000351162 1.50776e-05 1 -0.00564695
1 -0.000798682 -0.000166647 -0.00188284 0.000798684 1 1.3821e-05 0.000425673 0.000166636 -1.39541e-05 1 -0.00743563
1 -0.000808885 -0.000268498 -0.000181537 0.000808887 1 5.71342e-06 0.0145899 0.000268493 -5.9306e-06 1 -0.00469385
1 -0.000834833 -0.00012493 -0.00497059 0.000834836 1 2.35496e-05 0.00650642 0.00012491 -2.36539e-05 1 -0.00627639
1 -0.000678213 -0.000360884 -0.00220171 0.00067822 1 1.90126e-05 0.0132297 0.000360871 -1.92573e-05 1 -0.00347167
0.999999 -0.00130941 -0.000645459 0.000555277 0.00130945 0.999999 6.15558e-05 0.0198148 0.000645378 -6.2401e-05 1 -0.000697177
0.999999 -0.00103798 -0.000530246 0.00702947 0.00103801 0.999999 5.79978e-05 0.012102 0.000530186 -5.85482e-05 1 -0.00459184
1 -0.000958047 -0.00024235 0.00105139 0.000958054 1 2.87819e-05 0.0053809 0.000242322 -2.9014e-05 1 -0.0055334
1 -0.000788987 -0.000153205 -0.00488553 0.000788989 1 1.5181e-05 -0.00130783 0.000153193 -1.53019e-05 1 -0.00643898
1 -0.000914302 -0.000402471 -0.00016427 0.000914306 1 8.21787e-06 0.0152865 0.000402464 -8.58585e-06 1 -0.00287201
1 -0.000890329 -0.000307136 0.000578826 0.000890334 1 1.81821e-05 0.010791 0.00030712 -1.84556e-05 1 -0.00564142
1 -0.000796429 -0.000250578 0.00130339 0.000796436 1 2.71436e-05 0.00631772 0.000250556 -2.73432e-05 1 -0.00839117
1 -0.000883583 -0.000283042 0.00105489 0.000883584 1 4.03728e-06 0.0134261 0.000283039 -4.28737e-06 1 -0.0072506
1 -0.000883855 -0.000191728 -0.00505901 0.000883864 1 4.65905e-05 -0.00249969 0.000191686 -4.676e-05 1 -0.00605015
1 -0.000690202 -0.00040664 0.00449686 0.000690206 1 8.33691e-06 0.00798199 0.000406635 -8.61757e-06 1 -0.00505293
0.999999 -0.00118081 -0.000273836 0.0138826 0.0011808 0.999999 -1.00061e-05 0.018331 0.000273848 9.68277e-06 1 -0.00404295
0.999999 -0.000917728 -0.00044659 0.00490973 0.000917728 1 -1.98593e-06 0.0122348 0.000446591 1.57608e-06 1 -0.00365758
1 -0.000840026 -7.0999e-06 -0.003988 0.000840026 1 -2.61602e-06 0.00616277 7.1021e-06 2.61005e-06 1 -0.00325644
1 -0.000884591 -0.000433459 0.0047494 0.000884603 1 2.56799e-05 0.00932672 0.000433436 -2.60633e-05 1 -0.0040721
1 -0.000700782 -0.000287149 0.0034828 0.000700783 1 3.06066e-06 -0.000229076 0.000287147 -3.26189e-06 1 -0.00674196
1 -0.000778199 -0.000164054 0.0021911 0.000778204 1 2.5894e-05 -0.0097449 0.000164033 -2.60217e-05 1 -0.00938283
1 -0.00093642 -0.000341388 0.00194766 0.000936421 1 4.58182e-06 0.0161043 0.000341384 -4.9015e-06 1 -0.00347946
1 -0.000855369 -0.000169373 0.0002234 0.000855374 1 2.8868e-05 0.00778415 0.000169348 -2.90129e-05 1 -0.00700982
1 -0.000478303 -1.02939e-05 -0.00149684 0.000478303 1 1.34852e-05 -0.000525221 1.02874e-05 -1.34901e-05 1 -0.0105191
1 -0.000920016 -0.000241603 0.00278454 0.000920023 1 3.0731e-05 0.00734428 0.000241574 -3.09533e-05 1 -0.00608842
1 -0.000743714 -0.000366195 0.00314797 0.000743722 1 1.92137e-05 -0.00263441 0.00036618 -1.94861e-05 1 -0.0047209
1 -0.00087912 -0.000319385 0.00147004 0.000879124 1 1.15538e-05 0.0073344 0.000319375 -1.18346e-05 1 -0.00694378
1 -0.000864917 -0.000430992 -0.00161176 0.000864926 1 2.08473e-05 0.00124382 0.000430974 -2.122e-05 1 -0.0036846
1 -0.000864229 -0.000432851 0.00190915 0.000864224 1 -1.27652e-05 0.00856678 0.000432862 1.23911e-05 1 -0.00257412
0.999999 -0.00107617 -0.000442338 0.00542283 0.00107618 0.999999 1.57878e-05 0.0158676 0.000442321 -1.62638e-05 1 -0.00146973
1 -0.000841556 -0.000209671 0.00179704 0.00084156 1 1.60713e-05 0.000125146 0.000209658 -1.62477e-05 1 -0.00393511
1 -0.000850763 -0.000321438 0.00163093 0.000850772 1 2.77634e-05 0.00603457 0.000321414 -2.80369e-05 1 -0.00565052
1 -0.000936998 -0.000280509 0.00188445 0.000937002 1 1.32264e-05 0.0100471 0.000280497 -1.34892e-05 1 -0.0059954
1 -0.000587712 -0.000476256 0.00214668 0.000587717 1 1.13964e-05 0.0138522 0.00047625 -1.16763e-05 1 -0.00636827
0.999999 -0.00110688 -0.000176449 0.00238045 0.00110688 0.999999 -1.38846e-05 0.0175807 0.000176464 1.36893e-05 1 -0.0066985
1 -0.000843373 -0.000397944 0.00174216 0.000843368 1 -1.3772e-05 0.00806837 0.000397955 1.34364e-05 1 -0.00234435
0.999999 -0.000979081 -0.000341468 0.00303783 0.000979082 1 2.31961e-06 0.00771727 0.000341466 -2.65393e-06 1 -0.00388833
1 -0.000769585 -0.000369617 0.00430766 0.000769583 1 -3.75162e-06 0.00736376 0.00036962 3.46717e-06 1 -0.00543606
1 -0.000903272 -0.000182216 -0.00121497 0.00090328 1 4.62096e-05 0.00395759 0.000182174 -4.63742e-05 1 -0.00451979
1 -0.000905135 -0.000399873 1.77578e-05 0.000905138 1 8.63278e-06 0.00911725 0.000399865 -8.99472e-06 1 -0.00359406
0.999999 -0.000963457 -0.000270776 0.00370114 0.000963464 1 2.43211e-05 0.0082899 0.000270752 -2.4582e-05 1 -0.00678473
1 -0.000919111 -0.000149067 -0.000578023 0.000919115 1 2.88244e-05 0.000480456 0.00014904 -2.89614e-05 1 -0.00566953
1 -0.000860615 -0.00024473 0.00578747 0.000860615 1 -1.95953e-08 0.00889344 0.00024473 -1.91023e-07 1 -0.00573026
0.999999 -0.000907273 -0.000469005 -0.000399895 0.000907276 1 6.65237e-06 0.0126798 0.000468999 -7.07788e-06 1 -0.00400339
1 -0.000759028 -0.000268951 -0.00650916 0.000759021 1 -2.75075e-05 0.0163274 0.000268971 2.73033e-05 1 -0.00230207
1 -0.000827746 -0.000286535 0.00208307 0.000827752 1 1.98235e-05 0.0126162 0.000286518 -2.00607e-05 1 -0.00361514
0.999999 -0.000967976 -0.000339151 -0.000615225 0.000967983 1 1.92075e-05 0.00767841 0.000339132 -1.95358e-05 1 -0.00711133
1 -0.000867817 -5.51656e-06 -0.00327907 0.000867817 1 1.35094e-05 0.00274984 5.50483e-06 -1.35142e-05 1 -0.0105444
1 -0.000923216 -0.00033808 0.00292281 0.000923219 1 9.45378e-06 0.00465247 0.000338071 -9.7659e-06 1 -0.00339656
1 -0.000794666 -0.000380086 0.00337856 0.000794665 1 -3.38956e-06 0.00424238 0.000380088 3.08752e-06 1 -0.00406695
0.999999 -0.000940392 -0.000398353 0.00381493 0.000940387 1 -1.16838e-05 0.00395055 0.000398364 1.13091e-05 1 -0.00472144
1 -0.000736396 -0.000306472 0.00290046 0.000736398 1 6.81741e-06 0.00809182 0.000306467 -7.04309e-06 1 -0.00436835
1 -0.000857448 -0.000299046 -0.0032656 0.00085745 1 5.94141e-06 0.00709779 0.00029904 -6.19782e-06 1 -0.00476
1 -0.000793447 -0.000209899 -0.00939978 0.000793447 1 3.56931e-06 0.00607939 0.000209896 -3.73585e-06 1 -0.00516596
0.999999 -0.000961519 -0.000381627 0.0006773 0.000961522 1 7.89295e-06 0.0162895 0.000381619 -8.25989e-06 1 -0.00462812
1 -0.000872875 -0.00020559 0.00419703 0.000872875 1 -3.19411e-06 0.00645455 0.000205593 3.01465e-06 1 -0.00843809
1 -0.000794117 -0.000216196 0.001792 0.000794126 1 4.30851e-05 0.0018247 0.000216162 -4.32568e-05 1 -0.00706584
1 -0.000937842 -0.000282618 -0.000619536 0.00093785 1 2.67775e-05 -0.00278315 0.000282593 -2.70425e-05 1 -0.00569759
0.999999 -0.0010837 -0.000259828 -0.00176959 0.00108371 0.999999 2.04474e-05 0.0157415 0.000259806 -2.07289e-05 1 -0.00599132
1 -0.000696451 -0.000241944 0.00283405 0.00069646 1 3.34414e-05 -0.00031998 0.000241921 -3.36099e-05 1 -0.00617523
1 -0.000629617 -1.40306e-05 -0.000685008 0.000629617 1 -2.55931e-06 0.0021763 1.40322e-05 2.55048e-06 1 -0.00545467
1 -0.000860352 -0.000306777 0.00331332 0.000860362 1 3.18849e-05 0.00731342 0.000306749 -3.21489e-05 1 -0.00526749
1 -0.000956125 -0.000146066 -0.000401874 0.000956128 1 1.63698e-05 0.00429346 0.00014605 -1.65094e-05 1 -0.00424036
1 -0.00064601 -0.000375759 0.00596995 0.000646009 1 -3.56053e-06 0.0111912 0.000375761 3.31778e-06 1 -0.00539078
1 -0.000815594 -0.000160327 -0.00224124 0.000815599 1 2.78961e-05 0.00559295 0.000160305 -2.80269e-05 1 -0.00782741
0.999999 -0.00102338 -0.000185576 -0.00114985 0.00102339 0.999999 3.14187e-05 0.00563845 0.000185543 -3.16086e-05 1 -0.00573466
1 -0.000485363 -0.000247449 -4.18788e-05 0.000485363 1 -2.06056e-06 0.00563108 0.00024745 1.94046e-06 1 -0.00365105
1 -0.000917358 -0.000295626 0.00125301 0.000917355 1 -8.40644e-06 0.00931881 0.000295633 8.13524e-06 1 -0.00442164
1 -0.000883265 -0.000382798 -0.00303614 0.000883263 1 -7.0506e-06 0.00502864 0.000382804 6.71249e-06 1 -0.00438413
1 -0.000792803 -0.000156229 0.00556244 0.00079281 1 4.11274e-05 0.00614033 0.000156196 -4.12513e-05 1 -0.0050918
0.999999 -0.0010347 -0.000320262 -0.000325628 0.0010347 0.999999 1.27968e-05 0.00790187 0.000320249 -1.31282e-05 1 -0.00510984
0.999999 -0.00105383 -0.000436361 0.00113775 0.00105383 0.999999 7.10524e-07 0.0113873 0.00043636 -1.17038e-06 1 -0.00483081
1 -0.000892102 -0.000243246 0.000394927 0.000892109 1 2.95466e-05 0.0122051 0.00024322 -2.97636e-05 1 -0.0055569
1 -0.00078474 -0.000393472 0.000857235 0.000784757 1 4.17399e-05 0.00361169 0.000393439 -4.20486e-05 1 -0.00447011
0.999999 -0.000919689 -0.000488373 0.00131084 0.000919709 1 4.21942e-05 -0.00495254 0.000488334 -4.26433e-05 1 -0.00339282
1 -0.00086608 -0.00019903 0.0010672 0.000866082 1 6.381e-06 0.0137813 0.000199024 -6.55338e-06 1 -0.00540223
1 -0.000680614 -0.000302013 0.000869975 0.000680624 1 3.36068e-05 -0.00471515 0.00030199 -3.38123e-05 1 -0.00565881
1 -0.000850661 -0.000372681 -0.00202414 0.000850662 1 4.0722e-06 0.00294361 0.000372677 -4.38923e-06 1 -0.00361569
1 -0.00095015 -0.000210462 -0.00480831 0.000950153 1 1.55462e-05 0.0107338 0.000210447 -1.57462e-05 1 -0.00162675
1 -0.000898882 -0.000372388 -0.000285962 0.000898885 1 8.75449e-06 0.00516817 0.00037238 -9.08922e-06 1 -0.00321847
1 -0.000620361 -0.000400465 0.00420715 0.000620362 1 3.33739e-06 -0.000397997 0.000400462 -3.58582e-06 1 -0.00480217
1 -0.000895939 -0.000163079 -0.00147429 0.000895941 1 1.12173e-05 0.0156445 0.000163069 -1.13634e-05 1 -0.00822216
1 -0.000761273 -0.000213157 0.00370719 0.000761279 1 2.71716e-05 0.00402901 0.000213137 -2.73338e-05 1 -0.0057321
1 -0.000840636 -0.000305818 -0.0050834 0.000840647 1 3.52528e-05 -0.00126446 0.000305788 -3.55099e-05 1 -0.0051977
1 -0.000876275 -0.000277157 -0.00275209 0.000876274 1 -2.79668e-06 0.00569073 0.00027716 2.55381e-06 1 -0.0049371
0.999999 -0.000908592 -0.000595839 0.00191316 0.000908592 1 -6.73023e-08 0.0175739 0.000595839 -4.74072e-07 1 -0.00383664
1 -0.000887907 -0.00015181 0.00299502 0.000887909 1 1.17668e-05 0.013659 0.000151799 -1.19016e-05 1 -0.00495037
1 -0.000726061 -0.000488066 0.00407229 0.000726046 1 -3.07955e-05 0.00971351 0.000488089 3.04411e-05 1 -0.0060638
1 -0.000865806 -5.73691e-05 -0.00361017 0.000865808 1 3.57854e-05 -0.00542254 5.73381e-05 -3.58351e-05 1 -0.00684376
1 -0.000776611 -0.00010735 -0.00533528 0.000776612 1 1.11511e-05 0.00121249 0.000107342 -1.12344e-05 1 -0.0063897
1 -0.000944895 -0.000136016 -0.00703907 0.000944897 1 1.44295e-05 0.00780848 0.000136003 -1.4558e-05 1 -0.00592914
0.999999 -0.000941981 -0.000462696 0.000200321 0.00094199 1 2.07338e-05 0.00203239 0.000462676 -2.11696e-05 1 -0.00300522
1 -0.000737154 -0.000211811 0.000170792 0.000737159 1 2.24633e-05 0.011752 0.000211795 -2.26195e-05 1 -0.00794828
1 -0.000777799 -0.000181364 0.000754616 0.000777803 1 2.27638e-05 0.0073665 0.000181346 -2.29049e-05 1 -0.00596997
0.999999 -0.000830786 -0.000871843 0.00126812 0.000830806 1 2.24226e-05 0.00309983 0.000871824 -2.3147e-05 1 -0.00404764
1 -0.000551114 0.000171726 0.00182492 0.000551109 1 2.80267e-05 -0.00107748 -0.000171741 -2.79321e-05 1 -0.0020743
1 -0.00090479 -4.15262e-05 -0.000890422 0.000904791 1 5.44492e-06 0.0010555 4.15212e-05 -5.48249e-06 1 -0.00714861
1 -0.000884206 -9.18907e-05 -0.00119979 0.000884206 1 1.4061e-06 -0.00187818 9.18894e-05 -1.48735e-06 1 -0.00510633
0.999999 -0.0010559 -0.000619331 -0.00143701 0.00105593 0.999999 4.61427e-05 -0.0045201 0.000619282 -4.67967e-05 1 -0.0031445
1 -0.000937282 -0.000233269 -0.000687033 0.000937285 1 1.14316e-05 0.00670622 0.000233258 -1.16502e-05 1 -0.00563115
1 -0.00074745 -0.00053803 -0.000530522 0.000747456 1 1.23303e-05 0.00569041 0.000538021 -1.27325e-05 1 -0.00291688
1 -0.000863122 -0.000168054 -0.00271707 0.000863122 1 -5.15975e-06 0.00445248 0.000168058 5.0147e-06 1 -0.00541303
1 -0.000842465 -0.000439357 -0.00487243 0.000842469 1 8.76133e-06 0.00319244 0.00043935 -9.13147e-06 1 -0.00790948
1 -0.000707217 0.000611935 -0.00685821 0.000707208 1 1.4909e-05 0.00203524 -0.000611945 -1.44763e-05 1 -0.0102496
0.999999 -0.00118524 -0.000759064 -0.00876884 0.00118529 0.999999 5.63104e-05 0.000889646 0.000758997 -5.72101e-05 1 -0.0126336
0.999997 -0.000907035 0.00219228 -0.0105282 0.00090704 1 -1.02724e-06 -0.000162916 -0.00219228 3.01572e-06 0.999998 -0.0146689
0.999996 -0.000799318 -0.00271502 -0.0122761 0.000799448 1 4.68715e-05 -0.00116029 0.00271498 -4.90418e-05 0.999996 -0.0169568
1 -0.000777832 -0.000292875 -0.00202134 0.000777838 1 2.05549e-05 0.00211446 0.000292859 -2.07827e-05 1 -0.00441693
1 -0.000857497 -0.000226536 -0.00249994 0.000857503 1 2.73563e-05 0.00639463 0.000226512 -2.75505e-05 1 -0.00631577
1 -0.000854867 -4.8957e-06 -0.00291108 0.000854867 1 -4.78633e-06 0.010715 4.89979e-06 4.78214e-06 1 -0.00815967
1 -0.000903051 -0.000222298 0.00248351 0.000903056 1 2.30587e-05 0.00968055 0.000222277 -2.32594e-05 1 -0.00694046
1 -0.000886127 -0.000349153 -0.00142811 0.000886129 1 5.5796e-06 0.00440621 0.000349148 -5.88899e-06 1 -0.00342412
1 -0.000884975 -0.000388488 0.0033263 0.000884973 1 -3.91965e-06 0.0108197 0.000388491 3.57585e-06 1 -0.004717
1 -0.000779991 -0.000356544 0.0030911 0.000780002 1 3.14541e-05 0.00600903 0.00035652 -3.17322e-05 1 -0.00331758
1 -0.000897051 -0.00033513 0.00284783 0.000897056 1 1.4409e-05 0.00119905 0.000335117 -1.47096e-05 1 -0.00192304
1 -0.00084975 -0.000358339 0.00122162 0.000849748 1 -8.40837e-06 0.0107076 0.000358346 8.10387e-06 1 -0.00194094
1 -0.000869617 -0.00034011 -0.00196525 0.000869627 1 2.69282e-05 0.000156135 0.000340086 -2.7224e-05 1 -0.00562534
1 -0.00072909 -0.000256355 0.0011572 0.000729088 1 -6.41737e-06 0.00671318 0.000256359 6.23046e-06 1 -0.00593637
1 -0.000727037 -0.000216931 0.000347169 0.000727038 1 4.55232e-06 0.00824074 0.000216928 -4.71004e-06 1 -0.00656011
1 -0.000664793 -0.000311844 0.00554281 0.000664798 1 1.34523e-05 0.00373706 0.000311835 -1.36596e-05 1 -0.00461146
1 -0.000847077 -0.000406659 -0.00405011 0.000847083 1 1.35455e-05 0.00542501 0.000406648 -1.389e-05 1 -0.0030236
0.999999 -0.00102407 -0.000505664 0.00371073 0.00102406 0.999999 -7.86671e-06 0.0118426 0.000505672 7.34887e-06 1 -0.00173518
1 -0.000795643 -0.000116693 -0.000729381 0.000795645 1 1.82361e-05 0.00252356 0.000116678 -1.83289e-05 1 -0.00675528
1 -0.000891799 -0.000175444 0.000733416 0.000891807 1 4.02204e-05 0.00985101 0.000175408 -4.03769e-05 1 -0.00792769
1 -0.000855041 -0.000247189 -0.00110459 0.000855046 1 1.78626e-05 0.00350616 0.000247174 -1.8074e-05 1 -0.00645355
1 -0.000617441 -0.000348831 -0.00292234 0.000617441 1 -1.0586e-06 -0.00277399 0.000348832 8.43222e-07 1 -0.00498698
0.999999 -0.000961955 -0.000332035 0.00497887 0.000961955 1 -7.11058e-07 0.0074728 0.000332035 3.91655e-07 1 -0.00630274
1 -0.000648647 -0.000306169 -0.00255383 0.000648662 1 4.8157e-05 0.000818319 0.000306138 -4.83555e-05 1 -0.00394269
0.999999 -0.00107427 -0.000270835 -0.010071 0.00107427 0.999999 -1.56287e-05 -0.00579949 0.000270851 1.53377e-05 1 -0.00160114
1 -0.000737631 -0.000313389 -0.0175145 0.000737616 1 -4.64258e-05 -0.0123433 0.000313423 4.61947e-05 1 0.000706573
0.999999 -0.00107856 -0.000413785 0.00244876 0.00107857 0.999999 1.93711e-05 0.0144515 0.000413764 -1.98174e-05 1 -0.00427709
1 -0.000815403 -7.53497e-05 -0.00280479 0.000815405 1 3.07335e-05 0.0108057 7.53246e-05 -3.07949e-05 1 -0.00709675
1 -0.000914858 -8.55387e-05 -0.00128578 0.00091486 1 1.43416e-05 0.0164061 8.55255e-05 -1.44199e-05 1 -0.00873716
1 -0.000902713 -0.000410097 -0.0019925 0.000902796 1 0.000202286 -0.0101599 0.000409914 -0.000202657 1 -0.00196259
1 -0.000814053 -0.000257242 -0.00434311 0.000814055 1 9.25089e-06 -0.00110885 0.000257234 -9.46029e-06 1 -0.00568495
1 -0.000722566 -0.000282172 0.000300162 0.000722567 1 1.75577e-06 0.0126077 0.000282171 -1.95966e-06 1 -0.00386835
1 -0.000817756 -8.95801e-05 0.00380232 0.000817759 1 2.88701e-05 0.00794932 8.95564e-05 -2.89434e-05 1 -0.00491553
1 -0.000731997 -0.000529314 0.00719079 0.000732 1 4.51462e-06 0.00325603 0.00052931 -4.90208e-06 1 -0.00598507
0.999999 -0.00107254 -0.00028069 0.000605248 0.00107255 0.999999 1.95393e-05 0.0195036 0.000280669 -1.98403e-05 1 -0.00370695
1 -0.000792456 -0.000505857 -0.00599306 0.000792449 1 -1.26239e-05 0.0358526 0.000505867 1.2223e-05 1 -0.00146889
0.999999 -0.00118845 -0.000277804 -0.012517 0.00118846 0.999999 7.51159e-06 0.0522026 0.000277795 -7.84174e-06 1 0.000782028
1 -0.000884286 -0.000201672 -0.0021757 0.000884283 1 -1.44123e-05 0.0474119 0.000201684 1.4234e-05 1 -0.00303775
1 -0.000919985 8.09945e-05 -0.00318717 0.000919986 1 -5.70111e-06 0.053021 -8.09892e-05 5.77562e-06 1 -0.00521188
0.999999 -0.00114395 -1.06191e-05 -0.00150112 0.00114395 0.999999 -2.99507e-05 0.0578207 1.06534e-05 2.99385e-05 1 -0.00357594
0.999999 -0.00117385 -0.000110118 0.00221667 0.00117385 0.999999 1.35317e-05 0.0597591 0.000110102 -1.36609e-05 1 -0.00581912
0.999999 -0.00143812 9.04958e-05 -0.00045592 0.00143813 0.999999 -9.14638e-06 0.0668154 -9.04826e-05 9.27652e-06 1 -0.00584907
0.999998 -0.00221536 -2.14933e-05 -0.00119194 0.00221536 0.999998 -1.43842e-05 0.0908661 2.15251e-05 1.43365e-05 1 -0.00172209
0.999994 -0.00335675 3.57944e-05 0.00821924 0.00335675 0.999994 -2.46064e-05 0.112894 -3.57116e-05 2.47264e-05 1 -0.00584036
0.999987 -0.00507073 0.00011406 -0.000848194 0.00507074 0.999987 -9.72887e-05 0.134203 -0.000113565 9.78658e-05 1 -0.00305179
0.999971 -0.00760344 -0.000102091 -0.00988004 0.00760343 0.999971 -8.06331e-05 0.155474 0.000102701 7.98545e-05 1 -0.000337012
0.99995 -0.00999062 0.000170182 -0.0187649 0.00999064 0.99995 -0.000114866 0.176775 -0.000169026 0.000116561 1 0.00227995
0.999915 -0.0130046 0.000676351 -0.0145472 0.0130047 0.999915 -7.61212e-05 0.212279 -0.000675304 8.49105e-05 1 -0.00913518
0.999858 -0.0168605 0.000684763 -0.0213955 0.0168606 0.999858 -0.000147064 0.247997 -0.000682186 0.000158588 1 -0.00909083
0.999778 -0.0210795 0.000607262 -0.0212716 0.0210796 0.999778 -0.000132406 0.26054 -0.000604336 0.000145177 1 -0.00914063
0.99966 -0.0260794 0.000841902 -0.0328768 0.0260796 0.99966 -0.000188441 0.301443 -0.000836701 0.000210334 1 -0.00966121
0.9995 -0.0316164 0.000770114 -0.0393761 0.0316166 0.9995 -0.000220607 0.337164 -0.000762754 0.000244845 1 -0.00970622
0.999285 -0.0377932 0.000688858 -0.0460717 0.0377934 0.999286 -0.000339335 0.372834 -0.000675542 0.000365127 1 -0.00974765
0.999011 -0.0444591 0.000594828 -0.0522277 0.0444593 0.999011 -0.000333577 0.408489 -0.000579409 0.000359693 1 -0.0120624
0.998632 -0.0522907 0.00082916 -0.0716636 0.052291 0.998632 -0.000344214 0.470667 -0.000810027 0.000387101 1 -0.0126939
0.998143 -0.0608888 0.00150092 -0.0805627 0.0608894 0.998144 -0.000394191 0.524691 -0.00147413 0.000484849 0.999999 -0.0125334
0.997496 -0.0706882 0.00205868 -0.0865284 0.0706893 0.997498 -0.000438713 0.588514 -0.00202251 0.000583141 0.999998 -0.0190204
0.99671 -0.08102 0.00213176 -0.100099 0.0810212 0.996712 -0.00047679 0.6325 -0.00208613 0.00064794 0.999998 -0.0174538
0.995734 -0.0922456 0.00220754 -0.110986 0.0922469 0.995736 -0.000507828 0.679365 -0.00215129 0.000709301 0.999997 -0.0204544
0.994559 -0.104148 0.00233802 -0.11586 0.104149 0.994562 -0.000562275 0.719051 -0.00226675 0.000802719 0.999997 -0.0199012
0.993278 -0.11573 0.00237609 -0.129577 0.115732 0.99328 -0.0006438 0.762578 -0.00228561 0.000914461 0.999997 -0.0216335
0.991829 -0.127558 0.00188535 -0.142977 0.12756 0.99183 -0.000824193 0.807991 -0.00176481 0.00105795 0.999998 -0.0179897
0.99035 -0.138573 0.00220702 -0.151506 0.138575 0.990351 -0.000918467 0.840274 -0.00205845 0.00121544 0.999997 -0.023838
0.988869 -0.148781 0.00164241 -0.164285 0.148783 0.988869 -0.00109085 0.873249 -0.00146183 0.00132307 0.999998 -0.0223884
0.987393 -0.158278 0.00181237 -0.168371 0.15828 0.987393 -0.00130757 0.935936 -0.00158257 0.00157794 0.999998 -0.0218682
0.986074 -0.166299 0.00194272 -0.174442 0.166301 0.986074 -0.00134996 0.993557 -0.00169117 0.00165424 0.999997 -0.0271538
0.985325 -0.170681 0.00153382 -0.148584 0.170683 0.985325 -0.0010022 1.03409 -0.00134025 0.00124928 0.999998 -0.0329326
0.985104 -0.171957 0.00119504 -0.167459 0.171958 0.985104 -0.000685578 1.06467 -0.00105935 0.000880861 0.999999 -0.0340542
0.984923 -0.172985 0.00155242 -0.152054 0.172986 0.984924 -0.000699446 1.06978 -0.00140802 0.000957447 0.999999 -0.0299982
0.985089 -0.172032 0.00211289 -0.136596 0.172034 0.985091 -0.000815544 1.07482 -0.00194109 0.00116687 0.999997 -0.0259465
0.985041 -0.172295 0.00285343 -0.137364 0.172299 0.985044 -0.00103733 1.06737 -0.00263203 0.00151346 0.999995 -0.0257557
0.984954 -0.172791 0.00283728 -0.131404 0.172795 0.984957 -0.00112331 1.06121 -0.0026005 0.00159668 0.999995 -0.0262621
0.985006 -0.172507 0.00231656 -0.128938 0.17251 0.985007 -0.00116381 1.06379 -0.00208107 0.00154599 0.999997 -0.0285754
0.984975 -0.172671 0.00299918 -0.126639 0.172675 0.984978 -0.00120103 1.06633 -0.00274674 0.00170086 0.999995 -0.0307601
0.984957 -0.172782 0.00264782 -0.133862 0.172785 0.984959 -0.00111295 1.07366 -0.0024157 0.00155372 0.999996 -0.0325225
0.985014 -0.172456 0.00268517 -0.135709 0.17246 0.985016 -0.00119876 1.06951 -0.0024382 0.00164388 0.999996 -0.0294855
0.985034 -0.172343 0.00256161 -0.128859 0.172347 0.985036 -0.00110593 1.06412 -0.00233268 0.00153086 0.999996 -0.030819
0.98505 -0.172254 0.00225494 -0.133727 0.172257 0.985051 -0.00108072 1.06311 -0.00203507 0.00145299 0.999997 -0.0291174
0.984978 -0.172662 0.0025296 -0.132408 0.172665 0.98498 -0.00106956 1.07099 -0.00230694 0.00149027 0.999996 -0.0315526
0.985024 -0.172403 0.00203275 -0.129851 0.172406 0.985025 -0.00108098 1.06048 -0.00181595 0.00141525 0.999997 -0.028378
0.985002 -0.172532 0.00217678 -0.123605 0.172534 0.985003 -0.00117855 1.07069 -0.0019408 0.00153644 0.999997 -0.0331821
0.985003 -0.172523 0.00231322 -0.128391 0.172526 0.985004 -0.00120536 1.07033 -0.00207058 0.00158638 0.999997 -0.0320845
0.984977 -0.172673 0.00188605 -0.127749 0.172676 0.984978 -0.00115176 1.06032 -0.00165884 0.00146013 0.999998 -0.028991
0.985008 -0.172496 0.00198398 -0.125216 0.172498 0.985009 -0.00113939 1.06732 -0.0017577 0.00146454 0.999997 -0.0231163
0.984988 -0.172613 0.00175831 -0.128873 0.172615 0.984989 -0.00114358 1.05947 -0.00153452 0.00142993 0.999998 -0.0245017
0.984947 -0.172846 0.0021453 -0.128769 0.172849 0.984948 -0.00113 1.06335 -0.0019177 0.0014838 0.999997 -0.0226467
0.984929 -0.172943 0.00222267 -0.127598 0.172946 0.984931 -0.00108108 1.05107 -0.00200221 0.00144919 0.999997 -0.0249367
0.985003 -0.172524 0.00230049 -0.126445 0.172527 0.985004 -0.00119904 1.03881 -0.00205913 0.00157795 0.999997 -0.0272181
0.984929 -0.17294 0.00256545 -0.132087 0.172943 0.984931 -0.00111193 1.05923 -0.0023345 0.00153885 0.999996 -0.0275704
0.98486 -0.173337 0.00211746 -0.140444 0.17334 0.984861 -0.00121987 1.03509 -0.00187395 0.00156844 0.999997 -0.0231614
0.984767 -0.173864 0.00208645 -0.138123 0.173867 0.984768 -0.00134394 1.03217 -0.00182101 0.00168624 0.999997 -0.0235343
0.984668 -0.174422 0.00221416 -0.139157 0.174425 0.98467 -0.00129754 1.06477 -0.0019539 0.00166385 0.999997 -0.0262794
0.984477 -0.175501 0.00228559 -0.14137 0.175504 0.984478 -0.001222 1.05694 -0.00203565 0.00160416 0.999997 -0.0332484
0.984264 -0.176691 0.00220548 -0.144999 0.176694 0.984265 -0.00134207 1.06649 -0.00193364 0.00171064 0.999997 -0.0285802
0.983983 -0.178247 0.00218094 -0.148617 0.17825 0.983984 -0.00129689 1.07604 -0.00191484 0.00166487 0.999997 -0.0239199
0.983707 -0.179765 0.00233721 -0.161873 0.179769 0.983708 -0.00142335 1.08467 -0.00204326 0.00182032 0.999996 -0.0258826
0.983324 -0.181844 0.00258556 -0.163478 0.181848 0.983326 -0.00139875 1.11309 -0.00228809 0.00184561 0.999996 -0.030072
0.982917 -0.184028 0.00290025 -0.165181 0.184033 0.982919 -0.00149651 1.1415 -0.00257531 0.00200469 0.999995 -0.0342269
0.982373 -0.186902 0.00318592 -0.175801 0.186907 0.982376 -0.00148407 1.16378 -0.0028524 0.00205338 0.999994 -0.0305067
0.981695 -0.190427 0.00351689 -0.186491 0.190432 0.981699 -0.00139064 1.18603 -0.00318771 0.00203492 0.999993 -0.0267941
0.980883 -0.194564 0.00360989 -0.192724 0.19457 0.980888 -0.00148066 1.21144 -0.00325282 0.00215473 0.999992 -0.0319256
0.979866 -0.199626 0.00345058 -0.19545 0.199633 0.97987 -0.00157408 1.23056 -0.00306689 0.00223123 0.999993 -0.0247284
0.97877 -0.204925 0.00389805 -0.217424 0.204932 0.978775 -0.00173173 1.25865 -0.00346044 0.0024938 0.999991 -0.0286507
0.977341 -0.211639 0.00364327 -0.230873 0.211647 0.977344 -0.00203456 1.29866 -0.00313014 0.00275955 0.999991 -0.0243868
0.975577 -0.219615 0.00426509 -0.249014 0.219625 0.975582 -0.00204113 1.3368 -0.00371268 0.002928 0.999989 -0.0278357
0.973342 -0.229323 0.0039671 -0.264529 0.229332 0.973346 -0.00200943 1.37673 -0.00340055 0.00286564 0.99999 -0.0234026
0.970425 -0.241349 0.00504374 -0.290357 0.241363 0.970432 -0.00224281 1.43294 -0.00435331 0.00339385 0.999985 -0.0243072
0.966638 -0.256086 0.00560829 -0.320742 0.256101 0.966647 -0.00223828 1.4877 -0.00484805 0.0035999 0.999982 -0.0266973
0.96203 -0.272883 0.00580066 -0.358898 0.272901 0.962039 -0.00253564 1.55766 -0.00488852 0.00402237 0.99998 -0.022532
0.956476 -0.291731 0.00679602 -0.407028 0.291755 0.956489 -0.00277645 1.61662 -0.00569034 0.00463838 0.999973 -0.025205
0.949956 -0.312316 0.00648332 -0.450768 0.312339 0.949966 -0.00291051 1.70105 -0.00524994 0.00478985 0.999975 -0.0296906
0.942525 -0.33407 0.00660393 -0.4999 0.334098 0.942531 -0.00367363 1.81096 -0.00499716 0.00566884 0.999971 -0.0224973
0.934602 -0.355625 0.00714477 -0.546736 0.355657 0.934608 -0.00395172 1.94118 -0.00527223 0.00623437 0.999967 -0.0335424
0.927599 -0.373517 0.00677221 -0.586381 0.37355 0.9276 -0.00443227 2.07325 -0.00462637 0.00664113 0.999967 -0.033692
0.922135 -0.386795 0.00757773 -0.636979 0.386835 0.922136 -0.00483138 2.20934 -0.00511894 0.00738652 0.99996 -0.0511463
0.917649 -0.397302 0.0084925 -0.687471 0.397347 0.917658 -0.00441615 2.379 -0.00603866 0.00742694 0.999954 -0.0554932
0.914048 -0.405449 0.0112742 -0.727637 0.405516 0.914077 -0.00448237 2.5507 -0.00848814 0.00866899 0.999926 -0.0598291
0.912246 -0.409502 0.0107185 -0.790565 0.409562 0.912273 -0.00409959 2.73575 -0.00809937 0.00812971 0.999934 -0.0646113
0.911955 -0.410195 0.00879764 -0.840522 0.410235 0.911974 -0.00329294 2.90261 -0.00667246 0.00661212 0.999956 -0.072723
0.913454 -0.406884 0.00688765 -0.87815 0.406913 0.91346 -0.00350363 3.07209 -0.00486602 0.00600308 0.99997 -0.0725326
0.916978 -0.398855 0.00808132 -0.92841 0.39889 0.916993 -0.00323338 3.25549 -0.00612086 0.0061885 0.999962 -0.101444
0.920878 -0.389694 0.0110487 -0.995484 0.389743 0.92092 -0.00258077 3.47063 -0.00916924 0.00668272 0.999936 -0.101424
0.925565 -0.378455 0.0100293 -1.03014 0.378498 0.925598 -0.0027305 3.66259 -0.00824975 0.00632333 0.999946 -0.0988938
0.932056 -0.362184 0.00972789 -1.06775 0.362226 0.932085 -0.0030158 3.84712 -0.00797495 0.00633459 0.999948 -0.114693
0.939001 -0.343734 0.0111572 -1.13583 0.343781 0.939046 -0.00261293 4.05237 -0.00957896 0.00628917 0.999934 -0.112928
0.945394 -0.325685 0.0126548 -1.17374 0.325742 0.945455 -0.00265562 4.24351 -0.0110997 0.00663282 0.999916 -0.117608
0.951778 -0.306539 0.0123649 -1.21464 0.306595 0.951836 -0.00290068 4.48425 -0.0108802 0.00655182 0.999919 -0.123453
0.957713 -0.287445 0.0126736 -1.27196 0.287503 0.957775 -0.00295312 4.70912 -0.0112896 0.00647194 0.999915 -0.122838
0.962718 -0.270192 0.0130195 -1.31355 0.270253 0.962784 -0.00317147 4.96192 -0.0116781 0.0065718 0.99991 -0.131474
0.967269 -0.253501 0.0113443 -1.36758 0.25355 0.967317 -0.00308184 5.21413 -0.0101922 0.0058573 0.999931 -0.140957
0.97071 -0.239947 0.0121311 -1.431 0.240007 0.970764 -0.00367492 5.4407 -0.0108946 0.00647882 0.99992 -0.128064
0.9738 -0.227042 0.0128966 -1.48553 0.227108 0.973862 -0.00388417 5.7105 -0.0116777 0.00671132 0.999909 -0.127187
0.976185 -0.216571 0.0126593 -1.53117 0.216643 0.97624 -0.00459987 5.99076 -0.0113623 0.00723287 0.999909 -0.135623
0.978388 -0.206322 0.0137183 -1.5779 0.206405 0.978454 -0.00495988 6.26137 -0.0123994 0.00768421 0.999894 -0.147977
0.980039 -0.198328 0.0137357 -1.62799 0.198394 0.980115 -0.00364742 6.53769 -0.0127392 0.00629969 0.999899 -0.164839
0.981768 -0.189604 0.013462 -1.66085 0.189664 0.981844 -0.00328954 6.83486 -0.0125939 0.00578282 0.999904 -0.169802
0.983366 -0.181134 0.0134588 -1.70452 0.181183 0.983446 -0.00250058 7.14025 -0.012783 0.00489749 0.999906 -0.16495
0.984756 -0.173475 0.0127322 -1.74993 0.173522 0.984826 -0.00267631 7.4383 -0.0120747 0.00484482 0.999915 -0.174836
0.986158 -0.165451 0.0109036 -1.79182 0.165483 0.98621 -0.00214623 7.75874 -0.0103981 0.00392088 0.999938 -0.185131
0.987569 -0.156857 0.0101415 -1.83586 0.15688 0.987616 -0.00157104 8.10178 -0.0097695 0.00314252 0.999947 -0.176354
0.9888 -0.148909 0.0100345 -1.87283 0.148927 0.988848 -0.00106955 8.42471 -0.00976328 0.00255198 0.999949 -0.154868
0.989745 -0.142552 0.00910614 -1.90208 0.14256 0.989786 -0.000267676 8.75638 -0.00897497 0.0015631 0.999959 -0.17569
0.990578 -0.136662 0.00890007 -1.93401 0.13667 0.990617 -0.00031334 9.09782 -0.00877374 0.00152676 0.99996 -0.166153
0.99093 -0.13237 0.02314 -1.97957 0.1324 0.991196 0.000258719 9.47243 -0.0229705 0.00280736 0.999732 -0.120731
0.991301 -0.129607 0.0229061 -2.01027 0.129622 0.991563 0.000835438 9.81018 -0.0228212 0.00214097 0.999737 -0.141531
0.991776 -0.126153 0.0215919 -2.04405 0.126147 0.99201 0.00165763 10.1842 -0.0216285 0.00107976 0.999765 -0.133635
0.99213 -0.12393 0.0178979 -2.0842 0.123879 0.99229 0.00390497 10.5586 -0.0182439 -0.00165705 0.999832 -0.140619
0.992545 -0.121611 0.00808674 -2.10382 0.121523 0.992533 0.0105313 10.9233 -0.00930708 -0.00947005 0.999912 -0.180215
0.993002 -0.117836 0.0078802 -2.12547 0.11773 0.992962 0.0128685 11.3018 -0.00934111 -0.0118507 0.999886 -0.20501
0.993447 -0.11402 0.00791382 -2.1422 0.1139 0.993391 0.0142059 11.6959 -0.00948127 -0.0132115 0.999868 -0.241427
0.993847 -0.110392 0.00900434 -2.16646 0.110245 0.993785 0.0153959 12.1012 -0.010648 -0.0143085 0.999841 -0.224911
0.994358 -0.105828 0.00731894 -2.19377 0.105714 0.994291 0.0145117 12.518 -0.0088129 -0.0136561 0.999868 -0.224679
0.994798 -0.101611 0.00719367 -2.2329 0.101507 0.994741 0.0136415 12.969 -0.00854197 -0.0128404 0.999881 -0.236142
0.995132 -0.0973428 0.0153689 -2.24936 0.0971351 0.995176 0.0137318 13.3644 -0.0166314 -0.0121721 0.999788 -0.249542
0.995564 -0.0931816 0.0129834 -2.24757 0.0930221 0.995587 0.0123966 13.7666 -0.0140813 -0.0111339 0.999839 -0.245839
0.996047 -0.0884328 0.00835794 -2.26537 0.0883464 0.996038 0.0101978 14.2255 -0.00922664 -0.00941906 0.999913 -0.28509
0.996475 -0.0835043 0.00797538 -2.29013 0.083436 0.996476 0.00854633 14.6589 -0.00866093 -0.00785077 0.999932 -0.280976
0.996847 -0.0792766 0.00330291 -2.31432 0.0792423 0.99681 0.00946496 15.1318 -0.00404272 -0.00917339 0.99995 -0.284576
0.997203 -0.0745983 0.00452935 -2.33081 0.0745484 0.997164 0.0103233 15.5823 -0.0052866 -0.00995678 0.999936 -0.28716
0.997455 -0.06905 0.0177498 -2.34864 0.0688315 0.997548 0.0126375 16.0485 -0.0185789 -0.0113836 0.999763 -0.272275
0.997773 -0.0647772 0.0159043 -2.34294 0.0645552 0.997815 0.0141014 16.4922 -0.016783 -0.0130433 0.999774 -0.262177
0.998044 -0.0594327 0.0193709 -2.34268 0.0591833 0.99816 0.0132028 16.9631 -0.0201199 -0.0120306 0.999725 -0.275117
0.998371 -0.0547834 0.0159627 -2.35043 0.0545888 0.998432 0.0123851 17.4332 -0.0166162 -0.0114935 0.999796 -0.308168
0.99863 -0.0501608 0.0148782 -2.36237 0.0499695 0.998667 0.0129616 17.8876 -0.0155086 -0.0122004 0.999805 -0.295876
0.998781 -0.0475925 0.0131101 -2.37752 0.0474308 0.998798 0.0123807 18.358 -0.0136836 -0.0117437 0.999837 -0.296906
0.998844 -0.0461693 0.0133844 -2.37604 0.0460222 0.998879 0.0110967 18.8363 -0.0138817 -0.0104678 0.999849 -0.32784
0.998887 -0.0449163 0.0144086 -2.37903 0.0447496 0.99893 0.0116911 19.3376 -0.0149183 -0.0110333 0.999828 -0.346598
0.998947 -0.043323 0.0150953 -2.37932 0.0431088 0.998969 0.0142382 19.845 -0.0156966 -0.0135725 0.999785 -0.377365
0.999011 -0.0419592 0.014732 -2.37407 0.0417533 0.99903 0.0140186 20.3327 -0.0153059 -0.0133897 0.999793 -0.400646
0.999073 -0.040279 0.0151737 -2.38023 0.0400425 0.999077 0.0155771 20.8356 -0.0157871 -0.0149551 0.999764 -0.424202
0.999164 -0.0381366 0.0147322 -2.39292 0.0378763 0.999128 0.0175617 21.3136 -0.0153891 -0.016989 0.999737 -0.42615
0.999193 -0.0375028 0.0144113 -2.38602 0.0372644 0.99917 0.0164749 21.835 -0.0150172 -0.0159246 0.99976 -0.43098
0.999259 -0.0356959 0.0144089 -2.37892 0.0354316 0.999206 0.0181979 22.3562 -0.0150471 -0.0176739 0.999731 -0.435284
0.999323 -0.0336851 0.0147777 -2.3764 0.0334332 0.999297 0.0169721 22.8117 -0.015339 -0.0164666 0.999747 -0.471331
0.999387 -0.0317814 0.0146515 -2.3728 0.0315361 0.999363 0.0166782 23.2763 -0.0151723 -0.016206 0.999754 -0.466205
0.999442 -0.0299701 0.0147394 -2.37426 0.0297043 0.999398 0.0179379 23.7797 -0.0152681 -0.0174901 0.99973 -0.499626
0.999485 -0.028476 0.0147637 -2.38135 0.0282359 0.99947 0.0162271 24.2558 -0.015218 -0.0158019 0.999759 -0.51011
0.999525 -0.0270792 0.0147303 -2.36791 0.0268771 0.999544 0.0137482 24.7408 -0.0150959 -0.0133457 0.999797 -0.55326
0.999562 -0.0254876 0.0150149 -2.36182 0.0252749 0.99958 0.0141896 25.2079 -0.0153702 -0.0138039 0.999787 -0.582828
0.999617 -0.0241203 0.0135386 -2.33355 0.0238787 0.999558 0.01773 25.6628 -0.0139602 -0.0173999 0.999751 -0.577559
0.999625 -0.0224752 0.0156663 -2.32721 0.0221862 0.999585 0.0183841 26.1314 -0.016073 -0.0180296 0.999708 -0.576188
0.99965 -0.0204966 0.016733 -2.3106 0.02019 0.999629 0.0182894 26.6163 -0.0171017 -0.0179451 0.999693 -0.596128
0.999781 -0.0188208 0.00909676 -2.30746 0.018641 0.999637 0.0194585 27.0878 -0.00945968 -0.0192847 0.999769 -0.628024
0.999813 -0.0176627 0.0078343 -2.31774 0.0175049 0.999651 0.0197844 27.5378 -0.00818101 -0.0196436 0.999774 -0.616395
0.999798 -0.0175572 0.00974986 -2.30134 0.0173686 0.999667 0.0191016 27.9824 -0.010082 -0.0189284 0.99977 -0.653597
0.999737 -0.018348 0.0137686 -2.27648 0.0181006 0.999676 0.0178823 28.4263 -0.0140923 -0.0176284 0.999745 -0.699652
0.999738 -0.0181572 0.0139448 -2.25399 0.0178968 0.999667 0.0185779 28.8695 -0.0142775 -0.0183235 0.99973 -0.703274
0.999757 -0.0181897 0.0124814 -2.25769 0.0179751 0.999692 0.0170955 29.3291 -0.0127885 -0.016867 0.999776 -0.714908
0.999784 -0.0187099 0.0090751 -2.25603 0.018553 0.999682 0.0170726 29.7858 -0.00939164 -0.0169006 0.999813 -0.724494
0.999772 -0.0190264 0.00966441 -2.23797 0.0188646 0.999685 0.016562 30.1894 -0.00997647 -0.0163759 0.999816 -0.744117
0.999754 -0.018624 0.0120759 -2.21855 0.01842 0.999689 0.0167968 30.6486 -0.012385 -0.0165702 0.999786 -0.760604
0.999674 -0.0196417 0.0162903 -2.19817 0.0193652 0.999669 0.0169603 31.0923 -0.0166181 -0.0166394 0.999723 -0.777578
0.999661 -0.0202991 0.0162804 -2.1904 0.0199994 0.999631 0.0183638 31.5435 -0.0166471 -0.018032 0.999699 -0.766157
0.999741 -0.0200035 0.0108479 -2.19357 0.0198214 0.999665 0.0166462 31.98 -0.0111773 -0.0164269 0.999803 -0.810974
0.999715 -0.0220217 0.00922833 -2.208 0.0218571 0.999607 0.0175656 32.3599 -0.00961152 -0.0173588 0.999803 -0.822653
0.999726 -0.0232857 0.00246812 -2.19078 0.0232412 0.999589 0.016756 32.7712 -0.00285728 -0.016694 0.999857 -0.869906
0.999668 -0.0252722 0.00497708 -2.19431 0.0251872 0.999547 0.0164613 33.2296 -0.00539083 -0.0163305 0.999852 -0.871956
0.999619 -0.0270626 0.0053754 -2.18635 0.0269666 0.999488 0.0172004 33.6634 -0.00583814 -0.0170489 0.999838 -0.888921
0.999569 -0.0290598 0.00411041 -2.19477 0.0289843 0.999429 0.0173669 34.106 -0.00461274 -0.0172403 0.999841 -0.907023
0.999503 -0.0314246 -0.00235896 -2.18676 0.0314679 0.999276 0.0213958 34.5048 0.0016849 -0.0214594 0.999768 -0.849665
0.999439 -0.0332857 -0.00375126 -2.17403 0.0333688 0.999134 0.0248455 34.9343 0.00292101 -0.0249567 0.999684 -0.872503
0.999392 -0.0347485 -0.00280187 -2.18196 0.0348095 0.999059 0.0258734 35.3421 0.00190017 -0.0259552 0.999661 -0.918226
0.999331 -0.0363659 -0.0039585 -2.18516 0.0364582 0.998984 0.0264894 35.7323 0.00299117 -0.026616 0.999641 -0.901285
0.999281 -0.037765 -0.00332353 -2.17896 0.0378389 0.998944 0.0260714 36.1578 0.00233543 -0.0261785 0.999655 -0.9132
0.999219 -0.0390008 -0.00639081 -2.17684 0.0391454 0.998937 0.0243321 36.5993 0.00543505 -0.0245633 0.999684 -0.898515
0.999176 -0.0401073 -0.00624759 -2.18322 0.0402455 0.998906 0.0238303 36.9755 0.00528498 -0.0240621 0.999696 -0.911214
0.999128 -0.0415332 -0.00418906 -2.18549 0.0416081 0.998939 0.0197454 37.4003 0.00336452 -0.0199025 0.999796 -0.972497
0.999074 -0.0430266 -0.000630711 -2.1823 0.043031 0.998926 0.0171857 37.8288 -0.000109408 -0.0171969 0.999852 -1.00901
0.999029 -0.0440522 -0.000643946 -2.17326 0.0440568 0.998892 0.0165425 38.2513 -8.55033e-05 -0.0165549 0.999863 -1.0485
0.998983 -0.0450603 -0.00182688 -2.17326 0.0450843 0.998848 0.0164528 38.6461 0.00108341 -0.0165184 0.999863 -1.0656
0.998934 -0.0461642 -0.000477205 -2.17635 0.0461647 0.998742 0.0195958 39.0429 -0.000428018 -0.0195969 0.999808 -1.01528
0.998914 -0.0465267 -0.00248915 -2.17202 0.046572 0.998647 0.0231378 39.4507 0.00140926 -0.0232286 0.999729 -1.00169
0.998865 -0.0475628 -0.00265538 -2.17987 0.0476126 0.998582 0.0237979 39.8703 0.00151972 -0.0238973 0.999713 -1.01765
0.998843 -0.0480806 7.44408e-05 -2.16577 0.048066 0.998575 0.0232051 40.2625 -0.00119005 -0.0231747 0.999731 -1.04386
