1 -1.73472347597681e-18 -9.48676900924816e-20 -1.73472347597681e-18 1.73472347597681e-18 1 -1.6456920911512e-37 6.93889390390723e-18 9.48676900924816e-20 0 1 5.55111512312578e-17
0.99999667744043 -0.000131577958214677 -0.00257445049330561 -0.00436151850334296 0.000126995695567015 0.999998407767125 -0.00177998182819613 -0.109970376146067 0.00257468060055551 0.00177964896996937 0.999995101922679 0.709638399067729
0.999980357744439 -0.000816730629218715 -0.00621426394546622 -0.0258976780880029 0.000799107397210143 0.999995653903007 -0.00283788697173445 -0.110549487008508 0.00621655472688445 0.00283286536494626 0.9999766643883 1.41624670822647
0.999947186556762 -0.00105309916316798 -0.0102232616796046 -0.0248253537519896 0.00101019023879295 0.999990663655623 -0.00420144228422794 -0.10998730309678 0.0102275907670665 0.00419089295243698 0.999938914535964 2.11909138129675
0.9998884507303 0.000579217332446046 -0.0149248317726528 -0.0463137330084742 -0.000655018127285013 0.999986910369509 -0.00507444981221542 -0.123701840131156 0.0149216972028358 0.00508365979640251 0.9998757419578 2.84181797728343
0.999802725404223 -0.000232212730869554 -0.019860925243673 -0.0740872111926594 0.000135262314115909 0.999988070551041 -0.00488266932241528 -0.13002786435008 0.0198618221317564 0.00487901966108944 0.999790829718273 3.56624533201372
0.999703442646252 0.00119190540885423 -0.0243229546463524 -0.088570138842404 -0.00133787762169961 0.999981188601838 -0.0059860275580172 -0.152856145989107 0.0243153623189441 0.0060167934942401 0.999686231450322 4.34595344748104
0.999557394351249 0.00365271961813847 -0.0295241094215057 -0.123182081705883 -0.00384517379780772 0.999971712694953 -0.00646439853257626 -0.169870462036819 0.0294996616286768 0.00657506268522114 0.999543164908089 5.13393721657406
0.999416123617064 0.00555248699763232 -0.0337132280030004 -0.154046448832417 -0.00574806583930824 0.999967193823679 -0.00570710219843457 -0.184009377791707 0.0336804333901472 0.00589755581046276 0.999415252656329 5.91701306639482
0.999270152085092 0.00550648118809958 -0.0378000240312306 -0.200520117847933 -0.00563884248687177 0.999978335425044 -0.00339589987585824 -0.199924807640218 0.0377805056509935 0.00360656976692669 0.999279553502058 6.72621954426651
0.999123126089126 0.00443679722558231 -0.0416328445373441 -0.227552641115059 -0.00450120386669607 0.999988813329698 -0.00145340263284238 -0.209464823581717 0.0416259303516694 0.0016395261028047 0.999131920156951 7.5423055202638
0.999019472478452 0.00497338824670975 -0.043992715513167 -0.285411913924105 -0.00505136484304637 0.99998586146502 -0.00166150031107876 -0.228753978197937 0.0439838302345008 0.00188209442079004 0.999030470205235 8.369004634201
0.998923353609445 0.00437772758441459 -0.0461840785861948 -0.315145525465061 -0.00448626507754548 0.999987412768811 -0.00224671528963401 -0.233856248488908 0.0461736617490227 0.00245149039062668 0.998930419576635 9.16726002228446
0.998836797320422 0.00314737463168463 -0.0481159677405458 -0.357425184724718 -0.00327068097686983 0.999991565727686 -0.00248417379378315 -0.257220120683953 0.0481077432917921 0.00263865617654237 0.998838666917212 9.97823736211325
0.998745937782846 0.00333440243854832 -0.0499543143546386 -0.42439806863237 -0.00342614729081905 0.999992597626823 -0.00175105862274646 -0.267062937153088 0.0499481058400202 0.00192001352507852 0.998749968846587 10.8603735511696
0.998686942245546 0.000473514339701344 -0.0512266256199927 -0.460985838652301 -0.000582471889773731 0.999997599955034 -0.00211206313097948 -0.2826618687372 0.0512255025816089 0.00213912793953906 0.99868482116077 11.7246076280608
0.998578040322456 0.00394413296533437 -0.0531633445234179 -0.514853064310815 -0.00419893379629757 0.999980223954491 -0.00468194990365132 -0.307897233015463 0.0531438269297402 0.00489852172371964 0.998574853550891 12.5534158296309
0.998495872225005 0.00307599350111785 -0.0547405828760227 -0.563134405265966 -0.00344562958383978 0.999971889564914 -0.00665940813790373 -0.325535134675652 0.0547185597982677 0.00683800730895274 0.998478402805812 13.4279314556457
0.998371694374372 0.00806250396946926 -0.0564708411641637 -0.622450481926604 -0.0085366359801486 0.999930268862006 -0.0081598565979608 -0.33801196802156 0.0564011145119345 0.00862864087206927 0.998370903441458 14.3071787878614
0.998304805996651 0.00824363542509188 -0.0576155951020781 -0.682762726567914 -0.0087254329901298 0.999928998498709 -0.00811571195297505 -0.358961180909119 0.0575446013377727 0.0086046752609891 0.998305854145176 15.2138703233454
0.998227332483411 0.00903031394873692 -0.0588272565486557 -0.727305688463832 -0.00944427603175608 0.999932533645803 -0.00676267749644753 -0.381520127623796 0.058762218587202 0.00730627036676084 0.998245270502214 16.107673788107
0.9981763198274 0.00796810046449377 -0.0598376462673494 -0.80655898424766 -0.00833294139563576 0.99994816775789 -0.00585011840351713 -0.409371840655405 0.0597879304168124 0.00633807325817588 0.998190979824927 17.0004720379586
0.998074847372213 0.00863567832327131 -0.0614168063548665 -0.844045082015114 -0.00896138352924984 0.999947196380732 -0.00502971724407174 -0.421476425696192 0.0613701283050302 0.00557041382758992 0.998099533033461 17.9004731279136
0.997975333506934 0.0081631803279715 -0.0630761143275003 -0.900102124745806 -0.0085868100604778 0.999942343313675 -0.00644800289552379 -0.435430537444632 0.0630198413573705 0.00697657045319726 0.997987889235137 18.8096860365422
0.997919001213026 0.00825992284124778 -0.0639487348792246 -0.951947558460887 -0.00871952646378703 0.999938099904118 -0.00691131090232964 -0.471257607045079 0.0638876895516189 0.00745453115883059 0.997929252546972 19.7523944014649
0.997871283748565 0.00758153437643421 -0.0647720727357804 -1.02050287115709 -0.00792955393316376 0.999955465190994 -0.00511759797996567 -0.485082981490768 0.0647303888788823 0.00562031771009858 0.997886961927265 20.659342300855
0.997888767173082 0.00807498983868099 -0.0644422445984976 -1.0904790816395 -0.00818102265682882 0.999965580318704 -0.00138168236827309 -0.476259391391275 0.0644288694458924 0.00190596877821803 0.99792048183457 21.5858576417914
0.997950914531096 0.00736101406974612 -0.0635593239298085 -1.16172401184395 -0.00722886407389107 0.999971205893186 0.00230887607492831 -0.471344697066506 0.0635744894651191 -0.00184468327719668 0.997975391196024 22.5453438954586
0.998050089242725 0.00754229455183507 -0.0619607388229145 -1.20010473855131 -0.00723619517417516 0.999960489006819 0.00516312934610869 -0.485674709649975 0.061997232534923 -0.00470470170539681 0.998065232807893 23.4609278178554
0.99817771974545 0.00639798427256455 -0.0600025466211305 -1.27153113867561 -0.00605210252142331 0.999964017333092 0.00594441705582497 -0.481039753777055 0.0600384198563145 -0.00557044309830176 0.998180523905794 24.4251787943998
0.998264226228347 0.00642695949626163 -0.0585425385882205 -1.34150518609014 -0.00624955665913403 0.999975309817177 0.00321291107956621 -0.489643781647093 0.0585617424116133 -0.00284146928090702 0.998279744549613 25.3351350919591
0.998279452774472 0.00950009474330632 -0.0578608880693117 -1.39241834131942 -0.00954836722910018 0.999954257688182 -0.000557866054646243 -0.521967191820515 0.0578529415981544 0.00110938322724136 0.998324499557782 26.3129757333468
0.998302627965166 0.0123261817958273 -0.0569203675337777 -1.43108119493259 -0.0125519910405211 0.999914699457649 -0.00361127808934803 -0.54437325654547 0.0568709989253116 0.00431961235021631 0.998372190333035 27.247737583188
0.998377701752316 0.00940894645448077 -0.0561554660774914 -1.52644564820334 -0.00959758292697376 0.999949166525602 -0.00309043147692483 -0.551943826099745 0.0561235337957566 0.00362437461783681 0.998417253888827 28.2244145161208
0.998414096988247 0.00396703357611356 -0.0561565096827539 -1.56243730217544 -0.00386711722278971 0.99999074075699 0.00188780419305369 -0.543142937397043 0.0561634786986032 -0.00166764651293239 0.998420193413364 29.2009230376646
0.998371369676693 -0.00114572198649062 -0.0570376676505437 -1.62970215729479 0.00149753905242879 0.99998011582453 0.00612579238521392 -0.548376504535941 0.0570295150485313 -0.00620123186874722 0.998353233648612 30.156375158347
0.998244667257403 -0.0120001376497746 -0.0579963877197748 -1.67895630814801 0.0122929364334837 0.999913419305671 0.00469442289147466 -0.546281817638862 0.0579350326313735 -0.00539912852487653 0.998305755470324 31.1572794535381
0.998177161457828 -0.0115547157115702 -0.0592354867357159 -1.73159326963587 0.0116501955779482 0.999931331779001 0.00126675556768002 -0.577371317213085 0.0592167821397611 -0.00195455148243379 0.998243233105797 32.1588942314289
0.998087811839802 -0.0102336437835041 -0.0609589402118254 -1.79159123312305 0.0100878427204363 0.999945473717949 -0.00269907766376229 -0.604179985778524 0.0609832377468128 0.00207897231814881 0.998136625211206 33.0941672250279
0.997968422408721 -0.00770008233157261 -0.0632434708656577 -1.85300262775744 0.00749450365323435 0.999965835416828 -0.00348717853236042 -0.610336493597306 0.0632681617406413 0.0030061156351514 0.997992035528715 34.1443133304256
0.997874768666321 -0.0123337047947415 -0.0639830116919502 -1.92320788620881 0.0122232039345925 0.999923050293035 -0.00211820165376822 -0.624239459054698 0.064004213491843 0.00133162258498246 0.99794873988426 35.1127705338332
0.997851764102556 -0.00857690233134946 -0.0649483920033091 -2.00228524131991 0.00861927294843841 0.999962784109186 0.000372196783420046 -0.630811212246587 0.0649427825955843 -0.000931205135167686 0.997888554822501 36.1070492573776
0.99779445615728 -0.00654684247197047 -0.066055750055882 -2.08067489019308 0.00666770079378538 0.999976475612289 0.0016093440125159 -0.653095209202229 0.0660436600130739 -0.00204623451081997 0.997814636040384 37.1364777145938
0.99772558441421 -0.00648905990962412 -0.0670935936346539 -2.1587738135188 0.00677574222964462 0.999968858339797 0.00404619177003843 -0.658047847563289 0.0670652482479575 -0.0044915979441425 0.997738481780345 38.1248537214737
0.997713924263552 -0.00594575583628392 -0.0673169615933279 -2.20797229104454 0.00643680403808794 0.999954219393018 0.00708001920025267 -0.682346180104999 0.067271783716485 -0.00749713983036113 0.997706519979682 39.0973492305359
0.997700095731656 -0.00147866429736076 -0.0677667509103168 -2.3002851994109 0.00212431308793945 0.99995303037158 0.00945644460660538 -0.688803432538722 0.0677495850241876 -0.0095786534851772 0.997656375274804 40.1625438948663
0.997680864003342 -0.000575875825659247 -0.0680629265355068 -2.35970254441763 0.00120635726874221 0.999956744391903 0.00922247511716625 -0.697518363699215 0.0680546714317579 -0.00928319514930172 0.997638403422871 41.1140461704565
0.997699246915662 -0.000204705127662892 -0.0677950647151578 -2.42488942314916 0.000718138430428718 0.999971247803639 0.00754902929039665 -0.709366949994853 0.0677915701331402 -0.00758034707933836 0.997670707877624 42.1399172385376
0.997696808495935 0.00361281444748566 -0.0677349679913805 -2.508248747574 -0.00330700646432165 0.999983830127677 0.00462635833308519 -0.722555269437798 0.0677505868998212 -0.00439170296686955 0.997692623466657 43.1049677429467
0.997603780254018 0.00541381956649871 -0.0689738224299162 -2.55902157361061 -0.00510391940976399 0.999976077510182 0.00466844877982534 -0.746732392260662 0.0689974465437009 -0.00430522531961036 0.997607546786509 44.0925355560987
0.997549946411206 0.0033108399164088 -0.0698794873625194 -2.64762061206291 -0.00288744878447631 0.999976864308071 0.0061590168139652 -0.774993736405283 0.0698982621709411 -0.00594215345187197 0.997536427283654 45.0696931763709
0.997510653013743 0.00300920804036776 -0.0704516982837594 -2.72064000730895 -0.00253636688898124 0.999973662664867 0.00680006026550878 -0.776142509053209 0.070470305569797 -0.00660444120118104 0.997492013697012 46.1145999636028
0.997471641801429 0.00375845949267799 -0.0709661735209366 -2.79686595088848 -0.00345238820920798 0.999984205407208 0.00443508193482267 -0.797002348301079 0.0709817217149225 -0.00417886567833514 0.997468862804262 47.0608422422853
0.997380708106668 0.00742788130517901 -0.0719482430359349 -2.88306829410879 -0.00747173276684603 0.999972028289737 -0.000340363879812668 -0.806628898774093 0.071943702338027 0.000877050412470088 0.997408308806615 48.0002115826392
0.997399969024204 0.00511249752234375 -0.0718829893618894 -2.94762862930081 -0.00520944481023012 0.99998575646967 -0.00116126764854398 -0.821330760665108 0.0718760285163742 0.0015327187825617 0.997412395801179 48.9770959214056
0.997367147113037 0.00433480030226522 -0.0723877293879427 -3.02005102545916 -0.00422212247054926 0.999989625538505 0.00170953128215459 -0.818518954144205 0.0723943888809501 -0.00139940047894214 0.997375102023734 49.9524032197369
0.997380149335861 0.000470189266292487 -0.0723368276386907 -3.09630850661525 -7.80929811033239e-05 0.999985291527534 0.00542315683694524 -0.852691844608577 0.0723383135845873 -0.00540329997739038 0.997365516115878 50.9484872638357
0.99732673272705 -0.00096400783948816 -0.0730647581045296 -3.16703802363092 0.00138844820818394 0.99998245561903 0.00575852982171663 -0.85061055866675 0.0730579249606859 -0.00584458236487555 0.997310573721857 51.8904248176831
0.997351131013656 -0.00216343119483044 -0.0727051650933137 -3.24067651694924 0.00247258694559183 0.999988280097075 0.00416244907360226 -0.872424896044435 0.0726953078236639 -0.00433119313343079 0.997344791426949 52.890615780333
0.997288428455524 -0.00574977183067667 -0.0733670947537565 -3.30513615390194 0.0059870095001255 0.999977535335423 0.00301405735486122 -0.89041167505734 0.0733481164445068 -0.00344513401599171 0.997300448644066 53.8442831895397
0.997226856169291 -0.00577171825703623 -0.0741976051033518 -3.38572593683336 0.00607849711510507 0.999973883631427 0.00390946644721686 -0.896328222467039 0.074173102992481 -0.00434963486302583 0.99723589559794 54.7854396527732
0.997136806391044 -0.0089396161752462 -0.0750884318847358 -3.45036396181552 0.00952677102471597 0.999926754770552 0.00746496670294304 -0.904880764750628 0.0750161980782281 -0.00815894335515896 0.997148936553219 55.761601939004
0.997082969402055 -0.00886943621610147 -0.0758082134705021 -3.52556247146994 0.00985758110938422 0.999871134118878 0.0126705663054803 -0.926069565592312 0.0756860635986085 -0.0133808914889169 0.997041910613545 56.6968891782225
0.997052944010786 -0.00832794780512689 -0.076263176728871 -3.61543516991629 0.00950585861637814 0.999840871397422 0.015095381254214 -0.931709434203511 0.0761253275289463 -0.0157758412960998 0.996973448663509 57.634162085621
0.996987434962894 -0.00539056431691449 -0.0773756831469282 -3.68565965862569 0.00634257760355445 0.999907119866628 0.0120633059053788 -0.941610664103738 0.0773034684568003 -0.0125177256867638 0.996929024709472 58.5552284777772
0.996880314378773 -0.00437557082893599 -0.0788066823562547 -3.76251554883784 0.00474236122911354 0.999978774382246 0.00446775054737919 -0.949447896913341 0.0787854606767724 -0.00482754232523867 0.996879905515728 59.4949642397785
0.996826650492839 -0.00438045072358211 -0.0794823283421319 -3.83636521312433 0.00435254528163011 0.999990390164175 -0.000524336602026461 -0.964924692474272 0.0794838613606533 0.000176722265530312 0.99683613726251 60.4095845104329
0.996751539300974 -0.000990468108495419 -0.0805319059383601 -3.915785054572 0.000988905193762674 0.999999509275404 -5.92913862778637e-05 -0.952686920589981 0.0805319251456003 -2.05396395063022e-05 0.996752029649534 61.3130068243122
0.996662316878061 0.00273549269716577 -0.081588866856698 -4.00191696671937 -0.00257599034099846 0.999994560012807 0.00206015012931523 -0.985064181641696 0.081594058539941 -0.00184310186804409 0.996663941650587 62.2302183863999
0.996574634805844 0.00390796021898614 -0.0826058418547061 -4.07897287110587 -0.00359458759790915 0.999985769803347 0.00394197042204997 -1.00003723182944 0.0826200714209256 -0.00363153379912412 0.996574500858148 63.1495528617083
0.996458708597057 0.00291602259710629 -0.0840329630162985 -4.15240922294199 -0.00267243050918372 0.999991895639647 0.0030111078025739 -1.02755576955249 0.0840410624412793 -0.00277587233825745 0.99645842580436 63.9692382183113
0.996328392888134 0.00432506716331283 -0.0855045456041949 -4.23401800697438 -0.00398645966397851 0.999983523591472 0.00413045819866825 -1.01802947519564 0.085521001305495 -0.00377443235683282 0.996329218680296 64.8227876676921
0.996225037426625 0.00482424133604858 -0.0866741108973832 -4.3281030359806 -0.00448139802160579 0.999981348410212 0.00414968715290479 -1.04330243282665 0.0866925133797162 -0.00374560105011138 0.996228075591469 65.6629534638464
0.99608074608629 0.0056379813104175 -0.0882686832513216 -4.37894125305433 -0.00521226303982258 0.999973650765484 0.00505273082131998 -1.05795900825441 0.0882948446410234 -0.00457284829098893 0.996083886762719 66.4811211809057
0.995957273510478 0.0084313516445452 -0.0894316591091823 -4.45958597577377 -0.00795521413441314 0.999952229790317 0.00567914654235633 -1.07675928055307 0.0894752698216138 -0.00494473930758228 0.995976769630462 67.2865026782752
0.995837586845245 0.00891499230587212 -0.0907084535113708 -4.52905463280376 -0.00813958326989706 0.999927134891081 0.00891471214934949 -1.06534012087664 0.0907813186202464 -0.0081392764235888 0.995837589353239 68.0833308952521
0.995738943041056 0.0102803670385358 -0.091642082937006 -4.62488300302327 -0.00916252641572894 0.999878506907875 0.0126102947372633 -1.06720244866978 0.0917605875153443 -0.011716888547416 0.99571216177247 68.8622527287596
0.995531325799113 0.0166224085021831 -0.0929573821073255 -4.70247871256515 -0.0154462455755034 0.99979146747818 0.0133579585060411 -1.06187581488922 0.0931600389130555 -0.0118624235894029 0.995580478944974 69.662714581731
0.995352012049977 0.0178749471743606 -0.0946301134500858 -4.77998056928373 -0.0169182982835766 0.999797437508071 0.0109020702383748 -1.09920750918643 0.094805818868096 -0.00925041706131928 0.995452804754169 70.4029265043297
0.995126956116377 0.0224447972942889 -0.0960133963828651 -4.85909438583004 -0.0221953679100545 0.999746933952283 0.00366520072393686 -1.11914332098131 0.0960713633394062 -0.00151628738295524 0.995373293804229 71.1486615394363
0.995051542278585 0.019642587099547 -0.097399163143462 -4.93957312888819 -0.0198960813894165 0.999800721433441 -0.00163198238837701 -1.14696429359537 0.0973476972216381 0.00356176826968941 0.995244060345219 71.8561764248089
0.994962723879394 0.0205302982248403 -0.0981207671458825 -5.00916540100476 -0.0209278601102297 0.999776414573099 -0.00302415848882045 -1.15635076701344 0.0980367418966176 0.00506238265621724 0.995169919923295 72.527926646155
0.994859373013327 0.0220873677815603 -0.0988280127899524 -5.08885842916375 -0.0222223255994985 0.999753018545232 -0.000264867224813702 -1.16445625561758 0.0987977538837739 0.00245969391977966 0.995104493876569 73.2381643916945
0.994793583358884 0.0211328856441935 -0.0996951736662299 -5.15143286294606 -0.0210118346716286 0.999776663211912 0.00226417768439393 -1.16195268644153 0.0997207566744379 -0.000157610925385342 0.995015450054457 73.853763272524
0.994692931670639 0.0201742860815264 -0.100890880983218 -5.2178237717042 -0.0203680999097764 0.999792151549977 -0.000891181873978103 -1.19238580035699 0.100851932011908 0.00294140785473057 0.99489709816106 74.5169423504357
0.994829356036396 0.0121317873777564 -0.100833387839696 -5.27726562966196 -0.0127155246250213 0.999905900238218 -0.00514840774512111 -1.21733778748561 0.100761440053823 0.00640393658779161 0.994890004872126 75.1110953641659
0.994960475990639 0.00934511230229029 -0.0998314584313882 -5.32790235590358 -0.0103580732368943 0.999899950908422 -0.00963319740033107 -1.25124739316957 0.099731447073125 0.0106187122285235 0.994957728456495 75.6975322959851
0.995253363271802 0.00995965443182524 -0.0968067568910632 -5.40126439710139 -0.0109836667392262 0.999889164581473 -0.010050752087569 -1.26423521879995 0.0966959252560748 0.0110663379743609 0.99525244747386 76.2815604858072
0.99557639275976 0.0145728913934658 -0.0928185165573029 -5.45220524231328 -0.0153609117778975 0.99985173742849 -0.00778110214442728 -1.26213171626174 0.0926913618888821 0.00917245864883619 0.995652638942679 76.8582752732303
0.996027155181213 0.0137101276427825 -0.0879882863888058 -5.51008352337792 -0.0141886996009581 0.999887737719778 -0.00481588634195506 -1.27654380821967 0.0879123822066816 0.00604519293682739 0.996109867784223 77.4284125088185
0.996542095545418 0.0101134993142475 -0.082471625045024 -5.55329492565298 -0.0103028584334601 0.999945174118753 -0.00187079253705463 -1.29776766645465 0.0824481832064624 0.00271401699282344 0.996591657198532 77.9739814827374
0.997214749550683 0.00519760987547815 -0.07440247395182 -5.57083222583012 -0.0050396159230326 0.999984630453836 0.00231108793729068 -1.30738123413623 0.0744133425530478 -0.00192969108613432 0.997225616770044 78.4702622097627
0.997935006379263 0.00799980346961242 -0.0637316733443244 -5.6117618756265 -0.00789216311374865 0.999966973501108 0.00194053302474699 -1.32575089754639 0.0637450923931096 -0.0014335450748845 0.997965183833741 79.0075787394071
0.998724150550626 0.0129747704479404 -0.0488029347350559 -5.64091497414365 -0.0129102958368844 0.999915320099522 0.00163612092293026 -1.34845798436599 0.0488200304007996 -0.00100397315381389 0.998807086813851 79.5012337526642
0.999378136904533 0.017810340002826 -0.0304324048706155 -5.66306570073911 -0.0177795091785459 0.999841108329522 0.00128341254609977 -1.34409024390257 0.0304504274287788 -0.000741541217478759 0.999536003146474 79.9880980188158
0.999818613224688 0.0169634228086192 -0.00865926879575518 -5.64885004268817 -0.0169515309742868 0.99985526850745 0.0014448652265785 -1.36241146405946 0.0086825253865979 -0.00129781528392837 0.999961463971687 80.466107948093
0.999758234438524 0.0127531177850382 0.0179117464007825 -5.63070013565892 -0.0127991139453007 0.999915072642243 0.00245564351491032 -1.38125302219945 -0.0178789080925041 -0.0026843043080201 0.999836556220966 80.936747553232
0.998824594859401 0.011491240622374 0.0470890655344976 -5.58722006186143 -0.0116859105497246 0.999924263737864 0.00386086556541875 -1.38565878974324 -0.0470411330494637 -0.00440660609189226 0.998883233228075 81.3924884994679
0.996721621264892 0.0113119661218773 0.0801127276126735 -5.51782665421675 -0.0117813009272765 0.99991608079634 0.00538816419087681 -1.38787954086618 -0.080045053885583 -0.00631433190008201 0.996771246857126 81.8409396732588
0.993007622370194 0.0108288918888183 0.117552528748447 -5.43478413774254 -0.0115929192458943 0.999915876206548 0.00581762266301222 -1.39379561245592 -0.117479641376931 -0.00713972062137614 0.993049625271263 82.2916963173397
0.987188204411322 0.0109878846813011 0.159181391693186 -5.35269507686276 -0.0120984162770202 0.999908755552326 0.00600906759719607 -1.40334644480952 -0.159100840333221 -0.00785792339172182 0.987231064971738 82.7044701784063
0.97885294243497 0.0107297312673899 0.204283601772952 -5.25196194199627 -0.0121070659497936 0.999911615702081 0.00549360884498209 -1.41305192596658 -0.204206601363638 -0.007850710221624 0.978896332768965 83.1183990766892
0.967398373635962 0.0122745474668514 0.25296189865468 -5.10334526436126 -0.0135758865419227 0.999902064539922 0.00339950487602167 -1.41664334038922 -0.252895397330789 -0.00672285752379616 0.967470268894924 83.5391700537358
0.952027584960549 0.0127798854410731 0.30574524035919 -4.97491877188788 -0.0138583432050976 0.999903047815916 0.00135694216972561 -1.43172791914856 -0.305698256124884 -0.0055289688509977 0.952112391845442 83.8913706914452
0.932541818139565 0.0129394190843568 0.360830055365007 -4.75666470428819 -0.0135124494987682 0.999908265710962 -0.000934810911205726 -1.44804577506004 -0.360809050786559 -0.00400394763400489 0.932631115325801 84.2827111876136
0.908492751678018 0.0131509088737334 0.417693636226717 -4.56834880934952 -0.0130205388839793 0.99991023026934 -0.00316179852075127 -1.45561553550326 -0.417697720505718 -0.00256612519371186 0.908582428448744 84.620065646298
0.879822892242391 0.0127939422759092 0.475129449021291 -4.35155931886723 -0.0117632757519235 0.999917587321847 -0.00514236405171864 -1.44417653239747 -0.475156083439767 -0.00106470911375053 0.879900882352487 84.9531872667453
0.846818553917329 0.01114600418029 0.531765082844086 -4.06519188924784 -0.00861818304330573 0.999936689648732 -0.00723488875980059 -1.48661124052499 -0.53181205671026 0.00154378921733811 0.846860999841447 85.2983868793071
0.810279565948744 0.0104205274154798 0.585950883278025 -3.81893346454387 -0.00637496959004318 0.999939471941409 -0.00896728589166761 -1.48963620446396 -0.586008860657107 0.00353058945788239 0.810296951845087 85.5456504390879
0.770670098537069 0.00867913112693097 0.637175228570403 -3.50461076836719 -0.00486982879428734 0.99995826053846 -0.0077305852566972 -1.49842029843444 -0.637215727982587 0.00285479662642928 0.770680197064803 85.8588384530918
0.727987210039297 0.00834047944260089 0.685539975801462 -3.24616458185012 -0.00557160089645916 0.999964951252061 -0.00624928243194702 -1.4966107669594 -0.685568070495302 0.00072984253864669 0.728008164821808 86.0612863860545
0.683005906633354 0.0074582600328289 0.730374770827439 -2.94927772163475 -0.00488045433179976 0.999972143981983 -0.00564733792085487 -1.49831091380872 -0.73039654480937 0.00029260444257637 0.683023280505997 86.2717516889682
0.636491945098581 0.00559998319029804 0.771263018699129 -2.5791521947412 -0.00102497054038999 0.999978899819233 -0.00641477604496539 -1.52508401109237 -0.771282667548037 0.00329243140917294 0.63648425482128 86.5029863828126
0.589921603744293 0.00279451750610383 0.80745569049185 -2.28717067630329 0.00520561604183106 0.99996006755705 -0.00726394196874651 -1.55766116953958 -0.807443746026549 0.00848846059120057 0.589883499548347 86.6712676434295
0.543117189193923 0.00414647905614266 0.839646667065099 -1.9121829657838 0.00416615674621954 0.999962189413234 -0.00763301263314332 -1.55285077656299 -0.83964656965896 0.00764371999282852 0.543079378732624 86.8786447946158
0.495955484073124 0.00726534293540522 0.868317552862905 -1.61438300450142 0.000608702031356145 0.999961842742691 -0.0087145017344336 -1.56416507071366 -0.868347734090226 0.00485055158444694 0.495932137343101 86.9839737677143
0.450496549014607 0.00921492255994483 0.892730611398615 -1.26099008068899 0.000176179273048498 0.999945793532516 -0.0104105214802713 -1.56896014533853 -0.892778151775005 0.00484718463044898 0.450470505709713 87.1397222208383
0.407663164699893 0.0070852885198866 0.913104891473842 -0.88841604252081 0.00780743965026401 0.99990629788929 -0.0112445243315417 -1.55747427928805 -0.913099002317369 0.0117129897090841 0.407569647838379 87.2776449922436
0.368379400109827 -0.00105866074463049 0.929674941478016 -0.529940798882802 0.0219046885279952 0.999731621490778 -0.00754119432922586 -1.59961812396554 -0.929417453136757 0.0231422606684699 0.368303724629465 87.3209306198131
0.332808393383638 -0.00491011270038007 0.942981688097214 -0.167243448696537 0.0270423664473701 0.999624871119274 -0.0043390617304548 -1.61012173423895 -0.942606643149903 0.0269445325259896 0.332816328410473 87.4087746575824
0.299195930239965 -0.00137034004754924 0.95419071337757 0.214261431258647 0.0241676127815158 0.999689050900769 -0.0061423123953418 -1.61865556146574 -0.953885591578091 0.0248982665515762 0.299136013382611 87.5314717090462
0.268437403354409 0.00626658292298287 0.96327674653695 0.560643457204402 0.0141937091568856 0.999844552986926 -0.0104598509905387 -1.62261282335301 -0.963192555567531 0.0164802852173107 0.268306729506444 87.6255341105211
0.240033756670562 0.0116207020944161 0.970694985534308 0.948976497154083 0.00911457509033773 0.999857295620699 -0.0142236744543669 -1.61948618239544 -0.970721752192429 0.0122616343484075 0.239893585040463 87.7140819225258
0.21385159038418 0.0129179268017966 0.976780745335052 1.33521073102008 0.0106352580369698 0.999822511762385 -0.0155510854811911 -1.63427195008986 -0.976808266025961 0.013713939634535 0.213676248757452 87.789860535135
0.190632985891272 0.0140665454914993 0.981560592621828 1.74290202963099 0.0184133422933156 0.999670175594864 -0.017902202426624 -1.6561912341451 -0.981488672128093 0.0214865614761928 0.190311098363081 87.8446712665125
0.169956227487648 0.0189208003652249 0.985269954911701 2.12681207782118 0.0247621419636551 0.999417971662131 -0.0234638923481285 -1.67889605611845 -0.985140455500402 0.0283852291217118 0.169388788602343 87.8799717592775
0.150317232577167 0.0261181945652003 0.988292754958265 2.5675744501585 0.0272513264732487 0.999161670704813 -0.0305503027777933 -1.66997792007333 -0.988262158941538 0.0315245254844664 0.149479461790538 87.9204787983213
0.132714015201872 0.0272322180159844 0.990780195841099 3.02304926104472 0.0247101659494886 0.999220877180808 -0.0307741174490151 -1.67456583024252 -0.990846303857337 0.0285664997496531 0.131937702057853 87.9772369644784
0.11693932277264 0.0232784628521524 0.992866208487688 3.47218688321324 0.0233992875211191 0.999383161318269 -0.0261872147622983 -1.68796382102254 -0.992863368310555 0.0262946770420116 0.116322490629611 88.044830948566
0.102133160645754 0.0195585761693923 0.994578443158072 3.91742242379376 0.0241201571612541 0.999464062656814 -0.0221315493369248 -1.725175767575 -0.994478273023109 0.0262497534419357 0.10160666773993 88.0806429457687
0.0891010104229089 0.0173002826894798 0.995872336276333 4.41811346401485 0.0300872213538673 0.999346113546638 -0.0200525422436234 -1.74995510271299 -0.995568063495821 0.0317497331971939 0.0885222310444497 88.1192073311061
0.0773522600409145 0.0165209784713489 0.996866934518801 4.91698276822958 0.0345582395608169 0.99921744032049 -0.019241492609096 -1.75764628659813 -0.996404714935161 0.035938339273232 0.0767207913492955 88.1565055354958
0.0671416436938891 0.0173639752255849 0.997592347628252 5.42962829952381 0.0362729786562372 0.999145109877861 -0.0198323076458775 -1.77291067169062 -0.997083883482973 0.0375172196667323 0.066454401863166 88.1652550648313
0.059202406520731 0.0182717618862732 0.998078763314662 5.9286123761087 0.0353055280462323 0.999168621596203 -0.0203859095190959 -1.78597167582587 -0.997621468670122 0.036444592673199 0.0585080927167669 88.1954632960339
0.0533086223940832 0.0187242720805513 0.998402520235951 6.51821150984302 0.0378778719765187 0.999066726197663 -0.0207591767470099 -1.79342419391403 -0.997859437793207 0.0389240059569494 0.0525496352726435 88.2163486974115
0.0472159704557493 0.0194235549459178 0.998695838404859 7.06678940181215 0.0373537830782852 0.999077265924032 -0.0211969715643751 -1.81409146805141 -0.998186028265104 0.0383059032920961 0.0464468594128209 88.2461463225301
0.0416448072621897 0.0200588498066274 0.998931105018024 7.64547543588122 0.0394228093585049 0.998986887287618 -0.021703481971332 -1.8279845994766 -0.99835442210188 0.0402845078390208 0.0408118401666701 88.289859141925
0.0373901994241947 0.0199685467653299 0.999101211152854 8.27490628340226 0.040979070780933 0.998928687131191 -0.0214986926180794 -1.85410022276823 -0.998460158817041 0.0417460796534981 0.0365318503310954 88.2846281076889
0.0343035957407413 0.0197682171883273 0.999215933073753 8.88565238243729 0.0403448128415623 0.99896198503481 -0.0211482512773781 -1.8780279686026 -0.998596795206171 0.0410386408706104 0.0334704430723281 88.3135600390406
0.0309604346468287 0.019640973367454 0.999327615775556 9.52480547863905 0.0422494956700652 0.9988876029887 -0.0209412681352695 -1.90642514549075 -0.998627273612184 0.0428694385392097 0.0300961731326149 88.3261943341585
0.0290293238787613 0.0192398062814201 0.999393380110853 10.1915060171939 0.0460366314571594 0.998728061767983 -0.0205642213867892 -1.91405445385363 -0.998517865097675 0.0466056701638398 0.0281066645007854 88.3404754162299
0.0281726418425449 0.0186443367046429 0.999429182563955 10.8665926273986 0.0513598022228836 0.998478437650571 -0.0200743682964535 -1.95056689662707 -0.998282762030497 0.0518960331404942 0.027172205965706 88.3468378698788
0.0293850336063605 0.0179681607509501 0.999406656471319 11.5784724308634 0.055138349335167 0.998286936469626 -0.019569233676436 -1.99057848055003 -0.998046232512576 0.0556806759416396 0.0283439604525543 88.3676938605552
0.0314776367965476 0.0185565339535939 0.999332183725379 12.2699585813009 0.0551797298011828 0.998270567271573 -0.0202749090839143 -1.98858150539244 -0.997980137979095 0.0557810861038189 0.0303992538116523 88.3900213607072
0.0354854476837553 0.0184110795815347 0.999200588045927 13.0074399107366 0.057865665193516 0.998114984081005 -0.0204461083017385 -2.01982602437837 -0.997693513958267 0.0585449459955076 0.0343531876830625 88.4071893918626
0.0398686579701029 0.0181774635274026 0.999039573756402 13.7660736899481 0.0587142164287238 0.998064263936528 -0.0205028252198986 -2.04467918979021 -0.997478386182289 0.0594752458805063 0.0387242072433948 88.4431167452186
0.0443828771041763 0.0163150023885353 0.998881364786138 14.4998825897778 0.0612796422725737 0.99793935318779 -0.0190224289216887 -2.06112774955828 -0.997133374059309 0.062055362831889 0.0432916421599093 88.4738598963347
0.0476759697315875 0.0145339712113932 0.998757110408221 15.2674849901652 0.064201592792819 0.997782011321513 -0.0175844637694992 -2.07945533657786 -0.996797450534971 0.064960153663782 0.0466371208691106 88.5203359217018
0.0521279144985847 0.0125000733590493 0.998562180685833 16.0580096418259 0.0605881766653986 0.998040053981893 -0.0156564202863606 -2.07984557637737 -0.996800759118085 0.0613171983528203 0.0512683899471225 88.5620484994395
0.0564980673808195 0.0118608467421417 0.998332253659468 16.8777786171955 0.0577712363362598 0.998215208002039 -0.0151288719217704 -2.09610931287774 -0.996729879473076 0.058529640593504 0.0557120143019696 88.612429569867
0.0605133363269719 0.0126488584895045 0.99808724193103 17.6459013289913 0.0558190210476283 0.998312117694645 -0.0160359768432754 -2.11488657943538 -0.996605424938006 0.0566826432247661 0.0597051500390934 88.6708376659068
0.062998529656719 0.0160897520443209 0.997883913659422 18.4660487340024 0.0520328927917808 0.998457230339697 -0.0193839430999132 -2.16151017006878 -0.996656291471042 0.0531439466123274 0.0620641410933524 88.7387573091143
0.0646248277631788 0.0210062156153766 0.997688513786793 19.2889607101324 0.0462402559081096 0.998641481017781 -0.0240214721481968 -2.19655292095802 -0.996837735225815 0.0476857556942781 0.0635657009222239 88.7979061234427
0.0645587237007755 0.0239725067076188 0.997625926946709 20.1187527398727 0.043051602386876 0.998713744683411 -0.0267846170844471 -2.23568402434398 -0.996984819706925 0.0446785754315342 0.0634436298721901 88.8656770304432
0.0652990041758578 0.0242765495477007 0.997570393103013 20.9438060544745 0.0411552767734697 0.998787883694781 -0.027000121818238 -2.24775520393795 -0.997016691559043 0.0428183666965313 0.0642207460724412 88.8947646381163
0.0648319195104752 0.0224146371014267 0.99764442877019 21.777415173441 0.0393851456430765 0.99891124888352 -0.0250025430034683 -2.29333117306366 -0.997118665212552 0.0409133339826758 0.0638785299389483 88.9753732835058
0.0646938885943483 0.0211057222512491 0.997681937927512 22.6041123925987 0.0430175435227406 0.998787962243933 -0.0239185581898427 -2.32878340902662 -0.996977528196003 0.0444652107255201 0.0637075608332631 89.0185063202272
0.0648805803112572 0.020626789877149 0.997679831327585 23.405674791494 0.0397768421735029 0.998938299358107 -0.0232395546910174 -2.36122208178015 -0.997099951421711 0.0411923489849328 0.063991227992005 89.0675342108188
0.0650255157915059 0.0199294994683981 0.997684568060962 24.1984058909974 0.0373568736116742 0.999051090257578 -0.0223915843366869 -2.40797535896954 -0.997184108522599 0.0387264006342532 0.0642193086532804 89.1071898238098
0.0657307286001501 0.0209634402757673 0.997617163790548 25.0403204989204 0.0390579771048147 0.998959038934189 -0.0235650791673006 -2.44406647580269 -0.997072688294175 0.0405138581658883 0.0648435159005209 89.1720539038597
0.0645782159617167 0.023074194769542 0.997645846760733 25.816255151394 0.0338709852155901 0.999105922016793 -0.0253004535828639 -2.47400493763399 -0.997337661167835 0.0354251058814312 0.0637389322907297 89.2496113631976
0.0620354100997854 0.0225985206604392 0.997818076984833 26.6622221020396 0.0301496737440961 0.999244959320015 -0.0245052738541381 -2.52010636105636 -0.997618466682968 0.0316040841902031 0.061307232816549 89.2881963533336
0.0581814676901327 0.0213751131597075 0.998077162024476 27.4966623692641 0.0305182359933862 0.999265402415217 -0.0231795773862699 -2.55256374655379 -0.997839443041451 0.0318081762030423 0.0574863969766951 89.3178953293293
0.0527454357234647 0.0194318718174366 0.998418910762418 28.2957172838515 0.0279679176462875 0.999389715066913 -0.0209282823233187 -2.59296719769939 -0.998216266443736 0.0290275692427865 0.0521697769880503 89.3792509885341
0.0463822552912355 0.016941393769275 0.998780093699936 29.085349397305 0.0247130254573793 0.999530685997243 -0.0181017712565339 -2.60681038120342 -0.998618021451066 0.0255224788575743 0.0459418143538443 89.4385952212387
0.0392315268966228 0.0173161679880883 0.999080095699823 29.9474088458675 0.0253845538343122 0.999509873413758 -0.018320408703042 -2.65805505836208 -0.998907659257848 0.0260799400808725 0.0387727352837743 89.4830905022445
0.030384406817411 0.0180545506813397 0.999375215333084 30.7156331509039 0.0279557857437373 0.999430365852408 -0.0189054980249766 -2.67413670138911 -0.999147267356421 0.0285127517405297 0.0298623696711864 89.4966724615025
0.0208797125778056 0.0187650101585125 0.999605878332265 31.5669586158836 0.0282663432342239 0.999413088279763 -0.0193518168468056 -2.69942141206251 -0.99938233496637 0.0286592632295073 0.0203370398118443 89.5123492715204
0.0107552340140523 0.0181636335924334 0.99977717885338 32.3710173148302 0.0289298431734218 0.999410821420817 -0.018468194306152 -2.73206970337783 -0.999523581070134 0.029122026744174 0.0102234261892685 89.5137363616559
-0.000224085794665546 0.0171066972576206 0.9998536446373 33.1396957688227 0.0298428862329706 0.999408451173371 -0.0170923920072854 -2.76776345622652 -0.999554576762491 0.0298346884042863 -0.00073446645705769 89.5339842956626
-0.011403405390538 0.0168745239302011 0.999792584883299 33.9570196997851 0.0303627110540095 0.999402392223397 -0.0165216281159931 -2.79614643851097 -0.999473895668591 0.0301680105456344 -0.0119089469210636 89.514782407439
-0.0223639866528094 0.0166429558269168 0.999611356539298 34.6866617990752 0.0307819198065951 0.999398842902411 -0.0159507435043503 -2.83014557859058 -0.999275900597034 0.0304132343999207 -0.0228628445151115 89.4933384475362
-0.0333131687530258 0.0169510547208368 0.999301203107193 35.500686470333 0.0305485803372663 0.999406262426617 -0.0159344551785672 -2.84020637537349 -0.99897798625746 0.0299964058898958 -0.0338112201299895 89.4581988267403
-0.0443437257933184 0.0181050711585574 0.998852261538768 36.2939858933614 0.0296047369784098 0.999420473742959 -0.0168010776987464 -2.88033687856436 -0.998577585133577 0.0288257361006395 -0.0448540233095106 89.4478866802534
-0.0545063262052028 0.0193619578841187 0.998325685831285 37.0517715267813 0.0307076131080688 0.999371578308664 -0.0177056760971021 -2.90501410115612 -0.998041132870192 0.0296911275593222 -0.0550666327592206 89.3747536432471
-0.0643367842766845 0.0198811664640743 0.997730182669124 37.7561328117902 0.0313152234960391 0.99934936684108 -0.0178941267382855 -2.92808246485368 -0.997436782441037 0.0300928930872468 -0.0649175078026803 89.3471361986561
-0.0737255666062814 0.0208431488402806 0.997060732340315 38.5426513139487 0.0333636374968514 0.999273477497633 -0.018422401112931 -2.95612931769585 -0.996720326130435 0.0319073708758484 -0.0743674065853423 89.2918424580152
-0.082166021628834 0.0213887482706665 0.996389113919409 39.2901133628948 0.0312528788971061 0.999333279038231 -0.018874717675756 -2.97509936318075 -0.996128506996127 0.0295891678509338 -0.0827796997793328 89.2018084806009
