1 -1.73472347597681e-18 -9.48676900924816e-20 -1.73472347597681e-18 1.73472347597681e-18 1 -1.6456920911512e-37 6.93889390390723e-18 9.48676900924816e-20 0 1 5.55111512312578e-17
0.998947629993213 -0.00151617050309721 0.0458403071319151 0.0273920020725524 0.00160274545466498 0.999997000785626 -0.00185192514960317 -0.0815290579757534 -0.0458373618127213 0.00192344658301704 0.998947063970505 0.973059157061812
0.995894703232904 -0.00512559341447249 0.0903740469648005 0.108947144221624 0.00575768494151689 0.999960744653461 -0.00673485086764778 -0.101466772977373 -0.0903359791930141 0.00722754759546713 0.995885120593231 2.07117619384884
0.990702194860978 -0.0053186309379444 0.13594437561954 0.249775772481844 0.00675390797255093 0.999926196909049 -0.0100987851795789 -0.140195286009757 -0.13588063079313 0.0109230444451586 0.990664999520681 3.00666236261181
0.983248514497299 -0.00387581480645879 0.182228803427014 0.418970096810739 0.00630078466337959 0.999899115674602 -0.0127302233198705 -0.142966267260226 -0.18216107940908 0.0136651576183405 0.983173740808706 4.00733212876061
0.973758016377667 -0.00629756925287255 0.227498716835364 0.652666028562636 0.0094893526520575 0.999871260719661 -0.0129388628990238 -0.185404538140107 -0.22738794542912 0.0147581370226774 0.973692415326906 4.96165346392719
0.961991793442662 -0.00778213017705855 0.272967448240406 0.912959016960164 0.0120650673483977 0.999828989380723 -0.0140152111579419 -0.214452613766938 -0.27281169971035 0.0167758887642469 0.961921174555025 5.90794021311071
0.948402788871676 -0.0105018154570258 0.316894086300982 1.24125737715642 0.0166823777101814 0.99971974708408 -0.0167965938236842 -0.236210134901088 -0.316628881080616 0.0212164832677226 0.948312191476725 6.89815801436612
0.933241547988124 -0.012342582215238 0.359037426702274 1.60330630953768 0.0201046167165097 0.999637752082253 -0.0178932668515914 -0.317144710829852 -0.358686517024843 0.023917049905875 0.933151626065339 7.77048164267328
0.915635231206924 -0.0123802514655823 0.401819428034898 1.98911816235973 0.0216562308556427 0.999593358805267 -0.0185505983065467 -0.309671265315648 -0.401426370630743 0.0256874756652477 0.915531005786356 8.67048539545879
0.895903883115477 -0.0131978838662756 0.444051852918172 2.4438965208238 0.0233025253724546 0.999578668772178 -0.0173054109141023 -0.357400912848516 -0.443636365202263 0.0258515144061644 0.89583395485605 9.55551992065798
0.874052235728318 -0.0131981130329061 0.485652652654856 2.92299144912961 0.0239776393460412 0.999584626797958 -0.015988954955793 -0.406571484293513 -0.485239901522658 0.0256199859788766 0.874005637446763 10.4055357579307
0.849722693308106 -0.0133323763660789 0.527061279376175 3.42302491804865 0.0252022552057156 0.999564576338046 -0.0153461416222287 -0.427366665598949 -0.52662718388796 0.0263230976630172 0.849688709893017 11.275635062567
0.823932581880409 -0.0136793101831267 0.566522706507689 3.97765045926515 0.0267471638422621 0.999533177106124 -0.0147654018073484 -0.458020259806933 -0.56605626022709 0.0273185712849531 0.823913834038894 12.058450782321
0.796516838847303 -0.0154942064200753 0.604417781836465 4.5660953972364 0.0303563108455018 0.999435640471642 -0.0143838432586512 -0.51700702820696 -0.603853806665613 0.0298048674288324 0.796537663926194 12.8273796390241
0.76718619040164 -0.0152534497329605 0.641243075228312 5.17125649121259 0.0322820282369242 0.999368473509883 -0.0148500776912798 -0.522245793728544 -0.640611598326107 0.0320934015923938 0.767194104294539 13.6236183621542
0.736527290899288 -0.0181112397908777 0.676165314663354 5.81923813833 0.0368672298962184 0.999230410678262 -0.0133937946651416 -0.571944877875803 -0.675402366830569 0.0347932374031208 0.736628178602119 14.2602980979887
0.704372449819621 -0.0176581728834972 0.709610908079577 6.51228277982422 0.0375258475682273 0.999218919111762 -0.0123839595206276 -0.603767892246192 -0.708837966462993 0.035351670675357 0.704484915864825 14.9502296022306
0.669538030903922 -0.0167678391482981 0.742588489503841 7.21730920937512 0.0392922096802389 0.999144928859609 -0.0128659781039685 -0.606219305693162 -0.741737788865946 0.0377922042811009 0.669624373708001 15.6308847044531
0.634111657899498 -0.0174805825432168 0.773043876212663 7.95843750728634 0.0432825936729339 0.998979399245587 -0.0129142157280377 -0.660861491045866 -0.772029159035391 0.0416483987312403 0.634221088014448 16.217493340156
0.596984615491101 -0.0162722658609841 0.802087639993718 8.74223633624759 0.0443434866523335 0.998935125163226 -0.0127385598339686 -0.684681760055461 -0.801026231816697 0.0431720868024552 0.597070470600133 16.8227849662167
0.559651953566324 -0.0156046742616986 0.828580825876742 9.50818100271909 0.0475378003625095 0.998780909181824 -0.0132986085972716 -0.720681435093829 -0.827363190144504 0.0468315021659087 0.559711498898131 17.3256812285276
0.520573439579237 -0.013968933686267 0.853702619708005 10.3278292335234 0.0517362738294579 0.998544964319792 -0.0152089513717506 -0.755726877651821 -0.852247999102893 0.0520847686301244 0.520538687228779 17.8081370505132
0.48123822547283 -0.0130496354613149 0.876492713807758 11.1854260676824 0.05425088606343 0.998415839442729 -0.014921558605029 -0.769115425130777 -0.874909487721498 0.0547313307365842 0.481183821143966 18.291460577102
0.44284940052426 -0.0145416749975275 0.896478080124422 12.0355491691489 0.0590490563516836 0.998170713138679 -0.0129783040570704 -0.793013501564221 -0.894649438271371 0.0586836188428113 0.442897974120714 18.6805229502357
0.405499001902908 -0.0154175823154467 0.913965457559142 12.9346614199019 0.0635532757360865 0.997913755691895 -0.0113629813037819 -0.83380137184264 -0.911883512625905 0.0626931763148396 0.405632869778323 19.0850747928832
0.369319258359653 -0.0137232375749959 0.929201247392154 13.8491794053966 0.0647964700193641 0.997837683661368 -0.0110170113163721 -0.858041085359578 -0.92704083128938 0.0642777552173039 0.369409890645228 19.4347389533807
0.336214033096278 -0.0137680841505067 0.941684959956332 14.7455777074943 0.0657772714633532 0.99779467138214 -0.00889630936086599 -0.875057332463742 -0.939485750029223 0.0649325312938935 0.336378197676063 19.7605729509241
0.302275347296957 -0.0152409198681922 0.953098803261276 15.7133198768168 0.0678157070550375 0.997682406396136 -0.00555390351383156 -0.883575885804445 -0.950805260972577 0.0663138773499708 0.302608369642486 20.0359706606775
0.269313870883989 -0.0153942869353336 0.962929413238185 16.6239942851236 0.069201474260513 0.997596890495741 -0.00340588217661839 -0.914539244434879 -0.960562957285806 0.067553386317653 0.269731987512353 20.295605032413
0.237109846628269 -0.0128412973424273 0.971397972879541 17.6434563614962 0.0668219680697038 0.997760033631187 -0.0031208767331185 -0.943362109689607 -0.969181997983459 0.0656507149302672 0.237436809307097 20.5651262867799
0.205101327029809 -0.0105420970820579 0.978683968316496 18.6408062063539 0.066278863223719 0.997796191698393 -0.003141993309147 -0.93711010058678 -0.976494013263974 0.0655104878725204 0.205348041233223 20.7552794384497
0.174610726266866 -0.0106258624736645 0.984580207661747 19.5944057326207 0.0680136624036868 0.99768354985954 -0.00129462971671895 -0.944732668531311 -0.982285720144091 0.0671909620883408 0.174928953048511 20.91405061155
0.144072370752453 -0.0108552028285993 0.989507613188154 20.6445376406153 0.0701141932570183 0.997538701081818 0.000734675381975192 -0.974987036860247 -0.987080114220566 0.0692726815963505 0.144478869371148 21.0812415779804
0.113174816271772 -0.0114001826251315 0.993509686313105 21.6672207192304 0.0690321236322291 0.997608001484293 0.00358347336249681 -0.983984288593894 -0.991174064868868 0.0681785245559681 0.113691081095642 21.1941325829705
0.0838224269530865 -0.0112614028438946 0.996417072086625 22.7058043709594 0.0695213021211105 0.997565710731646 0.00542598597969907 -0.985490141733807 -0.994052608915182 0.0688173929937348 0.0844012863081251 21.3109187360272
0.0559864759603127 -0.0109674255511131 0.998371288692902 23.7947943488516 0.0722193107534173 0.997364863950292 0.00690646883118184 -0.989274746315576 -0.995816190701801 0.0717150174942148 0.0566310038932544 21.3754454881518
0.0308662417767109 -0.010520434062573 0.999468156364032 24.8646554229817 0.0760215515247524 0.99707288719778 0.00814747315748787 -0.992474972882114 -0.996628315282258 0.0757296380700292 0.0315756725254005 21.3918488145905
0.00804000939370521 -0.00950597400283021 0.99992249435004 25.9658914757365 0.0803833527561754 0.996724917454924 0.00882924255822554 -0.982156934489708 -0.996731596192589 0.0803061353990666 0.00877779976083817 21.3945354304523
-0.0129413253603817 -0.0101633927724064 0.999864604606679 27.0843220520504 0.0862127783074335 0.996213316119083 0.0112421369646747 -1.00564170697215 -0.996192691678889 0.0863465936466111 -0.012016106324303 21.3756389304069
-0.0305459018027492 -0.010238861677709 0.999480922076355 28.2001976624538 0.0905741828241095 0.995805259218638 0.012969314486319 -0.994920845956596 -0.995421149709409 0.0909233271721014 -0.0294903931332462 21.3375848138824
-0.0462131568312846 -0.010107976391041 0.998880459789341 29.3317577673934 0.0936504938830356 0.995500897725754 0.0144065132034427 -0.995962683315233 -0.994532015136341 0.0942114188434482 -0.0450586221311058 21.314928930987
-0.0603068063099331 -0.0107228158987656 0.998122292272794 30.4630793619682 0.0956346741030207 0.995280226829325 0.0164705552965686 -0.989442003141747 -0.993587992188868 0.0964483867245558 -0.0589966988595573 21.2295449199097
-0.074100394729154 -0.0113750660742746 0.997185910135512 31.5989130757683 0.096483293070447 0.995162260234009 0.0185216080355218 -0.989643019084729 -0.992572468719169 0.0975842388797759 -0.0726444124691572 21.1785376615768
-0.0859060915935493 -0.0110875695107142 0.996241541609998 32.7653147755283 0.096757467177226 0.995118543174233 0.019418485426002 -0.987381173373005 -0.991593735343547 0.0980619744505325 -0.0844139395733568 21.070548865758
-0.0982751414980627 -0.00879024356043723 0.995120459131297 33.9023918006965 0.0962671748933568 0.995187328141129 0.0182978945612072 -0.969368319275662 -0.990492113851285 0.0975956634562694 -0.0969559635759606 20.9499148926399
-0.107904652837633 -0.00537642799219784 0.994146709453909 35.0954729706124 0.0967097149318136 0.995185958003847 0.0158789177771048 -0.968234576024992 -0.989446217302283 0.0978570539818638 -0.106865242488815 20.8290459061182
-0.117410430954953 -0.00313165063235976 0.993078538418432 36.3026005036376 0.0975683751950855 0.995120646571008 0.0146734770892794 -0.960054544015178 -0.988278909450547 0.0986158787032566 -0.116531993902195 20.6694173031949
-0.124522212974547 -0.00188410900380748 0.992215031436827 37.4906976168953 0.097424895341447 0.995142761890259 0.0141164168660083 -0.949591289640983 -0.987422203641193 0.09842425306137 -0.12373381981367 20.5487781611006
-0.130131919370421 -0.000954284162725139 0.991496229394095 38.7366552742388 0.0975107957061759 0.99513939738072 0.0137558897017095 -0.933750245446055 -0.986690087252182 0.0984716665974226 -0.12940634681424 20.3721094543861
-0.13527425726576 0.00038614250408453 0.990808117758006 40.0252544421051 0.0980294548187648 0.995098652470471 0.0129960701517431 -0.930690862342594 -0.985946804502724 0.0988864133509747 -0.134649084458259 20.2073770553909
-0.139686284105506 0.00229052726065737 0.990193160710406 41.2711461507723 0.0975205154217799 0.995167588101583 0.0114551588355902 -0.924260431087221 -0.98538190114527 0.098164275971182 -0.139234635843196 20.0514176253381
-0.144365097043413 0.00311232140449458 0.989519596678672 42.6006820567979 0.0974087354586985 0.995182769458837 0.0110812286582344 -0.925416460798447 -0.984718364311331 0.097987595274677 -0.143972824381211 19.8632504329368
-0.14742467957731 0.00242620283801653 0.989070309629865 43.9232918672805 0.0975031994667807 0.995161749558237 0.0120920763282892 -0.916000470499904 -0.984255601937458 0.0982201901646336 -0.146947964595481 19.6519937666316
-0.14943849758544 0.000531911504627225 0.988770879683235 45.2732840399797 0.097903490216619 0.995093723884309 0.0142613915682301 -0.908954294141342 -0.983912110934107 0.0989353210749793 -0.148757387046761 19.4664717752184
-0.151476444840315 -1.20857880696046e-05 0.988460867466423 46.671000789292 0.0986449667642881 0.995007680473687 0.0151289897364674 -0.894257338159255 -0.983526337822537 0.0997983749983304 -0.1507190338248 19.2573506971023
-0.153847751394683 0.000249040591451477 0.988094533619928 48.0951444582957 0.0996369782165046 0.994906788368761 0.0152628643983135 -0.902810830003326 -0.983058157975755 0.100798910889659 -0.153088985889825 19.0258407376473
-0.154799458572979 0.000495939112212851 0.987945788831507 49.4323616554275 0.100425080752839 0.994827958228431 0.0152360323850179 -0.864492218026747 -0.98282853579925 0.101573065186833 -0.154048634032415 18.8305042396227
-0.156542492909092 0.0012585099884927 0.987670422796196 50.9050310371604 0.10193195892104 0.994679953659121 0.0148884364259307 -0.879631894821174 -0.982397233131449 0.103005853917622 -0.155837961980948 18.6301204295562
-0.156251381365115 0.00210295730655263 0.987715082092027 52.3361749514813 0.102296473583646 0.99465451601161 0.0140650371510557 -0.849777147526499 -0.982405688762969 0.1032374512872 -0.155631267224421 18.4071923723995
-0.155054017540357 0.00326398142990203 0.987900601310587 53.8367937886632 0.101138205800191 0.99479275519308 0.0125871975784761 -0.853811677913818 -0.982715276655509 0.101866189879599 -0.154576726538313 18.1345479285133
-0.154027287496211 0.00321363523813067 0.988061368162482 55.293976342835 0.100973399841316 0.99481053355364 0.0125049932110136 -0.842867416350974 -0.982893670358623 0.101694025779679 -0.15355245973177 17.9075857694092
-0.152452493032231 0.00268687696858755 0.988307147631956 56.8369189865679 0.101097747420396 0.994792984463284 0.0128904433264908 -0.824701318253646 -0.983126381923901 0.101880806606482 -0.151930307741522 17.6692311570292
-0.151115484684309 0.00302820542480797 0.988511477050485 58.384987340239 0.101469235323309 0.994760590412925 0.0124644311636304 -0.833334471182719 -0.983294515682626 0.102187072241234 -0.150630998453955 17.4477961608805
-0.150445502710884 0.00387253507478219 0.988610719234909 59.9574586380565 0.101216332010964 0.994797899830228 0.0115061995295099 -0.815980856061072 -0.983423309083284 0.101794606760188 -0.150054833931544 17.2309907910591
-0.148931015187036 0.00433615070808124 0.988838081038749 61.5185160510635 0.102049607232057 0.9947184034684 0.0110079727952358 -0.81413892516389 -0.98356770503059 0.102549966349652 -0.148586924130435 16.9856991034504
-0.148982526407178 0.00419463951720456 0.988830931870891 63.0719149164527 0.101986302738567 0.994723357067302 0.0111461633970379 -0.805159967793006 -0.983566469985151 0.102507794357682 -0.148624194587797 16.7511799372756
-0.147932540095764 0.00274482661932562 0.988993644826722 64.7443084674932 0.103669787631666 0.994530089494265 0.0127466161366339 -0.807050277667767 -0.983548950847501 0.104414400430972 -0.147407917933265 16.4965996009903
-0.146998419149141 0.00127365838704618 0.989135907022875 66.3478265341573 0.105802963948787 0.994282213866677 0.0144434070783891 -0.780613844561509 -0.983461843483165 0.106776668718842 -0.146292670458918 16.2556490429332
-0.145822147978429 0.00205461661356621 0.989308687776231 68.0210002941081 0.10785475065735 0.99407041948424 0.0138330714980044 -0.775341494081704 -0.983414080598604 0.108718810042233 -0.145179083973562 15.9847965609892
-0.145786210959285 0.00318758476811237 0.989310982450655 69.6432489985486 0.107475529413444 0.994127444816014 0.0126346365552398 -0.796055211032439 -0.983460925137056 0.108168677383655 -0.145272660750866 15.7742928486159
-0.145172721053102 0.00341797249232328 0.989400423754751 71.3670908828843 0.108639991237 0.994002482833217 0.0125066552452808 -0.776997359271076 -0.98342373032486 0.109304078539831 -0.144673373668051 15.5382240114502
-0.14470433793213 0.00294384291267297 0.989470559629001 73.0399366508239 0.108350933488031 0.994029158108618 0.012888290893068 -0.787559385888232 -0.983524646257477 0.109075050395484 -0.144159299336971 15.2845616373549
-0.143747362588905 0.00252595600059297 0.989611194002481 74.7735345942137 0.108079781601979 0.994055090553016 0.0131619814049257 -0.759043970286083 -0.983694798480505 0.108848961832064 -0.143165802307952 15.0405949562286
-0.144127469715177 0.00209143174083481 0.989556920235907 76.5176547519832 0.109460942803249 0.99389471017458 0.0138422211950149 -0.765797490063662 -0.983486438378346 0.110312877762577 -0.143476459830922 14.758882322875
-0.143307049965061 0.00238778319260874 0.98967539522903 78.2041182775794 0.11048691077556 0.993784511023485 0.0136010366180585 -0.758617009323724 -0.983491602393017 0.111295301523637 -0.1426801453643 14.5311930926048
-0.143799951732801 0.00299426675982173 0.989602247495535 79.940756904282 0.110552137900069 0.993784547261202 0.0130575047605249 -0.760135768216237 -0.983412323843548 0.111280312685659 -0.143237192520706 14.298871885621
-0.144012495411009 0.00388197739825741 0.989568255057211 81.7303547003259 0.110027886513866 0.993854679530856 0.0121136354539556 -0.744303824968113 -0.98344001614475 0.110624618535383 -0.143554618243772 14.0382873929707
-0.14549830933185 0.00438707076838857 0.989348773482661 83.5137269623163 0.109728441731823 0.993892387029604 0.0117299650341564 -0.745907609682651 -0.983254753894777 0.110266389324534 -0.145091048409787 13.7918414292598
-0.146280277229419 0.00490254318579492 0.989231037505393 85.3282548057806 0.10834064952312 0.99405192147779 0.0110941906970142 -0.756023528072063 -0.9832926238687 0.108796794422559 -0.145941335367272 13.5125582561315
-0.147931499423575 0.00442308075364534 0.988987718748286 87.1253423766257 0.107150595395778 0.994175349982829 0.0115811654357699 -0.747186028640321 -0.983175986985353 0.107683842070977 -0.147543785949154 13.2550187120356
-0.148536150996313 0.0039292368803458 0.988899172284383 88.9925098610523 0.106598027657623 0.994229044592139 0.0120609862327899 -0.759167068757431 -0.98314488878634 0.107206193790009 -0.148097804394102 12.9749381520553
-0.149513998923809 0.00313948220892502 0.988754624655314 90.8126814457177 0.104174236758229 0.994479308267071 0.0125949920400639 -0.741815667157175 -0.983256473419652 0.10488588599096 -0.149015631388924 12.7058818545126
-0.151011662479662 0.00370947286288958 0.988525021234267 92.6760805903165 0.104147344412944 0.994487316399001 0.0121781843164066 -0.75092684239275 -0.983030420916291 0.104791303706903 -0.150565514712192 12.4274575620193
-0.153460975218675 0.00449895278809304 0.98814446742809 94.5216177671608 0.103418774706379 0.994571037266397 0.0115329471114247 -0.738815051140114 -0.982727981754445 0.103962547365165 -0.153093117487957 12.169670533764
-0.157741602051306 0.00508230321555803 0.9874673448658 96.4085343143855 0.103245189344388 0.994590904700843 0.0113737928413973 -0.736264634862669 -0.982068234828685 0.103745373296271 -0.157413086050965 11.8624080984388
-0.161966231642974 0.0046912601035668 0.986785149810239 98.2980899931515 0.101533466798221 0.994760516874376 0.0119360457337685 -0.72220330778323 -0.981558910574047 0.102124953593452 -0.161593932207327 11.5573891443308
-0.166708175970699 0.00415243576678259 0.985997536174267 100.222643845052 0.0997001306098142 0.994936900814792 0.0126667814950402 -0.714658291895563 -0.980952734855716 0.100415739175987 -0.166278114329071 11.2420568934771
-0.171984947006679 0.00486775249562871 0.985087550925678 102.071000318839 0.0998775897737406 0.994920945738095 0.0125211338385417 -0.724502598562065 -0.980023288021309 0.100541616842259 -0.17159760551548 10.9638519763175
-0.176463253986375 0.00628567071777525 0.984287158473668 103.9957193487 0.100386696406561 0.994880358468074 0.0116440336229766 -0.721714436743408 -0.979174770496624 0.10086408021721 -0.176190823100465 10.6379276645538
-0.18150083423191 0.00798206496441095 0.983358395404252 105.958364140056 0.0998071172034099 0.994953019395098 0.0103454604596834 -0.722638814292747 -0.978312826517503 0.100023876327015 -0.181381469935196 10.276023121657
-0.186772796203662 0.00839521931966442 0.982367264769567 107.869953308679 0.0981331997079519 0.995121492066778 0.0101533808097667 -0.719188250054378 -0.977489538416317 0.098299218304947 -0.186685473369761 9.92148846039366
-0.191622847165862 0.00832078594014019 0.981433364505908 109.820481965824 0.0968084081540727 0.995248030591396 0.0104637333023125 -0.721938589749279 -0.97668255669625 0.0970160920944861 -0.191517783299596 9.55496253435862
-0.198028682283003 0.0076024006577336 0.980166743211326 111.765858972036 0.0942610130593908 0.99548312568476 0.0113228924713177 -0.724788888085772 -0.975653372059091 0.0946337676579505 -0.197850821602 9.19043175269641
-0.202662907910403 0.00718737197537977 0.979222184920964 113.760411880751 0.0937336051220733 0.995523874987753 0.0120923777722745 -0.719448834272299 -0.974752151589377 0.0942367020510358 -0.202429461685856 8.77769625086236
-0.208170122681234 0.00696185999374432 0.978067856811739 115.730839757836 0.0940988721918424 0.995478732035665 0.012942036813705 -0.722091153306479 -0.973555649295459 0.094729227644331 -0.207884032948192 8.36890904551393
-0.214023290174029 0.00846423112496197 0.976791885743604 117.717252660631 0.0939680992174127 0.99550333355603 0.0119628260999796 -0.733632562481325 -0.972298322323221 0.094347600236016 -0.213856266537025 7.95662687249535
-0.219279184439318 0.00941092932613891 0.975616765785032 119.656831328187 0.0935762911579143 0.995546511170891 0.0114289907077173 -0.723512575415535 -0.971164309993297 0.0938007382949956 -0.219183266903651 7.51712741629999
-0.225536445810997 0.00907170612946612 0.974192494201656 121.657031536259 0.0935311003682423 0.995539348506787 0.0123830060400508 -0.741336688832027 -0.969734626005924 0.0939101151238926 -0.225378892983723 7.08397269522424
-0.231249699881394 0.00908235081637565 0.972852037675007 123.635453551797 0.09313746521008 0.995570403805123 0.0128445958109411 -0.735774477052422 -0.968426036865494 0.0935792817398894 -0.231071264223919 6.61479786074282
-0.236399618193139 0.0100606008560705 0.971603831213398 125.635940336982 0.0927783158321004 0.99561125156178 0.0122645780581714 -0.733583767116205 -0.96721631739208 0.0930431086862471 -0.236295525341684 6.15160615513498
-0.241846530557101 0.0101481273184122 0.970261444750549 127.678365915421 0.0912048616759594 0.995755953402093 0.0123188664640308 -0.726422048031963 -0.966018596541579 0.0914718359727124 -0.24174568116022 5.64277778020167
-0.245861740048656 0.00997438714612303 0.969253587241908 129.675833514891 0.0930627887184671 0.995570588253864 0.0133611810779226 -0.728089534006148 -0.964827094424793 0.0934864450330332 -0.245700961452935 5.16870415431825
-0.249433715947492 0.00945517959810444 0.968345713537987 131.714284640159 0.0953500140754042 0.995333151085806 0.0148422762883912 -0.730244339099668 -0.963686254008246 0.0960339415434372 -0.249171197988823 4.63577693347457
-0.253855087320185 0.0105144590481733 0.967185111957678 133.767796904121 0.0963858897146282 0.995238727873209 0.0144787708468929 -0.726202058298475 -0.962427843999529 0.0968985071724099 -0.253659859658909 4.11249504007833
-0.256985107391985 0.0108373981157747 0.966354596088212 135.768352831397 0.0965158779223611 0.995225740676574 0.0145055301054846 -0.724418806673905 -0.961583766443468 0.096996267437698 -0.256804174840575 3.57390476407533
-0.259395339162538 0.0108780383218034 0.965709959720319 137.798031972097 0.0959098292684106 0.995283667896929 0.0145507754892807 -0.713947487477642 -0.960997066941651 0.0963954807026995 -0.259215255395279 3.04447834581717
-0.263816536911041 0.0115999861629427 0.964503123464764 139.914519187601 0.0952422682879569 0.995354539147828 0.0140801892451727 -0.708132177287541 -0.959859231962495 0.095576052015317 -0.263695796510933 2.50042198549481
-0.267884097416657 0.0116506928669482 0.963380699260154 141.898922058422 0.0929517283493032 0.995574884155265 0.013806746036168 -0.711197975624003 -0.958956769905787 0.0932465087547514 -0.267781631291076 1.95536861837996
-0.273166521149027 0.0118119555126435 0.961894240252173 143.951340273672 0.0924187263065758 0.99562152806884 0.0140196959217437 -0.69702891136787 -0.957517013295956 0.0927267520882472 -0.273062115087312 1.38955391083445
-0.276879727208926 0.0122960106674365 0.960825907634873 146.078712880981 0.0923275203288704 0.995632164125839 0.0138644418575173 -0.705855293770302 -0.956458700441704 0.0925494563990775 -0.276805622178457 0.779964037708742
-0.281453638612588 0.0130214155801136 0.959486473092782 148.128175136015 0.0922362152105957 0.995645034282801 0.013544235365105 -0.696499276950949 -0.955131577278942 0.0923114751495753 -0.281428963755243 0.214079907680381
-0.286535478388533 0.0126046624212577 0.957986712908849 150.225385479099 0.0900484329312835 0.995841345641687 0.0138309087616951 -0.700571853577853 -0.953828443354084 0.0902282483250136 -0.286478906471184 -0.411698199248822
-0.290434930291103 0.0125362677560837 0.956812621811371 152.331813797716 0.0914450736912144 0.995701441489134 0.0147118290524824 -0.694057501943863 -0.952515275344396 0.0917686297555372 -0.290332858678416 -1.02546698372507
-0.294779156986007 0.0126932533570663 0.955481098675339 154.413166974282 0.0925278848866469 0.99559222956552 0.0153200178576806 -0.690768953760826 -0.951075096469791 0.0929246670586962 -0.294654318018603 -1.65947940605778
-0.298841607848019 0.0135055354204656 0.954207154622002 156.537579147453 0.0933639632109201 0.995516777288367 0.0151498023397292 -0.685265968776088 -0.949724625242686 0.0936159529695097 -0.298762764676674 -2.33002250506149
-0.302282628188986 0.0142624192085741 0.953111638840634 158.619040680686 0.093292640818803 0.995530341298964 0.0146909061062042 -0.683205318753002 -0.948642027249591 0.0933591074908409 -0.302262106762162 -2.9566767090273
-0.305507154565662 0.0157726058916941 0.952059138610926 160.738480816792 0.0928338709842258 0.99559283647651 0.0132957269354481 -0.687033515817542 -0.947653550042038 0.0924452749470906 -0.30562496663833 -3.65154613514519
-0.309518780193989 0.0173072866038524 0.9507358111156 162.879897073134 0.0941519666736845 0.995478982782533 0.0125300442828556 -0.684542081796209 -0.946220657076722 0.0933919304258405 -0.30974895553114 -4.3194666683591
-0.312569491432148 0.0178831621979574 0.949726542503499 164.963335557511 0.0937840652738036 0.995518782508981 0.0121203453975369 -0.684658719912496 -0.945253861206907 0.092857666251302 -0.312845955210858 -4.99852768067047
-0.315772850223332 0.0178336179529109 0.948667206734028 167.133778329307 0.0927872123358891 0.995611595356583 0.0121689941431066 -0.676026977774989 -0.944287053966519 0.0918668235122449 -0.31604184287686 -5.71460830578571
-0.319670158753439 0.0179549150003202 0.947358754976108 169.253057888366 0.0932064511361249 0.995567296598739 0.0125823451584626 -0.678692925137577 -0.942933479662887 0.0923221477783571 -0.319926669661082 -6.42550776317576
-0.323175003770146 0.0181617303093051 0.946164926685796 171.363371726434 0.094230198095968 0.995464538979194 0.0130775151208054 -0.682130705200346 -0.941636122238819 0.09338363447153 -0.323420639582459 -7.13992294006707
-0.327127231065335 0.0192653706114543 0.944783901318566 173.50674789334 0.0973843842504258 0.995156276155993 0.0134263819214964 -0.678185823903646 -0.939948964784627 0.0963993336208284 -0.327418863350553 -7.82772519488857
-0.330049254748827 0.0191390344137392 0.943769668299132 175.624219000703 0.098130749265772 0.995073095911763 0.0141382403826541 -0.664622978487707 -0.938849213392802 0.0972791403862577 -0.330301261513529 -8.58583589902721
-0.332238117637732 0.0183085512679723 0.9430178312943 177.803613996554 0.0979937903985232 0.99507085815407 0.0152054035083647 -0.667429332306972 -0.938091173730926 0.0974617063414648 -0.332394593164725 -9.32827261031109
-0.335767127609776 0.0185454490486854 0.941762444747221 179.953997937774 0.0969390256322043 0.995177819168485 0.0149644092612203 -0.657625846232002 -0.936943574248823 0.0963180904848153 -0.335945775563855 -10.0910067346504
-0.338286268770478 0.0204814921170001 0.940820338237864 182.100609095188 0.0963475305762826 0.995263162853899 0.0129765179422395 -0.64420584049944 -0.936098047061952 0.0950354941414745 -0.338657202994541 -10.8564552690989
-0.341237599545639 0.0221157010212285 0.939716870352273 184.257921088066 0.0959611492319837 0.995319545563506 0.0114219112819289 -0.658990603528598 -0.935065964782382 0.0940738964197558 -0.341762700595015 -11.6259483693176
-0.344533610011645 0.0236179521858842 0.938476842498998 186.531351990853 0.095186121022557 0.99541032326587 0.00989397293379449 -0.651669262520568 -0.933935861789782 0.0927387765192145 -0.345200413372719 -12.4209485340282
-0.34765456845835 0.0243577945706799 0.937306246044318 188.682682851565 0.0939988574549008 0.995531678010119 0.00899404667158077 -0.653007412076964 -0.932898984792679 0.0912325376278107 -0.34839074076499 -13.2277986163652
-0.352382834626767 0.0246970197739262 0.935530007575754 190.839740335456 0.0945235775556794 0.99547895583338 0.00932425755534377 -0.661849298274178 -0.931070153719085 0.0917153515348943 -0.353124146931856 -14.0186414978699
-0.35501612141884 0.0238465183653878 0.934555989277568 193.010058507119 0.0940203144047612 0.99551685045659 0.0103141134481877 -0.660771863796511 -0.930120279325181 0.091528924492979 -0.35566658821037 -14.8369270152675
-0.359068276372284 0.0232163721374761 0.933022493280741 195.205113405557 0.0941303862463607 0.995493978195074 0.0114546829924378 -0.671141473171586 -0.928552337398462 0.0919387809475442 -0.359635672966033 -15.660983442463
-0.36340625369128 0.0227037608373314 0.931354086275413 197.42117407984 0.0936680517334274 0.995527744301317 0.0122803261681063 -0.675585689504598 -0.926910023067252 0.0917008700622429 -0.363907625046927 -16.4997284423869
-0.366868266893289 0.022941760719723 0.929989973258741 199.6093394034 0.092381447620243 0.995652798465511 0.01188162629377 -0.682743585279439 -0.925674533992538 0.0902728116482227 -0.367392809666741 -17.3700185297524
-0.370358595473509 0.0237712414171005 0.928584642798049 201.830569255362 0.0922677248577947 0.995669982124958 0.0113116596860422 -0.684546914954622 -0.924294962503018 0.0898677627226609 -0.370948254497535 -18.2397473446526
-0.374106965739916 0.0242205925389009 0.927069221300081 204.026719935907 0.0924232809980794 0.995655871321948 0.0112837507807627 -0.688072281910623 -0.92276861417932 0.0899041089116445 -0.374720343571549 -19.1246171118387
-0.376756723950803 0.0247345251911844 0.925981951347554 206.218952243485 0.0934488746216482 0.99555848209754 0.0114287600197842 -0.697856815459161 -0.921586500980676 0.0908378334572606 -0.377394765759921 -20.0275660589083
-0.379252713650412 0.0249361049383049 0.924957063792317 208.435238696824 0.0941754921649074 0.995485956918728 0.011776512773371 -0.701336626499416 -0.920488107399708 0.0915745611406888 -0.379889120517545 -20.9311392932623
-0.381728953584752 0.0252686838892162 0.923928839039889 210.676519201695 0.0963326364278153 0.995269684863706 0.0125808405984907 -0.706546869887254 -0.919240463183577 0.0938069720532815 -0.382357454275758 -21.8304463943236
-0.384557964188819 0.0253231853056241 0.922753438609106 212.865741950661 0.0970876330586047 0.995188957728593 0.0131502822081559 -0.712174641957205 -0.917981025776693 0.0946449930057234 -0.385166407690128 -22.7115079649096
-0.38773917568994 0.0259594499719843 0.921403515617581 215.052949749326 0.0962259506783989 0.995281621579182 0.0124523155578723 -0.712292213570142 -0.916732729889865 0.0934911798185611 -0.388407648283101 -23.6724623686594
-0.390348196142687 0.0262269089651566 0.920293667811685 217.25924629353 0.0957160152998593 0.995333509666084 0.0122331087999916 -0.71029681214597 -0.915678289675619 0.0928620147419208 -0.391036975278303 -24.6021050612642
-0.393276089087679 0.0276491044156756 0.919004594535256 219.46442691131 0.0956755512433888 0.995351824356332 0.010997028907627 -0.725879390819002 -0.91442884176199 0.0922511396977434 -0.3940934160555 -25.4956924410091
-0.396312416038139 0.028867068350159 0.917661790235858 221.678552178833 0.0958197715017494 0.995347751226793 0.0100710236380926 -0.740162639345606 -0.913101878370298 0.0919214147662759 -0.397234707980056 -26.4661856232092
-0.39899038823228 0.0287520001415235 0.916504223987056 223.819834409242 0.0933199674139313 0.995591863952929 0.00939276916541021 -0.736413451957038 -0.912194087779633 0.0892757689330857 -0.399914720035771 -27.3797119303348
-0.401934089749029 0.0300422759229333 0.915175638418653 226.03491715954 0.0951409628272629 0.995422140074515 0.0091082513016956 -0.757400365658152 -0.910712459939975 0.0907316080913581 -0.402952342843711 -28.3417264333113
-0.404410016535765 0.0298656394238426 0.914090029541591 228.277009869329 0.0963771932696196 0.995293432602649 0.0101202586680082 -0.775345928860166 -0.909485555214052 0.0921901654182377 -0.405385000039648 -29.3237599187012
-0.406489170753727 0.0284442753957631 0.913212722894922 230.417253636846 0.0959479538965925 0.995317508648913 0.0117067126034098 -0.775868760249286 -0.908603623260993 0.0923795441325159 -0.407314958751656 -30.2717502921287
-0.41041646194333 0.0278762971361354 0.911472018124471 232.652231467411 0.0950015581562683 0.995400711176 0.0123340236011515 -0.779084347501334 -0.906936068151333 0.0916533482655734 -0.411177129760289 -31.2641044411882
-0.412681398373864 0.0280822585273029 0.910442447490339 234.85334421704 0.0938775972780304 0.995513266829887 0.0118461932700186 -0.799488375024385 -0.906024867299732 0.0903588530344007 -0.413466102011775 -32.2503455207787
-0.416145899191552 0.0275468617709252 0.908880498741517 237.044438823264 0.0922111854747818 0.995666640489954 0.0120431843290509 -0.795361422647011 -0.904610240854806 0.0888206700156086 -0.416882718181731 -33.2461438035244
-0.419767834388973 0.0269806236641831 0.907230406875279 239.257377229014 0.0912598121740102 0.995747248257529 0.012612068407799 -0.806105177615091 -0.90303189971028 0.0880878171726962 -0.420444912647773 -34.2553568900786
-0.42257105350804 0.0271186591440769 0.905923994087436 241.472438616222 0.0907323829611035 0.995796690593304 0.0125134202208522 -0.820329584788621 -0.901776768063641 0.087484451930908 -0.423255397190684 -35.2618717011243
-0.426795436972356 0.0270123738806048 0.903944681181824 243.587453274025 0.090263944605462 0.995834851130677 0.0128596103286549 -0.813382843489511 -0.899832248412913 0.0870820356381107 -0.42745601386024 -36.2412784570643
-0.430640128017736 0.0266836614422926 0.902129182740976 245.853267092052 0.0893374454912511 0.995914095960338 0.0131884153938666 -0.828775981817463 -0.898091254257587 0.0862733775827546 -0.431264423928635 -37.3558240261053
-0.434247974415631 0.0264999518312145 0.900403492479269 247.978294004593 0.0886211755756645 0.995974892334268 0.0134276237410147 -0.827965741069625 -0.896423440097094 0.0856257344066977 -0.434848536448962 -38.3681163292374
-0.438361522988177 0.0268101629908636 0.898398792476865 250.111236413638 0.0882572385491295 0.996008373839885 0.0133408801999514 -0.830266404377139 -0.894455049181997 0.0851383251023341 -0.438977938616055 -39.3794808510149
-0.441865244884001 0.0270685283230673 0.89667296164099 252.293198439404 0.0882574270381818 0.996007232791005 0.013424559605595 -0.837345438774166 -0.892729372170649 0.0850698948067262 -0.442489978486938 -40.4502025596333
-0.445909029568565 0.027126189150977 0.89466714883881 254.43203409566 0.0880456576452288 0.996022453359403 0.0136833685083349 -0.848093962858575 -0.890737390884114 0.0848730950658755 -0.4465237487692 -41.5123886499523
-0.449523019067671 0.0272251523039151 0.89285376541196 256.613024924936 0.086789185094507 0.996137634734585 0.0133210365969697 -0.846360556175788 -0.889042570791139 0.0834781632968469 -0.45014964575535 -42.5996511625791
-0.452459305587759 0.0277645285396472 0.891352740357045 258.750202839205 0.0870661239137603 0.99611550422153 0.0131678516137085 -0.836348825301351 -0.887524685208066 0.0835645451400175 -0.453119079207514 -43.6886660189909
-0.45611998532875 0.0284019957256326 0.889464943447746 260.942163997767 0.0878385613230152 0.99604675015046 0.0132385293522705 -0.838752995320042 -0.885572665639813 0.084167678793639 -0.456811619508618 -44.780472607184
-0.459778647987853 0.0296663774145444 0.887537887025427 263.119039419592 0.0888806831992326 0.995960632522009 0.0127531415893565 -0.851912844759614 -0.88357445583748 0.0847485959615753 -0.460558200962747 -45.9176667532487
-0.463267670364819 0.0315140226185273 0.88565790911229 265.20502615086 0.0909822727024944 0.995778288492517 0.0121583806817496 -0.860270641906569 -0.881535757441888 0.0862117541018181 -0.464179105309626 -46.9972008224912
-0.466300666853378 0.0324597772754883 0.884030571276424 267.381129398915 0.0922246080836732 0.995664865545927 0.0120870666923093 -0.855650975637415 -0.879805836395684 0.0871655802288791 -0.467272781004259 -48.1191591776132
-0.469325905310668 0.0343424904400725 0.882356950420121 269.581245755499 0.0937526838759769 0.99553341908286 0.0111196112900797 -0.852978994423883 -0.878033956558841 0.087942053873928 -0.470449323827829 -49.2642738572439
-0.471134289164482 0.0364428244696181 0.881308346787976 271.683487957448 0.0953533519012335 0.995395108613887 0.00981407299480261 -0.859209981393712 -0.876892365033861 0.0886594512289829 -0.472439712400532 -50.427074700877
-0.474750352534773 0.0374091974469948 0.87932511320585 273.856408174733 0.0970749855785277 0.995226115045471 0.0100711025428195 -0.862591420268211 -0.874750564414243 0.0901417321659125 -0.476115446272321 -51.5648271357639
-0.477901083736373 0.0382160847335651 0.877581953455765 276.008347839014 0.0967300921439935 0.995266872433551 0.00933498313615422 -0.869117377945499 -0.873071499613528 0.0893497817791109 -0.479335762340565 -52.7519877134138
-0.481510615370586 0.0386954754509997 0.875585625433093 278.196303347491 0.0963733808943993 0.995304450998965 0.00901228476198626 -0.866167561151055 -0.871125535580505 0.0887226577671632 -0.482978872476125 -53.8647057701595
-0.484968491151735 0.0396861977981066 0.873630681864104 280.390176518996 0.097102973329453 0.995236373471237 0.00869330146724812 -0.870915862955799 -0.869124027490087 0.0890481140965404 -0.486511930188008 -55.1045009203232
-0.488085393439032 0.0404635081392755 0.871857415648068 282.53716350042 0.0964395384988418 0.995308312363202 0.00779607304003549 -0.872294236718807 -0.867451476525111 0.0878866761789178 -0.489697731283928 -56.259831042718
-0.490611881489188 0.0403760857373256 0.870442274618008 284.737176905339 0.0950048329087703 0.995449503617174 0.00737343015828251 -0.873642224411233 -0.866183619947651 0.0863137152997979 -0.492215277176084 -57.4962184985834
-0.494027223014027 0.0407174454239725 0.868492482730389 286.947982809493 0.0961444055493576 0.995335037987323 0.00802592277155148 -0.883700076080152 -0.864114203217728 0.0874657178151536 -0.495637359371215 -58.7143827857937
-0.495579604559644 0.0407425281805614 0.867606421104618 289.138130401606 0.0974661199089352 0.995198700943454 0.00893874210164589 -0.888057359703464 -0.863076596261539 0.0889920897491391 -0.497171194808868 -59.9713389735244
-0.497987750412963 0.0405906679860334 0.866233570182479 291.360071049868 0.0984936772529311 0.995087488592541 0.00999427775207118 -0.896757707309748 -0.861572513477439 0.0902955575819636 -0.499539304060381 -61.2501912201947
-0.500317356824862 0.0404184957884485 0.864898194967467 293.605057670638 0.0985255223443352 0.995079213689341 0.010491898311538 -0.902499076203016 -0.860218149021839 0.0904638252651463 -0.501837655434343 -62.5102730283834
-0.50239237089946 0.040022034753042 0.863712997700188 295.810229428438 0.0981745114924856 0.99510848262931 0.010994229959551 -0.88797855294997 -0.859048119115123 0.0903180188745191 -0.503864053601119 -63.7952320514014
