1 -1.73472347597681e-18 -9.48676900924816e-20 -1.73472347597681e-18 1.73472347597681e-18 1 -1.6456920911512e-37 6.93889390390723e-18 9.48676900924816e-20 0 1 5.55111512312578e-17
0.999998931276538 -0.00137941674474198 -0.000484412247148555 0.0268001280844018 0.00138021681168795 0.999997677667583 0.00165519213196742 -0.0810514512787252 0.000482127922439689 -0.00165585895695206 0.999998512840785 1.53109614337631
0.999996600349499 -0.00213146389096356 -0.00150204897555447 0.00537462472129151 0.00213583094704486 0.99999347975089 0.0029118176233098 -0.114899362547142 0.00149583274769981 -0.00291501584683352 0.999994632569097 3.06506130448641
0.99999285506541 -0.00114674041689443 -0.00360205560004821 -0.0184867816006664 0.00115691972833043 0.999995339988495 0.00282516159484631 -0.133013721428235 0.0035987990874426 -0.00282930869843775 0.999989521773812 4.58913895009653
0.999987334951365 -0.000706369874989378 -0.00498306918126045 -0.0371192267849879 0.000718905995580772 0.999996580476594 0.00251440038348982 -0.148841094566774 0.00498127604485419 -0.00251795089679747 0.999984423284806 6.10965482301976
0.999978754108724 -0.0006995935394969 -0.0064808872883312 -0.055425049937024 0.000717425384662534 0.999995962670526 0.00274953513627892 -0.170459702096498 0.00647893756583597 -0.00275412627301014 0.999975218771191 7.62589806759518
0.999962785349335 -0.00126905625883411 -0.00853331193683426 -0.0743185969884359 0.0012941142788926 0.999994865440835 0.00293161392403066 -0.194872093507822 0.00852954773904047 -0.00294254790586629 0.999959293285076 9.11761800275812
0.999953640027293 -0.0024882615299257 -0.00930195413478421 -0.0936470586115788 0.00251347665599633 0.999993196120378 0.00270002741676126 -0.226441764026937 0.00929517247105715 -0.00272328248813684 0.999953090650368 10.6372276754879
0.999936130373572 -0.00340729967429375 -0.0107761534165585 -0.121740270073661 0.00343645355091573 0.999990482546483 0.00268804825933511 -0.241698743090446 0.0107668918690607 -0.00272490832537051 0.999938322554996 12.131181558073
0.99991663784527 -0.00360064444269951 -0.0123997064403969 -0.146863364032453 0.00363599847361742 0.999989385713306 0.00282983671360475 -0.274923110159931 0.0123893855905212 -0.00287468612600936 0.999919116381103 13.6161966217635
0.999916100162628 -0.00278489250067594 -0.0126505734779553 -0.186608515653491 0.00282069971999323 0.99999206384256 0.00281352181202455 -0.294905647875437 0.0126426377252177 -0.0028489692270691 0.999916020016527 15.1117120898286
0.999904170227133 -0.00164600250385041 -0.0137455824956844 -0.208445163285456 0.001688644647529 0.999993796419444 0.00309121365849942 -0.324575672753203 0.0137404090784343 -0.00311412883250515 0.999900746754383 16.5767394066908
0.99989123513618 3.74279955959985e-05 -0.0147484404934756 -0.225489877353459 2.18019615566483e-05 0.999991936269754 0.00401583367964956 -0.340015767941969 0.0147484718706352 -0.00401571844297893 0.999883171466981 18.0868310236645
0.999889876370859 0.00109045056289758 -0.0148002043444654 -0.250350245867693 -0.00102279259093486 0.999988996833097 0.00457822105750101 -0.35613238790952 0.014805033819076 -0.0045625793478353 0.999879989720422 19.5646330499557
0.999871395287391 0.00124960587576854 -0.0159884762001206 -0.304334533448647 -0.00117227283907756 0.999987574555312 0.00484525658506917 -0.375268350285194 0.0159943321972922 -0.00482589060585088 0.999860436319701 21.0309499570737
0.999870557463036 0.00135424581593614 -0.0160322904423212 -0.336743568387567 -0.00127765178528279 0.999987727172257 0.00478676412408227 -0.399813585997478 0.0160385761360692 -0.0047656608286844 0.999860016478504 22.4825284237408
0.999871241166928 0.00287716015989833 -0.0157867994451559 -0.364036883772017 -0.00278686226309423 0.999979649254969 0.00573885656170824 -0.418067311399143 0.0158029897814883 -0.00569412199760544 0.99985891129131 23.9664919947067
0.999865474779597 0.00337077836991363 -0.0160521088007653 -0.40142233559226 -0.00326758024723885 0.999973854458251 0.00645083864596 -0.43326712370781 0.0160734334570601 -0.00639751929182546 0.999850347043902 25.4195974744367
0.999873341055671 0.00365736483349698 -0.0154895296456473 -0.403791179056022 -0.00357221807329155 0.999978377804994 0.00552115753520639 -0.44927760273646 0.0155093876154262 -0.00546512625347454 0.999864786504069 26.834269786615
0.999865737181354 0.00364948404309881 -0.0159746322964384 -0.464801639073564 -0.00359359507237278 0.999987326916185 0.00352591569352884 -0.474842314423395 0.0159872976216452 -0.00346803593424607 0.999866180566938 28.2762672891783
0.999880200787934 0.00230733713165239 -0.0153055632905512 -0.493739632075604 -0.00225986619558899 0.999992585143892 0.00311811834521927 -0.495748977938597 0.0153126443522405 -0.00308315627201362 0.999878001093305 29.7042830640754
0.999890172629704 0.00113813248563341 -0.0147765805579661 -0.509816710415111 -0.00106219617035461 0.999986196168307 0.00514579557857641 -0.515818111449771 0.0147822331816475 -0.00512953480210032 0.999877579234017 31.1179606459072
0.999894234380483 -7.49439465341908e-05 -0.0145435358861987 -0.536643442093821 0.000175099881953431 0.999976279486368 0.00688547780706353 -0.528889656101282 0.0145426748811768 -0.00688729613165445 0.999870529498342 32.5633118191677
0.999897820586533 -0.00124977028301019 -0.0142403111111412 -0.564696960685198 0.00133291611214512 0.999982112564291 0.00583077062614238 -0.552537284765843 0.0142327692646361 -0.00584915598154174 0.999881600817498 33.9276465829468
0.999900365255646 -0.000738263923642593 -0.0140966140617186 -0.584850134714844 0.000803968447250251 0.999988837974876 0.0046559167080871 -0.576941981475991 0.0140930194196212 -0.00466678604993485 0.999889797883548 35.323382737621
0.999912076186567 -0.000212544841880143 -0.0132587601591779 -0.621975077267318 0.000258091549947379 0.999994071873157 0.00343359975745688 -0.59096901623873 0.0132579517656484 -0.00343671983623227 0.999906203436976 36.6822968534674
0.999925846087065 0.000364925743777864 -0.0121724753550492 -0.634409240749449 -0.000333469252781407 0.999996600279551 0.00258616078346158 -0.625883965632592 0.0121733777286832 -0.00258190986325886 0.999922568310233 38.0540260954539
0.999937734645754 0.00116789952166457 -0.0110978755726071 -0.669340832685671 -0.00113054275522197 0.999993676411711 0.00337179620794889 -0.638169152358971 0.0111017433133895 -0.00335903963903659 0.999932731811549 39.3876338796505
0.999956892628663 0.00118831233591327 -0.00920873488711964 -0.695694275245105 -0.00114167239694315 0.999986504101567 0.00506835267771356 -0.65706571377587 0.00921463339297859 -0.00505762083592122 0.999944753975395 40.7247294884514
0.999972670911057 0.000680283023444771 -0.00736170129901637 -0.722234109752932 -0.000634021342099047 0.999980050634604 0.00628461214026009 -0.689396977733077 0.00736582975269517 -0.0062797729117982 0.999953153404814 42.0371537572493
0.999986398927045 0.0010559239282563 -0.0051075420290154 -0.724491419930912 -0.0010214324210248 0.999976690369248 0.00675095504170479 -0.707485842198319 0.00511455146906377 -0.00674564621245257 0.999964168168263 43.2716068434402
0.999998211081921 0.00106141460607167 -0.00156564108023409 -0.719654596157016 -0.00105133338153019 0.999978801227665 0.00642586907766134 -0.728687431279648 0.00157242840186101 -0.00642421157157682 0.999978128248116 44.5595655667191
0.999997400514929 0.000244312742538514 0.00226699683918228 -0.729524902209469 -0.000255512403597998 0.999987758893205 0.00494133354028775 -0.754395339684679 -0.00226576185788284 -0.00494189994117631 0.999985221864891 45.7956562994606
0.999983882210603 0.000521467487132737 0.00565361748543919 -0.739838768017846 -0.000539881266801609 0.999994553631274 0.00325595393178558 -0.767881807488919 -0.0056518888196387 -0.00325895373517587 0.999978717460188 47.0347481975833
0.999953588685667 0.000855130193471489 0.00959631319875784 -0.741201783396878 -0.00088881094493274 0.999993458814686 0.00350604377382349 -0.78861910666731 -0.00959325230360425 -0.0035144103619259 0.999947807853014 48.2621611485997
0.999886072173356 0.000927984033924682 0.0150659058596426 -0.721204756355984 -0.000981273194655345 0.999993287856931 0.0035300628893691 -0.814382460524856 -0.0150625288931269 -0.00354444448654946 0.999880271400844 49.4666119323385
0.999762628194354 0.00240113786780017 0.0216546023481924 -0.698268052519536 -0.00245782770525222 0.999993621126286 0.00259167700724847 -0.835664575521609 -0.0216482412424154 -0.00264428509779521 0.99976215241798 50.6813184643498
0.999572328392382 0.00354524969294947 0.0290274269760053 -0.691036458479803 -0.00361925884879588 0.999990331719036 0.00249748550314882 -0.860775666916857 -0.0290182921209725 -0.00260147517144936 0.999575495422589 51.8709259801135
0.999286194515612 0.00456719071770375 0.0374998962592512 -0.653654110084153 -0.00470925289286082 0.999982063052328 0.00370087973353937 -0.881425806216812 -0.0374823210020079 -0.00387483452022937 0.999289778427531 53.044436565501
0.998851034934362 0.00629800882344879 0.047507316230392 -0.607925097841203 -0.00649506546663283 0.999970927854212 0.00399469285055362 -0.900441798531575 -0.0474807764799488 -0.0042986662170808 0.998862902171071 54.2322441947465
0.99815087769745 0.00885562842631249 0.0601365379531124 -0.564357000782397 -0.00911515437034275 0.999950284221745 0.00404265329410152 -0.920244898773286 -0.0600977479828976 -0.00458333176047452 0.998181974269901 55.3670485396388
0.997106061058293 0.0109467945632187 0.0752307828591931 -0.465384092324747 -0.0113184909157081 0.999925745278459 0.00451615906596379 -0.942751838537275 -0.0751757591528507 -0.00535458850974924 0.997155922420202 56.5160527968925
0.995693199536567 0.0126196501909212 0.0918465939798154 -0.386074352212113 -0.0131843045065463 0.999897715945627 0.00554362348988623 -0.953771999789408 -0.0917672409485702 -0.0067306816725899 0.99575773731009 57.6451872011116
0.9939291564489 0.0128237167663234 0.109272065273218 -0.288492459580626 -0.0136146404653404 0.999886221300969 0.00649507640203647 -0.968400370368699 -0.109176341419635 -0.00794334569094734 0.993990658775754 58.7241778087081
0.991644578844623 0.0124719377359974 0.128395794390546 -0.135030475231317 -0.0133422353149841 0.999893461510245 0.00592033663403616 -0.992261357106228 -0.128308277226645 -0.00758395663029016 0.991705334056927 59.8100943475578
0.988729847131189 0.0115139516561379 0.149267271393284 0.0308807261708529 -0.0123564805837898 0.999912524040244 0.00471822583711718 -1.00174384709972 -0.149199888671268 -0.00650946885142969 0.988785628958954 60.8996429866364
0.985519968715624 0.00853977120123302 0.169344216230096 0.181393369570563 -0.00946402495189174 0.999944396767134 0.00465140900410602 -1.01279198088621 -0.169295078175548 -0.00618673434407031 0.985545991227041 61.9666590662557
0.981402257584736 0.00380508459598458 0.191924803344439 0.393678597082768 -0.00509110549892212 0.99996777045272 0.00620795462416227 -1.0430068732039 -0.191894995902402 -0.00706961010482287 0.981389999521384 63.0413445294953
0.976626625185822 -0.00188400960619687 0.214934607464587 0.633307593592007 0.000132838835253471 0.999966684665801 0.00816161211595029 -1.04579081495984 -0.214942823401937 -0.00794229603396499 0.976594338813057 64.0402215243996
0.971055268449277 -0.00727643118789052 0.23874404529971 0.860109840847832 0.00560436178231973 0.99995479037985 0.00768168766630734 -1.06640548629325 -0.23878914704382 -0.00612133527571547 0.971052147162307 65.0490987703218
0.964421704067965 -0.0136350682675481 0.264016782868025 1.14143169628961 0.0123514234304039 0.999902452124458 0.00652139361932638 -1.0956497703382 -0.264079948238948 -0.00302839046931272 0.964496039281282 66.0339465122878
0.956899796273037 -0.0171474492919267 0.289911615626904 1.43756973567929 0.0157537470849803 0.999850404850438 0.00714054432091035 -1.10518987087514 -0.289990688377064 -0.00226559113637342 0.957026785284194 67.0007260469387
0.948093798384371 -0.0198825479442702 0.317368608643545 1.77958548606699 0.0178917083990773 0.999797726986535 0.00918650549018216 -1.106373218182 -0.317487064674544 -0.00303140228319449 0.948257757344773 67.9852626039288
0.938581474916297 -0.0248998775363189 0.344158119245538 2.08498116669882 0.0221299116338973 0.99968338393114 0.0119749281025309 -1.11832600404289 -0.344347327498015 -0.00362325691349803 0.938835337028977 68.8809591025424
0.927359387502904 -0.0282747966436404 0.373101999840526 2.48818361423294 0.0256559349496654 0.999599000157663 0.0119838176579575 -1.14532818875178 -0.373291226004708 -0.00154102516573128 0.927712932878129 69.7985348454108
0.915021603927553 -0.027487799759888 0.402467247375743 2.91252958879781 0.026464087960882 0.999616905920959 0.00810514931433054 -1.14268927134018 -0.402535857277642 0.0032345419102547 0.915398504119591 70.7555184744357
0.901758096406964 -0.0285943516588098 0.431294213522162 3.30472786331915 0.0301765930572103 0.999539541478034 0.00317462648851517 -1.16329690192661 -0.431186396812269 0.0101522448303013 0.902205754320464 71.5882131215079
0.887487973854597 -0.0306889913347405 0.459807875176489 3.73942076353099 0.0338897724578065 0.99942474016213 0.00129308724292878 -1.18273452427397 -0.459583049715957 0.0144351848867946 0.88801748059994 72.436861752596
0.871582117930692 -0.0315389611864273 0.489233998849968 4.21528663679213 0.0339471321949613 0.999415821406487 0.0039507136233919 -1.20177485704931 -0.489072800224248 0.0131647198860159 0.872143615599596 73.2940809990624
0.853762494932834 -0.0309376470525821 0.519742690416048 4.71081175243182 0.0305388896454366 0.999490038796761 0.00932944613962305 -1.20334271557307 -0.519766272920133 0.00790723345413196 0.854271910572866 74.0922973559351
0.83375789561079 -0.0310265683896628 0.551257765079666 5.24995523005153 0.0288722461157696 0.999503856650948 0.0125870546241987 -1.19543039012506 -0.55137479531703 0.00542149369119922 0.834240038894837 74.9000757429348
0.812797551694047 -0.0258935489807823 0.581970501040511 5.77291375171941 0.0253900684378329 0.99963696037139 0.00901620120501061 -1.21817130476749 -0.581992684133474 0.00744792458520493 0.813159912953466 75.6476023807593
0.791069964394315 -0.0190183039054488 0.611429975998673 6.33733577571581 0.0220015056250443 0.99975447465536 0.00263137926101019 -1.23176401013245 -0.611329898813569 0.0113707749579402 0.791294167989027 76.4213720177404
0.76806742938404 -0.0163559350152849 0.64016006381933 6.96156506046049 0.0207266850201961 0.9997849504651 0.000676277731805702 -1.23539091249456 -0.640033458849978 0.0127489691062742 0.768241261153852 77.1358999250685
0.744760489992833 -0.019162852183467 0.667056667489225 7.52917062051005 0.0226960873243727 0.999736696915967 0.00338000883381422 -1.25766491494717 -0.666945800021111 0.0126222793403889 0.744999314025491 77.8194912730301
0.720421726853462 -0.0197284749403597 0.693255596987145 8.15956747172608 0.0234362951314195 0.9997169455052 0.00409498965398228 -1.24694507038405 -0.693140155775142 0.0132972232545302 0.72068017060672 78.4676341725036
0.694189816605435 -0.018432253861341 0.719555939826018 8.85059220421117 0.0242087203967925 0.999704386609191 0.0022532756357583 -1.29150768408088 -0.719384762403307 0.0158553275567508 0.694430826079895 79.0927945268041
0.667938080061114 -0.0156213116927153 0.744052885099757 9.52082430499051 0.0235130590366524 0.999723522769764 -0.00011864042912435 -1.29774318980839 -0.743845318099813 0.0175742038741891 0.668120715214831 79.6813984999829
0.640731403158389 -0.0138468642435592 0.767640236932186 10.1937247972855 0.0226478278236224 0.999743126482605 -0.000870026240094194 -1.29802160822408 -0.767431003349196 0.0179428370501251 0.640880417626439 80.2639063140946
0.613260541738858 -0.0122894013757897 0.789785083779117 10.8931968031985 0.0228663079309406 0.999736113059686 -0.00219913753970005 -1.319094409425 -0.789549643725947 0.0194081132039117 0.613379723527029 80.8130536593089
0.584122899247675 -0.00659702778987036 0.811638415674634 11.6198467705006 0.0219603254991462 0.999729354600816 -0.00767864919152809 -1.34448632349811 -0.811368093209526 0.0223091186238875 0.584109681950029 81.3695315182399
0.554392097686841 0.00272420828177339 0.832251152424328 12.3930744237931 0.0203685930635169 0.999650699637657 -0.016840401733803 -1.3611563963932 -0.832006323557097 0.0262879706934663 0.554142960036327 81.8649273538998
0.523681474252681 0.0107913708093362 0.851845795810835 13.1605044587115 0.0196468256025784 0.999500842806042 -0.0247399974485377 -1.40391860757395 -0.851687569340002 0.0296919441274429 0.523208058697161 82.3465318126415
0.491666638824521 0.0157389938535468 0.870641258119253 13.975516655321 0.0172361603533645 0.99946485622347 -0.0278013659821311 -1.43166459505429 -0.870612905396693 0.0286755165023632 0.491132246660766 82.8034501093919
0.458894486517622 0.0155179773735015 0.888355245733352 14.7896984333606 0.0155863568845436 0.999553007074527 -0.0255117919272282 -1.45916210542097 -0.888354048633086 0.0255534425568463 0.45844749519514 83.2286805610452
0.425488811165387 0.0144592590903068 0.904848164831882 15.6332115195855 0.0113378865378704 0.99970869924006 -0.0213065481155661 -1.49065235299241 -0.904892658773359 0.0193247636545945 0.425200928512362 83.6053467789255
0.391176196746206 0.0150467427616349 0.920192794272721 16.5108406675439 0.0072709629713615 0.999784603842811 -0.0194391104823019 -1.52701390150401 -0.920287083575904 0.0142948050402668 0.390982534587183 83.994562969671
0.355922540901453 0.0176641497036399 0.934348501734498 17.3482254901517 0.000821191035406688 0.999815044668643 -0.019214632432693 -1.56090746800095 -0.934515099141548 0.00760619941150161 0.355842205488578 84.3461717346293
0.320059721413828 0.0199701685399128 0.947186870209353 18.2489337331805 -0.00431026752982837 0.999798160465139 -0.0196229438246537 -1.57497918882298 -0.947387563947471 0.00219788512249472 0.320081197477553 84.6334998076265
0.283567908106357 0.0193144060794512 0.958757631109126 19.200551644352 -0.00693901510102536 0.999812298968663 -0.0180891376363087 -1.60821842415462 -0.958927052262899 -0.0015233347615135 0.283648705073004 84.932474591276
0.247325578439594 0.0187860687019393 0.968750299030791 20.0859067189379 -0.00763614054121948 0.999818768630646 -0.0174390152111256 -1.63825819483653 -0.968902341625385 -0.00308439890823898 0.247424208347162 85.1550965500245
0.210961215398474 0.018271288952504 0.977323654475636 21.0376868860791 -0.00723574618082096 0.999827086598096 -0.0171301162276028 -1.67493833926305 -0.977467651421164 -0.00345787576100585 0.211056943786307 85.359881554256
0.175763775715057 0.0175639508764122 0.9842756741767 21.9636283415725 -0.00458147512222898 0.999844590648786 -0.0170236493169352 -1.69274512466892 -0.984421711073101 -0.00151729363426213 0.175816929184694 85.5229863625722
0.140453791395384 0.0162307172434143 0.989954188990797 22.9249024199567 0.00263657632046071 0.999855945436132 -0.0167671357519624 -1.74026791429047 -0.990083724211225 0.00496509756023824 0.140390764860973 85.6444663378326
0.106198428630903 0.0188725107358885 0.994165842349681 23.8851419730251 0.00469819181923867 0.999799182448182 -0.0194813184763225 -1.79133859560299 -0.994333857791213 0.00673966723733743 0.106088435446911 85.7409180391606
0.0743248687642413 0.0248263106447497 0.996925006298342 24.8395512463284 0.00590979912087272 0.999661547272494 -0.0253350583009866 -1.78432586862357 -0.997216570338424 0.0077746514091532 0.0741529948008636 85.8583661920753
0.0449028251448351 0.027210771051147 0.998620703887524 25.802067063881 0.0110202709022697 0.999554652823952 -0.0277317443957118 -1.86010258801043 -0.998930573124706 0.0122503043550177 0.044582957730017 85.8904948543242
0.0188660240416283 0.0262359316673607 0.999477738134475 26.7717825334876 0.0148601226084906 0.999537879218839 -0.026518008272988 -1.88652331488595 -0.99971158335438 0.0153526511147494 0.0184674364985358 85.9133145963396
-0.00359181666172651 0.0237433628777858 0.999711634208746 27.7989957311489 0.0161172735985423 0.999589600765642 -0.0236825575674387 -1.91834423203059 -0.999863656877686 0.0160275625233252 -0.00397302085856933 85.8635168706728
-0.0227322621141541 0.0215358711257014 0.999509605013394 28.7440813871001 0.0179621365895375 0.999615376229418 -0.0211296297851782 -1.94840026778393 -0.999580214844368 0.0174730037651535 -0.0231103490045204 85.8815808774066
-0.0400529557609159 0.0238701403933912 0.998912397126201 29.7624681588379 0.0187690144565493 0.999556196840164 -0.0231329517087125 -1.99373701093251 -0.999021263452958 0.0178220581310795 -0.0404831991427118 85.8168701163885
-0.0543502406620772 0.028864391418095 0.998104652953806 30.7328105685359 0.0217987879435287 0.99937817460725 -0.027714201465578 -2.01009576770259 -0.998283959694919 0.0202511981557779 -0.0549456530499735 85.7503590822827
-0.0666649239438046 0.0328414484860293 0.997234790396377 31.6849084636131 0.0252351813297938 0.999193954900641 -0.0312190024387216 -2.06481821501549 -0.997456251441044 0.0230841883408527 -0.0674399489162386 85.7215758978406
-0.0755440005751907 0.0368016192436498 0.996463117630623 32.6755608510252 0.0309970166355248 0.998922419852808 -0.0345424966542357 -2.1066829494176 -0.996660568567249 0.0282779054467672 -0.0766033362638411 85.6547678839976
-0.0805598198716736 0.041420754459044 0.995888767143343 33.6327945648307 0.0344948571021366 0.998653543902183 -0.0387453750157876 -2.15383253661946 -0.996152709305028 0.0312317202801003 -0.0818801526170958 85.5545484350024
-0.0849466500716434 0.0469747958769541 0.995277566909817 34.6872056362835 0.0364398834373146 0.998366273402927 -0.0440104422453096 -2.19833954562436 -0.995718937018213 0.0325292588890572 -0.0865196265563369 85.4603048752151
-0.0874220544834014 0.050459127063932 0.994892587612274 35.6474214411604 0.0384999045863976 0.998141301080618 -0.047240876621089 -2.26362828441644 -0.995427115230814 0.0341733752069743 -0.0892022347826773 85.3737364260033
-0.0900563951524347 0.0538508441109746 0.994479729446852 36.6950828520496 0.0387254710429095 0.997971315196354 -0.0505330776597236 -2.31936893763324 -0.995183492419691 0.0339608691554618 -0.0919590984163737 85.2465760296323
-0.092367397716334 0.0567803579176551 0.994104750413082 37.6365954052659 0.0396155770116673 0.99779188342876 -0.0533100686711295 -2.38239145599109 -0.994936616019908 0.0344579209824225 -0.0944128263766312 85.1705356665754
-0.0944925029113331 0.0608496983099124 0.993664169178473 38.688507830337 0.0410777460593858 0.997518486302671 -0.0571794391639834 -2.45053126363162 -0.99467772955477 0.0354144560881528 -0.0967575869260286 85.0747697954944
-0.0963353130503305 0.0620061733153658 0.993415694425188 39.6598592625349 0.04303108455986 0.997384041279653 -0.0580809776283859 -2.52608830158025 -0.994418339141579 0.0371525055878025 -0.098751496735246 84.9927236138418
-0.098411603827894 0.061277873188094 0.99325735763173 40.7010207029899 0.0439131397569862 0.997397518383345 -0.0571823965869572 -2.58887647965045 -0.994176439264533 0.0379896378014918 -0.100846393247386 84.8839567605899
-0.100917746635663 0.0607714391665769 0.993036978463342 41.7134531455054 0.0443061371035875 0.997416939038519 -0.0565368546524277 -2.66741990547451 -0.993907729434145 0.0382920605433381 -0.103349617659705 84.7954418023734
-0.103447446354248 0.0618691119845549 0.992708838897402 42.7488651947951 0.0433413974132446 0.997395912996855 -0.0576447396337016 -2.74212000185935 -0.99369016756384 0.0370621871914309 -0.105859553973815 84.6833625912557
-0.10595880599417 0.064108434377361 0.992301788809218 43.7873492428208 0.0416573868862543 0.997329662364678 -0.0599850538498232 -2.81251512531267 -0.993497555885317 0.0349807548409245 -0.10834645006026 84.5614759625257
-0.108197274154416 0.0657933785541626 0.99194988845404 44.7825354521201 0.0402604541876688 0.997278979985014 -0.0617554200751109 -2.88129635464905 -0.993313870684466 0.0332545849241791 -0.110551738509007 84.4448197618445
-0.110386902435545 0.0697859576380947 0.991435651914545 45.8137834480963 0.0383362175578162 0.997088503363068 -0.0659154828895104 -2.95381792686037 -0.993149065444883 0.0307316868676551 -0.112740840994837 84.3429881721451
-0.112497249990598 0.0734490931989335 0.990933700836139 46.8530566689528 0.0350425619423392 0.996937208149982 -0.0699158198023691 -3.03299825616107 -0.993033930738054 0.0268595181336972 -0.114726538728209 84.2252904101857
-0.115003809302824 0.0758359479022234 0.990466068500891 47.9099007471897 0.0326823601508424 0.996830718697088 -0.0725284881740804 -3.12014873904754 -0.992827269559419 0.024029716344941 -0.117117827641958 84.1111636212907
-0.118583032615992 0.0743507694049694 0.990156567147077 48.9673510182046 0.0299941595584995 0.997005778058916 -0.0712729184860147 -3.21936901590834 -0.99249101495579 0.0212471552454415 -0.120458057538723 83.9737674638551
-0.120918966678012 0.0708064493068504 0.990133854705553 49.9862527017663 0.0282927656518572 0.997293388507717 -0.0678632201605964 -3.28672058989332 -0.99225910069361 0.0198076746578925 -0.122594996290045 83.8634365345482
-0.123283795316942 0.0688721259463059 0.989978654355682 51.0776590691756 0.0284011917393062 0.997425041386769 -0.0658533151966529 -3.38401348767812 -0.991964958110939 0.0199979269485299 -0.124922395100813 83.7389943698356
-0.125689273964671 0.0693664444379797 0.989641603206063 52.1176431765523 0.0283932110025036 0.997395420368676 -0.0663038535573833 -3.46965438055315 -0.991663265417854 0.0197654196419983 -0.127331442335248 83.6181169871836
-0.126648319565483 0.072014614015691 0.989330126155779 53.1685676210981 0.029254646782054 0.997198523822622 -0.068842354169805 -3.55547135001636 -0.991516196939262 0.0202237349209947 -0.12840027941149 83.4879649380711
-0.126731918686251 0.0742605739901296 0.989153369269275 54.2141797413934 0.0295730495238583 0.997033326585192 -0.0710632142555105 -3.6447449158542 -0.991496069345694 0.0202463040854786 -0.128552058104557 83.3341318848709
-0.12766705602297 0.0752715603654702 0.988956680045479 55.2961100907047 0.028271423481308 0.996987011563125 -0.0722331322093311 -3.73448721424315 -0.991414065575413 0.0187374217697509 -0.129410430818594 83.1922896007203
-0.127066768460338 0.0739808626159458 0.989131370607387 56.3681293871727 0.0252478256254379 0.99713275740798 -0.0713359054414137 -3.81307575117556 -0.991572782832523 0.015908993386113 -0.128570293128725 83.0537498845148
-0.12778456164981 0.0736613483254417 0.989062743999006 57.4585531728275 0.0218990379021384 0.997204585286819 -0.0714384155892678 -3.90109283005597 -0.991560153466711 0.0125307958973957 -0.129040463464958 82.9396265813509
-0.127011394854657 0.0741663902328439 0.989124588783892 58.5334470836248 0.0181874537826802 0.997207147101648 -0.0724370229530137 -3.99159551972405 -0.991734501820914 0.00878933041943848 -0.128005568507002 82.8012112482817
-0.127528232443559 0.0746364750637267 0.989022722954272 59.6183410604572 0.0138025045573254 0.997201619399617 -0.0734739486806485 -4.08682324893072 -0.991738897491556 0.00428098783498285 -0.128201530199098 82.6684587809731
-0.128218658820226 0.0738386640765917 0.988993340330321 60.6898901722046 0.01093367441225 0.997269148188901 -0.0730390363739223 -4.18293558848603 -0.991685650947007 0.00144836389366933 -0.128675840575619 82.5682131196856
-0.128358607368878 0.0692378280175146 0.989307935420382 61.791522484268 0.0106995633449459 0.997598555227026 -0.0684298323333987 -4.26431757253978 -0.991670100012373 0.00180160494188716 -0.128791175788886 82.4102267328541
-0.128861373706106 0.0614188051479768 0.989758797253538 62.9233690459308 0.0139844050065563 0.998093475413094 -0.0601153121461115 -4.35284785942775 -0.991564008414579 0.00609464617567621 -0.129474601775041 82.2906166389328
-0.128982631953207 0.0564978575839535 0.990036096686806 64.0160864885959 0.0193829079094836 0.998328578743474 -0.0544458606783705 -4.40700014357749 -0.991457403792718 0.0121672080798911 -0.129862140411071 82.1253581398321
-0.128053241149962 0.0581063824396457 0.990063642272944 65.0942082275097 0.0258362992429984 0.998138854590415 -0.0552386875148348 -4.49741460729138 -0.991430710172131 0.0185060875582322 -0.129316169332652 81.9398438929863
-0.127687067035015 0.0630220476769593 0.989810201209605 66.2046944325333 0.0308703189968973 0.99774816417804 -0.0595451449270293 -4.58420412980183 -0.991333968104102 0.0229526117458163 -0.12934504743909 81.8275821072545
-0.126588133516684 0.0686779718016275 0.989575050535318 67.3214796908245 0.0340129366769909 0.997314278264399 -0.0648640925980485 -4.6521878155686 -0.991372061635474 0.0254473291167475 -0.128584092521022 81.6951787355314
-0.125947757074568 0.0718286008747887 0.989433077365142 68.4160164395413 0.0339973571368282 0.997101964691547 -0.0680577087181809 -4.78345556602971 -0.991454155367557 0.0250663939294846 -0.128024738624125 81.5257084288545
-0.126045324287303 0.0712122223831785 0.989465206871145 69.555996547633 0.0332414395948513 0.997163213530445 -0.0675317131079749 -4.84105582017805 -0.991467388731959 0.0243791912270424 -0.12805495740558 81.3908548364492
-0.125518904470406 0.0666221641800089 0.989851752466257 70.6827792409762 0.0320289606125986 0.997494699352371 -0.0630751174870011 -4.90894116239544 -0.99157407706264 0.0237868031457429 -0.127338280550194 81.2545465360508
-0.124913204710552 0.0642970282468442 0.990082109447274 71.8147777934389 0.0299779838522919 0.997686952084889 -0.0610087380931266 -4.9976184725859 -0.991714682644707 0.0220598684988943 -0.126551769757361 81.1186499783912
-0.125161258275946 0.0647700094222112 0.990019951973812 72.9632883854649 0.0285401765788867 0.997688858811787 -0.061663598043586 -5.06869411390661 -0.991725827911943 0.0205374507249961 -0.126720540442702 80.9975129197757
-0.124611859358241 0.0695151646452727 0.989767410249308 74.0813922508339 0.0280013759968109 0.997391753936822 -0.0665252743032005 -5.17482367001641 -0.991810368694322 0.0194250112785418 -0.126233361229357 80.8411571059072
-0.123930915344374 0.0726864065374816 0.989625087862355 75.2416364585437 0.0294195322070636 0.997144256147194 -0.0695544646832748 -5.25886246762249 -0.991854636197575 0.0204943586707985 -0.125715400472852 80.7183667363303
-0.123634085490047 0.0712650977975798 0.989765577670259 76.3676623717072 0.0279232356601195 0.997272775557054 -0.0683176700641961 -5.35877459409991 -0.991934930232477 0.0191910648123633 -0.125286859710261 80.5773123415471
-0.122765538126915 0.0655536002276697 0.990268321287518 77.5407362000602 0.0311708324141306 0.997578503878251 -0.062173208109614 -5.42326823008808 -0.991946068017319 0.0232347605372222 -0.124511622139296 80.4189729647012
-0.123464622522197 0.0638199640668173 0.990294652702902 78.7097370183052 0.0311034927732221 0.997688408533735 -0.0604186412850253 -5.50745766799674 -0.991861411550403 0.0233420578341455 -0.125164246545529 80.2981751507695
-0.123312939010574 0.0665433828217381 0.990134282446181 79.876743101775 0.0279489079395442 0.99758636303872 -0.063563407902393 -5.601319749022 -0.991974181930942 0.0198349812659029 -0.124875121223644 80.1260953558508
-0.123107139785687 0.0693181674609583 0.989969506496863 81.0244336304601 0.0274510175834039 0.9974136857926 -0.0664257557522374 -5.68734926143463 -0.992013645958272 0.0189981855311184 -0.124691600274847 79.9963949250599
-0.12273432839119 0.0690432054245751 0.990035009693629 82.1953554459185 0.0267006024292228 0.997445748788415 -0.066249951349674 -5.78072273820091 -0.992080320571011 0.0183033878999901 -0.124264329262675 79.8516032797803
-0.121941529741782 0.0661658972538682 0.990329408512554 83.3680874758477 0.0264513928597098 0.997637771704891 -0.0633971630554624 -5.85229917576779 -0.992184754539201 0.0184648452008173 -0.123403656152055 79.7258352044028
-0.122287961642038 0.0645820525002258 0.990391242354401 84.5441603024108 0.0273366593842889 0.997721258848454 -0.0616846552682598 -5.94225377782196 -0.99211811871931 0.0195306972920777 -0.123774756603042 79.5962264331474
-0.120792931345341 0.0649151746378143 0.990552920261579 85.7820767979481 0.0282071284631608 0.997681047685267 -0.0619425943393555 -6.04367627656835 -0.992276889603332 0.0204584259259913 -0.122343888967812 79.4152278034419
-0.118975336467071 0.065160604460779 0.990756763761345 86.9428483536917 0.0300155556380653 0.997624224957787 -0.0620078398036343 -6.12749262215869 -0.992443416892009 0.0223607111622345 -0.120648509580656 79.2434187397581
-0.118500048731084 0.0654216662134215 0.990796519998224 88.175002052643 0.0305289701193131 0.997595478977525 -0.0622193081531495 -6.20876954043829 -0.992484619746918 0.0228750063051826 -0.120212368965731 79.1164575687001
-0.117660136112352 0.0650403966804382 0.990921711927675 89.3139360240723 0.0299390729410379 0.997631612681591 -0.0619259016063568 -6.3033343576009 -0.99260251071688 0.0223810674003767 -0.119328720518431 78.9838146635519
-0.116307187947305 0.0639208412235086 0.991154258472953 90.5608519898763 0.0322498169491254 0.997643744930067 -0.0605549957365906 -6.38731535779582 -0.99268957249411 0.0249215621338149 -0.118094573974727 78.8475660417469
-0.115139976136609 0.0630287266467791 0.991347651186276 91.7502780295569 0.0305596395284223 0.997737350089568 -0.0598856298968281 -6.47120741581062 -0.99287909350895 0.0233999968703541 -0.116805589846177 78.7329402938888
-0.11414800653291 0.0622620012107133 0.991510804686363 92.9702755363996 0.0314867335499884 0.997759543773902 -0.059029470762047 -6.55575692115923 -0.992964661110814 0.0244813401049138 -0.115852689963388 78.5784387988749
-0.111506862787582 0.0632000541397487 0.991751971365827 94.2074449612117 0.0302923021682534 0.997728092423558 -0.0601749949579965 -6.63802405628316 -0.993301865487334 0.0233325254865499 -0.113168004638241 78.4516341006827
-0.111024457176864 0.0649917651581619 0.991690294583046 95.4288962874218 0.0283449831949357 0.997660522486428 -0.0622096760945317 -6.73726300271855 -0.993413374097743 0.0212026492149934 -0.112606908447059 78.2945440801256
-0.109675825581344 0.0644607340125953 0.991875005761113 96.6521551198526 0.0263858401409736 0.997732044551035 -0.061923781506519 -6.81753242429383 -0.99361712984585 0.0193799134819937 -0.111127936318123 78.1435689533779
-0.109119217255239 0.0634004447092037 0.9920047278296 97.8763268524167 0.0251389163518397 0.997820721560291 -0.0610069054251714 -6.90478776295595 -0.99371073824844 0.0182808981063788 -0.11047523457393 78.0439419794789
-0.109148630805749 0.0637538051584361 0.991978844895923 99.1638732529681 0.0204850695213512 0.997873436189654 -0.0618786495793046 -7.00930913960015 -0.993814337952485 0.0135667857237128 -0.11022252040845 77.9103542613096
-0.109641011402669 0.063433423515487 0.991945083862864 100.374069223371 0.0183393107892111 0.997920764418677 -0.0617884910142716 -7.09050757984298 -0.993802051868669 0.0114170365309416 -0.110576367178863 77.7981288228831
-0.110434519153139 0.0615009454390057 0.991978755160373 101.612277551309 0.0179185606345744 0.998044612522521 -0.0598821893350347 -7.17172650905927 -0.993721863583669 0.011161770687499 -0.111320585297238 77.6593756544309
-0.11144775013761 0.0590223835203739 0.99201600654064 102.839445883787 0.012656321812956 0.998238055012368 -0.0579707084939508 -7.25394625172212 -0.993689698299943 0.00609456878684777 -0.111998391612874 77.5185791072463
-0.113400986284077 0.0584113451905676 0.991830797597467 104.099630432555 0.0110446635282603 0.998282767621561 -0.0575285257710004 -7.33836119095639 -0.993487912215013 0.00443064587452962 -0.113851384092546 77.3879982859037
-0.115148749425937 0.0583652016359209 0.991632123694892 105.37176391159 0.010055125563586 0.998289712503849 -0.0575894465929545 -7.43189663383461 -0.993297367335454 0.00333963276132712 -0.11553868139059 77.2411264376461
-0.117526788723584 0.0568006221502537 0.991443968792824 106.643772250151 0.0090270648976399 0.998382767986229 -0.0561280739691701 -7.53037703284944 -0.993028683388177 0.00235327675783011 -0.117849463540762 77.1043403902014
-0.120301101310222 0.0536717761609506 0.991285521667333 107.915930700654 0.00962155192326735 0.998553586834166 -0.0528976366127059 -7.59869880863488 -0.992690823349413 0.00317406117628897 -0.120643501994569 76.949724625216
-0.124723418742043 0.0532250590082406 0.990762919123877 109.150017694596 0.00840085929366424 0.998580983247526 -0.0525875028835889 -7.67877978593479 -0.992155982887986 0.00176436673419149 -0.124993570353047 76.7922738238939
-0.130020395810735 0.0576950971748125 0.989831284833536 110.333143089323 0.00414727637981729 0.998328494862126 -0.0576456108038758 -7.77527328997301 -0.991502645872339 -0.00339000122587719 -0.130042343564853 76.6836343938288
-0.13795048243119 0.0597366043306128 0.988636031358381 111.572116142152 -0.00209018642250975 0.998159717224948 -0.060603713006147 -7.85690524661758 -0.99043692152389 -0.0104267450558686 -0.137571753895263 76.5131506444028
-0.146862628074328 0.0571995432000131 0.987501686445553 112.8467970033 0.00340264834886785 0.998349951503801 -0.0573218659550777 -7.9421099830582 -0.989151045320843 -0.00505831889739887 -0.146814927546951 76.3282833324784
-0.157949358422549 0.0549650762558312 0.98591624419425 114.062349873188 0.0064079992782805 0.998485599710859 -0.0546392232310826 -8.02632090781707 -0.987426421420429 -0.00231247967281416 -0.158062376037462 76.1545281114513
-0.170564405801506 0.0552558054633361 0.983796004990962 115.287640843541 0.00590663758732089 0.998465814296375 -0.0550556928381544 -8.13662779606692 -0.985328825877936 -0.0035796150735943 -0.170629104346046 75.9370884329858
-0.185050146480993 0.0552472550015503 0.981174899853312 116.495002286171 0.00633953051067215 0.998464842433124 -0.0550251649511585 -8.2153441951475 -0.982708631100932 -0.00396222662042694 -0.185116307007085 75.7229761068296
-0.199375813034909 0.054048211095955 0.978431436562622 117.662421530335 0.00841536330992725 0.998535390890555 -0.0534439407174413 -8.27082539196054 -0.979886966357361 -0.00242157311980082 -0.199538640735559 75.4541688000728
-0.214315968937937 0.0556799682558736 0.975176090043854 118.861477966188 0.0120534031326716 0.998448661832101 -0.054359775189083 -8.37521237929328 -0.976690012711871 0.000104022647744252 -0.214654625499135 75.2459571306416
-0.230322001081502 0.0595137896963717 0.971292893340515 120.046622657051 0.0132928816748512 0.998227382008554 -0.0580120082838612 -8.45478893042473 -0.973023676543686 -0.000450160331896214 -0.230704837923015 74.9523003049961
-0.245607579038045 0.0621944846547437 0.967372091388624 121.281475480954 0.00990619543023936 0.998048567008555 -0.0616516438083227 -8.56250142341436 -0.969318721789262 -0.0055591339884229 -0.245744403025034 74.6548692038692
-0.26098115813384 0.0609488596663438 0.963417911191447 122.433313845003 0.00883965859183448 0.998113915551871 -0.0607492552850836 -8.64452273103945 -0.965303421487306 -0.00733812558387871 -0.261027692741241 74.3877621377539
-0.277205510098393 0.0556088073350694 0.959200065532661 123.569838906496 0.00322971042106143 0.998372013505596 -0.0569463925053888 -8.72099648660489 -0.960805221749802 -0.012687915335186 -0.276933823616332 74.0325242413696
-0.292677238275493 0.0526387421680113 0.954761329871712 124.753542050044 0.000820299082982816 0.998497092977974 -0.0547985622434448 -8.78876796674704 -0.9562109397538 -0.0152551020155179 -0.292280551110832 73.7393487974235
-0.308289701654572 0.0523177371472227 0.949852785558651 125.900905120783 -0.00329666285827213 0.998421796584901 -0.056062894307879 -8.89339150441934 -0.951286808416754 -0.0204149573590453 -0.307630683853699 73.335790565673
-0.322378019049168 0.0552424965619131 0.944997713969479 127.087684212317 -0.00207051907186155 0.998252170539886 -0.0590619756118953 -8.97531067300411 -0.946608750109942 -0.0209969184885324 -0.321700176607471 72.970602130989
-0.336391241040129 0.0562319660132616 0.940041966589665 128.177220297154 -0.00240166757886175 0.998161183812656 -0.0605680041156955 -9.0674684146451 -0.941719260153642 -0.0226322143857303 -0.335637628891153 72.5630614513267
-0.349675074833918 0.0561286584262851 0.93518817130199 129.318751241942 -0.00123044320992026 0.998175362231772 -0.0603691331971707 -9.15685833883181 -0.936870230100947 -0.0222602771037557 -0.348967981359125 72.1465998594558
