1 -1.73472347597681e-18 -3.00926553810506e-36 4.33680868994202e-19 1.73472347597681e-18 1 1.73472347597681e-18 0 0 -1.73472347597681e-18 1 -5.55111512312578e-17
0.999997078530702 0.000474550585291946 0.00237017547945389 -0.000208568882974159 -0.000465823568664043 0.999993115831704 -0.0036812087150076 -0.133698867257902 -0.00237190608251729 0.00368009387686916 0.999990415439365 0.969522917826458
0.999994589177236 -0.000631632444551281 0.0032284139615041 0.0115555844570182 0.000646760596283069 0.9999888065911 -0.00468704525673876 -0.135478907442261 -0.00322541733469329 0.00468910790690638 0.999983804343878 1.91165303115551
0.999994101204867 -0.00105493991149008 0.00326873939829723 0.0254410833283531 0.00106297727158725 0.999996413917006 -0.00245809528843804 -0.1331173482652 -0.00326613453350045 0.00246155538432465 0.999991636520176 2.87413875073812
0.99999196726362 -0.00299824150253992 0.00266006694051306 0.0284762918502406 0.00299311502192011 0.999993659912758 0.00192909220925626 -0.121529190843175 -0.00266583395978061 -0.00192111482704812 0.999994601308987 3.84242563599985
0.999987734923363 -0.00475723554179668 0.00137793789512724 0.0483024275868653 0.00475347417182368 0.999985002272024 0.00272024159194188 -0.133476896087598 -0.00139085805917298 -0.00271365823577542 0.999995350775612 4.78307364908256
0.99998292382241 -0.00582438530079573 0.000478120749861143 0.0458303799202401 0.0058243765765537 0.99998303798208 1.96373049313884e-05 -0.136279669137889 -0.000478227015198606 -1.68522143050264e-05 0.999999885507456 5.71750317398567
0.999987549908021 -0.00498412564134353 -0.000241910198957302 0.0153409542786501 0.00498330456069404 0.999982191777874 -0.00328371782802636 -0.134442479161486 0.000258272353192347 0.00328247143323963 0.999994579323649 6.63243008376264
0.999985270683769 -0.00528118207038887 -0.00125201096197215 0.0231875283238027 0.0052757351309549 0.999976774928859 -0.00431465197977057 -0.130900725810012 0.00127476834660402 0.00430798314968071 0.999989908072499 7.54545671253037
0.99998871797253 -0.00432202188760594 -0.00197080046129036 0.016070954935637 0.00431656534505646 0.999986862060334 -0.00276459225705165 -0.13188668491025 0.00198272319727809 0.00275605397787264 0.999994236470988 8.48230083138845
0.999976605564332 -0.00590912393685205 -0.00344537056570391 0.0227200338825125 0.00590903135058335 0.999982540835429 -3.70515602806818e-05 -0.130506249243397 0.00344552935467395 1.66918907932169e-05 0.999994064006805 9.41803195311324
0.999974182736694 -0.00592199883593741 -0.00406986361775423 0.0144796868135267 0.00592702472830928 0.999981685988781 0.00122395461735739 -0.131288215037909 0.00406254082440704 -0.00124804520050204 0.999990969031835 10.332251450049
0.999955155129994 -0.00809787370790704 -0.0049104144795394 0.0067074331678989 0.0081100082603111 0.999964096457897 0.00245633083271321 -0.127221167272541 0.00489034712139824 -0.00249604418086694 0.999984927020642 11.2503713423437
0.999956838030535 -0.00778550432997042 -0.00507030554337977 0.00974542472241169 0.00779667465413065 0.999967213779346 0.00218705983197071 -0.126705917509027 0.00505311194343173 -0.00222649695687979 0.999984754269278 12.1433339089617
0.999926667351142 -0.0105404773886779 -0.00596307441326389 -0.0283959101940187 0.010549755474736 0.999943184441895 0.0015266131225094 -0.114759879290887 0.00594664438676401 -0.00158941014886293 0.999981055418509 13.0542152206262
0.99992885370301 -0.00950903357238367 -0.00720179232580267 -0.0127786037500428 0.0095034502698463 0.999954513867494 -0.000809091460572236 -0.128385444144158 0.00720915842198437 0.000740592021488863 0.999973739434344 13.9594732031148
0.999915400858881 -0.00959154234157969 -0.00878597978221492 -0.0468416918939343 0.00957366923341745 0.999952020371688 -0.00207408099858598 -0.13132300658396 0.00880545186988842 0.00198979146878846 0.99995925154342 14.85235132285
0.99990375015241 -0.0091993835968481 -0.0103856522464503 -0.0591992181383434 0.00917511832119109 0.999955071446881 -0.00238165729175999 -0.137677137771921 0.0104070954131448 0.00228613846940472 0.999943231356641 15.7712922266682
0.999885075713931 -0.00988722458058095 -0.0114925260338435 -0.0887716034909821 0.00985093657575769 0.999946326473523 -0.0032098630324951 -0.133050946345762 0.0115236458261183 0.00309628199622308 0.9999288067781 16.668957491977
0.999876068136553 -0.0085881628233566 -0.0131943861966988 -0.119594181085967 0.00854565291052083 0.999958122782646 -0.0032748278335928 -0.134348643984988 0.0132219584071736 0.00316166733327256 0.999907587567748 17.525328664589
0.999848670018175 -0.00940146755850846 -0.0146372630854567 -0.142347300183856 0.00936653665589661 0.999953123885136 -0.00245316600179551 -0.140062117318677 0.0146596403080125 0.00231569430299711 0.999889860187578 18.4313811228481
0.999830462412221 -0.00944065023801882 -0.0158088758502265 -0.150770880672604 0.00941485355916661 0.999954224997248 -0.00170541567146938 -0.135514568212237 0.0158242524317557 0.00155628828834535 0.999873577509547 19.3303285411826
0.999803472945556 -0.00883392972609932 -0.0177475962203305 -0.180134739969307 0.00881670197296114 0.999960582199435 -0.00104872002358092 -0.139636539884496 0.0177561609681128 0.000892038655112643 0.9998419490173 20.2008747206961
0.999769019971058 -0.0104194387189026 -0.0187973935132819 -0.199863190657224 0.0103984060501792 0.999945195368919 -0.00121631008802434 -0.142640839834744 0.0188090365974905 0.0010205662142489 0.999822573553366 21.0836657660902
0.999736797825827 -0.0105209761436562 -0.0203873523034635 -0.210222054971605 0.0104872832815088 0.999943460070674 -0.00175884941442735 -0.149806627856078 0.0204047044167346 0.00154457854247109 0.99979060923515 21.937923225494
0.999708369337922 -0.0113501207669373 -0.0213155115887319 -0.241296100185568 0.0113205782172132 0.999934785924197 -0.00150612335411097 -0.147998245531144 0.0213312161993024 0.00126438020617989 0.99977166421046 22.8163366719165
0.999685158209529 -0.0108161370057374 -0.0226405749896624 -0.257564874537367 0.010838290334021 0.99994089762022 0.000855995971618585 -0.164128015993606 0.0226299783080956 -0.00110111159338138 0.999743302870809 23.6834813033647
0.999661509432868 -0.0120743249599165 -0.0230451130429619 -0.291436939031739 0.0121643188880768 0.999918908948365 0.00376893532733026 -0.165838895578451 0.022997736940615 -0.0040479876821402 0.999727321768959 24.5190363976284
0.999634334209407 -0.0122177119228273 -0.0241231296702409 -0.298811061800652 0.012342428602742 0.999911188422945 0.00502789446989969 -0.15928827858289 0.0240595578908397 -0.00532379394652297 0.999696351344803 25.3784188633503
0.999632440160595 -0.0115306121757823 -0.0245362907022812 -0.327469175578788 0.0116500403667283 0.999920948519916 0.00473003916307731 -0.165189573194239 0.0244798108250197 -0.0050141493677735 0.999687749833961 26.1969531951952
0.999617835008172 -0.0102796888519025 -0.0256614873045652 -0.352368617516658 0.010337146993807 0.999944349522869 0.00210742717893221 -0.162083297952146 0.0256383955348753 -0.0023718883603886 0.999668468453418 27.0160602475278
0.999594942920868 -0.0101546293184185 -0.0265863421784825 -0.392845151211962 0.0101612730820555 0.999948366341808 0.000114802881903957 -0.16748741137347 0.0265838036476675 -0.000384907463312467 0.999646514138806 27.8157100866346
0.99958264384892 -0.00946568965857497 -0.0272935676541289 -0.417843963631523 0.00946835447622901 0.999955173627694 -3.16025302879338e-05 -0.164186289026146 0.0272926433222478 -0.000226835832692702 0.999627460690226 28.6118331637589
0.999550005343098 -0.0098015764620994 -0.0283498839057597 -0.44647163087916 0.00978284156908453 0.999951827267024 -0.000799472435230027 -0.167482181587353 0.0283563543045757 0.000521770254153846 0.99959774155725 29.3782650614075
0.999490413294742 -0.00923184248339268 -0.0305562893078785 -0.470649280054705 0.00918095516635409 0.99995622461268 -0.00180524806846637 -0.174756727742769 0.0305716174602905 0.00152379221586521 0.999531417346721 30.1617499581791
0.999424868033023 -0.00968270844817557 -0.0324988971240924 -0.481755254979934 0.00962177658046571 0.999951647544652 -0.00203076049074878 -0.172789685065362 0.0325169889843804 0.00171689540823371 0.9994697082441 30.9166756451005
0.99936106448835 -0.00935303353803442 -0.0344961381657129 -0.500846933277456 0.00931691446946232 0.999955867371349 -0.00120764828600863 -0.162032061496019 0.0345059109353785 0.00088547910781641 0.999404101471106 31.6643360457894
0.999276227286685 -0.00964570142214693 -0.0367964947211585 -0.551576147299518 0.00968523967077541 0.999952695174895 0.000896406706715088 -0.161675416117281 0.0367861075979654 -0.00125214078241958 0.999322377629588 32.4368158671071
0.999227767317164 -0.00865019455208083 -0.0383280987862162 -0.575176830836498 0.00875982405710521 0.999958004991718 0.00269327597382881 -0.167713325431027 0.0383031918362342 -0.00302694353990852 0.999261578921137 33.1660837540872
0.999155359161929 -0.00803983359988317 -0.040298006572079 -0.614772666092876 0.00815988555934992 0.999962743899977 0.0028155070035824 -0.171521576502549 0.0402738690177073 -0.0031419560332854 0.999183738652021 33.8845480088945
0.99909713862992 -0.00487718014987864 -0.0422033256425499 -0.672423069676906 0.00496970830027246 0.999985471442325 0.00208779876468322 -0.178525984793959 0.0421925299184072 -0.00229565198957497 0.999106861352191 34.6143204048154
0.999018211562938 -0.00288348798490099 -0.0442074480447441 -0.692501202831641 0.00294662535710634 0.999994729651425 0.00136310981867099 -0.175339971159966 0.044203284545299 -0.00149203432059418 0.999021442947544 35.3141705936659
0.99896309949352 -0.00203208335913286 -0.0454818259035618 -0.721065413711084 0.00215160263399745 0.999994359547006 0.00257904638927719 -0.17715594921044 0.0454763285282107 -0.00267423099118303 0.998961837125023 36.0058359856863
0.998922123688277 -0.000587800010741266 -0.0464138481193816 -0.764784653109996 0.000777600042126163 0.999991409695239 0.0040713479221693 -0.177035116849099 0.0464110562719288 -0.00410305092294008 0.998913999716115 36.6926689661047
0.998874025268147 0.00234256603063489 -0.0473834784392376 -0.805393929421884 -0.00212457776338658 0.999986930110691 0.00465035236553163 -0.164445124675776 0.0473937528999013 -0.00454444630162991 0.998865947058901 37.3636416711739
0.998938067949481 0.00509697114232716 -0.045790362376086 -0.84114333704096 -0.00496666404158133 0.99998328798261 0.00295905454279918 -0.174483748207885 0.0458046793423669 -0.00272848688167667 0.998946688622411 38.0242402240437
0.999017108339293 0.00588339550647474 -0.0439340745061417 -0.878482038659122 -0.00588421828492834 0.999982681722021 0.00011059480378739 -0.174817120964802 0.0439339643165983 0.000148031583463413 0.999034426266722 38.6860153194864
0.999090311139503 0.00685983754269985 -0.0420891056694975 -0.915208875035083 -0.00694749368991812 0.999973990399159 -0.00193671283672773 -0.172841350104295 0.0420747254132324 0.00222736482668731 0.999111983877348 39.3200042837314
0.999220701030789 0.00777152044750013 -0.0386987609811127 -0.950957765229508 -0.00781680766437155 0.999968929016293 -0.00101907798858227 -0.174226103669342 0.0386896387871149 0.00132078459359507 0.999250402741265 39.9466243066386
0.999294604257929 0.0128133889115121 -0.0353002969617957 -0.97270645610052 -0.0127617033507764 0.999917139493971 0.00168910443207625 -0.18019534665993 0.0353190151133268 -0.0012374210269812 0.999375322869555 40.5859669745545
0.999350637410912 0.0168154269612599 -0.0318676155762427 -1.01494630276631 -0.0166742015712875 0.999849965746316 0.00469222751490218 -0.161040065234293 0.0319417361513854 -0.00415781351217994 0.999481084402518 41.2111195482914
0.99939134702346 0.0212194281473016 -0.0276888310287082 -1.02368732503541 -0.0210685085007898 0.999761608413535 0.00573099397434584 -0.165094373287605 0.0278038386592032 -0.00514414341589954 0.999600162237047 41.8309476846254
0.999421098231225 0.0258889737437097 -0.0220732745370721 -1.05371120076447 -0.0257497884792881 0.999646850879903 0.00656672819325388 -0.171793485636291 0.0222354852333689 -0.00599454455231288 0.999734789147625 42.4088160912763
0.999442111760711 0.0290462158259041 -0.0164858298391441 -1.07582056405834 -0.0289143971478019 0.999548430971072 0.00817873956350097 -0.161353280873328 0.0167159467835179 -0.00769749890960619 0.999830648476864 42.9587298093197
0.999374729840642 0.0340911389859879 -0.00937782483208016 -1.07539760464009 -0.0340060141158561 0.999380273704743 0.0090917288666566 -0.158497454650396 0.00968196053985552 -0.00876714163628357 0.999914694795328 43.539057297641
0.999299647594174 0.0373620363853776 -0.00207184828054035 -1.08207029298678 -0.0373413524912464 0.999259701325726 0.00925595486942764 -0.168852198839693 0.00241613581661793 -0.00917210682221458 0.999955016360315 44.0522561413192
0.999163435408951 0.0406003051274745 0.00490352580692411 -1.07012248859692 -0.0406436381636215 0.999132385908672 0.00908680941085359 -0.168741889079297 -0.00453034420412096 -0.00927850483647746 0.999946691243784 44.5695505887896
0.998904233869742 0.0451089286739735 0.0124706098884493 -1.07735485574632 -0.0452210056217277 0.998937749964981 0.00885620378387826 -0.174464489592936 -0.0120578691178495 -0.00941043297560117 0.999883018929489 45.0560900012155
0.99856628003079 0.0496151587084344 0.0200927950222584 -1.07668574006716 -0.0497455761883357 0.99874363763588 0.00604350325063084 -0.16810869636097 -0.0197677018178675 -0.00703436622495279 0.999779853596107 45.5541717456101
0.99827935523284 0.0516089272386442 0.0278360835101053 -1.06558284474554 -0.0517191704029954 0.998656364688821 0.00325463966266729 -0.183788903479067 -0.0276307135038376 -0.00468869873037388 0.9996072027429 45.986656289407
0.997992012672365 0.0522004811048539 0.03587551274314 -1.06488722357945 -0.0523247545695079 0.998626908633089 0.00253326136859128 -0.16951229650657 -0.0356940149241041 -0.00440535201120561 0.99935305581774 46.3993574968148
0.997715041037115 0.0516454761420495 0.0435596336344689 -1.0218476969205 -0.051863695449002 0.998646581989117 0.00389376114139224 -0.179782007722023 -0.04329958409363 -0.00614402762966108 0.999043240776797 46.8095453354988
0.997236985725649 0.0530129225128543 0.0520386812618031 -1.02050856684975 -0.0533334080952281 0.998565280073913 0.00478842477814736 -0.177803035672322 -0.0517101719371469 -0.00755059451660692 0.998633589781896 47.1466051260023
0.996570768724724 0.0560260845374869 0.0608915492889705 -1.00323054934024 -0.0564276241585985 0.998394699778642 0.00489353509553839 -0.17825848900323 -0.0605196344604683 -0.00831271948965492 0.99813239229045 47.5362095473352
0.9957666169747 0.0602337620746692 0.0694315376834777 -0.979667438071167 -0.0606606033595359 0.998150218137315 0.00405379235859817 -0.165816059658425 -0.0690589293199446 -0.0082483900708993 0.997578482297218 47.8573196806233
0.994840235964031 0.064444212183302 0.0783571848850223 -0.95175981248984 -0.0649758275200186 0.997877782230889 0.00425130192428346 -0.161190155748862 -0.0779169220716579 -0.0093206891395519 0.996916284353327 48.1702972529584
0.994067399220116 0.0639308046248508 0.0879935112822146 -0.928928898524603 -0.0645639415918137 0.997904025030874 0.00436512007960128 -0.171833432143203 -0.0875300134461486 -0.0100204314876962 0.996111483569443 48.4591214123661
0.993187513581029 0.0628927009564704 0.0980972529336704 -0.895412210106425 -0.0635018103573036 0.997976919994722 0.00309632672570606 -0.176130387147591 -0.0977040579918643 -0.00930458619430487 0.995172016149809 48.6975382414523
0.992015547667281 0.0620542635480045 0.109792629815936 -0.860009286939482 -0.062339268216532 0.998054664397043 -0.000838160803353002 -0.183121810562546 -0.109631057755599 -0.00601292364992255 0.993954161883016 48.981490602206
0.990348699874184 0.0626427299043206 0.12363389926573 -0.805226542782466 -0.0624888795505757 0.998032498476801 -0.00512561378451173 -0.187094825866883 -0.123711731820503 -0.00264959889203583 0.992314661302393 49.241189210401
0.988219484137375 0.0648715903008597 0.138614313629931 -0.770666058269071 -0.0644662521836678 0.997892326573599 -0.00741666332803692 -0.182674541339446 -0.13880329066939 -0.0016066540906799 0.990318668491098 49.4756350074733
0.985741639590466 0.0662698310326462 0.154666510506975 -0.7204355407716 -0.0657200858305311 0.997800427057588 -0.00867052951798638 -0.187297391282852 -0.154900904761487 -0.00161779436244969 0.987928687935255 49.7456874369964
0.982885438958344 0.0669500258617225 0.171621408690108 -0.671742129938235 -0.0662319703546632 0.997755009194836 -0.00991300809801769 -0.188696281433228 -0.171899796354159 -0.00162347273677104 0.985113102313471 50.0023880196181
0.979560571025482 0.0664109550350958 0.189870147057295 -0.598263630006096 -0.0655177429684088 0.997790941756947 -0.0109846212547668 -0.196472453642441 -0.190180212032056 -0.00167976162345588 0.981747760553764 50.2386919706073
0.975716660143013 0.0654053207074086 0.209043400141034 -0.516871715012851 -0.0644193752517499 0.997856315802718 -0.0115289680718314 -0.201210309929407 -0.209349332961769 -0.00221743901564418 0.977838401655751 50.4855778007327
0.971252441104651 0.0655585988019231 0.228846598776089 -0.449686271710731 -0.0642817247690092 0.997846619980304 -0.0130377472978983 -0.207657512865576 -0.229208541527093 -0.00204771018725912 0.973375185308323 50.7226820092249
0.965955766499024 0.0674247585054902 0.249766609273057 -0.38571754383512 -0.0658198372801486 0.997722022308855 -0.0147822603259209 -0.209000451448143 -0.250194336841781 -0.00216058797665405 0.968193227445791 50.9555127362111
0.959716152762814 0.0690175623828105 0.272362776841619 -0.302616978648811 -0.0668995082973584 0.997613744892732 -0.0170666865756094 -0.20867370881252 -0.272890750879752 -0.0018417610684549 0.962043266179049 51.2094855000124
0.952382441925635 0.0700333757620181 0.296754124808976 -0.207113381256213 -0.0676072756101092 0.997541522667611 -0.0184436124054703 -0.21595042694786 -0.297316229957841 -0.00249736528374547 0.954775797017444 51.4326537301896
0.943784599641034 0.0725335579165394 0.322505058032244 -0.120543691481042 -0.069992894230098 0.997357194359058 -0.0194838809666712 -0.223756221660717 -0.323065975054178 -0.00418447561793905 0.946367194024653 51.6642392813345
0.933792147953107 0.0750031491583415 0.349866763264896 -0.00592137232851897 -0.0723486481073096 0.99716518317672 -0.0206705243567384 -0.232881618789924 -0.350425309499996 -0.0060104140014996 0.93657139470804 51.9232408044371
0.922662151783653 0.0758550908569277 0.378074805900958 0.0859108557946068 -0.0729420714363895 0.997092567839777 -0.0220423540768297 -0.2309308266963 -0.37864760382251 -0.00723991365742191 0.925512601626636 52.1525286571193
0.910004368877559 0.0743420869985233 0.407879029522798 0.235969837656057 -0.0705596032204089 0.997210718293102 -0.0243336334059111 -0.245526031857451 -0.408550353098776 -0.00663606977501008 0.912711658499445 52.3819323460798
0.895064940096506 0.0722404462633488 0.440045532795994 0.403917033479384 -0.0671613262251024 0.997373301846591 -0.0271266109809784 -0.268890443369757 -0.440849304490461 -0.00527396314930012 0.897565638849314 52.6305354047215
0.877691718517974 0.0716043993716437 0.473846026928149 0.55211840604172 -0.0643945912552382 0.997428862285109 -0.0314483910193345 -0.276017539741624 -0.474879546687407 -0.00291112886357187 0.880045988268058 52.848991870622
0.858265412463664 0.0732321552027206 0.50795426291443 0.739814185163547 -0.0635908437172711 0.997314298451968 -0.0363372357036804 -0.282995772982277 -0.509251103448881 -0.00111424755950455 0.860617262253363 53.0892740022007
0.836358433309628 0.0754339394187359 0.5429680394053 0.897675977358242 -0.0632391021653397 0.997150799811957 -0.0411229667180853 -0.29133297212263 -0.544523082145455 5.6728700915809e-05 0.838745855305806 53.2861610515867
0.811819627797336 0.0784455120584925 0.578614892273674 1.10276576269597 -0.0643060288546238 0.996918134692362 -0.04493292083149 -0.310460088516964 -0.580356465093603 -0.000730998892998536 0.814362228412318 53.5251224942166
0.784590165165097 0.081635941941236 0.614616828365098 1.30365104399309 -0.066128519325318 0.996657665276461 -0.0479637068783788 -0.325349321972728 -0.616478135587992 -0.00301184811056954 0.787366266176621 53.7843201321933
0.754645837293333 0.0868148250385635 0.650363626296373 1.54076176770312 -0.0702253131693205 0.996201173846322 -0.0514939473868582 -0.32961431787194 -0.652363445976333 -0.00681229628930328 0.757875667225932 54.0121026051445
0.721722014773408 0.0881512427761299 0.686546933420022 1.80775895661929 -0.0702889484950688 0.996063855396147 -0.0540024045096217 -0.353139723500781 -0.688604964483172 -0.00928193785731459 0.725077270722744 54.2369812375805
0.685097514002158 0.0862324660967739 0.723329356585872 2.09545088265473 -0.0669227738042744 0.996220062128236 -0.0553798714295739 -0.375959826604215 -0.725370759442648 -0.0104665946746274 0.688278803786309 54.473058329915
0.646318916496077 0.0844732577594463 0.758377298514957 2.37859028762494 -0.0635287671095709 0.996360047719779 -0.0568396961407826 -0.396049687271163 -0.760418275641029 -0.0114422039548654 0.649332828401414 54.6656413602427
0.603846511038242 0.0847125533120377 0.79258638293772 2.74336594574456 -0.0619225881424055 0.99631713698302 -0.0593106704708743 -0.406537378306614 -0.794691754194473 -0.013264458726755 0.606868247604039 54.9025853217067
0.558401593841101 0.0847093052900596 0.825234508241744 3.09744503058224 -0.058709809823184 0.996313914000579 -0.0625439285572335 -0.441574883071385 -0.82749067561287 -0.0135247316469584 0.561316544747822 55.0791642067731
0.510430515264576 0.0836779231115432 0.855838007026142 3.47263929864517 -0.0552903611004573 0.99638843643951 -0.0644442371279971 -0.464499874163545 -0.858139653585662 -0.014425287288895 0.513213645600458 55.2597791920735
0.461977948035058 0.0818309169532334 0.883108190744436 3.87351068146186 -0.05282995024107 0.996505231822625 -0.0647017720596723 -0.493224040714835 -0.885316537678385 -0.0167637698841504 0.464686565474437 55.4509400604239
0.411974539805984 0.0799004647466685 0.907685459994217 4.28942240578475 -0.0530069266190613 0.996562572768502 -0.0636655659475803 -0.528431013845735 -0.90965226558397 -0.0218850243383604 0.414793685375827 55.6011935731209
0.362582207957691 0.0799598971348939 0.928515243451987 4.73023592695249 -0.0556051381732605 0.996393659811988 -0.0640916788296658 -0.539393650306158 -0.930291465660767 -0.0283917159863509 0.36572079429818 55.7387120135709
0.312764618330695 0.0805951978067734 0.946405149822708 5.20325713648707 -0.0539906854769161 0.996291071429494 -0.0670007975445407 -0.546828029525911 -0.94829494325457 -0.030141583905941 0.31595598667766 55.8730551363966
0.265351820382626 0.0772603303255405 0.961051118712015 5.68490263030188 -0.0435292996398009 0.996727778213441 -0.0681097365327819 -0.606480268180133 -0.963168527046277 -0.0237608395408265 0.267846618443877 55.9727153869313
0.221595544990425 0.0717693162481541 0.97249399981988 6.18366383863804 -0.0302373638232173 0.997314062553361 -0.0667110370353544 -0.636561601141397 -0.974669747283365 -0.0146227862797238 0.223170468144866 56.0178174908239
0.178816153227668 0.0697287305511628 0.981408522217217 6.71381427763445 -0.0205982313081023 0.997532180991877 -0.0671212392061415 -0.691626202981422 -0.983666862414221 -0.00821291795365674 0.179811155846486 56.0789289628714
0.14041900143714 0.0723330603738858 0.987446420021028 7.21027866877752 -0.0163753927401268 0.997361026454756 -0.0707306823218982 -0.683415478014106 -0.989956741755923 -0.00623789115506803 0.141232921678815 56.1354527577887
0.107845292375092 0.0725527770751963 0.991516761054097 7.74228909620725 -0.00950017187940412 0.997363192418733 -0.0719472664009987 -0.740292244931915 -0.994122296121957 -0.00166040567071964 0.108250188943096 56.1698780206536
0.0786336636788851 0.0714140316899268 0.994342387215906 8.30229911194779 -0.00157397560214414 0.99743850301765 -0.0715119241715258 -0.781348080082304 -0.996902337010622 0.0040581739366781 0.0785446477301912 56.1815162029564
0.053465264404304 0.069878030491862 0.996121742738686 8.86940693774409 0.00459248192037673 0.997520769811819 -0.0702226665959555 -0.806796712945104 -0.998559149280597 0.00832914453074963 0.0530117981151084 56.1794211023938
0.0332431894175987 0.0688893406359662 0.997070282930991 9.43368588485266 0.0110602738298489 0.99753523006957 -0.0692902237899285 -0.836118395279079 -0.999386091908505 0.0133312983910581 0.0323993176325391 56.1969633047482
0.0170969882788491 0.0698285637047089 0.997412484723713 10.0157090264639 0.0131256969746628 0.997456656761146 -0.0700566482341705 -0.872056848083225 -0.9997676775485 0.014289491726944 0.0161369562019414 56.1898454061207
0.00397463066427923 0.0702777124857618 0.997519546394381 10.6043048399178 0.0141197288979324 0.997424038217042 -0.0703272439575015 -0.903812529755374 -0.999892411995876 0.0143642303858449 0.00297208991972088 56.1985615259407
-0.00800482557446676 0.0713062415589996 0.997422349199301 11.2439969060635 0.0145459925344131 0.997357074086451 -0.0711848359617545 -0.928636812695901 -0.999862158934276 0.013938675849689 -0.00902088947089683 56.18597170589
-0.0168006645236113 0.0737495201928994 0.997135269631399 11.8247851112117 0.0190415623149618 0.997118762063978 -0.073427469278228 -0.978777662414784 -0.99967752629344 0.0177533830949713 -0.0181565638960871 56.1698530205997
-0.0235664195714828 0.0757763893178082 0.996846308460104 12.4732565303618 0.0228016891053436 0.996904589072248 -0.0752417654008449 -1.03752306525045 -0.999462208811581 0.0209566005985813 -0.0252213014895634 56.1356263178632
-0.0286510181415863 0.0753322977705994 0.996746790349511 13.1043088147969 0.023884930643108 0.996923033800993 -0.0746590568196415 -1.06648081238349 -0.999304072466246 0.0216681699648653 -0.0303621666346343 56.1294370705776
-0.0322183444671705 0.0725687694499553 0.996842892325724 13.744198838651 0.0206203461975141 0.997196648011858 -0.0719280648746285 -1.1179006152838 -0.999268121978526 0.0182378423732999 -0.0336244182563395 56.1036853114783
-0.0345368888802708 0.0661691635283254 0.997210531986317 14.4239492504089 0.0193134752410054 0.997663653055645 -0.0655303368355436 -1.14437962187275 -0.99921678978117 0.0169963869580117 -0.0357341552269902 56.0873527563759
-0.035980960283157 0.0605284964872447 0.997517755035015 15.0931863892142 0.0204069931000025 0.998000460565159 -0.0598216962677144 -1.17608090384291 -0.99914409627927 0.0182038958666498 -0.0371442195443361 56.0510485613724
-0.0366386514098272 0.0581773276066471 0.997633704209826 15.7747121838653 0.0237462391058589 0.998072788434026 -0.057330839134403 -1.20988131377475 -0.999046408006753 0.021589523850152 -0.0379495337089558 56.0435839750722
-0.0364840799090654 0.0599279376898466 0.997535740812043 16.4889076605677 0.0274253249236111 0.997884382824641 -0.0589458231558444 -1.26197421323409 -0.998957838682906 0.0252071576923619 -0.0380504367261286 56.0121988273521
-0.0354437185670803 0.0671123087551439 0.997115680765122 17.1687787096642 0.0279341025645927 0.997419276962553 -0.0661397902733963 -1.30090205142501 -0.9989811953826 0.0255092915827206 -0.0372269702621543 55.9736698801605
-0.0331825835167108 0.0744510137639787 0.996672445039328 17.8691270021305 0.0278346924653494 0.996903639728218 -0.0735415732221636 -1.35275334000361 -0.999061632756716 0.0253017716009628 -0.0351521593552484 55.9618740554456
-0.030658118451068 0.0761200212325533 0.996627223258825 18.6045250496835 0.0276084122371595 0.996779983487926 -0.0752824022700685 -1.39671368232757 -0.999148565202785 0.0252072784204285 -0.0326609517291161 55.9324246896931
-0.0287876449783296 0.0716580690852162 0.997013737433733 19.3400713044175 0.0284358391650586 0.997082154829624 -0.0708419337066228 -1.43966827225588 -0.999181001894842 0.026311549845895 -0.030741304414849 55.9071175288898
-0.0260385443948886 0.0654494891828646 0.997516094392215 20.08428649532 0.0289613121343054 0.997484966096422 -0.0646914585635563 -1.4665195050255 -0.999241330512932 0.0272049035529089 -0.0278685596581914 55.8860886435337
-0.0242088324084757 0.06403662321107 0.997653869496401 20.7987784825245 0.0271017480323214 0.997621603037291 -0.0633769075207897 -1.50228932387018 -0.999339495710547 0.0255038828618236 -0.0258867586221118 55.8654085655981
-0.0204137769007584 0.0687729057570087 0.997423463302515 21.5314110098402 0.0333854061389577 0.99712188281679 -0.0680688288781074 -1.58035545794546 -0.999234052847271 0.0319098455282666 -0.0226510350487401 55.8596004726149
-0.0169746339222319 0.0739240929232921 0.997119396205226 22.2725746108058 0.0353554465437522 0.996683791490866 -0.0732899186729206 -1.64721333470905 -0.999230631137226 0.0340095319706094 -0.0195319618124243 55.8571163822863
-0.0149208242139092 0.0751367716804133 0.99706160017635 23.0078593092579 0.0292769314553577 0.996777892427561 -0.0746772686446613 -1.68886439536637 -0.999459969328105 0.0280766577269104 -0.0170725218274868 55.8455973366037
-0.0113197899274941 0.0721582938834465 0.997328954247207 23.7574494636527 0.0246123885168881 0.997110784806087 -0.0718631557537248 -1.71751199814933 -0.999632978991535 0.0237331718744151 -0.0130630725822188 55.8470932197975
-0.00691383514377752 0.0681369734625275 0.99765201935894 24.4604804722849 0.0298200764660031 0.997246208201824 -0.0679026013245808 -1.75507631409734 -0.999531371155086 0.0292805921123542 -0.00892664564007924 55.8654757637716
-0.00299908509096266 0.0689089611164082 0.997618444379651 25.2251417348678 0.0336016191447066 0.997066518660743 -0.0687698230083524 -1.82500316002139 -0.999430806349029 0.0333153484688872 -0.00530573999790442 55.8272110279089
-4.81026817839825e-05 0.0731789490500977 0.997318825201879 25.9546489443823 0.0329311559894892 0.996778018879946 -0.0731376786818304 -1.90053537259257 -0.999457621238303 0.0328393436854932 -0.0024578150821671 55.8625575206027
0.00326803393232782 0.0741040714185648 0.997245158701415 26.6937781757745 0.0299554757763742 0.996795692671044 -0.0741688380889445 -1.92655581954985 -0.999545891605397 0.0301153394741826 0.00103773943093767 55.8725998594202
0.00706123154261187 0.0733853874270732 0.997278659112527 27.4449637499377 0.0283073615318965 0.996889180320906 -0.0735571576545358 -1.9851038146491 -0.999574325546732 0.0287497316733584 0.00496191863151402 55.8597015880007
0.0108443839879525 0.0710867299569546 0.997411187103869 28.1645705217702 0.0328081305162201 0.996907513170888 -0.0714075399062732 -2.02324278229516 -0.999402834650749 0.0334975671872204 0.00847862515890086 55.8762523266225
0.0144595376034538 0.0712244152500048 0.997355505546838 28.900612109659 0.037204787595719 0.99673073681985 -0.071719188914238 -2.08056495617059 -0.999203045207655 0.0381434260502857 0.0117623763285592 55.8770206969227
0.0180643654676073 0.0718538860309893 0.997251571952884 29.6676758148908 0.0397962606979928 0.996572257144665 -0.0725258155696628 -2.13857235503733 -0.999044511688398 0.0409970163772067 0.0151429294872865 55.8968801723022
0.0212496806808232 0.0717901502178122 0.997193374126938 30.4161558403977 0.0410919967259725 0.996513043113798 -0.0726168211170798 -2.18118009397892 -0.998929376320486 0.04251975112558 0.0182255833427362 55.8968029336368
0.0241896660374459 0.0706391858616108 0.997208586744923 31.1356401044764 0.0411480221698244 0.996584799359627 -0.0715931418282823 -2.23622785372365 -0.99886020059291 0.042764975226717 0.0212003906886125 55.9201415749864
0.0274093267607163 0.069490196923345 0.997206017499934 31.8872016714121 0.0442335484287756 0.996519351676764 -0.0706581554183385 -2.29288456064317 -0.998645143181462 0.0460466531387205 0.0242401265425516 55.9127336611029
0.0309968447994776 0.0701198770440942 0.997056868215549 32.6572123041759 0.0431842382656773 0.996510779657202 -0.0714239987147723 -2.32646859393945 -0.998586159115922 0.0452710599645702 0.0278606165006085 55.9419303209168
0.0335544078542662 0.0712015446947559 0.996897407834242 33.3520547351899 0.0399709419040078 0.996565455782375 -0.0725232110746206 -2.36923449275851 -0.998637284261336 0.0422804017760973 0.0305931709503247 56.0010329651927
0.0365328657698929 0.0717255296744652 0.996755134479656 34.1010084040471 0.0414066100330786 0.996455763149756 -0.0732216138254607 -2.42601360955939 -0.998474257236614 0.0439472465412084 0.0334334736041397 56.0079473241019
0.0394025846336415 0.0712773058616494 0.996677973065169 34.8595089711172 0.0394337206132692 0.996564618832058 -0.0728281687996412 -2.48280970009215 -0.998444999988874 0.0421723388160923 0.0364564923710081 56.0577559914636
0.0415137967653613 0.0715570452096322 0.996572222148998 35.6241174589995 0.0381471183723527 0.99659131111787 -0.0731474945862812 -2.52418887266664 -0.998409436072201 0.0410529887490666 0.0386425940738846 56.0899206125958
0.0444924216008777 0.0721330760453411 0.996402149616472 36.3451180814068 0.0367191839604353 0.996597812578387 -0.073786865316624 -2.56699661652829 -0.99833467632321 0.0398700301506149 0.0416923823548091 56.1347405181172
0.0476435676637508 0.0736409025675149 0.996146127799186 37.1150228684717 0.0339730770568021 0.996582179968535 -0.0752979986749565 -2.62368487486651 -0.998286492193279 0.037429614454372 0.0449789224663606 56.1670606897633
0.0511933780651711 0.0768592181805321 0.995726819274721 37.914269592467 0.03315641881812 0.996353732832655 -0.078612282511012 -2.69476469126012 -0.998138211839139 0.0370391637474594 0.0484583369035196 56.214926706923
0.0542034016866871 0.0790200412064646 0.995398324457762 38.6352339157051 0.0332835981419931 0.996166877284054 -0.0808934774679607 -2.73897366791947 -0.997975046451721 0.0375151394754943 0.0513655620997206 56.2411415302122
0.0577670620702695 0.0810727169394129 0.995032753786443 39.4345937740226 0.0268014172254548 0.996211974092074 -0.0827247647943467 -2.81116949637896 -0.997970265375916 0.0314470546098472 0.0553753752302281 56.305741867456
0.0601068363671553 0.0810850145044196 0.994893154386314 40.19772281969 0.0230981970908246 0.996315364699865 -0.0825964124773453 -2.84828635149849 -0.997924667253538 0.0279448472136171 0.058012446949962 56.382409764116
0.0633772605882685 0.0808723389415897 0.994707488478117 40.9788097417069 0.0248808215457889 0.996273394094884 -0.0825849195547645 -2.92429353221755 -0.997679441283388 0.0299831454783674 0.0611289082815139 56.4138241783918
0.0673510121127604 0.0819977209968693 0.994354169759803 41.7811201472786 0.02523159904504 0.996158429518986 -0.0838555287855091 -2.99499240590135 -0.99741025038698 0.0307369004550978 0.0650233448339615 56.4902921652133
0.071421840474374 0.0831449013567541 0.993974771350676 42.5562624225547 0.0199572744570222 0.996201071956374 -0.0847651545696556 -3.0616194483156 -0.99724652313232 0.0258911106626609 0.0694911684255897 56.5387586234079
0.0755794847524619 0.0820915752875098 0.993754856466809 43.3514375959765 0.0190075039062928 0.996305678215923 -0.0837478975853274 -3.09440345725436 -0.996958603092327 0.0252184222647913 0.0737399138775605 56.6000272121997
0.0800977829280675 0.080735042405571 0.993512052316316 44.0887249844157 0.0218959616481804 0.996331475424889 -0.0827294260899033 -3.17051755600595 -0.996546492660282 0.0283803454072358 0.0780361708508074 56.671964066855
0.085306026642432 0.0850887230734638 0.992714858871473 44.9252849821676 0.0170852205827536 0.99607532537966 -0.0868449273558485 -3.22102138765881 -0.996208300033743 0.0243691480263743 0.0835174686418915 56.7544791332091
0.0910455281427114 0.0928041643617682 0.991513035155025 45.6754396174487 0.0142236864431243 0.995425480336338 -0.0944764512518285 -3.31473168484013 -0.995745147389221 0.0227046289175874 0.0893090212494361 56.8511175428822
0.0987978683607798 0.0977056539236774 0.990299240835169 46.4752882732235 0.0135317889862637 0.994944152248645 -0.0995139417019369 -3.36932503759871 -0.995015513393735 0.023232285672569 0.0969762290885291 56.9049165048501
0.106006269920361 0.100764515116455 0.989246775699025 47.2928193265857 0.00834951286446047 0.994727036645704 -0.102217455461296 -3.45476618817033 -0.994330406038404 0.0190954198540277 0.1046059681285 57.0397841302527
0.112947226544795 0.0991512188580356 0.988641471826266 48.1175560825765 0.00504539295730001 0.99493848215931 -0.100359158667432 -3.5254633783044 -0.993588178284014 0.0163233733491024 0.111875285281248 57.1184108222988
0.120634923593912 0.0975850862084543 0.987888843017867 48.9330325878546 0.00483249742294953 0.99508700987933 -0.0988862464555701 -3.61794528902912 -0.992685177776997 0.0167031050737009 0.119570665728466 57.2281210637495
0.127652298125018 0.0946581409260917 0.987291612007221 49.7514276413341 0.00392809324910053 0.995379229467587 -0.0959414385338176 -3.70228573867671 -0.991811202228946 0.0161253186302811 0.126690620143103 57.3254205540816
0.135583463836566 0.0885037942437639 0.986805047989995 50.5370807866193 0.00243892688791891 0.995969371811733 -0.0896608166847578 -3.76998080706947 -0.990762926218838 0.0145632694612117 0.134821123021899 57.4517665902616
0.143023810393716 0.0822745969973807 0.986293607578079 51.3333269481708 5.62825458385386e-05 0.996538097959261 -0.0831373330581053 -3.8182230593995 -0.989719246298028 0.0119461292751204 0.142524045348863 57.5885124749811
0.149910350611577 0.0788833416452197 0.985547718373087 52.1702038131875 -0.000209961130725111 0.996814617493324 -0.0797532085120186 -3.90676279670708 -0.988699571505843 0.0117489047371018 0.149449391238777 57.7027297028668
0.15685957067433 0.0806981766063533 0.984318484729549 52.9296478123824 -0.00046552751454612 0.996662105250741 -0.0816359678162438 -3.96745627377599 -0.987620806976037 0.0123471555255215 0.156373557158589 57.834019401755
0.162342728521756 0.0866753963416077 0.982920248120435 53.7036727018572 -0.000587151133305232 0.996142848143923 -0.087744409196594 -4.03718799559485 -0.986734256904896 0.0136675440638719 0.161767439522309 57.9698254115818
0.167560291725717 0.0910334930832739 0.981649862106571 54.5037630033044 -0.00159092118847402 0.995751299974584 -0.0920696343464998 -4.11092518138302 -0.985860546733951 0.0138654872248917 0.166993205423011 58.0977417661194
0.173255105031075 0.0933793025709811 0.980440194214837 55.2875643659996 -0.00290159492644464 0.995539160497786 -0.0943046163358173 -4.19902685758601 -0.984872707169588 0.0134939159149611 0.172753190725168 58.2511223975226
0.177417139531585 0.0936690233555546 0.979667940000104 56.0082894249489 -0.00475617621536943 0.995530161139823 -0.0943243184376497 -4.25149775507862 -0.984124248958554 0.0120752774102857 0.177069619887845 58.3795784628683
0.183109234892654 0.0907984032140254 0.978890524047919 56.7667936509587 -0.00298320752333234 0.995772417944744 -0.0918062750216481 -4.34003131856383 -0.983088047211388 0.0138903432017001 0.182605996056645 58.5098856981419
0.18741227831007 0.0849965229495779 0.978597071845768 57.5319743749009 -0.00102579255167247 0.996265662215806 -0.0863346861889398 -4.38387678878781 -0.982280807960875 0.0151763426484663 0.186799606358115 58.6801293975055
0.191502855516315 0.0782528048270202 0.978367597003193 58.3139554739355 -0.00188556512705456 0.996844115687121 -0.0793615376874358 -4.46940838546192 -0.981490244971008 0.0133531852629602 0.191046045418595 58.8347889548332
0.194268314263938 0.0745541397456509 0.97811119118423 59.0293339922365 -0.00479193743642981 0.997167886563799 -0.075054935490552 -4.50062598933733 -0.980936725486743 0.00989374816091151 0.194075383134171 59.0026347789245
0.19733910710588 0.0747653467513203 0.97748013776844 59.7565065079392 -0.00651948085425695 0.997165615980662 -0.0749548575830721 -4.57996181209456 -0.980313609604623 0.00841886162509402 0.197267203541015 59.1453605886027
0.199243068149839 0.0765847642588094 0.976952902486942 60.447232805791 -0.00890789993209628 0.997041833320819 -0.0763428577344344 -4.63036585604778 -0.979909612726112 0.00650818651261069 0.199335883360921 59.287549324679
0.200828292484679 0.0804125575979469 0.97632055059711 61.1277382986978 -0.012780427728178 0.996755587207526 -0.0794667228320415 -4.69472875954547 -0.97954308614005 0.00348137201927091 0.20120442948427 59.4355431686831
