1 -1.73472347597681e-18 -2.50721752387273e-19 8.67361737988404e-19 1.73472347597681e-18 1 -8.67361737988403e-19 1.38777878078145e-17 2.50721752387273e-19 8.67361737988403e-19 1 5.55111512312578e-17
0.999996705201579 -0.00233462127966464 -0.00106730008302245 -0.00874447216296718 0.00233416285871016 0.999997183147538 -0.000430558634995643 -0.0919753046641869 0.00106830226794698 0.000428065964178843 0.999999337744678 0.589059173062947
0.999993036176012 -0.00319756690923645 -0.00192436102189999 -0.00185791210275144 0.00319445485650035 0.99999358859407 -0.001618094225868 -0.0980052575021923 0.00192952264859298 0.00161193567333255 0.999996839297872 1.16272929099579
0.999987485486556 -0.00325119369343055 -0.00380244787515183 -0.00626897666607243 0.00324133648793535 0.999991378190795 -0.00259562744752988 -0.106610441404546 0.00381085397875964 0.00258326995147409 0.999989401997996 1.68906838135243
0.999971020008416 -0.00482868457794222 -0.00588582607418735 -0.0128893365288743 0.00480392396965945 0.999979583218737 -0.00421372284018735 -0.122899145904692 0.00590605264305798 0.00418532566557587 0.999973800452417 2.25391069717394
0.99994011885578 -0.0079634065762606 -0.00750618800659447 -0.0141302771757377 0.007920062180478 0.999951892586505 -0.00578663353983456 -0.139466109671843 0.0075519082188898 0.00572683755384643 0.999955084998264 2.81118318543296
0.999924880041052 -0.00833799539237179 -0.00898399174782219 -0.0348537835585974 0.0082791552045475 0.999944164450801 -0.00656685388048545 -0.154422026197045 0.00903824451910682 0.00649198071665494 0.999938080244166 3.38390101300681
0.999913056166522 -0.00828061700098209 -0.0102621386566801 -0.0371810045679308 0.00821814134937644 0.999947531467408 -0.00611526491651696 -0.167776311463362 0.0103122383839567 0.00603039752591489 0.999928643476719 3.95615204837228
0.999901625509308 -0.00771115992885611 -0.0117165402912151 -0.0541709113758806 0.0076370557863843 0.999950634694257 -0.0063563789588548 -0.193819476426677 0.0117649769553415 0.00626627378148464 0.999911155618406 4.54108478645572
0.999893437444766 -0.0074587554429084 -0.0125491323258914 -0.0644366505054695 0.00734943433213235 0.999934839559308 -0.00873512738886073 -0.214747941270673 0.0126134677978549 0.0086419675274115 0.999883101581064 5.13387821517723
0.999883137535436 -0.00635643234693001 -0.0139034902132997 -0.084932701558241 0.00618629617433716 0.999905879322609 -0.0122459068967551 -0.233458709748192 0.0139800218860988 0.0121584647015779 0.999828350630329 5.73560717360752
0.999873166446281 -0.00479229247626071 -0.0151883163487676 -0.0996126122602749 0.00454452936420638 0.999856728889548 -0.0163054882524213 -0.249435048352926 0.0152642809704922 0.0162343964197613 0.999751692221293 6.33957915411497
0.999852371528957 -0.00319516123623011 -0.0168827157944417 -0.126140757598768 0.00291987507662315 0.999862795305736 -0.0163053639314507 -0.265772606828837 0.0169324976733592 0.0162536613744298 0.999724516561671 6.95625922161789
0.999835456443519 -0.00135933427230615 -0.0180890090584126 -0.128072982105497 0.00116975255704152 0.99994432624246 -0.0104869487682446 -0.269841406297074 0.0181022572441807 0.0104640635437972 0.999781381931479 7.60636177242481
0.999827303833194 -0.000683590165857678 -0.0185713546660146 -0.140019774833217 0.000664506888886295 0.999999244929952 -0.00103371665399198 -0.289429894933503 0.0185720472818799 0.00102119734197675 0.999827003143918 8.26182191084071
0.999804345727513 0.000627479476599647 -0.0197705977119256 -0.161067840387068 -0.000516036265805272 0.999983953954236 0.00564141299900424 -0.30508643975073 0.0197738203428858 -0.00563010688703212 0.999788626623392 8.94419793745325
0.999777992389557 0.00202121561588922 -0.0209733311836729 -0.19319860697297 -0.00190825496637495 0.999983574648597 0.00540453476226787 -0.314008012010425 0.0209839104193963 -0.00536331245102707 0.999765427679445 9.61048432284191
0.999761142441045 0.00515357161957371 -0.0212390857745315 -0.200578919255821 -0.0052020021769735 0.999983992726504 -0.00222563791070503 -0.322275325101821 0.0212272758103046 0.0023355920707026 0.999771947881792 10.3028873829723
0.999733574449467 0.00463725000909998 -0.0226114137294832 -0.242381470588859 -0.00481596905533173 0.999957544800189 -0.00785589200771304 -0.334745186253625 0.0225740240221111 0.00796269486617845 0.999713463413351 11.0130579689306
0.999717296450592 0.00330784395156484 -0.0235453890583962 -0.268829346995048 -0.00346730587416832 0.999971308824687 -0.00673493262155872 -0.34842983313168 0.0235224354073745 0.00681466769799334 0.99970008269314 11.7369507430467
0.999706407160033 0.00208591722299336 -0.0241401829429188 -0.275763912617287 -0.00203405180804514 0.999995570635649 0.00217286500404014 -0.353821768155863 0.0241446084337882 -0.00212312468367115 0.99970622195981 12.4848503770033
0.999703661027735 0.00097147956694715 -0.0243237816795707 -0.296746138212342 -0.000730138621119846 0.999950440377872 0.00992893174988888 -0.35288972976756 0.0243322219564585 -0.00990822968804249 0.999654825406806 13.2602310693245
0.999683980867119 0.00025756014338446 -0.0251370654699996 -0.322103012724502 5.94022622619946e-05 0.999920516732545 0.0126078026908718 -0.348526058235223 0.0251383147613706 -0.0126053115825534 0.999604507418241 14.0414139854519
0.999679261348663 -0.00113469605568387 -0.025299938621536 -0.333185472614727 0.0014405584936122 0.999926062800033 0.0120745072135883 -0.372790694487642 0.0252843671192054 -0.0121070804938982 0.999606982459254 14.8403938020048
0.999699580547566 -0.0025408378092399 -0.0243781212616547 -0.355539727316273 0.00276844896438794 0.999952851997185 0.00930749552924523 -0.361895484432816 0.0243533230453748 -0.00937218896109535 0.99965948088873 15.6721611323295
0.9997108678438 -0.000542940126695886 -0.0240392581211241 -0.382773106140676 0.000677540102199617 0.99998413856443 0.00559138256287515 -0.346107040402732 0.0240358410380231 -0.0056060534757828 0.999695378857991 16.4813257113503
0.999725991523672 -0.00305582244021102 -0.0232078396500993 -0.396259522335142 0.00307331264512883 0.999995019597767 0.000718003514276932 -0.366989566506345 0.0232055299744718 -0.000789131722290759 0.999730403983858 17.3668569250692
0.999725726935153 -0.00586182796117437 -0.0226739911998892 -0.418892776294993 0.00572389130844962 0.999964746008537 -0.00614359897540032 -0.387050099382684 0.0227092045714533 0.00601213049052324 0.99972403507903 18.1869128924939
0.999767722464662 -0.00519101139630218 -0.0209178038643413 -0.45809950880492 0.00496271884844277 0.999927721313702 -0.0109509620590868 -0.408010192303011 0.0209731385218069 0.0108446092171045 0.999721222097177 19.1224801018359
0.999779561596541 -0.003321776695574 -0.0207314739807217 -0.479956617718326 0.00307466651275056 0.999923987566913 -0.0119400801555194 -0.413943565523346 0.0207695604109468 0.0118737057345043 0.999713779275082 19.9880946297646
0.999767825512242 -0.00385550307795607 -0.0211997680774873 -0.509741173550548 0.00361401378639597 0.999928285328983 -0.0114176662848452 -0.436591762855328 0.0212422685905983 0.0113383991399237 0.999710061332819 20.9141745485793
0.999778678055933 -0.00292818641037762 -0.0208331617638065 -0.519144951006664 0.00266825068410014 0.999918388207612 -0.0124938930113307 -0.457432733550927 0.0208680459798624 0.0124355397405122 0.999704897461418 21.8636226136291
0.999775538836836 -0.000647969827956992 -0.021176687149231 -0.561862899059774 0.000340256547148036 0.999894359656743 -0.0145311304485807 -0.474531394143212 0.0211838657708283 0.0145206632676887 0.99967014268171 22.8136013526572
0.999773351256249 0.00396649975760761 -0.0209168113612234 -0.582919545330599 -0.00429049629077016 0.99987116252515 -0.015467708045631 -0.509675470538672 0.020852763831852 0.0155539458105938 0.999661561234748 23.7901294427133
0.999763612956364 0.00538026085522444 -0.021065872912524 -0.619092586483616 -0.0057083875330574 0.999862840105183 -0.0155471955210732 -0.534516745905837 0.0209793355521406 0.015663772531794 0.99965719809836 24.7621306945737
0.999735488548647 0.00751880295646547 -0.0217352372543036 -0.629923341671317 -0.00785897487960185 0.999847303456882 -0.0156078917168247 -0.577597876890725 0.0216145656963263 0.0157745799343179 0.999641922479072 25.7446601148807
0.999741551308922 0.00669142088489539 -0.0217268376201038 -0.667330106736898 -0.00703201735495593 0.999852992147379 -0.0156379290781092 -0.595557837144711 0.0216190036391313 0.0157866709750207 0.999641635638081 26.7083971179927
0.999734448312649 0.00739832871795957 -0.0218242431526127 -0.717253154933274 -0.0077207329620699 0.999861762832607 -0.0147256751220534 -0.63227103730455 0.021712280845912 0.014890263847658 0.999653368374766 27.6790251203714
0.999720317337461 0.00871325008046201 -0.0219855947320597 -0.735362771223159 -0.00899577959715623 0.999877806801943 -0.0127846554265735 -0.669280325721104 0.0218715123420039 0.0129788573446262 0.999676540792021 28.7214393469499
0.999702572277942 0.00909501431056802 -0.0226284709062718 -0.749749565272613 -0.00936128130756541 0.999887861385479 -0.0116889292176198 -0.686303306571308 0.0225196224023862 0.0118972840877429 0.999675608004011 29.7130462786476
0.999726914009963 0.00753388673008805 -0.022120984491047 -0.810047539636242 -0.00781235572696885 0.999890987975321 -0.0125291365915882 -0.718205096509838 0.022024179941833 0.0126985320597926 0.999676789158084 30.7379093085662
0.999694889426725 0.00929425729379843 -0.0228854721481814 -0.839874227623342 -0.00959997639726761 0.999865662619885 -0.0132852236289259 -0.754841864124319 0.0227589214871975 0.0135008701591913 0.999649817685015 31.7755953828504
0.99967331964289 0.0097634885407661 -0.0236205056186106 -0.869221675436406 -0.010059040452711 0.99987219418617 -0.0124262222136821 -0.783998055014888 0.0234961635024786 0.0126597624325029 0.9996437669069 32.789213304755
0.999668289614806 0.00997764504351841 -0.0237435746675333 -0.897586343596144 -0.010208628506018 0.999901547506556 -0.00962700358473713 -0.811933176441345 0.0236451822288028 0.00986619954085553 0.999671727850691 33.8573029301754
0.999641859576474 0.0100498706098692 -0.0248022717349615 -0.916005763941592 -0.0101952018016608 0.999931552155719 -0.00574011007541194 -0.835392787587834 0.0247428867093837 0.00599091847543601 0.999675896705081 34.8805544818875
0.999631018954071 0.0113723865335534 -0.0246676867455786 -0.952448363413452 -0.0114679275977598 0.999927265110077 -0.00373512062641778 -0.872304238816153 0.0246234153085854 0.00401662968330489 0.999688728607324 35.9730267102484
0.999627691143426 0.00963194012556037 -0.0255285101148081 -1.00484435625098 -0.00970974140634837 0.999948580107293 -0.00292541676186037 -0.884208799477945 0.0254990200024644 0.00317220283499489 0.999669814042661 37.0313111789701
0.999607215596102 0.010263745255933 -0.0260781529547188 -1.02730975047391 -0.0103695279075074 0.999938534184749 -0.00392437809471727 -0.908970571205535 0.0260362712227351 0.00419325479504687 0.999652204116532 38.0896070987423
0.999569666839703 0.0125434091214943 -0.026516862966332 -1.07397798322594 -0.012670427990215 0.999909018972111 -0.0046275298783356 -0.925437255361801 0.026456405434397 0.00496151850152 0.999637655325994 39.1810936169227
0.999546662833918 0.012028127688012 -0.0276005971293914 -1.1104337009094 -0.0121264548473062 0.9999206985934 -0.00339788424228102 -0.943735404062985 0.0275575381776808 0.0037310412499162 0.999613255924899 40.2039354777596
0.999547277976053 0.0105935322404963 -0.0281605427030811 -1.13957860862216 -0.0106339803725185 0.999942629444709 -0.00128696567089073 -0.961467691876645 0.0281452936047819 0.00158584169157149 0.999602584807597 41.3298298059921
0.999520701220881 0.0102893888012925 -0.0291975394342396 -1.16762273384425 -0.0102749584500368 0.999947003696272 0.000644226434375737 -0.986162794560332 0.029202620768831 -0.000343914152902142 0.999573453360626 42.3821918387759
0.999528142535423 0.00968030769845797 -0.0291510535409856 -1.21454727076055 -0.00965932833669629 0.999952977425754 0.000860414698817127 -1.00496566980651 0.029158011862439 -0.000578429108205866 0.999574647419589 43.4631899530059
0.999476658722273 0.0131051489596093 -0.0295747145397435 -1.2526704961113 -0.0131848074824796 0.99990995122899 -0.0025000569771946 -1.03165861306233 0.0295392877539526 0.00288868551173757 0.999559445943563 44.5743297614623
0.999460475841955 0.0138521553342979 -0.029780446980635 -1.2958952266476 -0.0140454600061029 0.999881563239032 -0.00629162521814997 -1.0557772983337 0.0296897673111274 0.00670651081138179 0.999536662874228 45.6187984288607
0.999460414120237 0.0137724402373907 -0.0298194650607819 -1.34537345287367 -0.0139682670385253 0.999882156326482 -0.00636874994368812 -1.0738067542827 0.0297282377974905 0.00678183970706175 0.99953501115651 46.6726190092562
0.999464829230591 0.0133570128683431 -0.0298604309798293 -1.37935076042332 -0.0134993369409932 0.999898437257641 -0.00456979998251484 -1.09626843807781 0.0297963593953988 0.00497045037814213 0.999543631658878 47.7726018153418
0.99947877708455 0.0132837093176145 -0.0294230729927566 -1.41030004515425 -0.0133674721954621 0.999907134564923 -0.00265196781050382 -1.11507530501477 0.0293851126367674 0.00304389765424568 0.999563529668022 48.8538059443216
0.999471005231132 0.0135889439981879 -0.0295474246472582 -1.45952331686773 -0.0136384182484679 0.999905906741148 -0.00147350325504931 -1.14766885320225 0.0295246210805684 0.00187570391503987 0.999562293448924 49.9264397058186
0.99948337109266 0.0140049651665146 -0.028928391934844 -1.49515816187716 -0.0140648977732602 0.999899337103907 -0.00186930730378386 -1.16662897181232 0.0288993003354575 0.00227521644090241 0.999579738605314 51.0006076566032
0.999515307785154 0.0125450315914938 -0.0284916072820824 -1.54145962897226 -0.0126532955579228 0.999913381186508 -0.00362273870019927 -1.18981388529028 0.0284436920014234 0.00398149551481532 0.999587466947637 52.0734250662447
0.999522977734828 0.0127556551514166 -0.0281266820254377 -1.57447481154186 -0.0129323904774648 0.999897701631523 -0.00611060950608906 -1.20849648153301 0.0280458598841311 0.00647143984408934 0.999585689278165 53.1523525536989
0.999547463325941 0.0110152635790826 -0.0279916510224084 -1.62347639506265 -0.0112335945101615 0.999907602400642 -0.00765460748710359 -1.24258130487217 0.027904747141987 0.00796559035374583 0.999578848544355 54.2197750163845
0.999560097182342 0.00958495829249941 -0.0280667186425152 -1.66335738717422 -0.00989794551927418 0.999890135523949 -0.0110339275145432 -1.28431412442789 0.0279578753721477 0.0113068765107681 0.999545152430967 55.3125970054677
0.99959009985975 0.00881230719165687 -0.0272392273079467 -1.6953760837905 -0.00916657872412044 0.999874663862182 -0.0129085398470548 -1.3363197925775 0.0271220592298708 0.0131529391562636 0.999545593804846 56.3892602006119
0.999572847570056 0.00916816729782946 -0.0277500830465259 -1.72673511613008 -0.0094790706712565 0.999893541127284 -0.0110929541218123 -1.36148240445483 0.0276454267447511 0.0113512607378352 0.999553339877248 57.3893308616259
0.999606584457992 0.00777459165686312 -0.0269486925990135 -1.75635230167567 -0.00793763485488955 0.999950803751003 -0.00594844774995159 -1.38597070098249 0.0269011200721742 0.00616001641982357 0.999619119433282 58.502568464405
0.999613530685846 0.00666857998015178 -0.0269873917010223 -1.79789047866439 -0.00667612355003592 0.999977696496839 -0.000189428668982096 -1.40523445246001 0.0269855265674166 0.000369526621903553 0.999635756066156 59.6054603064347
0.999630942953258 0.00422808843462734 -0.0268347006424401 -1.82917303663411 -0.00418820958300208 0.999990040327798 0.0015421237621264 -1.43551624239683 0.0268409536132615 -0.00142916528009738 0.999638695077243 60.6769950426276
0.999647475498401 0.00384682405108682 -0.0262702621683438 -1.86064587916021 -0.00389950272739069 0.999990487203122 -0.00195432385772288 -1.46841670070765 0.0262624943246564 0.0020560758696537 0.999652966755897 61.766613124829
0.999651456325827 0.00300065116323386 -0.0262290289231032 -1.90915610847217 -0.00314792752307746 0.999979501811452 -0.00557552770865918 -1.49225790326479 0.0262117610618183 0.00565615147579678 0.999640411114177 62.8402605491522
0.999622185501424 0.00541050025514826 -0.026948334648831 -1.92377793439531 -0.00566360038684192 0.999940485996178 -0.00932459631219322 -1.52439859418259 0.0268962801148134 0.00947369794305497 0.999593336894194 63.9256257680185
0.9996291169735 0.005581743584655 -0.0266546925950409 -1.960106166863 -0.00593789776363101 0.999893901735736 -0.0133013774412937 -1.56499033959599 0.026577619700222 0.013454717025722 0.999556201882029 64.9957061570178
0.999630048104146 0.00918866903166552 -0.0255995173534536 -1.99599838841612 -0.00955743570575534 0.999851781204213 -0.0143203018646083 -1.59807954865629 0.0254641385095513 0.0145596697829883 0.999569704255674 66.0949314902359
0.999633022908581 0.0108808489023347 -0.0248077938925905 -2.03641430229213 -0.0111629653328957 0.999874268711259 -0.0112621034492746 -1.61387107452791 0.0246821335307396 0.0115348990585161 0.999628800299431 67.1790655003738
0.999608671542981 0.0131101588938147 -0.0247108783707764 -2.07336794033393 -0.0133283342360754 0.999873453498749 -0.00868518825223363 -1.65627802113493 0.0245938870975662 0.00901114433710867 0.999656911142602 68.2754648743588
0.999629398693929 0.0123695349680698 -0.0242499458038212 -2.11356466004836 -0.0125688820083221 0.999888318542229 -0.00808539719831089 -1.67220634089497 0.0241472249311477 0.00838719544706552 0.999673229850964 69.3693678881422
0.999633427307794 0.0110799377927652 -0.0247031574374911 -2.140093728435 -0.0112599077268284 0.999910983794654 -0.0071581397575997 -1.71193846408054 0.0246216467129299 0.00743367105234503 0.999669202810524 70.471315534358
0.999630661360635 0.0107907459448089 -0.024941945987729 -2.16236752197182 -0.0109308402196004 0.999925200272391 -0.00548731193878715 -1.7543477837666 0.0248808681479116 0.00575792168881967 0.999673841179228 71.5157994535926
0.999630651205916 0.00844442642407198 -0.0258312375236775 -2.20490183987045 -0.00854440755598438 0.999956416920846 -0.00376262652153633 -1.76740616106439 0.0257983384959855 0.00398194942104575 0.999659236845064 72.6310274461742
0.999625871413148 0.00773895507318901 -0.0262340575565379 -2.23953967058674 -0.00780121788695623 0.99996698932276 -0.0022718415999165 -1.79394175646677 0.026215609872456 0.00247564923808668 0.999653246360889 73.7290026755966
0.999628351642918 0.00648957495732855 -0.0264772356664287 -2.2690632994851 -0.00657790528326337 0.999973082824299 -0.00325035212726965 -1.8249533938968 0.0264554295702566 0.00342330888761802 0.99964413228034 74.8105414893609
0.999606669110409 0.0076151885161608 -0.0269910350645634 -2.30744164532432 -0.00780399399738278 0.999945765166862 -0.00689669504536747 -1.86464493288135 0.0269370515773715 0.00710462023779704 0.999611884494975 75.8732068822077
0.999582577313204 0.00832388680503467 -0.0276655750048775 -2.32912144291509 -0.00856104829024381 0.999927522841911 -0.00846507622012672 -1.88728550197584 0.027593107546372 0.0086983890288611 0.999581391605625 76.9298575664044
0.999568035434802 0.0085574262521175 -0.0281160628991672 -2.38121522569765 -0.00875728088412661 0.999937203625152 -0.00699277039717254 -1.91413239023089 0.0280544571953703 0.00723597002831217 0.999580205971098 77.9757021690691
0.999546489342283 0.00921595912771421 -0.028668479919121 -2.43939131948394 -0.00931074571726957 0.999951614901824 -0.00317456602112228 -1.9357032829725 0.0286378361212067 0.00344005124822566 0.999583933639244 79.0575964350528
0.99951888581901 0.0104748051864411 -0.0291937552814099 -2.46348977191984 -0.0104597845122077 0.999945072376788 0.000667186134570954 -1.94667471237807 0.0291991403826024 -0.000361504752514578 0.999573548827314 80.1073166220125
0.999475262122151 0.0117345270661992 -0.0301910794836864 -2.50628946016447 -0.0116938938005211 0.999930465627315 0.00152209005117692 -1.97985832963382 0.0302068411728165 -0.00116824007566825 0.999542986550096 81.180580535157
0.999437843700108 0.0139684164334111 -0.0304775314358266 -2.55565731995917 -0.0140004535601368 0.999901637677336 -0.000838015686854634 -2.01273938748014 0.0304628278429538 0.00126424385455176 0.999535100838028 82.2529822612618
0.999444839250156 0.0126359534445074 -0.0308276819883973 -2.58171350740829 -0.0126824025734487 0.999918714801355 -0.00131166114986745 -2.04143076878851 0.0308086020649184 0.00170190204046306 0.999523853426345 83.3224036301552
0.999418437221288 0.0125898202824313 -0.0316904365292525 -2.61378158262379 -0.0126476716756524 0.999918693420821 -0.00162571485278421 -2.05994479775871 0.0316673924304386 0.00202557963401712 0.999496409840377 84.3343670136037
0.999417803644923 0.0112454910331307 -0.0322116855967267 -2.64758373109034 -0.0112945529401983 0.999935314562796 -0.00134155286248086 -2.08561115792431 0.0321945155490754 0.00170458840355944 0.999480168661157 85.3206337076675
0.999413698545677 0.0102120636763546 -0.0326798548760653 -2.69100041714804 -0.0102046728441111 0.999947853764286 0.000392943179887738 -2.11516341460295 0.032682163505424 -5.92255691266283e-05 0.999465793652257 86.3785503515639
0.999411852138744 0.00843812727193856 -0.0332377468061302 -2.73953520144673 -0.00835710221197324 0.999961761021479 0.00257591487441883 -2.12967173990966 0.033258211726196 -0.00229662860824014 0.999444153942486 87.3996165646609
0.999387073106055 0.00667959965465098 -0.0343636589577732 -2.77548347626524 -0.00654815435768753 0.999970813387379 0.00393624794593653 -2.15547033445539 0.0343889485593913 -0.0037088167705588 0.99940164343228 88.3855905496683
0.999329236342296 0.00697663177854617 -0.0359500208699515 -2.8100639520778 -0.00683141762600326 0.999968010107282 0.00416058833612323 -2.18179533194987 0.0359778977254439 -0.00391220795844652 0.999344928192537 89.3262513079289
0.99922666774372 0.00655699283077469 -0.038769476586595 -2.85538458564667 -0.00642636696987186 0.999973250165879 0.0034929586680982 -2.21431183554306 0.0387913428144723 -0.00324111056671499 0.999242076238258 90.2269084540355
0.999070805996485 0.00632253029547499 -0.0426327364380537 -2.9008621712305 -0.00620595641709669 0.999976635312825 0.00286617050965481 -2.23750254433641 0.0426498617873826 -0.00259893037692806 0.999086700367097 91.142311965657
0.998932013898576 0.00702829528536456 -0.0456665596899684 -2.94468610697144 -0.00689677754570584 0.999971605508177 0.00303687946476967 -2.26391656782339 0.0456866070968372 -0.00271868401625018 0.998952122320784 92.0490422327727
0.998786881470782 0.0064959445924299 -0.0488115570917543 -3.00310078810497 -0.00630830564353761 0.99997211336815 0.00399721977674882 -2.27890310692283 0.0488361616200252 -0.00368445245430051 0.998800007072654 92.9125495709445
0.998641625053851 0.00702811967419395 -0.0516285797175167 -3.06390244142034 -0.00676590731549922 0.999963319648033 0.00525184317020349 -2.29148949057359 0.0516635965453514 -0.0048953950128204 0.998652546133873 93.761148767417
0.99845627164784 0.00799071447064199 -0.0549656446277483 -3.1059522971846 -0.00763702666113986 0.999948780184548 0.00664174910777502 -2.30871721369588 0.0550159016182802 -0.00621172195790056 0.998466156201323 94.5592333306843
0.998285729008818 0.00972422472261139 -0.0577151861374212 -3.16594344295634 -0.00928251464782002 0.999925579635053 0.00791644575028795 -2.33006817123485 0.057787872249686 -0.00736713275626269 0.998301701478969 95.35217388645
0.998123924068529 0.0107852389037784 -0.0602686554008838 -3.21793021113947 -0.0103181331093458 0.99991431282691 0.00805624807380114 -2.33628688953211 0.0603503797103206 -0.0074192739319443 0.998149681181707 96.1158132269752
0.997921517953543 0.0127536749164778 -0.0631663500720217 -3.2880985169163 -0.0123285703481909 0.999898685466776 0.00711513562649442 -2.35579065776386 0.0632506945295156 -0.00632159615433528 0.997977648579163 96.8232131636303
0.99775287859159 0.0143442251298671 -0.0654479676355115 -3.34830721556731 -0.0141160877836634 0.999892573230346 0.00394690568445157 -2.37605288509897 0.0654975520754721 -0.00301416725178582 0.997848177564052 97.5135040001235
0.997530592889871 0.0169596620017141 -0.0681548685977052 -3.40790181161082 -0.016964487763839 0.99985596366489 0.000508014434357858 -2.39620030810454 0.0681536675733112 0.000649452494470218 0.997674624217617 98.1764102254559
0.997349911022628 0.0179121726096632 -0.0705146017187736 -3.4456655879095 -0.0181003058289635 0.999834115471254 -0.00202989376893856 -2.4106808460629 0.0704665446297293 0.00330085022635362 0.997508681904939 98.7989174474668
0.997249345573485 0.0195166247321571 -0.0715041545109059 -3.51131301247689 -0.0198147702167995 0.99979767215503 -0.00346260518080203 -2.43111761303345 0.071422108863508 0.00486991914171431 0.997434291696973 99.4366759745901
0.997278497773999 0.0216170929788971 -0.0704861629596782 -3.56100580964823 -0.0218757368140112 0.999756492943282 -0.00289947522724972 -2.44901316455355 0.0704063208560191 0.00443352104889995 0.997508543258968 100.023666901605
0.997410522386265 0.0244498592103088 -0.067634711633553 -3.60471490095864 -0.0246005005008025 0.999696388344019 -0.0013951727615065 -2.46234200359476 0.0675800651691592 0.00305540775028613 0.997709175699618 100.581459085271
0.997729740987818 0.0261494025562607 -0.0620610400680844 -3.64401201992301 -0.0261983551953123 0.999656763875531 2.4959190864022e-05 -2.48190567012923 0.0620403911451403 0.00160099464445816 0.998072355434568 101.092252295393
0.998084479691701 0.0292076449678042 -0.0545370046297052 -3.6706756105718 -0.0291587855654673 0.9995733609169 0.00169155834667994 -2.50314879487473 0.0545631434476871 -9.80853089337302e-05 0.998510317300918 101.644054912996
0.998567034590535 0.0292030782400001 -0.0448448174304802 -3.69202687878758 -0.0290420289388329 0.999569204079943 0.00423872741578364 -2.51410313790654 0.0449492823544566 -0.00293026898044399 0.998984972629479 102.133848600637
0.999049714165021 0.0282849454038849 -0.0331606768671712 -3.69600604744402 -0.0281199701963929 0.999589801766126 0.00543097425064792 -2.52426348875127 0.0333006892262557 -0.00449333602755033 0.999435277558482 102.599756200012
0.999407429666145 0.0281410799403303 -0.0198209270192076 -3.70244975482763 -0.0280334587092891 0.999590808944245 0.00568681518818578 -2.53669598943949 0.0199728495939711 -0.00512779621103836 0.999787372887413 103.014671563559
0.999648757918246 0.0260547373142406 -0.00484886130889854 -3.70681557640975 -0.0260314346315703 0.999649560308272 0.00480842869357284 -2.53606711280216 0.00497244442194152 -0.0046805169548684 0.999976683506923 103.46969497925
0.999620457976725 0.0242645366342365 0.0130450088665744 -3.68962103877401 -0.0242941631957009 0.999702610838568 0.00211743173929378 -2.55562441651818 -0.0129897509223181 -0.00243354565926122 0.999912668299837 103.846661190011
0.999125205778364 0.0240102687895706 0.0342393073965443 -3.6525042317758 -0.0239418629262074 0.99971045598043 -0.00240653340372081 -2.564038690974 -0.0342871751237279 0.00158467537782872 0.99941076561441 104.276707378447
0.998018689241884 0.0226158399362607 0.0587130284339786 -3.63134828451273 -0.0222404409794567 0.999727867167519 -0.00703948817196119 -2.57843023759811 -0.0588562546289776 0.00571973711470339 0.998250081842415 104.679455764108
0.996096956266834 0.0208644348412776 0.0857643811538488 -3.58463092970111 -0.0200901534435591 0.999749341325298 -0.00988130832669112 -2.59232980044874 -0.0859490514814609 0.00811972157077845 0.996266445621376 105.064834755058
0.993120432016985 0.0177940768808681 0.115737540747827 -3.49396524351287 -0.0166142186054687 0.999799790939299 -0.0111510438015447 -2.60695157939087 -0.115912791574213 0.00915144063478661 0.993217234991309 105.475816192717
0.988874037995137 0.014910099702207 0.148006168473016 -3.40837825284504 -0.01317673257007 0.999832716669479 -0.0126851249937298 -2.62114715230162 -0.148170545986607 0.010593753074333 0.988905082248964 105.840386387408
0.982876503264106 0.0146096765917469 0.183685428603381 -3.30322488699846 -0.0120868271700869 0.999816723795309 -0.014846798583383 -2.64091355400392 -0.183868670360896 0.0123723954471096 0.982872950024883 106.227390101271
0.975109893108044 0.0103106994088032 0.221482247235577 -3.19595534100505 -0.00697182268203319 0.999850048128501 -0.015851654359234 -2.6529945461191 -0.22161247720133 0.0139129700328737 0.975035557922661 106.573813038145
0.965179759353374 0.00843991172071916 0.261451333950909 -3.03095720263066 -0.00430250394449206 0.999856366305856 -0.0163931454412217 -2.67436264247866 -0.261552137430324 0.0146974367763867 0.965077439772495 106.936506540152
0.953031179112493 0.00904497036476116 0.302737113929811 -2.91429957624238 -0.00389969682133523 0.999837573016856 -0.0175960208133875 -2.69587432595781 -0.302847096740505 0.0155889735025784 0.952911653775408 107.254372701148
0.937841625173012 0.0109476551037148 0.346890811265698 -2.78684146638049 -0.00496970458042898 0.999823506603003 -0.0181178828911766 -2.70509320798615 -0.347027935661132 0.0152677598816995 0.937730508930454 107.574225401368
0.920032032334865 0.00986251418810469 0.391719019568449 -2.58283788486579 -0.00341322787664367 0.999846981781341 -0.0171570072624652 -2.71409290703046 -0.391828290649412 0.0144479699830674 0.919924913680529 107.903302553101
0.900052641987309 0.00952237255715501 0.435677135127088 -2.4278004990398 -0.00283293211611937 0.999867960423718 -0.016001131639373 -2.7173371241003 -0.435771977239576 0.013167617058444 0.899960775652868 108.189574510232
0.877116903561879 0.00846242421291835 0.480202379067891 -2.18437703026106 -0.000513341427801212 0.9998607053296 -0.0166825183462309 -2.74569102612131 -0.480276663982959 0.014386011060556 0.876999069964823 108.526032270829
0.852229763930709 0.00858870517607911 0.52309718371829 -2.0058187856796 0.00114554878791065 0.999832204509756 -0.0182825201527487 -2.76314560690111 -0.523166433545371 0.0161801411786034 0.852076924838866 108.776836311845
0.824767849150902 0.0100859866936674 0.565381524175853 -1.74963680319582 0.00227226250299623 0.999773732521329 -0.0211499546923141 -2.77599860731037 -0.565466914885489 0.0187284978784906 0.824558312999816 109.040008620329
0.794481842045348 0.0133597627889622 0.607140938661242 -1.52767231387449 0.00190062284885947 0.999698394839599 -0.0244848317926607 -2.78396015459184 -0.607284933365728 0.0206067002053012 0.79421683035153 109.268159771875
0.760969440445212 0.0192967103985171 0.648500692117053 -1.25129994142413 -0.00120891304842707 0.999598025805499 -0.0283253479235672 -2.81618533684044 -0.648786597609524 0.0207707432111986 0.760686878412341 109.54306773178
0.72415575207547 0.0239827894150861 0.689219321078481 -1.01030569891983 -0.00338062102712704 0.999506573664203 -0.0312278818288535 -2.80966507672403 -0.689628173828101 0.0202838609223572 0.723879511278363 109.764019177408
0.685040339201098 0.024033402488335 0.728108597141991 -0.724971472670263 -0.00107386945586601 0.999487908437496 -0.0319807393853054 -2.82532261884221 -0.72850434485433 0.0211262029733873 0.684715344560271 109.9792258656
0.644154066061162 0.020796445838388 0.76461300473989 -0.379033001007089 0.00323578178167428 0.999547287995183 -0.0299123515915506 -2.85683011761677 -0.764888925853377 0.021742283733917 0.643795157021937 110.207847278583
0.600544561403016 0.0194180590464093 0.799355470833927 -0.0955554070767266 0.00460221409711986 0.999604574551332 -0.0277401182667869 -2.85651542324748 -0.799578044592686 0.0203379821742771 0.600217724735296 110.350530064158
0.554449159330909 0.01746397853655 0.832034337735483 0.270480546541175 0.00587129684571054 0.999672826744808 -0.0248951268603955 -2.87599586435022 -0.832196886313929 0.0186882027418518 0.554165222192517 110.575404960448
0.506709982827283 0.015456087572222 0.861978017504005 0.585215971105649 0.00698909978871588 0.99973277712487 -0.0220346732750557 -2.87408551331606 -0.862088247099633 0.0171896392968233 0.506466554190429 110.688796695258
0.456470968619114 0.0108863506547904 0.889671704718852 0.990239766645445 0.0104274503078529 0.999791015421902 -0.0175839063270971 -2.92642802342742 -0.889677201623153 0.0173035502444964 0.456262056345836 110.881296985874
0.405020089403042 0.011023099997297 0.914241334903646 1.3367692461468 0.00854453364336397 0.999838021938582 -0.0158404807616771 -2.92229697328452 -0.914267859067992 0.0142274787785198 0.404860297785344 110.964439904351
0.354119189829966 0.0151759385713544 0.935077157395392 1.71708899941952 0.00550597906355455 0.999817164552907 -0.018311790189317 -2.93511645246309 -0.935184090748297 0.0116330715576044 0.353970885889526 111.07277130063
0.303504646338281 0.0203810011444245 0.952611959007143 2.12946062346189 0.00370241650110325 0.999738435011873 -0.022568865103556 -2.94406304534441 -0.9528227651369 0.0103767216576875 0.303349801194119 111.165396218913
0.256635649826847 0.0228126826631438 0.966238958409183 2.51697635373571 0.00573143065807431 0.999667907097139 -0.0251242158611329 -2.94243313181806 -0.966491228072228 0.011985701053164 0.25641967364011 111.245504162165
0.21495433142743 0.0222882701731141 0.976369739603434 2.96354608501946 0.0136886841079892 0.999572583022663 -0.0258315929975919 -2.96717519930735 -0.976528164124301 0.018917829740534 0.214557359207113 111.333649963467
0.179958433919021 0.0216508922234395 0.983435916024701 3.37085568121211 0.0209280043668703 0.999447184723368 -0.0258329940532089 -2.98487129956165 -0.983451564996789 0.0252302162983569 0.179405840180593 111.331977576275
0.148522283648779 0.0224035305692447 0.988655254918409 3.79177729123543 0.0247840753032596 0.999344998391236 -0.0263689931886265 -3.00677387561218 -0.988598442680907 0.028419289372755 0.147869750525365 111.391293628038
0.120968874605754 0.0213091460344487 0.992427554873352 4.26680404363074 0.0219455390835116 0.99946779879008 -0.0241352956486103 -3.03518156191208 -0.992413686267451 0.0246989772459166 0.120436854127191 111.427532562846
0.0958762801434153 0.0183217788954278 0.995224623551873 4.76104876944499 0.0173057234678003 0.999648783891855 -0.0200703960795761 -3.04417767535814 -0.995242809992173 0.0191473570406491 0.0955255352104375 111.459642364758
0.0707123522369788 0.0143337247302872 0.99739375753835 5.27445367703083 0.0125522222642113 0.999804794088362 -0.0152582906696232 -3.05304454970289 -0.997417768518961 0.0135984577539228 0.0705186286691077 111.522759655473
0.0487308697083609 0.0113729239796977 0.99874719470826 5.77737625469309 0.0156098976900736 0.999804376462326 -0.0121466003838085 -3.06846935384359 -0.998689958611566 0.0161822559283468 0.0485438066234745 111.516430983887
0.0287495533163046 0.0118175716792094 0.999516787344625 6.34053709210827 0.0219914138282168 0.999680610985099 -0.0124520575928018 -3.10285239647186 -0.999344705745695 0.0223387783924074 0.02848048591555 111.497001791009
0.0107097070430288 0.0144377251644309 0.999838414078559 6.86709526926798 0.0283210834949866 0.999490252502429 -0.014736057216914 -3.1254982705773 -0.999541504093113 0.0284743260623764 0.0102953557768044 111.506213370139
-0.00340132120646312 0.0195448602888398 0.999803195359137 7.43631131338408 0.0288194258867697 0.999395603273428 -0.0194388489705235 -3.13347407627064 -0.99957884716795 0.0287476363207755 -0.0039625371116214 111.505486451826
-0.0147448148814159 0.0240847587825776 0.999601177884709 8.03917060722329 0.0271665888107822 0.999350453627876 -0.0236779915986076 -3.12749215983848 -0.999522169282152 0.0268066265714823 -0.0153895381788552 111.491694900718
-0.0212691990939777 0.0242748953452669 0.999479039613076 8.64494355941723 0.0290963454807818 0.999296762314929 -0.0236512897441774 -3.14243082457659 -0.999350300870302 0.0285781434469838 -0.0219605525331193 111.483659402071
-0.0241468628565147 0.0211039814794707 0.999485643208497 9.28239610563683 0.0349416837020537 0.999184105443842 -0.0202534483102288 -3.17617353429194 -0.999097596711279 0.0344346539710164 -0.0248645702082715 111.452078212363
-0.0237307507967833 0.0193618702957952 0.999530874683354 9.9574888935585 0.0383660593264702 0.999093548717723 -0.0184425161619415 -3.19600996574337 -0.998981930246178 0.0379104060816355 -0.0244520786917341 111.449593324513
-0.0217311955332694 0.0190237926377416 0.999582838215208 10.6409919014563 0.0389628999114004 0.999075497586607 -0.0181670733077438 -3.22629547046438 -0.999004328104333 0.0385518538562149 -0.0224523271190325 111.421380413072
-0.0204085769668299 0.0192617022691381 0.999606160851304 11.3123102184509 0.0321899172384201 0.999308708710597 -0.0185987613389566 -3.24242984174322 -0.99927338562296 0.0317976653365445 -0.0210145012972583 111.425507363051
-0.0191310372687558 0.0206839490570345 0.999603010031696 11.9983113785754 0.0327163744596213 0.999263531383783 -0.0200507777562349 -3.26784266087301 -0.999281563051795 0.0323197942106394 -0.0197936516828654 111.443066439628
-0.0185260408599753 0.021699708649889 0.999592871350413 12.7221091783686 0.0322438967428615 0.999257393884674 -0.021094830875009 -3.28313374981328 -0.999308319255319 0.0318399656299985 -0.0192119664737971 111.432472799371
-0.0173158851084958 0.0208496931921988 0.999632657738182 13.4779584423282 0.0304865627465526 0.999328704578993 -0.0203152577234788 -3.32009658918396 -0.999385175803008 0.0301235870749489 -0.0179398965138621 111.395933527167
-0.0163960760894906 0.0200267603180729 0.999664992665058 14.2490944962768 0.0299127387261246 0.999361698531037 -0.0195300683835051 -3.33642691676221 -0.99941802903028 0.0295825012519942 -0.0169846656989627 111.402537970124
-0.0163145712919137 0.0183770276415461 0.999698014211603 14.9947367170048 0.0299268568098375 0.999392105777332 -0.0178830129294045 -3.36846218428727 -0.999418940187269 0.0296260656350385 -0.016854620433099 111.408758935172
-0.0167962445098634 0.0159662290264474 0.999731446790107 15.7954303113237 0.03015691217924 0.999425691733404 -0.0154546870243144 -3.39900547258385 -0.999404045828402 0.02988923274159 -0.0172680904543778 111.415924929652
-0.0178999215366117 0.014818341769533 0.999729968319538 16.5767735342005 0.0274348536889069 0.999520960752885 -0.0143240294155825 -3.41710832866465 -0.999463316791593 0.027171046406635 -0.0182978858100347 111.384712476084
-0.0189623918113271 0.0140352279860796 0.999721681305438 17.401222982599 0.0249604413523019 0.999596469576374 -0.0135600286853605 -3.4348752543378 -0.99950858128597 0.0246963638179444 -0.0193050653943393 111.366608813153
-0.0202712654882639 0.0106801326103411 0.99973747082068 18.1561197476496 0.0257787480852411 0.999616080880855 -0.0101561307375135 -3.47048541152164 -0.999462121314591 0.0255661027891487 -0.0205388034099526 111.358425263088
-0.0216905059194964 0.00898590238913372 0.999724349764078 18.9563400524403 0.0275382397597066 0.999585564470948 -0.00838717188531152 -3.50668587879799 -0.99938539478216 0.0273487268359938 -0.0219289725376495 111.34434016704
-0.0230796499971592 0.00876998963998893 0.999695162055775 19.8157267524576 0.027054951695683 0.999600768235008 -0.00814455233430988 -3.51067521722733 -0.999367479631368 0.0268587309025676 -0.023307707513837 111.331413713645
-0.0240966056943682 0.0127287102301569 0.999628597795144 20.6252237056357 0.0240038349699453 0.999638028707443 -0.012150204468768 -3.53985432081217 -0.999421417371444 0.0237021412065226 -0.0243934212746037 111.314141767979
-0.0247692153705798 0.0168817888458377 0.99955064462752 21.4735502237012 0.026396722240239 0.999519831073895 -0.0162271483934817 -3.56612110917102 -0.99934463476065 0.0259829269978759 -0.0252029458541168 111.301452862863
-0.0257497497198132 0.0186555849534969 0.999494331919601 22.3078184375029 0.0276202534403555 0.999457432211688 -0.0179433217858254 -3.59226060973674 -0.999286781654425 0.0271442507146911 -0.0262510507195518 111.279571742993
-0.0270574929824732 0.0168483328219716 0.999491883786268 23.1338146283941 0.0249074919244448 0.999558892822469 -0.0161751854874841 -3.6163654721884 -0.999323525650996 0.0244571760561368 -0.0274652074418163 111.275343486165
