1 -1.73472347597681e-18 -2.50721752387273e-19 8.67361737988404e-19 1.73472347597681e-18 1 -8.67361737988403e-19 1.38777878078145e-17 2.50721752387273e-19 8.67361737988403e-19 1 5.55111512312578e-17
0.999997189945342 -0.000549501535564712 0.00230611133340361 -0.0195312770322045 0.000550412958801813 0.999999770666293 -0.000394604784532929 -0.108434240503571 -0.00230589396859951 0.000395872989234261 0.999997263065046 1.20505492566462
0.999992978127451 -0.000142399231809111 0.0037447854745705 -0.0229461116679349 0.000143485084391037 0.999999947743887 -0.000289696832180925 -0.127772471070698 -0.0037447440262762 0.000290232118826537 0.99999294630387 2.39925319579759
0.99998744130403 -0.000135499911082103 0.00500987764260484 -0.0264824758785956 0.000136599222649318 0.999999966670703 -0.000219087301831531 -0.155494339006076 -0.00500984778931922 0.000219768895772265 0.999987426484334 3.59498017135768
0.999982779416961 -0.000607579040567662 0.00583709835781793 -0.0229087755006731 0.000607273746272071 0.999999814147248 5.40746384556928e-05 -0.185181207700058 -0.00583713012759409 -5.05289906717803e-05 0.99998296253421 4.80288556530946
0.999975179565116 -0.000920829654891385 0.00698515042508223 -0.0104903785261475 0.000922377725462677 0.999999550759235 -0.000218404806825472 -0.20582569285481 -0.00698494617344502 0.000224842333084288 0.999975579688264 5.99173405862531
0.999969538677746 -0.00124800512003824 0.00770481666469842 -0.0161382323273652 0.00125450568070816 0.999998861209014 -0.000838925605420902 -0.234311424654373 -0.00770376090707176 0.000848565786912367 0.999969965550962 7.19026761068115
0.999964506433722 -0.000360850148792799 0.00841758040844793 -0.00442958100034018 0.000372988115689424 0.999998892987114 -0.00144045284935042 -0.263494875460512 -0.00841705130245293 0.00144354137999695 0.999963534052945 8.39286645597197
0.99996144509344 -0.000683589575614105 0.00875448638873348 -0.00441693632207363 0.000684046352139235 0.999999764830827 -4.91820904182604e-05 -0.285311068803596 -0.00875445070958385 5.51686686864257e-05 0.99996167754029 9.59128507808661
0.999968573312028 -0.000823273270990291 0.00788508778825316 -0.00354730356203828 0.000819220458843793 0.999999530690643 0.00051720047663447 -0.310132113679362 -0.00788550988503584 -0.000510724597500555 0.999968778459727 10.7947375563737
0.999981959241803 -0.00208353508857369 0.00563383283921934 -0.012310574202528 0.00208336424051476 0.999997829139365 3.61939146836187e-05 -0.336545248923042 -0.00563389602024464 -2.44559358436884e-05 0.999984129182829 11.9951315635167
0.999990575909505 -0.00234848776350294 0.00365139663711578 -0.0187697629195251 0.00235011904356221 0.999997140550339 -0.000442528672683989 -0.365740715902696 -0.00365034692295811 0.000451105719026216 0.999993235712608 13.1752069243609
0.999996534057984 -0.00164274549589626 0.00205748857970684 -0.0106590788799779 0.00164362837402627 0.999998557869102 -0.000427487409692884 -0.392073904305934 -0.00205678335952217 0.000430867674655151 0.999997791995192 14.3642869324229
0.999999176366114 -0.000587850051938776 0.00114092042224596 -0.0316664808033307 0.000588548780884772 0.9999996394189 -0.000612186574344234 -0.406632174709613 -0.00114056013694209 0.000612857557450226 0.999999161763743 15.5535996796319
0.999998601115357 -0.00126030907912254 0.00109972194373329 -0.0284034632638311 0.00126077733894997 0.999999114818481 -0.00042520907247567 -0.43942220650156 -0.00109918507542519 0.000426594982163034 0.999999304904204 16.7443065985558
0.999998259746241 -0.00170052759336745 0.000767274653450898 -0.0257522463580645 0.00170065228279132 0.999998540786247 -0.000161886346739172 -0.468679081906589 -0.000766998241633552 0.000163190932406768 0.999999692541161 17.9768320370113
0.99999875751803 -0.00157609216153299 -2.99314911019426e-05 -0.0416294217900509 0.00157609358430806 0.999998756832261 4.75704379210142e-05 -0.491090799621637 2.98564784977504e-05 -4.76175536466974e-05 0.99999999842058 19.1512724983954
0.99999768897906 -0.00209442102586527 -0.000485218615521758 -0.0342576250159728 0.00209408749057633 0.999997571491669 -0.000686883065498878 -0.518205812992146 0.000486656059499 0.000685865387864772 0.999999646377212 20.3553956801362
0.999999008183315 -0.00106626729356852 -0.000920166531136152 -0.0497440363655228 0.00106494465243018 0.99999840090881 -0.00143668810464874 -0.553004555403275 0.000921696953243005 0.00143570675329083 0.999998544609363 21.5362267676672
0.999997050529475 -0.00158666134630982 -0.00183886870753369 -0.0666397425250325 0.00158484451294223 0.999998255019217 -0.000989053279747548 -0.572574002436387 0.00184043479135155 0.000986136041582896 0.999997820165367 22.7349666605273
0.99999289059941 -0.00272816931259985 -0.00260304491650447 -0.0867636225752438 0.0027266126156376 0.999996101948839 -0.000601390698293059 -0.594965131204835 0.00260467546535018 0.000594288927657261 0.999996431236827 23.9503860220602
0.999994002059815 -0.000958428267745967 -0.00332825174085829 -0.0869200290862964 0.000954708033840236 0.999998917980278 -0.00111918311448529 -0.622640548504329 0.00332932079635797 0.00111599889301628 0.99999383506575 25.11527514188
0.999988823166119 -0.00213529205617466 -0.00421830187107934 -0.106377486538969 0.00213320661040306 0.999997600302283 -0.000498817836265269 -0.631753023946271 0.00421935687019322 0.000489813751625114 0.999990978514352 26.3225641167201
0.999979853137488 -0.00383636123223794 -0.00505723754863516 -0.121464113569659 0.00384189717813914 0.999992030836703 0.00108539815725613 -0.651143459084088 0.00505303326727126 -0.00110480567655597 0.999986623040137 27.5104202646888
0.999972881131473 -0.00400072027696074 -0.00618314150620865 -0.14103393588076 0.00400960058504174 0.999990946932134 0.00142448479194977 -0.685461042510297 0.00617738656461759 -0.00144923808933467 0.999979869599479 28.7375672577889
0.999972006931802 -0.00398788045006647 -0.00633104748838062 -0.131841753030503 0.00398807341721913 0.999992047444182 1.78552733322123e-05 -0.710012605538123 0.00633092593567664 -4.31034556998909e-05 0.999979958558615 29.9291594092719
0.999961115896704 -0.00459861536862316 -0.00752458844782889 -0.157570069361021 0.00459243052895274 0.99998910275206 -0.00083902262634051 -0.730675448397606 0.00752836479286704 0.000804433851992426 0.999971337894103 31.1110722973593
0.999960698903723 -0.00417974938245159 -0.00781858958360652 -0.18091560236361 0.00417479167746095 0.999991074068857 -0.000650305361439396 -0.750286839640049 0.00782123790884714 0.000617638821002654 0.999969222906315 32.3217161022649
0.999950060484515 -0.00454015469433558 -0.00890300692839534 -0.177549132555395 0.00453981491893063 0.999989693283418 -5.83732528685163e-05 -0.777689786262691 0.00890318019122424 1.79523340596788e-05 0.999960365744661 33.5012292508211
0.999947219989872 -0.00421626362163507 -0.00936911711955757 -0.206761737719357 0.00421988045501047 0.999991029175459 0.000366302540529638 -0.805672532025216 0.00936748864277564 -0.000405819761291363 0.999956041767261 34.6948898118257
0.999944693055053 -0.00474066591137819 -0.00938812642402486 -0.219968460425388 0.00474404662661589 0.999988689869214 0.000337868699280701 -0.835224588805874 0.00938641852046196 -0.000382387722287289 0.99995587348992 35.8893028177913
0.999936155578732 -0.00467933007023999 -0.0102853603008718 -0.244467443181332 0.00468471159581923 0.999988902081009 0.000499191428832633 -0.858699769687686 0.0102829102733126 -0.00054734350491343 0.999946979680122 37.0903219158498
0.999935710266852 -0.00541471579857783 -0.00996273988152774 -0.269227772927723 0.00542370694455275 0.999984908179599 0.00087568031735066 -0.89636155231388 0.00995784796559789 -0.000929659001578949 0.99994998724838 38.3104300590529
0.99992841371947 -0.00560182678131577 -0.0105729358825238 -0.273181992216731 0.00561969013061964 0.999982830626253 0.00166058289224842 -0.908956649145001 0.0105634520541177 -0.00171988064072635 0.999942726105492 39.4945092323838
0.999928318031117 -0.005650821688289 -0.0105558994741172 -0.310229393654684 0.00567947776113581 0.999980262404348 0.00268669575736253 -0.925928925089019 0.010540509087386 -0.00274645516603289 0.999940675566406 40.7083797008188
0.999938037854809 -0.00463851061359929 -0.0101195192752028 -0.31571659359313 0.00466312119145092 0.999986224101067 0.00240975285975156 -0.954521399191427 0.0101082022055119 -0.00245679209107448 0.9999458927466 41.8912322676246
0.999943469112814 -0.00370519220744806 -0.00996645018729665 -0.354851168714209 0.00372958721381221 0.99999009200373 0.00243024146667158 -0.977680071166032 0.00995734692800083 -0.00246727482815103 0.999947380514134 43.097735703474
0.999958253247922 -0.000993222497254834 -0.00908324118554331 -0.370104469996731 0.00103082873952733 0.999990913609079 0.00413643462295793 -0.989937421044609 0.00907905025173712 -0.00414562520630935 0.999950191078623 44.2854240299678
0.999969620549481 -0.00121679687955808 -0.00769918070188926 -0.390939135171121 0.00127013306528036 0.999975205417112 0.00692642137048049 -1.00946004660585 0.00769056175600507 -0.00693598993359023 0.999946372213789 45.5087671237019
0.99998243344374 0.000263948340491464 -0.00592141327805769 -0.393952254904542 -0.000205129909333221 0.999950659566787 0.00993158364351833 -1.0248095389621 0.00592374253798247 -0.00993019452082666 0.999933148020968 46.6920486684834
0.999991401821521 0.000415763167055337 -0.00412594522730802 -0.418606737323891 -0.000362592220973795 0.999916991804939 0.0128793643726515 -1.03083766602615 0.00413095750536302 -0.0128777575979344 0.999908545092669 47.9219512424921
0.99999531352334 -0.000108086837769552 -0.00305961575898552 -0.413650564166376 0.000154223943913961 0.999886230746891 0.0150831620607161 -1.05295753829103 0.00305763737749511 -0.0150835632398383 0.999881561472986 49.1162629210935
0.99999855638967 -0.000937927533393565 -0.0014168664435749 -0.407053523948211 0.000956917630651735 0.999908922588391 0.0134622002945355 -1.05943730960618 0.00140411083073032 -0.0134635366848442 0.999908376628934 50.3437836084369
0.999999907026616 0.000101031243141821 0.000419212890555637 -0.441700834532017 -0.000105864887075836 0.999933333329726 0.011546327932704 -1.07524893305409 -0.000418018403163324 -0.0115463712391282 0.999933251058201 51.509486450694
0.999999695963254 0.000365394164547431 0.000688883520590007 -0.436606528554657 -0.000372903124044509 0.999940177061196 0.0109317538429714 -1.06661085932756 -0.000684847910490822 -0.0109320074061335 0.999940009299264 52.7161265685503
0.999999740608608 1.2134132892299e-05 0.000720163509193585 -0.461301357140916 -1.96841153614115e-05 0.999945034615151 0.010484624983237 -1.08333947626653 -0.000719996703296275 -0.0104846364393971 0.999944775476866 53.9479355474097
0.999999979964093 -0.000183725997118504 7.94768627497969e-05 -0.451848774612911 0.000182955939697309 0.999954065864991 0.00958293729490546 -1.10149291862997 -8.12338467586838e-05 -0.00958292256213851 0.999954079443766 55.1236369086899
0.999998596658335 -0.000488338515394108 -0.00160256259029301 -0.475232261917047 0.000504196177381941 0.999950770104746 0.00990975040755625 -1.1076951791181 0.0015976443835026 -0.00991054450672265 0.99994961305058 56.3513640957843
0.999996286372914 -0.000725617426755996 -0.00262692210235142 -0.478857953480805 0.000754690457699733 0.999938293387696 0.0110833144507727 -1.12443466492478 0.002618717757776 -0.0110852558045197 0.999935127606313 57.5459880472117
0.99999214466941 -0.000441769183868225 -0.00393896426260505 -0.482055904631151 0.000486775651675584 0.999934530217889 0.0114323369174518 -1.13555411204452 0.0039336559253233 -0.0114341645045618 0.999926890444068 58.7179146908762
0.999989553100987 -0.000313494986646301 -0.00456019843668559 -0.496118567992499 0.000363977008148389 0.999938620423286 0.0110735227779531 -1.14441040453183 0.00455644703976041 -0.0110750669013625 0.999928288270466 59.9506901766174
0.999983807730379 0.00100191464013637 -0.00560182506923439 -0.490365097123036 -0.0009413865822203 0.99994126458265 0.0107972763303644 -1.16514572323595 0.00561231399293001 -0.0107918280149987 0.999926016453087 61.1244193754133
0.999984585771572 0.00108555359459636 -0.00544516231624937 -0.505790526876464 -0.00102983356280805 0.999947189647989 0.0102253292329729 -1.178339109099 0.00545597489821547 -0.0102195640065042 0.999932894173117 62.3305773390059
0.99998568712371 -0.00096678920235746 -0.00526221116634927 -0.535151247563677 0.00101649442399303 0.999954819502213 0.00945122708341396 -1.19786111790572 0.00525283607273604 -0.0094564408174784 0.99994149000842 63.5402834757589
0.999981342293104 -0.00273176398438051 -0.00546374699407079 -0.537192180299575 0.00278685826897614 0.999945094614814 0.0101015432860595 -1.20768900836527 0.005435851972802 -0.0101165815029157 0.999934050971375 64.7775930221298
0.9999776403828 -0.00310367536663759 -0.00592333805095948 -0.553604453859727 0.00317580582812362 0.999920448195621 0.0122070282055445 -1.21032379546824 0.00588498018598818 -0.0122255666325708 0.999907947027487 65.9494066044383
0.99997770048783 -0.0021343215777844 -0.0063279695380987 -0.55366520227392 0.00220346844526848 0.999937724023006 0.0109404205815679 -1.23043478662361 0.00630422508189605 -0.0109541200967258 0.999920128809808 67.1238051314331
0.999979111843118 -0.000982417182706807 -0.00638832794462833 -0.57915456822845 0.0010440690627701 0.999952848737796 0.00965454405748656 -1.25087597291309 0.00637854193692909 -0.00966101224742548 0.999932987277204 68.3422552569219
0.999983120192908 0.00203216192754598 -0.00544331214935446 -0.597148246096289 -0.00198040249302213 0.999952937745008 0.00949738390792322 -1.27331390673097 0.00546235619679906 -0.0094864436449641 0.999940083230865 69.5246135542933
0.999981126328992 0.00248162522237894 -0.00562036671892514 -0.617886098600961 -0.0024268175038822 0.999949644148238 0.00973754202119834 -1.28072517454311 0.00564424863045557 -0.00972371863370209 0.999936793879158 70.7196361108796
0.999975844281946 0.00420121575537901 -0.0055372049614704 -0.630434893402465 -0.0041471282985539 0.999943930636471 0.0097435573667546 -1.27838322113664 0.00557782928063513 -0.0097203585047394 0.999937199253561 71.9210551565002
0.999980483992565 0.0037849013095114 -0.0049705287517878 -0.656673411426496 -0.00373150290914251 0.999935697864292 0.0107086891209752 -1.29958377013542 0.0050107404676506 -0.0106899325876214 0.999930306482026 73.1151176430901
0.999985214189536 0.0043457847076733 -0.00326887711330757 -0.672107575686599 -0.00430872234817864 0.99992731197293 0.0112608029161806 -1.28998605778345 0.00331757653018873 -0.0112465517322115 0.999931252016908 74.3191276636947
0.999990736153128 0.00430239055753595 -0.000130550434687593 -0.674053178724821 -0.0043008945669931 0.999942158581574 0.00985808283317117 -1.31703175134049 0.000172956205962117 -0.00985743002574608 0.99995139939871 75.498670309621
0.999996767056093 0.00105158236437794 0.00231517858767832 -0.670974814154577 -0.00106379947618929 0.999985483923457 0.00528207090480717 -1.34757386834741 -0.00230959044775784 -0.00528451671393708 0.999983369699248 76.6362470131657
0.999984304395003 0.00229460211341235 0.00511133688800797 -0.68127246202189 -0.00231516601371001 0.999989236058517 0.00402091698895756 -1.35777334014304 -0.00510205546525609 -0.00403268747168051 0.999978853007295 77.8285667709454
0.999970028229551 0.00234218916442548 0.00737948456938254 -0.689447220109534 -0.00239485183369699 0.999971673366103 0.00713562541692237 -1.37388464507519 -0.00736256254889188 -0.00715308432174808 0.999947311640668 79.0082155753961
0.999936465180019 0.0010882308851808 0.0112196861288617 -0.674939911565846 -0.00119227648880739 0.999956312824563 0.00927097185192436 -1.40000966710944 -0.0112091070145605 -0.00928375979037993 0.999894078252337 80.1686002425145
0.999886814716292 0.00252729055940949 0.0148314044828912 -0.649040839609252 -0.0026364423527839 0.99996955274456 0.00734457320516285 -1.40234675878224 -0.0148123910368061 -0.00738284405049087 0.999863033962902 81.3621740281455
0.999834083943137 0.00152093752219572 0.0181518961720865 -0.642783774837117 -0.00159441661846786 0.999990591380432 0.00403422684782402 -1.42979344239932 -0.0181455895808151 -0.00406249918972642 0.999827101892671 82.5215550345636
0.999758808046655 0.000171196609062778 0.0219612482535118 -0.626893176650858 -0.000192726558221407 0.999999502943406 0.00097824813553384 -1.44099878043658 -0.0219610698647649 -0.00098224470574532 0.99975834410408 83.7035280206799
0.999673752130347 -0.000873397219308031 0.025526975514736 -0.607790766003135 0.000872087946171138 0.999999617782953 6.24224418304135e-05 -1.46685694385653 -0.025527020277478 -4.01403089931408e-05 0.999674131717186 84.8136450071805
0.999584310268357 -0.00116207190572114 0.0288072257293166 -0.573709480001496 0.00112543204724454 0.999998537126236 0.00128807922729026 -1.48473816730224 -0.0288086804286643 -0.00125512321095395 0.999584155835658 85.9951797769547
0.999461717227267 -0.000537698131030773 0.0328022358665307 -0.543583678528583 0.000472651473361195 0.999997906822001 0.00199071650429555 -1.50890494153673 -0.032803237610156 -0.00197414091078403 0.999459879319804 87.1621882443517
0.99935126737921 -0.000785915512385159 0.0360059262396306 -0.507905653494965 0.000777344111647158 0.999999666102477 0.0002520536965266 -1.53929226126252 -0.0360061123102511 -0.000223901186324694 0.999351544625093 88.3283628406342
0.999209558216317 -0.000803230957549954 0.0397443529219132 -0.474148301066971 0.000876665623336205 0.999997940760798 -0.00183028182229672 -1.56637536670755 -0.0397428009397629 0.00186367759899685 0.999208204769791 89.4837659350813
0.999088796126752 -0.00067273520836093 0.0426746397915203 -0.433169578986477 0.000764769163517913 0.999997417003294 -0.00214035391164619 -1.59443090368106 -0.0426730896716316 0.00217103986144857 0.999086729970825 90.6281530831104
0.998952597300091 -0.00199137562151707 0.0457137044061783 -0.377237810833872 0.00205296475264252 0.999997047182415 -0.00130037001467842 -1.61458938838868 -0.0457109798968018 0.00139285662747277 0.998953735799256 91.7751328391347
0.998819122745391 -0.00254945205180485 0.0485165985242414 -0.324922054614923 0.00254792255337051 0.999996749681069 9.33700182956068e-05 -1.64290935571807 -0.0485166788722075 3.03567758279981e-05 0.998822372071069 92.9407110538207
0.998692899164298 -0.00300066503353714 0.0510243977736675 -0.274626941366742 0.00293494845359369 0.999994764383944 0.00136282143883992 -1.66482421962424 -0.0510282200001498 -0.00121128611645693 0.998696477188921 94.0768389015571
0.998555684833053 -0.0046124667705172 0.0535282116073721 -0.217206456085955 0.00447991851848342 0.999986595583514 0.00259595519256909 -1.68965881524321 -0.0535394678499934 -0.00235240378867058 0.99856296325207 95.2721674492342
0.998434127487104 -0.00520453959289213 0.0556974491039928 -0.159565887302016 0.00517236715726165 0.999986362740305 0.000721769635366282 -1.71344726133912 -0.0557004460220592 -0.000432551779644874 0.998447431371277 96.4062408821755
0.998295562092813 -0.00678992444005631 0.0579643651901098 -0.115903093380867 0.00695076409090208 0.999972531268043 -0.00257363321707222 -1.74233475698875 -0.057945298207419 0.0029721432471732 0.998315335342582 97.5712621411691
0.998153221068725 -0.00640964577753502 0.0604074805892141 -0.0369762604067663 0.00674493439042139 0.999962950764195 -0.00534817342964695 -1.7589696932898 -0.0603709626409805 0.00574574102890117 0.998159472894903 98.708671144047
0.998071925544793 -0.00612738347997231 0.0617647683635196 0.0237643672928255 0.00653470665817954 0.999958200518346 -0.00639490617622008 -1.78977822765589 -0.0617230025857574 0.00678619096404427 0.998070247309275 99.8988528682789
0.998013145948641 -0.0058317591594919 0.0627355648639823 0.0867207306861183 0.00619652481975814 0.999965001174924 -0.00562134373552013 -1.82355840060969 -0.0627005868701033 0.00599891743070634 0.998014353301497 101.052093721611
0.998062860867529 -0.00589298406756329 0.0619338235191693 0.156892625722851 0.00614964078046422 0.999973272575492 -0.00395424492572213 -1.84857689586493 -0.0619088658852301 0.0043274557699407 0.998072424952901 102.236986344529
0.998141511242003 -0.0065418848752645 0.0605865271971408 0.218903804173242 0.00671530286414878 0.999973916489743 -0.00265914414935407 -1.88051643919142 -0.0605675510729454 0.00306105903946239 0.998159406945896 103.42386220751
0.998260738651557 -0.00644860101450537 0.0585996007819443 0.291762988626912 0.00658318524931265 0.999976117329319 -0.00210391134619939 -1.89995626394593 -0.0585846339821353 0.0024860241219977 0.99827934985416 104.621906216951
0.998412466227993 -0.00626667331855641 0.0559756740562758 0.369594237311874 0.00636696867464561 0.999978428757974 -0.00161360733466005 -1.93105057962119 -0.0559643546414324 0.00196744104178 0.998430828943756 105.796901650009
0.998545174409863 -0.00570152925404003 0.0536192803657638 0.410333470697617 0.00580288582136871 0.999981658316947 -0.0017348042634492 -1.95101938541891 -0.0536084058606597 0.00204342698759934 0.998559944734028 107.000936954178
0.998758628718185 -0.00433006442994357 0.0496231004976885 0.450346112688579 0.00445122394806036 0.999987375638541 -0.00233134487117818 -1.97151052158597 -0.0496123791642305 0.00254933433991941 0.998765294114732 108.233034972818
0.998939792205437 -0.0043200652880811 0.045832614855204 0.502315812734612 0.00440743165125102 0.99998865761733 -0.00180532072792101 -1.99715410253299 -0.045824295900737 0.00200541083018601 0.998947502240535 109.406032300497
0.999119251883547 -0.00372928725516629 0.0417948912216604 0.550917195122357 0.00376044061241183 0.99999270720996 -0.000666793293474062 -2.01661118689579 -0.0417920997565628 0.000823373222878038 0.999125989279867 110.644016818716
0.999292219249586 -0.00371313845088532 0.0374335831851812 0.592327339993854 0.00370669367302467 0.999993101010102 0.000241566171763399 -2.04848018315326 -0.0374342218999098 -0.00010264036992592 0.999299088609463 111.837925831
0.999436209023877 -0.00376860007421883 0.0333625800180585 0.627377751066419 0.00375074433898437 0.999992787267242 0.000597771189473913 -2.07143208076174 -0.0333645921432338 -0.000472299663334855 0.999443135412988 113.045911906458
0.999591993979789 -0.00324924674331147 0.0283775962179832 0.636682987842544 0.00322475382080758 0.999994387479847 0.000908829797123816 -2.09749342989189 -0.0283803899604111 -0.000816948227265966 0.999596861770428 114.271840455233
0.999714530169076 -0.0025109419450069 0.023760331213426 0.649914884156531 0.00249749537951452 0.999996703893443 0.000595582974697606 -2.11627914659536 -0.0237617483711154 -0.000536071636305252 0.999717506069364 115.490857496331
0.999826992788798 -0.00186478873610404 0.0185069460980866 0.678273423416576 0.00185733987318752 0.999998187081079 0.000419670287917366 -2.13873268464465 -0.0185076951429196 -0.000385223993012321 0.99982864373 116.726869684741
0.99990604490163 -0.0008986915998962 0.013678220739108 0.670732277498856 0.000899238640722568 0.999999595112166 -3.38433374885747e-05 -2.16986673824898 -0.0136781847862397 4.61401423594105e-05 0.99990644819005 117.943766205534
0.999946126224987 0.000416973809060825 0.0103716334530594 0.676338182988125 -0.000416055420895265 0.99999990933519 -9.07055615785981e-05 -2.19047694619793 -0.0103716703345608 8.63855006058972e-05 0.999946209049275 119.187705447561
0.999960742427322 0.00348675714949145 0.00814592712828279 0.696297935453231 -0.00348747459540549 0.999993916013488 7.38712120350002e-05 -2.21058777659129 -0.00814561999759531 -0.000102277025946436 0.999966818656632 120.407644353277
0.999965460417365 0.00420542418791569 0.00716884786322227 0.670342442431645 -0.00420481838310789 0.999991154754453 -9.95752014629179e-05 -2.24154487174002 -0.00716920320896338 6.94280588960379e-05 0.999974298522264 121.648444416622
0.999962968217579 0.00595858342297945 0.00620946673070955 0.686631693935214 -0.00595813473329775 0.999982246039393 -9.07552290477666e-05 -2.26864237587808 -0.00620989726068517 5.37550288163736e-05 0.999980716957287 122.910333759452
0.99995984220795 0.00740722310732453 0.00504450367141874 0.668330766840904 -0.00741027355167066 0.999972371676646 0.000586284294672382 -2.28354054084254 -0.00504002156166519 -0.000623641902927214 0.999987104543571 124.134188204544
0.99995528859516 0.00816936106699762 0.00476259911478425 0.658674942838664 -0.00817528448561412 0.999965830732974 0.00122559785134855 -2.31914156309647 -0.00475242402889275 -0.00126447865580115 0.999987907706678 125.38192126994
0.999936005420522 0.010603833899423 0.00394255884958566 0.65184335842077 -0.0106155971166457 0.999939228008493 0.00297479203240334 -2.330597955897 -0.00391077505183581 -0.00301645427819406 0.999987803346662 126.588733727985
0.999910558098906 0.012912705331643 0.00348394077904562 0.673708709360834 -0.0129325430623888 0.999899936545761 0.00573290726625924 -2.33511109427546 -0.00340956482167406 -0.00577745071828637 0.999977497712286 127.854564384576
0.999938161794991 0.0106633644316165 0.00315677763759866 0.657643771567557 -0.0106821293628324 0.999925012900487 0.00598837943319836 -2.36311881485106 -0.00309268464774882 -0.00602173022965783 0.999977086770847 129.092364524777
0.99992825142615 0.0117954017639948 0.00208818032470389 0.659326278802968 -0.0118047525304766 0.999920088616409 0.00452373728760188 -2.38684799812147 -0.00203465415654293 -0.00454806316787517 0.999987587574908 130.394363910421
0.999959414437739 0.00879089007461849 0.00197223959733737 0.656583585173467 -0.00880134358642928 0.999946924568573 0.0053557816353954 -2.3940803443156 -0.00192505283224944 -0.00537292262631731 0.999983712804386 131.628277318582
0.999982222947385 0.00591803638051822 0.000728446706696643 0.642436055883084 -0.00592332538280084 0.999954433777636 0.00748629313191924 -2.42411175479042 -0.000684109359022103 -0.00749047487456014 0.999971711990164 132.904928475456
0.999994050093285 0.00342046839145165 0.000447408103540973 0.648634989233822 -0.00342446870879925 0.999951180141266 0.0092687835313931 -2.43475893700158 -0.000415682680044223 -0.00927026051804637 0.999956943812001 134.145761581286
0.999999104617793 0.00131737309990426 0.000235141933257711 0.631519264931617 -0.00131970854112619 0.999946854837767 0.0102247674508233 -2.44612832618715 -0.000221659603009029 -0.0102250686145662 0.999947698051677 135.431611443503
0.999997736005381 -0.00212003798354921 -0.000182819750110009 0.641755284106445 0.00212160651695222 0.999956752787578 0.00905490697415667 -2.47417819470806 0.000163615096942724 -0.00905527434546926 0.999958986777272 136.681571711163
0.999990265607596 -0.00439034622384772 0.000439943273355633 0.636097374551872 0.00438672539529349 0.99995902698524 0.00791839573635056 -2.47920933932712 -0.000474689746373419 -0.00791638874524954 0.999968552234959 137.943643345904
0.999978593969965 -0.00653249441171967 0.000371643125297806 0.613224120549441 0.00652932310449985 0.999946877941033 0.00797553984239286 -2.49963628384104 -0.000423723552300669 -0.00797294253970281 0.999968125814823 139.208493360674
0.999978545201633 -0.00651862428920174 0.000645502751223525 0.615482936864464 0.00651311663907145 0.999945205253082 0.00819547454494594 -2.50656544062122 -0.000698890600493857 -0.0081910944779825 0.999966208190648 140.471462795019
0.999976802139723 -0.00666323506162903 0.00141296883465177 0.602068271557565 0.00664949690028308 0.999932628252445 0.00951436530360201 -2.52548565109712 -0.00147627009295225 -0.00950474905879886 0.999953739115936 141.781237488605
0.999990180349626 -0.00405566052722591 0.00178628721404859 0.603091559162539 0.0040348521477916 0.999925704035213 0.011502450948763 -2.52905864469045 -0.00183280453639589 -0.0114951305939141 0.999932249104988 143.083086146492
0.999985253783731 -0.00479674420996495 0.00254626394384648 0.591671859772935 0.00477113596259016 0.999938918325591 0.00996974821515793 -2.55061370115145 -0.00259393074580716 -0.00995745262762187 0.999947058928849 144.330070665321
0.99998926934237 -0.00304131950663153 0.00349450651324301 0.591532936417307 0.00301324251785404 0.999963363639312 0.00801197532950436 -2.55908937148987 -0.00351874546409824 -0.00800135956013554 0.999961797608063 145.62319239343
0.999988219433163 -0.00315064049881334 0.00369248687731699 0.58402251449953 0.00312871587700514 0.999977532108112 0.00592844127329848 -2.58131691770135 -0.00371108230209153 -0.00591681869058113 0.999975609264911 146.872223848785
0.999982783465502 -0.00385011207023686 0.00442825130647404 0.598401360221521 0.00384266026731681 0.999991188781033 0.00169006578774618 -2.60980649430973 -0.00443471923087103 -0.00167302042532116 0.99998876707091 148.141415904186
0.999983540565586 -0.0036295330874968 0.00444354447273437 0.586587522374618 0.00363817107664265 0.999991505052936 -0.00193740372171226 -2.63035276773842 -0.0044364748541475 0.00195353820812125 0.999988250620645 149.42056364316
0.999979680549402 -0.00436199090529327 0.0046488195983445 0.585375772187558 0.00437657874485612 0.999985516626116 -0.00313242661375802 -2.65741960041291 -0.00463508865135142 0.00315270888961298 0.999984288066493 150.690503129142
0.999976035038297 -0.00498386369098244 0.00480525252155897 0.575799426838414 0.00499634274107719 0.999984168084641 -0.00258846272586437 -2.68735056804011 -0.00479227589981287 0.00261240938200941 0.999985104593524 151.968279107558
0.999980429500471 -0.00406908518846682 0.00475217442678788 0.577681532288974 0.00408022321271568 0.999988946362063 -0.00233643579541587 -2.70895834734495 -0.00474261474168342 0.00235578000260729 0.999985978854699 153.223152217326
0.99997994837674 -0.00366882759034937 0.00516164204143978 0.547246155230947 0.0036750102909521 0.99999254044883 -0.00118884231777003 -2.74972663200617 -0.00515724188041084 0.00120778756717226 0.999985971954297 154.499771508809
0.999984871631311 -0.00310958220545549 0.00453729071342208 0.57021812724796 0.00311375740407044 0.999994735073053 -0.000913422685440315 -2.7693191119991 -0.00453442646198923 0.000927536889398499 0.99998928926863 155.759699142454
0.999986095350374 -0.00296703409753387 0.00435956587018257 0.568830147720548 0.00297139599999574 0.999995090975363 -0.000994399812771272 -2.80351525115856 -0.00435659405081523 0.00100733998257867 0.999990002627244 157.038511257333
0.999988829046389 -0.00283683407730424 0.0037807611468761 0.553882263905339 0.0028392913140986 0.99999576136959 -0.000644722953738192 -2.83205296911382 -0.00377891614958134 0.00065545043385299 0.999992645061684 158.276304122756
0.99999093623149 -0.0029853102582262 0.00303568402988681 0.564153193355264 0.00298387296450335 0.99999543405357 0.00047788507488487 -2.86336185058669 -0.00303709680433246 -0.000468822647939623 0.999995278113015 159.55206931173
0.999993431592233 -0.00252462184826056 0.0026005878016447 0.556190377545052 0.00252266830295412 0.999996533657287 0.000754200267618604 -2.88455301755669 -0.00260248285758972 -0.00074763489330745 0.999996334055802 160.837928046699
0.999996284265708 -0.00212345215913053 0.00170950452051847 0.561182253349964 0.00212314464288876 0.999997729621869 0.000181680855507494 -2.91477072703109 -0.00170988642990169 -0.000178050655064976 0.999998522292089 162.078818263731
0.999998258256469 -0.00130974663092508 0.00132967958190398 0.564906260823932 0.0013111200963983 0.999998607366238 -0.0010325839806358 -2.94004493184599 -0.00132832530675752 0.00103432555176094 0.999998582860262 163.307782931692
0.999998625890172 -0.00116672250107356 0.00117769961100152 0.537883034921653 0.0011683400855958 0.999998373881474 -0.00137375975045111 -2.96145576969509 -0.00117609489951044 0.00137513381641866 0.999998362902547 164.619650307149
0.999999540278351 -0.00095635254995184 -6.9518961210388e-05 0.531112756153576 0.000956205675466671 0.999997373558974 -0.00208291763175146 -2.99015421316287 7.15107822114013e-05 0.00208285019976387 0.999997828308269 165.863540050629
0.999999724191113 -0.000570564938402765 -0.000475471711637439 0.52297033849786 0.0005692071041302 0.999995773831576 -0.00285102126632908 -3.02494228790161 0.000477096394987113 0.002850749838116 0.999995822793471 167.132387827412
0.999997742923243 -0.000520251449304441 -0.00205997253600091 0.501268621083635 0.000513877653264971 0.999995083272494 -0.00309343831279291 -3.05070875182041 0.00206157177344285 0.00309237275681261 0.999993093552428 168.392235094859
0.999996270661506 -0.000510793240318061 -0.00268286290110753 0.497858555710766 0.000505750385220577 0.999998104912813 -0.0018799966304867 -3.07792262657578 0.00268381810641909 0.00187863276039717 0.999994633915264 169.674993776813
0.999994706295834 -0.000558038833514328 -0.00320561584878074 0.487517595374019 0.000554533081987536 0.999999247376542 -0.00109441281590115 -3.10969386047198 0.00320622416101022 0.00109262940236718 0.999994263127354 170.934740659785
0.999991877162476 -0.000145152651623433 -0.00402796968396288 0.463404004860897 0.000141576790402028 0.99999959568047 -0.000888028664381317 -3.14209746082 0.00402809695509143 0.000887451184049068 0.999991493396477 172.192502452742
0.999991319419552 0.000104650754086705 -0.00416534917658937 0.468370305451325 -0.000107732268328725 0.999999720707668 -0.000739579843357298 -3.1712115030433 0.00416527061565097 0.000740022165890146 0.999991051403907 173.453341116507
0.999987027058489 0.000488200109684239 -0.00507024411427962 0.451030360082346 -0.000495354098257453 0.999998883522026 -0.00140981524301907 -3.19170892329981 0.00506955018150746 0.00141230851976955 0.999986152426923 174.732259162031
0.999985352097465 0.00151045717171792 -0.00519750994626967 0.431574562008639 -0.00152123423954445 0.999996700099852 -0.00207017772062622 -3.2253269144049 0.00519436588022098 0.00207805402695537 0.999984350004821 175.99108403366
0.999983806690833 0.00102326802424938 -0.00559814957471095 0.414565300935072 -0.00103344912578153 0.999997816944028 -0.00181606444891099 -3.24468615103556 0.00559627903295655 0.00182182044360188 0.999982681165657 177.251937983569
0.999983159107426 0.000850445708888024 -0.00574092707051852 0.39109443255514 -0.00086638909783735 0.999995773725564 -0.00277522988967732 -3.27598354916825 0.00573854262543436 0.00278015702895425 0.999979669721055 178.528792777797
0.999984237868704 -0.000412968001823611 -0.00559941707472349 0.376478620395174 0.000391766662696124 0.999992752867285 -0.0037869158678794 -3.30500113820882 0.00560094037008386 0.00378466251307388 0.999977152637315 179.766680177952
0.999975960162678 -0.00325710355800722 -0.00612130485625323 0.372145605956987 0.00323269042134065 0.999986799167499 -0.00399389576471269 -3.35235175891722 0.00613423258203869 0.00397401146853331 0.999973288854996 181.02341007203
0.999978051587646 -0.00262137677993396 -0.00608479471737501 0.35653857517618 0.00261692015321969 0.999996301860366 -0.000740266508359824 -3.37275228377346 0.00608671273239047 0.000724326838761143 0.999981213462905 182.290034538514
0.999970434952232 -0.00439725117030656 -0.00630820129578146 0.319227981275933 0.00442046720809242 0.99998349116789 0.00367108449099296 -3.38456989305829 0.00629195447417104 -0.00369886115217467 0.999973364512811 183.5775825492
0.999973484155863 -0.00281727578930414 -0.00671520232842107 0.316968577325835 0.00283917383825247 0.999990676327535 0.00325366714887914 -3.42429774289815 0.00670597324038903 -0.00327264650191757 0.999972159466339 184.816382902799
0.999983129318383 -0.00113605774567603 -0.00569652976939196 0.296996222914769 0.00113558435556053 0.999999351496986 -8.63352743946317e-05 -3.44230987796159 0.00569662415703243 7.98649277725987e-05 0.999983770915712 186.06850901623
0.999980394110195 -0.000208146570945573 -0.00625843991932705 0.284217299439838 0.000197934143907517 0.999998648110712 -0.00163235989378155 -3.48134176858542 0.0062587712287236 0.00163108913096573 0.999979083446726 187.30637901945
0.999977279906427 -0.00133177026542539 -0.00660802988060128 0.268871552390508 0.00132217055207708 0.99999806466572 -0.00145689047117932 -3.50038849257152 0.00660995733526403 0.00144812042797612 0.999977105443546 188.564243253312
0.999978266859015 -0.00152250536130305 -0.00641465408776662 0.231626883989478 0.00151938074968981 0.999998724732713 -0.000491950288328407 -3.52529154793375 0.00641539490431958 0.000482193294766561 0.99997930488478 189.837968399968
0.999977612445649 -0.00197470246885538 -0.00639336825612443 0.221018372746467 0.00198376052449868 0.999997037223792 0.00141075788800174 -3.5356419324581 0.00639056348692068 -0.00142340921614793 0.999978567072576 191.052765000134
0.999980485200943 -0.0026842409535492 -0.00564128245972347 0.219515701521698 0.00269776956349686 0.999993500394524 0.00239190469902139 -3.56746525686039 0.005634825345063 -0.00240707690160075 0.999981227185851 192.280506487992
0.99998912584621 -0.00161101742449014 -0.00437639260006881 0.21170297010302 0.00161840494068005 0.999997270730779 0.00168502119893098 -3.6002676224758 0.00437366605720307 -0.00169208565115763 0.999989003885227 193.525357368553
0.999992729954052 -0.00284316627904205 -0.00254095347319954 0.19296751706023 0.00284472620085735 0.999995767396951 0.000610508825028933 -3.63922006295959 0.00253920694024774 -0.000617732703522093 0.999996585411381 194.774172432956
0.999995375734978 -0.00277700292981396 -0.00123966261051988 0.182069601658906 0.00277568507471826 0.999995582224921 -0.00106353326588731 -3.66175455060171 0.00124261056896461 0.00106008743482192 0.999998666065912 195.991154250668
0.999992081592867 -0.0039521679210254 -0.000465961680798204 0.18032523109642 0.00395141845343813 0.99999091545861 -0.00159852821588185 -3.68889231845525 0.000472275099685691 0.00159667434850052 0.999998613792667 197.227039732019
0.999992173824666 -0.00380422497404702 0.00108635250513655 0.175659606541379 0.00380528073294615 0.999992288050804 -0.000971430626481783 -3.71510551541103 -0.00108264858659141 0.000975556900152359 0.999998938079822 198.438833517916
0.99998791749503 -0.00415480385000941 0.00262725501642612 0.173646984994123 0.00415271257677845 0.999991056691488 0.000800946499491071 -3.73745866322988 -0.00263055929567371 -0.000790026587101893 0.999996228000778 199.652569924755
0.999988102442452 -0.00392878815785196 0.00289129679474833 0.195763399983991 0.00392474886984455 0.999991316173167 0.0014014009299491 -3.7704038806048 -0.00289677749460563 -0.00139003664287332 0.999994838225817 200.863377799611
0.999981802286985 -0.00365201400718641 0.00480186303061755 0.166697075112792 0.00364498099383537 0.999992272782129 0.00147257922937703 -3.79868600215831 -0.00480720380554811 -0.00145504973232122 0.999987386731377 202.055149862917
0.999979922663453 -0.0028528331404703 0.00565823409448252 0.173599707712631 0.00284167008300769 0.999994002343679 0.00197994641604299 -3.83062102052095 -0.00566384861509107 -0.0019638278294435 0.999982031938135 203.262938271473
0.999970267585735 -0.00301801514581971 0.00709616298387385 0.164016866032877 0.00300253926957634 0.999993093160901 0.00219052240980103 -3.85139695672174 -0.00710272500162794 -0.00216915077225889 0.999972422660984 204.450786370999
0.99996426561238 -0.00292269408808883 0.00793255050792926 0.159083293104028 0.00290642530740387 0.999993651140659 0.00206164262345025 -3.87560946801368 -0.00793852569598918 -0.0020385135863651 0.999966411571975 205.600649785582
0.999959310387023 -0.00337404239917969 0.00836620632051249 0.175290587611214 0.00335778928360209 0.999992449636561 0.00195599616489468 -3.89734859015892 -0.00837274276660715 -0.00192782461824033 0.999963089654216 206.817571646146
0.99994836554205 -0.00399156643152246 0.00934524730569153 0.168385679772422 0.00397229677232522 0.999989947951187 0.00207962855680103 -3.92671226449184 -0.00935345434234681 -0.00204239908059878 0.999954169698722 207.980378091033
0.999949253983846 -0.00348168914117914 0.00945342783727119 0.177855409185604 0.00345696405632696 0.999990564773374 0.0026305443811495 -3.95711763547838 -0.00946249737984439 -0.00259773073125931 0.999951855310237 209.090180528855
