1 -1.73472347597681e-18 -2.50721752387273e-19 8.67361737988404e-19 1.73472347597681e-18 1 -8.67361737988403e-19 1.38777878078145e-17 2.50721752387273e-19 8.67361737988403e-19 1 5.55111512312578e-17
0.999983690601466 0.000274835694930654 -0.0057046469138828 -0.0141398954200057 -0.000273348866021067 0.999999928471885 0.000261412744594768 -0.0976766477322735 0.00570471835139348 -0.000259849122345174 0.999983694200543 0.111582908845999
0.999919131358259 0.000990148117664802 -0.0126787361534763 -0.0166295081997034 -0.000986902869544655 0.999999478633152 0.000262213941838501 -0.098540394280378 0.0126789891738445 -0.000249680055861114 0.999919587213592 0.164892849771118
0.999784991887497 0.00100626537207896 -0.0207112874181939 -0.0276274774954736 -0.0010041559758611 0.99999948953554 0.000112247210385422 -0.108005601395284 0.0207113897962987 -9.1425713295827e-05 0.999785491980177 0.242865405262906
0.999558114984904 0.000975454993316134 -0.0297089760069466 -0.0452369757839867 -0.000987311802732129 0.999999438713595 -0.000384431918222179 -0.129295680883242 0.029708584335668 0.000413594066176936 0.999558517024751 0.413050528891851
0.999163116740282 0.000989536845888404 -0.040891159957573 -0.063916131320329 -0.00109141390652243 0.999996355997634 -0.00246917134621768 -0.12514593409325 0.0408885676140635 0.00251173411868419 0.999160555781796 0.535140477510994
0.998505508792185 0.0010402280546295 -0.054641255816957 -0.0844508425056301 -0.00120172885974128 0.99999500628735 -0.00292288352653769 -0.124075428647324 0.0546379424887819 0.00298417927685355 0.998501772614669 0.638092542994201
0.997502122259096 0.00127193558193406 -0.0706250541130794 -0.110155513168265 -0.00146834714466356 0.999995197699645 -0.00272920030601328 -0.125257796281029 0.0706212435833775 0.00282608519386707 0.99749919959728 0.774297726853034
0.996024617894795 0.000249859061098514 -0.0890780450951659 -0.139953054052642 -0.000501589911052656 0.999995944151736 -0.00280358478367173 -0.135155913603271 0.0890769833070695 0.00283712011160833 0.996020703496862 0.930412802998754
0.994009150178662 -0.000495217183535791 -0.109295764424038 -0.172694312336277 0.000150329214282081 0.99999498398434 -0.00316376473329315 -0.141482238026523 0.109296782945432 0.00312838074751572 0.994004238658808 1.12615247877507
0.991327875741626 -9.30660192983901e-05 -0.131411697030025 -0.220564439984974 -0.000328668645889913 0.999994865675267 -0.00318756961128385 -0.144059626725663 0.131411318974114 0.00320311751604954 0.991322755354512 1.27939978227589
0.987848899786443 0.00240364979840989 -0.155398756939563 -0.285982820582129 -0.00306708042365823 0.999987177634885 -0.00402958850163962 -0.149221123947897 0.155387078640373 0.00445724505320696 0.987843605414413 1.45134991719591
0.983507370565636 0.00580946694045079 -0.180774727594697 -0.35481362797072 -0.00688773660060871 0.99996203412556 -0.00533754550258993 -0.156933395921299 0.180736856029947 0.00649464405024572 0.98351004492637 1.62904778689711
0.97821284332169 0.0093578598820239 -0.207393499461588 -0.42750338003022 -0.0108604401163332 0.999922370663895 -0.00610765801067912 -0.180765769861001 0.207320245034041 0.00822697419008228 0.978238535784959 1.82270422976631
0.971495451350642 0.0100158189484045 -0.236846514383904 -0.502238160535103 -0.0119917175168089 0.999904266520192 -0.00690336915665145 -0.176033090483011 0.236754697347295 0.00954678823001379 0.971522553581996 2.00834489018616
0.963327220572854 0.0121179464359296 -0.268055631311034 -0.566533548938514 -0.0142066007331353 0.999881946987553 -0.00585359581709613 -0.187459726236392 0.267953052975685 0.00944708751714447 0.963385651719213 2.17316639341031
0.954049041135182 0.0134995073648991 -0.299346271748863 -0.687061283911266 -0.0158431580669879 0.999859888155951 -0.00540355431482211 -0.192662198926402 0.29923138446945 0.00989784611285865 0.954129242393724 2.38015304024986
0.942817394953362 0.0155834787967286 -0.332945213153677 -0.801484100000459 -0.0179951956762959 0.99982941523134 -0.00416093387700615 -0.208818081370824 0.332823575946667 0.00991441509867858 0.94293699241642 2.57608210246166
0.930281524642737 0.0175495507966133 -0.366426388480991 -0.884452262716745 -0.0203916783187248 0.999784512835137 -0.00388681750952517 -0.20477827292798 0.366279216396086 0.0110878835601656 0.93043892570895 2.75565029281702
0.916503291848813 0.0207572793945509 -0.399488236851133 -1.03971638380466 -0.0242138473749828 0.99970029413367 -0.00360714628973205 -0.200806728557855 0.399293633339665 0.012979108643934 0.916731224030914 2.96434057728584
0.900688218043075 0.020503425208157 -0.433981962105713 -1.18781382082212 -0.0242825597651451 0.999700123714698 -0.00316542826010091 -0.210741296683891 0.433786919085446 0.0133892568707604 0.90091599865404 3.17222941080293
0.882346163175042 0.0166717897038314 -0.470305538728127 -1.30320755737302 -0.0209652291040216 0.99977262856863 -0.00389234294332745 -0.199065968118816 0.470133712361599 0.0132944572301319 0.882495070755671 3.34634387106553
0.861303740776485 0.0134743736336156 -0.507911712189841 -1.47047575907928 -0.0176778996813707 0.999837770934714 -0.00345306749966186 -0.215956699953185 0.507782786225852 0.0119529522496977 0.861402210901056 3.53875780178975
0.836593827564232 0.0150959585101663 -0.547615631367557 -1.60191187215048 -0.0181171091513802 0.999835865052205 -0.000115374634924285 -0.233929967501321 0.547524006813789 0.0100177338739232 0.836730008408092 3.69572601062564
0.808038907654495 0.0193731845752571 -0.588810498748063 -1.82584338544242 -0.0222981923872702 0.99974873338581 0.00229362371145664 -0.226649371852812 0.588706985123151 0.011276072582353 0.808267861450848 3.89973532122667
0.775936206547915 0.0225902951707091 -0.630406759110443 -2.05043067127685 -0.0254466442745125 0.999666046616809 0.00450150382504533 -0.230542877584662 0.630297922940571 0.0125488567455651 0.776251927231863 4.05684683260753
0.740203749264711 0.0220907848484642 -0.67201964762888 -2.22162757636959 -0.0255643455543417 0.9996621160156 0.00470298198927672 -0.213432374257777 0.671896475516015 0.0136985775901046 0.740518382730074 4.20726764043625
0.701172543084361 0.0191744199738302 -0.712733755650226 -2.48960985227541 -0.0209345949581077 0.999760990279013 0.00630119435236738 -0.241088239478437 0.712684227101 0.0105025680189901 0.701406364746184 4.40314500122791
0.659128071436372 0.0163886548868026 -0.75185211141259 -2.72490064555709 -0.0163990784576131 0.999838011904338 0.00741755869013753 -0.236964990845311 0.751851884130318 0.00744056060938069 0.659290059372586 4.54537660558022
0.614771075725458 0.0160139864277333 -0.788543008776348 -2.94352692216096 -0.0140777222536098 0.999857374013999 0.00933002497216995 -0.228762155800923 0.788579952945492 0.00536505997389291 0.61490883384772 4.65559569259908
0.567260001502309 0.0165927817320462 -0.823371587006738 -3.27038395757341 -0.0125622849730139 0.999855021530685 0.011494560284368 -0.224046737595324 0.82344294258428 0.00382302423048242 0.5673862042682 4.817531546119
0.516850497100848 0.0174791057870046 -0.855897216088178 -3.55973144350397 -0.0114577449140448 0.999843225717869 0.0134997802786093 -0.217815618498639 0.855998997504139 0.00282928382682796 0.516969739370629 4.93545750589334
0.464271352058842 0.0184457836663173 -0.88550091175695 -3.84214462275699 -0.0106530076353739 0.999827084152844 0.0152418903927052 -0.21367754967224 0.885628943229486 0.00235687491352339 0.464387575258928 5.03673211260201
0.410170031162004 0.0208130415389686 -0.911771551891403 -4.20779408410398 -0.00991201154054951 0.999782251647686 0.0183630421636533 -0.221464660102658 0.911955205897626 0.00150552056819745 0.410287016421477 5.14986911505808
0.355095376489603 0.0215457547883717 -0.934581753538077 -4.52970201943413 -0.00905875143672792 0.99976673213586 0.0196066401198723 -0.211063220519577 0.934786185508812 0.00150391654754053 0.355207721786708 5.17554414753573
0.300136155208872 0.024642737340015 -0.953578011403801 -4.91796234173821 -0.00825517075416365 0.999695918391325 0.0232362412524971 -0.20787770847956 0.953860650458051 0.000897913200523942 0.300248319328566 5.26958060174589
0.246589947165509 0.0262749417398941 -0.968763658171319 -5.3050241102491 -0.00575917735760327 0.999654476537546 0.0256468207505018 -0.208855920469574 0.969102796318881 -0.00074496644882035 0.246656066602699 5.32694405988596
0.195681481929055 0.0266513840682321 -0.980305289875198 -5.67329703469082 -0.00366772997724477 0.999643541234109 0.0264450037954966 -0.218574686628962 0.980660647414213 -0.00157930243379537 0.195709479629781 5.34274152792319
0.148127689191301 0.0277401376306109 -0.988579117956211 -6.09979822712823 -0.00549077782534089 0.99961419496444 0.0272270561109379 -0.194318663244807 0.988953001438247 0.0013949873942739 0.148222855715479 5.38751912577877
0.105333971635782 0.0281392376252216 -0.994038700315689 -6.51463236497767 -0.006863210395652 0.999596333591088 0.0275692984009281 -0.187161288580662 0.994413219322077 0.00391831304590527 0.10548457735791 5.35569434235065
0.0672249398815875 0.0267612560908278 -0.997378886196393 -6.99119491856059 -0.00793313373047504 0.999622964680432 0.0262867623095234 -0.173630774868382 0.99770630590727 0.00614521406820894 0.0674118943282603 5.3817960616531
0.0322119420264554 0.0243377930635036 -0.999184698951942 -7.46363493409579 -0.0069162432285812 0.999684976834159 0.024127011246519 -0.177137941620476 0.999457130831777 0.0061334265206838 0.0323701206149744 5.35514559356098
0.00136126926964622 0.0223815801507485 -0.999748574300524 -7.90774086592024 -0.00713465741477855 0.999724272306871 0.0223713214645442 -0.179508991392306 0.999973621456861 0.00710241018611646 0.00152057883678777 5.34323014126756
-0.0257815566090166 0.0209011780450216 -0.999449074288003 -8.4050899295145 -0.0087495376235018 0.999738388222298 0.02113292942441 -0.1833879971954 0.999629309759468 0.00928955709452671 -0.0255919362064798 5.30988554725832
-0.0467434672705778 0.0189250944987286 -0.99872763507662 -8.89668529352869 -0.00849805432790885 0.999776796414042 0.0193427098596606 -0.16560002151892 0.998870778099031 0.00939138702691438 -0.0465722074798519 5.27093738335061
-0.0628207314033175 0.0178661875850443 -0.997864898193702 -9.4594299136969 -0.0107321957506082 0.999769850699531 0.0185759416075663 -0.145207127354446 0.99796712154275 0.0118762356583682 -0.0626145298334503 5.21887453006485
-0.0764000701125025 0.0181833119147427 -0.996911428590632 -9.99919591632364 -0.0104513185401066 0.999764166800462 0.0190363001276623 -0.150142169328575 0.997022466761696 0.0118734135609094 -0.0761920128545879 5.17190778852149
-0.0855425765809641 0.0191653274741521 -0.99615016830531 -10.5532065079087 -0.0116171381962434 0.999727821955354 0.0202317598970901 -0.140300732065274 0.996266786404133 0.0133030910397784 -0.0852966475118928 5.11379843913952
-0.0923496894051896 0.0202815411796052 -0.995520062055077 -11.1272483436783 -0.0108117201804987 0.999713175503445 0.0213699188476976 -0.127667589623233 0.995667937403582 0.0127367897132112 -0.0921039229039557 5.04541141696451
-0.0970492882381265 0.0215534421308759 -0.995046172187394 -11.7028026869187 -0.00642993539953268 0.999731046980521 0.0222820473473475 -0.135313799450581 0.995258806332921 0.00856053944226553 -0.0968845992984774 4.98793370554117
-0.0987008274825128 0.0215710851565973 -0.994883327299957 -12.3308366258049 -0.00906204861089033 0.999704088652721 0.0225746407724617 -0.145781100094572 0.995075889532673 0.011243816798519 -0.0984761425653962 4.91858138184007
-0.0979230909743097 0.0237317185603374 -0.994910987871885 -12.9663241038677 -0.00157819006418834 0.999710675896224 0.0240015377681597 -0.133582855478103 0.995192733881311 0.00392046340220604 -0.0978573063013365 4.87003506604085
-0.0965538323769583 0.0250394280255102 -0.995012755947117 -13.600616377824 -0.00620882561502518 0.999648911202488 0.0257585872315063 -0.106810247185635 0.995308398406144 0.00866495100021938 -0.0963644679659435 4.78794187621836
-0.0948812133426896 0.0260124522544725 -0.995148686218461 -14.243739449179 -0.00519050963068562 0.999632028905664 0.0266245262064889 -0.115906670942323 0.99547506948411 0.00769149619092697 -0.0947112819148394 4.71064595780707
-0.093561195758456 0.0226032117621064 -0.995356919635507 -14.9096186420526 -0.0130626602661595 0.999628338142351 0.0239280690723927 -0.0955720873903069 0.995527834646033 0.0152407480393736 -0.093231164554464 4.66430484354407
-0.0917836757428651 0.0230083381222156 -0.99551312057852 -15.6248490518437 -0.0125811685916904 0.999626432109578 0.0242633555952838 -0.0859554534765288 0.995699488331693 0.0147516983676296 -0.0914599165278124 4.59210261729343
-0.0896192323647356 0.026826485524568 -0.995614751228986 -16.2903441697472 -0.0101769165646836 0.999560338959509 0.0278488626049088 -0.0682128789936848 0.995924105321079 0.0126280819427085 -0.0893068193748789 4.51633565766275
-0.0888006534064516 0.0293937307218716 -0.995615614857882 -17.0010291418541 -0.0180868944344962 0.999352080788591 0.0311172439851106 -0.0494654907496545 0.995885188264341 0.0207708261213563 -0.0882114764525214 4.45934162312242
-0.0863564398084081 0.0317536913431097 -0.995758137496101 -17.7432488829453 -0.00986780597268708 0.999415643521802 0.0327261040942441 -0.056151796416569 0.996215434386008 0.0126520579349141 -0.0859926375982816 4.38926075813533
-0.0851088203231354 0.0312638174659486 -0.995881048328896 -18.4813046364875 -0.0140758724573479 0.999370129322469 0.0325762863530352 -0.0393013696868801 0.996272231128505 0.0167904239209829 -0.0846151472656341 4.33235215477079
-0.0829541746633882 0.0286473631319198 -0.996141522822688 -19.227619750061 -0.0176166903328781 0.999388384209293 0.0302077759733009 -0.0240689771317416 0.996397640065266 0.0200545778595706 -0.0823987668551105 4.25035863205838
-0.0816355059225907 0.027997242448515 -0.996268938885501 -20.0034444725166 -0.0162910764403069 0.999434339638165 0.0294211077364702 -0.0280861068507873 0.996529098923448 0.0186321004533569 -0.0811332227359253 4.18646058877215
-0.079878660358566 0.0300096640014158 -0.996352758658219 -20.7498374066817 -0.0111602751680082 0.999457141952071 0.0309978976572945 -0.00724368665716003 0.996742117038051 0.0135956414898264 -0.0795003814769773 4.10852030227026
-0.0783243057207237 0.0330209640680334 -0.996380910628754 -21.548875421954 -0.00518610646520245 0.999424272819764 0.0335294974375822 -0.0138141524910981 0.996914443386742 0.00779351209037949 -0.0781079620538067 4.03648576614064
-0.0776254963017995 0.0333452827822001 -0.996424796178856 -22.34785049805 -0.00674642083130466 0.999400068113022 0.0339704233363878 0.0279294321817662 0.996959762543036 0.00935927197283887 -0.077353964980938 3.97889673725155
-0.0766311857559812 0.0296917179877362 -0.996617310331588 -23.1423994647249 -0.00884078087089746 0.999496970543012 0.0304572892578057 0.0469553521203727 0.997020311710461 0.0111448534435233 -0.076330140039812 3.90015367714317
-0.0762366896972669 0.0242515518689687 -0.996794777963824 -23.9545278622392 -0.00875483553472947 0.999649350202173 0.0249905881309951 0.0278867786175733 0.997051312620751 0.0106319740556453 -0.0759976389693628 3.84776634437361
-0.0767932691936358 0.0190391855020135 -0.996865238245358 -24.7718783970695 -0.00914344072935757 0.999762172701029 0.0197988769314261 0.0264831698764709 0.997005110968937 0.01063519870698 -0.0766009219936715 3.80141825127005
-0.0771535226272605 0.019869708472453 -0.99682121196904 -25.591782842682 -0.0103557834812868 0.999731491874054 0.0207292523687349 0.0412005113842387 0.996965441574929 0.0119221994823827 -0.0769270398807127 3.72747201320659
-0.0771638645220585 0.0250584014870126 -0.996703473720714 -26.4386107671989 -0.00751688906389471 0.999641073551067 0.0257142071328692 0.0728995430202793 0.996990087408507 0.00947631703704997 -0.0769478071460833 3.65021462691968
-0.077333176734965 0.0322793478003087 -0.996482625780131 -27.3030962289721 -0.00816723629487095 0.999421704273168 0.0330083819509522 0.0870037453812534 0.996971853177101 0.010691152103628 -0.0770248222283874 3.56880474303744
-0.077542886000496 0.0380429604108257 -0.996262934166425 -28.1085852334187 -0.00969447062040934 0.999195710292932 0.0389095074704635 0.114969314065879 0.996941882995245 0.0126753972475968 -0.0771117126934133 3.49489081776434
-0.077512420057122 0.0392325343826452 -0.996219169150445 -28.9552730739372 -0.00931340356779885 0.999153359963752 0.0400727312162303 0.11182367361671 0.996947884922212 0.012384325539144 -0.0770814065133021 3.40217148755088
-0.0780668825769943 0.0358625692071185 -0.996302884656355 -29.779543808413 -0.010738652388693 0.999264559339968 0.0368106206409945 0.101131720293168 0.996890286435566 0.0135726407513435 -0.0776243533528646 3.33975263485735
-0.0787273894618776 0.0341006265542053 -0.996312774894073 -30.6185765893508 -0.0128592784904903 0.999296887281111 0.0352188873615548 0.102724582294687 0.996813240835625 0.0155845544977232 -0.0782335257794614 3.27636035768271
-0.0789557588454532 0.034189229893948 -0.996291666483464 -31.4582553591831 -0.0128721263559566 0.999293423487432 0.0353123510665189 0.130634216316285 0.996795012280968 0.0156125056934357 -0.0784598824735133 3.2137660639898
-0.0786971388466397 0.0361312939035962 -0.99624358965978 -32.3050922803255 -0.0118673718922269 0.999238214861983 0.0371773512209788 0.148491235164985 0.996827931902856 0.0147485443447274 -0.0782084050341606 3.10669258028642
-0.0786293704033242 0.0355018900696671 -0.996271568354462 -33.1283581433007 -0.0114677678244961 0.999267350818952 0.0365137219192537 0.147119963742357 0.996837956947417 0.0142960620016285 -0.0781646352268422 3.03652566093778
-0.0778097839504989 0.0307306879257061 -0.996494486859405 -33.9449910428412 -0.0135042548025802 0.999400637462466 0.0318747696751618 0.157324426744285 0.996876758994713 0.0159370844018121 -0.077348152640938 2.9699773071505
-0.0780355184272572 0.0278134396783914 -0.996562527108583 -34.7786271745861 -0.013719281237059 0.999486147883902 0.0289693201600729 0.16507462134486 0.996856177784001 0.0159327574968934 -0.0776138393098647 2.8813143884364
-0.0773818875947173 0.0277962335423496 -0.996613973850025 -35.6179543743467 -0.0147939352396343 0.999469216906133 0.0290245402576123 0.179743063874293 0.996891760901054 0.0169898162997548 -0.0769295989180793 2.82696518206751
-0.0766781090556391 0.0293643231099702 -0.996623401350753 -36.4426493367908 -0.0137562272816943 0.999439927889439 0.0305056839183638 0.203324499100283 0.996960999138194 0.0160488961815453 -0.0762312214825927 2.75403539852706
-0.0762380919664708 0.0343815055200311 -0.996496696136765 -37.2845592452463 -0.0129073763686485 0.99928755263172 0.0354652899408051 0.2380556363781 0.997006094749972 0.0155659639432767 -0.0757400013066188 2.67671208346581
-0.0757631064171482 0.0396336396616915 -0.996337857512797 -38.0872699559784 -0.0119278920763758 0.999102223239726 0.0406506200205011 0.272953613167937 0.997054500564858 0.0149640276865564 -0.0752223422844421 2.61657264787217
-0.0760804321986614 0.0425575321654828 -0.996193065772117 -38.9330263702178 -0.0127807621491401 0.998965040488906 0.0436520331701263 0.285835853910776 0.997019769089536 0.0160531721781897 -0.0754577743354878 2.5527477221372
-0.0758941481536604 0.0423780090702503 -0.996214927926334 -39.7630998829198 -0.0134494066079208 0.998962045562788 0.0435194782471498 0.305056880345072 0.997025171065367 0.016701373364221 -0.0752454144106059 2.48685760055878
-0.0756139402900838 0.0384642174402973 -0.996395020065091 -40.6027408266592 -0.0167891740016097 0.99906495709642 0.0398413747036012 0.307824159671495 0.996995815272136 0.0197412126941231 -0.0748974555723629 2.43105221118625
-0.0755946666976724 0.0344472270814089 -0.996543443565442 -41.4166714908307 -0.02238581319795 0.999092594159156 0.0362334605550376 0.321249332066197 0.996887316467781 0.0250474917452591 -0.0747549424649426 2.36322064433023
-0.0753873145722288 0.0309768225105652 -0.99667306037072 -42.2537995167417 -0.0244662185330973 0.999158989275575 0.0329046850843689 0.351743525583033 0.996854130227828 0.0268654167464364 -0.0745660273231836 2.28428544531098
-0.074886370316143 0.0289782589371453 -0.996770932586743 -43.0807230488356 -0.0255894277669572 0.999192657978207 0.0309711709337339 0.365590395800617 0.996863688137668 0.0278261163552992 -0.074084374338643 2.1932228478753
-0.0764551502880282 0.0266125572430447 -0.996717804492034 -43.8761766009141 -0.0254319868166117 0.999266458987541 0.0286314161204249 0.373845997379864 0.996748626305045 0.0275375332861697 -0.0757222570947167 2.1571243600749
-0.0770868331025273 0.0231887160693642 -0.996754685772421 -44.7305011379353 -0.0255184372502037 0.999356103157038 0.0252227762763473 0.37889078353724 0.996697762374598 0.0273799658479272 -0.0764454573381298 2.0896528990238
-0.077808350189323 0.0224215574389559 -0.996716175449575 -45.538874067373 -0.0201594411155991 0.999507281346859 0.0240580853044759 0.374643539229631 0.996764494539569 0.0219651609741961 -0.0773180064969039 2.01539589571244
-0.0796401962184568 0.0245248794804679 -0.996521936252662 -46.3516483924381 -0.0209412932717095 0.99943551078632 0.0262701734938267 0.404180703797702 0.996603683207319 0.0229606198905001 -0.0790816574930624 1.9534241191705
-0.0814785368464017 0.0303696702198284 -0.996212292216929 -47.203111046222 -0.0214812203240794 0.999249959300757 0.0322191869981794 0.41996431256775 0.996443578536566 0.0240250279536603 -0.0807650470504904 1.88002431039471
-0.0835455211758325 0.0339831048520627 -0.995924341742922 -47.9761429944907 -0.0206396665971381 0.999144942448178 0.0358244070849184 0.414074548699067 0.996290193695701 0.0235485151302728 -0.0827726849929481 1.82390410937105
-0.0851153303971366 0.0334448191205023 -0.995809632713695 -48.7982916295624 -0.0200929107075219 0.999175625012771 0.0352752791574746 0.419048002450748 0.996168487491291 0.0230111810721461 -0.08437315968351 1.74215377162504
-0.0859008015034296 0.0308179157104461 -0.995826947000498 -49.5606638760178 -0.0204690868195004 0.999255922792574 0.0326897116649403 0.407921972293388 0.996093403645383 0.0231917406682856 -0.0852060700826581 1.66509426928362
-0.0873561693162156 0.0266925857121468 -0.995819464335979 -50.3942222627977 -0.0234727183881408 0.999308253813059 0.028845196351671 0.401930346845029 0.995900562894643 0.0258943957082437 -0.0866691934717128 1.60113312239426
-0.0881186737303818 0.0254600455061265 -0.995784557734666 -51.1946041990566 -0.0242069332981467 0.999323342175868 0.027692637338319 0.408473822920874 0.995815808129344 0.0265451288427567 -0.0874427379170155 1.50569811070416
-0.0888949043161921 0.0265278067637681 -0.995687687708811 -51.9778926634003 -0.0259232253332015 0.999245033013949 0.0289370071927989 0.409670327779489 0.995703611711306 0.0283837887755707 -0.0881401052858724 1.43646780255268
-0.0898734341455432 0.0283858444409444 -0.99554859734232 -52.7411700350471 -0.0253134602451144 0.999205739409506 0.030775299535857 0.410659177650564 0.995631455190778 0.0279666616970495 -0.0890835072738891 1.34335377457954
-0.090750914881176 0.0278282034222366 -0.995484737473418 -53.539684811208 -0.0260685125677623 0.999200592705431 0.0303085497775878 0.421779528039697 0.995532372201293 0.0287013350108791 -0.0899529280671803 1.26260471634397
-0.091583094627752 0.0274767155567947 -0.995418287395111 -54.3350893898659 -0.02708653356609 0.999180641882943 0.0300726551166044 0.421863928913473 0.995428981132144 0.0297165776730793 -0.0907638062975686 1.19111972150884
-0.0919230498883469 0.0289177648851025 -0.99534612862726 -55.0979640486734 -0.0263460120578075 0.99915767195962 0.0314616308045645 0.42276409477473 0.995417520715742 0.0291154501645226 -0.0910837527435209 1.12472254505106
-0.0925077785526005 0.0320663243518141 -0.995195489212962 -55.8623317903474 -0.0231006571189712 0.999143166428662 0.0343408302109658 0.430233215163334 0.995443956507816 0.026166463679124 -0.0916877616184098 1.05370451570517
-0.0922620183819368 0.0350376458786323 -0.995118125317479 -56.6049359347696 -0.0221139536832388 0.999062129418673 0.0372267996733808 0.456438916016448 0.99548917272695 0.0254406158083883 -0.0914006676709928 0.958008772882787
-0.0929090177729109 0.0372253764454023 -0.994978485076422 -57.405008556396 -0.0219333428976234 0.998981849789495 0.0394232451796384 0.46857376940872 0.995432992664905 0.0254859792759999 -0.0919979454908374 0.869907567278749
-0.0937886808140335 0.0371840690586243 -0.994897496408252 -58.1336070367915 -0.0230251718029465 0.998954001548458 0.0395062558814132 0.477085820783298 0.995325838514508 0.0266129254041408 -0.0928344084207225 0.793200083170734
-0.0938827055413328 0.0360482464211936 -0.994930430497629 -58.8418118880236 -0.0219226314863121 0.999027108496363 0.0382653200445464 0.489152789821449 0.995341868821439 0.0254039449565044 -0.0930010954327536 0.730119690272601
-0.0942402091864894 0.0323649763032247 -0.995023261678529 -59.6313567911258 -0.0226955510362075 0.999141829465045 0.0346484714872827 0.491500158443536 0.995290758992391 0.0258478804185923 -0.0934247940442821 0.643415342622591
-0.093889884682383 0.0298294759063186 -0.995135614839245 -60.3091250407507 -0.0247482950741098 0.999172243285662 0.0322854477810401 0.500218179924918 0.995274942639095 0.0276591868038782 -0.0930739380282931 0.588227060388286
-0.0925886655743532 0.027767886727593 -0.995317177322809 -61.0780770882479 -0.0229426061441034 0.999286178494097 0.03001283548718 0.491696150414567 0.995440091532623 0.0256140183756385 -0.0918855061050181 0.509577364509903
-0.0900252790354847 0.0265693697674579 -0.995585012806412 -61.7906112201893 -0.0248063350393318 0.999274138708617 0.0289109226775471 0.504151745647801 0.995630501178273 0.0272995292690328 -0.0893008444819515 0.426423084294129
-0.0864206059611829 0.0273180541972523 -0.995884131202108 -62.4454887765386 -0.0259895964849648 0.99922196362992 0.0296649334082508 0.523180917137672 0.995919685386252 0.0284462882366618 -0.0856433823812797 0.36060588607586
-0.0806940467486735 0.0288289015221048 -0.996321918486365 -63.0909764885245 -0.0262134152988102 0.999174517070557 0.0310345178017997 0.532589314183056 0.99639416280792 0.0286213010509114 -0.0798717312223674 0.323711731563012
-0.0730091785172602 0.0294362263672828 -0.996896769194027 -63.7261764788942 -0.0269500541045186 0.999141102133474 0.0314762229511416 0.546900154890348 0.996967077909797 0.0291644750468878 -0.0721531631963638 0.260858812339202
-0.0644324088588374 0.0310316814953041 -0.997439471563173 -64.3585895027173 -0.0276658052943768 0.999076664533495 0.0328697672952016 0.552239316786168 0.997538504472916 0.0297128444986521 -0.0635143996723395 0.212631752993908
-0.0526552248247926 0.0329006688269393 -0.998070625401525 -64.9985197764065 -0.030441076466199 0.998939764922006 0.0345352996388699 0.544556828219069 0.998148670370416 0.0322008081933911 -0.0515978661328437 0.175264317390681
-0.0383136510626549 0.0339068661756489 -0.998690336675186 -65.5818907127176 -0.0330429305106309 0.998834607510467 0.0351794198741335 0.553698506251133 0.998719294339265 0.0343475074140409 -0.0371486183985846 0.157304403277049
-0.0198161036454156 0.0352205873102868 -0.999183082455779 -66.1787576245359 -0.0358053133628589 0.998713249613246 0.0359141278877556 0.567729744016124 0.999162299914935 0.036487741454755 -0.0185295211009172 0.151539713052701
0.0018509011282312 0.0355032556831069 -0.999367846691554 -66.7115182175994 -0.0370939948948228 0.998684208570662 0.0354102682047627 0.57841106339361 0.999310066850002 0.0370050048978554 0.00316542331344888 0.154706054785211
0.0271396933456458 0.0361940010985738 -0.998976191572943 -67.2872803611191 -0.0373022192670172 0.998684941656421 0.0351700404672329 0.576367310217625 0.998935424080486 0.0363095248273491 0.028454119630599 0.179280172284714
0.0560517155418255 0.0368472412523307 -0.997747706585643 -67.8113317515176 -0.0380608764086391 0.998671258651442 0.0347431551611323 0.567846632969318 0.997702147372564 0.036027738697242 0.0573796756050318 0.223624457773263
0.0905783289450304 0.0366441490234208 -0.995214937924404 -68.2844850279878 -0.0370166900534232 0.998756144808528 0.0334055065025873 0.575237058550095 0.99520115101572 0.0338137479371178 0.0918221077270087 0.28832374357623
0.127875508262733 0.0362916088908311 -0.991126012932091 -68.7630309886687 -0.0378141889812751 0.998782074185729 0.0316931443208424 0.59863520416243 0.991069090173958 0.0334258494187999 0.129092103137239 0.378754851393148
0.167454693735692 0.0358990873428935 -0.9852259543241 -69.2121262786988 -0.0370862832267429 0.998858875337803 0.0300924368459073 0.597283978487204 0.985181979708476 0.0314992489886095 0.16859497077565 0.505002096926461
0.213173216572418 0.0353793489515081 -0.976373638216403 -69.6766269979419 -0.0355832804365905 0.998962275344681 0.0284289041566621 0.625624721921371 0.97636622733969 0.0286822960368438 0.214210914765133 0.605602186955995
0.260253489448885 0.0350079768985829 -0.96490546831446 -70.1027933908042 -0.0308879315786702 0.999132864339031 0.0279187227586621 0.614034059128752 0.965046142374794 0.022537989066284 0.261109138362443 0.780175235365063
0.310886211885046 0.0318475897615974 -0.949913414099487 -70.5150616538247 -0.0232440796172924 0.999394287623241 0.02589923992668 0.591062232962491 0.95016286815604 0.014028146435355 0.311438172170781 0.957852946652654
0.360655883012178 0.0258932310735783 -0.93233946319636 -70.9226782710059 -0.0162318784410451 0.999637431424361 0.0214832915909184 0.566645888777925 0.932557698038562 0.00738554533366176 0.360945416301611 1.18885467054091
0.413516736601397 0.0222556184354326 -0.910224475609499 -71.3032579303192 -0.0110012869466043 0.999750367953219 0.0194466825685193 0.555303208529919 0.910430052357703 0.00197211192854514 0.413658350016644 1.40127195991296
0.463314392221978 0.0222737193779297 -0.885914022569376 -71.6592186833314 -0.0107730892048705 0.999751780571752 0.0195017381942164 0.562445954815062 0.886128497741136 0.00050859481426005 0.463439345354224 1.67515022536807
0.51104138605978 0.0200465509366823 -0.859322312947617 -72.0051491049024 -0.00848783187788331 0.999796954362486 0.0182758517587904 0.580253408959918 0.859514199093949 -0.00204593329302211 0.511107773089833 1.91859046351272
0.556610059764236 0.0156976668889523 -0.830625562226144 -72.3446990095557 0.000203452325328988 0.999818863519781 0.0190315200960322 0.598315536790518 0.83077385609828 -0.0107621282401693 0.556506043650325 2.19029889849091
0.600232852820602 0.00926932120519447 -0.799771593693622 -72.6645129545981 0.0092872123725004 0.999784659006581 0.0185575672285507 0.57931721257378 0.799771386135556 -0.0185665101591289 0.600017511927212 2.53245294357457
0.641916152947275 0.00505951556319694 -0.766758145628487 -72.9326271192314 0.0112195155248895 0.999809201404782 0.0159900987401376 0.576641127045861 0.766692751404862 -0.0188669575872305 0.641736910933635 2.82692296006668
0.68330231981711 -0.000439239894081539 -0.730135430451688 -73.2579179705348 0.00999770331747069 0.999911695047218 0.00875488641702133 0.604691263379599 0.730067110381595 -0.0132819116137157 0.683246372228169 3.14622932677327
0.723829326185205 -0.00821822857049815 -0.689930117673837 -73.5190939060498 0.00813549518572844 0.999961207439707 -0.00337599375101226 0.5976875314846 0.689931098206448 -0.00316927986882389 0.723868106351397 3.43418454297943
0.76232678469678 -0.0103165479754709 -0.647110069595382 -73.7590986501432 0.00372714946010265 0.999926343773592 -0.0115505577561892 0.593328189408619 0.64718156779282 0.00639342360921072 0.762309085898746 3.84359696990756
0.799563966364268 -0.0115674310692321 -0.60046953147541 -74.0136906435345 0.00334433694499605 0.999884754399566 -0.0148085559632722 0.581321034784304 0.600571626954053 0.00983221530366348 0.799510505521962 4.22107696669528
0.833530149454819 -0.0142048166999487 -0.552291329944938 -74.2688726122762 0.00525585727276414 0.999828053658084 -0.0177831122870939 0.571896189377125 0.552448971321475 0.0119199958392575 0.833461485483904 4.65612052631636
0.864196946231704 -0.0121471243877648 -0.503007043184195 -74.4836236720064 0.00300902994497925 0.99981543319154 -0.0189748594409218 0.546468800086666 0.50314469475747 0.0148844523285437 0.864073995220485 5.10953450437627
0.890279559781094 -0.0105474825049554 -0.45529227541085 -74.6812708216665 0.00280728710221009 0.999839873739155 -0.0176733137921672 0.511358396761534 0.455405780129225 0.014456053890267 0.890166612455676 5.57901241203938
0.911917517574343 -0.00409410356140821 -0.410353115568868 -74.8887955724778 -0.00281308655253915 0.999864374285892 -0.0162271247585661 0.499210042959896 0.410363896663798 0.0159521581584001 0.911782321042141 6.08582147168117
0.929401291652788 -0.00140581564092761 -0.369068100432038 -75.0947127146334 -0.00584509392814435 0.999811261537122 -0.0185277138503409 0.501173621907815 0.369024489635987 0.0193769188967872 0.929217660757138 6.59113885999838
0.943075122098962 0.00377121991644435 -0.332558403860689 -75.2422324895964 -0.0099843561383013 0.999806045323711 -0.0169759938343543 0.462583171059914 0.332429882397072 0.0193300189990151 0.942929861471661 7.11560113728477
0.953196728379299 0.00430577654808964 -0.302320123867598 -75.3876088460405 -0.00960036610315453 0.999825430284518 -0.0160294081944411 0.474086967175629 0.302198328879706 0.0181815633182775 0.953071666128847 7.69933628671116
0.960742307625241 0.00263239521600258 -0.277429790819864 -75.5557465011487 -0.00694992838690786 0.999869546648623 -0.0145804039756855 0.453199221216294 0.277355217788206 0.0159361281403012 0.960635270529639 8.24770507273919
0.966677134706305 0.00634213956851039 -0.255920093977989 -75.7105219061413 -0.0097207590611828 0.999881475714041 -0.0119390689413812 0.4321590311789 0.255814041990043 0.0140289625277907 0.966624210399838 8.84664252120954
0.971342972458356 0.00579761405472704 -0.237611484417395 -75.8692546582643 -0.00830993444933001 0.999919648364645 -0.00957297256724343 0.441548508228409 0.237536891545742 0.0112731754886451 0.971313101254785 9.45366220888206
0.974954495368616 0.00915472918976767 -0.222215937533718 -76.0203404516087 -0.0114660540614516 0.999892732386542 -0.00911335968973378 0.425654247485199 0.222108670620458 0.0114330509504948 0.974954882946476 10.0956564438021
0.978008174065552 0.0103342572249579 -0.208310380414836 -76.1780566878925 -0.0121629135080169 0.999897905198329 -0.00749951431688489 0.414585081663355 0.208211611097849 0.00986824744324281 0.978034019191785 10.7405411999528
0.980548156974775 0.0121348207271889 -0.195903185219869 -76.2772289256981 -0.0139041492127211 0.999874000269184 -0.00765886547535336 0.400948659344556 0.195785562511749 0.0102337535449199 0.980593332529005 11.3769976723261
0.983210353305416 0.0161151011039198 -0.181762770306377 -76.4200804081729 -0.017692151613285 0.999818567892637 -0.00705826242140998 0.371532112116653 0.181616048091381 0.010155531178988 0.983317078191029 12.0622829138014
0.985895445246192 0.0166165461023596 -0.166535466007815 -76.5416139144844 -0.0178726286357316 0.999821988709348 -0.00604648980269151 0.336222902351608 0.166405349038008 0.0089376332948373 0.986016926083232 12.7706722776547
0.987991296201133 0.0202213351723371 -0.15318060005971 -76.6275138588545 -0.0213074974244823 0.999758102526236 -0.00545224601841406 0.317784485017242 0.153033294365346 0.00865066685219332 0.988183169649586 13.4813379021981
0.989929567187927 0.022107629106556 -0.139823834672097 -76.7263396165374 -0.0234163574696509 0.999695980829221 -0.00772140639751461 0.297124849242478 0.139610623557008 0.0109178133886329 0.990146289767747 14.1859906902648
0.991355842298373 0.0240094203706776 -0.128985044382473 -76.8331372829869 -0.025947336598937 0.999573968917292 -0.013364744155958 0.269637397378281 0.128609212983774 0.0165960355626528 0.991556474407433 14.9369715682519
0.992618546229583 0.0216775021507574 -0.119325217710143 -76.9180530352008 -0.0240892356719675 0.999532910055869 -0.0188061277244217 0.236804889882228 0.118861812226676 0.0215417644530518 0.99267709854637 15.6711143122516
0.993495682227193 0.0229681425716507 -0.111529340636139 -76.9964586360738 -0.0252033084649086 0.999507943499587 -0.0186725500039045 0.22123979294048 0.111045588108426 0.021362006179991 0.993585699400721 16.4356327969658
0.994226730806372 0.0223645233152223 -0.104943012377938 -77.0965307954996 -0.0239323808078897 0.999619640996633 -0.0137045424085838 0.206588775038257 0.104596600800118 0.0161369585314395 0.994383804006489 17.2088070081717
0.994558738728155 0.0293489876140293 -0.0999577518029116 -77.1543689359514 -0.0301348341379406 0.99952560431281 -0.00636066777876461 0.205811017177919 0.0997236531166991 0.00933826799489912 0.99497135122571 17.9780664114761
0.995220300704241 0.0249909693507439 -0.0944034136939475 -77.2786653753576 -0.0253335712693264 0.999676094781579 -0.00243221894451785 0.203921849658683 0.0943120524265185 0.00481216927822493 0.995531054158501 18.7558583390758
0.995463686186364 0.0225990866967142 -0.0924193203000847 -77.3261740265584 -0.0229432685600166 0.999733221258898 -0.00266321968505587 0.164886398071298 0.0923344784576065 0.00477153977058884 0.995716614552644 19.5210835234623
0.995703854814987 0.025921151386108 -0.0888927860818491 -77.39538658339 -0.026384934416425 0.999643668808894 -0.00404606551294362 0.143871736652347 0.0887562321328247 0.00637411335893482 0.996032982353733 20.2787426215978
0.996009593178863 0.0222855080686859 -0.0864190165750327 -77.4634621148401 -0.0225086039997354 0.99974535629549 -0.00160789041524741 0.129892740839554 0.0863611778616894 0.00354664570050075 0.996257581282379 21.0621929989606
0.996279062321515 0.020384477008666 -0.0837406894934906 -77.541388669408 -0.0204545000996108 0.999790784590575 2.17586274732281e-05 0.107646621678979 0.0837236131890941 0.00169119627660965 0.996487579676594 21.8356446981832
0.99662970281356 0.0177033254395941 -0.0800988622774004 -77.6211205855198 -0.0175592573193161 0.999842692122771 0.00250269676213644 0.102523052385922 0.0801305681506638 -0.00108778539656716 0.996783782357429 22.6122515089265
0.996856822388242 0.0173311249866207 -0.0773052893708814 -77.6789627385168 -0.0174778310459786 0.999846504868421 -0.00122152541166039 0.0816292751623155 0.0772722529757338 0.00256881472691902 0.997006720193476 23.3263603443502
0.996920001993818 0.0178951747468867 -0.0763562200833908 -77.7447057678085 -0.0186108781908245 0.999789194362796 -0.00867191145932807 0.0751117660475768 0.0761849383908074 0.0100662583004073 0.997042890554974 24.0840857326554
0.996994337961945 0.0194852206422985 -0.0749841066383019 -77.7733720959757 -0.0207126189039318 0.999663350862667 -0.0156260154922824 0.0478408620099685 0.0746543869438613 0.0171321661953621 0.997062290627567 24.8821056063398
0.997029046955231 0.0203644863288772 -0.0742857134589498 -77.8490902696866 -0.0220139707410697 0.999527449760978 -0.0214537238382282 0.0117032321550649 0.0738137156614917 0.0230253093546342 0.997006203846981 25.6237694138742
0.997235537332401 0.0207974058969029 -0.0713354819799892 -77.9076541401087 -0.0221962260317175 0.999575485550482 -0.0188726319432688 0.00877465269590869 0.0709126972502584 0.0204038377389317 0.997273820359392 26.371034314356
0.997294785085323 0.0246382371894452 -0.0692536562920343 -77.9796093724272 -0.0257461698330665 0.999553687449057 -0.0151512588889051 -0.0286219147490604 0.0688494472058089 0.0168932878738382 0.997484020144817 27.1568691544049
0.997369734645507 0.0293975218365842 -0.0662525329554905 -78.0746022045804 -0.0300854781385736 0.999503034931666 -0.00940995045480424 -0.0760410304787404 0.0659429785369467 0.011378438919993 0.997758515227718 27.9011606389185
0.997676630251773 0.0251911851805185 -0.0632988596948485 -78.1505248449244 -0.025755586120221 0.99963532183262 -0.00811622622880362 -0.101571491812218 0.0630713186248009 0.00972766846649631 0.997961613106003 28.6710003631404
0.997739429570029 0.0224920520597443 -0.0633256525857767 -78.1559499923771 -0.0230405716839194 0.999702961216334 -0.00794489721588378 -0.114770397462272 0.0631281453691688 0.00938599645400196 0.997961292001255 29.3972962667994
