1 -1.73472347597681e-18 -2.50721752387273e-19 8.67361737988404e-19 1.73472347597681e-18 1 -8.67361737988403e-19 1.38777878078145e-17 2.50721752387273e-19 8.67361737988403e-19 1 5.55111512312578e-17
0.999994808714247 0.00299256789708861 0.00119460534822268 -0.0210549979404292 -0.0029938355421689 0.999994955848106 0.00106076721772547 -0.0772605486526396 -0.0011914249045298 -0.0010643381629301 0.999998723844672 0.825868360139181
0.999981868995399 0.00587396841139769 0.00132596212996035 -0.00878110695592859 -0.00587546128606811 0.999982106722098 0.00112480678768009 -0.0837279672766922 -0.00131933132461171 -0.00113257703296442 0.999998488315918 1.59554355494888
0.999970975632605 0.00735797810762495 0.00197687899087887 -0.0256079470971663 -0.00736017216745874 0.999972303161451 0.00110488716531341 -0.111316136325382 -0.00196869450200686 -0.0011194052663895 0.999997435583616 2.3330072721479
0.999958451973165 0.00882288073208408 0.00229152853344224 -0.0309756759094979 -0.00882458885705911 0.999960791426572 0.000736370183825075 -0.121693157466917 -0.00228494177957093 -0.000756561386258764 0.999997103323771 3.06786222811703
0.999955952138117 0.00902699022673715 0.00257045346144482 -0.0468520016752211 -0.00902899930793937 0.999958940463061 0.000771076837671069 -0.141129225665908 -0.00256338741673825 -0.000794251495909498 0.999996399098273 3.77796832816022
0.999953247336367 0.00921706256939375 0.00292385003832031 -0.0482626012062021 -0.00922188023701882 0.999956135104699 0.00163853329756688 -0.16720155998671 -0.00290861932001879 -0.00166542008665516 0.999994383139018 4.48199439153167
0.999941094471566 0.0103638771355683 0.00322453682329533 -0.0453998001616297 -0.010377066959947 0.999937747315098 0.00410097253286382 -0.181957029303211 -0.00318183411175358 -0.00413419219743983 0.999986392100693 5.16184880859773
0.999941563320061 0.00977452599972062 0.00461828826655194 -0.0451169596143053 -0.00981111157793735 0.99992013302105 0.0079667853473631 -0.187601913142691 -0.00454004786730818 -0.00801163033635984 0.999957599973477 5.81180777313681
0.999940368590389 0.00923664304645545 0.005826121226858 -0.055883986317038 -0.00930374935907525 0.999889454763573 0.0115982110891743 -0.202813749952806 -0.00571834864110138 -0.0116517242431284 0.999915765357753 6.43257808037624
0.999935156795748 0.00900097955210938 0.0069759996391319 -0.0341539747689628 -0.00909829705772666 0.999859949091704 0.0140464654979315 -0.215700360912038 -0.00684859069531988 -0.0141090243970916 0.999877008554577 7.05453446396371
0.999925353833319 0.00881132106017048 0.00846447768534964 -0.0449818043993241 -0.00892859029809052 0.99986327730352 0.0139178653231288 -0.221894661886372 -0.00834068561930191 -0.0139924022611738 0.999867314018396 7.62394472139876
0.999909270392308 0.00995502065786824 0.00907461003154096 -0.0490650075489722 -0.0100597976792258 0.999882407699524 0.0115745947512945 -0.235502488388832 -0.00895831759741584 -0.0116648333337886 0.999891834254645 8.17700210981675
0.999902507741955 0.00960201455042784 0.0101378660438028 -0.0379663019113452 -0.00968887130129746 0.999916478301521 0.00855349016429627 -0.23934406871391 -0.0100548885749974 -0.00865088074459419 0.999912026869408 8.71662865765772
0.999898846203636 0.00805099235865342 0.0117251389193513 -0.0328315431011282 -0.00813363903302476 0.999942293234561 0.00701812773379389 -0.252502956895553 -0.0116679594067531 -0.00711278587111232 0.999906629141158 9.20313981042112
0.999889455079208 0.00506372340942159 0.0139798543138784 -0.0123995332127305 -0.00513078668975887 0.999975482473214 0.00476544650663917 -0.27502055349249 -0.0139553806593938 -0.00483664736117097 0.99989092114738 9.68108729711387
0.999872067928812 0.00289198566223773 0.015731630388818 -0.0118137412029902 -0.00294947567370844 0.999989052895514 0.003632448538118 -0.306193007685194 -0.0157209531839253 -0.00367838389259262 0.999869652066172 10.1184173232731
0.999823926394692 0.00657981036715524 0.0175733407248989 -0.0112037356454135 -0.00661121540303015 0.999976649907942 0.00172958659352466 -0.293683822451871 -0.0175615500339763 -0.0018454631998606 0.999844080957617 10.5147282929172
0.999732626570979 0.0103339979709863 0.0206853536452004 -0.0168518050836493 -0.0103571165314332 0.999945852737212 0.00101080700613515 -0.296498952047602 -0.0206737879123702 -0.00122477736139709 0.999785524206952 10.9223191756115
0.999651060466599 0.011163739077537 0.0239400968630562 -0.00679789722400924 -0.0112128302497957 0.999935296060886 0.00191732350371714 -0.292476288289877 -0.0239171433451636 -0.00218509071603749 0.999711556216477 11.2594568589278
0.999601423825159 0.00713231712728288 0.0273152620179912 0.00277842827167883 -0.00719559340182655 0.99997164950433 0.00221892387983578 -0.312562306602012 -0.0272986615479814 -0.00241458898878931 0.999624405883382 11.5763872171225
0.999554470308995 0.00273383606765931 0.0297218274279976 0.0253250581771605 -0.00279898805061554 0.999993770112717 0.00215067469590549 -0.33257088716956 -0.0297157626723094 -0.00223290754628619 0.999555895171797 11.8529837093415
0.999481141899889 -0.00093155620288389 0.0321959498933383 0.0322796241787147 0.000818699456270138 0.999993475578015 0.00351831388630224 -0.338661920477604 -0.0321990173404995 -0.00349012957397183 0.99947538352771 12.1218281491907
0.999404722252942 -0.00192621897951468 0.0344454760304381 0.0482913627474068 0.00177452777637179 0.999988596012065 0.00443383547165202 -0.340039389926397 -0.0344536237526826 -0.00437007165407526 0.99939674318263 12.3606495216899
0.999328059292869 -0.000697019035751564 0.036646201364009 0.0574351866677654 0.00056519740338998 0.999993333659375 0.00360737975609132 -0.341919732852803 -0.0366484714803073 -0.00358424347293208 0.999321791384979 12.5610813023476
0.999236446724541 0.000361443129308271 0.0390690785171318 0.055223542750363 -0.0004427238821193 0.999997755806836 0.00207180521683968 -0.351635302192569 -0.039068241998812 -0.00208752009729218 0.999234364264443 12.7428891118522
0.999148396298679 0.00232916968124839 0.0411953534075675 0.0640555563227786 -0.00238794192921828 0.999996200075592 0.00137752231159948 -0.356267570318472 -0.0411919883851351 -0.00147472132019117 0.999150161532243 12.9287863858971
0.999062175654114 0.00489579873161357 0.0430209290002883 0.0719100715506923 -0.00493829543937169 0.999987417934693 0.000881595405041481 -0.363464327840841 -0.0430160715944843 -0.00109321868088707 0.999073782289123 13.0870513665903
0.99900031762757 0.00593240999069947 0.0443076956263355 0.0786872430588007 -0.00591150159579822 0.99998234517203 -0.000602903915125865 -0.363790832042498 -0.044310490054801 0.00034037618930842 0.999017749899947 13.2349477953824
0.998916059529786 0.00556531194626456 0.0462139948113674 0.0836788077221931 -0.00545641899781206 0.999982033193887 -0.00248209208951047 -0.371719090756859 -0.0462269781102404 0.00222723873019032 0.998928478872454 13.3990117997846
0.998851651625559 0.00417222739359522 0.0477280898786964 0.0885853155055801 -0.0039970032924528 0.999984919926499 -0.00376614979432503 -0.380777032407034 -0.0477430833689332 0.00357105560994318 0.998853265275865 13.5483338162633
0.99880491452886 0.0033688330533491 0.0487585241455773 0.109048895321271 -0.00313478107364078 0.999983199229857 -0.0048759004953685 -0.385260460774789 -0.0487741310595743 0.00471722607885755 0.998798694391169 13.6722083798211
0.99872397619726 0.00406027552698301 0.0503381915783575 0.108877678494787 -0.00376106301872526 0.999974702118936 -0.00603734437604513 -0.38218548208427 -0.050361431410392 0.00584031547014109 0.998713981549025 13.8079790651223
0.998661460562476 0.00450307273242067 0.0515267845221168 0.122336663558783 -0.00409969915812873 0.999960141553739 -0.00793144190162195 -0.382705876232825 -0.0515604466043009 0.0077095810387138 0.998640116711808 13.9402137739064
0.998611283414533 0.00508485749848801 0.0524370943264436 0.146738923669315 -0.00457808125467581 0.99994169419348 -0.00978005038322797 -0.386855204155141 -0.0524837671018941 0.00952640738646851 0.99857633746905 14.0586458784267
0.998581762234114 0.00406879655844507 0.0530839808979811 0.125641206579244 -0.0034347272847036 0.999921732873083 -0.0120304104905554 -0.392599923800191 -0.0531287754601116 0.0118310195104876 0.998517581315147 14.1757230849652
0.99860367481918 0.003114673118253 0.0527351822694803 0.151657540343751 -0.00238471311531841 0.99990055688774 -0.0138992618129659 -0.396174327998664 -0.0527732297759623 0.013754095642905 0.998511798163677 14.3089965238953
0.998713898107629 0.00297511865982888 0.0506132235253267 0.140304418937487 -0.00221834921717772 0.99988500854869 -0.0150016201237383 -0.394109680394317 -0.0506520350372558 0.0148700487069223 0.998605654399192 14.4237185253136
0.998861092038299 0.00284828398262203 0.047627786956886 0.140081342262917 -0.00208702849828187 0.999869404850538 -0.0160255282558404 -0.396918385011544 -0.0476672122543739 0.0159078761054302 0.998736590074535 14.5537411137571
0.999040278143653 0.00342086690605594 0.043667153745857 0.151486618340503 -0.00266951750425988 0.99984759197263 -0.0172530143113629 -0.398701373455188 -0.0437195187867812 0.0171198859851547 0.998897148449683 14.672519952194
0.999272791411286 0.00360253816261063 0.0379593211725754 0.147673116471005 -0.00291636809730212 0.999831632168648 -0.0181163493038371 -0.400196041272449 -0.0380181948837243 0.0179924715857642 0.999115052345834 14.8032756325567
0.999500008696296 0.00321084228761092 0.0314550966920821 0.138427746831014 -0.00261445653189329 0.999816393541008 -0.0189827243486103 -0.40870385435419 -0.0315102718672338 0.0188909951685075 0.999324888646528 14.9379794852975
0.999694031486191 0.00364472385051018 0.0244654736095494 0.131692420496719 -0.00316775180039874 0.999804716804056 -0.0195062452792163 -0.410020161066165 -0.0245317907910757 0.019422776434264 0.999510353621296 15.0518008110932
0.999857652486148 0.00357692772239255 0.0164887947697526 0.135678165888578 -0.00323556920384633 0.999780851458119 -0.0206828467480906 -0.409497538496874 -0.0165591623223327 0.020626551959711 0.9996501085367 15.1884953745047
0.999976456728726 0.00287223772650437 0.00623187280881265 0.133337829860904 -0.00273445877526964 0.999754104533884 -0.0220057538579705 -0.418245400963786 -0.00629354617597459 0.0219881949712494 0.99973842106745 15.351825879837
0.999976767243287 0.00121193538502397 -0.00670791966912613 0.121079249673595 -0.00137088815631529 0.999717163932075 -0.023742636864334 -0.424337502367152 0.0066772478857533 0.0237512810650559 0.999695599174289 15.4850557565325
0.999744189902983 0.000585280098620298 -0.0226100022652544 0.106515936388654 -0.00115902561388352 0.999677433102534 -0.0253709756445086 -0.430861534194965 0.0225878598998447 0.0253906910645229 0.999422383876012 15.6300083608207
0.999115925198282 0.000970993872123189 -0.0420288613464719 0.0931602527259074 -0.0020831274256138 0.999648615387866 -0.0264254864335799 -0.442206585633519 0.0419884340659344 0.026489675800639 0.998766873940394 15.8057828595772
0.997972472869343 0.00177468761318982 -0.0636222750216008 0.0392427844007127 -0.00344558061716576 0.99965176217243 -0.0261626137793356 -0.442339616299474 0.0635536888721593 0.0263287840477235 0.997631055932657 15.9989110115498
0.996194763416162 0.00236815780063931 -0.0871228165915656 0.000486621154136075 -0.00453002018505924 0.999686504154052 -0.0246246285123772 -0.444056845417204 0.0870371889443775 0.0249255940928375 0.995893188298715 16.2053727465837
0.993517898175804 0.00339208312601028 -0.113625172283256 -0.0558622311885094 -0.00606304875099929 0.999713165950096 -0.0231694899788378 -0.456233886150895 0.113513987878923 0.0237082179444744 0.993253489778778 16.4422634575639
0.989626980612975 0.00432498710699845 -0.143595730191986 -0.124991914326538 -0.00745755024672338 0.999745653671201 -0.0212840999307046 -0.458450166388929 0.143467153687396 0.0221341919226097 0.989407526432243 16.6574833115709
0.984291982408544 0.00493307305313938 -0.176479342010647 -0.192410346281242 -0.00821150055446381 0.999806931741961 -0.017851344469506 -0.471851331559825 0.17635720746514 0.0190200954513197 0.98414245480221 16.9177604415417
0.976984580460668 0.00588864206162113 -0.213228641220552 -0.282608835351883 -0.00908316061679633 0.99986066711857 -0.0140050898753972 -0.475397922676841 0.21311646049825 0.0156195468525364 0.97690194186562 17.1811983932106
0.967446993503689 0.00714154631128144 -0.252972949298848 -0.38272085866403 -0.00956911678831875 0.99991920875669 -0.00836707614919079 -0.492713980742384 0.252892757437941 0.0105154303610772 0.967437170548949 17.4017722101883
0.955756115344686 0.0114382831917571 -0.293937771745758 -0.535353992630339 -0.0131879563813445 0.999905149379106 -0.00397115243114863 -0.489518802797393 0.293864468399498 0.00767189173364886 0.955816308863532 17.7128381146574
0.941719735959716 0.0152503401011093 -0.336052623901025 -0.652530039567412 -0.0160462606706437 0.999871167002881 0.000408552061263225 -0.498995885814678 0.336015559792181 0.00500764646291102 0.941843122316264 17.9806207364488
0.925273333882066 0.0180525184504608 -0.378871170959685 -0.815224121475263 -0.0171140103013313 0.999836461069994 0.00584480679196455 -0.497244363661729 0.378914724256228 0.00107596125638391 0.925430966657806 18.2620861343984
0.906202376590692 0.0212006485373681 -0.422312426010621 -1.00318663616581 -0.0170918018759954 0.999762597553218 0.0135136539201529 -0.501006118287132 0.422498666234597 -0.00502802498372216 0.906349599213653 18.5652172643941
0.8845032601992 0.0256173106283039 -0.465830157990184 -1.18225975501037 -0.0183025240962937 0.999628013105297 0.0202201144126545 -0.496630429793232 0.466174860228103 -0.0093588894281981 0.88464309802314 18.8731735830608
0.860189873885948 0.0304567758379386 -0.50906361652512 -1.42744069739456 -0.0207306000247364 0.999478251025095 0.024768285173423 -0.490538807233405 0.509552375214453 -0.0107522338783699 0.860372457938964 19.108878783733
0.832463836252656 0.0342594763692654 -0.553019212695559 -1.67657770042221 -0.022304653431658 0.9993496252272 0.028334237126636 -0.493998995114565 0.553630259078029 -0.0112523258555091 0.832686568521455 19.4249474993215
0.801927102932552 0.0379018893572652 -0.596218389824865 -1.91851579804053 -0.0249418802941464 0.999239419498314 0.0299747415012094 -0.47704429346762 0.596901017078709 -0.00916674990503651 0.802262517201559 19.6618352134997
0.768708404270762 0.0409781962729471 -0.638285341076947 -2.23068667551408 -0.0258589621721975 0.999120731826678 0.0330011713352772 -0.476296081997314 0.639076445567255 -0.00886288126622999 0.769092157063628 19.9585319167234
0.732212607836359 0.0448098196093043 -0.679600453937502 -2.55143850942765 -0.0270707806961156 0.998959584243401 0.0367004343401411 -0.462603054812118 0.680537926759399 -0.00847520588739906 0.732663839101662 20.2231084923237
0.693614143390095 0.0461744097424364 -0.718865316992107 -2.85191197262768 -0.0251262882977887 0.998887025187578 0.0399171710957456 -0.443719610023478 0.719908389814705 -0.00962469723410655 0.694002359850131 20.4529869378497
0.653418381618588 0.0465189733539991 -0.755566280137643 -3.2459398852495 -0.0228107036025576 0.998866754386985 0.0417717462116091 -0.439692306809733 0.756653216714303 -0.0100594283386652 0.653739028617228 20.7594033936808
0.611419740538425 0.0456152779033374 -0.789990599502125 -3.63664984459882 -0.0180582570178466 0.998881451940736 0.0437006215315667 -0.419522780016699 0.791100373045926 -0.0124535693907063 0.611559570586568 21.0107331804867
0.567185723604187 0.0462158551200514 -0.822292192395816 -4.00691806022383 -0.0133563051433015 0.998809160338274 0.0469240912247636 -0.423546495228906 0.823481611241267 -0.0156318891971935 0.567127569412397 21.2221192184191
0.521327667942058 0.0479701941091316 -0.852007231844441 -4.46626510224012 -0.0117616184182459 0.998727845527883 0.0490342217172478 -0.394948387842616 0.853275528167941 -0.0155419125066663 0.521228665736408 21.4566899961501
0.471635878140948 0.0476254900564795 -0.880506337936927 -4.91200201563118 -0.0105410638609792 0.998773563330211 0.0483761838651252 -0.364472582674718 0.881730392139738 -0.0135344704201462 0.471559469937303 21.6494778335759
0.420386738888651 0.0464774349397851 -0.90615387093362 -5.43523562993186 -0.00573763446255242 0.998803413880926 0.0485676844268122 -0.344092392463258 0.907326881183038 -0.0152180307933167 0.420150380484695 21.8116863853677
0.366848896387742 0.0460651655943045 -0.929139326332636 -5.95264952327497 -0.000208719508193053 0.998777306702464 0.0494352915672447 -0.33313940390204 0.9302805187981 -0.017941352650815 0.366409967399628 21.9812740544654
0.312961416258718 0.045239263811681 -0.948687810052977 -6.4186695323846 0.00193646397473338 0.998832481446546 0.0482692874880997 -0.330340718361564 0.949763866463981 -0.0169435243415112 0.312508423794107 22.1143085261506
0.259735246394835 0.0497066232507113 -0.964399737341952 -7.02896753928295 0.00294122468781617 0.998629024610016 0.0522629926791824 -0.259823493351188 0.965675385923008 -0.0164110575972525 0.259232957416663 22.2184569787987
0.208520380584414 0.0555533757234241 -0.97643897573103 -7.612863477215 0.00579024792528448 0.998297842587417 0.0580335292246775 -0.221796367458662 0.97800088134413 -0.01775499735398 0.207843778254402 22.3064123708816
0.160460802949793 0.0572891735506803 -0.985378242762944 -8.17827543390016 0.0111006283515538 0.998146308224161 0.0598391462896828 -0.220795158395478 0.986979790455158 -0.0205401551200912 0.159527412254867 22.3829734263879
0.115781388719082 0.0585203998538486 -0.99154930932719 -8.82418790723599 0.0139395087804583 0.998068866271345 0.060532869375167 -0.196106852469373 0.993176902732459 -0.0208302899830313 0.114742053746577 22.4360877838491
0.0752091233351405 0.057525107133046 -0.995507131976708 -9.44955853806524 0.0140346411612888 0.99817468130505 0.0587395475726225 -0.173515448572016 0.997069012964817 -0.0183893352488365 0.074264498479909 22.4266577082474
0.0397671183969558 0.0533696913651597 -0.997782667888148 -10.1211771526944 0.0113210246430497 0.998484403389205 0.0538584309977077 -0.140453439947404 0.999144839698146 -0.0134377167737297 0.0391026478959554 22.4100664206637
0.0105497322951215 0.0529870919171563 -0.998539469043995 -10.7874019867941 0.00932535729510161 0.99854640154831 0.053085983707941 -0.0873999430152198 0.999900865516087 -0.00987178023883827 0.0100402736564357 22.4066340230086
-0.0109539103824994 0.0569165092347528 -0.998318848276372 -11.5180203151298 0.00782309137096159 0.998353069938758 0.05683262254427 -0.0609322389485788 0.999909401440317 -0.00718740011326684 -0.011381133110462 22.3751800177259
-0.0239177124084583 0.0628840571700898 -0.99773420227382 -12.2472531554341 0.00881735144197478 0.997994155613392 0.0626890714164863 -0.0231193658081715 0.999675045875756 -0.0072979939258338 -0.0244242080314492 22.3530912371057
-0.0318852648465066 0.0656658154493619 -0.997332106455537 -12.9944678515195 0.00937019476857094 0.997815260274692 0.0653980566450394 0.00945208546526934 0.999447612101638 -0.00725996172986359 -0.032430905322142 22.3197347870968
-0.0362858155272836 0.0627400304135239 -0.997370055784326 -13.7633333952796 0.00968325643114547 0.998002524392695 0.0624275247843127 0.0480237822077883 0.99929453823005 -0.007392556358757 -0.0368208632988687 22.2680854446832
-0.0354364839316906 0.058644449821133 -0.997649780289524 -14.5387403864691 0.0169273186685625 0.998168778930454 0.0580737001677982 0.119354074568632 0.999228563187248 -0.0148296080077321 -0.0363642851859491 22.2546233277648
-0.0311997647430606 0.0573556701514328 -0.997866174284637 -15.3486499223952 0.0286593310971184 0.997993052818944 0.0564668864573703 0.11272808935958 0.999102205693213 -0.0268364235061952 -0.0327809236043269 22.2471943690963
-0.0253558883048366 0.0572325437198273 -0.998038834348459 -16.1689158574558 0.0296242138617852 0.997964381586904 0.0564756499470296 0.161918688191341 0.999239453224973 -0.0281341255991056 -0.026999742506733 22.2464256646292
-0.0202811532270108 0.055794665912245 -0.99823625964975 -17.0262128598881 0.027591056135502 0.998092588378679 0.0552260685263427 0.243702522043493 0.999413532250344 -0.0264223443185817 -0.0217819024788981 22.1832337603007
-0.0167299966824898 0.0504753273306618 -0.998585173403784 -17.8792520393655 0.0307698480316086 0.998277909511275 0.049944287300062 0.214952249638121 0.999386473624251 -0.0298907462714126 -0.0182543042656367 22.1856985168354
-0.0151165985259361 0.0397130175177066 -0.999096774436112 -18.7451451118137 0.0288027402640698 0.998813589164767 0.0392659681286095 0.233958603040812 0.999470805277616 -0.0281831570168209 -0.016242507758318 22.1822353150007
-0.014358594398655 0.0312485595099145 -0.999408504214093 -19.6478050660552 0.0215400337781826 0.999289262540587 0.0309353635169196 0.287248824680994 0.999664872700711 -0.0210831046016601 -0.0150214842351145 22.1605522590445
-0.0157247784487576 0.0282360123107556 -0.999477593021236 -20.5721395940996 0.0156797587585061 0.999485232956246 0.0279895385398291 0.286462003122845 0.999753407850162 -0.0152314382506835 -0.0161594177123767 22.1351859148561
-0.01925804398819 0.0338043662429722 -0.999242909689461 -21.5238409209045 0.00671517893243525 0.999410087689314 0.0336806026778416 0.324534448603607 0.999791995423875 -0.00606147240761335 -0.0194736857989808 22.096316835117
-0.0233730661371051 0.0414887816137209 -0.998865546897859 -22.4968832504274 0.0014504679604572 0.999138854691826 0.0414661933121598 0.379512644047446 0.999725760357332 -0.000479630393840813 -0.0234131166793126 22.04084005681
-0.0280943268734165 0.0511594984501866 -0.99829525417877 -23.481705604042 0.000230669726407378 0.998689765593719 0.0511732243447762 0.389056780618426 0.999605249880675 0.00120740079875362 -0.0280693176672363 21.9936170993211
-0.0303836320016819 0.0607097380380293 -0.997692919997802 -24.4859017152523 -0.00110623234234073 0.998151103000604 0.0607713076104302 0.458006610004838 0.999537698716957 0.00295013322252226 -0.0302602967199305 21.9833719200911
-0.0312094788600101 0.068676458712934 -0.997150696960062 -25.514151555099 0.000568114513939353 0.997637737847403 0.0686922213108302 0.492634943756894 0.99951270410895 0.00157735264531973 -0.0311747699822575 21.9465606721516
-0.0329111238209698 0.0704895168401435 -0.996969450858192 -26.5256345279834 0.00231073244199104 0.997512520118545 0.0704516339223571 0.529208888081233 0.999455611042543 1.49127936363139e-05 -0.0329921404759719 21.903591651032
-0.0344733600245958 0.067389604030628 -0.997130998774589 -27.534862640626 0.000980029437735597 0.997725828651879 0.0673959226008682 0.594025117909221 0.999405136564204 0.00134614617193173 -0.0344610054927018 21.8671500067095
-0.037283648534328 0.0622873343438238 -0.997361628263445 -28.5986889116848 -0.00186036211103137 0.99804949741796 0.0623998377928503 0.648185919466143 0.999302991391892 0.00418194740508558 -0.0370950496847835 21.7970626324252
-0.0414109657832772 0.0569531894862937 -0.997517652034406 -29.6013801237688 -0.00175581394487242 0.998368369497894 0.057074652022664 0.67488387701203 0.999140655278468 0.00411497186570139 -0.0412433991840785 21.7529930065568
-0.046844533374477 0.0526664299029549 -0.997512825408378 -30.6331995617824 -0.00119817557035465 0.99860542526706 0.0527803846376388 0.719968763262392 0.998901473654049 0.00366766798819537 -0.046716101542169 21.706715362684
-0.0537250981660892 0.0498375151466012 -0.997311303410854 -31.6658518917339 -0.00308362745147157 0.998740696909833 0.0500750594388233 0.757968923828486 0.998551002737859 0.00576562399688414 -0.05350376165413 21.6255328763296
-0.0599513549284628 0.0529614314245591 -0.996795325943949 -32.7173264333942 -0.00199706333027512 0.998583130326961 0.0531765320838207 0.791576622585141 0.998199302133745 0.00517866854205421 -0.0597606443391902 21.5529538669919
-0.067025890162981 0.0574147350408643 -0.996097926033403 -33.7803126828053 -0.00318683687287857 0.998325551589296 0.0577575719250155 0.829780441257062 0.99774614713293 0.00704565427160769 -0.0667306873730468 21.4795212509152
-0.0730037580556962 0.0607241572678853 -0.995481304713378 -34.8408145878092 -0.0057092532954916 0.998102888369736 0.0613027622118205 0.888247906438209 0.997315324126002 0.0101587869401928 -0.0725185721822381 21.3933131223795
-0.0773423881981387 0.0624487873157334 -0.995046885302699 -35.8878762715774 -0.00884092055473918 0.997954214536221 0.0633184318594388 0.932812710696411 0.996965392133324 0.0136943291981719 -0.0766320574972308 21.2983338680334
-0.0805375498476846 0.0640880180552053 -0.994689111736068 -36.9631171329349 -0.0132254919029276 0.997774256292763 0.0653576303376203 0.983896254424551 0.996663829698087 0.0184189962044382 -0.079510698339051 21.2062445360962
-0.0821583013803569 0.0649543740338629 -0.99450034831978 -38.0485085479758 -0.017143377602076 0.997634117556476 0.0665753114277697 1.04844436546288 0.996471835085512 0.0225188094974159 -0.0808503871365624 21.0897936702868
-0.0837244551557002 0.0649521416681363 -0.994369868259092 -39.1233115371021 -0.0184319265117737 0.997601797958764 0.0667151916320819 1.08763373017649 0.996318462989593 0.0239138454072778 -0.0823264738944351 20.9883569785285
-0.0853754711075986 0.0643803203832433 -0.994266666081342 -40.1995857082682 -0.0187052789231757 0.997630742899718 0.066204330385282 1.13831564493596 0.996173248724117 0.0242502612090741 -0.083968942816555 20.8945604537448
-0.0860717328460388 0.0637508787746794 -0.994247193740237 -41.2667319982965 -0.0200148388198185 0.99763860334805 0.065701014731659 1.18236931287128 0.996087879171259 0.0255546975174647 -0.0845925197809716 20.7964495155622
-0.0877367406159562 0.0629303956181989 -0.994153926539259 -42.3579070679775 -0.0219359216670754 0.997638468774023 0.0650868724309207 1.23299218104337 0.995902143629937 0.0275181927015561 -0.0861491113345673 20.6909728619594
-0.0881210233269729 0.0606598606262578 -0.994261065594248 -43.4406043746705 -0.026212361882812 0.997657207728133 0.0631902520380297 1.28462711262249 0.995764830335121 0.0316303205312273 -0.086324535856037 20.5678404448918
-0.0884727437811564 0.0556326556447817 -0.994523796212913 -44.5537031778388 -0.0316624209123656 0.997777458208714 0.0586313482066129 1.33403878918473 0.995575243118169 0.0366763072904844 -0.0865146448512153 20.4645071806851
-0.0876847306624919 0.0547656542460155 -0.994641699871694 -45.6229047476051 -0.0333373749201573 0.997766962617005 0.0578766597469967 1.38569355911771 0.995590280909812 0.0382336425814053 -0.0856631842326576 20.3452535595641
-0.0858413589253487 0.0584346663564237 -0.994593711454915 -46.7465544848798 -0.0340787670370263 0.997522171518196 0.0615479891374064 1.43970657041774 0.995725815039002 0.039177890415841 -0.0836372773796399 20.2522522843389
-0.0843621009317298 0.0622528775471931 -0.994488619926583 -47.8339560158477 -0.0336085459009592 0.997300856281526 0.0652799180648871 1.50780664405061 0.995868214960598 0.0389304674673892 -0.082042166804411 20.1559780607708
-0.0830227976365958 0.0619660420814248 -0.994619236040283 -48.9613388009927 -0.0319767420747726 0.997385317522331 0.0648075331822004 1.53715282332667 0.996034488880218 0.0371851854861803 -0.0808242472373361 20.0585522138124
-0.0801571902812759 0.0611154827012608 -0.994906891432763 -50.0443104133314 -0.0309962151018661 0.997483078249568 0.0637710220642986 1.58960289522442 0.996300185433873 0.0359500539632183 -0.0780610922577408 19.9569139160399
-0.0761815908746314 0.0617092272976547 -0.99518256439617 -51.1682407164807 -0.0353908708224928 0.997286782775287 0.0645488897204501 1.63606021841034 0.996465680028287 0.040137814689437 -0.0737909503782171 19.8671578595049
-0.0704039049186315 0.0624750198045541 -0.995560225236338 -52.3051131578982 -0.0404357144561356 0.997037725384156 0.0654272661603031 1.70054328748411 0.996698672201699 0.0448625240173786 -0.0676691271567764 19.7635522930576
-0.0651030314087887 0.0625549686900836 -0.995915895642583 -53.4412221965787 -0.0441740184100921 0.996874133270135 0.0655028130267779 1.74584303828691 0.996900321696653 0.0482580388028652 -0.0621362236703362 19.6812316652102
-0.0586788670814761 0.0614452984256425 -0.996384095547203 -54.534359329331 -0.045485497582243 0.996902741702596 0.0641560059194983 1.80659087256039 0.997240121569389 0.0490856281128263 -0.055702253500546 19.6201077994908
-0.0529389620831571 0.0609196365061492 -0.996737811152721 -55.6615961890013 -0.0451924542047812 0.996968627669881 0.0633340155444378 1.85547287619168 0.997574612937051 0.0483978649321742 -0.0500253764953369 19.5471779864891
-0.0477645015220758 0.0607824648712271 -0.997007544785156 -56.8062967050373 -0.0433094230925015 0.9970820824022 0.0628618709862111 1.90354008406123 0.997919258390047 0.0461823875159179 -0.0449926751548213 19.4790824349545
-0.0423426297144231 0.0612521181831371 -0.997223786181891 -57.95185426887 -0.0425739240086833 0.997101732246635 0.063052331798775 1.95365633219753 0.998195653518573 0.0451255312305458 -0.0396121664112294 19.4307984049177
-0.0366905556568171 0.0627505787504254 -0.997354584885476 -59.0770783433575 -0.0404013380195653 0.997117482678698 0.0642219403531667 1.99833035821663 0.9985096569447 0.042650798386238 -0.0340495871515889 19.3967717960622
-0.0315414705461611 0.0635242696436273 -0.99748173056053 -60.2306546391293 -0.0425050894287271 0.996990209359993 0.0648370250163636 2.06491662773642 0.998598244044341 0.0444431052758511 -0.0287464325612423 19.3491611148274
-0.0257435921113238 0.0633977011545014 -0.997656252901534 -61.3934925516328 -0.0421471271283944 0.997030789047896 0.0644455224616313 2.10819291775705 0.998779699002752 0.043707404165132 -0.0229951229854736 19.3000489135946
-0.0212842437755542 0.0597074987392464 -0.997988975671177 -62.5158030727106 -0.0419397881519995 0.997283096279175 0.0605597229649121 2.15057924264353 0.998893405292411 0.0431444141242454 -0.0187222966862357 19.2811335363198
-0.0170291279838295 0.0541692087444962 -0.998386551203543 -63.6954776788872 -0.0416046495230182 0.997628127282999 0.0548376949906065 2.18895407601578 0.998989019928736 0.0424713606776515 -0.0147350461150163 19.2490859744775
-0.0131331623345389 0.0533698852816427 -0.99848844529725 -64.8306935667047 -0.0421852376668169 0.99765591481063 0.0538802502440367 2.23535665713352 0.999023486095341 0.0428290904455155 -0.010850955788364 19.2390034661668
-0.00975126663676117 0.0553720335163808 -0.998418174265292 -65.9814387251873 -0.040883560469864 0.997608690123111 0.0557264378384078 2.2955137140906 0.999116333207643 0.0413622931558655 -0.00746414245593421 19.2244749002576
-0.00772943178556222 0.0553711099190279 -0.998435924869797 -67.1734617594857 -0.0404328813931138 0.997631908268897 0.0556395336609636 2.33126710772297 0.999152359746261 0.0407997033088973 -0.00547231426210358 19.2108161715265
-0.00628343746230316 0.0547545620485617 -0.998480073085351 -68.3140429369132 -0.0427018116402231 0.997574286523882 0.0549736132067985 2.37966091037381 0.999068102631798 0.0429823312680686 -0.00393007664833391 19.2008871898367
-0.00563707371288401 0.0559721144092069 -0.998416419039931 -69.4967755768994 -0.0442253058215628 0.997441413528843 0.0561671514550339 2.42342544886893 0.999005678524874 0.0444718898423053 -0.00314726689511863 19.1765408505937
-0.00457425495664829 0.0556814263638673 -0.998438107721093 -70.6562080531402 -0.044380173258675 0.997453472276181 0.0558298384891041 2.46173264180635 0.999004242440002 0.0445662361241634 -0.00209145514026678 19.1651952822577
-0.00332513330321134 0.0538533007159073 -0.998543321789555 -71.8250791004773 -0.0454151816606716 0.997510393718415 0.0539488248107532 2.49924183810298 0.998962664348996 0.0455284133891704 -0.000871097595412845 19.1518490087617
-0.00213060987559403 0.0526896276302307 -0.998608663912819 -73.0323650176743 -0.04412063768221 0.997633536237559 0.0527323117704772 2.54309051313738 0.999023938568077 0.0441716030310343 0.00019913210575243 19.1518513091861
-0.00171370935918279 0.0525526876314552 -0.99861668232758 -74.1666869112716 -0.0411579972398454 0.997768261053805 0.0525786695996656 2.5698469638172 0.999151180984858 0.0411911672130884 0.000453078565218445 19.1451842505027
-0.00213383166281947 0.0529844623333823 -0.998593057012554 -75.3628452242319 -0.0382922955840288 0.997858609065351 0.0530273176114801 2.61038789456124 0.999264302805489 0.0383515718765974 -0.000100365602009929 19.1338307833904
-0.00172621906082258 0.0554313163903632 -0.998461010421031 -76.5306504583027 -0.0378613398902876 0.997742977893269 0.0554569112589612 2.6486814003152 0.999281511441829 0.0378988024600202 0.00037638096418037 19.1300298762411
-0.00138269067648331 0.0595041447332481 -0.99822710087738 -77.7051059079404 -0.0399788371271081 0.997426707611079 0.0595118099715331 2.69719394203389 0.99919957003016 0.0399902451066304 0.000999773901589111 19.1160141628433
-0.000508609642966271 0.0597186267038151 -0.998215120573136 -78.8784791546793 -0.0418034775478039 0.997341392441885 0.0596876552311503 2.74912447422541 0.999125723110531 0.0417592210977741 0.00198918882107327 19.1026301941286
-0.000444673784711451 0.058013085843032 -0.998315723674727 -80.0476089494765 -0.0429323580965126 0.997394248769809 0.057978661153743 2.79299125101481 0.999077882296219 0.0428858297328703 0.00204712350024687 19.0968482302893
-0.000447541936269719 0.055555947921642 -0.998455475400252 -81.2374844025349 -0.0428648246962651 0.997536809955814 0.0555240451240401 2.83876055227048 0.999080780772993 0.0428234682587221 0.00193495641306807 19.0873978301196
-0.000365870358959622 0.0547432592193887 -0.998500396449055 -82.4256911877606 -0.0414404028889233 0.997641898837229 0.0547113762653747 2.86411368702513 0.999140910556306 0.0413982759844719 0.0019035751178635 19.0863417967585
-0.000342196830358397 0.0558230394752484 -0.998440619749154 -83.5897693487916 -0.0394463409227105 0.997662828439897 0.0557930724831857 2.90850614225915 0.999221631615899 0.0394039212902672 0.00186061758882405 19.0819039857921
-0.000157062065327978 0.0585163409410319 -0.998286438440581 -84.7674411870444 -0.0391568157960236 0.997520482818828 0.0584776036924241 2.94792506271877 0.999233065459817 0.0390989027948976 0.00213464095604681 19.0775345539127
0.000450538455807482 0.0610461702184757 -0.998134841650544 -85.9613022011162 -0.0388461024462534 0.997382624250459 0.0609826300515456 3.00079360402902 0.999245103735733 0.0387461732939574 0.00282076500963734 19.0658566028611
0.000782215413773666 0.0615403450200006 -0.99810429017907 -87.1013491675462 -0.0403190202333588 0.997294934840379 0.0614588443525032 3.0541340507535 0.999186551524023 0.0401945130153669 0.00326134588613984 19.0575363321697
0.00145928489193873 0.0593230158167696 -0.998237772417979 -88.2747485598522 -0.03965771335845 0.997456975692205 0.0592186407657102 3.09561252833872 0.999212257860552 0.0395014105743393 0.00380818905180677 19.0550622937361
0.0011811221778666 0.0578732272086659 -0.998323241501897 -89.4357260282193 -0.0385734816348153 0.997583587225853 0.0577847126164615 3.1406777302541 0.999255068270844 0.0384405524160698 0.00341063996602914 19.0372900385751
0.00136291853503189 0.0588969689740199 -0.998263136401791 -90.5698092367524 -0.0368773880681769 0.997588001095302 0.0588067880431225 3.17512347182012 0.999318868381027 0.0367331882138346 0.00353159755791251 19.0456196490793
0.00171159163066182 0.0615484075397612 -0.99810263198902 -91.760259513337 -0.0345594778881154 0.997511508302503 0.0614526914965251 3.23076721708287 0.999401177176709 0.0343887239278472 0.00383441317851851 19.0457920585796
0.00204605452224836 0.0641761708137751 -0.997936487338034 -92.9003843275736 -0.0330419680063015 0.997398003311545 0.0640737960512286 3.26864052896189 0.999451870782762 0.0328426870067759 0.00416123767795276 19.0645097478329
0.00241513273031179 0.065650338304093 -0.997839766803495 -94.0844013924706 -0.0333995841672923 0.997291251246688 0.0655334110531934 3.3238471897176 0.999439160185024 0.0331691613908612 0.00460128474233825 19.0423349741489
0.00304528644138159 0.0673709599931639 -0.997723348418834 -95.2446271468919 -0.0356452749061312 0.997101231209359 0.0672201539543556 3.3918962812431 0.999359865417536 0.0353594184112303 0.00543791524973305 19.041656563631
0.00279159161865257 0.0665533442322758 -0.997778963191615 -96.3881961985794 -0.037952965772748 0.99707102082532 0.0663999383991189 3.44589089836599 0.999275627344772 0.0376833093272653 0.0053093119006468 19.0348110709725
0.00337315744742662 0.06300034788654 -0.998007804566182 -97.5555084004912 -0.0401942032412392 0.997215506787961 0.0628144811920959 3.48506044374867 0.99918619277622 0.0399022453980367 0.00589601370063149 19.0147626413508
0.00357161639626883 0.0609858590089856 -0.998132240014946 -98.7140834131277 -0.0421377980878559 0.99726123538044 0.0607818589694855 3.53020335034957 0.999105424631768 0.041842005310638 0.00613164439278317 19.0239285321935
0.00333814901359274 0.0599752897824265 -0.998194280376659 -99.8661871784071 -0.0425614150641269 0.997303836693791 0.0597794551964433 3.56695197766128 0.999088275733882 0.0422850083523514 0.00588178202073278 19.0056773025522
0.00412523982426618 0.0599404054151587 -0.998193433255829 -101.017156789559 -0.0408117088951806 0.997380357458051 0.0597229183304414 3.61215785885798 0.999158339210281 0.0404916084579997 0.00656070354738936 19.0035275955876
0.00378460240002906 0.0623542444828192 -0.998046905200177 -102.168539965238 -0.0406102471236996 0.997240293624313 0.0621498559985993 3.66921421685639 0.999167896108169 0.040295718967049 0.00630637928631513 19.0152538222684
0.00398587669439896 0.0643470521293558 -0.997919620845907 -103.343023128308 -0.0384027004293168 0.997201258968301 0.0641473437624031 3.7167006910337 0.999254394729747 0.0380671248493726 0.00644582182418033 19.0205585957578
0.00345145333695764 0.0634305436199634 -0.997980287183038 -104.467659897753 -0.0425404565489574 0.997092102102453 0.063226967992451 3.77171497630824 0.999088783355348 0.0422363121139628 0.00613978114779741 18.9953305301666
0.00315135322879284 0.0639799817640925 -0.99794620641911 -105.644203855772 -0.046834584894151 0.996865500962418 0.0637627998815995 3.83002852385747 0.998897687769183 0.046537457219048 0.00613795120258673 19.0081361016917
0.00346885100991216 0.063556622312892 -0.997972205441037 -106.81670601638 -0.0497180052058615 0.99675495189933 0.0633062858057063 3.89451335281326 0.998757271328235 0.0493975872319716 0.00661750290055027 18.9778457098877
0.00282151197403219 0.0600386669485932 -0.998192064455141 -107.987808375338 -0.0511989631718593 0.996895539461071 0.0598159641964147 3.92444386570916 0.998684487333365 0.0509376272872625 0.00588667019943724 18.9656405308077
0.00218078512876563 0.0556886106535755 -0.998445803646696 -109.153831061791 -0.0521316131006697 0.997096835651457 0.055499506748917 3.97676516347173 0.998637841808403 0.0519295578387249 0.00507759105583399 18.9703259518116
0.00190577507990977 0.0547313472764457 -0.998499297769733 -110.378547356455 -0.0486072123020933 0.997325919364306 0.0545742565351166 4.02669645525575 0.99881615271959 0.0484302610920753 0.00456101710031839 18.9640477604354
0.00118977264004762 0.0545325013204864 -0.998511287237554 -111.563385772812 -0.044169061817737 0.997540381291948 0.0544268469604441 4.05615364916602 0.999023362299003 0.0440385511983061 0.00359549567490422 18.970794131733
0.00109133620544878 0.0558891849747995 -0.99843638154273 -112.756876752687 -0.0436763850722913 0.997486861903853 0.0557882937202848 4.10773609674034 0.999045135302857 0.0435472080856683 0.00352963109119102 18.9630499792282
0.000177230912595907 0.060007329497646 -0.998197920753076 -113.983107106965 -0.042425057929144 0.997299661999959 0.0599457974713522 4.16152476656913 0.999099636196967 0.0423379803643082 0.00272256675933871 18.9560527659514
-0.000636276949892371 0.0607882693107481 -0.998150480371495 -115.208722794067 -0.0404839867074696 0.997330819700261 0.060764157990343 4.21041241467331 0.99917998477347 0.0404477736125229 0.00182637287475387 18.9747535803913
