1 -1.73472347597681e-18 -2.50721752387273e-19 8.67361737988404e-19 1.73472347597681e-18 1 -8.67361737988403e-19 1.38777878078145e-17 2.50721752387273e-19 8.67361737988403e-19 1 5.55111512312578e-17
0.99993844052884 -0.000153677291064253 0.0110946625023695 0.0803098577699197 0.000155113642698015 0.999999979700523 -0.000128602924082783 -0.0505308978246683 -0.0110946425138047 0.000130315940870034 0.999938444068057 0.265860072141184
0.999845435847523 -0.00188932552272038 0.0174795555992161 0.0880845738259843 0.0018806837547944 0.99999810104514 0.00051081770483521 -0.0609465841591507 -0.0174804875072563 -0.00047786523447312 0.999847090409992 0.533358252344406
0.999781079044866 -0.00600166119481739 0.0200443021027556 0.0679487844456883 0.00602041671266276 0.999981493878525 -0.000875490194145615 -0.0737464011549756 -0.0200386767649413 0.000995973582369193 0.999798709476129 0.912701114622016
0.999820168656402 -0.00633326440514619 0.0178751254501472 0.0847545794226409 0.00637461322712671 0.999977134472971 -0.0022571746564763 -0.0735505955493008 -0.0178604214420751 0.00237071575685615 0.99983767935236 1.17260620027146
0.999890943008017 -0.00989800336565025 0.0109604571032404 0.075176622680823 0.00993731970430675 0.999944362889004 -0.00353847475591171 -0.0672657185398136 -0.0109248234600287 0.00364700642683886 0.999933671588516 1.48079249889614
0.999943879939347 -0.0105602820401088 -0.000847003588615774 0.078462128163247 0.0105558448791165 0.999931369402629 -0.00508238364063909 -0.0857281213626462 0.000900616862934696 0.00507315757846743 0.999986725892624 1.84248685250701
0.999814326136647 -0.0102020890414114 -0.0163471903124966 0.0300799700107068 0.0101171798654632 0.999934941072097 -0.00526842431012793 -0.0939834865426584 0.0163998757157405 0.005102058636746 0.999852495658322 2.15067190273764
0.999337693887978 -0.00629322379527683 -0.0358408832050942 -0.0153060303843532 0.0061118171336686 0.999967964289078 -0.00516876067180194 -0.0955131524832418 0.0358722631845725 0.00494628444595872 0.999344142427521 2.50741919631351
0.998464787767999 -0.00291309269710708 -0.0553134836937835 -0.0615948542890852 0.00257823904115537 0.999977923555846 -0.00612413948128414 -0.100232135917161 0.0553301027547488 0.00597212624428037 0.998450255865194 2.84550392376486
0.997198641282704 -0.0022390732512282 -0.0747653420703993 -0.100588035508703 0.0017616379921409 0.999977639592991 -0.00645111971787585 -0.109038572292005 0.0747781148165212 0.00630133835033123 0.997180287951723 3.1982881987592
0.995341273805716 -0.00325902013507444 -0.0963593661590537 -0.146656420234978 0.00269810945468176 0.999978654139304 -0.00595075382758284 -0.112883606327384 0.0963767029119899 0.00566304277796966 0.99532882058258 3.57853691683317
0.993263066531482 -0.00364306694599632 -0.11582404209707 -0.218281523723708 0.00306051052099685 0.99998175947847 -0.00520710914934756 -0.124291866972134 0.115840899253363 0.00481754850202263 0.993256098539849 3.96986816285821
0.991110491335346 -0.00291279117137186 -0.133009434299226 -0.279857467921551 0.00233949773982662 0.999987289599576 -0.0044662500623512 -0.129472894196479 0.133020752949807 0.00411537202280476 0.991104708392499 4.34456984670656
0.988804386663363 -0.00187824877737447 -0.14920575423495 -0.353704365946334 0.00131649229202385 0.999991669468678 -0.00386365646659138 -0.137535242614767 0.149211768179776 0.00362397223734991 0.988798622097486 4.7672198742687
0.986786746002825 -0.00147408086082456 -0.162017730507413 -0.435622512042819 0.00086503694931894 0.999992292921874 -0.00382959631414639 -0.145533634859604 0.162022126958738 0.00363884356200721 0.98678041589469 5.17971141152135
0.98460833669098 -0.00297278759160887 -0.174750066817029 -0.539767919142224 0.00212392740858504 0.999985021449337 -0.00504438393985275 -0.150283692031699 0.174762445196284 0.00459558602408436 0.984599902670172 5.60948053303956
0.982843844574413 -0.00538273581491304 -0.184361067846045 -0.618533799580357 0.00418388249680389 0.999967503137627 -0.00689113894449056 -0.167832076896967 0.184392169870198 0.00600156844884642 0.982834425967423 6.081811051034
0.981412083545627 -0.00500231287475191 -0.191847072264693 -0.721176337696474 0.00345813721946272 0.999958882648886 -0.00838297671250647 -0.176728801919018 0.1918811182936 0.00756372114069196 0.981389029164736 6.53192851459741
0.979760045250696 -0.00513907735054899 -0.200109579016947 -0.821467511633604 0.00309902548094732 0.999940002089559 -0.010506581851448 -0.171072876629136 0.200151566997171 0.00967378442584968 0.979717187826905 6.99322514910529
0.978235764916278 -0.00556036888701486 -0.207421962522067 -0.917061615918574 0.00294658387584324 0.999912345187918 -0.012908120864803 -0.184067126255171 0.207475554902567 0.0120159992775491 0.978166401937438 7.48156322937029
0.976397339175458 -0.00959555414084404 -0.21576876834198 -1.0302744187255 0.00655874380260755 0.999869169863867 -0.0147860080979536 -0.199891648731482 0.215882419225875 0.0130218468917094 0.976332531759908 7.97781288936816
0.974619217581233 -0.0152697750456183 -0.223347743869065 -1.15650489010948 0.0120041064070535 0.999800379547933 -0.0159719280357169 -0.207748880708996 0.223547046839616 0.0128854579222546 0.974607963656885 8.49446782015336
0.972724184903847 -0.0162426979547613 -0.231395408049288 -1.26258788357897 0.0122810612229279 0.999752489241992 -0.0185508972742331 -0.240962008309796 0.231639451817657 0.0152031252573557 0.972682902771517 8.99840350827206
0.970545759729688 -0.0123519253004632 -0.240599996284484 -1.42458374874828 0.00724051801767966 0.999729172148547 -0.022116899737918 -0.239309290999494 0.240808021397872 0.0197233946508515 0.970372343244535 9.53763246423569
0.968360751338355 -0.0099421928740291 -0.249356387662862 -1.60606674832908 0.00381316243400789 0.999678916425109 -0.0250504260916436 -0.252017701610881 0.249525379590269 0.023307013021334 0.96808773780291 10.0657681871755
0.966016096744179 -0.0119271166028585 -0.258206593100722 -1.75341898970399 0.00515345795504634 0.999624995293387 -0.0268944354059081 -0.281917217543474 0.258430537480085 0.0246498006936935 0.965715302055174 10.6625727586627
0.963876147831946 -0.0133265568509495 -0.266017244785272 -1.90405775850213 0.00584862380706777 0.999565683879406 -0.028883164824162 -0.316642226289233 0.26628662234557 0.0262839588569667 0.963535462900351 11.2091190982684
0.961714077726237 -0.0132120072813111 -0.273736142236959 -2.07840222322327 0.00479173609203555 0.999495212257824 -0.031406367808327 -0.331783733430157 0.274012904747931 0.0288922746990648 0.96129192470046 11.7477986838418
0.959380979944355 -0.0130045915298794 -0.281813796539756 -2.26400955004033 0.0033084805631866 0.999386915228185 -0.0348546643514887 -0.358952372580834 0.282094291465412 0.0325065265728732 0.958835823513491 12.3608878454203
0.95721379591109 -0.0148992203685263 -0.288997858382881 -2.48382831658015 0.00335325222985826 0.999177725423292 -0.0404058005417602 -0.387349929370308 0.289362237717648 0.037707907000358 0.956476664186162 12.9968552281442
0.955275102621889 -0.0150879311521876 -0.295333426222441 -2.65319105530886 0.00122279712319635 0.998890567162102 -0.0470758919381263 -0.420314363737506 0.295716051437751 0.0446092946382421 0.954233738532622 13.5508458256627
0.954084483697649 -0.0158357748617285 -0.299118749331965 -2.87858453548805 -0.00071505158389463 0.998478286575781 -0.0551416352489181 -0.456123567108375 0.29953678683698 0.0528236639321905 0.95262131713507 14.1849120803066
0.952925495862107 -0.0141749771748357 -0.302873025140984 -3.08538565331564 -0.00545396312378982 0.99794363042952 -0.0638652078317579 -0.496185691135584 0.303155494131646 0.062510643151724 0.950888619066689 14.809753232382
0.951468414708458 -0.0138591231637064 -0.307434188920665 -3.32467048605668 -0.00892463551480846 0.997322674264431 -0.0725798476091787 -0.533969523054781 0.307616980501893 0.0718011706253944 0.948797336212387 15.4518050454418
0.949972347111931 -0.0126055405595403 -0.31207954125487 -3.56034238871244 -0.0129915528179964 0.996725734511702 -0.0798062009964483 -0.592091802102164 0.312063710286899 0.0798680819183113 0.946698119894967 16.1380369632484
0.948625797242041 -0.0114517937177532 -0.316192905087303 -3.80321732496208 -0.0166028824382926 0.99616627610825 -0.085890014782643 -0.650479462288546 0.315964303524374 0.0867271973793021 0.94479889507402 16.7736253664975
0.947024349546378 -0.0100877197986877 -0.321003301035243 -4.06877437630364 -0.0204467080646853 0.995585138121661 -0.0916087598463786 -0.719183185961061 0.320510239299117 0.0933191869903349 0.942637107185944 17.4361008089725
0.945402268876822 -0.00770518994629981 -0.325814640632443 -4.2901623018507 -0.0253777347560697 0.99494450130392 -0.0971669177433621 -0.794474502349376 0.324916174699271 0.100130262023956 0.940427248672542 18.1170149551148
0.943608789798528 -0.00446413677543254 -0.331032510937835 -4.54470218108963 -0.0304338526875331 0.994505466963794 -0.100163150857585 -0.863803266640527 0.329660783875715 0.1045894242358 0.938288239248725 18.8189538541463
0.941901512683068 -0.00478023955816552 -0.335855161811033 -4.81748792542627 -0.0312730645384759 0.994307378090314 -0.101856925682733 -0.948152302410989 0.334430165863848 0.10644241252871 0.93639013075499 19.4941474237382
0.939706329561235 -0.00340659217914741 -0.341965508951233 -5.09880271362956 -0.0330905916210903 0.994352504315882 -0.100837046301942 -1.03336025428484 0.340377770908614 0.106073051669398 0.93428661597008 20.2222893738866
0.937376681030005 -0.00367486548172349 -0.348297937439864 -5.36558199899935 -0.0330631372747208 0.994490515078417 -0.0994758481874799 -1.12027184843725 0.34674455556609 0.104762162934701 0.932090715758138 20.9641491872296
0.934796359865471 -0.00400757998826569 -0.355161519431514 -5.6658480728107 -0.032888220300244 0.9946638505005 -0.0977864483095721 -1.19990744528997 0.353658211480727 0.103091046217194 0.929676344564116 21.6892963965337
0.931770576468759 -0.00421045833419371 -0.363023229102068 -5.9272640652777 -0.0323443765403822 0.994993737998042 -0.0945584615510309 -1.29893755133079 0.361603974166892 0.0998485522443858 0.926969704187472 22.3947788421856
0.928231767959553 -0.00256038357447241 -0.371993587829997 -6.21922296210646 -0.0329384418655639 0.995483023646831 -0.0890427351243872 -1.37592713508069 0.370541285146677 0.094905184615565 0.923954631967899 23.1700213704076
0.925013510126547 0.000436863884413746 -0.379933961674014 -6.53102064143775 -0.0348653102743947 0.995877480585058 -0.0837403952882175 -1.46134979787821 0.378331093386249 0.0907075124424832 0.921215355366845 23.9040125049267
0.921147198229792 0.00432907613778127 -0.38919031115021 -6.88089002397105 -0.038342412764319 0.996083587199883 -0.0796702371932194 -1.52488819164881 0.387321182711215 0.0883105113268321 0.917705592776016 24.6728595813975
0.917479620340846 0.0049931009224578 -0.397751449026143 -7.2000388325018 -0.039123993325169 0.996205682188483 -0.0777402850629678 -1.60116803811737 0.395854088529486 0.0868867522615359 0.914193761122844 25.3918531376851
0.913424922612302 0.00643083766669318 -0.406956453539706 -7.58069120827881 -0.0413036360559906 0.996177874289061 -0.0769652676567999 -1.67797706410358 0.404906063673124 0.0871107749008883 0.910199314709093 26.1829957589223
0.909877183919754 0.00588014669670869 -0.414836032737133 -7.91869782874947 -0.0410748339887909 0.996263768442704 -0.0759694787472896 -1.74234414904397 0.41283939758101 0.0861622165636818 0.906719198121327 26.899075768814
0.905959947543422 0.00679840632020534 -0.423308817671714 -8.29329481735811 -0.0422051787438053 0.996340519546041 -0.0743255810466961 -1.83037274225279 0.421254431827515 0.0852018238198628 0.902931532777234 27.7063340510685
0.901874066624014 0.0066106820385653 -0.431948453908622 -8.69208452084652 -0.0418720574372701 0.996512700465597 -0.0721745704298553 -1.89765273324064 0.429964997130039 0.0831789438124167 0.899005764469404 28.513358264258
0.898547877710532 0.00604585564809269 -0.43883386274464 -9.08254267501132 -0.0397300134464259 0.996920074660109 -0.0676157583055125 -1.96565458134076 0.437073492096519 0.0781908713927981 0.89602061925906 29.2418739945591
0.89467291591375 0.00683350236170158 -0.446669538670212 -9.51166544644696 -0.0387416999700105 0.997302666970346 -0.0623415682933135 -2.0276009020046 0.445038710916052 0.0730800499405194 0.89252442660516 30.0972833511157
0.891044185950701 0.00762974758662115 -0.4538524491894 -9.88245393015999 -0.0381312709597389 0.997582722495724 -0.0580923226684335 -2.10156010056138 0.452312132115033 0.0690687970778619 0.889181216857267 30.8717517076159
0.88735758099528 0.00725190659024434 -0.461024872757438 -10.3303547262153 -0.0373240373498973 0.997724724612188 -0.0561452592249534 -2.17180232539018 0.459568754035899 0.0670282309802378 0.885609268563485 31.6977753902254
0.883904452751284 0.00634721816643551 -0.467624455335689 -10.7659200645796 -0.0361921876100859 0.99783755523884 -0.054866555486674 -2.22899579346569 0.466264993284343 0.06542114472037 0.882222777908748 32.5269988673581
0.880594703446987 0.00834976753022231 -0.473796633212293 -11.2389529851963 -0.0380770294664727 0.997858491804381 -0.0531843037079058 -2.27977682068383 0.472337917266995 0.0648745845156379 0.879026837016823 33.3418310479615
0.877771490388159 0.00682711339887761 -0.479030897943325 -11.6841170911224 -0.0360480050654909 0.99800507976267 -0.0518305132012543 -2.34249094898574 0.477721416719564 0.0627634550558358 0.876266510096618 34.1531653977286
0.875036380547769 0.005335379155457 -0.484027753798403 -12.1816646830947 -0.0345299946515433 0.998079864848424 -0.0514223964194276 -2.39584614410183 0.482823997112016 0.0617099433918059 0.873540423048273 34.987653256415
0.873086580572098 0.00455062167153318 -0.487543961779165 -12.6546384369918 -0.0342511184722467 0.998058466143066 -0.0520207558917609 -2.46449872888983 0.486360651891497 0.06211754987564 0.871547317297877 35.8539341048576
0.871305372223217 0.00622624551747507 -0.490701724270169 -13.1271043735108 -0.0365973792499195 0.997959496176639 -0.0523208927953928 -2.52578808846067 0.489374682801428 0.0635458720738455 0.869755334548387 36.6937014961671
0.871166104522674 0.005613267120313 -0.49095632144115 -13.6230745186439 -0.0354141517715186 0.998048554012042 -0.0514288021324183 -2.5817804798513 0.489709563093364 0.0621898308946696 0.869664860016891 37.5627071093571
0.87082216100646 0.00564033897753335 -0.491565814999637 -14.1311501206731 -0.0343040173850524 0.998193903433117 -0.0493169903806318 -2.64210473327678 0.49039983512567 0.0598090104012416 0.869442858377444 38.4284421331109
0.870395180699419 0.00495815236606695 -0.492328798812684 -14.6736003114101 -0.0335596860749044 0.998221143143097 -0.0492777521062295 -2.70633413034787 0.491208689749865 0.0594135178827513 0.869013266300933 39.3739714537041
0.870179897004185 0.0029655479112148 -0.49272523009825 -15.1936820868006 -0.0315932193051945 0.998260039209995 -0.0497871731512608 -2.77662431167404 0.491720261270288 0.0588905734565901 0.868759509308666 40.2709509876285
0.868679312005319 0.00165586123238422 -0.495372093498963 -15.722995105363 -0.0304702336448442 0.998279529280704 -0.0500953718493588 -2.83464128042824 0.494436869332774 0.0586109165828006 0.867235229163189 41.1794981569805
0.867458457270639 0.00109408864527912 -0.497508419908327 -16.2596484034795 -0.0290156008164407 0.998406685357654 -0.0483961314818076 -2.89864485351787 0.496662782800267 0.0564171392679539 0.866108068648431 42.0952780665327
0.86504165130756 0.000420867483039968 -0.501699874799318 -16.8082433362085 -0.0264885369104948 0.998643198470142 -0.0448343569337706 -2.95076558481397 0.501000298318704 0.0520728818089138 0.863879109635535 43.0279947058793
0.862506053116228 0.000627983134071218 -0.506046355559499 -17.3355402855296 -0.0244656219304458 0.998881599000173 -0.0404596653769382 -3.02232213300787 0.505454984822016 0.0472774451090649 0.861556789482002 43.9364588933951
0.858780418263798 0.00105499571173822 -0.512342737033233 -17.8825258800033 -0.0242271984762554 0.998962847337096 -0.0385522047898007 -3.08371802759098 0.511770686988468 0.0455205077323487 0.857915291456645 44.8091494619574
0.85331682682641 -0.00292939186137647 -0.521384514267762 -18.4565123327278 -0.0211161247425242 0.998969624436907 -0.0401721138134775 -3.14060455823389 0.520964972268544 0.0452891611283245 0.852375732616507 45.7349219843331
0.84755649580884 -0.0063758166622478 -0.53066687796972 -19.0319008211044 -0.0200212557655837 0.998831872892458 -0.0439777103964537 -3.20090825825336 0.530327385423202 0.0478982114074699 0.846438790234803 46.6265504076079
0.841325894442209 -0.00750037155414534 -0.540476163921747 -19.6165966027789 -0.0188669174307239 0.998886946637484 -0.0432308600875152 -3.25532487498368 0.540198832623396 0.0465683611886207 0.840247944935616 47.5367188123562
0.835199598394579 -0.00316074473949308 -0.549937851519811 -20.1936256756059 -0.0212913072140393 0.999047941107969 -0.0380774422072405 -3.30838732865119 0.549534631373357 0.043511160184717 0.834337142803033 48.4192633962924
0.830612337403965 -0.000482804161670968 -0.55685088834666 -20.8241980449952 -0.0218308340918878 0.999202615738545 -0.0334297380202497 -3.36971058610134 0.556423004228954 0.039923672193218 0.829939480181196 49.309409567891
0.826488432024692 0.00022619608968533 -0.562953657564008 -21.463744711824 -0.0238060668945462 0.999119433886315 -0.0345489219759858 -3.42973359712819 0.562450124818528 0.0419559967825742 0.825766039157341 50.2158433770373
0.822906023393774 -0.00139894825054696 -0.568175782312163 -22.0612281758395 -0.025040695006484 0.998936035401871 -0.0387267448823554 -3.4738582894055 0.567625440106271 0.0460959881050735 0.821995449880824 51.0671486488206
0.819959757818267 -0.00467762590218625 -0.572402057451341 -22.6456505363171 -0.0263025594399828 0.998602520956125 -0.0458386355270083 -3.54986672862284 0.571816553560244 0.0526414756251279 0.818690847706565 51.9215050503656
0.816784794776778 -0.00479776392771031 -0.576922508212975 -23.3003179759667 -0.0275039348645023 0.998504711775744 -0.0472427150850584 -3.60388615881004 0.576286502174418 0.0544547704332021 0.815431508704834 52.7958304524184
0.813727931703698 -0.00292700418834884 -0.581238579080658 -23.9245307740105 -0.0277467981234841 0.998651674034655 -0.0438742423487429 -3.6699185703903 0.580583300103539 0.0518292059968412 0.812549546210335 53.6431225975809
0.810190027767169 -0.000524406981541298 -0.586167078488677 -24.5608648811823 -0.0266670333089679 0.998931241888182 -0.0377523948145342 -3.72538873539207 0.585560405288073 0.0462179508097425 0.809310146224435 54.5070201150301
0.807097187861724 0.000349952771685903 -0.59041850147057 -25.1982763736049 -0.0259261770399326 0.999056255113133 -0.0348487082029786 -3.79128347596291 0.589849101626671 0.0434335889880156 0.80634456695499 55.38135071336
0.80430977030117 0.00215186443691303 -0.59420633022337 -25.8057934426336 -0.028543884267598 0.998978940039975 -0.035018909570781 -3.84339523545712 0.593524253985461 0.0451270078340422 0.803549944368705 56.2286147122289
0.800857868797428 0.00147981984963596 -0.598852639735731 -26.4943609476902 -0.0294391263245343 0.998885197952655 -0.0369012080064284 -3.89279332623471 0.598130430446812 0.0471823213110399 0.800008635409151 57.0771319161372
0.79676953467827 -0.00195306656159238 -0.604280145412356 -27.1442271347077 -0.0270587263057581 0.998876422587654 -0.0389065255349424 -3.95908772729536 0.603677176924292 0.047350585313141 0.795821454932713 57.9239627845178
0.79281215727488 -0.00265157213449028 -0.609460296034423 -27.8060869031285 -0.0274303986464283 0.998821964110409 -0.0400282055646147 -4.00626708426325 0.608848467606882 0.048452586884919 0.791805462419218 58.7868171866841
0.788001373353766 -0.00316326080800538 -0.61566535502141 -28.5141683030479 -0.0261355988493465 0.99891352002719 -0.038583804629336 -4.06341261479339 0.615118497580234 0.0464948737814103 0.787062551927537 59.6492540324021
0.783203236859174 -0.00320004918082128 -0.621757548774885 -29.1578873740951 -0.0257744077212498 0.998960102512666 -0.0376084231855397 -4.13037516791768 0.62123133346599 0.045480471337973 0.782306306408777 60.4756109344455
0.777577792720901 -0.00606337917096387 -0.628757514229707 -29.883708464537 -0.0233102317242123 0.998988173059407 -0.0384611906262779 -4.18298133828869 0.628354525219843 0.0445630510676332 0.776649679788313 61.3045245098274
0.772472984548749 -0.00623883232934318 -0.635016980177314 -30.5483052311609 -0.0246776480444993 0.998901559300133 -0.0398332589020029 -4.24813816925989 0.634567964704601 0.0464408419274298 0.771470509074541 62.1478314770177
0.766995181247605 -0.00857944649640155 -0.641595499548406 -31.2739309463211 -0.0227214001048745 0.998920354856571 -0.0405199041274362 -4.29074400008365 0.641250442432773 0.0456565192610846 0.765972161588615 62.9571696338386
0.76157507609119 -0.00874291718860875 -0.64801771956925 -31.9755774501471 -0.0237112935357905 0.998863625168491 -0.0413428696889805 -4.35691774653357 0.64764278582839 0.0468510374943135 0.760502335466598 63.7913535076064
0.755612824431447 -0.0108943517204038 -0.654927914090798 -32.7119038511847 -0.0225821486919355 0.99883402884315 -0.0426688338886335 -4.42271862945218 0.654629136317034 0.0470307976282842 0.754485783801962 64.6095223818824
0.748956145509386 -0.0112010719315553 -0.662524888658009 -33.4493163080923 -0.0226270764675773 0.998841656035949 -0.0424660049674275 -4.48785734135157 0.662233121728484 0.0467961767129249 0.747835149167783 65.4772523226356
0.742784362945498 -0.0121142635199915 -0.669421119164176 -34.191745556336 -0.0207029695229297 0.998942610275912 -0.0410493413842546 -4.53774250808147 0.669210562690535 0.0443498139174973 0.741748149164459 66.2496895185681
0.736883811490124 -0.0141102961736883 -0.67587213872572 -34.9553541632275 -0.0175865461643747 0.999043646749309 -0.0400313037990248 -4.59913201167538 0.675790619761621 0.041384676291259 0.735930938886572 67.0540643678773
0.730304412915246 -0.0151289997693035 -0.682954301430556 -35.7156245088695 -0.016994568064377 0.999042931779056 -0.040303909470598 -4.66521758265543 0.682910425409383 0.0410406363046349 0.729348350953704 67.8502572512423
0.724048217114774 -0.0164884312803361 -0.689552253949497 -36.4881565562373 -0.0174439079709711 0.998956746717661 -0.042203415287958 -4.73138027864584 0.68952874440999 0.0425857936544711 0.723005228757857 68.6485464366395
0.717694544134576 -0.0161901108688141 -0.696169822406515 -37.270584527224 -0.0182830009643554 0.998946957602593 -0.042079778662209 -4.79189344747989 0.696118002349602 0.0429285010986714 0.716642777538587 69.4745550479449
0.712292966870187 -0.0154595745733201 -0.701711999969559 -38.09323447403 -0.019036225834386 0.998964120982186 -0.0413316718300943 -4.85573446859245 0.701624081295139 0.042798207255682 0.711260825578389 70.2939527044117
0.707942883852809 -0.0151850300976079 -0.706106428283374 -38.8771643060255 -0.019537442269135 0.998965182872269 -0.0410713009113952 -4.91756965551233 0.705999406197873 0.0428716487892511 0.706913615782255 71.0879902441761
0.702761691893102 -0.0150784824686811 -0.711265522694575 -39.761692975541 -0.0209221215693923 0.998904893708439 -0.0418482754049408 -4.98079873221407 0.71111761983274 0.0442905485603179 0.70167661929955 71.8903399539892
0.697606059069061 -0.0166037973751902 -0.716289117788939 -40.5880432330247 -0.0221289728144231 0.99875519029749 -0.0447032260133683 -5.04069965194711 0.716139717452057 0.047035983741678 0.696370247297471 72.6825974600397
0.692587241044371 -0.0193315133655939 -0.721075035023085 -41.3862425707582 -0.0209047208709155 0.998683035846276 -0.0468528180387811 -5.12004485895771 0.721031140927946 0.0475235363147765 0.691271008583668 73.465482286603
0.687124075953775 -0.0211722283090563 -0.726231534011778 -42.2418210356975 -0.0195901184474424 0.998671969209641 -0.0476500280603678 -5.16644165688407 0.726275933446708 0.0469684432717102 0.68579678756374 74.2359708917777
0.682113269213373 -0.020854866097079 -0.730949083399875 -43.1070794544283 -0.0191943666186065 0.998738179031811 -0.0464071765391209 -5.243218917832 0.730994571972429 0.0456850555903735 0.680852268441951 75.0268610343842
0.677556014782652 -0.021819672752206 -0.735147433317179 -43.9793755226287 -0.0172908934529337 0.998810959448347 -0.0455817100323377 -5.31348109559705 0.735267891203913 0.0435955177381742 0.676373091568323 75.8025748263899
0.673110666377075 -0.0215425886321712 -0.739227940275822 -44.8389395361122 -0.0187555444367655 0.998756869770643 -0.046183813602042 -5.39215568109055 0.739303902574774 0.0449514400322469 0.671869859181625 76.5983048469582
0.668189658593361 -0.0226163662132041 -0.743647147596357 -45.7102232411651 -0.017443104346031 0.998786876521657 -0.0460490325510214 -5.45194813377901 0.743786473565943 0.0437410021309732 0.666984562394751 77.368619808147
0.663372331047534 -0.0232928839923668 -0.747926862705091 -46.6180451729641 -0.0164908595434037 0.998817574129252 -0.0457329767462867 -5.53345486226521 0.748107747555177 0.0426719482315351 0.662203822763086 78.1599706293734
0.659934266295013 -0.0247198354195506 -0.750916569204924 -47.4846748345963 -0.0145278943664667 0.998851876065953 -0.0456494245834795 -5.59245504781511 0.751182870182048 0.0410348561147268 0.658817452811251 78.9369613477447
0.65542965353099 -0.0274898262957144 -0.75475577422268 -48.389618863023 -0.0118676561768612 0.99883912664109 -0.0466857347348439 -5.66402427495039 0.75516298109025 0.0395563969680739 0.654342542900728 79.6734540528869
0.651668305007784 -0.0313719490014782 -0.757855013220952 -49.3079601862628 -0.00964206771491196 0.998720938373246 -0.0496338370977222 -5.74363598186157 0.758442780161076 0.0396520878480671 0.650532290628856 80.4692091175903
0.646946414856122 -0.0351795142097119 -0.761723531266285 -50.2242457446321 -0.00668098456446415 0.998635371340829 -0.0517953622655021 -5.81586140666177 0.76250619718797 0.0385978870786199 0.645828539446041 81.2344348739771
0.639996274871559 -0.0390175127757222 -0.767386735516926 -51.1539609205935 -0.001215114815445 0.998657269526596 -0.0517897819812801 -5.88910971602883 0.768377050442368 0.034077730535932 0.639089521612588 82.000199964931
0.631679181799681 -0.0419640709892932 -0.774093294136367 -52.0477477104734 0.00295368141088643 0.998656867566112 -0.0517275229366733 -5.97097803544432 0.775224281770772 0.0303887743919796 0.6309547014992 82.773176036936
0.622625574828027 -0.0431226854542802 -0.781330805465445 -52.9895227440018 0.00559745250342433 0.998700317005216 -0.0506591091429061 -6.05059750140665 0.782499879933244 0.0271681948773226 0.622057736139956 83.5195567372469
0.613503871818816 -0.0431011084901546 -0.78851461223635 -53.9871913048868 0.0082872122580101 0.998805833074038 -0.0481480002727838 -6.10572954147839 0.789648226349121 0.0230043966275411 0.613128433820754 84.2598082137845
0.60522550691951 -0.0417378623029082 -0.794959141481124 -54.9314881332489 0.00597371366945345 0.998834560488701 -0.0478940029475469 -6.20028935991276 0.796031657987933 0.0242378139222108 0.604769483239073 84.9830901734829
0.595601625798232 -0.0435008095357547 -0.802101229843364 -55.9698946525774 0.00564267942937058 0.998734531395274 -0.0499749534018837 -6.26697089267876 0.803260146848678 0.0252391633854428 0.595093371762989 85.7438318702817
0.585378523291029 -0.0455885808780945 -0.809477402873691 -56.9248025753971 0.00626503135358842 0.998642414516461 -0.0517114814221384 -6.35284371143527 0.810735921155436 0.0251993893230578 0.584869435794 86.4178435645924
0.576110460639059 -0.0477875011448374 -0.815973707834133 -57.9659414737361 0.00732907785932594 0.998551352958933 -0.0533055355626112 -6.41767426610496 0.817338988278415 0.0247295418117085 0.57562611824152 87.1405234806583
0.565788161189288 -0.0481664764720417 -0.823142604414516 -58.9669226677643 0.00955075536964129 0.99860821690291 -0.0518691835858163 -6.50438814290265 0.824495324262008 0.0214853363543162 0.565460733023814 87.8422203219168
0.555513988387036 -0.0471735349272267 -0.830167974754988 -59.983384225082 0.00941758951709465 0.99868231891307 -0.0504473477806422 -6.58948182094734 0.831453857838194 0.0202060261526922 0.555226259099028 88.5118181431923
0.545275211790612 -0.0474214780079621 -0.836914659227716 -61.0002177756592 0.00936707316976783 0.998680912140254 -0.0504845884101441 -6.6782984470563 0.838204749060118 0.0196885537876659 0.545000146332838 89.2081526371649
0.53492469307025 -0.0490806505166678 -0.843472976738769 -62.082995106303 0.00949460154881092 0.998597480401666 -0.052085743508892 -6.74769138411669 0.844846391532288 0.0198535105285058 0.534640451924998 89.8828984568999
0.524964455577308 -0.0491230217877958 -0.849705389597392 -63.1221163528548 0.00751336912934692 0.998561637701728 -0.0530867685470528 -6.83557816517468 0.851090987888338 0.0214845163054214 0.524578445891914 90.5159079713068
0.514905613211709 -0.0502788648007417 -0.855771140689742 -64.2226845671823 0.00723398463403174 0.998497817699923 -0.0543118542751497 -6.92566435392142 0.85721635480746 0.0217748433482135 0.514495847648717 91.149483768581
0.505290350369412 -0.0503215333031048 -0.861480937171323 -65.2668138727206 0.00657649834069389 0.998493887045454 -0.0544674875722755 -7.00257039799081 0.862924337061559 0.0218563679252901 0.504860265507182 91.7659787252839
0.496231669965353 -0.0491362713844881 -0.866798567464106 -66.4106491450136 0.00652100487655656 0.998579933076336 -0.0528733747046655 -7.08960355208173 0.868165655977474 0.0205850453409743 0.495847405649675 92.4047255456601
0.488696055038707 -0.0475547419889735 -0.871157111148137 -67.5221805793592 0.00720999218344394 0.99869943017395 -0.0504724101162406 -7.17733421410566 0.872424312936268 0.0183846317501728 0.48840334101344 93.0140758292998
0.4805774299535 -0.0482361888907837 -0.875624693519194 -68.6126831787054 0.00799283781540232 0.998685568387154 -0.0506285496423012 -7.24930971565443 0.876915873024856 0.01733221210691 0.480331287821786 93.6235488799377
0.473391276002052 -0.0502951556871207 -0.879415201778749 -69.7103070861067 0.00822241166662046 0.998577377551183 -0.0526840866807693 -7.346006454132 0.88081388031271 0.0177092732039031 0.473131366420634 94.2094451953205
0.466130186959163 -0.0545259077584809 -0.883034299553834 -70.8811297762601 0.0120404121756447 0.998397539996321 -0.0552935855586869 -7.42851199676738 0.88463420535273 0.0151419124422533 0.466039746381716 94.8004186941057
0.460446676402302 -0.0565331836777793 -0.885885352251254 -72.0224347067706 0.0120045494743363 0.998275291539377 -0.0574659298531675 -7.52005196099874 0.887606190256688 0.0158253418675688 0.460331195524247 95.4123836936888
0.454791191603059 -0.0591633261831709 -0.888630785464477 -73.140434616733 0.0121584702077432 0.998110491904745 -0.060229706556453 -7.61889158731553 0.890515100176565 0.0165875490839585 0.454651195503663 95.9846600995179
0.449906525969915 -0.0595552705968535 -0.891087699182195 -74.3017201051861 0.0123595209525437 0.998093694685364 -0.0604666757077208 -7.71882377331586 0.892990123199303 0.0161909349160139 0.449784941383146 96.5752280752021
0.446142174469327 -0.058184174100882 -0.893068733101758 -75.4473315697581 0.0163475138549149 0.998247740256439 -0.056870096392353 -7.81182406566958 0.894812784302138 0.0107726949789923 0.446311584089351 97.0913530014107
0.441998747036542 -0.0567571252424348 -0.895218261851455 -76.5880971061805 0.0212086424125773 0.998378483085545 -0.0528261109568161 -7.90139726982363 0.896764908493381 0.00436271085690955 0.442485780165687 97.677419990158
0.438397961914192 -0.0566055751449898 -0.89699667549662 -77.6841993575286 0.0230861895022558 0.998394682851226 -0.0517212249339205 -7.98139628808074 0.89848442103564 0.00196624436532783 0.439001001182625 98.1843439206785
0.43538552440075 -0.0561054248176405 -0.898494088154349 -78.8273172058594 0.0234527288500087 0.998424217186423 -0.0509808988265774 -8.07029097890024 0.899938561598386 0.00112420714721128 0.436015276689382 98.7279037501751
0.432661179941315 -0.0553384395391997 -0.899856633292857 -79.9877051616459 0.0255151055788377 0.998466205132909 -0.0491346781284714 -8.16269332190863 0.901195474222485 -0.00170126918918351 0.433409532571742 99.2737866749776
0.430256126796577 -0.0544780929716969 -0.901061486659027 -81.0801326026891 0.0273484656299986 0.998505763425054 -0.0473106947173123 -8.24211628383501 0.902292484054751 -0.00428693283328371 0.431103114608547 99.8238968197116
0.428216990807695 -0.056163675756399 -0.90192896078856 -82.231905170632 0.0308559394356865 0.998393550450603 -0.0475208314340194 -8.32907184339996 0.903149001984248 -0.00748063795202792 0.429262064793393 100.327361054214
0.425984461625516 -0.0572067791636073 -0.902920053421866 -83.2549885286911 0.0342094600837948 0.998303716736401 -0.0471105295137114 -8.39653427652945 0.90408348690505 -0.0108200539746019 0.427218884341027 100.817111205593
0.423030140607729 -0.056575032350174 -0.904347701855864 -84.4306012552126 0.037615624472749 0.998285029265135 -0.0448560490974524 -8.47883385288528 0.905334504441828 -0.0150421427890012 0.424432761468038 101.347167385461
0.421995581634912 -0.0543144796445086 -0.904969428423722 -85.5033773009897 0.0371956976917036 0.998400546204023 -0.0425773344954333 -8.5589436455996 0.905834537403956 -0.015693522245018 0.42334088416512 101.868252120231
0.419966626328785 -0.0549636798003759 -0.9058736262155 -86.557940769551 0.0389740831527383 0.998335777049724 -0.0425052597324955 -8.64099890898164 0.906702296022472 -0.0174548035029106 0.421409867257819 102.37000307393
0.41857473049171 -0.0567023037942126 -0.90641052715545 -87.6346307757603 0.0409187441969174 0.998212966510619 -0.043549166047311 -8.71285580481588 0.907260079231496 -0.018860600056675 0.420146910494844 102.848028560436
0.418371557898652 -0.0561835307368315 -0.906536623868776 -88.6335373746952 0.0382968731067988 0.9982885786711 -0.0441957374084609 -8.78634930577296 0.907468230326383 -0.0162272785389108 0.419807201438379 103.278788521063
0.419211919802053 -0.056253179127594 -0.9061439985642 -89.7533049642602 0.0358640165338851 0.99832563427288 -0.045383920849888 -8.8655341260465 0.90717977193825 -0.0134724827589613 0.420527470677452 103.791650427388
0.421360472908736 -0.0554278932752866 -0.905197823968435 -90.7807872204399 0.0324807243248043 0.998412493634094 -0.0460162482465247 -8.93631072958139 0.906311400357219 -0.0100120528570901 0.422491898597031 104.272200398354
0.424934766061789 -0.055393369705679 -0.903527542017764 -91.7849226660348 0.0307114750379105 0.998433550307799 -0.0467680544897831 -9.02263243542942 0.904702851710444 -0.00787529125896224 0.425970339219267 104.764098132428
0.430129776808866 -0.05703141150427 -0.900963813482088 -92.8213521407267 0.0313374242609445 0.99834431341132 -0.0482348185439616 -9.08767591689377 0.902222999564434 -0.00748665353211632 0.431204834244521 105.22852841673
0.4359122525677 -0.0565596619372087 -0.898210171787707 -93.7784852896424 0.0296889274296792 0.99838383408084 -0.0484591315865032 -9.17539225291374 0.899499347220124 -0.00554296739945773 0.436886941740056 105.7162189276
0.443224695842923 -0.0564572562179455 -0.89463089998909 -94.8180770684426 0.0302963251766792 0.998387987890423 -0.0479953989138765 -9.24991288507549 0.895898432678469 -0.00583128257371199 0.444220659658923 106.213223628675
0.450931627795088 -0.0558438000424752 -0.890809820921889 -95.7904200574054 0.0310518005694826 0.998418192263862 -0.0468710895750761 -9.31565280926684 0.892018190809731 -0.00652559218598456 0.451952391199733 106.678509586894
0.459969640942738 -0.0552798749321311 -0.886212200795327 -96.7908814794015 0.0298347650007445 0.998458801538303 -0.0467964574305127 -9.3886018001702 0.88743327422875 -0.00491498302981607 0.460909998517561 107.213275182904
0.468971791153253 -0.0549315584873876 -0.881503251828747 -97.7735342714452 0.0287864024040347 0.998484409852987 -0.046906570085278 -9.45933912706644 0.882743905183798 -0.00337744913785904 0.469842304074653 107.710073383522
0.479061044419051 -0.0558350890954212 -0.876003971763733 -98.7164621002919 0.0279338462139837 0.998439156381461 -0.0483627050522442 -9.53458402465412 0.877337002500078 -0.00130147223682845 0.479872993837114 108.274323237846
0.490000442306964 -0.0558421741306802 -0.869931731877472 -99.7006247506522 0.023932920372976 0.998431679626596 -0.0506102404700434 -9.59782798579852 0.871393586080022 0.00397903334663442 0.490568430937241 108.780028823283
0.501182053653423 -0.0560738173341335 -0.863523176356788 -100.676862615773 0.0216779488291564 0.998398699277062 -0.0522503953710511 -9.68531875614707 0.865070295195886 0.00746754922641364 0.501595075811409 109.327568711093
0.513388023781992 -0.0540332747779841 -0.856453817934153 -101.5929649697 0.0192356473036552 0.998489596300398 -0.0514637343444659 -9.76347918789088 0.857940981017943 0.00994642129789648 0.513651965627831 109.890541259624
0.526177615935575 -0.0522127786939316 -0.848770252912656 -102.55683371368 0.0184598440985919 0.998579377539248 -0.0499846067223177 -9.83354565664299 0.850174306036245 0.0106326146543364 0.526393955950676 110.464570110228
0.538106909501215 -0.050744924436035 -0.841347672838662 -103.462766409731 0.0184167312234096 0.998655620552349 -0.0484538496948152 -9.90213688013311 0.842675369260367 0.0105784773566026 0.538318045265734 111.0163895273
0.549994819881178 -0.0514016440528653 -0.833584770189891 -104.351984816366 0.0208694633917342 0.99863841509911 -0.0478098461206406 -9.99752485734271 0.834907278445704 0.00889870086028344 0.550318679967696 111.584973660478
0.560986291560264 -0.0506738523109801 -0.826272679793679 -105.189837440201 0.0194762116496621 0.998656344205977 -0.0480227379158153 -10.0385962212063 0.827595950848746 0.0108474360619686 0.561219453751954 112.165908683842
0.57272715606254 -0.0527234321368248 -0.818048803197113 -106.078041792134 0.0210266515949779 0.998546042822801 -0.0496354740647051 -10.1270040552263 0.819476347816835 0.0112267567283802 0.573003032541839 112.789622966044
0.583603903633237 -0.0543506612082831 -0.810217556765015 -106.975209583842 0.0229337310077169 0.998462777059086 -0.0504591598178597 -10.1996146813366 0.811714560449739 0.0108668511391779 0.583953237768407 113.404090371786
0.594798599570225 -0.0532243443374977 -0.802110837178468 -107.830098178646 0.0218243496391804 0.998507100745407 -0.050072622498003 -10.27649281304 0.803578449009259 0.0122775783786621 0.595072211884432 114.007789772469
0.6043578324608 -0.0509289529206797 -0.795083550388063 -108.586074846591 0.0206539391131561 0.998620901806722 -0.0482670619971779 -10.3313256997863 0.796445243028291 0.0127489697282785 0.60457624715868 114.60120950323
0.614437879233132 -0.0497057714568072 -0.787397884711011 -109.427173422739 0.0227013556663833 0.998714062216231 -0.0453306781601908 -10.4083730452114 0.788638536348814 0.00997788632116481 0.61477613874496 115.239316607724
0.624251243365493 -0.0489663563779182 -0.779687553510832 -110.179257734979 0.0227209329688961 0.998749519218915 -0.0445326516727679 -10.481165450286 0.780893170902178 0.0100843345370856 0.62458319048409 115.877701655726
0.634079659700963 -0.0466202465622873 -0.771861087090146 -110.98500524407 0.0183743776149127 0.998807453941991 -0.0452333084925521 -10.5352466253236 0.773049395188157 0.0144990537756548 0.634180108517159 116.501356486138
0.644194806847924 -0.0474008365739719 -0.763391257169123 -111.776980539936 0.0181461677199157 0.998744047224735 -0.0467016566112801 -10.6131756249313 0.764646171393833 0.0162323388716735 0.644245872122987 117.138841433273
0.652870246089678 -0.0454684656408552 -0.756103868792555 -112.481039211245 0.0164104094672119 0.998811517728417 -0.0458939049784897 -10.6803215240065 0.757291978190659 0.017554790950694 0.652840477515569 117.756038092432
0.662219769947378 -0.0433430453435672 -0.74805504925185 -113.238736873845 0.0154894004091653 0.998904146916439 -0.0441654134827893 -10.7313498115474 0.749149554338655 0.0176602857702438 0.662165432154765 118.393388360384
