1 -1.73472347597681e-18 -2.50721752387273e-19 8.67361737988404e-19 1.73472347597681e-18 1 -8.67361737988403e-19 1.38777878078145e-17 2.50721752387273e-19 8.67361737988403e-19 1 5.55111512312578e-17
0.999884561042174 0.00129437599938949 0.0151389953521132 -0.0773046200770068 -0.00128958636944805 0.999999115301151 -0.000326134806185275 -0.0671734044676467 -0.0151394040997271 0.000306574115469915 0.999885345655099 0.0384415341765418
0.999244483538607 0.00483086208154835 0.0385632582805495 0.0338148914765113 -0.00483187094805193 0.999988324196216 -6.70401686605888e-05 -0.0674702576093067 -0.0385631318853213 -0.000119343168638419 0.999256158658231 0.298070347011252
0.997864366695534 0.00619895268112949 0.0650252156088465 0.0475855267094576 -0.00628206752052038 0.99997969107672 0.00107380714041165 -0.0546717686040826 -0.0650172385370794 -0.00148000667711118 0.997883043383967 0.433778963063474
0.995253053590523 0.00587222519727453 0.0971435859435528 0.0772589881411355 -0.00611040838938947 0.999979010192524 0.00215454953401094 -0.0583521307997795 -0.097128894918324 -0.00273790898536128 0.995268045114648 0.587575234613123
0.990704270637436 0.00260278958065671 0.136008358666464 0.166590331112501 -0.00330305130931026 0.999982425574563 0.00492325035540671 -0.0524676374788994 -0.135993154212978 -0.0053267277396891 0.990695456726633 0.82723300827942
0.984688849081019 -0.000568849448449905 0.17432024238683 0.221554053038117 -0.000399003515328326 0.999984701311196 0.00551705897673651 -0.085308824044496 -0.174320713891646 -0.00550214084362001 0.984673557659819 0.957469084942396
0.97603210156322 -0.000947878782750627 0.217624535022816 0.317083823481542 -0.000421171094517415 0.999980414790292 0.00624440955934923 -0.0827853579501422 -0.217626191743992 -0.00618640134884249 0.976012586550685 1.20168511189941
0.96413863283846 -0.000815442873439949 0.265397874372243 0.416869557230472 -0.0018175208892448 0.999951543555723 0.00967507924230067 -0.0665433100053137 -0.265392903609351 -0.00981048385390825 0.964090432024066 1.38978682775708
0.94973612592123 -0.00486436793685553 0.313013784112951 0.55705101519168 -0.000373109212603115 0.99986097057296 0.0166703423604139 -0.0439356880995418 -0.313051356664764 -0.0159492146976843 0.949602269711313 1.65043840594036
0.932766057083352 -0.0146342544656016 0.360185120943956 0.648705086912406 0.00613550164999373 0.999675397828151 0.0247276079844272 -0.071742319726412 -0.360430074178999 -0.0208551569968821 0.932553067687816 1.84291662157979
0.911477780401423 -0.0202729132952818 0.410849443009258 0.826297719850962 0.00894505394835212 0.99952547194374 0.0294757009332326 -0.0723646278784897 -0.411252041750988 -0.0231913760300308 0.911226600925081 2.09857020576433
0.886150137146963 -0.0222209366069828 0.462865168716254 1.02466803997923 0.00754434407919962 0.999409054205798 0.0335354326628984 -0.0729214033775891 -0.463336829214808 -0.0262254141584379 0.88579411284191 2.32308379551886
0.85830627859339 -0.0241340880725891 0.512569876134045 1.1976481815965 0.00541560111940067 0.999263774653346 0.0379813102731022 -0.0456604373282484 -0.513109153486548 -0.0298237230816446 0.857805072350279 2.53728673365263
0.82597976542366 -0.0294600204037823 0.562929422137877 1.42392193989412 0.00677973981898061 0.999080364580532 0.0423374566739351 -0.0514285569295861 -0.563658994640077 -0.0311533675136274 0.825419896449012 2.78077994700666
0.790521795194924 -0.0350789063732001 0.611428459960325 1.66401128254377 0.0089314015694028 0.998912435901534 0.0457621619601738 -0.0476452450295229 -0.612368778913329 -0.0307150733178903 0.78997535587085 2.97154946595673
0.752530074915961 -0.0398210661945262 0.657352849719319 1.89780060461863 0.0104450890499397 0.99876634344857 0.048545765099674 -0.0349765807963585 -0.65847504619516 -0.0296660391947604 0.752017645841358 3.16452571456628
0.712558738699517 -0.0430312542590635 0.700291621440558 2.21256482508208 0.0115260297783625 0.998700673958056 0.049639847635468 -0.0261162443247245 -0.701517779204848 -0.0272997251381036 0.7121288720919 3.41650070093562
0.670578667074318 -0.044868069702481 0.740480322213902 2.49444402918621 0.0105194920174439 0.998644036776477 0.0509845868716978 -0.0112126381524006 -0.741763838126749 -0.0263996994671544 0.670141376364359 3.62039856821971
0.627882786644199 -0.0453366062363466 0.776986356618239 2.85320442256305 0.0063853509654775 0.998568477944688 0.0531057637952512 0.0195327268181762 -0.778281718614129 -0.0283828643762358 0.62727344872937 3.86481562464001
0.586224767045652 -0.0460998180869903 0.808835786346411 3.199966813008 0.00352832281223958 0.998515526324028 0.0543534233326781 0.034750306104982 -0.810140773841438 -0.0290094891750112 0.585517186850567 4.06705665447425
0.546306868939301 -0.0472514304061301 0.836251222584644 3.58113554645108 0.00151867981699742 0.998461707953653 0.0554248262233438 0.0548857404496918 -0.837583726299258 -0.0290089654219011 0.545538249221629 4.23329655086151
0.507813801228544 -0.0500692952980339 0.860010586533779 3.99934734486164 0.00071196709121688 0.998333598898063 0.0577019792910264 0.0630549416949805 -0.861466561385105 -0.0286895622064767 0.507003227441131 4.45106142975857
0.469835301149069 -0.0497110870052806 0.881353276287617 4.41570862672529 -0.00236683337206181 0.998338600450721 0.0575711468522524 0.0921552664297051 -0.882750920641804 -0.0291349734657188 0.468937059131819 4.65444739644283
0.433776773321869 -0.0489971239377417 0.899687163836574 4.88467583444327 -0.00339398147419659 0.998424397034801 0.0560107516057926 0.120888842069464 -0.901013979811757 -0.0273496846695272 0.432927018020655 4.85704834074297
0.40031307192075 -0.0479404681005508 0.915123574151422 5.36732927969523 -0.00214746986436141 0.998578806134921 0.0532518197936769 0.13507837279819 -0.916375923310163 -0.0232825998646339 0.399641198728296 5.01646484088606
0.370179646373484 -0.0461819633792573 0.927811541030418 5.8595868931923 -0.000146809433874889 0.998760593290077 0.0497720377103714 0.154991092513542 -0.928960175603773 -0.0185608068059942 0.369714063287993 5.2067631752839
0.343807080374469 -0.0441518708785945 0.938001761076334 6.41851849162277 0.000774593191647015 0.998907032994376 0.0467347776260967 0.178897646062898 -0.939039983967547 -0.0153411776696957 0.343465510317901 5.37771175962855
0.323556658576869 -0.0435794828633617 0.945204696012421 6.98123004505161 0.00184606152938436 0.998965988821977 0.0454262614988208 0.197336422643886 -0.946206996775759 -0.0129530633554955 0.323302547781961 5.57621629203939
0.30881239277171 -0.0444152454743013 0.950085360396669 7.54949383675129 0.0031700991986821 0.998951584100971 0.0456692795348436 0.22995877428593 -0.951117688060569 -0.0110913746496421 0.308629429683398 5.74076626550899
0.297121960231721 -0.0457941822821447 0.953740758076936 8.1827119401059 0.00413937585048906 0.998901643067222 0.0466730440958362 0.244266073220791 -0.954830564192217 -0.00991969489012559 0.296985173599052 5.93616479872799
0.287151042587361 -0.0476757516140354 0.956698124514221 8.83701742656698 0.00282868796613292 0.998798462338924 0.0489247396905771 0.273383206364793 -0.957881139424606 -0.0113425895384292 0.286940879620142 6.11394314331039
0.276193850603006 -0.0493129830272452 0.959836020679595 9.49930358345967 0.00102005669645949 0.998697314274534 0.0510160165552828 0.300917887023175 -0.961101407955176 -0.013111222894433 0.275884358854923 6.27519165398078
0.265867594093559 -0.0508817834595682 0.962665812482648 10.2241175649122 0.000590626787074165 0.998614500086594 0.0526187359863446 0.332519981046127 -0.964009374213187 -0.0134210405250809 0.26552928670925 6.51622849454634
0.256251032234462 -0.0531600990387195 0.965147352661223 10.9136002382459 -0.000357096205390953 0.998481277434031 0.0550909347897287 0.355855588119112 -0.966610201146808 -0.0144617593639078 0.25584287473961 6.65568343742572
0.246151976954903 -0.0548903913276542 0.967675694218414 11.6371804343168 -0.000677216404572944 0.998385084518259 0.0568046159163996 0.390056765099323 -0.969231007355385 -0.0146378943624169 0.245717289642997 6.86520191275559
0.235615354753641 -0.0563253320405076 0.970212791904354 12.4065558659859 -0.000819294605464596 0.998307211698097 0.0581553078224156 0.424139942676463 -0.971846044062878 -0.0144971735899456 0.235170360796673 7.0351870805965
0.22368319641589 -0.0590537365250421 0.972871257589411 13.1323549077447 -0.00214384919163531 0.998130577238991 0.0610799041518779 0.45749671735641 -0.974659546483701 -0.0157482374566165 0.223138435651942 7.20672437140928
0.2134476097397 -0.0625449321379344 0.974950383024834 13.9523995221916 -0.00433140179728205 0.997878202811804 0.0649640770853741 0.502257035190721 -0.976944909836209 -0.0180893288141133 0.212723809970054 7.38183188132539
0.200245024886803 -0.0662734576705574 0.977501794789387 14.7291080237778 -0.00415576802484527 0.997643123961071 0.068490340963661 0.540953440590209 -0.979737035943935 -0.0177771207337885 0.19949765506945 7.56328342082188
0.188073983426295 -0.0687683061630605 0.979744403824604 15.5409179468869 -0.00499364077425936 0.997465895888662 0.0709707692704982 0.574809956307052 -0.982142169092634 -0.018240246886822 0.187253980154026 7.72060363352236
0.173504990257035 -0.0694195507291584 0.982383298072839 16.3474981844535 -0.00570647131829292 0.997424969906291 0.0714903181733595 0.613676151130158 -0.984816457285823 -0.0180098690721637 0.17266206901055 7.83907472934989
0.160175164811452 -0.0689958613459375 0.984674305389735 17.1081614505201 -0.00713141634133829 0.997447197226118 0.0710509088381555 0.653756377083902 -0.987062844746266 -0.0184027134655073 0.159274230993327 7.95588894799964
0.143284007821936 -0.067898911050325 0.987349700450992 17.9157198246881 -0.00800792760665267 0.997531576360181 0.0697612160144858 0.687869701637518 -0.98964921371056 -0.0179022915447491 0.142386592625558 8.08345837445262
0.123027277500979 -0.0666608517531993 0.990161915968411 18.7411252603126 -0.0107571030557588 0.997593277318294 0.0684977210072926 0.72556747864543 -0.992344987252188 -0.0190783619025086 0.122014107309655 8.16674568943516
0.0976743830805699 -0.065421028603345 0.993065860810002 19.5491427008266 -0.0147026584529919 0.997633343592343 0.0671680250355595 0.771410440633252 -0.995109816414372 -0.0211613035809044 0.0964813583367899 8.22587279099816
0.0682603971728995 -0.0647845966891082 0.995561888688809 20.3777004586512 -0.0190183785671799 0.997623600783754 0.0662227486286386 0.813280579810141 -0.997486250258355 -0.0234543640094123 0.0668660852334017 8.29883512983775
0.0346228145296391 -0.0644570391693233 0.997319683359138 21.2296626285642 -0.0219749938499345 0.997627618538358 0.0652398220014393 0.850892878287163 -0.999158826393152 -0.0241748801653381 0.0331242329669683 8.30004282297622
0.000615084988444711 -0.0636416697090044 0.997972624648145 22.1049413694909 -0.0232223140365809 0.997702776672367 0.0636387739592475 0.887333060359003 -0.999730136487464 -0.0232143769440355 -0.000864234838934083 8.32420442482413
-0.0335236354228599 -0.0625578771674118 0.997478159095397 22.9581910808278 -0.0248785388228239 0.99778210570165 0.0617408118477766 0.918981458169896 -0.9991282320974 -0.0227460226388775 -0.0350056321187785 8.30748309000403
-0.0660580903599135 -0.0608659663467526 0.995957661167721 23.7790698248011 -0.0269638085337941 0.997882199684896 0.0591951736325298 0.943747469438246 -0.997451393165278 -0.0229444915548033 -0.0675593707781323 8.25016479828325
-0.0998358013476033 -0.0577558730602404 0.993326266589347 24.5697364512549 -0.0290001088774067 0.998058707362804 0.0551163346240231 0.987671351244306 -0.994581221647775 -0.023303986447347 -0.101316917448575 8.13511879989205
-0.131684664931847 -0.0533365017489654 0.989855730196562 25.4685467924413 -0.0263458298292898 0.998387040435547 0.0502912988593076 1.0137333633813 -0.99094149487868 -0.0194559777840307 -0.132877457290821 8.04488636393207
-0.162281971510178 -0.0481711187575906 0.985567909907994 26.2995142928224 -0.0215532493507695 0.998742427121044 0.0452661210044506 1.02051853412987 -0.986509006124725 -0.0138963155551432 -0.163116134238151 7.88517297487858
-0.193078124276506 -0.0419168750589883 0.980287617748564 27.1235475191743 -0.0161350296992318 0.999087597995031 0.0395427913673919 1.04057245200362 -0.981050711605914 -0.00818212184028902 -0.193578289432777 7.71997614645851
-0.223014276090679 -0.0362994455683023 0.974139098338212 27.929381522428 -0.00970976451215535 0.999339596329978 0.0350155919577896 1.05131064069163 -0.974766819876871 -0.00164968435459432 -0.223219455712672 7.49297994720404
-0.249048450531369 -0.0301377377481279 0.968021996677425 28.7283674758671 -0.000846529762629516 0.999522102442261 0.0309006491317557 1.07416156059989 -0.968490656989155 0.00687629935560974 -0.248954943377083 7.27478935752182
-0.277507431689494 -0.0198134628650987 0.960519157563447 29.5409404580065 0.0056564616969712 0.999736287999185 0.0222566596478612 1.08863850738324 -0.960706838634019 0.0116095282808299 -0.277322175555662 7.04949970112542
-0.301388320087245 -0.00495482962963488 0.953488610408289 30.3381680840147 0.0095716450750761 0.999920391151704 0.00822161599565022 1.06728587257165 -0.95345344098469 0.0116043535952871 -0.30131690103957 6.76067883680725
-0.326145575449173 0.0122367505113566 0.945240353323878 31.1494619545779 0.00975150428748 0.999906563598677 -0.00957978269151084 1.02885455903252 -0.945269258877627 0.00609311161953608 -0.326234428305372 6.50847530324801
-0.351644894415039 0.0261622822364277 0.935767814802378 31.9069615634409 0.0094332851162382 0.999657678658386 -0.024403660201766 1.0087089843073 -0.936085936954376 0.000245942084639528 -0.351771315130638 6.18943699563784
-0.375532353659958 0.0367529860963612 0.926080271557284 32.6776070436836 0.0128486972557089 0.99932384170036 -0.0344495339310352 0.969204414741277 -0.926720217937131 -0.00103798951588598 -0.375750662333843 5.85850340927433
-0.399477427332121 0.0416268778431085 0.915797460191469 33.4223997609838 0.016839442688073 0.999133203024396 -0.0380693549218439 0.927721940979487 -0.916588358109607 0.00021367088040547 -0.39983213493001 5.5277417307331
-0.421690999955724 0.0409687507773885 0.905813591207419 34.1844812319489 0.0190461574635904 0.999158554978865 -0.0363239025769429 0.877899940533347 -0.906539543782958 0.00193480549083148 -0.422116467441746 5.16019044543091
-0.442176449312565 0.037931281417849 0.896125663935216 34.9153747692692 0.0230878008908657 0.999255660807921 -0.0309043329219144 0.852042042417264 -0.896630883431614 0.00702440270234555 -0.442723069924438 4.79475549830597
-0.459951427459923 0.0367069462885413 0.887185033953881 35.6351032855191 0.0303877772407961 0.999210613458113 -0.0255877499406613 0.812272590089712 -0.887423950190631 0.015190459072464 -0.46070379050017 4.40186785846698
-0.473924977126925 0.037574789527058 0.879763179069937 36.3832552485999 0.0338199373159769 0.999128721472188 -0.0244542382685209 0.761525023291168 -0.879915523158438 0.0181640612569847 -0.474782833497027 3.99853356959549
-0.485189599125789 0.0404332222220574 0.873473644388254 37.0628592848426 0.035808050370958 0.999011135539724 -0.0263540242897064 0.710102159065959 -0.873675475464882 0.018490689775485 -0.486157647232705 3.58791592388625
-0.495054532547763 0.0429426762647095 0.867800055519208 37.7828745657588 0.0375280843543083 0.998902615660022 -0.0280215508539876 0.654788753353748 -0.868051065714807 0.018694677926914 -0.496122823833572 3.20267672718411
-0.505679089102201 0.0422561106643346 0.861686184150757 38.4447146664894 0.0315420442034828 0.999037532672677 -0.0304812689820342 0.612632616271637 -0.8621448592274 0.0117656033764993 -0.506525233611271 2.81468917102499
-0.516635682405304 0.0413467952259853 0.855206416130133 39.1552862225129 0.0302964077756331 0.999090622374958 -0.0300009326240156 0.600538967376367 -0.855669152968306 0.0104101300164124 -0.517418524843808 2.40705805968611
-0.525827418282852 0.0425382359490243 0.84952694169422 39.8155247712619 0.0324358019178406 0.999025060506481 -0.0299474078004911 0.555701681261281 -0.849972614227033 0.0118079194766667 -0.52669453016117 1.99938973456298
-0.53264801815335 0.0453439477934905 0.845121302036465 40.5297573103179 0.0356413020142041 0.998879673469479 -0.0311302990708107 0.497598528610385 -0.845586060876148 0.0135397314599306 -0.533667395785008 1.51474309588814
-0.536483623876068 0.0486871264610804 0.842505124631159 41.2133190011791 0.0365051397672973 0.998738795041573 -0.0344701907374489 0.462083205325358 -0.843120807526046 0.0122630744867988 -0.537584338425851 1.09122151714569
-0.535614854401515 0.0500918931739136 0.842975402952362 41.9144605488614 0.0356638820043544 0.998690307577217 -0.0366845617624426 0.420807984844784 -0.843708963603459 0.010414979096292 -0.536699835052705 0.604146792802454
-0.532341929652485 0.0509231366829859 0.844996392941553 42.6151588021565 0.0381663689228415 0.998617786449326 -0.0361364756208113 0.379375815370528 -0.845668610164238 0.013013482908655 -0.533549670645079 0.185612214401942
-0.52714529821153 0.0498652219616229 0.848310847633222 43.3755759609338 0.0363277579773605 0.998686585351698 -0.0361302953060639 0.334543713797281 -0.848998308934603 0.0117713158688036 -0.528264429569985 -0.254716538282673
-0.519936894913952 0.0484463652961948 0.852829745609771 44.1520740789897 0.0342351661233668 0.998770074800424 -0.0358649004412635 0.292552044140091 -0.853518352882786 0.0105492830440706 -0.520955980788696 -0.734710673901044
-0.512683934417137 0.0478635714841153 0.857242242260231 44.9481238315433 0.0323935161097513 0.998812337004849 -0.0363947188608382 0.24578916997249 -0.857966108599059 0.00911010272703603 -0.513625508053963 -1.19323046925778
-0.50646206534868 0.0465165517479023 0.861006612504361 45.7402094523592 0.029631438353366 0.99889293148873 -0.0365361366726463 0.202565897597325 -0.861752954287863 0.00700869712117334 -0.507279729479508 -1.64437313878683
-0.502195118326243 0.0447076171172503 0.863597876387493 46.5563067277327 0.0261870444674323 0.99899090042908 -0.0364886223630831 0.159060398779842 -0.864357739498728 0.00429066796574929 -0.502859113805305 -2.06775555783338
-0.50087917244447 0.0412462886053969 0.864533861851358 47.3703562185236 0.0212228503565671 0.999148810932349 -0.0353729308259328 0.111796292062454 -0.865256982193201 0.000630308459227665 -0.501328193379507 -2.53292421804208
-0.501013482984943 0.0391263596955216 0.864554577712866 48.2406540394789 0.0182000899867266 0.999232929350139 -0.0346743367177337 0.0687741116423114 -0.865248083841722 -0.00163733909633389 -0.501341273514272 -3.06794035236528
-0.50222170091963 0.037317430415819 0.863933314852804 49.08263005866 0.016373395424574 0.999299671566006 -0.0336463717262814 0.00738967669835301 -0.864583873922978 -0.00275241625359923 -0.502480993826734 -3.50613487063983
-0.50248970479783 0.0369989134071138 0.863791165142873 49.962531374297 0.0166070641280715 0.999312638310667 -0.0331429680870633 -0.0391188453070345 -0.864423681994678 -0.00230896497740305 -0.502758755953088 -4.01537371838218
-0.502713105767896 0.0364029547228011 0.863686492991899 50.814782519233 0.0167811248035409 0.999335624328303 -0.0323528020222272 -0.0764066366676501 -0.864290418285153 -0.00177054675485812 -0.502989997937001 -4.51624221162082
-0.50273931463019 0.035911039807888 0.8636918308894 51.7166899289069 0.0169554225854879 0.999354166185272 -0.031682237501293 -0.128476772734396 -0.864271771591618 -0.00128364639098746 -0.503023515436235 -5.03253273259606
-0.503583291218348 0.0353563276844325 0.863222913793632 52.5994027623546 0.0164455014565029 0.999373511680722 -0.031338947537937 -0.183930050874788 -0.863790144819644 -0.00158563665839357 -0.503849254707047 -5.54877006076034
-0.503465021870764 0.0337889827734969 0.863354664315774 53.474602891918 0.0144750301444199 0.999424647906789 -0.0306732238069018 -0.230858602101745 -0.863894348433296 -0.0029458105034923 -0.503664448760768 -6.05855979023765
-0.503558455610896 0.0329837315481521 0.863331312553836 54.3813734855479 0.0143963535019825 0.99945258238347 -0.0297872552085308 -0.279141827638547 -0.863841204613797 -0.00257080146483986 -0.503757644300524 -6.55604468210034
-0.50291215359963 0.031904995995735 0.863748480167864 55.2953115081642 0.0126016307679903 0.999482932856938 -0.0295815116192657 -0.342459084656732 -0.86424566221866 -0.00399226229168923 -0.50305416922835 -7.08427104087086
-0.501716407476938 0.0304822971850084 0.864494925390982 56.1977157571763 0.0122715378895956 0.999529177321217 -0.0281217538819122 -0.39302891302467 -0.864945117233608 -0.00350046309728507 -0.501854252678848 -7.60114410005415
-0.499839896831864 0.027984818869512 0.865665597934879 57.055705920628 0.0124963553537234 0.999606854701366 -0.0250993453483586 -0.439919409512074 -0.866027666208179 -0.00172798926018323 -0.499993095367458 -8.11546632018163
-0.496930515954376 0.0268927021384359 0.867373532502008 57.9538477894682 0.0131746115611588 0.999638300889064 -0.0234456180519314 -0.480156018336528 -0.867690320289175 -0.000223533706271402 -0.497105077533062 -8.63255792845742
-0.494730660032179 0.0258132003302848 0.868662910865218 58.8176431832743 0.0124919664398342 0.999666730860156 -0.0225915467782417 -0.537398744065714 -0.868956572446858 -0.00032542291869039 -0.494888239202886 -9.11215080722311
-0.492470594784966 0.0260648899634597 0.869938695991468 59.7707628426634 0.0131332645042222 0.999660196492255 -0.0225168584071706 -0.59761191010535 -0.870229987207752 0.000336244344445954 -0.49264556864356 -9.61918151565689
-0.491798560893765 0.0269356144107224 0.870292277444272 60.6199738729084 0.0131391908010316 0.999637162167646 -0.0235139464682093 -0.635687682245883 -0.870609865076152 -0.00012918874799377 -0.491974029947061 -10.1179119024183
-0.492266073842067 0.0281474749293387 0.869989558672527 61.5070913230031 0.0121082913138487 0.999601753189173 -0.0254896901234629 -0.684521807403732 -0.87036055851904 -0.00201362266411436 -0.492410848274275 -10.6108502245521
-0.495388736300459 0.0296441724229765 0.868165435264495 62.4065941943924 0.0106618857681336 0.999549756190964 -0.028046552202571 -0.744630525957166 -0.868605965981412 -0.00463766535458448 -0.495481753368939 -11.0903829231152
-0.499034377776781 0.030222377466393 0.866055020017331 63.2744143277603 0.00946737790600204 0.999522164410571 -0.0294246768477054 -0.789820596744543 -0.866530471796882 -0.00648465514008328 -0.499082048059423 -11.6070991563624
-0.504898359330998 0.0284187058810751 0.862710857646356 64.1599002835907 0.00877723688846661 0.999575238534944 -0.0277903332188172 -0.845322672783526 -0.863134176624626 -0.00645907608362825 -0.504933335677766 -12.0988623985511
-0.509813772473294 0.02649089837777 0.859876822399399 65.009212026636 0.0125011086990356 0.99964836676709 -0.0233851470207866 -0.894321916623019 -0.860193954685711 -0.00117265639791364 -0.509965670608453 -12.5990999995931
-0.515926620268224 0.024365779865434 0.856286185378555 65.8743407089527 0.0100657604063986 0.999698821831104 -0.0223818251477393 -0.933779243218636 -0.856573641297728 -0.00292820782257789 -0.516016494535688 -13.1018919550886
-0.520858935714807 0.0267144459643404 0.853224652399857 66.7049855481954 0.0112144608228583 0.99963808577533 -0.0244526754341302 -0.976711749897119 -0.853569097937883 -0.00316794006456556 -0.520970017564596 -13.6188904118214
-0.526199007951739 0.0287558147835687 0.849875112676409 67.5272377718104 0.0116813268634411 0.999578207716767 -0.0265885926751406 -1.02319353424334 -0.850281218558493 -0.00406322210421492 -0.526312967342452 -14.1121033452026
-0.530922319839961 0.0294036064267278 0.846910218514841 68.3945388937604 0.00990169790713117 0.999544875788225 -0.0284955727097512 -1.07758836199562 -0.847362641774058 -0.00674308643003297 -0.530971829865848 -14.6508896366293
-0.534275152876671 0.0298624342254264 0.84478298754221 69.2280608319389 0.00944198378811969 0.999524279330532 -0.0293609259207871 -1.11852309351641 -0.845257895532928 -0.00771038591207627 -0.534302947763095 -15.158088314217
-0.537499544606519 0.0281568149305892 0.842793826105026 69.9857244193568 0.00889876809537053 0.999576131682629 -0.0277194678299531 -1.17791067106456 -0.843217084429727 -0.00739937452461619 -0.53752227654533 -15.6716220893724
-0.539826779749854 0.0218122973305973 0.841493476831558 70.8173690489853 0.0101183679053503 0.999760140889048 -0.0194236793744677 -1.23558288131369 -0.841715312024104 -0.00197088169907846 -0.539918002227647 -16.2336747607408
-0.541417584808922 0.0147719745440285 0.840624046543842 71.6400008569883 0.0121868683287503 0.99987848048235 -0.00972134294452948 -1.24928635631915 -0.840665497745691 0.0049812685510847 -0.541531816113893 -16.7625908755582
-0.543945907982459 0.0127065354895735 0.839024071850737 72.4674200323714 0.013488357422 0.999888557882393 -0.00639812706375405 -1.26222132035991 -0.839011867260049 0.00783682153170371 -0.544056679790889 -17.2628807658112
-0.54453503259673 0.016784969908164 0.838570130078612 73.2994875824784 0.0120718103075323 0.999853018470701 -0.0121742700367195 -1.32475547280515 -0.838651220514689 0.00349374300858526 -0.544657620977631 -17.8074580649806
-0.545328939355032 0.0217605859561714 0.837939630761525 74.0833446231205 0.0124064929071249 0.999763005205598 -0.0178888891778464 -1.37692508955563 -0.838130316141626 0.000640563124047034 -0.545469671790488 -18.2977171088002
-0.546278352500153 0.0269871612626076 0.837168832862705 74.8543554747683 0.0188928508255029 0.999623535367113 -0.0198959223922696 -1.39568236583723 -0.837390602871446 0.00494779416911552 -0.546582562432663 -18.8011659483181
-0.54606648147332 0.0280008337824228 0.837273761155118 75.6527735840642 0.0224537536380515 0.999571397911711 -0.0187842866351051 -1.43224643103897 -0.837440879560408 0.00854246945076369 -0.546461160062426 -19.342530652169
-0.545575934789963 0.0254189752436876 0.837675817411258 76.4373431213711 0.021689348177953 0.999633380471076 -0.0162073077216708 -1.48358349771449 -0.837780682251432 0.009326325403405 -0.545927237002145 -19.8495886864451
-0.545144116761016 0.0205168343312468 0.83809125485825 77.2580134446075 0.0198415603902417 0.999736213893823 -0.0115678481371918 -1.51869591638119 -0.838107513653309 0.0103228938902284 -0.545407401324551 -20.3790681838307
-0.544483245679293 0.0144492374625258 0.838647252849071 78.033895139493 0.0179460555279654 0.999823414300256 -0.00557488187903448 -1.54592165154284 -0.838579712529185 0.0120149803882297 -0.544646404542195 -20.9031516164181
-0.543491049455593 0.00796275171507461 0.839377193963943 78.8741495831404 0.00891629516009951 0.999953356248453 -0.00371281673013569 -1.58116445287821 -0.839367606500439 0.00546625215094088 -0.543536697238692 -21.4248479746044
-0.542996399892568 0.00244683612779291 0.839731458679901 79.5618537060633 0.000662682581642553 0.999996692035202 -0.00248531093609684 -1.5892073186586 -0.839734762026383 -0.00079303947998975 -0.542996225155274 -21.8862154350637
-0.541229631125424 0.00208390023307229 0.840872251743186 80.3643492916237 0.00239936741947196 0.999996685434574 -0.000933892848581341 -1.63069668787347 -0.840871410756617 0.00151211100282228 -0.541232837226726 -22.4081568417049
-0.538688122179699 0.00569280639561898 0.842486023016318 81.2188877144636 0.00833769147848167 0.999964224407064 -0.0014257653342867 -1.64724956644101 -0.842463999185318 0.00625634568424725 -0.538716315156093 -22.9196079163252
-0.532578552587233 0.00853678823097332 0.846337526386954 82.0129529888202 0.00837719856846989 0.999953319445357 -0.0048147143587359 -1.68893236506231 -0.84633912107868 0.0045257239101946 -0.532625205895155 -23.4386213802804
-0.525088584723829 0.010459417893752 0.850983301111162 82.8232291757204 0.0137049800475977 0.999898734738037 -0.00383324812242292 -1.70443458344852 -0.850937219608251 0.00964991433106898 -0.525178757604286 -23.9052916664451
-0.517037206716775 0.0138612494831102 0.855850683608585 83.5780627504715 0.0225599364851167 0.999742207505909 -0.0025627713514397 -1.71446246223614 -0.855665574939358 0.0179828889219512 -0.517216627313661 -24.3886238328187
-0.507806997178138 0.0135971296842342 0.861363553722394 84.3801244403462 0.0219728325238729 0.99975456873911 -0.0028278819199847 -1.71939191154843 -0.861190599256518 0.0174905788819484 -0.507981132919889 -24.8327567542232
-0.495575723977989 0.0111287239481812 0.868493438839337 85.2224758950778 0.0187219418217707 0.999822463382359 -0.00212852306868948 -1.72279926342721 -0.868362937197411 0.01520503927377 -0.495696092462477 -25.3236297272601
-0.484839319686512 0.00748344462662909 0.874571227598096 85.9454971423199 0.0193017152793448 0.999811403003271 0.00214527665005138 -1.75160677390613 -0.874390232032126 0.0179208392981558 -0.484892323764415 -25.722116193214
-0.473546071861555 0.00667356283606795 0.880743766020268 86.7614222838983 0.0191939018500553 0.999812014230914 0.00274414491116438 -1.7694518317564 -0.880559885502549 0.0182043884433419 -0.473585143649104 -26.1539632617025
-0.461344170182658 0.00567272627122531 0.887203120381757 87.6515202362118 0.0183027851634006 0.999827607675838 0.00312457748715831 -1.81201243997452 -0.887032448501033 0.0176797937166304 -0.461368464679154 -26.6312904171389
-0.450165600451172 0.00696244864780615 0.892917944986695 88.4205961176432 0.0208784343140995 0.999778293907342 0.00273020371317789 -1.84381254952734 -0.892700970734897 0.0198717724561822 -0.450211161021606 -26.9863187630269
-0.437177549681054 0.009188903889418 0.899328279384219 89.2460114991461 0.0191442711586352 0.999816318146726 -0.000909312558835765 -1.8631629779679 -0.899171444684869 0.0168194534047943 -0.437273162966229 -27.4069505966359
-0.425843594081495 0.0186856637345711 0.904603824527928 90.097407904393 0.0215094380199055 0.999713246673052 -0.0105246616332047 -1.88784973568951 -0.904541086659872 0.0149756601598774 -0.426123400140092 -27.8062589738994
-0.413428517271601 0.0244587841268519 0.91020801412954 90.9418344073232 0.0225256522382194 0.999607947880236 -0.0166296580213489 -1.90661441197451 -0.910257906363822 0.0136278543322223 -0.413817381810445 -28.177627633948
-0.402165241082734 0.0194381256967325 0.915360736613858 91.7408230716863 0.0173674481026234 0.999756677666992 -0.0135998973033369 -1.94383623948264 -0.915402365417126 0.0104280741106234 -0.402404975937269 -28.5411497018594
-0.390397750488347 0.013308296607131 0.920550099481313 92.6082583892933 0.0156689936277144 0.999846734741586 -0.00780958803544456 -1.99860990745385 -0.920512943446388 0.0113752480414863 -0.390546443690967 -28.8820103544499
-0.379918007521463 0.0159134657245644 0.924883273267257 93.4989036905499 0.0145515071715744 0.999831105160291 -0.011225631072974 -2.03544781655142 -0.924905703950385 0.00919362619340239 -0.380085406241095 -29.2186851116846
-0.372681349526219 0.0203885376219879 0.927735371347322 94.3296027025006 0.0102193057778412 0.999788148965771 -0.0178668121671668 -2.05815834888937 -0.927903107821466 0.0028221837705261 -0.372810753297206 -29.5601369494465
-0.367781188193701 0.0256555007822959 0.929558385950253 95.1255149000932 0.00460207330056937 0.999657320998575 -0.0257693906658498 -2.05615284430536 -0.929900972433176 -0.00519960128881187 -0.36777322579855 -29.8518522034585
-0.364116745079437 0.0279818665412807 0.93093287142394 95.9216666370237 0.00119840734989013 0.9995618168276 -0.0295759726827503 -2.09847895567095 -0.931352543225486 -0.00965347011043259 -0.36399072892348 -30.1875183750561
-0.360175746768106 0.0280066544501908 0.93246397182226 96.8016860079565 0.00189893994608009 0.99956919089215 -0.0292886777832869 -2.117210027259 -0.932882535728437 -0.00877837830807199 -0.360073762730863 -30.5234491065568
-0.355984171187373 0.0279461444783026 0.93407402430045 97.6353121067615 0.00133082779688899 0.999566887529648 -0.0293984055973806 -2.16373383057476 -0.934491037282549 -0.00922227537492274 -0.355867181509471 -30.8093445841191
-0.350673088919322 0.0252973142009922 0.93615619989508 98.5175419572888 -0.000185111583119303 0.999633199200502 -0.0270819642912227 -2.20600314080596 -0.936497918012359 -0.00967020942821536 -0.350539778924063 -31.0955552658481
-0.345678207737732 0.0213216513853478 0.938110848395556 99.3866518825046 -0.000261428661232828 0.999739585406914 -0.0228186990309897 -2.26264409424137 -0.938353082986508 -0.00813317604712329 -0.345582613997149 -31.4055653148266
-0.339476121795612 0.0176785238025269 0.940448527313842 100.234964030218 -0.00365896850380832 0.999790980962084 -0.0201148287678929 -2.3002716698364 -0.940607556146611 -0.0102695756016014 -0.339340479661451 -31.7084296662137
-0.33360214569978 0.0162367286544669 0.94257412282913 101.063045308239 -0.00927970716784262 0.999746665137859 -0.020505915746653 -2.35996847929108 -0.942668284933455 -0.0155876293364628 -0.333366960558912 -31.9838896034714
-0.32789824375979 0.0155990079271033 0.944584253886828 101.86807700386 -0.0199315905293145 0.999526881793376 -0.0234252912763463 -2.3725559147468 -0.944502765182939 -0.0265081784379858 -0.327432196092081 -32.2294035960328
-0.321134120846887 0.0182846365135781 0.946857195407767 102.80601532146 -0.0211043188142381 0.999427139997808 -0.0264575048556917 -2.45518064513469 -0.946798544652073 -0.0284791836850756 -0.32056427115533 -32.5456608601473
-0.313607581710958 0.0232818521262502 0.949267212145756 103.643546730812 -0.0147584098349453 0.999459104288553 -0.029388572504739 -2.48197103845715 -0.949437977980947 -0.0232261537128714 -0.313094349599538 -32.8216133069331
-0.306823615102083 0.0225924495318699 0.951498213576799 104.457673175165 -0.0139732520854332 0.999503554087413 -0.0282381584524764 -2.49503299132803 -0.951663815347545 -0.0219596582573622 -0.306355603779944 -33.0851624760464
-0.300329094975998 0.0177710758170305 0.953670081094717 105.330352986472 -0.0128658697512442 0.999659990663436 -0.0226797809143537 -2.52209590202989 -0.953748868469285 -0.0190811931252849 -0.299998339932863 -33.3489110855158
-0.293474685408626 0.0161417093560791 0.955830557286893 106.19013245453 -0.0123164143309276 0.999710603918245 -0.0206643255744349 -2.55903105066151 -0.955887501206254 -0.0178368616208455 -0.293190947004135 -33.5782093753598
-0.287575458379298 0.0190711747864987 0.957568089500793 107.021337179707 -0.0111646539513469 0.999667045979759 -0.0232625812034949 -2.57190561132278 -0.957692908107856 -0.0173806638068094 -0.287266785907372 -33.8252467654519
-0.280952794988051 0.0213397061959813 0.959484311454789 107.897006601552 -0.0154209939269242 0.999523315908826 -0.0267457267788788 -2.65316257293733 -0.959597686499247 -0.0223104884324361 -0.280489789780659 -34.0704534490809
-0.273464698846061 0.0231413290662531 0.961603627995486 108.750294957114 -0.0138682257258497 0.999511786868909 -0.0279975039126071 -2.66418101540489 -0.961782059928469 -0.0209920651477399 -0.273010260614108 -34.3275601257339
-0.265934825330607 0.0219745811723923 0.963740518219857 109.649955410321 -0.0145264439907486 0.999535285180885 -0.0267991810201553 -2.72304963368588 -0.963881554497939 -0.0211265581831341 -0.265492028953736 -34.5703886001028
-0.25834527014876 0.0216328923318603 0.96581040549433 110.461887997148 -0.0107140239482068 0.999623597067988 -0.0252561651026669 -2.74480879132182 -0.965993235526316 -0.0168725266102638 -0.258016252905092 -34.7791319776135
-0.250316169076395 0.0235996262186468 0.967876476179299 111.364842386727 -0.00708486080514238 0.999631451477448 -0.0262062199575095 -2.79045642829517 -0.968138223729592 -0.0134171106960392 -0.250056715355299 -35.0066535805853
-0.243844295839566 0.024257881729438 0.96951096670461 112.287480024477 -0.00645758060299893 0.999624354225992 -0.0266355043320654 -2.84320708151152 -0.969792894921004 -0.0127556110111706 -0.243596049533792 -35.228588353219
-0.237321896523979 0.023434257852094 0.971148368164815 113.107187609416 -0.00959532732824199 0.99960366885071 -0.0264657309300977 -2.86309394239342 -0.971383676578789 -0.0155993839340536 -0.237002979089193 -35.4052139434877
-0.230792397677091 0.0205977944836189 0.972784971119965 114.047512576492 -0.0150726912996029 0.999580256838562 -0.0247411421632229 -2.92384666042648 -0.972886264242356 -0.0203725550917044 -0.23038505994875 -35.6342173827273
-0.227204202865663 0.0219210943967279 0.973600388157599 114.818129141417 -0.0104462945762419 0.999634242604095 -0.0249450584878871 -2.93424870096017 -0.973791109596819 -0.0158381385834155 -0.226892107038583 -35.7917622514673
-0.222249587418088 0.0219226821291044 0.974743308210298 115.742506074326 -0.00988633937074671 0.999645109831915 -0.0247369093256501 -2.98871350073579 -0.97493968079381 -0.0151344110359558 -0.221953978149207 -36.0000085610374
-0.217962163325806 0.0226967334879607 0.975693268218712 116.577927926852 -0.0114719793986996 0.999600893927879 -0.0258156260288267 -3.03071849658343 -0.97588979349464 -0.016819962769308 -0.217614796843938 -36.1837103105429
-0.211719740703382 0.0210277763886301 0.977104182785358 117.448400021396 -0.00733813275370129 0.999706130362707 -0.0231042143971964 -3.06592620735112 -0.977302871787544 -0.0120617384888055 -0.211503218085319 -36.3778490077199
-0.206851575013603 0.0191369929738182 0.978185157020036 118.286542485961 -0.00383734287091118 0.999785124837839 -0.0203710321947328 -3.12274120370179 -0.978364809625777 -0.00796741193285525 -0.20673369254432 -36.5605825828848
-0.202591937209266 0.0179506393340858 0.979098708775215 119.197817786623 -0.00194417792333101 0.999822634119884 -0.0187328714771287 -3.15889439280294 -0.979261317090591 -0.0056986708164064 -0.202521105075316 -36.7259626968677
-0.198351672368325 0.0198416831798954 0.979930059584498 120.069309831329 -0.00273882527602345 0.999779947183149 -0.0207979817907475 -3.19645591704893 -0.980127090180042 -0.00680917168600594 -0.198253681620682 -36.9032478293656
-0.19425425720544 0.0224492671657552 0.98069430199287 120.971954593062 0.000402322100829534 0.999739838647509 -0.0228055510343482 -3.21782691116405 -0.980951131144916 -0.00403552038448873 -0.194212751591486 -37.075960804422
-0.192849704319457 0.0245336557061424 0.980921552052757 121.823393763919 0.00756383998419434 0.999694843271816 -0.023516136171432 -3.22609549322452 -0.981199154029696 0.00288445374937787 -0.192976423580644 -37.2077152753182
-0.192725349197756 0.0217705503718955 0.981011204275011 122.629987810619 -0.000320278765932301 0.999752400721521 -0.0222493746668946 -3.29504700216816 -0.981252687740581 -0.00460221555997995 -0.192670657895344 -37.3727171546653
-0.1908447776921 0.0181244586586492 0.981452889763938 123.531145399129 0.00324732442947708 0.999835715145916 -0.0178324872831899 -3.30640694006597 -0.981614856097697 -0.000216141125946272 -0.190872280783017 -37.5609097360922
-0.189809720117146 0.0121045008120849 0.981746276391788 124.396677771543 -0.000885824672020949 0.999921481356484 -0.0124998574593753 -3.35758946809449 -0.981820495540657 -0.0032422495191608 -0.189784094049935 -37.7092073204641
-0.189130237215946 0.00971828479302464 0.98190392010182 125.271599927516 -0.00450638752175667 0.999931904358433 -0.0107647163279147 -3.39142554210408 -0.981941671303415 -0.00646077292577168 -0.189073563913779 -37.869007739728
-0.188209116744552 0.0144139740184117 0.982023200198057 126.089897623272 -0.00961379489057235 0.999817353913878 -0.0165176802382248 -3.43808113979501 -0.982081922917858 -0.0125497476327928 -0.188036168096235 -38.0025820069142
-0.187682346072004 0.0166085991597322 0.982089350011932 126.937158683178 -0.0111903249129539 0.99975598544155 -0.0190458972521041 -3.4736176460066 -0.982166031585928 -0.0145644775995065 -0.187450693226252 -38.1829899341733
-0.187503520102758 0.0164019686895847 0.982126980268937 127.833321370492 -0.0102974231928094 0.999772809364436 -0.0186626024747982 -3.49647268611139 -0.982209953637542 -0.0136126808032083 -0.187292023046063 -38.3595554952777
-0.187068768659811 0.015402388213863 0.982226064727164 128.688148783412 -0.0121510178660538 0.999764299488648 -0.0179916156248203 -3.55030660220896 -0.982271667389893 -0.0153007158421392 -0.186837521761013 -38.5099934702742
