1 0 0 0 0 1 0 0 -0 0 1 0
1 -0.000513328 0.000231731 0.0158081 0.000513616 0.999999 -0.00124363 -0.0358006 -0.000231093 0.00124375 0.999999 -0.00232753
0.999999 0.000316435 -0.00121872 0.0207918 -0.000316709 1 -0.000224945 -0.00237015 0.00121865 0.000225331 0.999999 -0.0274364
1 0.000335883 0.000598995 0.0185517 -0.000335219 0.999999 -0.00110886 0.0184129 -0.000599367 0.00110866 0.999999 0.00440686
1 0.00028334 0.000249286 0.0057397 -0.000282855 0.999998 -0.00194319 0.0143211 -0.000249836 0.00194312 0.999998 0.00559055
1 -0.000144586 0.000169175 -0.00726338 0.000144442 1 0.000851302 -0.00714598 -0.000169298 -0.000851278 1 -0.0137108
1 -8.56229e-05 0.000338196 0.000923389 8.57115e-05 1 -0.000262015 0.00138231 -0.000338174 0.000262044 1 0.00835813
1 0.000645112 0.000258072 -0.0148637 -0.00064476 0.999999 -0.00135924 0.0278173 -0.000258949 0.00135907 0.999999 0.00255908
0.999999 1.77905e-05 -0.00154396 0.010883 -1.47729e-05 0.999998 0.00195442 -0.0227899 0.00154399 -0.00195439 0.999997 -0.0400445
1 -0.000604396 5.78522e-05 0.00850864 0.000604412 1 -0.000275173 -0.0224607 -5.76859e-05 0.000275208 1 -0.0125647
1 0.000816263 0.000471615 -0.00420083 -0.000814723 0.999994 -0.00325623 0.0597812 -0.00047427 0.00325585 0.999995 0.0202396
1 3.96795e-06 9.36474e-05 0.021586 -3.92196e-06 1 -0.000491122 0.00226857 -9.36494e-05 0.000491122 1 0.00276147
1 -0.000197033 -0.000215443 0.0164751 0.000197298 0.999999 0.00123089 -0.027132 0.0002152 -0.00123093 0.999999 -0.0091885
1 0.000589305 -7.05805e-05 -0.000186982 -0.000589365 0.999999 -0.000851156 0.0261931 7.00788e-05 0.000851197 1 -0.011709
1 -2.4328e-05 -7.41712e-06 0.0154171 2.43197e-05 0.999999 -0.00110434 -0.0101145 7.44399e-06 0.00110434 0.999999 -0.00386873
1 0.000465906 0.00015373 0.00858205 -0.000465794 1 -0.000724307 0.0238697 -0.000154067 0.000724236 1 0.0152847
1 0.000185381 -0.000369224 0.0144413 -0.000185448 1 -0.000180611 -0.00115867 0.000369191 0.000180679 1 -0.016764
0.999999 0.000175509 -0.00114105 0.017049 -0.000175138 1 0.000325644 -0.00618197 0.0011411 -0.000325444 0.999999 -0.0441128
1 -2.44157e-05 0.000413741 0.0160186 2.51863e-05 0.999998 -0.00186255 0.000997673 -0.000413695 0.00186256 0.999998 0.00859762
1 -6.87519e-05 0.00013367 0.0152474 6.8935e-05 0.999999 -0.00137004 0.000274294 -0.000133576 0.00137005 0.999999 0.00582862
1 -0.000336395 -0.000252085 0.0109037 0.000336183 1 -0.000837988 -0.0225716 0.000252366 0.000837903 1 -0.0166736
1 0.000149271 -0.000602934 -0.00523964 -0.000149122 1 0.000247451 0.0135894 0.000602971 -0.000247361 1 -0.0194394
1 0.000817834 8.59041e-05 -0.0118284 -0.000817822 1 -0.000136956 0.0367167 -8.60161e-05 0.000136886 1 -0.00834144
1 0.000315921 -0.000809441 0.00446973 -0.000315886 1 4.37256e-05 0.0113594 0.000809455 -4.34699e-05 1 -0.0232182
0.999999 -0.000517445 -0.0012663 0.00742491 0.000517836 1 0.000308728 -0.0424586 0.00126614 -0.000309384 0.999999 -0.0436265
1 0.000338291 -0.000937232 0.0107829 -0.000339298 0.999999 -0.00107365 0.015402 0.000936868 0.00107397 0.999999 -0.0433406
1 -0.000237116 0.000245934 0.0140301 0.000237637 0.999998 -0.00211779 0.00276476 -0.000245431 0.00211785 0.999998 -0.00171821
1 0.000206107 0.000449693 0.00573438 -0.000205004 0.999997 -0.0024523 0.00763635 -0.000450197 0.0024522 0.999997 0.00790067
1 -1.40639e-05 -0.000772786 0.0116437 1.47187e-05 1 0.000847302 0.0126172 0.000772774 -0.000847313 0.999999 -0.0354789
0.999999 0.000242144 -0.00114171 0.0122807 -0.000241946 1 0.000173886 0.0218219 0.00114175 -0.00017361 0.999999 -0.0342418
1 -0.000379021 -0.000237776 -0.00579451 0.000378642 0.999999 -0.00159352 -0.00444676 0.00023838 0.00159343 0.999999 -0.00370794
1 -0.000574427 -0.000146842 -0.00329176 0.00057442 1 -4.28201e-05 -0.0241435 0.000146866 4.27358e-05 1 0.00111202
0.999999 -0.000150874 -0.00122657 0.022895 0.000151661 1 0.000641216 -0.0155337 0.00122647 -0.000641402 0.999999 -0.0461562
1 0.00050057 0.000612392 0.00621906 -0.000499676 0.999999 -0.0014595 0.0375986 -0.000613122 0.00145919 0.999999 0.0191771
1 -1.81074e-05 0.000831385 -0.00658149 2.06905e-05 0.999995 -0.00310699 0.0227077 -0.000831324 0.00310701 0.999995 0.0308979
1 0.000373189 -0.000132847 0.00586881 -0.000373345 0.999999 -0.00117845 0.0192302 0.000132407 0.0011785 0.999999 -0.00846195
1 0.000356921 -0.000545409 0.0117374 -0.000356067 0.999999 0.00156494 0.00729188 0.000545967 -0.00156475 0.999999 -0.0323041
1 0.000415644 -0.000106919 -0.0086263 -0.000415825 0.999998 -0.00169731 0.0401649 0.000106213 0.00169735 0.999999 -0.00249059
1 7.06285e-05 -0.000245445 -0.0113031 -7.09909e-05 0.999999 -0.00147683 0.00819658 0.00024534 0.00147685 0.999999 -0.000261861
1 1.38576e-05 -0.0009225 -0.00419296 -1.21466e-05 0.999998 0.00185477 -0.0138386 0.000922524 -0.00185476 0.999998 -0.0161335
0.999999 0.00021305 0.00107232 -0.0252224 -0.000209343 0.999994 -0.00345552 0.0159481 -0.00107305 0.00345529 0.999993 0.0235487
0.999999 0.00113051 0.000776533 -0.00147636 -0.00112855 0.999996 -0.00252621 0.0835391 -0.000779385 0.00252533 0.999997 0.0237199
1 -0.000688316 -0.000387476 0.0140821 0.000688258 1 -0.000149769 -0.0360449 0.000387579 0.000149502 1 -0.0217853
1 3.08073e-05 -0.000637629 0.0101851 -3.06328e-05 1 0.000273701 -0.013655 0.000637637 -0.000273681 1 -0.022057
1 9.6761e-05 0.000292053 -0.00952279 -9.61555e-05 0.999998 -0.00207235 0.0244723 -0.000292253 0.00207232 0.999998 -0.0108079
1 0.000265456 -0.000287166 0.00236435 -0.000265928 0.999999 -0.00164513 0.0137849 0.000286729 0.00164521 0.999999 0.00691747
1 0.000284868 -0.000429313 0.00131688 -0.000284781 1 0.000202589 0.0117526 0.00042937 -0.000202467 1 -0.0128361
1 -0.000362877 -0.00060393 0.00669305 0.000363408 1 0.000879536 -0.0215279 0.000603611 -0.000879755 0.999999 -0.042763
1 -0.000184038 0.000750435 -0.00744838 0.000185823 0.999997 -0.00237926 0.00138073 -0.000749995 0.0023794 0.999997 0.0185463
0.999999 0.00100768 0.000902581 -0.00844702 -0.00100545 0.999996 -0.00247452 0.067169 -0.000905072 0.00247361 0.999997 0.0224989
1 -0.000673236 -0.000715971 0.00500518 0.000673241 1 7.0941e-06 -0.0349864 0.000715966 -7.57612e-06 1 -0.0301002
1 7.57704e-05 -0.000328731 -0.00130411 -7.54413e-05 0.999999 0.00100124 -0.016189 0.000328806 -0.00100122 0.999999 -0.0257522
1 0.000284032 9.076e-05 -0.00198206 -0.000283786 0.999996 -0.00270071 0.0358742 -9.15267e-05 0.00270069 0.999996 0.000172465
1 0.000347875 -4.82072e-05 0.000373456 -0.000347943 0.999999 -0.00141737 0.0233029 4.77141e-05 0.00141739 0.999999 0.00413689
1 -0.000350463 -0.000889442 0.00643914 0.000351193 1 0.000821045 -0.00685814 0.000889154 -0.000821357 0.999999 -0.0307244
1 -4.78708e-05 5.3578e-05 0.00419097 4.79403e-05 0.999999 -0.00129852 -0.00911848 -5.35158e-05 0.00129852 0.999999 -0.0159355
1 -0.000151444 0.000369302 0.000887661 0.000152337 0.999997 -0.00242026 0.00861019 -0.000368934 0.00242031 0.999997 0.00244001
1 -0.000142028 -0.000399202 -0.000664006 0.000141503 0.999999 -0.00131446 -0.00246373 0.000399388 0.0013144 0.999999 -0.00538608
1 0.000294598 -0.000535197 -0.00178428 -0.000294644 1 -8.7052e-05 -0.00565697 0.000535172 8.72097e-05 1 -0.023626
0.999999 0.000380722 -0.000930481 0.00503531 -0.000380481 1 0.00025943 0.014608 0.00093058 -0.000259076 1 -0.0299626
1 0.000108651 0.000399864 0.00300477 -0.000107106 0.999993 -0.00386121 0.0166161 -0.00040028 0.00386117 0.999992 0.0124148
1 -0.000185419 -0.000491639 -0.0156217 0.000185066 1 -0.000717432 -0.0194151 0.000491772 0.000717341 1 -0.00598674
1 -0.000474495 -0.00063592 0.00151696 0.000475422 0.999999 0.00145785 -0.0204697 0.000635227 -0.00145815 0.999999 -0.0260778
1 -0.000254338 0.000117357 0.0171093 0.000254437 1 -0.000847261 -0.00266991 -0.000117141 0.000847291 1 0.00360797
1 0.00054291 0.000825553 -0.0100018 -0.000541159 0.999998 -0.00212016 0.0342923 -0.000826703 0.00211972 0.999997 0.0192838
1 -0.000135858 -0.000379213 -0.000374033 0.00013511 0.999998 -0.00197303 -0.00648628 0.000379481 0.00197298 0.999998 0.00153625
1 0.000152781 -0.000763892 -0.00458601 -0.000151927 0.999999 0.00111861 0.0142649 0.000764063 -0.00111849 0.999999 -0.0285753
1 0.000285129 -0.000823371 0.00831188 -0.000284792 1 0.000409901 -0.00591702 0.000823488 -0.000409667 1 -0.0292246
1 0.000190598 -6.57988e-05 0.00888765 -0.000190759 0.999997 -0.00246717 0.0241569 6.53284e-05 0.00246718 0.999997 0.00613913
1 0.00010562 -0.000472767 -0.000182462 -0.000105678 1 -0.000122024 -0.000475873 0.000472754 0.000122074 1 -0.00896054
1 -0.000283167 -0.000457379 0.00580104 0.000283082 1 -0.000185175 -0.00728622 0.000457431 0.000185045 1 -0.0132855
1 -0.000361647 0.000639226 0.00056259 0.000363711 0.999995 -0.00323204 0.0153068 -0.000638053 0.00323227 0.999995 0.00941481
1 0.000319076 8.07243e-06 0.0084723 -0.000319071 1 -0.000657719 0.0172907 -8.28229e-06 0.000657717 1 0.00778648
1 -0.00035082 -0.000750576 -0.00661579 0.000351229 1 0.000544288 -0.0139567 0.000750385 -0.000544551 1 -0.0331102
1 -9.47297e-05 -0.000462363 -0.000509473 9.4508e-05 1 -0.000479455 -0.00557836 0.000462408 0.000479412 1 -0.0207406
1 0.000490453 0.000263762 -0.00388341 -0.00049 0.999998 -0.00171435 0.0345853 -0.000264603 0.00171422 0.999998 -0.000127643
1 -5.78736e-05 0.000648796 -0.000161722 5.82122e-05 1 -0.000521818 0.0113347 -0.000648765 0.000521856 1 0.0139505
1 -0.000182696 -0.000472214 0.00111692 0.000182788 1 0.000192781 -0.0102666 0.000472179 -0.000192867 1 -0.00880087
1 -0.000919307 0.000229861 0.000291394 0.000919274 1 0.000145247 -0.0188842 -0.000229995 -0.000145035 1 -0.0097872
1 6.95775e-05 0.000330155 0.00291793 -6.84946e-05 0.999995 -0.00327869 0.0226235 -0.000330382 0.00327866 0.999995 0.0263341
1 -0.000526515 -0.000746356 0.0035315 0.00052631 1 -0.000274948 -0.0187011 0.000746501 0.000274555 1 -0.0271837
0.999999 -0.000302983 -0.00123057 0.00430457 0.000303804 1 0.000666632 -0.0221152 0.00123037 -0.000667006 0.999999 -0.0387664
1 -9.28594e-05 0.000424191 -0.0106924 9.36304e-05 0.999998 -0.00181794 0.0167605 -0.000424022 0.00181798 0.999998 0.00261225
1 0.000324309 0.000224057 -0.00764174 -0.000323818 0.999998 -0.00218916 0.02778 -0.000224766 0.00218908 0.999998 0.0124927
1 -0.000322913 -0.000575985 -0.00612181 0.000322769 1 -0.000251309 -0.0139724 0.000576066 0.000251123 1 4.45221e-05
1 -0.000664338 -0.000594352 -0.00241945 0.000665082 0.999999 0.00125206 -0.0248202 0.00059352 -0.00125246 0.999999 -0.0359632
1 -0.000621621 0.000322553 0.000371599 0.000621932 0.999999 -0.000964113 0.00168035 -0.000321954 0.000964314 0.999999 0.00717244
1 -4.90782e-05 0.000832722 -0.0185404 5.12189e-05 0.999997 -0.00257097 0.00757822 -0.000832593 0.00257101 0.999996 0.0223936
0.999999 -0.000260603 -0.00136241 0.00452243 0.000260042 1 -0.000411528 -0.0133673 0.00136252 0.000411174 0.999999 -0.0216667
0.999999 -0.000214394 -0.00119709 0.0152029 0.000215899 0.999999 0.00125679 -0.0168415 0.00119682 -0.00125705 0.999998 -0.0361387
1 0.00032294 -0.0003604 -0.0137284 -0.000323442 0.999999 -0.00139327 0.0104762 0.00035995 0.00139339 0.999999 -0.0210779
1 -0.00010401 -0.000830463 -0.017047 0.000102572 0.999998 -0.00173145 0.00327751 0.000830642 0.00173137 0.999998 -0.0161164
1 -0.000425003 -0.000613859 -0.00478654 0.000425065 1 9.96142e-05 -0.0345023 0.000613816 -9.98751e-05 1 -0.00889075
1 -0.000284866 -0.000692062 -0.004316 0.000286379 0.999998 0.0021873 -0.0144109 0.000691437 -0.0021875 0.999997 -0.0283705
1 -3.33471e-05 0.00095003 -0.00189009 3.45532e-05 0.999999 -0.00126961 0.00850393 -0.000949986 0.00126965 0.999999 0.0238342
1 -0.000181192 0.00050052 -0.025819 0.00018226 0.999998 -0.00213418 0.0186871 -0.000500132 0.00213427 0.999998 0.00592767
0.999999 -0.000920367 -0.00129905 -0.00311874 0.000920386 1 1.35477e-05 -0.039897 0.00129904 -1.47433e-05 0.999999 -0.027458
1 -0.000346806 -0.000932071 0.0116172 0.000347439 1 0.000679812 -0.0234308 0.000931835 -0.000680136 0.999999 -0.0334359
1 8.85984e-05 -0.000290195 -0.011399 -8.92377e-05 0.999998 -0.00220393 0.0204923 0.000289999 0.00220396 0.999998 -0.0116428
1 -1.8842e-05 -1.51081e-05 -0.0141287 1.88066e-05 0.999997 -0.00234364 0.000841159 1.51522e-05 0.00234364 0.999997 0.00801869
0.999999 -0.000183889 -0.00168702 -0.0101949 0.000186128 0.999999 0.00132718 -0.00134832 0.00168677 -0.00132749 0.999998 -0.0581663
1 -0.00047601 2.38501e-05 -0.0022528 0.000476009 1 3.60402e-05 -0.0212575 -2.38672e-05 -3.60288e-05 1 -0.00905928
1 0.000231566 0.000405494 -0.00610598 -0.000230889 0.999999 -0.00167041 0.0265349 -0.00040588 0.00167032 0.999999 0.00402233
1 -0.000550988 -9.10561e-05 -0.0085477 0.000551026 1 0.000413973 -0.0424556 9.0828e-05 -0.000414024 1 0.00302859
1 -0.000554603 -0.000779166 -0.00213125 0.000553266 0.999998 -0.00171429 -0.0171228 0.000780115 0.00171386 0.999998 -0.0333903
1 -0.000210969 0.000557402 -0.024266 0.000212007 0.999998 -0.00186398 0.0179598 -0.000557008 0.0018641 0.999998 0.0140991
1 7.14144e-05 -0.000609445 -0.00901516 -7.25215e-05 0.999998 -0.00181676 0.0101882 0.000609314 0.0018168 0.999998 -0.0126736
1 -0.000759504 -0.000344187 0.00225132 0.000759655 1 0.000439503 -0.0324116 0.000343853 -0.000439764 1 -0.00723024
1 -0.000430091 -0.000801356 -0.00342226 0.000430716 1 0.000779689 -0.00607464 0.000801021 -0.000780034 0.999999 -0.0332514
0.999999 -0.000700814 0.000776098 -0.0109679 0.000701305 1 -0.000631911 -0.00860398 -0.000775655 0.000632455 0.999999 0.0260093
1 0.000305119 -0.00021814 -0.000144326 -0.000305497 0.999998 -0.00173619 0.0424416 0.00021761 0.00173625 0.999998 0.00235899
0.999999 -0.000557148 -0.000986182 -0.0122989 0.000557941 1 0.000803771 -0.03623 0.000985734 -0.00080432 0.999999 -0.0322868
1 -0.000612647 -0.000335581 0.00752957 0.000612496 1 -0.000447877 -0.0248253 0.000335855 0.000447671 1 -0.0238106
1 -0.000224547 6.85146e-05 -0.0206021 0.000224681 0.999998 -0.00196706 0.0252666 -6.80728e-05 0.00196707 0.999998 0.00711333
1 -0.000323145 0.000275353 -0.00582219 0.000323537 0.999999 -0.00142381 0.00291463 -0.000274893 0.0014239 0.999999 0.0105011
0.999999 -0.00115081 -0.000689658 -0.0123161 0.00115159 0.999999 0.00113385 -0.0484488 0.000688352 -0.00113464 0.999999 -0.00871993
1 -0.000326856 0.000539196 -0.00948192 0.000327491 0.999999 -0.00117909 -0.00315086 -0.00053881 0.00117927 0.999999 0.0133525
1 -0.00023303 0.000236768 -0.00775197 0.000233334 0.999999 -0.00128664 0.0194379 -0.000236468 0.00128669 0.999999 0.0120462
0.999999 -0.00114954 -0.00111932 -0.00144602 0.00115024 0.999999 0.000627144 -0.0510678 0.00111859 -0.00062843 0.999999 -0.0376674
1 0.000468804 -0.000347796 0.000531061 -0.000468745 1 0.000169664 0.0108227 0.000347875 -0.000169501 1 -0.00208512
1 -0.00045729 6.6239e-05 -0.000503126 0.000457346 1 -0.000847153 0.00247146 -6.58516e-05 0.000847183 1 -0.00109098
0.999999 -0.000294759 0.00100079 -0.0276771 0.000296628 0.999998 -0.00186699 -0.0130566 -0.00100024 0.00186729 0.999998 0.031083
1 -0.000107142 -0.000325817 -0.0173138 0.000107706 0.999998 0.00173052 0.0123037 0.000325631 -0.00173056 0.999998 -0.0243826
1 -0.00024707 -0.000237569 -0.0239888 0.00024708 1 4.07215e-05 -0.00787722 0.000237559 -4.07802e-05 1 -0.00918058
1 -0.000548036 -0.000483507 -0.0108042 0.000547747 1 -0.000596154 -0.014127 0.000483833 0.000595889 1 -0.0120857
1 -0.000321682 5.81114e-05 -0.0154255 0.000321692 1 -0.00016995 -0.00018474 -5.80568e-05 0.000169969 1 0.00166611
0.999999 -0.00085712 -0.00071049 -0.00467038 0.00085761 0.999999 0.000689836 -0.0553773 0.000709898 -0.000690444 1 -0.0329869
0.999999 -0.000386137 -0.00121816 0.00397792 0.000386607 1 0.000385622 -0.0119108 0.00121801 -0.000386093 0.999999 -0.0353207
0.999999 -0.000186935 0.00112761 -0.0162478 0.000188821 0.999999 -0.00167218 0.0140779 -0.00112729 0.00167239 0.999998 0.0240673
1 -0.00036742 0.000686543 -0.0228639 0.000368329 0.999999 -0.0013243 0.00143181 -0.000686056 0.00132455 0.999999 0.0224948
1 -3.4916e-06 -0.00061437 -0.0141311 3.79645e-06 1 0.000496197 -5.81753e-05 0.000614368 -0.0004962 1 -0.0184679
0.999999 -0.000530653 -0.00102102 -0.00547317 0.000532303 0.999999 0.00161604 -0.0125797 0.00102017 -0.00161658 0.999998 -0.0367697
1 -0.000336831 -0.000323207 -0.0110384 0.000336401 0.999999 -0.00133072 0.00264192 0.000323655 0.00133061 0.999999 -0.00349394
0.999999 -0.000923127 -0.00040294 0.00355669 0.000923442 0.999999 0.000783682 -0.0330857 0.000402216 -0.000784053 1 -0.00939653
1 -0.000783354 -0.000214346 -0.0126943 0.000783677 0.999999 0.0015126 -0.0247312 0.000213161 -0.00151277 0.999999 -0.0160993
1 -0.000373076 0.000815843 -0.0177443 0.000376219 0.999992 -0.00385565 0.0035366 -0.000814398 0.00385596 0.999992 0.0296394
1 -0.00076989 -0.000119901 -0.00582462 0.000769836 1 -0.000451764 -0.0273685 0.000120249 0.000451672 1 -0.00299004
1 -0.000743579 -5.02998e-05 -0.00749179 0.000743626 0.999999 0.000934336 -0.0339751 4.9605e-05 -0.000934373 1 -0.00812989
1 -0.0004631 -0.000345526 -0.00880571 0.000463253 1 0.000444554 0.00505427 0.00034532 -0.000444714 1 -0.0269075
1 -0.000473406 -0.000640951 -0.00413655 0.000472829 0.999999 -0.000899903 -0.0138162 0.000641377 0.000899599 0.999999 -0.0142763
1 3.15552e-05 0.000311729 -0.0221218 -3.16379e-05 1 0.000265293 0.0100638 -0.000311721 -0.000265303 1 0.016153
1 -0.000613468 -0.000685201 -0.0127054 0.000614936 0.999998 0.00214487 -0.0266123 0.000683884 -0.00214529 0.999997 -0.0369758
0.999999 -0.00136984 0.000187084 -0.0193509 0.00136981 0.999999 0.000126357 -0.0426611 -0.000187257 -0.000126101 1 0.00884463
0.999999 -0.000211493 0.00153583 -0.0188716 0.000214235 0.999998 -0.00178599 0.0190139 -0.00153545 0.00178632 0.999997 0.0484997
1 -0.000770056 -0.000262149 0.00105092 0.000770113 1 0.000215045 -0.0383003 0.000261983 -0.000215247 1 -0.00381821
1 -0.000400355 -0.000172409 -0.0149108 0.000400575 0.999999 0.001276 -0.00989053 0.000171898 -0.00127607 0.999999 -0.0115154
1 -0.000128383 0.000512417 -0.00723676 0.000128723 1 -0.000663211 0.0108648 -0.000512332 0.000663277 1 0.0143356
1 -4.92276e-05 0.000103375 -0.020915 4.92903e-05 1 -0.000606232 0.00992229 -0.000103345 0.000606237 1 0.00504452
1 -0.000724333 -0.000367185 -0.0145125 0.000724734 0.999999 0.00109314 -0.0191415 0.000366393 -0.0010934 0.999999 0.000132109
1 -0.000659279 -0.000587005 -0.00469654 0.0006601 0.999999 0.00139952 -0.0277535 0.000586081 -0.00139991 0.999999 -0.0215834
1 -0.000658601 0.000518339 -0.0119621 0.000658708 1 -0.000206062 -0.0249512 -0.000518204 0.000206403 1 0.00761949
0.999999 -0.000827968 0.000959108 -0.0323058 0.000829382 0.999999 -0.00147482 -0.0106349 -0.000957885 0.00147562 0.999998 0.0272195
1 -0.000666934 -0.00055595 -0.0152729 0.000667062 1 0.000230995 -0.0259723 0.000555796 -0.000231366 1 -0.0181581
1 -0.000368127 0.000129793 -0.0156949 0.000367777 0.999996 0.00268386 -0.0148272 -0.000130781 -0.00268381 0.999996 -0.010891
1 -0.000305463 -0.000379464 -0.0190569 0.000305451 1 -3.24852e-05 -0.00556216 0.000379474 3.23693e-05 1 -0.013525
1 -0.000528007 0.000407047 -0.0148306 0.000528243 1 -0.000580161 -0.0114984 -0.000406741 0.000580376 1 0.0186961
1 -0.000880222 -0.000396784 -0.016528 0.000881016 0.999998 0.00200564 -0.0242735 0.000395017 -0.00200599 0.999998 -0.0034634
0.999999 -0.000921832 -0.000462223 -0.013214 0.000922608 0.999998 0.00168144 -0.0501107 0.000460672 -0.00168187 0.999998 -0.020728
0.999999 -0.000361183 0.00111349 -0.00832616 0.000361493 1 -0.000278369 0.00640098 -0.00111339 0.000278771 0.999999 0.026882
0.999999 -0.000925145 0.00075039 -0.0267464 0.000926619 0.999998 -0.00196717 -0.0211831 -0.000748568 0.00196786 0.999998 0.028771
1 -0.000568756 -0.000427455 -0.0150197 0.000569264 0.999999 0.00118981 -0.0206918 0.000426778 -0.00119005 0.999999 -0.0129372
1 -7.47121e-05 -0.000725138 -0.0130996 7.61928e-05 0.999998 0.00204215 0.00157768 0.000724984 -0.00204221 0.999998 -0.027865
1 -0.000117066 0.000648273 -0.00880952 0.000118404 0.999998 -0.00206512 0.0098399 -0.000648029 0.0020652 0.999998 0.0269368
0.999999 -0.00109576 -0.000700497 -0.02487 0.00109585 0.999999 0.000119136 -0.0450576 0.000700366 -0.000119904 1 -0.0113883
0.999999 -0.000156324 -0.00108296 -0.00715244 0.000159006 0.999997 0.00247689 -0.0162114 0.00108257 -0.00247706 0.999996 -0.0315052
1 0.000138972 0.000199984 -0.0181827 -0.000138575 0.999998 -0.00198108 -0.00614879 -0.000200259 0.00198105 0.999998 0.00602339
0.999999 0.00139341 -1.54297e-05 -0.0030965 -0.0013934 0.999999 0.000576531 -0.00855942 1.6233e-05 -0.000576509 1 0.00119435
0.999997 0.00220357 -0.00092129 0.0154902 -0.00220211 0.999996 0.00158143 -0.028158 0.000924772 -0.0015794 0.999998 -0.018656
0.999993 0.00367492 -0.000475141 0.0291521 -0.00367471 0.999993 0.000447621 -0.0220126 0.000476782 -0.000445872 1 -0.0158197
0.999983 0.00582325 -3.57254e-05 0.044065 -0.00582329 0.999982 -0.00125101 0.0257009 2.84398e-05 0.0012512 0.999999 0.00992312
0.999974 0.00726207 -0.000151105 0.0469493 -0.00726225 0.999973 -0.00118354 0.0237322 0.000142506 0.00118461 0.999999 0.0194136
0.999962 0.008612 -0.000952137 0.0765419 -0.00861055 0.999962 0.00150807 -0.0351569 0.000965088 -0.00149982 0.999998 -0.0118015
0.999944 0.0105375 -0.000751651 0.0964666 -0.0105345 0.999937 0.00386746 -0.0336811 0.000792357 -0.00385932 0.999992 -0.0382399
0.999901 0.0140482 -0.0004431 0.122711 -0.0140485 0.999901 -0.000780143 0.0238255 0.000432097 0.000786291 1 0.00563719
0.999871 0.0160563 -0.000384499 0.132124 -0.0160565 0.999871 -0.000389646 -0.0108696 0.000378193 0.00039577 1 0.0236466
0.999812 0.0192496 -0.00234179 0.181043 -0.0192473 0.999814 0.000996993 -0.0506633 0.00236055 -0.000951733 0.999997 -0.00337424
0.999686 0.0247739 -0.00376428 0.229892 -0.02477 0.999693 0.0010833 -0.0168931 0.00378996 -0.000989721 0.999992 -0.00947941
0.999535 0.0302133 -0.00423309 0.279337 -0.0302173 0.999543 -0.00089051 -0.0572201 0.00420425 0.00101801 0.999991 0.0297678
0.999244 0.0385574 -0.00487512 0.364535 -0.038567 0.999254 -0.00188187 -0.0371438 0.00479893 0.00206846 0.999986 0.0581914
0.998856 0.0474146 -0.00627313 0.484361 -0.0474284 0.998872 -0.00206974 -0.0630633 0.00616792 0.00236489 0.999978 0.0420545
0.998274 0.0582457 -0.0075439 0.611629 -0.0582618 0.998299 -0.00194108 -0.0754193 0.00741802 0.00237725 0.99997 0.0092337
0.99753 0.0699644 -0.00627934 0.755629 -0.0699815 0.997545 -0.00255978 -0.105306 0.00608484 0.00299289 0.999977 0.00544711
0.996744 0.0804098 -0.00602602 0.908662 -0.0804262 0.996757 -0.00253899 -0.153412 0.00580233 0.00301537 0.999979 0.0212712
0.995722 0.0922065 -0.0059368 1.10898 -0.0922253 0.995734 -0.00296487 -0.198181 0.00563809 0.00349971 0.999978 0.0165634
0.994481 0.104827 -0.00434079 1.30857 -0.104837 0.994487 -0.00222964 -0.205782 0.00408313 0.00267241 0.999988 0.012662
0.993527 0.113572 -0.00228982 1.50011 -0.113577 0.993526 -0.00240817 -0.314624 0.0020015 0.00265265 0.999994 0.0363697
0.992175 0.124838 -0.00198003 1.76691 -0.124844 0.992172 -0.00307764 -0.256341 0.00158032 0.00330075 0.999993 0.0132543
0.991232 0.132133 0.00021896 1.99661 -0.132131 0.991222 -0.0044493 -0.332201 -0.000804937 0.00438135 0.99999 0.0231618
0.990434 0.137973 0.00199515 2.22614 -0.137955 0.990411 -0.00739736 -0.365772 -0.00299666 0.00705136 0.999971 0.0347024
0.989779 0.1426 0.00179058 2.51283 -0.142574 0.989728 -0.0105708 -0.393554 -0.00327958 0.0102075 0.999943 0.0050147
0.989686 0.143198 0.00403642 2.77472 -0.143153 0.989652 -0.00979734 -0.498011 -0.00539762 0.00911846 0.999944 0.0246591
0.989686 0.143172 0.00492128 3.0803 -0.143107 0.989638 -0.0117283 -0.499554 -0.00654946 0.0109031 0.999919 0.036317
0.989834 0.142126 0.00532471 3.36849 -0.142051 0.98978 -0.0125059 -0.541582 -0.00704771 0.0116224 0.999908 0.0215314
0.990073 0.140454 0.00528649 3.69593 -0.140394 0.990041 -0.0103734 -0.565025 -0.00669083 0.00952821 0.999932 -0.00955501
0.990587 0.136749 0.00614979 4.0137 -0.136679 0.990559 -0.0105372 -0.614061 -0.00753268 0.00959747 0.999926 -0.0104683
0.99114 0.132724 0.00503504 4.35545 -0.132641 0.991061 -0.0142682 -0.638486 -0.00688377 0.0134739 0.999886 -0.0135193
0.991867 0.12718 0.00510268 4.72238 -0.127102 0.991798 -0.0135026 -0.676992 -0.00677809 0.0127443 0.999896 -0.0118116
0.993014 0.117893 0.00491888 5.12885 -0.117819 0.992944 -0.0134358 -0.860149 -0.00646816 0.0127624 0.999898 -0.0157624
0.993601 0.112837 0.00507681 5.47594 -0.11275 0.99351 -0.0150186 -0.831027 -0.00673852 0.0143501 0.999874 -0.0151968
0.994388 0.105662 0.00532104 5.87358 -0.10558 0.994315 -0.0138354 -0.875803 -0.00675266 0.0131959 0.99989 -0.0265414
0.995114 0.0985468 0.0061087 6.27863 -0.0984568 0.995048 -0.0136091 -0.90707 -0.00741958 0.0129411 0.999889 -0.00851433
0.995766 0.0917949 0.00493646 6.63734 -0.0917133 0.995676 -0.014782 -0.931453 -0.00627202 0.0142667 0.999879 -0.0288914
0.99642 0.0844708 0.00333625 7.02036 -0.0844123 0.996319 -0.0149036 -0.944921 -0.00458289 0.0145686 0.999883 -0.0584703
0.997003 0.0772508 0.00419857 7.41109 -0.0771752 0.996891 -0.0159069 -0.933505 -0.00541434 0.0155352 0.999865 -0.0157945
0.997711 0.0674489 0.00490392 7.84102 -0.0673646 0.997605 -0.0157043 -0.985823 -0.00595141 0.015338 0.999865 -0.0188524
0.998238 0.0590806 0.00552567 8.27528 -0.059007 0.998177 -0.0126453 -0.991192 -0.00626269 0.012297 0.999905 -0.0124065
0.998556 0.0533142 0.00658416 8.67571 -0.0531941 0.998435 -0.0172355 -0.938301 -0.00749276 0.0168603 0.99983 0.0188155
0.998925 0.0457274 0.00761781 9.14076 -0.045599 0.998828 -0.0162537 -0.933906 -0.00835212 0.0158889 0.999839 0.00641388
0.999254 0.0372253 0.0102351 9.60568 -0.0370355 0.999149 -0.0181529 -0.925922 -0.0109021 0.0177603 0.999783 -0.00649588
0.99948 0.0311498 0.00838841 10.0916 -0.0309841 0.999335 -0.01921 -0.906797 -0.00898122 0.0189401 0.99978 -0.0369162
0.999658 0.0238607 0.0106756 10.5609 -0.0236464 0.999525 -0.0197687 -0.878936 -0.0111422 0.0195095 0.999748 -0.0171803
0.999778 0.0175132 0.0116814 11.0571 -0.0172483 0.9996 -0.0224081 -0.843401 -0.0120692 0.0222016 0.999681 0.00650899
0.999854 0.0114146 0.012714 11.553 -0.011137 0.999703 -0.0216954 -0.804783 -0.0129579 0.0215506 0.999684 0.0298227
0.999939 0.00391916 0.0103661 12.0693 -0.0036677 0.999701 -0.0241666 -0.831708 -0.0104577 0.0241271 0.999654 -0.0655376
0.999936 -0.000827483 0.0112836 12.5517 0.0011424 0.999609 -0.0279315 -0.751766 -0.0112561 0.0279426 0.999546 -0.018678
0.999961 -0.00740529 0.00477034 13.0724 0.00756707 0.999364 -0.0348385 -0.766916 -0.00450932 0.0348733 0.999382 -0.0920676
0.999838 -0.0127085 -0.0127363 13.5318 0.0121715 0.999069 -0.0413881 -0.722806 0.0132504 0.0412264 0.999062 0.0129342
0.999101 -0.0168779 -0.0388764 13.9705 0.0153255 0.999086 -0.0398911 -0.694584 0.0395141 0.0392595 0.998447 0.0536017
0.997978 -0.0212824 -0.0598941 14.4445 0.0194747 0.999342 -0.0306053 -0.63235 0.060506 0.029377 0.997735 -0.00596462
0.997702 -0.0259259 -0.0626031 14.9576 0.024525 0.999434 -0.0230423 -0.605587 0.0631651 0.021454 0.997772 0.0386125
0.998007 -0.0327338 -0.0539433 15.4945 0.0319179 0.999364 -0.0159187 -0.582836 0.0544301 0.0141652 0.998417 -0.0201918
0.998872 -0.0364201 -0.0304693 16.0185 0.0360809 0.999281 -0.0116084 -0.527863 0.0308702 0.0104959 0.999468 -0.0842975
0.999123 -0.0412539 0.00718743 16.5629 0.0413256 0.999094 -0.0101316 -0.500005 -0.00676295 0.0104198 0.999923 -0.00565298
0.998351 -0.0465489 0.0336043 17.1254 0.0470193 0.998805 -0.0133438 -0.45563 -0.032943 0.0149018 0.999346 0.0849736
0.998018 -0.0504746 0.0375777 17.6639 0.0513267 0.998438 -0.0220679 -0.465629 -0.0364051 0.0239529 0.99905 0.0523692
0.998278 -0.0520049 0.0271563 18.1435 0.0527083 0.998275 -0.0258656 -0.414325 -0.0257643 0.0272524 0.999297 0.0658827
0.998497 -0.0532721 0.0129038 18.6687 0.0535835 0.998247 -0.0251289 -0.375065 -0.0115425 0.0257825 0.999601 0.0214536
0.998394 -0.0563337 0.00605245 19.2255 0.0564511 0.998176 -0.0213865 -0.404053 -0.00483662 0.0216939 0.999753 -0.0615373
0.998343 -0.05577 0.0141867 19.7366 0.0559605 0.998343 -0.0134048 -0.303791 -0.0134156 0.0141765 0.99981 -0.218556
0.99743 -0.0569656 0.0434588 20.2892 0.0576468 0.99823 -0.0145864 -0.254091 -0.042551 0.0170542 0.998949 -0.274696
0.995625 -0.058542 0.0728265 20.8531 0.0599007 0.998066 -0.0166135 -0.245875 -0.0717131 0.0209032 0.997206 -0.333236
0.993061 -0.0597509 0.101289 21.4643 0.062761 0.997669 -0.0267927 -0.226967 -0.0994523 0.0329638 0.994496 -0.199202
0.994036 -0.0612044 0.090263 22.0836 0.0622601 0.99802 -0.00892488 -0.261933 -0.0895381 0.0144914 0.995878 -0.122235
0.996767 -0.061484 0.0517203 22.7017 0.0623746 0.997928 -0.0157842 -0.207212 -0.0506426 0.0189593 0.998537 -0.273413
0.99751 -0.0617472 0.0340778 23.1565 0.0619475 0.998068 -0.00485383 -0.22674 -0.0337122 0.00695278 0.999407 -0.0939757
0.998173 -0.0603979 0.00169289 23.7197 0.0604189 0.998002 -0.0184678 -0.149622 -0.000574095 0.0185364 0.999828 -0.282394
0.99811 -0.0614458 -0.000816814 24.2775 0.0613809 0.997516 -0.0345667 -0.174158 0.00293876 0.0344513 0.999402 -0.188391
0.998267 -0.0579307 0.0102985 24.8484 0.0582913 0.997534 -0.0390784 -0.0429418 -0.00800928 0.039611 0.999183 -0.279359
0.998108 -0.0574134 0.0220156 25.4659 0.0581324 0.997745 -0.0335432 -0.037356 -0.0200401 0.0347596 0.999195 -0.236239
0.998158 -0.0547457 0.0261554 26.0627 0.0555969 0.997908 -0.0330062 0.0880859 -0.0242937 0.0343995 0.999113 -0.194543
0.998335 -0.0531786 0.0223274 26.6592 0.0538363 0.9981 -0.0299652 0.109181 -0.0206915 0.0311173 0.999302 -0.238546
0.998536 -0.0521066 0.0144833 27.2981 0.0525461 0.998111 -0.0318337 0.156531 -0.0127972 0.0325481 0.999388 -0.282522
0.998686 -0.0496077 0.012886 27.9494 0.0499909 0.998258 -0.0313406 0.23026 -0.0113088 0.0319436 0.999426 -0.270049
0.998776 -0.0470126 0.0153829 28.6313 0.047479 0.998375 -0.0315077 0.256058 -0.0138767 0.0321995 0.999385 -0.250241
0.998869 -0.044357 0.0171088 29.3246 0.0448868 0.998481 -0.0319387 0.330899 -0.0156662 0.0326705 0.999343 -0.272782
0.998986 -0.0408978 0.0188385 29.9702 0.0414938 0.998613 -0.0324147 0.389802 -0.0174867 0.0331635 0.999297 -0.27097
0.999117 -0.0382663 0.0173449 30.636 0.0387493 0.998845 -0.0284253 0.402532 -0.0162371 0.0290723 0.999445 -0.350241
0.999167 -0.0357867 0.019636 31.3003 0.03643 0.998776 -0.0334457 0.467482 -0.0184151 0.0341332 0.999248 -0.327749
0.999161 -0.0351528 0.0210322 31.9994 0.035857 0.998775 -0.0340985 0.437853 -0.0198077 0.034824 0.999197 -0.321335
0.999313 -0.0314368 0.0196208 32.7234 0.0320956 0.998899 -0.0342151 0.505887 -0.0185236 0.0348213 0.999222 -0.348687
0.999363 -0.0305684 0.0184331 33.4044 0.0311862 0.998928 -0.0342178 0.567854 -0.0173674 0.0347708 0.999244 -0.381958
0.999358 -0.0302715 0.0191558 34.1382 0.0309492 0.998868 -0.0361341 0.568505 -0.0180403 0.0367038 0.999163 -0.391075
0.999279 -0.0319691 0.0204976 34.8815 0.0327437 0.998717 -0.0386398 0.609571 -0.0192361 0.0392831 0.999043 -0.39152
0.999334 -0.0306101 0.0198758 35.644 0.0313472 0.99879 -0.0379027 0.680506 -0.0186915 0.0385005 0.999084 -0.445374
0.999325 -0.0302975 0.0207811 36.361 0.0310189 0.998895 -0.0353163 0.697627 -0.0196881 0.035937 0.99916 -0.435701
0.999276 -0.0296876 0.023775 37.159 0.0305921 0.998785 -0.0386317 0.764751 -0.0225992 0.0393311 0.998971 -0.408383
0.999288 -0.0303951 0.0223662 37.9372 0.031282 0.998692 -0.0404361 0.822245 -0.0211079 0.0411069 0.998932 -0.450217
0.99938 -0.0285884 0.0205511 38.7184 0.0294165 0.998718 -0.0411916 0.879363 -0.0193471 0.0417706 0.99894 -0.497924
0.999348 -0.0292639 0.0211566 39.5388 0.0300918 0.998749 -0.0399307 0.84896 -0.0199616 0.0405413 0.998978 -0.528202
0.999301 -0.0286691 0.0240113 40.3185 0.0296973 0.998607 -0.0436233 0.894664 -0.0227272 0.0443059 0.998759 -0.516227
0.999313 -0.0278727 0.0244303 41.2338 0.0289041 0.99866 -0.0429335 0.912108 -0.0232009 0.0436101 0.998779 -0.576291
0.9993 -0.0271336 0.0257713 42.1056 0.0282349 0.99866 -0.043377 0.898829 -0.0245598 0.0440743 0.998726 -0.608729
0.999235 -0.0267052 0.0285766 43.0236 0.0278992 0.998718 -0.0422366 0.872504 -0.027412 0.0430016 0.998699 -0.571679
0.999362 -0.0252279 0.0252791 43.873 0.0262499 0.998816 -0.0409487 0.925735 -0.0242161 0.0415861 0.998841 -0.64959
0.999382 -0.0241841 0.0255037 44.7836 0.0251998 0.99887 -0.0402866 0.936917 -0.0245006 0.0409044 0.998863 -0.666664
0.999329 -0.023664 0.027954 45.668 0.0247291 0.998957 -0.038391 0.890074 -0.0270163 0.0390565 0.998872 -0.65956
0.999263 -0.0217398 0.0316447 46.5145 0.0230293 0.998895 -0.0409736 0.962586 -0.030719 0.0416721 0.998659 -0.581008
0.999279 -0.0206822 0.0318405 47.4481 0.0218672 0.999064 -0.0373285 0.99981 -0.0310387 0.0379979 0.998796 -0.657269
0.999254 -0.021615 0.0320082 48.3767 0.0227459 0.999114 -0.035401 0.954629 -0.0312146 0.0361027 0.99886 -0.673065
0.999296 -0.0205228 0.031392 49.2153 0.021653 0.999114 -0.0360968 0.979179 -0.0306234 0.0367512 0.998855 -0.688346
0.999327 -0.0183572 0.0317623 50.1045 0.0194323 0.999237 -0.0338777 1.07819 -0.0311161 0.0344721 0.998921 -0.688311
0.99936 -0.0177989 0.0310188 51.0456 0.0188086 0.999292 -0.0325704 1.09338 -0.0304171 0.033133 0.998988 -0.723017
0.999324 -0.0175206 0.0323267 52.029 0.0185626 0.999308 -0.0322222 1.08263 -0.0317398 0.0328005 0.998958 -0.739944
0.999332 -0.0160229 0.0328435 52.9934 0.0171332 0.999281 -0.0338078 1.19564 -0.0322782 0.0343479 0.998889 -0.767837
0.999355 -0.0145393 0.0328471 53.958 0.0157033 0.999248 -0.035463 1.30727 -0.0323068 0.0359559 0.998831 -0.796094
0.99937 -0.0151417 0.0321058 54.9603 0.0162669 0.999252 -0.0350791 1.34473 -0.0315506 0.0355793 0.998869 -0.840666
0.99935 -0.0171139 0.0317379 55.8951 0.0182498 0.999191 -0.0358503 1.33877 -0.0310986 0.0364062 0.998853 -0.854714
0.999374 -0.0165419 0.0312719 56.8338 0.0176617 0.9992 -0.0358795 1.39626 -0.0306534 0.0364094 0.998867 -0.900906
0.99936 -0.0164702 0.0317472 57.7509 0.0175874 0.999224 -0.0352399 1.44862 -0.0311422 0.0357758 0.998874 -0.920408
0.999335 -0.0153077 0.033084 58.6767 0.0164115 0.999309 -0.0333537 1.53687 -0.0325506 0.0338745 0.998896 -0.985249
0.999267 -0.0150514 0.0351897 59.6183 0.016194 0.999343 -0.0324138 1.5769 -0.0346787 0.03296 0.998855 -1.00632
0.999259 -0.0157573 0.0351025 60.5199 0.0169375 0.999292 -0.0335832 1.51694 -0.0345485 0.0341529 0.998819 -1.04215
0.999214 -0.014933 0.0367187 61.5056 0.0161323 0.999339 -0.0325844 1.53364 -0.0362079 0.0331511 0.998794 -1.02931
0.999235 -0.0133701 0.0367398 62.4337 0.014613 0.999323 -0.033771 1.62903 -0.0362634 0.0342821 0.998754 -1.09607
0.999213 -0.012855 0.0375289 63.3445 0.0141546 0.999302 -0.0345706 1.61274 -0.0370583 0.0350745 0.998697 -1.11247
0.999236 -0.011972 0.0371978 64.2488 0.0132109 0.99936 -0.0332419 1.65343 -0.036776 0.0337079 0.998755 -1.10432
0.999361 -0.0102235 0.0342496 65.2205 0.0114071 0.999338 -0.0345441 1.66291 -0.0338738 0.0349128 0.998816 -1.15086
0.999388 -0.00897286 0.0338185 66.152 0.0101521 0.999341 -0.0348618 1.71386 -0.0334834 0.0351838 0.99882 -1.18658
0.999398 -0.00685652 0.0340222 67.0688 0.00801879 0.999385 -0.0341442 1.78916 -0.0337671 0.0343965 0.998838 -1.19784
0.999351 -0.00756195 0.0352113 68.043 0.00870495 0.999436 -0.0324219 1.71732 -0.0349462 0.0327074 0.998854 -1.22975
0.999323 -0.00588097 0.0363041 68.9452 0.00710953 0.999403 -0.033805 1.778 -0.0360836 0.0340402 0.998769 -1.24299
0.999405 -0.00509357 0.0341128 69.8722 0.00618396 0.999471 -0.0319355 1.76926 -0.0339321 0.0321274 0.998908 -1.32017
0.999446 -0.0052895 0.0328448 70.9889 0.00642347 0.999383 -0.0345161 1.78176 -0.032642 0.034708 0.998864 -1.34904
0.999447 -0.00521778 0.0328483 71.9974 0.00643175 0.999296 -0.0369602 1.73823 -0.0326323 0.037151 0.998777 -1.37537
0.999368 -0.00679287 0.0349054 73.0471 0.00821307 0.999137 -0.0407061 1.65212 -0.0345988 0.0409671 0.998561 -1.371
0.999398 -0.00689924 0.034015 73.9424 0.00840678 0.998979 -0.0443781 1.69308 -0.0336741 0.0446373 0.998436 -1.40108
0.999436 -0.00557291 0.0331085 74.9503 0.00696827 0.999086 -0.0421802 1.71946 -0.0328432 0.0423872 0.998561 -1.4248
0.999494 -0.00583099 0.0312709 75.8901 0.00717713 0.999045 -0.0431097 1.6787 -0.0309896 0.0433123 0.998581 -1.47423
0.999465 -0.00497521 0.0323312 76.7361 0.00651864 0.998835 -0.0478096 1.69906 -0.0320556 0.0479948 0.998333 -1.46902
0.999441 -0.00180507 0.0333866 77.6796 0.00352162 0.998671 -0.0514272 1.77045 -0.0332494 0.051516 0.998119 -1.53403
0.999389 0.00010753 0.034947 78.6694 0.00162179 0.998775 -0.049452 1.72295 -0.0349095 0.0494785 0.998165 -1.52995
0.999409 0.00343728 0.0341948 79.534 -0.00179185 0.998844 -0.048034 1.74725 -0.0343204 0.0479444 0.99826 -1.51389
0.999411 0.00639833 0.0337228 80.4246 -0.0046532 0.998658 -0.0515758 1.78126 -0.0340076 0.0513885 0.9981 -1.53496
0.999287 0.00978923 0.0364622 81.4095 -0.00779966 0.998493 -0.0543133 1.78566 -0.036939 0.0539902 0.997858 -1.53439
0.999211 0.014066 0.0371456 82.4557 -0.0121289 0.99858 -0.0518688 1.84551 -0.0378225 0.0513773 0.997963 -1.60237
0.999215 0.0165701 0.0359817 83.3151 -0.0148469 0.998754 -0.0476418 1.83005 -0.0367263 0.0470702 0.998216 -1.63711
0.999154 0.0196178 0.0361402 84.3109 -0.0180045 0.99885 -0.0444382 1.85815 -0.0369704 0.0437499 0.998358 -1.6739
0.999158 0.0214021 0.0350085 85.2608 -0.0199258 0.998919 -0.0419866 1.83211 -0.0358693 0.0412537 0.998505 -1.7024
0.999165 0.0241931 0.0329387 86.1951 -0.0227932 0.998848 -0.042234 1.8576 -0.0339225 0.0414479 0.998565 -1.73321
0.999097 0.0267222 0.033031 87.1041 -0.025461 0.998952 -0.038032 1.88698 -0.0340127 0.0371566 0.99873 -1.73066
0.999063 0.0281608 0.0328541 88.0148 -0.0269285 0.998939 -0.037365 1.87228 -0.0338714 0.0364453 0.998761 -1.7737
0.998931 0.0306414 0.0346042 88.8912 -0.0293965 0.998922 -0.0359289 1.9024 -0.0356679 0.0348732 0.998755 -1.78243
0.998817 0.0317951 0.0367879 89.791 -0.030466 0.998882 -0.0361423 1.85249 -0.0378959 0.0349788 0.998669 -1.7648
0.99879 0.0323492 0.0370301 90.6384 -0.0309498 0.998807 -0.0377615 1.80971 -0.0382074 0.0365698 0.9986 -1.81836
0.998818 0.0325749 0.036066 91.5468 -0.0312267 0.998815 -0.0373334 1.78957 -0.0372394 0.036163 0.998652 -1.9089
0.998715 0.035048 0.0365968 92.4319 -0.0338508 0.998887 -0.0328367 1.81067 -0.0377069 0.0315557 0.99879 -1.90398
0.99868 0.0354784 0.037148 93.3054 -0.0341892 0.99881 -0.0347826 1.80927 -0.0383378 0.0334666 0.998704 -1.93154
0.998627 0.0360195 0.0380284 94.2086 -0.034772 0.998851 -0.0329704 1.74001 -0.0391723 0.0316028 0.998733 -1.95745
0.99861 0.0384718 0.0360259 95.1012 -0.037301 0.998771 -0.0326254 1.75987 -0.0372368 0.0312362 0.998818 -2.02358
0.998548 0.0410665 0.0348609 95.9937 -0.0400927 0.998798 -0.0281877 1.77738 -0.0359766 0.0267491 0.998995 -2.08785
0.99844 0.0438411 0.0345661 96.8195 -0.0427302 0.998566 -0.0322455 1.7746 -0.0359302 0.0307182 0.998882 -2.07257
0.998406 0.0443764 0.0348712 97.6996 -0.0432358 0.998526 -0.0328116 1.69579 -0.0362759 0.0312517 0.998853 -2.09103
0.998376 0.0459579 0.0336568 98.6143 -0.0448305 0.998432 -0.0335169 1.63185 -0.0351444 0.0319537 0.998871 -2.21487
0.99829 0.0468423 0.0349612 99.5006 -0.0457017 0.998418 -0.0327433 1.59357 -0.0364397 0.0310895 0.998852 -2.21257
0.998203 0.0472711 0.0368343 100.442 -0.0460827 0.99841 -0.0324717 1.58219 -0.0383107 0.030716 0.998794 -2.19854
0.998309 0.0469454 0.0342869 101.399 -0.0459307 0.9985 -0.0298055 1.53451 -0.0356347 0.0281803 0.998967 -2.2774
0.998246 0.0467363 0.0363479 102.245 -0.0457084 0.998545 -0.0286142 1.4828 -0.0376324 0.0269026 0.998929 -2.24598
0.998255 0.0459931 0.0370305 103.185 -0.0448711 0.998525 -0.0305794 1.48203 -0.0383823 0.0288645 0.998846 -2.27928
0.998342 0.0439135 0.0372048 104.18 -0.0430592 0.998797 -0.0234601 1.3613 -0.0381903 0.0218192 0.999032 -2.33744
0.998515 0.0435425 0.0327519 105.154 -0.0427123 0.998758 -0.0256362 1.29676 -0.0338275 0.0241992 0.999135 -2.35947
0.998569 0.043017 0.0317662 106.013 -0.0421648 0.998745 -0.0270258 1.2328 -0.0328889 0.0256477 0.99913 -2.29046
0.998575 0.0440953 0.0300635 106.798 -0.0434183 0.998797 -0.0228122 1.21692 -0.0310333 0.0214744 0.999288 -2.33917
0.998455 0.0458423 0.0313893 107.665 -0.0450514 0.99866 -0.0254547 1.23581 -0.0325142 0.0240013 0.999183 -2.34507
0.998335 0.0477149 0.0324224 108.463 -0.0470152 0.998652 -0.0220117 1.20608 -0.033429 0.0204507 0.999232 -2.36557
0.998224 0.0503077 0.0319215 109.411 -0.0495586 0.998487 -0.023838 1.1524 -0.0330724 0.0222137 0.999206 -2.37559
