1 0 0 0 0 1 0 0 -0 0 1 0
0.999993 0.00132488 -0.00354223 1.79248 -0.00130695 0.999986 0.00505744 -0.0124061 0.00354888 -0.00505277 0.999981 -0.0635951
0.999974 0.00349132 -0.00636759 3.50872 -0.00344248 0.999965 0.00766496 0.041328 0.00639413 -0.00764284 0.99995 -0.0631056
0.999963 0.0043652 -0.00736691 5.19931 -0.0043241 0.999975 0.00558598 0.075871 0.00739111 -0.00555392 0.999957 0.0319699
0.999865 0.00546096 -0.0155011 6.90379 -0.00542388 0.999982 0.00243288 0.0967815 0.0155141 -0.00234847 0.999877 0.031627
0.999795 0.00565409 -0.0194213 8.55665 -0.00558739 0.999978 0.00348729 0.126693 0.0194406 -0.00337806 0.999805 0.0745739
0.99985 0.00594045 -0.016274 10.2746 -0.00585636 0.999969 0.00521 0.118078 0.0163045 -0.00511391 0.999854 0.181011
0.999865 0.0071314 -0.0148122 11.9848 -0.00707307 0.999967 0.00398658 0.163687 0.0148401 -0.00388128 0.999882 0.167273
0.999848 0.00728655 -0.0158223 13.7195 -0.00726843 0.999973 0.00120252 0.182147 0.0158307 -0.00108733 0.999874 0.188454
0.999764 0.00628234 -0.0208037 15.4248 -0.00632647 0.999978 -0.0020563 0.152898 0.0207903 0.00218742 0.999781 0.224587
0.999727 0.00643645 -0.022453 17.1398 -0.00653246 0.99997 -0.00420525 0.202779 0.0224253 0.00435078 0.999739 0.281936
0.999724 0.00618791 -0.0226498 18.8875 -0.00630493 0.999967 -0.00509874 0.225502 0.0226175 0.00524014 0.99973 0.332155
0.99969 0.0058901 -0.0241984 20.6118 -0.00603213 0.999965 -0.00580024 0.222129 0.0241634 0.00594441 0.99969 0.395409
0.999593 0.00533453 -0.0280396 22.33 -0.00549113 0.99997 -0.00551099 0.237923 0.0280093 0.00566271 0.999592 0.423256
0.999599 0.00530386 -0.0278097 24.0667 -0.00546375 0.999969 -0.0056766 0.273937 0.0277787 0.00582627 0.999597 0.500493
0.999604 0.00524267 -0.0276351 25.8326 -0.00527742 0.999985 -0.00118467 0.299922 0.0276285 0.00133005 0.999617 0.485544
0.99968 0.00412627 -0.024973 27.5438 -0.00421762 0.999985 -0.00360648 0.29485 0.0249577 0.00371065 0.999682 0.563275
0.999647 0.00271975 -0.0264126 29.401 -0.00277476 0.999994 -0.00204613 0.286699 0.0264069 0.0021187 0.999649 0.603012
0.999638 0.00145442 -0.0268518 31.1164 -0.00163212 0.999977 -0.00659729 0.292172 0.0268416 0.00663873 0.999618 0.63704
0.999747 0.00079631 -0.0224922 32.8488 -0.000903475 0.999988 -0.00475481 0.363127 0.0224881 0.00477393 0.999736 0.665022
0.99977 -0.000660438 -0.0214407 34.588 0.000677501 0.999999 0.000788538 0.338697 0.0214402 -0.000802883 0.99977 0.771272
0.999624 -0.00113264 -0.0274102 36.3891 0.00124091 0.999991 0.00393331 0.363408 0.0274055 -0.00396584 0.999617 0.873811
0.999482 -0.00224987 -0.0321168 38.1622 0.00235073 0.999992 0.00310311 0.392798 0.0321096 -0.003177 0.999479 0.897948
0.99947 -0.00251849 -0.032442 39.969 0.00256894 0.999996 0.00151371 0.406461 0.0324381 -0.00159625 0.999472 0.942134
0.999497 -0.00210575 -0.0316525 41.9277 0.0021464 0.999997 0.00125038 0.477779 0.0316498 -0.00131769 0.999498 1.00947
0.999493 -0.00152812 -0.0318047 43.8419 0.00147606 0.999998 -0.00166004 0.524449 0.0318072 0.00161226 0.999493 1.05832
0.999454 -0.00203673 -0.0329852 45.5502 0.00199952 0.999997 -0.00116099 0.509459 0.0329874 0.0010944 0.999455 1.11906
0.999549 -0.00270948 -0.0299036 47.3599 0.00265562 0.999995 -0.00184073 0.463455 0.0299084 0.00176049 0.999551 1.23073
0.999551 -0.001028 -0.0299396 49.1066 0.00104321 0.999999 0.00049226 0.54125 0.0299391 -0.000523273 0.999552 1.26219
0.999491 0.000203026 -0.0318887 51.05 -0.000265916 0.999998 -0.00196795 0.604396 0.0318883 0.00197543 0.999489 1.26502
0.999446 0.00080977 -0.0332576 52.819 -0.000852763 0.999999 -0.00127854 0.655035 0.0332566 0.0013062 0.999446 1.36407
0.999546 0.00135564 -0.0301083 55.5338 -0.00144 0.999995 -0.00278043 0.751368 0.0301044 0.00282252 0.999543 1.46465
0.999618 0.00309155 -0.0274619 57.2584 -0.00314261 0.999993 -0.00181621 0.801618 0.0274561 0.00190182 0.999621 1.48159
0.999687 0.0029551 -0.0248515 59.1438 -0.00295091 0.999996 0.000205333 0.826365 0.024852 -0.000131934 0.999691 1.54757
0.999673 0.00275868 -0.0254367 60.8616 -0.00275696 0.999996 0.000102623 0.817088 0.0254369 -3.24618e-05 0.999676 1.5765
0.999753 0.00414697 -0.0218229 62.7146 -0.0040379 0.999979 0.00504009 0.882716 0.0218433 -0.00495073 0.999749 1.65568
0.999813 0.00376444 -0.0189774 64.5171 -0.00368676 0.999985 0.00412672 0.887234 0.0189926 -0.00405598 0.999811 1.70311
0.999778 0.00317218 -0.0208309 66.3028 -0.00304723 0.999977 0.00602719 0.873213 0.0208496 -0.00596238 0.999765 1.72725
0.999733 0.00290208 -0.0229295 68.0494 -0.00282902 0.999991 0.00321818 0.926407 0.0229386 -0.00315245 0.999732 1.70617
0.99981 0.00314931 -0.0192126 69.9311 -0.00309975 0.999992 0.00260864 0.981284 0.0192207 -0.00254859 0.999812 1.76325
0.999854 0.00300556 -0.0168304 71.833 -0.0029309 0.999986 0.00445903 1.03936 0.0168436 -0.00440905 0.999848 1.77473
0.999918 0.00114046 -0.0127611 73.6865 -0.00110976 0.999996 0.00241255 1.03877 0.0127638 -0.00239819 0.999916 1.80141
0.999919 0.00177165 -0.0126288 75.439 -0.00175734 0.999998 0.00114413 1.09674 0.0126308 -0.00112184 0.99992 1.80811
0.999928 -3.20349e-06 -0.0120408 77.3379 1.75906e-05 0.999999 0.00119476 1.07892 0.0120408 -0.00119488 0.999927 1.81788
0.999948 0.000321673 -0.0102023 79.2385 -0.00027936 0.999991 0.00414855 1.12736 0.0102036 -0.00414548 0.999939 1.8733
0.999958 0.00203651 -0.00897937 81.136 -0.00200255 0.999991 0.00378924 1.2278 0.00898701 -0.00377109 0.999953 1.87624
0.999972 0.0024076 -0.00712048 83.034 -0.00237891 0.999989 0.00403495 1.32473 0.00713012 -0.0040179 0.999967 1.87693
0.999997 0.000458171 -0.00224276 84.9326 -0.000442938 0.999977 0.00678794 1.22044 0.00224582 -0.00678693 0.999974 1.92801
1 0.00083051 0.000515957 86.8545 -0.000834404 0.999971 0.00759338 1.25576 -0.000509636 -0.00759381 0.999971 1.89456
0.999995 0.00127841 0.00292435 88.8691 -0.00130195 0.999967 0.00806273 1.31646 -0.00291394 -0.0080665 0.999963 1.92265
0.999994 0.00225192 0.00263263 90.7238 -0.00227968 0.999941 0.0105895 1.31217 -0.00260863 -0.0105955 0.99994 1.93033
0.999991 0.00202945 0.00379273 92.7887 -0.0020756 0.999923 0.0122029 1.27254 -0.00376768 -0.0122107 0.999918 1.89287
0.999958 0.00240956 0.00887348 94.6278 -0.0025299 0.999905 0.0135756 1.27679 -0.00883993 -0.0135974 0.999868 1.91609
0.999922 0.00356746 0.011971 96.6224 -0.00370664 0.999926 0.011624 1.33542 -0.0119287 -0.0116675 0.999861 1.89988
0.999917 0.0041023 0.0122511 98.609 -0.00421126 0.999952 0.00888133 1.33135 -0.0122141 -0.00893218 0.999886 1.84998
0.999864 0.00407415 0.0160115 100.575 -0.00423999 0.999938 0.0103376 1.32974 -0.0159684 -0.0104041 0.999818 1.86381
0.999811 0.00490669 0.018835 102.481 -0.00517318 0.999887 0.0141261 1.36642 -0.0187636 -0.0142209 0.999723 1.8608
0.999768 0.00554618 0.0208128 104.604 -0.00586667 0.999865 0.0153692 1.37609 -0.0207248 -0.0154878 0.999665 1.8151
0.999723 0.00664585 0.0225682 106.589 -0.00701616 0.999841 0.0163689 1.42423 -0.0224558 -0.0165227 0.999611 1.77756
0.999747 0.00789106 0.0210868 108.494 -0.00819018 0.999867 0.0141368 1.47094 -0.0209724 -0.0143059 0.999678 1.74117
0.999802 0.00688343 0.0186922 110.53 -0.00712971 0.999888 0.0131411 1.5336 -0.0185997 -0.0132718 0.999739 1.72679
0.999763 0.00594935 0.0209639 112.528 -0.00620468 0.999907 0.012136 1.54134 -0.0208898 -0.0122632 0.999707 1.73779
0.999772 0.00690812 0.0202073 114.618 -0.00720037 0.99987 0.0144256 1.6538 -0.0201051 -0.0145678 0.999692 1.6762
0.999803 0.00615015 0.0188698 116.503 -0.00644862 0.999854 0.0157973 1.56977 -0.0187699 -0.0159159 0.999697 1.61059
0.999826 0.00762178 0.017037 118.498 -0.00788629 0.999849 0.0155128 1.69464 -0.0169162 -0.0156444 0.999735 1.57718
0.999843 0.00711826 0.0162229 120.465 -0.00730372 0.999908 0.0114019 1.64241 -0.0161402 -0.0115186 0.999803 1.56732
0.999845 0.0103701 0.0141951 122.492 -0.0105064 0.999899 0.00956623 1.7838 -0.0140945 -0.00971389 0.999853 1.54326
0.999875 0.0101523 0.0121155 124.502 -0.0102491 0.999916 0.00795543 1.82015 -0.0120337 -0.00807861 0.999895 1.51995
0.9999 0.0109389 0.0089447 126.493 -0.0110289 0.999888 0.0100689 1.81186 -0.00883356 -0.0101666 0.999909 1.48995
0.999909 0.0120453 0.00613815 128.407 -0.0121244 0.999842 0.0130232 1.80174 -0.00598031 -0.0130964 0.999896 1.4916
0.999904 0.0134068 0.00360993 130.504 -0.0134519 0.999828 0.0127738 1.78669 -0.00343806 -0.0128211 0.999912 1.51998
0.999853 0.0170254 0.0018407 132.412 -0.0170533 0.99972 0.0163785 1.86248 -0.00156134 -0.0164075 0.999864 1.49431
0.999843 0.0175621 0.00254655 134.434 -0.017602 0.999707 0.0166027 1.81777 -0.00225423 -0.0166449 0.999859 1.48217
0.999802 0.0196571 0.00307427 136.433 -0.0197175 0.999584 0.0210322 1.90146 -0.00265956 -0.0210887 0.999774 1.52717
0.999763 0.0215863 -0.00299431 138.431 -0.0215113 0.999501 0.0231446 1.90478 0.00349242 -0.0230747 0.999728 1.52975
0.999703 0.0215213 -0.0114048 140.418 -0.021339 0.999646 0.0158735 1.86805 0.0117424 -0.0156255 0.999809 1.55464
0.999613 0.022768 -0.015986 142.412 -0.0225845 0.999678 0.0115676 1.90199 0.0162442 -0.0112021 0.999805 1.58717
0.999636 0.0219202 -0.0156989 144.37 -0.0217538 0.999706 0.0106912 1.86319 0.0159287 -0.0103458 0.99982 1.58501
0.999634 0.0230195 -0.0141824 146.338 -0.0229622 0.999728 0.00419401 1.87379 0.0142751 -0.00386682 0.999891 1.70197
0.999526 0.0229755 -0.0204736 148.324 -0.0229589 0.999736 0.00104589 1.80543 0.0204923 -0.000575338 0.99979 1.77096
0.999325 0.0209894 -0.0301538 150.236 -0.0211058 0.999771 -0.00354595 1.73354 0.0300725 0.00417997 0.999539 1.87051
0.99922 0.0194223 -0.0343943 152.163 -0.0195681 0.999801 -0.00390761 1.77272 0.0343115 0.0045776 0.999401 2.00893
0.99917 0.0196529 -0.0356921 154.119 -0.0195826 0.999806 0.00231969 1.75945 0.0357307 -0.00161882 0.99936 2.01373
0.999018 0.0179674 -0.0404924 155.993 -0.018104 0.999832 -0.00300789 1.81571 0.0404316 0.00373801 0.999175 2.1218
0.998915 0.0147529 -0.0441813 157.844 -0.0150978 0.999858 -0.00748286 1.77723 0.0440646 0.00814177 0.998996 2.33863
0.998756 0.0102063 -0.0488079 159.762 -0.0107591 0.999881 -0.0110759 1.74883 0.0486891 0.0115872 0.998747 2.40846
0.998665 0.0095633 -0.0507562 161.645 -0.0103765 0.999822 -0.0157825 1.81997 0.0505962 0.0162881 0.998586 2.45218
0.998975 0.00777605 -0.0445823 163.398 -0.00843013 0.999859 -0.0145022 1.84115 0.0444633 0.0148631 0.9989 2.72315
0.998713 0.00300573 -0.0506218 165.264 -0.00338866 0.999966 -0.00748049 1.7658 0.0505976 0.0076424 0.99869 2.77818
0.99852 -0.000219616 -0.054382 167.121 -0.000660349 0.999869 -0.0161627 1.9174 0.0543784 0.0161747 0.998389 2.83226
0.998464 -0.00386124 -0.0552761 169.018 0.00339934 0.999959 -0.00844772 1.86286 0.0553064 0.00824684 0.998435 2.94759
0.9986 -0.012405 -0.0514226 170.718 0.0117692 0.999851 -0.0126487 1.88318 0.0515719 0.0120258 0.998597 3.14768
0.998332 -0.0188495 -0.0545657 172.528 0.0184633 0.999801 -0.00757368 1.9895 0.0546976 0.00655359 0.998481 3.17448
0.99815 -0.0256049 -0.0551413 174.312 0.0253203 0.999662 -0.00585385 2.09271 0.0552726 0.00444683 0.998461 3.30523
0.998077 -0.0338543 -0.0519304 175.973 0.033973 0.999422 0.00140341 2.10048 0.0518528 -0.00316494 0.99865 3.49639
0.997677 -0.0425703 -0.0531903 177.674 0.0426886 0.999088 0.0010892 2.17508 0.0530954 -0.00335729 0.998584 3.5828
0.997103 -0.0544038 -0.0531597 179.417 0.0548617 0.998468 0.00719092 2.28861 0.052687 -0.0100865 0.99856 3.69592
0.996559 -0.0638159 -0.0528911 181.08 0.0643298 0.997896 0.00806993 2.56441 0.0522648 -0.0114446 0.998568 3.8864
0.995296 -0.0745538 -0.0618699 182.75 0.075428 0.99708 0.0119132 2.73574 0.0608011 -0.0165239 0.998013 3.91519
0.993912 -0.0900444 -0.0634846 184.393 0.0913938 0.99564 0.0186762 2.80953 0.0615261 -0.0243646 0.997808 4.08265
0.992185 -0.102102 -0.0717249 186.055 0.103704 0.994427 0.0189718 3.06711 0.0693881 -0.0262617 0.997244 4.17861
0.990573 -0.11643 -0.0721733 187.575 0.118004 0.992851 0.0179271 3.30675 0.0695701 -0.0262749 0.997231 4.34557
0.988352 -0.132461 -0.0749351 189.202 0.134048 0.990837 0.0165404 3.56618 0.0720575 -0.0263926 0.997051 4.48478
0.985576 -0.1509 -0.0766099 190.794 0.15222 0.988278 0.0116549 3.82113 0.0739532 -0.0231483 0.996993 4.63714
0.982396 -0.166711 -0.0842981 192.424 0.168048 0.985738 0.00897321 4.15441 0.0815999 -0.0229814 0.9964 4.70511
0.97985 -0.180091 -0.0863756 193.983 0.181855 0.98324 0.0129483 4.40624 0.0825961 -0.0283952 0.996179 4.85838
0.976659 -0.19588 -0.0881393 195.527 0.197537 0.98024 0.0103925 4.75203 0.084362 -0.0275607 0.996054 4.99234
0.973813 -0.209166 -0.0890994 197.049 0.210562 0.977559 0.00645977 5.18179 0.0857487 -0.0250515 0.996002 5.08362
0.970088 -0.224577 -0.092166 198.614 0.226216 0.974048 0.00759996 5.59004 0.0880673 -0.028222 0.995715 5.23764
0.966401 -0.238501 -0.0958445 200.173 0.240709 0.970523 0.0120035 6.0003 0.0901565 -0.0346707 0.995324 5.39969
0.963163 -0.251966 -0.093969 201.683 0.25445 0.966966 0.0152577 6.41949 0.0870204 -0.038606 0.995458 5.61191
0.959645 -0.265056 -0.0939514 203.188 0.267687 0.963367 0.016365 6.84655 0.086172 -0.0408541 0.995442 5.75904
0.956601 -0.276625 -0.0916158 204.625 0.27855 0.960382 0.00868892 7.35855 0.0855826 -0.0338314 0.995757 5.85281
0.953698 -0.286825 -0.090509 205.986 0.289357 0.957088 0.0159377 7.89085 0.0820538 -0.0413892 0.995768 6.00584
0.949493 -0.300485 -0.0904005 207.526 0.302562 0.953079 0.00988919 8.40165 0.0831872 -0.0367414 0.995856 6.04996
0.946349 -0.309492 -0.0929442 208.951 0.312351 0.949804 0.0176069 8.91572 0.0828295 -0.0456935 0.995516 6.18613
0.9436 -0.317615 -0.0934847 210.337 0.320626 0.94702 0.0187763 9.45892 0.0825683 -0.0476909 0.995444 6.30376
0.941318 -0.326038 -0.0872922 211.689 0.32868 0.94428 0.0174355 9.99574 0.0767437 -0.0451036 0.99603 6.47463
0.937004 -0.337562 -0.0898617 213.1 0.340528 0.940031 0.0195552 10.4686 0.0778716 -0.0489238 0.995762 6.55265
0.932441 -0.349941 -0.0899743 214.464 0.352817 0.935522 0.0178254 10.9931 0.0779352 -0.0483656 0.995785 6.67864
0.928357 -0.361041 -0.0883301 215.856 0.363613 0.931438 0.0144303 11.6229 0.0770641 -0.0455145 0.995987 6.7442
0.924486 -0.371858 -0.0839483 217.213 0.374553 0.927022 0.0184463 12.1721 0.0709625 -0.0484965 0.996299 6.91954
0.921141 -0.380314 -0.0828273 218.551 0.383262 0.923364 0.0225823 12.7456 0.0678913 -0.0525461 0.996308 6.96757
0.91903 -0.386742 -0.0762547 219.849 0.38967 0.92054 0.0276246 13.4304 0.059512 -0.0551019 0.996706 7.1628
0.914514 -0.397588 -0.0747554 221.691 0.400649 0.915703 0.0311257 14.2743 0.0560785 -0.0584156 0.996716 7.25167
0.913024 -0.40167 -0.0710547 222.907 0.404472 0.914052 0.0301905 14.9276 0.0528211 -0.0563043 0.997015 7.30888
0.909385 -0.409766 -0.0714887 224.357 0.412371 0.910648 0.0258973 15.5919 0.0544892 -0.0530305 0.997105 7.34967
0.907461 -0.414669 -0.0675523 225.779 0.41705 0.908527 0.0254482 16.3279 0.0508205 -0.051266 0.997391 7.46869
0.905077 -0.420199 -0.065332 227.06 0.422613 0.905866 0.0283616 16.8763 0.0472646 -0.0532796 0.99746 7.57676
0.903031 -0.423377 -0.0727115 228.398 0.426013 0.904374 0.0249237 17.4955 0.0552063 -0.0534829 0.997042 7.58174
0.901761 -0.426395 -0.0708091 229.686 0.42849 0.903389 0.0168846 18.2038 0.0567686 -0.0455669 0.997347 7.7168
0.900371 -0.42928 -0.0710737 230.967 0.431303 0.902077 0.0153229 18.7931 0.0575361 -0.0444506 0.997353 7.69749
0.900258 -0.431225 -0.0598401 232.199 0.432792 0.901358 0.0156536 19.4782 0.0471871 -0.0399906 0.998085 7.85029
0.898864 -0.435132 -0.051999 233.545 0.436418 0.8996 0.0160683 20.1315 0.0397865 -0.0371366 0.998518 7.92034
0.898196 -0.436707 -0.0503057 234.826 0.438094 0.898698 0.020412 20.8628 0.0362955 -0.0403726 0.998525 7.96799
0.897374 -0.438275 -0.0513332 236.097 0.43981 0.897789 0.0232842 21.5234 0.0358815 -0.0434715 0.99841 8.0317
0.897236 -0.438715 -0.0499664 237.37 0.440286 0.897479 0.026078 22.1815 0.033403 -0.0453976 0.99841 8.07697
0.896995 -0.439542 -0.0469306 238.687 0.441043 0.897041 0.0282548 22.8879 0.0296795 -0.0460428 0.998498 8.07811
0.895871 -0.442108 -0.0442304 240.067 0.443593 0.895644 0.0323474 23.5607 0.0253137 -0.0485994 0.998498 8.17163
0.894797 -0.444513 -0.0417999 241.477 0.44583 0.894608 0.0301966 24.1511 0.0239718 -0.0456555 0.99867 8.17155
0.895686 -0.44295 -0.0392761 242.682 0.444172 0.895403 0.0310523 24.935 0.0214133 -0.0452584 0.998746 8.21696
0.89489 -0.444296 -0.0421174 244.213 0.445792 0.894353 0.0374497 25.6309 0.021029 -0.052289 0.998411 8.22945
0.894893 -0.444596 -0.0387388 245.588 0.445878 0.894399 0.0352671 26.3624 0.0189683 -0.0488331 0.998627 8.25668
0.895054 -0.444535 -0.0355868 247.033 0.445599 0.894682 0.0313981 27.1066 0.0178813 -0.0439604 0.998873 8.28333
0.894276 -0.446045 -0.0362617 248.474 0.447006 0.894187 0.0247946 27.8134 0.0213652 -0.0383824 0.999035 8.28535
0.894156 -0.446707 -0.030608 249.851 0.447323 0.894206 0.0172708 28.4998 0.0196549 -0.0291345 0.999382 8.3591
0.893907 -0.447214 -0.0305084 251.297 0.447804 0.893987 0.0160948 29.2317 0.0200763 -0.028049 0.999405 8.38261
0.894212 -0.446533 -0.0315155 252.597 0.447191 0.894257 0.0180099 29.9457 0.0201409 -0.0301981 0.999341 8.39138
0.893874 -0.447576 -0.0257812 253.965 0.448072 0.893809 0.018367 30.6192 0.0148228 -0.0279697 0.999499 8.46541
0.894055 -0.447118 -0.0274201 255.287 0.447718 0.893903 0.0220593 31.3514 0.0146478 -0.0319987 0.999381 8.45526
0.893778 -0.44774 -0.0262846 256.638 0.448278 0.893665 0.0202338 32.0727 0.0144302 -0.0298673 0.99945 8.5281
0.892936 -0.449369 -0.0270477 258.082 0.449939 0.892817 0.0207899 32.8359 0.0148063 -0.0307339 0.999418 8.54467
0.891463 -0.452441 -0.0242905 259.454 0.452874 0.891418 0.0167216 33.545 0.0140874 -0.0259073 0.999565 8.55431
0.890317 -0.454881 -0.020471 260.902 0.455165 0.890324 0.0122098 34.3456 0.0126718 -0.0201882 0.999716 8.59405
0.888333 -0.458895 -0.0167384 262.311 0.459084 0.888337 0.00994171 35.0341 0.0103071 -0.0165159 0.99981 8.58442
0.886822 -0.462027 -0.008823 264.278 0.462056 0.886849 0.001527 36.2778 0.00711916 -0.00543089 0.99996 8.60438
0.884863 -0.465851 -0.000467363 265.66 0.46583 0.884832 -0.00863641 37.073 0.00443682 0.00742433 0.999963 8.62173
0.882499 -0.470305 0.00298889 267.053 0.4703 0.882405 -0.013394 37.771 0.00366184 0.0132258 0.999906 8.63937
0.881698 -0.471812 0.00130633 268.381 0.471773 0.881583 -0.0155393 38.5945 0.00617999 0.0143173 0.999878 8.60741
0.879767 -0.475396 0.00291475 269.769 0.475393 0.879688 -0.0122502 39.2559 0.0032596 0.0121629 0.999921 8.62175
0.879467 -0.475942 0.0042595 271.111 0.47596 0.879415 -0.00956381 40.1729 0.00080595 0.0104384 0.999945 8.64263
0.87747 -0.479617 0.00371131 272.466 0.479631 0.877437 -0.00763699 40.8348 0.000406388 0.00848129 0.999964 8.64036
0.875554 -0.483082 0.00604089 273.869 0.483109 0.875549 -0.00434391 41.5978 -0.00319063 0.00672174 0.999972 8.672
0.874366 -0.485162 0.0100948 275.225 0.485235 0.874359 -0.00664029 42.4269 -0.00560484 0.0107044 0.999927 8.66745
0.872568 -0.488352 0.0117272 276.574 0.488412 0.872609 -0.00278469 43.1469 -0.00887337 0.00815754 0.999927 8.65592
0.871998 -0.48921 0.0171132 277.862 0.489302 0.872114 -0.00137823 44.0019 -0.0142504 0.00957535 0.999853 8.68401
0.870637 -0.491655 0.0163538 279.249 0.491717 0.870755 0.0002622 44.7385 -0.0143691 0.00781317 0.999866 8.65959
0.87065 -0.49176 0.0118822 280.685 0.491743 0.870729 0.00448447 45.5972 -0.0125514 0.00193857 0.999919 8.62234
0.871554 -0.490188 0.0104278 282.055 0.490182 0.871614 0.00334569 46.4377 -0.010729 0.00219556 0.99994 8.60043
0.871049 -0.491026 0.012952 283.385 0.491075 0.871117 -0.00072637 47.1501 -0.0109261 0.00699312 0.999916 8.58827
0.870665 -0.491566 0.0174675 284.76 0.491686 0.870767 -0.00310741 47.9785 -0.0136826 0.011294 0.999843 8.6344
0.871205 -0.4906 0.0177369 286.206 0.490767 0.871267 -0.00648863 48.8234 -0.0122703 0.0143576 0.999822 8.57828
0.87028 -0.492193 0.0189143 287.607 0.492386 0.870348 -0.00708161 49.5149 -0.0129765 0.0154761 0.999796 8.53478
0.869982 -0.492669 0.0201873 288.985 0.492854 0.870096 -0.00520565 50.278 -0.0150003 0.0144782 0.999783 8.53345
0.87082 -0.491115 0.0218927 290.417 0.49139 0.870889 -0.00937026 51.2687 -0.0144643 0.0189177 0.999716 8.51436
0.870302 -0.492154 0.0189434 291.962 0.492385 0.870318 -0.0102017 52.0942 -0.0114659 0.018206 0.999769 8.49424
0.870314 -0.492228 0.0162872 293.371 0.492392 0.870336 -0.00812055 52.9338 -0.0101782 0.0150871 0.999834 8.50609
0.870004 -0.492782 0.0161013 294.813 0.492967 0.869983 -0.0106051 53.7176 -0.00878185 0.0171639 0.999814 8.52138
0.870516 -0.49188 0.0159863 296.239 0.492072 0.870476 -0.0116967 54.594 -0.00816227 0.0180486 0.999804 8.51201
0.870798 -0.491256 0.0194231 297.677 0.491535 0.87075 -0.0137021 55.463 -0.0101815 0.0214789 0.999717 8.5189
0.870484 -0.491947 0.0157005 299.047 0.492169 0.870335 -0.0169595 56.1637 -0.00532147 0.0224903 0.999733 8.49676
0.871067 -0.490882 0.0166276 300.356 0.491154 0.870764 -0.0231776 57.0261 -0.00310123 0.028356 0.999593 8.54556
0.871374 -0.49042 0.014017 301.768 0.490618 0.87094 -0.027517 57.8444 0.00128689 0.0308546 0.999523 8.51699
0.87085 -0.491448 0.00994034 303.251 0.491532 0.870481 -0.0256808 58.652 0.00396791 0.0272502 0.999621 8.51582
0.871602 -0.490169 0.00666057 304.697 0.490167 0.871249 -0.0257064 59.5241 0.00679748 0.0256706 0.999647 8.5052
0.87204 -0.489336 0.00985769 306.005 0.489431 0.871766 -0.0219625 60.3172 0.00215343 0.0239768 0.99971 8.61648
0.873474 -0.48683 0.00631987 307.919 0.486808 0.873079 -0.0273976 61.451 0.00782023 0.0270077 0.999605 8.53667
0.874776 -0.484498 0.00530399 308.936 0.484475 0.874469 -0.0242331 62.0574 0.00710273 0.0237682 0.999692 8.58251
0.87756 -0.479446 0.00438736 310.815 0.479423 0.877322 -0.0214329 63.1662 0.00642681 0.0209121 0.999761 8.61319
0.878548 -0.477651 0.00137132 312.217 0.477595 0.878393 -0.0181239 63.8862 0.00745235 0.0165777 0.999835 8.61864
0.880774 -0.473532 0.00200369 313.635 0.473492 0.880625 -0.0174471 64.6944 0.00649724 0.0163156 0.999846 8.66566
0.882979 -0.469401 0.0033463 315 0.469401 0.882882 -0.0134864 65.4349 0.00337612 0.0134789 0.999903 8.69335
0.884507 -0.466495 0.00545119 316.311 0.466525 0.884417 -0.0126963 66.1282 0.00110163 0.0137731 0.999905 8.7231
0.887245 -0.46126 0.00593916 317.79 0.461296 0.887124 -0.01471 66.9315 0.00151636 0.0157911 0.999874 8.69563
0.890561 -0.454849 0.00361101 319.164 0.454859 0.890491 -0.011338 67.6332 0.00194152 0.0117397 0.999929 8.70469
0.893877 -0.448294 0.00409218 320.52 0.448287 0.893692 -0.0187931 68.3817 0.00476768 0.0186332 0.999815 8.71726
0.896847 -0.442295 0.00631661 321.867 0.442329 0.896635 -0.0197711 69.0525 0.00308097 0.0205257 0.999785 8.78225
0.900775 -0.43422 0.00753788 323.296 0.434281 0.900548 -0.0203196 69.7343 0.00203498 0.021577 0.999765 8.78569
0.904317 -0.426536 0.0166941 324.752 0.426827 0.904051 -0.0225668 70.4319 -0.00546681 0.027533 0.999606 8.81009
0.908224 -0.418309 0.0120959 326.181 0.418483 0.907896 -0.024444 71.1165 -0.000756683 0.0272626 0.999628 8.77876
0.911959 -0.410227 0.00672762 327.531 0.410224 0.911432 -0.0317352 71.7989 0.00688686 0.031701 0.999474 8.77685
0.915106 -0.403172 -0.0057819 329 0.402945 0.914926 -0.0233554 72.4322 0.0147062 0.0190429 0.999711 8.78196
0.918815 -0.394664 -0.00445476 330.371 0.394542 0.918722 -0.0169175 73.1429 0.0107694 0.0137865 0.999847 8.75422
0.921597 -0.388116 0.00502521 331.863 0.388149 0.921509 -0.0127286 73.7433 0.000309392 0.0136811 0.999906 8.81717
0.924191 -0.38189 0.00555621 333.38 0.38193 0.924079 -0.0144114 74.3152 0.000369202 0.015441 0.999881 8.7427
0.926913 -0.375244 0.00502479 334.765 0.375277 0.926823 -0.0129251 74.9114 0.000192986 0.0138662 0.999904 8.81964
0.92898 -0.370104 0.00440197 336.267 0.370129 0.928939 -0.00876417 75.5216 -0.000845507 0.00977103 0.999952 8.89185
0.931083 -0.364797 0.00261619 337.65 0.364806 0.931047 -0.0082339 76.1162 0.000567903 0.00862085 0.999963 8.82916
0.933094 -0.359632 0.000832109 339.119 0.359633 0.933088 -0.00335565 76.7388 0.000430369 0.00343039 0.999994 8.87934
0.933464 -0.35867 -0.000305954 340.666 0.358665 0.933455 -0.00447966 77.1797 0.00189232 0.00407187 0.99999 8.91932
0.934158 -0.356859 -0.00111716 342.257 0.356855 0.934156 -0.0028643 77.8602 0.00206575 0.00227704 0.999995 8.90676
0.935023 -0.354584 -0.00153998 343.933 0.354587 0.935018 0.00301406 78.5312 0.000371175 -0.00336427 0.999994 8.88878
0.936536 -0.350569 -0.00129146 345.381 0.350572 0.936531 0.00302223 79.2292 0.000149992 -0.00328318 0.999995 8.90668
0.936685 -0.350138 -0.00495782 346.674 0.350151 0.936691 0.00208785 79.7745 0.00391291 -0.00369164 0.999986 8.97106
0.936542 -0.350413 -0.00996758 348.323 0.350405 0.936595 -0.00261726 80.3865 0.0102527 -0.00104152 0.999947 8.95156
0.936272 -0.350986 -0.014264 349.731 0.35101 0.936371 -0.000869005 80.9157 0.0136614 -0.00419318 0.999898 8.97541
0.936696 -0.349664 -0.0183215 351.107 0.34971 0.936858 -0.000757688 81.534 0.0174296 -0.00569749 0.999832 9.02188
0.935266 -0.353357 -0.0204015 352.959 0.353314 0.935487 -0.00581611 82.0575 0.0211405 -0.00176852 0.999775 9.07566
0.935416 -0.352882 -0.021696 354.595 0.352789 0.935668 -0.00811238 82.71 0.023163 -6.56726e-05 0.999732 9.10899
0.936562 -0.349969 -0.0193217 356.164 0.349819 0.936756 -0.0107378 83.4781 0.0218576 0.00329747 0.999756 9.18884
0.937156 -0.348528 -0.0163047 357.626 0.348268 0.937244 -0.0168472 84.0222 0.0211532 0.0101101 0.999725 9.19847
0.938157 -0.345692 -0.0189443 358.984 0.345484 0.938328 -0.0134534 84.5952 0.0224267 0.00607641 0.99973 9.21632
0.938056 -0.345974 -0.018785 360.482 0.345735 0.938215 -0.0148315 85.061 0.0227557 0.00741812 0.999714 9.26638
0.93864 -0.344027 -0.0245209 361.851 0.343747 0.938943 -0.0149632 85.6375 0.0281715 0.00561604 0.999587 9.21689
0.938813 -0.343399 -0.0265827 363.308 0.343308 0.939188 -0.00803739 86.1501 0.0277262 -0.00158044 0.999614 9.3637
0.9393 -0.342117 -0.0259192 364.756 0.342125 0.939645 -0.00426034 86.7379 0.0258124 -0.00486588 0.999655 9.44777
0.939622 -0.3413 -0.0250025 366.08 0.341276 0.939948 -0.00533736 87.2291 0.0253227 -0.00351765 0.999673 9.46985
0.939933 -0.340363 -0.0260765 367.491 0.340331 0.940288 -0.00576191 87.7938 0.0264806 -0.00345886 0.999643 9.53109
0.940224 -0.339141 -0.0310208 368.944 0.339279 0.940685 -0.000880491 88.3721 0.0294794 -0.00969683 0.999518 9.54566
0.940174 -0.339625 -0.0269681 370.437 0.339558 0.940558 -0.00715163 88.9156 0.0277939 -0.00243345 0.999611 9.65234
0.940683 -0.338232 -0.026735 371.772 0.338232 0.941051 -0.00466645 89.4277 0.0267374 -0.004653 0.999632 9.6783
0.941188 -0.3367 -0.0282636 373.171 0.336835 0.941564 1.22267e-05 89.9717 0.0266079 -0.00953166 0.999601 9.7197
0.941571 -0.335922 -0.0245191 374.587 0.335922 0.94188 -0.00424464 90.5289 0.0245199 -0.00423989 0.99969 9.81582
0.941838 -0.334831 -0.0287896 376.031 0.334894 0.942252 -0.00274514 91.0686 0.0280463 -0.00705599 0.999582 9.8147
0.942401 -0.333181 -0.0295229 377.498 0.333177 0.94285 -0.00519078 91.7075 0.0295652 -0.00494457 0.999551 9.82887
0.942562 -0.33301 -0.0261078 378.926 0.332799 0.942919 -0.0121965 92.2501 0.0286791 0.00280729 0.999585 9.9343
0.942568 -0.333069 -0.0251074 380.41 0.332873 0.942899 -0.0117407 92.7579 0.0275842 0.00270887 0.999616 9.99372
0.94277 -0.332281 -0.0278338 381.908 0.332131 0.94318 -0.0100003 93.3624 0.0295752 0.000183526 0.999563 10.0289
0.942329 -0.333397 -0.0293592 383.33 0.333181 0.942785 -0.0121305 93.8026 0.0317237 0.00164898 0.999495 10.0583
0.94319 -0.331119 -0.0274352 384.777 0.331029 0.943588 -0.00789773 94.4545 0.0285026 -0.00163278 0.999592 10.1267
0.942661 -0.332706 -0.0263951 386.327 0.332645 0.943028 -0.00680146 94.9712 0.0271542 -0.00236875 0.999628 10.1956
0.942021 -0.334416 -0.0276184 387.786 0.334353 0.942422 -0.00700442 95.4277 0.0283706 -0.002636 0.999594 10.2715
0.94216 -0.334022 -0.027622 389.659 0.333866 0.942565 -0.0102187 96.1693 0.0294488 0.000405636 0.999566 10.3595
0.941577 -0.335556 -0.0289075 391.024 0.335358 0.94202 -0.0115973 96.6802 0.0311229 0.00122536 0.999515 10.3549
0.941604 -0.335595 -0.0275214 392.628 0.335491 0.942005 -0.00846119 97.2819 0.0287648 -0.00126609 0.999585 10.4538
0.941382 -0.336216 -0.0275379 393.899 0.336018 0.941783 -0.0116825 97.7226 0.0298626 0.00174447 0.999552 10.5038
0.940952 -0.337355 -0.0282931 395.415 0.337198 0.941377 -0.0103033 98.2508 0.0301103 0.00015452 0.999547 10.5442
0.941662 -0.335353 -0.0284868 396.857 0.335438 0.94206 -0.00187329 98.9174 0.0274645 -0.00779154 0.999592 10.6371
0.940607 -0.338378 -0.027544 398.447 0.33846 0.940979 -0.00177553 99.3519 0.0265191 -0.00765245 0.999619 10.7093
0.941371 -0.336078 -0.0295218 399.996 0.336119 0.941812 -0.00369034 100.025 0.0290442 -0.00644885 0.999557 10.6858
0.941371 -0.336082 -0.0294871 401.391 0.335998 0.94183 -0.00789067 100.522 0.0304237 -0.00247957 0.999534 10.7437
0.942123 -0.334062 -0.0284117 403.204 0.33384 0.942549 -0.0123885 101.253 0.0309179 0.0021865 0.99952 10.8087
0.942175 -0.334107 -0.0260358 404.662 0.334057 0.942531 -0.00635853 101.708 0.026664 -0.0027066 0.999641 10.8994
0.942743 -0.332557 -0.0253217 406.081 0.332416 0.943083 -0.00970345 102.219 0.0271074 0.000730508 0.999632 10.8964
0.943541 -0.330408 -0.0236807 407.575 0.33038 0.943834 -0.00517455 102.854 0.0240603 -0.00294124 0.999706 10.9774
0.945021 -0.326073 -0.0247252 409.042 0.326023 0.945342 -0.00614036 103.497 0.025376 -0.00225824 0.999675 10.9952
0.944757 -0.326792 -0.0253436 410.444 0.326746 0.945093 -0.00602231 103.909 0.0259201 -0.00259133 0.999661 11.0602
0.944875 -0.326178 -0.0286174 411.945 0.32607 0.945308 -0.00848345 104.448 0.0298193 -0.00131547 0.999554 11.0944
0.945392 -0.324448 -0.0311141 413.399 0.324332 0.945902 -0.00883351 105.019 0.0322969 -0.00174019 0.999477 11.1428
0.946036 -0.322724 -0.0294174 414.843 0.322625 0.946492 -0.0081721 105.571 0.0304807 -0.0017597 0.999534 11.1904
0.946174 -0.322536 -0.0269315 416.255 0.322561 0.946542 -0.0035327 106.039 0.0266313 -0.00534451 0.999631 11.2658
0.946401 -0.322004 -0.0252816 417.701 0.321967 0.946734 -0.00565904 106.533 0.0257572 -0.00278413 0.999664 11.2878
0.94626 -0.322227 -0.0276019 419.131 0.32224 0.946649 -0.00411462 106.998 0.0274552 -0.00500093 0.999611 11.304
0.946627 -0.321251 -0.0263654 420.509 0.321305 0.946973 -0.00227291 107.569 0.0256975 -0.00631975 0.99965 11.3784
0.946627 -0.321299 -0.0257871 421.941 0.321285 0.94697 -0.00477469 108.137 0.0259537 -0.00376515 0.999656 11.4308
0.946096 -0.322867 -0.0256856 423.524 0.322745 0.946445 -0.00884577 108.677 0.027166 7.90272e-05 0.999631 11.4315
0.945549 -0.324635 -0.0234274 424.883 0.324593 0.945837 -0.00567476 109.151 0.0240007 -0.00223859 0.999709 11.5173
0.945595 -0.32436 -0.0253255 426.385 0.324332 0.945928 -0.00533174 109.723 0.0256855 -0.00317219 0.999665 11.5109
0.945373 -0.324813 -0.0276982 427.932 0.324828 0.945764 -0.00409457 110.324 0.0275259 -0.00512625 0.999608 11.5513
0.94494 -0.326154 -0.0266801 429.33 0.32622 0.945292 -0.00196025 110.811 0.0258599 -0.00685127 0.999642 11.6222
0.944621 -0.326972 -0.0279376 430.825 0.327029 0.945011 -0.00262762 111.326 0.0272605 -0.00665431 0.999606 11.6811
0.94389 -0.328701 -0.0320406 432.306 0.328736 0.944412 -0.00431087 111.805 0.0316765 -0.00646392 0.999477 11.7197
0.943596 -0.329732 -0.0300683 433.858 0.329793 0.944048 -0.00305342 112.355 0.0293927 -0.0070351 0.999543 11.7374
0.943906 -0.329109 -0.0270083 435.304 0.329169 0.944268 -0.00231394 112.923 0.0262646 -0.00670615 0.999633 11.8212
0.943523 -0.330407 -0.0244144 436.733 0.330371 0.943834 -0.00560452 113.405 0.024895 -0.00277784 0.999686 11.8737
0.944018 -0.328865 -0.0260426 438.198 0.328763 0.944377 -0.00822129 114.026 0.0272977 -0.000800811 0.999627 11.8968
0.943803 -0.329486 -0.0259842 439.663 0.329384 0.94416 -0.00822762 114.593 0.0272441 -0.000793527 0.999628 11.9554
0.94341 -0.330931 -0.0214816 441.183 0.330859 0.943655 -0.00692151 115.055 0.0225617 -0.000577556 0.999745 12.0227
0.943767 -0.32977 -0.0235843 442.628 0.329805 0.944046 -0.00253242 115.63 0.0230998 -0.00538819 0.999719 12
0.943663 -0.329907 -0.025719 444.232 0.329977 0.943987 -0.00158911 116.228 0.0248027 -0.0069871 0.999668 12.0142
0.943843 -0.329518 -0.0240631 445.549 0.32952 0.94414 -0.00400835 116.732 0.0240397 -0.00414601 0.999702 12.0864
0.943665 -0.330071 -0.0234353 447.688 0.330151 0.943928 -0.000460672 117.454 0.0222733 -0.00730247 0.999725 12.1755
0.944265 -0.328602 -0.019597 449.107 0.328646 0.944453 -0.00101741 117.998 0.0188428 -0.00547977 0.999807 12.2556
0.945065 -0.326289 -0.0196831 451.133 0.326416 0.94522 0.00351233 118.796 0.0174588 -0.00974426 0.9998 12.2821
0.945638 -0.324506 -0.0215384 452.517 0.324708 0.945792 0.00655709 119.318 0.0182431 -0.0131943 0.999747 12.2694
0.946148 -0.323048 -0.0210724 453.952 0.323264 0.946277 0.00769839 119.869 0.0174534 -0.0140958 0.999748 12.3551
0.946441 -0.322132 -0.0219077 455.481 0.322301 0.946626 0.00455102 120.414 0.0192724 -0.0113682 0.99975 12.3753
0.946381 -0.322396 -0.0206017 456.844 0.322593 0.946512 0.00695191 120.88 0.0172585 -0.0132251 0.999764 12.4071
0.946655 -0.32191 -0.0148021 458.382 0.322018 0.946718 0.00550796 121.387 0.0122404 -0.00998068 0.999875 12.4332
0.94715 -0.320579 -0.0116889 459.876 0.320667 0.94717 0.00652875 121.97 0.00897835 -0.00993193 0.99991 12.47
0.947855 -0.318576 -0.00900347 461.321 0.318657 0.947821 0.00968891 122.551 0.00544702 -0.0120527 0.999913 12.4682
0.948168 -0.317662 -0.00823999 462.79 0.317741 0.948109 0.0113766 123.016 0.00419851 -0.0134051 0.999901 12.4813
0.947767 -0.318898 -0.00646733 464.311 0.318948 0.947725 0.00946179 123.495 0.0031119 -0.0110303 0.999934 12.4763
0.948044 -0.318082 -0.00596325 465.745 0.318114 0.948036 0.00549799 123.999 0.00390456 -0.00710933 0.999967 12.4621
0.948501 -0.316734 -0.00515129 467.251 0.316747 0.948508 0.00205336 124.564 0.00423567 -0.00357927 0.999985 12.4907
0.949242 -0.314524 -0.00371824 468.65 0.314524 0.949249 -0.00055832 125.133 0.00370515 -0.000639495 0.999993 12.4959
0.949018 -0.315214 -0.00231631 470.196 0.315213 0.949021 -0.000709152 125.57 0.00242176 -5.71326e-05 0.999997 12.4671
0.949069 -0.315066 0.000909533 471.617 0.315064 0.949069 0.00146596 126.076 -0.00132508 -0.00110474 0.999999 12.5
0.949961 -0.31237 0.000412155 473.179 0.312369 0.949955 -0.0032134 126.717 0.000612238 0.00318134 0.999995 12.4844
0.949503 -0.313752 0.00167098 474.638 0.313756 0.949494 -0.00421404 127.191 -0.000264423 0.00452553 0.99999 12.5085
0.949551 -0.313611 -0.000574299 476.23 0.313601 0.949532 -0.00654022 127.773 0.0025964 0.00603018 0.999978 12.4805
0.949278 -0.314418 -0.00359301 477.671 0.314379 0.949258 -0.00862699 128.279 0.00612318 0.00705984 0.999956 12.4648
0.948634 -0.316311 -0.00634981 479.2 0.31628 0.94865 -0.00541915 128.715 0.00773789 0.00313247 0.999965 12.5179
0.948381 -0.317074 -0.00621519 480.826 0.31701 0.948375 -0.0094805 129.24 0.00890035 0.00702084 0.999936 12.5502
0.949023 -0.3152 -0.00189607 482.25 0.315171 0.948991 -0.00906842 129.84 0.00465772 0.00800856 0.999957 12.5323
0.949158 -0.314793 0.00224518 483.752 0.314801 0.949117 -0.00874544 130.387 0.000622069 0.00900758 0.999959 12.5173
0.948583 -0.316455 0.00682321 485.194 0.316485 0.94859 -0.00376366 130.821 -0.0052814 0.00572959 0.99997 12.5775
0.948184 -0.31772 -0.000733915 486.802 0.317715 0.948179 -0.00358079 131.361 0.00183357 0.00316208 0.999993 12.572
0.948156 -0.317771 -0.00460409 488.294 0.317768 0.948167 -0.00130903 131.864 0.00478142 -0.000221869 0.999989 12.624
0.948449 -0.31689 -0.00500199 489.682 0.316902 0.948457 0.00181643 132.42 0.00416856 -0.00330794 0.999986 12.674
0.948608 -0.316408 -0.00528057 491.198 0.316437 0.948594 0.00603093 132.999 0.00310089 -0.00739196 0.999968 12.6748
0.949002 -0.315229 -0.00518097 492.912 0.315255 0.948991 0.00549069 133.68 0.00318587 -0.006844 0.999972 12.6636
0.948813 -0.31578 -0.00607112 494.337 0.315808 0.948813 0.00433203 134.182 0.00439238 -0.00602759 0.999972 12.6998
0.948538 -0.316457 -0.0114337 496.313 0.316494 0.948593 0.00155018 134.88 0.0103554 -0.0050891 0.999933 12.6917
0.947862 -0.318599 -0.00723397 498.166 0.318612 0.947885 0.000725475 135.415 0.00662584 -0.00299248 0.999974 12.7785
0.947834 -0.318751 -0.00290725 499.663 0.318742 0.947836 -0.0032569 135.957 0.00379374 0.00216034 0.99999 12.7935
0.948204 -0.317619 -0.00519503 501.025 0.317609 0.948218 -0.00262965 136.448 0.00576124 0.000843457 0.999983 12.7493
0.948478 -0.31673 -0.00842191 502.411 0.316716 0.948516 -0.00293185 136.991 0.00891692 0.000113444 0.99996 12.7883
0.94894 -0.315256 -0.0112063 503.975 0.315228 0.949007 -0.00424225 137.546 0.0119723 0.000493092 0.999928 12.8056
0.949327 -0.314019 -0.0130737 505.534 0.314058 0.949403 0.000979514 138.159 0.0121046 -0.00503578 0.999914 12.8451
0.949067 -0.314968 -0.00822225 506.984 0.315011 0.949077 0.0045677 138.541 0.00636486 -0.00692515 0.999956 12.9231
0.948783 -0.315764 -0.0101905 508.355 0.315843 0.948782 0.00742964 138.948 0.00732257 -0.0102677 0.99992 12.887
0.94986 -0.312363 -0.0139764 509.547 0.312449 0.949925 0.00438623 139.556 0.0119064 -0.00853322 0.999893 12.9027
0.949174 -0.314076 -0.0206149 511.249 0.314266 0.949312 0.00664093 140.074 0.0174843 -0.012782 0.999765 12.9485
0.949149 -0.314105 -0.0213388 513 0.314296 0.949304 0.00623981 140.59 0.018297 -0.0126292 0.999753 12.9717
0.949939 -0.311971 -0.0170292 514.083 0.312172 0.949965 0.0107115 141.092 0.0128354 -0.0154913 0.999798 13.0395
0.950111 -0.311489 -0.0162178 515.66 0.31168 0.950124 0.0109622 141.663 0.0119943 -0.0154701 0.999808 13.0359
0.949241 -0.314228 -0.0142085 517.281 0.3144 0.949214 0.0120432 142.036 0.00970264 -0.015899 0.999827 13.0819
0.949994 -0.311966 -0.0137682 518.635 0.312136 0.949954 0.012618 142.66 0.00914272 -0.0162846 0.999826 13.114
0.950087 -0.311706 -0.0131849 520.071 0.311884 0.950006 0.01474 143.145 0.00793116 -0.0181164 0.999804 13.1404
0.949356 -0.31387 -0.0144152 521.87 0.314053 0.949319 0.0128038 143.68 0.00966585 -0.0166825 0.999814 13.127
0.948162 -0.317436 -0.0149155 523.592 0.317619 0.948141 0.0120897 144.124 0.0103043 -0.0162005 0.999816 13.1521
0.949307 -0.313913 -0.0166026 524.97 0.314088 0.94935 0.00917506 144.738 0.0128816 -0.0139246 0.99982 13.1514
0.948803 -0.315474 -0.0157694 526.49 0.315638 0.948835 0.00919642 145.208 0.0120613 -0.013703 0.999833 13.1723
0.948371 -0.317001 -0.0101618 527.995 0.317064 0.948389 0.00529247 145.698 0.00795961 -0.00824116 0.999934 13.2294
0.948993 -0.315016 -0.0133162 529.458 0.315145 0.949 0.00905256 146.252 0.00978542 -0.0127874 0.99987 13.2302
0.948138 -0.317681 -0.010635 530.862 0.317757 0.948151 0.00636671 146.607 0.00806097 -0.00941586 0.999923 13.2626
0.948995 -0.314904 -0.0156217 532.373 0.315053 0.94904 0.00810827 147.276 0.0122723 -0.0126164 0.999845 13.2371
0.949473 -0.313019 -0.0227949 533.818 0.313195 0.949678 0.00454469 147.826 0.0202253 -0.0114543 0.99973 13.268
0.949464 -0.312653 -0.027684 535.311 0.312894 0.949776 0.00473214 148.355 0.0248141 -0.0131552 0.999606 13.3023
0.949537 -0.312514 -0.0267419 536.715 0.312581 0.949889 -0.00175136 148.825 0.0259492 -0.00669604 0.999641 13.3411
0.950553 -0.309621 -0.0241576 538.5 0.309915 0.950717 0.00944325 149.56 0.0200432 -0.0164631 0.999664 13.4388
0.949449 -0.312958 -0.0245761 540.337 0.313196 0.949667 0.00642909 150.013 0.021327 -0.0138012 0.999677 13.4231
0.950244 -0.310213 -0.0283594 541.389 0.310601 0.950484 0.0103742 150.441 0.0237369 -0.0186664 0.999544 13.4471
0.950505 -0.309569 -0.026592 542.911 0.309901 0.950723 0.00934934 150.988 0.0223874 -0.0171275 0.999603 13.5182
0.950978 -0.308158 -0.0260524 544.432 0.308427 0.951223 0.00694651 151.557 0.022641 -0.0146412 0.999636 13.6026
0.951083 -0.307849 -0.0258862 546.046 0.308019 0.951376 0.00274841 152.136 0.0237814 -0.0105874 0.999661 13.5978
0.951008 -0.308004 -0.0267938 547.399 0.308335 0.951234 0.00915842 152.559 0.0226664 -0.0169712 0.999599 13.5964
0.950757 -0.309217 -0.0210904 548.645 0.309476 0.950852 0.0102522 152.965 0.0168836 -0.0162744 0.999725 13.7164
0.950561 -0.309819 -0.0211023 550.092 0.31003 0.950697 0.00749117 153.457 0.017741 -0.0136632 0.999749 13.7009
0.951096 -0.307985 -0.0236991 551.633 0.308226 0.951286 0.00720521 154.015 0.0203255 -0.0141575 0.999693 13.7264
0.95141 -0.307119 -0.0223003 552.88 0.307348 0.951566 0.00763589 154.506 0.0188751 -0.0141188 0.999722 13.8391
