1 0 0 0 0 1 0 0 -0 0 1 0
0.999935 -0.0113948 0.000531308 0.499987 0.0113961 0.999932 -0.00243782 0.0306104 -0.000503493 0.00244371 0.999997 0.0343345
0.999916 -0.0128462 0.00199198 0.98075 0.0128517 0.999914 -0.00279456 0.0458521 -0.00195591 0.00281992 0.999994 0.0222338
0.99987 -0.0160656 0.00143092 1.35905 0.0160743 0.999851 -0.00629711 0.016926 -0.00132954 0.00631929 0.999979 0.0470481
0.999811 -0.0194414 -0.000803476 1.84141 0.0194384 0.999805 -0.00361417 0.100822 0.000873583 0.00359786 0.999993 0.0430982
0.999731 -0.0231153 -0.00205188 2.32383 0.0231093 0.999729 -0.00289952 0.186243 0.00211835 0.00285132 0.999994 0.0400875
0.999698 -0.024425 -0.00276088 2.9526 0.0244127 0.999692 -0.00440205 0.187541 0.00286755 0.00433332 0.999986 0.0502396
0.999625 -0.027212 -0.00302248 3.4571 0.0272014 0.999624 -0.00352288 0.223257 0.00311721 0.00343934 0.999989 0.0238224
0.999594 -0.028503 -0.000612533 3.96191 0.0285001 0.999585 -0.00430133 0.260594 0.000734879 0.00428212 0.999991 -0.00241696
0.999531 -0.0306322 7.71202e-05 4.63301 0.0306323 0.999521 -0.00448232 0.336929 6.02203e-05 0.00448258 0.99999 0.0324872
0.999517 -0.0310677 0.00102679 5.30358 0.0310713 0.99951 -0.00375353 0.414555 -0.000909669 0.00378362 0.999992 0.0662868
0.999402 -0.0345478 0.00158413 5.8295 0.034549 0.999403 -0.000780956 0.441153 -0.0015562 0.000835219 0.999998 0.00918605
0.999358 -0.0358205 0.000235958 6.38243 0.0358205 0.999358 1.31705e-05 0.487088 -0.000236278 -4.70992e-06 1 0.00673866
0.999224 -0.039397 0.000487544 6.93536 0.0393966 0.999223 0.000865026 0.533757 -0.000521244 -0.000845147 1 0.0050024
0.999163 -0.040895 0.000110712 7.48844 0.040895 0.999163 -0.00057983 0.582136 -8.69074e-05 0.000583872 1 0.00298706
0.999022 -0.0442094 0.000608581 8.04179 0.0442091 0.999022 0.000542437 0.631243 -0.000631967 -0.000515002 1 0.00130884
0.999001 -0.0446744 0.000886526 8.63926 0.0446732 0.999001 0.00138556 0.656744 -0.000947539 -0.00134457 0.999999 -0.0237417
0.998823 -0.0485038 -0.000289208 9.23669 0.0485042 0.998821 0.00179711 0.682884 0.0002017 -0.00180902 0.999998 -0.0488467
0.998944 -0.0459409 0.000659434 9.834 0.0459385 0.998939 0.00332889 0.711481 -0.000811667 -0.00329508 0.999994 -0.0731184
0.998821 -0.0485415 -0.000230119 10.4321 0.0485417 0.998821 0.00101859 0.832389 0.000180404 -0.00102856 0.999999 -0.017566
0.998884 -0.0472147 -0.000962594 11.0299 0.0472123 0.998882 -0.00234927 0.954415 0.00107244 0.00230121 0.999997 0.0382823
0.998776 -0.0494234 -0.00180014 11.724 0.0494227 0.998778 -0.000444064 0.952172 0.00181989 0.000354553 0.999998 -0.0353819
0.998693 -0.0511119 -0.000889966 12.3795 0.0511104 0.998692 -0.00163259 1.02208 0.000972246 0.00158497 0.999998 -0.0121135
0.998699 -0.0509918 -0.000360774 13.0349 0.0509911 0.998697 -0.00191332 1.09305 0.000457868 0.00189244 0.999998 0.0104637
0.998655 -0.0518406 -0.000414907 13.69 0.0518385 0.998647 -0.0040329 1.16383 0.000623414 0.00400597 0.999992 0.0324237
0.998595 -0.0529804 0.000688074 14.3448 0.0529826 0.998588 -0.00378352 1.23498 -0.00048665 0.00381466 0.999993 0.0542946
0.998521 -0.0543663 -0.000331527 14.8664 0.0543652 0.998517 -0.0027298 1.24446 0.000479445 0.00270774 0.999996 -0.0385888
0.998435 -0.0559258 -0.000280213 15.4588 0.0559251 0.998433 -0.00219055 1.31778 0.000402282 0.00217145 0.999998 -0.0250074
0.998361 -0.0572252 -0.00102848 16.0513 0.0572206 0.998353 -0.00406021 1.39205 0.00125913 0.00399471 0.999991 -0.0116383
0.998332 -0.0577259 0.00102292 16.7897 0.057729 0.998327 -0.00328773 1.44521 -0.000831426 0.0033413 0.999994 -0.00506753
0.998308 -0.0581505 5.23575e-05 17.5277 0.05815 0.998295 -0.00514825 1.49871 0.000247105 0.00514259 0.999987 -0.000415741
0.99823 -0.0594756 0.000621027 18.0417 0.0594774 0.998223 -0.00352258 1.54958 -0.000410417 0.00355328 0.999994 -0.0209089
0.998215 -0.0596758 0.00234995 18.5565 0.0596806 0.998215 -0.00205629 1.60113 -0.00222305 0.00219286 0.999995 -0.041684
0.998205 -0.0598826 0.000573226 19.3186 0.0598835 0.998204 -0.00172677 1.69323 -0.000468793 0.00175799 0.999998 -0.0348372
0.99821 -0.0597627 0.00247285 19.9008 0.0597613 0.998212 0.00063699 1.79085 -0.0025065 -0.000488069 0.999997 -0.0422994
0.998158 -0.0605604 0.00372401 20.5116 0.0605617 0.998164 -0.000250827 1.83133 -0.00370199 0.000475898 0.999993 -0.0233916
0.998128 -0.0609402 0.00509697 21.1226 0.0609424 0.998141 -0.000281184 1.87253 -0.00507036 0.000591279 0.999987 -0.00518178
0.998152 -0.0604906 0.00572322 21.7338 0.0605057 0.998165 -0.00250299 1.91427 -0.00556131 0.00284465 0.99998 0.0119638
0.998071 -0.0617519 0.00641589 22.3875 0.0617703 0.998087 -0.00270548 1.98213 -0.00623655 0.00309658 0.999976 -0.0377095
0.998092 -0.0610697 0.00908513 22.9937 0.0610856 0.998131 -0.00148273 2.06163 -0.0089776 0.00203487 0.999958 -0.0367413
0.998045 -0.0610334 0.0134931 23.6183 0.061063 0.998132 -0.0017881 2.08327 -0.0133587 0.00260853 0.999907 -0.0212247
0.998047 -0.061948 -0.00800854 24.1708 0.0619085 0.998069 -0.00508328 2.1526 0.00830797 0.00457756 0.999955 -0.0988839
0.99739 -0.0603586 -0.0396148 24.8017 0.059683 0.998055 -0.0180212 2.29307 0.0406255 0.0156099 0.999053 -0.0421535
0.996742 -0.0615158 -0.0521601 25.3788 0.06063 0.997991 -0.0183988 2.26303 0.0531871 0.0151764 0.998469 -0.0437267
0.996875 -0.0606032 -0.0506652 25.9623 0.0599121 0.99809 -0.0150508 2.33906 0.0514806 0.0119683 0.998602 -0.0368677
0.997613 -0.0606353 -0.0330397 26.5598 0.0603812 0.998138 -0.00863631 2.43249 0.0335019 0.00662072 0.999417 0.0519822
0.998006 -0.0630518 0.00287759 27.2317 0.0630573 0.998008 -0.00184209 2.46978 -0.00275571 0.00201987 0.999994 0.0623984
0.997775 -0.0616881 0.025289 27.849 0.0617722 0.998087 -0.00255826 2.57532 -0.0250828 0.00411473 0.999677 0.0458407
0.997715 -0.0634998 0.0230639 28.5018 0.0635563 0.997977 -0.00172474 2.65696 -0.0229077 0.00318665 0.999733 -0.00500332
0.997708 -0.0634819 0.0234289 29.0552 0.0634724 0.997983 0.0011487 2.73388 -0.0234545 0.00034102 0.999725 -0.00305467
0.997286 -0.0658576 0.0329199 29.609 0.0658357 0.997829 0.00174963 2.81074 -0.0329636 0.000422417 0.999456 -0.00195051
0.996994 -0.0667672 0.0392995 30.2469 0.066719 0.997769 0.00253656 2.87546 -0.0393811 9.3082e-05 0.999224 -0.0375052
0.996992 -0.0676994 0.0377308 30.8554 0.0677595 0.997702 -0.000314691 2.91012 -0.0376227 0.00287036 0.999288 -0.044196
0.997527 -0.0671066 0.0209104 31.3848 0.0671615 0.99774 -0.00193526 2.99468 -0.0207333 0.00333485 0.999779 -0.132961
0.997773 -0.066684 0.00116706 32.029 0.0666872 0.997769 -0.00300145 3.05891 -0.000964313 0.00307259 0.999995 -0.0723495
0.997662 -0.0670825 -0.0130346 32.5847 0.0670156 0.997737 -0.0055043 3.11296 0.0133743 0.00461791 0.9999 -0.0841442
0.997584 -0.0666683 -0.0195147 33.2289 0.0665784 0.997768 -0.00521952 3.17533 0.0198191 0.00390765 0.999796 -0.111847
0.997699 -0.0671075 -0.00966348 33.865 0.0671049 0.997746 -0.000595198 3.23527 0.00968164 -5.46386e-05 0.999953 -0.129653
0.997837 -0.0657368 -0.000820304 34.4872 0.0657356 0.997836 -0.00141864 3.29501 0.000911786 0.00136164 0.999999 -0.0728052
0.997851 -0.0654565 -0.00282143 35.2111 0.065447 0.99785 -0.00333644 3.40453 0.00303376 0.00314462 0.99999 -0.0675954
0.998107 -0.0607439 -0.00962974 35.9343 0.0607157 0.99815 -0.00319282 3.5135 0.00980587 0.0026021 0.999949 -0.0608169
0.998145 -0.0597722 -0.0115473 36.4575 0.0597382 0.998209 -0.00326773 3.51227 0.011722 0.00257185 0.999928 -0.105344
0.998332 -0.0567737 -0.0105132 37.167 0.0567334 0.998381 -0.0040917 3.59403 0.0107285 0.00348843 0.999936 -0.0965108
0.998575 -0.052964 -0.00660961 37.8767 0.052956 0.998596 -0.00137641 3.67357 0.00667323 0.00102443 0.999977 -0.0882958
0.998664 -0.0514233 -0.00505567 38.4773 0.0514189 0.998677 -0.000998242 3.66668 0.00510031 0.000736952 0.999987 -0.0942101
0.998897 -0.0468035 -0.00367365 39.2528 0.0467977 0.998903 -0.00166038 3.76531 0.00374733 0.00148663 0.999992 -0.0657243
0.999036 -0.0435804 -0.00518778 40.0283 0.0435666 0.999047 -0.00273015 3.86014 0.00530181 0.00250151 0.999983 -0.0382714
0.999397 -0.034378 -0.00488098 40.8032 0.0343542 0.999398 -0.00488216 3.95217 0.00504588 0.00471153 0.999976 -0.00986992
0.999426 -0.0335862 -0.00446566 41.3818 0.0335646 0.999425 -0.00481873 3.98259 0.00462493 0.00466607 0.999978 -0.0564326
0.9995 -0.0312635 -0.00479425 42.1658 0.0312376 0.999497 -0.00538423 4.01976 0.00496017 0.00523177 0.999974 -0.0598485
0.999656 -0.0258964 -0.00424419 42.9493 0.0258684 0.999644 -0.00650845 4.0552 0.00441123 0.00639642 0.99997 -0.0628639
0.999639 -0.0266817 -0.00329531 43.5171 0.0266558 0.999615 -0.00766705 4.07842 0.00349861 0.00757644 0.999965 -0.0334812
0.999657 -0.0256285 -0.00546522 44.2615 0.025592 0.99965 -0.00665979 4.13593 0.00563399 0.00651764 0.999963 -0.0390325
0.999723 -0.0231913 -0.00410379 45.0061 0.0231666 0.999714 -0.0059589 4.1928 0.00424081 0.00586218 0.999974 -0.0431826
0.999704 -0.0232436 -0.00711681 45.8365 0.0232058 0.999716 -0.00535213 4.25939 0.0072392 0.0051854 0.99996 -0.0887382
0.999643 -0.0259465 -0.00629851 46.626 0.0258897 0.999625 -0.00892641 4.32231 0.00652775 0.00876016 0.99994 -0.0680623
0.999558 -0.0287254 -0.00771186 47.415 0.0286464 0.999538 -0.0101692 4.38733 0.00800041 0.00994376 0.999919 -0.0479693
0.999481 -0.0312612 -0.00783711 48.203 0.0311613 0.999435 -0.0125613 4.45413 0.00822537 0.0123106 0.99989 -0.0272055
0.999372 -0.0345308 -0.00800651 48.9053 0.0343073 0.999059 -0.0265434 4.52056 0.00891554 0.026252 0.999616 -0.0353926
0.999166 -0.0397403 -0.00938671 49.7375 0.0395132 0.998948 -0.0232527 4.58311 0.0103009 0.0228624 0.999686 -0.0471158
0.998858 -0.047037 -0.00832062 50.5539 0.0468447 0.998661 -0.0219685 4.66887 0.0093428 0.0215536 0.999724 -0.077385
0.99855 -0.0533597 -0.00705368 51.3692 0.0531786 0.998302 -0.0237646 4.76031 0.00830978 0.0233551 0.999693 -0.107172
0.998178 -0.059731 -0.00851313 52.184 0.059523 0.997965 -0.0228828 4.85683 0.00986262 0.0223344 0.999702 -0.136891
0.997813 -0.0656094 -0.00799114 52.9983 0.0653813 0.99752 -0.0260683 4.95845 0.00968165 0.0254889 0.999628 -0.16454
0.997477 -0.0706007 -0.00741669 53.8123 0.0704224 0.997274 -0.0220474 5.06464 0.00895303 0.0214695 0.999729 -0.191304
0.996825 -0.0794805 -0.00481206 54.6283 0.0793112 0.996437 -0.0286792 5.0922 0.00707436 0.0282065 0.999577 -0.0697886
0.99638 -0.0849401 -0.00354543 55.514 0.0847877 0.995903 -0.0314339 5.20581 0.0062009 0.0310195 0.9995 -0.0493377
0.995851 -0.0909737 -0.00209288 56.3501 0.0908444 0.995244 -0.0351579 5.29251 0.00528137 0.0348219 0.99938 0.0175919
0.995437 -0.0954084 -0.00182654 57.1862 0.0953143 0.995015 -0.0293229 5.38447 0.00461508 0.029015 0.999568 0.0820084
0.994861 -0.101163 -0.00419292 58.075 0.10101 0.994504 -0.0275571 5.53368 0.00695762 0.026992 0.999611 -0.0541851
0.994509 -0.104628 -0.00202892 59.0332 0.104563 0.994296 -0.021046 5.67241 0.00421936 0.0207183 0.999776 -0.0170157
0.99416 -0.107898 -0.0021341 59.9068 0.107837 0.993981 -0.0193088 5.86073 0.00420464 0.0189659 0.999811 -0.0302083
0.993638 -0.112553 -0.00389995 60.7799 0.112441 0.993414 -0.0220338 6.0516 0.00635423 0.0214552 0.99975 -0.0435102
0.993041 -0.117532 -0.00745097 61.6641 0.117362 0.992884 -0.0202084 6.08277 0.00977308 0.0191933 0.999768 -0.0194955
0.99278 -0.119657 -0.00831246 62.5885 0.119528 0.992723 -0.014613 6.22688 0.0100005 0.013514 0.999859 -0.0114977
0.993264 -0.115725 -0.00589786 63.5764 0.115647 0.993215 -0.0122171 6.40531 0.00727167 0.0114528 0.999908 -0.0145432
0.99337 -0.11491 -0.00345969 64.4235 0.114872 0.993332 -0.00980228 6.52377 0.004563 0.00933987 0.999946 -0.0261188
0.993278 -0.115571 -0.00657484 65.2711 0.115521 0.993277 -0.00751471 6.64173 0.00739911 0.00670466 0.99995 -0.0396483
0.993625 -0.11247 -0.00773012 66.1191 0.112405 0.993627 -0.00838113 6.76011 0.00862348 0.0074588 0.999935 -0.0506003
0.993499 -0.113567 -0.00786057 66.9683 0.113541 0.993527 -0.00360829 6.87611 0.00821946 0.00269234 0.999963 -0.0602188
0.993776 -0.11116 -0.00725953 68.1002 0.111124 0.993793 -0.00514644 7.13703 0.00778655 0.0043077 0.99996 -0.0241543
0.994432 -0.105209 -0.00603387 69.2322 0.105188 0.994446 -0.00360607 7.39481 0.00637974 0.0029513 0.999975 0.011369
0.994057 -0.108857 -0.000976026 70.0612 0.108855 0.994057 -0.00131589 7.4434 0.00111347 0.00120182 0.999999 -0.0220694
0.994245 -0.107066 -0.0036632 70.8899 0.107057 0.99425 -0.00254954 7.49535 0.0039151 0.00214269 0.99999 -0.0593707
0.994402 -0.105393 -0.0075903 71.719 0.105364 0.994425 -0.00415968 7.54626 0.00798639 0.00333665 0.999963 -0.0937638
0.994749 -0.102112 -0.00694062 72.7615 0.102085 0.994767 -0.00408399 7.83315 0.00732132 0.00335401 0.999968 -0.0317964
0.99489 -0.100847 -0.00480085 73.7301 0.100828 0.994896 -0.00397695 7.93872 0.00517741 0.00347257 0.999981 -0.0455428
0.99505 -0.099354 -0.00197846 74.6529 0.0993376 0.995028 -0.00712479 8.01899 0.0026765 0.00689299 0.999973 -0.0520874
0.994932 -0.100528 -0.002231 75.5756 0.100499 0.994882 -0.010462 8.09809 0.0032713 0.0101847 0.999943 -0.0609348
0.995324 -0.0965911 -0.00105138 76.5069 0.0965769 0.99528 -0.00950019 8.30159 0.00196405 0.00935422 0.999954 -0.0382333
0.995504 -0.0947174 0.000143706 77.4393 0.0947137 0.99545 -0.0104611 8.50133 0.0008478 0.0104277 0.999945 -0.0169956
0.995476 -0.0949508 0.00348247 78.4592 0.094986 0.995407 -0.0119354 8.58668 -0.0023332 0.0122122 0.999923 -0.0587008
0.995467 -0.0950661 0.00275337 79.4789 0.0950859 0.995434 -0.0083007 8.67229 -0.00195168 0.00852488 0.999962 -0.103451
0.995314 -0.0965409 0.00549373 80.4151 0.0965962 0.995264 -0.0109141 8.75128 -0.00441406 0.0113936 0.999925 -0.0738827
0.995426 -0.0955028 0.00238668 81.3512 0.0955234 0.995367 -0.0109913 8.83178 -0.00132591 0.0111691 0.999937 -0.046673
0.995279 -0.0970582 0.00033052 82.1725 0.097055 0.995204 -0.0122211 8.99187 0.000857226 0.0121955 0.999925 -0.0731846
0.995195 -0.0979149 8.50097e-05 83.1914 0.0979072 0.995105 -0.01343 9.10467 0.0012304 0.0133738 0.99991 -0.0589931
0.995586 -0.0937854 0.00353136 84.2103 0.0938232 0.995507 -0.012773 9.21824 -0.00231758 0.0130479 0.999912 -0.0445135
0.995464 -0.0950352 0.00455044 85.2304 0.0950865 0.995386 -0.0128373 9.33885 -0.00330945 0.0132117 0.999907 -0.0339078
0.995185 -0.09776 0.00706858 86.1453 0.0978532 0.995098 -0.0143312 9.44834 -0.0056329 0.0149539 0.999872 -0.0316842
0.995151 -0.0981281 0.00668816 87.0599 0.0982233 0.995038 -0.0158321 9.56041 -0.0051014 0.0164122 0.999852 -0.0316963
0.99521 -0.0975946 0.00563542 87.9744 0.0976749 0.995084 -0.0163728 9.6728 -0.00400982 0.0168448 0.99985 -0.0312785
0.995486 -0.094832 0.0039233 88.889 0.0948857 0.995341 -0.0170893 9.78491 -0.00228442 0.0173844 0.999846 -0.0299895
0.995391 -0.0958453 0.00308393 89.8363 0.0958846 0.995241 -0.0173529 9.95768 -0.00140606 0.0175687 0.999845 -0.0893924
0.99567 -0.0928638 0.00423527 90.7498 0.0929257 0.995509 -0.0180872 10.1327 -0.00253661 0.0184024 0.999827 -0.0891768
0.9957 -0.0925671 0.00370319 91.6639 0.0926157 0.995568 -0.0163382 10.305 -0.0021744 0.0166109 0.99986 -0.0899145
0.995802 -0.0914584 0.00382069 92.5782 0.0915108 0.995656 -0.0171564 10.477 -0.002235 0.017434 0.999846 -0.0904019
0.996123 -0.0878625 0.00432847 93.4929 0.0879175 0.996018 -0.014793 10.6476 -0.00301149 0.0151162 0.999881 -0.0909071
0.996071 -0.0884429 0.00447013 94.4085 0.0885082 0.995922 -0.017494 10.8147 -0.00290468 0.017821 0.999837 -0.0923872
0.995928 -0.0900273 0.00464046 95.484 0.0900932 0.995792 -0.0168021 10.8138 -0.00310829 0.0171518 0.999848 -0.122753
0.996242 -0.0864503 0.00525836 96.3447 0.0865263 0.996112 -0.0165361 10.9421 -0.00380836 0.016929 0.999849 -0.0970113
0.996041 -0.0885714 0.00763897 97.3064 0.0886935 0.995906 -0.0174756 11.0391 -0.00605986 0.0180839 0.999818 -0.116878
0.996139 -0.0874079 0.00816626 98.2764 0.0875372 0.996014 -0.0171032 11.1622 -0.00663876 0.017752 0.99982 -0.114606
0.996358 -0.0847798 0.00913792 99.2461 0.0849302 0.996232 -0.0175627 11.284 -0.00761453 0.0182749 0.999804 -0.112985
0.996546 -0.0824916 0.00954453 100.216 0.0826407 0.996444 -0.0164485 11.4032 -0.00815373 0.0171804 0.999819 -0.112435
0.996417 -0.0838021 0.0114406 101.033 0.0839871 0.996325 -0.0167831 11.5087 -0.0099921 0.0176838 0.999794 -0.160659
0.99647 -0.0833056 0.0103327 101.85 0.0834792 0.996353 -0.0176893 11.6153 -0.00882135 0.0184894 0.99979 -0.210126
0.996438 -0.0833621 0.0127041 102.88 0.0835902 0.996326 -0.0186267 11.6731 -0.0111047 0.0196223 0.999746 -0.158812
0.996317 -0.0842926 0.0157298 103.869 0.0845649 0.996264 -0.0175334 11.7923 -0.0141931 0.018799 0.999723 -0.137486
0.996466 -0.082492 0.0158289 104.859 0.0827404 0.996447 -0.015735 11.9121 -0.0144746 0.0169891 0.999751 -0.119749
0.996584 -0.0805134 0.0183917 105.848 0.0808361 0.996573 -0.0175312 12.0304 -0.0169172 0.018958 0.999677 -0.102668
0.99676 -0.0786411 0.0168756 106.66 0.0789394 0.99672 -0.017805 12.1679 -0.0154201 0.0190795 0.999699 -0.191087
0.996871 -0.0781421 0.0119277 107.473 0.078359 0.996745 -0.0189514 12.3035 -0.010408 0.0198268 0.999749 -0.277926
0.996787 -0.0791164 0.0125036 108.412 0.0793589 0.99664 -0.0202627 12.394 -0.0108585 0.0211898 0.999717 -0.261552
0.996708 -0.0797982 0.0143325 109.35 0.0800926 0.99656 -0.0212984 12.4854 -0.0125836 0.0223763 0.99967 -0.245645
0.996751 -0.0791438 0.0149301 110.321 0.0794573 0.996601 -0.0217298 12.6246 -0.0131596 0.0228455 0.999652 -0.261484
0.997157 -0.0741833 0.0132119 111.292 0.0744637 0.996977 -0.0221669 12.7635 -0.0115275 0.0230876 0.999667 -0.277705
0.997003 -0.0759735 0.0146101 112.263 0.0763081 0.996798 -0.0238992 12.8973 -0.0127477 0.0249424 0.999608 -0.292219
0.997202 -0.0733589 0.0143476 113.234 0.0736675 0.997033 -0.0223151 13.0328 -0.012668 0.0233096 0.999648 -0.307593
0.997146 -0.0739946 0.0149568 114.149 0.0743357 0.996952 -0.0237032 13.1551 -0.0131573 0.0247473 0.999607 -0.294687
0.997182 -0.0733587 0.0157038 115.039 0.0737605 0.996917 -0.0267525 13.2696 -0.0136929 0.0278354 0.999519 -0.348348
0.997281 -0.0715515 0.0176396 115.914 0.0719603 0.997125 -0.0237426 13.3502 -0.0158901 0.0249474 0.999562 -0.321694
0.99707 -0.0742521 0.0183993 116.789 0.0747522 0.996804 -0.0281743 13.429 -0.0162485 0.0294672 0.999434 -0.297093
0.997046 -0.0741858 0.0198868 117.702 0.0747374 0.996793 -0.0286022 13.4698 -0.0177011 0.030004 0.999393 -0.293926
0.997085 -0.073774 0.0194886 118.615 0.0743339 0.996789 -0.0297661 13.5108 -0.01723 0.031128 0.999367 -0.292214
0.997174 -0.0725389 0.0195502 119.547 0.073097 0.996888 -0.0295281 13.7462 -0.0173474 0.0308737 0.999373 -0.373176
0.997058 -0.0739802 0.0200743 120.418 0.074565 0.99676 -0.0301433 13.832 -0.0177793 0.0315514 0.999344 -0.383676
0.996855 -0.0757925 0.0231542 121.289 0.0764132 0.996705 -0.0272139 13.9193 -0.0210153 0.0288976 0.999361 -0.394513
0.996858 -0.0762074 0.0215822 122.129 0.0768188 0.996621 -0.0290795 14.057 -0.0192932 0.030646 0.999344 -0.392946
0.996606 -0.0790497 0.0229625 122.969 0.0796779 0.996431 -0.0278658 14.195 -0.0206778 0.0296009 0.999348 -0.389844
0.996647 -0.0782734 0.023835 123.81 0.0789289 0.996489 -0.0279319 14.3351 -0.021565 0.0297195 0.999326 -0.388057
0.996151 -0.0833288 0.0271925 124.76 0.0840664 0.996089 -0.0272124 14.4015 -0.0248186 0.0293936 0.99926 -0.427546
0.995557 -0.0887641 0.0314255 125.709 0.0895401 0.995689 -0.0242097 14.473 -0.029141 0.026916 0.999213 -0.470005
0.995236 -0.0916013 0.0333791 126.339 0.0924784 0.995382 -0.02575 14.6191 -0.0308662 0.0287142 0.999111 -0.44953
0.994686 -0.09713 0.0341508 126.969 0.0980074 0.994871 -0.02503 14.7667 -0.0315445 0.028244 0.999103 -0.430323
0.99423 -0.10161 0.0343863 127.886 0.102485 0.994428 -0.0246926 14.8811 -0.0316857 0.0280742 0.999104 -0.513067
0.993506 -0.10776 0.0365199 128.8 0.108643 0.993811 -0.0231431 15.0007 -0.0338 0.0269604 0.999065 -0.594322
0.992774 -0.11378 0.038129 129.424 0.114754 0.993094 -0.0244179 15.1957 -0.0350874 0.0286169 0.998974 -0.537597
0.992011 -0.120314 0.0379308 130.145 0.12125 0.992346 -0.0234182 15.2711 -0.0348229 0.0278302 0.999006 -0.598394
0.991032 -0.127491 0.0400187 130.864 0.128554 0.991382 -0.0252075 15.3518 -0.0364601 0.030126 0.998881 -0.65806
0.989965 -0.134422 0.043589 131.467 0.135615 0.99043 -0.0256439 15.499 -0.0397248 0.0312979 0.99872 -0.602072
0.988861 -0.140789 0.0483027 132.069 0.14204 0.989581 -0.0235218 15.6504 -0.0444879 0.0301207 0.998556 -0.548181
0.987329 -0.150159 0.0513276 132.614 0.15152 0.98817 -0.0237196 15.7583 -0.0471587 0.0311962 0.9984 -0.675895
0.98594 -0.158425 0.0531415 133.162 0.159869 0.986844 -0.024096 15.7947 -0.0486249 0.0322529 0.998296 -0.696751
0.984413 -0.167584 0.0533508 133.709 0.169034 0.98532 -0.0239079 15.8361 -0.0485611 0.0325533 0.99829 -0.718596
0.982592 -0.178206 0.0525026 134.256 0.179795 0.983327 -0.0272328 15.8829 -0.0467742 0.0361984 0.998249 -0.740515
0.980895 -0.1875 0.051852 134.803 0.189087 0.981573 -0.0275647 15.9369 -0.0457282 0.0368426 0.998274 -0.761646
0.97902 -0.197232 0.0511869 135.198 0.19886 0.979602 -0.0288805 16.2512 -0.0444466 0.0384536 0.998271 -0.800508
0.977104 -0.206502 0.0512237 135.699 0.208115 0.977692 -0.0283901 16.3832 -0.0442184 0.0384006 0.998284 -0.817717
0.975334 -0.214536 0.0519408 136.199 0.216206 0.975918 -0.0289559 16.5199 -0.0444779 0.0394716 0.99823 -0.834807
0.973038 -0.22436 0.0534795 136.697 0.226083 0.973688 -0.0286126 16.6609 -0.0456528 0.0399319 0.998159 -0.851983
0.971288 -0.231792 0.0535922 137.194 0.233527 0.971928 -0.0286693 16.8069 -0.0454424 0.0403613 0.998151 -0.869818
0.968701 -0.241935 0.055554 137.417 0.243712 0.969451 -0.02773 16.8716 -0.047148 0.0404013 0.998071 -0.918802
0.966212 -0.251476 0.0565079 137.844 0.253297 0.966993 -0.0276545 17.0599 -0.0476883 0.0410334 0.998019 -0.916459
0.964409 -0.258196 0.0570151 138.268 0.259999 0.965239 -0.0267318 17.2521 -0.0481311 0.0406042 0.998015 -0.914347
0.961688 -0.267949 0.0579569 138.436 0.269716 0.962614 -0.0250405 17.3261 -0.0490806 0.0397131 0.998005 -0.948011
0.959952 -0.27429 0.0570762 138.695 0.276006 0.960841 -0.0245889 17.4032 -0.0480967 0.0393576 0.998067 -0.95508
0.958859 -0.278126 0.0568844 138.952 0.279769 0.959788 -0.0231518 17.482 -0.0481578 0.0381138 0.998112 -0.961914
0.956857 -0.285037 0.0563855 139.209 0.286765 0.957669 -0.0252155 17.562 -0.0468113 0.040297 0.998091 -0.968777
0.95581 -0.28867 0.0556539 139.328 0.290321 0.956625 -0.0241222 17.6256 -0.0462766 0.0392138 0.998159 -0.985834
0.954394 -0.293356 0.0554478 139.446 0.295104 0.955102 -0.0263454 17.6895 -0.0452298 0.0415068 0.998114 -1.00286
0.953902 -0.295033 0.0550156 139.564 0.296694 0.954651 -0.0247766 17.7539 -0.0452108 0.0399573 0.998178 -1.01963
0.953187 -0.297238 0.0555406 139.682 0.298961 0.953921 -0.0256426 17.8182 -0.0453594 0.0410467 0.998127 -1.03643
0.952232 -0.300305 0.0554219 139.8 0.301959 0.953014 -0.0241815 17.8814 -0.0455561 0.0397616 0.99817 -1.05307
0.951998 -0.301238 0.0543595 139.862 0.302923 0.952665 -0.0258125 17.7559 -0.0440107 0.0410402 0.998188 -1.01908
0.951724 -0.302092 0.0544284 139.925 0.30376 0.952412 -0.0253356 17.6305 -0.0441845 0.0406456 0.998196 -0.985287
0.951349 -0.303238 0.0546044 139.898 0.304923 0.952034 -0.0255646 17.7579 -0.0442331 0.040971 0.998181 -1.01655
0.951242 -0.30363 0.0542939 139.89 0.305324 0.951893 -0.0260391 17.7753 -0.0437757 0.0413467 0.998185 -1.01433
0.950891 -0.304694 0.0544802 139.882 0.306366 0.951576 -0.0253422 17.7926 -0.0441205 0.0407885 0.998193 -1.01212
0.951351 -0.303559 0.052748 139.874 0.30523 0.951896 -0.0269925 17.8098 -0.0420168 0.0417796 0.998243 -1.00993
0.951489 -0.303088 0.0529698 139.872 0.304735 0.952076 -0.0262234 17.7672 -0.0424833 0.0410931 0.998252 -1.00407
0.951146 -0.304493 0.0510462 139.87 0.306108 0.951603 -0.0273667 17.7246 -0.0402428 0.0416554 0.998321 -0.998275
0.951461 -0.303132 0.0532238 139.869 0.304811 0.952037 -0.0267366 17.6827 -0.0425663 0.0416621 0.998225 -0.993002
0.951162 -0.304236 0.0522593 139.877 0.305858 0.951713 -0.0263293 17.7497 -0.0417255 0.0410274 0.998286 -1.01611
0.951377 -0.303566 0.0522382 139.886 0.305196 0.951919 -0.0265491 17.7537 -0.0416672 0.0412011 0.998282 -1.01246
0.951415 -0.303571 0.0515149 139.896 0.30519 0.951909 -0.0269968 17.7576 -0.040842 0.0414071 0.998307 -1.00882
0.951465 -0.303589 0.0504724 139.906 0.30517 0.951912 -0.027123 17.7615 -0.039811 0.0412093 0.998357 -1.00516
0.951359 -0.304088 0.0494571 139.915 0.305688 0.951699 -0.0286933 17.7654 -0.038343 0.0424161 0.998364 -1.00152
0.951082 -0.30465 0.0512901 139.925 0.306236 0.951589 -0.0264097 17.7693 -0.0407614 0.0408247 0.998335 -0.997884
0.950937 -0.305363 0.0497257 139.935 0.306936 0.951328 -0.027676 17.7731 -0.0388542 0.0415807 0.998379 -0.99435
0.950419 -0.306942 0.0499116 139.945 0.308495 0.950844 -0.0269633 17.777 -0.0391819 0.0410239 0.99839 -0.990838
0.949776 -0.308883 0.0501766 139.955 0.310442 0.950214 -0.0268224 17.7809 -0.0393935 0.0410522 0.99838 -0.987397
0.9493 -0.310324 0.0502828 140.117 0.311897 0.949731 -0.0270461 17.8379 -0.0393621 0.041358 0.998369 -1.01958
0.948902 -0.311778 0.048778 140.28 0.313272 0.949292 -0.0265661 17.8951 -0.0380218 0.0404894 0.998456 -1.05166
0.947829 -0.314921 0.0494423 140.442 0.316467 0.948214 -0.0271833 17.9524 -0.0383213 0.041412 0.998407 -1.08329
0.946808 -0.318017 0.0491866 140.377 0.319564 0.947167 -0.0274594 17.9682 -0.0378553 0.041717 0.998412 -1.02022
0.945703 -0.321466 0.048012 140.468 0.32295 0.946029 -0.0270453 18.0061 -0.0367266 0.0410823 0.998481 -1.03586
0.944119 -0.326207 0.0472042 140.559 0.327655 0.944413 -0.0269317 18.0443 -0.0357949 0.0408934 0.998522 -1.05138
0.943118 -0.329087 0.0472172 140.65 0.330493 0.943458 -0.0257118 18.083 -0.036086 0.0398542 0.998554 -1.06674
0.941445 -0.333881 0.0469486 140.873 0.335313 0.941728 -0.0267168 18.185 -0.0352926 0.0408949 0.99854 -1.06097
0.938969 -0.340841 0.046523 141.095 0.342233 0.939256 -0.0259737 18.288 -0.0348441 0.0403102 0.998579 -1.05506
0.937388 -0.345135 0.0467543 141.316 0.346579 0.937627 -0.0271745 18.3927 -0.0344592 0.0416771 0.998537 -1.04914
0.934008 -0.35424 0.0462906 141.536 0.355581 0.93432 -0.0246598 18.4985 -0.0345147 0.0394925 0.998624 -1.04326
0.931482 -0.360567 0.0482857 141.647 0.361965 0.931884 -0.023961 18.5539 -0.0363571 0.039797 0.998546 -1.1147
0.92779 -0.369751 0.0499019 141.903 0.371226 0.928227 -0.0241801 18.7103 -0.0373797 0.040959 0.998461 -1.11202
0.924066 -0.378731 0.0516269 142.157 0.380321 0.924512 -0.0251884 18.8692 -0.03819 0.0429105 0.998349 -1.10956
0.919789 -0.388976 0.0518187 142.409 0.390582 0.920222 -0.0252629 19.0302 -0.0378581 0.043476 0.998337 -1.10732
0.91549 -0.398847 0.052903 142.66 0.400498 0.915955 -0.0250668 19.1937 -0.0384589 0.044136 0.998285 -1.105
0.909739 -0.41195 0.0516813 142.905 0.413553 0.910135 -0.0250638 19.1902 -0.0367119 0.0441745 0.998349 -1.14556
0.904686 -0.422998 0.0511437 143.15 0.424531 0.905104 -0.0236671 19.1911 -0.0362792 0.0431234 0.998411 -1.18548
0.897887 -0.437397 0.0498223 143.417 0.438866 0.89825 -0.0232975 19.5109 -0.0345627 0.0427838 0.998486 -1.13927
0.890327 -0.452688 0.0489032 143.678 0.454073 0.890698 -0.0217989 19.8346 -0.0336899 0.0416138 0.998566 -1.0925
0.881948 -0.469069 0.0462725 143.935 0.470297 0.882281 -0.0200139 20.162 -0.0314374 0.0394131 0.998728 -1.04582
0.874019 -0.484115 0.0415106 144.285 0.485014 0.874383 -0.0146698 20.0785 -0.0291943 0.0329549 0.99903 -1.11812
0.864819 -0.500751 0.0365685 144.637 0.501345 0.865203 -0.00879901 20.0018 -0.027233 0.025943 0.999292 -1.18801
0.854864 -0.517576 0.0363562 144.855 0.518198 0.855205 -0.0097753 20.4463 -0.0260326 0.0271963 0.999291 -1.16925
0.845254 -0.533171 0.0356828 145.195 0.533835 0.845503 -0.0120126 20.6452 -0.0237651 0.0292025 0.999291 -1.17297
0.833842 -0.551022 0.0329016 145.509 0.551716 0.83385 -0.0174425 20.9496 -0.0178238 0.0326966 0.999306 -1.16649
0.822482 -0.568059 0.0288669 145.818 0.568656 0.822334 -0.019918 21.2601 -0.0124236 0.0327975 0.999385 -1.15725
0.81068 -0.585156 0.0197525 146.189 0.585477 0.810417 -0.0209917 21.3919 -0.00372436 0.0285822 0.999585 -1.22799
0.797435 -0.603274 0.0125486 146.519 0.603383 0.797059 -0.0250194 21.573 0.00509157 0.027523 0.999608 -1.20831
0.782917 -0.622086 0.00698976 146.915 0.621994 0.782471 -0.0293878 22.0234 0.0128125 0.0273558 0.999544 -1.2413
0.76702 -0.641593 0.00629369 147.163 0.641402 0.766459 -0.0338222 22.275 0.0168762 0.0299791 0.999408 -1.20042
0.750844 -0.660449 0.0064533 147.473 0.660175 0.750165 -0.0377029 22.6456 0.0200598 0.0325693 0.999268 -1.17827
0.734248 -0.678865 0.0046997 147.774 0.678503 0.733592 -0.0384227 23.0236 0.0226362 0.0314006 0.999251 -1.1544
0.717209 -0.696858 -0.000276288 148.182 0.696323 0.716674 -0.0389019 23.3411 0.0273071 0.0277084 0.999243 -1.17977
0.696869 -0.717186 -0.0040849 148.483 0.716528 0.696453 -0.0392623 23.721 0.0310033 0.0244337 0.999221 -1.1749
0.675896 -0.736989 -0.00355308 148.773 0.736225 0.6754 -0.0425021 24.1093 0.0337233 0.0261111 0.99909 -1.16848
0.653382 -0.757002 -0.00638923 149.051 0.756041 0.652937 -0.0455669 24.5057 0.038666 0.024942 0.998941 -1.16062
0.631841 -0.77506 -0.00769252 149.318 0.773985 0.631435 -0.0473011 24.9101 0.0415185 0.0239329 0.998851 -1.15037
0.606312 -0.795111 -0.013581 149.574 0.793796 0.606156 -0.0496245 25.3218 0.0476893 0.0193073 0.998676 -1.13858
0.581501 -0.813312 -0.0195155 149.816 0.81169 0.581627 -0.0535776 25.7415 0.0549261 0.0153149 0.998373 -1.12396
0.554907 -0.831562 -0.02414 150.174 0.829634 0.5553 -0.0578748 26.2519 0.0615314 0.0120878 0.998032 -1.05735
0.527522 -0.848957 -0.0315096 150.514 0.846617 0.528419 -0.0633486 26.773 0.0704305 0.00674121 0.997494 -0.98673
0.500404 -0.865118 -0.0341538 150.694 0.862667 0.501558 -0.0651622 27.1981 0.0735032 0.00314407 0.99729 -1.05067
0.47327 -0.879992 -0.0403708 150.861 0.877325 0.474979 -0.0685277 27.63 0.0794791 -0.00298622 0.996832 -1.11158
0.446565 -0.893651 -0.0443632 151.231 0.890784 0.448702 -0.0719091 28.3498 0.0841675 -0.00740595 0.996424 -0.970771
0.41976 -0.906362 -0.048062 151.32 0.903495 0.422311 -0.0731437 28.7457 0.0865917 -0.012721 0.996163 -0.903975
0.392813 -0.918361 -0.0480659 151.397 0.915421 0.395474 -0.0748638 29.1444 0.0877608 -0.014593 0.996035 -0.836778
0.366413 -0.929163 -0.048976 151.711 0.925952 0.369306 -0.078902 29.8386 0.0913999 -0.0164387 0.995679 -0.768005
0.34031 -0.939051 -0.0487126 151.892 0.935795 0.343293 -0.0802359 30.3877 0.0920683 -0.0182798 0.995585 -0.732551
0.311961 -0.949178 -0.0417243 151.99 0.945359 0.314486 -0.0859938 30.9914 0.0947451 -0.0126178 0.995422 -0.658529
0.283114 -0.958265 -0.0396899 152.07 0.95444 0.28557 -0.0865711 31.5974 0.0942922 -0.0133721 0.995455 -0.582382
0.25765 -0.96547 -0.0385217 152.35 0.961788 0.260082 -0.0855598 32.09 0.0926242 -0.0150052 0.995588 -0.570314
0.229268 -0.972778 -0.0337656 152.463 0.969012 0.231382 -0.0864746 32.8077 0.0919333 -0.0128935 0.995682 -0.528624
0.201811 -0.979028 -0.0278744 152.541 0.975303 0.203488 -0.085884 33.4153 0.0897549 -0.00985366 0.995915 -0.488672
0.176746 -0.983985 -0.0231011 152.602 0.980119 0.178104 -0.0874404 34.0246 0.0901545 -0.00718705 0.995902 -0.449754
0.150811 -0.988297 -0.0229221 152.647 0.984792 0.152219 -0.0837553 34.6351 0.0862643 -0.00994232 0.996223 -0.410127
0.126853 -0.991709 -0.0205461 152.612 0.988032 0.128161 -0.08584 35.2949 0.0877615 -0.00941121 0.996097 -0.308717
0.104939 -0.994199 -0.0235759 152.561 0.990518 0.106605 -0.0866541 35.9535 0.0886648 -0.014259 0.995959 -0.206452
0.0850497 -0.996135 -0.0219315 152.497 0.992659 0.0866116 -0.084423 36.6107 0.0859963 -0.0145903 0.996189 -0.105409
0.0690963 -0.99723 -0.0275255 152.592 0.994068 0.0711477 -0.0822596 37.2229 0.0839901 -0.0216784 0.996231 -0.154505
0.0533951 -0.998121 -0.0300617 152.569 0.995179 0.0556697 -0.08075 37.878 0.0822718 -0.0256051 0.996281 -0.102524
0.0386425 -0.998772 -0.0310196 152.543 0.995848 0.0410528 -0.0812482 38.5602 0.0824219 -0.0277512 0.996211 -0.045716
0.0296526 -0.998982 -0.0339823 152.546 0.996172 0.0323319 -0.0812166 39.2314 0.0822326 -0.0314439 0.996117 0.0273543
0.0185569 -0.999162 -0.0364791 152.524 0.996409 0.0214959 -0.0818997 39.903 0.0826153 -0.0348283 0.995973 0.0634072
0.0105502 -0.999233 -0.0377198 152.532 0.996585 0.0135966 -0.0814413 40.6342 0.0818917 -0.0367318 0.995964 0.122804
0.00598761 -0.999262 -0.0379504 152.534 0.996692 0.00903968 -0.0807686 41.3653 0.0810521 -0.0373412 0.99601 0.181649
-0.00179075 -0.999376 -0.0352674 152.513 0.996809 0.00103041 -0.0798133 41.9524 0.0797999 -0.0352978 0.996186 0.23736
-0.00718746 -0.999363 -0.034948 152.486 0.996733 -0.00434811 -0.0806524 42.5396 0.0804491 -0.0354135 0.996129 0.29234
-0.0108982 -0.999357 -0.0341636 152.457 0.996829 -0.00816475 -0.0791536 43.1267 0.0788237 -0.0349179 0.996277 0.347626
-0.0163174 -0.9992 -0.0365055 152.37 0.997019 -0.0135062 -0.0759703 43.9787 0.0754165 -0.0376363 0.996442 0.357232
-0.0180291 -0.999071 -0.0391319 152.278 0.997365 -0.0152201 -0.0709283 44.8298 0.0702668 -0.0403075 0.996714 0.363898
-0.0178019 -0.999116 -0.0380866 152.316 0.997442 -0.0151089 -0.0698625 45.3863 0.0692253 -0.0392329 0.996829 0.456478
-0.0157868 -0.999113 -0.0390318 152.355 0.997693 -0.0131628 -0.0665939 45.9432 0.0660211 -0.0399931 0.997016 0.548216
-0.013973 -0.999179 -0.0380341 152.305 0.997609 -0.0113559 -0.0681776 46.709 0.0676897 -0.0388958 0.996948 0.530071
-0.0135286 -0.999118 -0.0397608 152.256 0.997572 -0.0107696 -0.0688015 47.4746 0.0683126 -0.0405951 0.996838 0.513454
-0.0100343 -0.999201 -0.038681 152.181 0.997508 -0.0073005 -0.0701795 48.025 0.0698411 -0.0392888 0.996784 0.601549
-0.00673086 -0.999286 -0.0371755 152.119 0.997573 -0.00413339 -0.0695103 48.6459 0.069307 -0.0375532 0.996888 0.642676
-0.00228255 -0.999262 -0.0383435 152.06 0.997625 0.00036442 -0.0688846 49.267 0.0688478 -0.0384097 0.996887 0.683633
-0.000772073 -0.999226 -0.0393241 152.003 0.997677 0.00190897 -0.068095 49.8884 0.0681174 -0.0392853 0.996904 0.72427
0.00358234 -0.999147 -0.0411466 152.071 0.997541 0.00645038 -0.0697832 50.5653 0.0699891 -0.0407954 0.996713 0.788321
0.00724707 -0.999149 -0.0406171 152.141 0.997302 0.010189 -0.0726997 51.2415 0.0730516 -0.0399807 0.996526 0.853624
0.0100938 -0.999071 -0.0419018 152.212 0.997424 0.0130356 -0.0705393 51.9165 0.0710199 -0.0410819 0.996629 0.92069
0.0127013 -0.999084 -0.0408719 151.962 0.997239 0.0156473 -0.072585 52.3172 0.073158 -0.0398372 0.996524 0.927463
0.0144353 -0.999079 -0.0404167 151.705 0.996816 0.0175493 -0.0777869 52.9053 0.0784245 -0.0391651 0.99615 0.978148
0.01505 -0.999039 -0.0411666 151.451 0.996593 0.0183266 -0.0804101 53.4936 0.0810873 -0.0398162 0.995911 1.03183
0.018017 -0.99896 -0.0418865 151.655 0.996359 0.02143 -0.0825171 54.0649 0.0833289 -0.0402472 0.995709 1.04894
0.0225491 -0.998872 -0.0417975 151.86 0.996311 0.0259148 -0.0818157 54.6368 0.0828065 -0.0397984 0.995771 1.06774
0.0249665 -0.998829 -0.0414508 151.849 0.996366 0.0282395 -0.0803524 55.4647 0.0814289 -0.039294 0.995904 1.14472
0.0253785 -0.99886 -0.040429 151.839 0.996452 0.0285224 -0.0791871 56.2923 0.0802499 -0.0382759 0.99604 1.22057
0.0263128 -0.998808 -0.0411062 151.735 0.996384 0.0295279 -0.0796712 56.6119 0.08079 -0.0388612 0.995973 1.25523
0.0262234 -0.998775 -0.0419582 151.632 0.995843 0.0297628 -0.0860853 56.9317 0.0872287 -0.0395264 0.995404 1.29005
0.025114 -0.998832 -0.0412716 151.671 0.995589 0.0287231 -0.0893187 57.8849 0.0903999 -0.0388464 0.995148 1.31415
0.0276111 -0.998726 -0.0422282 151.737 0.995704 0.0312133 -0.0871718 58.4511 0.0883789 -0.0396399 0.995298 1.35547
0.0304 -0.998649 -0.0421316 151.806 0.995895 0.0338577 -0.0839467 59.0172 0.0852598 -0.0394067 0.995579 1.39573
0.0280312 -0.998674 -0.0431822 151.875 0.996088 0.031528 -0.0825502 59.5833 0.0838022 -0.0406993 0.995651 1.43433
0.0300318 -0.998681 -0.0416447 151.738 0.99616 0.0333321 -0.0809622 60.1919 0.0822435 -0.0390533 0.995847 1.52484
0.0283094 -0.998695 -0.042498 151.602 0.996162 0.0317094 -0.081587 60.8009 0.0828281 -0.0400252 0.99576 1.61459
0.028707 -0.998827 -0.0390018 151.78 0.995072 0.0322603 -0.0937626 61.441 0.0949108 -0.036118 0.99483 1.71742
0.0266526 -0.998986 -0.0362899 151.755 0.993303 0.0305487 -0.111424 61.958 0.11242 -0.0330771 0.99311 1.75826
0.0278561 -0.998971 -0.0357882 151.728 0.992876 0.0318 -0.11483 62.4742 0.11585 -0.0323345 0.99274 1.80802
0.0295448 -0.998923 -0.035785 151.796 0.99264 0.0335277 -0.11637 63.1299 0.117444 -0.0320835 0.992561 1.78869
0.0297442 -0.998991 -0.0336454 151.867 0.993231 0.0333205 -0.111278 63.752 0.112287 -0.0301077 0.99322 1.81309
0.030557 -0.999144 -0.0278885 151.793 0.994824 0.0331063 -0.0960638 64.3765 0.0969048 -0.0248087 0.994984 1.87389
0.0305612 -0.999155 -0.0274863 151.786 0.996028 0.0327434 -0.0828011 64.9628 0.0836311 -0.0248466 0.996187 1.92516
0.0349443 -0.998892 -0.0315132 151.778 0.996694 0.037147 -0.0722581 65.5497 0.0733487 -0.028884 0.996888 1.96901
0.0331113 -0.99891 -0.0329003 151.704 0.997465 0.0351021 -0.0618984 66.0769 0.0629858 -0.0307673 0.99754 2.05947
0.0340803 -0.998829 -0.0343394 151.712 0.997609 0.0360653 -0.0589483 66.6679 0.0601177 -0.0322484 0.99767 2.08682
0.0357901 -0.998748 -0.0349635 151.718 0.998031 0.0375239 -0.050259 67.2556 0.051508 -0.0330959 0.998124 2.11682
0.0359713 -0.998594 -0.0389334 151.719 0.998024 0.0379049 -0.0501203 67.8261 0.0515256 -0.0370536 0.997984 2.22102
0.0358974 -0.998554 -0.0400222 151.75 0.997461 0.0382656 -0.0600678 68.5354 0.0615124 -0.0377643 0.997392 2.28334
0.0375419 -0.998506 -0.0397143 151.78 0.997119 0.0400519 -0.064419 69.2438 0.0659133 -0.0371814 0.997132 2.35251
0.0364327 -0.99843 -0.0425439 151.718 0.996719 0.0393831 -0.0707064 69.6904 0.0722709 -0.0398283 0.996589 2.3322
0.0362826 -0.998457 -0.0420365 151.657 0.996582 0.0392744 -0.0726804 70.1373 0.0742192 -0.0392558 0.996469 2.31439
0.0382769 -0.998307 -0.0438049 151.666 0.99641 0.0414432 -0.0738151 70.7755 0.0755055 -0.0408222 0.996309 2.33959
0.0391192 -0.998324 -0.0426533 151.677 0.996425 0.0421724 -0.0732029 71.4137 0.074879 -0.0396372 0.996405 2.36565
0.0377729 -0.998353 -0.0431691 151.665 0.996118 0.0410555 -0.0778706 72.2364 0.0795148 -0.0400601 0.996028 2.43716
0.0391049 -0.9982 -0.0454644 151.631 0.995824 0.0426871 -0.0806936 72.7435 0.0824891 -0.0421191 0.995702 2.44395
0.0416373 -0.998143 -0.04447 151.688 0.995435 0.0452679 -0.084027 73.347 0.085884 -0.0407683 0.995471 2.52767
0.0416864 -0.998221 -0.0426199 151.737 0.995338 0.0452037 -0.085199 74.1675 0.0869741 -0.0388695 0.995452 2.54022
0.0431333 -0.998255 -0.0403218 151.689 0.995377 0.0464056 -0.084092 74.8006 0.0858164 -0.0365082 0.995642 2.59847
0.045497 -0.998181 -0.0395551 151.641 0.995323 0.0486735 -0.0834459 75.434 0.0852194 -0.0355735 0.995727 2.65612
0.0463811 -0.998109 -0.0403443 151.596 0.995539 0.0495081 -0.0803153 76.0678 0.0821608 -0.0364392 0.995953 2.71349
0.0471234 -0.998105 -0.0395819 151.552 0.995539 0.050171 -0.0799046 76.7023 0.081739 -0.03564 0.996016 2.76849
0.0478308 -0.998131 -0.038032 151.714 0.995682 0.0506768 -0.0777713 77.5389 0.0795533 -0.0341479 0.996246 2.8236
0.0473742 -0.998148 -0.0381678 151.876 0.995669 0.0502475 -0.0782182 78.3748 0.0799911 -0.034297 0.996205 2.87678
0.049444 -0.99806 -0.0378358 151.731 0.995658 0.0522457 -0.0770452 78.8875 0.0788725 -0.0338621 0.996309 2.94061
0.0519851 -0.997973 -0.03671 151.587 0.995456 0.0547207 -0.0779321 79.401 0.0797829 -0.0324919 0.996283 3.00371
0.0517326 -0.997942 -0.0378811 151.763 0.995527 0.054536 -0.0771519 80.4262 0.079059 -0.0337203 0.996299 3.05713
0.0557102 -0.997719 -0.0381128 151.938 0.995038 0.0586312 -0.0803865 81.4508 0.0824377 -0.0334453 0.996035 3.10979
0.0534834 -0.997793 -0.0393606 151.814 0.995407 0.0564068 -0.0773502 81.8137 0.0793997 -0.0350429 0.996227 3.14456
0.0554749 -0.997722 -0.0383894 151.846 0.995307 0.0583121 -0.0772267 82.5319 0.0792894 -0.0339251 0.996274 3.18075
0.0553681 -0.997677 -0.039697 151.879 0.995374 0.0582795 -0.0763806 83.2502 0.0785167 -0.0352844 0.996288 3.21705
0.0567436 -0.997617 -0.0392488 151.84 0.99523 0.059645 -0.0771982 84.0335 0.0793552 -0.0346811 0.996243 3.32428
0.0600469 -0.997338 -0.0413593 151.803 0.994836 0.0631901 -0.0794276 84.8168 0.0818297 -0.0363763 0.995982 3.43168
0.0605667 -0.997202 -0.0438184 151.835 0.994769 0.06392 -0.0796754 85.5229 0.0822533 -0.0387635 0.995857 3.44808
