1 0 0 0 0 1 0 0 -0 0 1 0
0.999944 -0.0105645 0.000470158 0.531445 0.0105656 0.999941 -0.0024377 0.0341082 -0.000444377 0.00244253 0.999997 0.0331155
0.999925 -0.0120549 0.00234254 0.960008 0.01206 0.999925 -0.00214224 0.0143011 -0.00231654 0.00217033 0.999995 0.00328329
0.999881 -0.0154222 0.000470351 1.38845 0.0154241 0.999871 -0.00441883 -0.0048601 -0.000402142 0.00442556 0.99999 -0.0271257
0.999838 -0.0179463 -0.0012968 1.91697 0.0179422 0.999834 -0.00310232 0.0704947 0.00135226 0.00307855 0.999994 0.0427789
0.99977 -0.0212195 -0.00311898 2.44517 0.0212074 0.999768 -0.00384912 0.147113 0.00319993 0.00378209 0.999988 0.113283
0.999754 -0.0219847 -0.00280183 2.97291 0.0219644 0.999734 -0.00709356 0.224962 0.00295703 0.00703028 0.999971 0.184008
0.999649 -0.0262728 -0.00328365 3.46968 0.0262595 0.999647 -0.00402516 0.198644 0.00338825 0.00393752 0.999987 0.0469694
0.999633 -0.0270673 -0.00112582 3.96689 0.0270651 0.999632 -0.0019226 0.174414 0.00117744 0.00189142 0.999998 -0.0890626
0.99955 -0.0300014 -0.000319277 4.65731 0.0299995 0.999538 -0.004874 0.319163 0.000465357 0.00486223 0.999988 0.0534624
0.999545 -0.0301572 -9.53904e-05 5.34735 0.0301561 0.999527 -0.00610426 0.464883 0.000279433 0.0060986 0.999981 0.194857
0.999429 -0.0337641 0.00144202 5.80551 0.0337669 0.999428 -0.00198238 0.430464 -0.00137426 0.00202994 0.999997 0.0441627
0.999343 -0.0362279 -0.000738902 6.26438 0.0362303 0.999337 0.00357568 0.397778 0.000608873 -0.0036001 0.999993 -0.105652
0.9992 -0.0399957 0.000127791 6.72456 0.0399943 0.999184 0.00571766 0.366257 -0.000356368 -0.00570798 0.999984 -0.252704
0.999203 -0.0399012 -0.00073683 7.50994 0.0399017 0.999203 0.000682793 0.548253 0.000708999 -0.00071165 0.999999 -0.0227394
0.999119 -0.0419687 -0.000634205 8.13462 0.0419686 0.999119 -6.85612e-05 0.612133 0.000636524 4.18841e-05 1 -0.00829322
0.999078 -0.0429429 0.00016345 8.6678 0.0429428 0.999077 0.00073298 0.678826 -0.000194775 -0.000725285 1 -0.0246909
0.998828 -0.0484048 -0.00057536 9.20092 0.0484057 0.998826 0.00159983 0.74595 0.000497245 -0.0016258 0.999999 -0.0414881
0.998935 -0.0461322 -0.000561448 9.82322 0.046133 0.998934 0.00145601 0.747031 0.000493681 -0.00148037 0.999999 -0.00712839
0.998884 -0.0472087 -0.00124018 10.4455 0.0472095 0.998885 0.000680759 0.746774 0.00120666 -0.000738548 0.999999 0.0271581
0.998891 -0.0470155 -0.00240784 11.0676 0.0470109 0.998893 -0.00192871 0.747925 0.00249586 0.00181337 0.999995 0.0611139
0.998824 -0.0483869 -0.00306168 11.6897 0.0483809 0.998827 -0.00203111 0.749405 0.00315637 0.0018806 0.999993 0.0954047
0.998713 -0.050686 -0.00153291 12.2762 0.0506845 0.998714 -0.000971481 0.952019 0.00158018 0.000892536 0.999998 -0.0156135
0.9987 -0.0509729 -0.000353175 12.8624 0.0509732 0.998699 0.00107631 1.15533 0.000297853 -0.00109291 0.999999 -0.127315
0.998659 -0.0517613 -0.000989013 13.5874 0.0517603 0.998659 -0.00106532 1.0868 0.00104283 0.0010127 0.999999 -0.0484984
0.998687 -0.0512318 0.000164773 14.3122 0.051232 0.998686 -0.00138297 1.01905 -9.37038e-05 0.0013896 0.999999 0.0304041
0.99857 -0.0534474 -0.00102212 14.8313 0.0534455 0.998569 -0.00185749 1.17882 0.00111994 0.00180021 0.999998 -0.0423023
0.998432 -0.0559815 -9.02031e-05 15.3503 0.0559816 0.998432 0.00066311 1.33964 5.29398e-05 -0.00066712 1 -0.113943
0.998307 -0.0581595 -0.00101474 15.8694 0.0581599 0.998307 0.000308582 1.50105 0.000995073 -0.000367077 0.999999 -0.185892
0.998385 -0.0568141 0.000281175 16.6802 0.0568143 0.998384 -0.00105538 1.42451 -0.00022076 0.00106965 0.999999 -0.0464056
0.998325 -0.0578494 -0.00121669 17.4907 0.057842 0.998311 -0.00542932 1.34696 0.00152872 0.00534985 0.999985 0.0913945
0.998349 -0.0574367 0.000243394 18.0447 0.0574371 0.998345 -0.00290795 1.52463 -7.59687e-05 0.00291713 0.999996 -0.00613792
0.998298 -0.0583081 0.000613769 18.5987 0.0583086 0.998298 -0.000759125 1.70145 -0.000568462 0.000793621 1 -0.104661
0.998267 -0.0588412 0.000407423 19.2717 0.0588417 0.998266 -0.00151622 1.69868 -0.000317501 0.00153756 0.999999 -0.0181295
0.998331 -0.0577441 0.00120152 19.9444 0.0577457 0.99833 -0.0013396 1.69638 -0.00112216 0.00140674 0.999998 0.0681905
0.99822 -0.0595966 0.00229391 20.5529 0.059597 0.998223 -0.000122814 1.81022 -0.00228252 0.000259306 0.999997 -0.00649647
0.998189 -0.060066 0.00339938 21.1619 0.060067 0.998194 -0.000191865 1.86825 -0.00338172 0.000395708 0.999994 -0.00170808
0.998237 -0.0591348 0.00506217 21.771 0.0591374 0.99825 -0.000371117 1.92648 -0.00503136 0.000669827 0.999987 0.00235931
0.998096 -0.0614734 0.00496711 22.38 0.0614934 0.9981 -0.00396416 1.98384 -0.00471398 0.00426206 0.99998 0.00519492
0.998144 -0.0601809 0.00934157 22.984 0.0602047 0.998183 -0.0022865 2.0387 -0.009187 0.00284466 0.999954 0.0100256
0.998006 -0.0618255 0.0127479 23.588 0.061867 0.99808 -0.00288746 2.09274 -0.0125449 0.00367037 0.999915 0.0120115
0.998149 -0.0603463 -0.00756319 24.1418 0.0603176 0.998171 -0.00397172 2.17235 0.00778903 0.00350818 0.999964 -0.0668144
0.997409 -0.059375 -0.0406278 24.7456 0.0588103 0.998157 -0.0149564 2.22043 0.041441 0.0125283 0.999062 -0.0543287
0.996763 -0.0614266 -0.0518674 25.301 0.0605435 0.997995 -0.0184304 2.20147 0.0528955 0.0152306 0.998484 0.0147532
0.997015 -0.0593816 -0.0493549 25.9026 0.0586961 0.99816 -0.0152266 2.3543 0.0501683 0.0122842 0.998665 0.0157679
0.997657 -0.0588747 -0.0348536 26.5534 0.0587002 0.998258 -0.00600956 2.42932 0.0351467 0.00394956 0.999374 0.0547923
0.998093 -0.0617212 0.00110307 27.24 0.0617227 0.998092 -0.00145355 2.45842 -0.00101125 0.00151886 0.999998 0.0773123
0.997821 -0.0613832 0.0241937 27.8329 0.061441 0.998109 -0.00165428 2.5595 -0.0240464 0.00313716 0.999706 0.0552861
0.99782 -0.0615583 0.0237977 28.497 0.0616281 0.998097 -0.00221082 2.60788 -0.0236163 0.00367261 0.999714 0.0664849
0.997816 -0.0619419 0.0229636 29.0624 0.06192 0.99808 0.00166695 2.70081 -0.0230227 -0.0002414 0.999735 0.0443658
0.997455 -0.0644324 0.0305219 29.6279 0.0642897 0.997915 0.00563512 2.79373 -0.0308214 -0.00365853 0.999518 0.0222094
0.997076 -0.0665615 0.0375434 30.2437 0.0664224 0.997779 0.00494103 2.84641 -0.0377889 -0.00243286 0.999283 0.029799
0.997163 -0.0661856 0.0358551 30.8635 0.0661669 0.997807 0.00170811 2.89781 -0.0358895 0.000669161 0.999356 0.0253042
0.997609 -0.066269 0.0195952 31.391 0.0663405 0.997792 -0.00301803 2.97189 -0.0193519 0.00431077 0.999803 -0.037559
0.997837 -0.0657398 0.000184852 31.9201 0.0657394 0.997835 0.00173224 3.04636 -0.000298328 -0.00171634 0.999998 -0.0908113
0.997735 -0.0657901 -0.014028 32.5417 0.0657625 0.997832 -0.00241765 3.06037 0.0141566 0.00148966 0.999899 -0.0350564
0.997766 -0.0644312 -0.0176771 33.2303 0.0643838 0.99792 -0.00323677 3.17757 0.0178489 0.00209142 0.999839 -0.0582249
0.997737 -0.0665334 -0.00975178 33.9188 0.0665333 0.997784 -0.000340259 3.29318 0.00975281 -0.000309329 0.999952 -0.0786699
0.997882 -0.065032 -0.00134106 34.5282 0.0650289 0.997881 -0.0022333 3.27501 0.00148345 0.00214137 0.999997 -0.00690731
0.997886 -0.0647707 -0.00536103 35.1675 0.0647602 0.997899 -0.00210726 3.38632 0.00548626 0.00175562 0.999983 -0.0399533
0.998022 -0.0620621 -0.00999619 35.81 0.0620301 0.998068 -0.00347548 3.40054 0.0101926 0.00284855 0.999944 -0.0165685
0.998247 -0.0579261 -0.0121196 36.4517 0.0579168 0.998321 -0.00111956 3.4138 0.0121641 0.00041567 0.999926 0.0094022
0.998435 -0.0548727 -0.0108399 37.1313 0.0548656 0.998493 -0.000951554 3.58972 0.0108758 0.000355325 0.999941 -0.0428568
0.998615 -0.0521538 -0.00692934 37.8115 0.0521602 0.998638 0.000744916 3.76267 0.00688105 -0.00110532 0.999976 -0.0955407
0.998749 -0.0497283 -0.00516243 38.4899 0.0497295 0.998763 0.000103465 3.63421 0.0051509 -0.00036006 0.999987 -0.0475643
0.998975 -0.0451326 -0.00338042 39.1935 0.0451269 0.99898 -0.00175436 3.73545 0.00345615 0.00160002 0.999993 0.000208526
0.999068 -0.0429127 -0.0046702 39.8977 0.0429017 0.999076 -0.00242872 3.83322 0.00477011 0.00222609 0.999986 0.0468094
0.999332 -0.0363745 -0.00360223 40.6259 0.0363602 0.999331 -0.00394051 3.89015 0.00374316 0.0038069 0.999986 0.0284663
0.999457 -0.0328079 -0.00291456 41.3543 0.0327996 0.999458 -0.00285773 3.94231 0.00300673 0.00276059 0.999992 0.00951204
0.99955 -0.0298872 -0.00273197 42.0829 0.0298742 0.999543 -0.00469198 3.99184 0.00287095 0.00460825 0.999985 -0.00989959
0.99964 -0.0265928 -0.00359039 42.8118 0.0265778 0.999638 -0.00417309 4.03908 0.00370006 0.00407616 0.999985 -0.0289804
0.999654 -0.0260359 -0.00383872 43.5406 0.0260151 0.999647 -0.0053713 4.08355 0.00397721 0.00526957 0.999978 -0.047105
0.999692 -0.0237107 -0.00738319 44.2693 0.0236991 0.999718 -0.00165777 4.12738 0.00742041 0.00148228 0.999971 -0.064176
0.999721 -0.0226245 -0.00685275 44.9983 0.0225743 0.999718 -0.0073147 4.16959 0.00701631 0.00715796 0.99995 -0.0783888
0.999698 -0.0235818 -0.00696066 45.7274 0.0235627 0.999718 -0.0028144 4.21097 0.00702507 0.00264954 0.999972 -0.0920518
0.999689 -0.0241193 -0.00633851 46.4834 0.0240619 0.99967 -0.00898156 4.26296 0.00655305 0.00882625 0.99994 -0.0228515
0.999577 -0.0282348 -0.00697294 47.2401 0.028156 0.999541 -0.0111538 4.31537 0.00728467 0.0109528 0.999913 0.0451506
0.999552 -0.0289279 -0.00769457 47.9967 0.028818 0.999486 -0.0140317 4.3707 0.00809653 0.0138036 0.999872 0.113049
0.999387 -0.034296 -0.00697548 48.7542 0.0340865 0.99902 -0.028217 4.42666 0.00793637 0.0279619 0.999577 0.179257
0.999219 -0.0380937 -0.0104569 49.6751 0.0378491 0.999026 -0.0226643 4.53139 0.0113101 0.0222509 0.999688 -0.054394
0.998946 -0.0452197 -0.00788129 50.5523 0.045024 0.998711 -0.0234557 4.64861 0.00893179 0.0230762 0.999694 -0.00723226
0.998661 -0.05119 -0.00751759 51.301 0.0509906 0.998394 -0.0246785 4.69446 0.00876881 0.0242621 0.999667 -0.00275785
0.998329 -0.0574171 -0.00659255 52.0495 0.0572296 0.998028 -0.0257806 4.74482 0.00805979 0.0253602 0.999646 0.00164365
0.997907 -0.0643098 -0.00671312 52.7984 0.0641007 0.997558 -0.027729 4.80028 0.00847997 0.0272407 0.999593 0.00565089
0.997396 -0.0720623 -0.00289611 53.5473 0.0719502 0.996996 -0.0286559 4.86116 0.00495242 0.0283729 0.999585 0.00992054
0.997006 -0.0773205 -0.00125218 54.297 0.0772411 0.996499 -0.0319845 4.92874 0.00372086 0.031792 0.999488 0.0115545
0.996579 -0.0826248 -0.00169124 55.334 0.0825255 0.996052 -0.0327194 5.11106 0.00438799 0.0324679 0.999463 0.0311999
0.996007 -0.0892541 -0.00186698 56.3692 0.0891373 0.995424 -0.034441 5.29797 0.00493244 0.0341371 0.999405 0.0516697
0.995594 -0.0937271 -0.0027633 57.4016 0.0935998 0.995142 -0.0305301 5.49068 0.00561137 0.0301369 0.99953 0.0724177
0.995005 -0.0997698 -0.00330525 57.9913 0.099638 0.994625 -0.0281725 5.43629 0.00609825 0.0277025 0.999598 0.0112601
0.994657 -0.103229 -0.000758754 58.9489 0.103187 0.994415 -0.0221656 5.55418 0.00304265 0.0219689 0.999754 0.0324333
0.994408 -0.105577 -0.00238946 59.8253 0.105515 0.994247 -0.0184197 5.68715 0.00432041 0.0180646 0.999827 0.0402045
0.993551 -0.113357 -0.00249571 60.7012 0.11326 0.993255 -0.0248416 5.82259 0.00529484 0.0243988 0.999688 0.0490849
0.99323 -0.116019 -0.00581164 61.5774 0.115871 0.993034 -0.0213979 5.9536 0.00825372 0.0205797 0.999754 0.0905908
0.993091 -0.117195 -0.00599829 62.4527 0.117095 0.99301 -0.0148288 6.13175 0.00769422 0.014024 0.999872 0.0962459
0.993697 -0.112063 -0.00283289 63.3283 0.111998 0.99356 -0.0171739 6.3107 0.0047392 0.0167484 0.999849 0.100606
0.993773 -0.111409 -0.00186038 64.2226 0.111378 0.993702 -0.0123386 6.43518 0.00322329 0.0120546 0.999922 0.0623839
0.993412 -0.114558 -0.00303564 65.1626 0.114518 0.993361 -0.0109085 6.58803 0.00426514 0.010489 0.999936 0.0845097
0.993658 -0.112207 -0.0072401 66.1294 0.112126 0.993636 -0.0107711 6.72014 0.00840262 0.00989098 0.999916 0.0965353
0.993821 -0.11078 -0.00686114 67.0965 0.110742 0.993833 -0.00569878 6.85033 0.00745014 0.00490375 0.99996 0.111947
0.994034 -0.108904 -0.00604488 68.0507 0.108869 0.994039 -0.005856 7.04748 0.00664659 0.00516297 0.999965 0.0768415
0.994355 -0.105993 -0.00486367 69.0053 0.105965 0.994354 -0.00560686 7.24285 0.00543049 0.00505983 0.999972 0.0410345
0.994202 -0.107532 0.00044909 69.9594 0.107533 0.994198 -0.0027022 7.4259 -0.000155912 0.00273482 0.999996 0.0114022
0.994385 -0.105799 -0.00204205 70.8029 0.105791 0.994381 -0.00375725 7.47936 0.00242809 0.00352013 0.999991 0.0505533
0.994589 -0.103799 -0.00439446 71.6464 0.10378 0.994591 -0.00437262 7.53132 0.00482456 0.0038929 0.999981 0.0918059
0.994667 -0.103137 -0.00089315 72.4904 0.103132 0.994657 -0.0046791 7.58194 0.00137097 0.00456203 0.999989 0.134476
0.994856 -0.101247 -0.0032668 73.6135 0.101226 0.994846 -0.00595854 7.82431 0.00385324 0.0055972 0.999977 0.0275702
0.995218 -0.097682 0.000262111 74.5818 0.0976793 0.995162 -0.0105495 7.92712 0.000769655 0.0105247 0.999944 0.0353794
0.995098 -0.0988954 5.80708e-05 75.5071 0.0988872 0.995007 -0.0134867 8.0627 0.00127599 0.0134263 0.999909 0.039225
0.995389 -0.0959156 -0.000346028 76.4325 0.095905 0.995322 -0.0116785 8.19966 0.00146456 0.0115915 0.999932 0.0437946
0.995615 -0.0935152 0.00223479 77.3596 0.0935357 0.99554 -0.0122557 8.33467 -0.00107873 0.012411 0.999922 0.0495039
0.995524 -0.0943635 0.00530664 78.3758 0.0944308 0.995428 -0.0143181 8.50649 -0.00393128 0.0147551 0.999883 0.0164867
0.99558 -0.0937985 0.00477216 79.3917 0.0938595 0.995476 -0.0147584 8.67904 -0.00336625 0.0151411 0.99988 -0.0191059
0.995489 -0.094661 0.00643766 80.2929 0.0947445 0.9954 -0.0142154 8.69011 -0.0050624 0.0147612 0.999878 0.010011
0.995675 -0.0928061 0.00438105 81.22 0.0928621 0.995565 -0.0150517 8.81468 -0.00296473 0.0153934 0.999877 0.0310041
0.995526 -0.0944755 0.00176939 82.1233 0.0944915 0.995407 -0.0153776 8.96364 -0.000308454 0.015476 0.99988 0.00587092
0.995415 -0.0956389 0.00151483 83.0265 0.0956508 0.995261 -0.0174827 9.11393 0.000164376 0.0175475 0.999846 -0.0167247
0.995719 -0.0923105 0.00477986 84.1459 0.092379 0.99558 -0.0169525 9.16608 -0.00319384 0.0173215 0.999845 -0.00796117
0.995482 -0.0948067 0.00528001 85.2653 0.0948812 0.995355 -0.0163082 9.21489 -0.00370936 0.0167355 0.999853 -0.00267749
0.995241 -0.0970631 0.00865018 86.0704 0.0972004 0.995116 -0.0171826 9.37624 -0.00694014 0.0179416 0.999815 0.0405985
0.995386 -0.0956745 0.00724982 86.9805 0.095807 0.99518 -0.0209108 9.48618 -0.00521425 0.0215089 0.999755 -0.00152136
0.995415 -0.0953743 0.00722891 87.9306 0.0955095 0.995196 -0.021503 9.60719 -0.00514335 0.0220948 0.999743 -0.01209
0.995586 -0.0937761 0.00384679 88.8803 0.0938402 0.99532 -0.0230814 9.72817 -0.0016643 0.0233405 0.999726 -0.0226365
0.995669 -0.09274 0.00657556 89.8301 0.0928535 0.995483 -0.0198107 9.84775 -0.0047086 0.0203355 0.999782 -0.029789
0.995885 -0.0904897 0.00499437 90.707 0.090577 0.995656 -0.0215671 10.051 -0.00302108 0.0219307 0.999755 -0.0485699
0.99597 -0.0894265 0.00676219 91.5848 0.0895478 0.995772 -0.0204996 10.2522 -0.00490039 0.0210226 0.999767 -0.0654763
0.996194 -0.0869773 0.00562957 92.6368 0.0870746 0.995995 -0.0203085 10.3766 -0.00384064 0.0207214 0.999778 0.00263453
0.996097 -0.0880261 0.00651619 93.6886 0.0881253 0.995965 -0.0169536 10.4985 -0.00499753 0.0174617 0.999835 0.0713324
0.996269 -0.0860928 0.00595752 94.4858 0.0861941 0.996086 -0.0195937 10.6424 -0.00424732 0.0200341 0.99979 -0.0502636
0.99614 -0.0875734 0.00594474 95.2836 0.0876786 0.995935 -0.0206508 10.785 -0.00411211 0.0210923 0.999769 -0.17081
0.996417 -0.0843324 0.00649139 96.3349 0.0844463 0.996229 -0.0199183 10.8455 -0.00478715 0.0203951 0.999781 -0.0566232
0.996266 -0.0858987 0.00871921 97.386 0.0860564 0.996096 -0.0196901 10.9029 -0.00699382 0.0203669 0.999768 0.0562672
0.996332 -0.0850628 0.0093453 98.2164 0.0852342 0.996164 -0.0198008 11.0741 -0.00762515 0.0205247 0.99976 -0.0774775
0.996488 -0.0831646 0.00980436 99.0469 0.0833579 0.996292 -0.0213087 11.2445 -0.00799587 0.0220512 0.999725 -0.211394
0.99667 -0.0809084 0.010116 100.045 0.0811003 0.9965 -0.0202607 11.3061 -0.00844131 0.0210136 0.999744 -0.0891426
0.996599 -0.0814914 0.012204 100.986 0.0817247 0.996454 -0.0200158 11.4149 -0.0105297 0.0209451 0.999725 -0.102488
0.996483 -0.0832389 0.0096104 101.928 0.0834314 0.996276 -0.0217599 11.5242 -0.00776334 0.0224852 0.999717 -0.117702
0.996649 -0.0805698 0.0141038 102.869 0.0808656 0.996486 -0.0218398 11.6351 -0.0122946 0.0229071 0.999662 -0.130285
0.996544 -0.0811982 0.0175039 103.795 0.0815661 0.996437 -0.0214412 11.7581 -0.0157005 0.0227948 0.999617 -0.0559724
0.996547 -0.0808759 0.0188023 104.722 0.0812598 0.996479 -0.020638 11.8815 -0.017067 0.0220946 0.99961 0.0147103
0.996733 -0.0777316 0.0219256 105.649 0.078171 0.99674 -0.0199523 12.0047 -0.0203032 0.021601 0.99956 0.0817695
0.996925 -0.0762358 0.0181115 106.592 0.0766222 0.996824 -0.021693 12.1151 -0.0164002 0.023014 0.999601 -0.138003
0.997089 -0.0749098 0.0142313 107.531 0.0752126 0.996923 -0.0220824 12.1997 -0.0125333 0.0230885 0.999655 -0.203666
0.997018 -0.0759186 0.0138412 108.381 0.0762393 0.996792 -0.0243394 12.318 -0.011949 0.0253221 0.999608 -0.199368
0.996922 -0.0766021 0.0166696 109.232 0.0769982 0.996728 -0.0245802 12.4369 -0.0147322 0.0257881 0.999559 -0.194497
0.996976 -0.0760782 0.0158328 110.279 0.076458 0.996761 -0.0249487 12.5113 -0.0138835 0.0260838 0.999563 -0.226252
0.997259 -0.0724791 0.0148734 111.219 0.0728462 0.997008 -0.025836 12.7045 -0.0129564 0.0268486 0.999556 -0.212784
0.997233 -0.0725354 0.016291 112.169 0.0729622 0.99696 -0.0273417 12.7715 -0.0142582 0.0284547 0.999493 -0.212833
0.997316 -0.0712962 0.0166365 113.095 0.0717158 0.997082 -0.0261564 12.9011 -0.0147231 0.0272793 0.999519 -0.212274
0.997293 -0.0716548 0.016485 114.022 0.0720734 0.99705 -0.0263842 13.0295 -0.0145458 0.0275009 0.999516 -0.212291
0.997411 -0.0692173 0.0195238 114.949 0.0698038 0.997074 -0.0311573 13.1583 -0.0173101 0.0324395 0.999324 -0.212285
0.997423 -0.0688969 0.0200009 115.876 0.0693975 0.997263 -0.0255162 13.2847 -0.0181881 0.0268384 0.999474 -0.214658
0.997322 -0.0701171 0.0208019 116.678 0.0707043 0.997076 -0.0289804 13.2597 -0.0187091 0.0303735 0.999364 -0.224252
0.99718 -0.0717152 0.0221101 117.578 0.0723712 0.996913 -0.0304521 13.3465 -0.019858 0.0319663 0.999292 -0.235376
0.997314 -0.0700881 0.0212527 118.477 0.0707519 0.996972 -0.0322786 13.4347 -0.018926 0.0336956 0.999253 -0.247607
0.997315 -0.0696692 0.0225432 119.377 0.0703511 0.99704 -0.0310152 13.5218 -0.0203156 0.0325179 0.999265 -0.259216
0.997267 -0.0703756 0.0225051 120.277 0.0710745 0.99696 -0.0319327 13.6088 -0.0201894 0.033445 0.999237 -0.272321
0.997038 -0.0725941 0.0254179 121.177 0.0733253 0.996883 -0.029124 13.6971 -0.0232244 0.0309014 0.999253 -0.285619
0.997008 -0.0735921 0.0236645 122.077 0.0742915 0.99678 -0.0301749 13.7877 -0.0213677 0.0318426 0.999264 -0.301782
0.996898 -0.0750207 0.0238157 122.977 0.0757034 0.996703 -0.0291883 13.8796 -0.0215475 0.0309007 0.99929 -0.316411
0.996611 -0.0776232 0.0272142 123.875 0.0783892 0.996521 -0.0283112 13.9737 -0.0249219 0.0303486 0.999229 -0.331465
0.99628 -0.081008 0.0293934 124.701 0.081845 0.996238 -0.0284864 14.2127 -0.0269752 0.0307861 0.999162 -0.35376
0.995638 -0.0872838 0.0329634 125.525 0.0881254 0.995796 -0.025003 14.4539 -0.0306425 0.0277989 0.999144 -0.377714
0.995447 -0.0886699 0.0349569 126.324 0.0895975 0.995641 -0.0259257 14.4995 -0.0325057 0.0289397 0.999052 -0.434627
0.994913 -0.0939742 0.0362983 126.99 0.0949196 0.995164 -0.0252621 14.5994 -0.0337488 0.028579 0.999022 -0.437718
0.994261 -0.100153 0.0376125 127.656 0.101172 0.994523 -0.026232 14.7029 -0.0347793 0.0298867 0.998948 -0.441715
0.993421 -0.107207 0.0402667 128.322 0.108329 0.993754 -0.0267873 14.8106 -0.0371434 0.0309731 0.99883 -0.446528
0.992946 -0.111489 0.0403571 129.29 0.112567 0.993317 -0.0254917 14.9876 -0.0372454 0.0298547 0.99886 -0.487282
0.992461 -0.115465 0.0410898 130.256 0.116556 0.992864 -0.0252126 15.1681 -0.0378854 0.0298118 0.998837 -0.528371
0.991225 -0.124916 0.0432274 130.733 0.126087 0.991691 -0.0255195 15.2415 -0.0396805 0.030746 0.998739 -0.533984
0.990331 -0.131076 0.0454197 131.362 0.132363 0.990845 -0.0265742 15.3154 -0.0415206 0.0323291 0.998614 -0.546322
0.989113 -0.138689 0.0492011 131.99 0.139986 0.989863 -0.0239633 15.3932 -0.0453789 0.0305898 0.998501 -0.559993
0.987876 -0.146715 0.0507476 132.615 0.148166 0.988618 -0.0261075 15.4765 -0.0463396 0.0333101 0.99837 -0.577982
0.986452 -0.154933 0.0539375 133.097 0.156489 0.98734 -0.0259063 15.6073 -0.0492409 0.0339959 0.998208 -0.675549
0.984607 -0.165994 0.0547215 133.577 0.167618 0.985495 -0.0265251 15.7421 -0.0495248 0.0352891 0.998149 -0.774261
0.983011 -0.175327 0.054311 134.185 0.177057 0.983778 -0.028826 15.8164 -0.048376 0.0379524 0.998108 -0.677827
0.981306 -0.184825 0.0536461 134.793 0.186688 0.981897 -0.0320308 15.8965 -0.0467548 0.041447 0.998046 -0.581633
0.979259 -0.195587 0.0528838 135.149 0.197395 0.979821 -0.0314073 16.0833 -0.0456738 0.0411949 0.998107 -0.767508
0.977426 -0.20467 0.0524228 135.663 0.206429 0.977982 -0.0306333 16.2181 -0.0449988 0.0407634 0.998155 -0.784634
0.975661 -0.212469 0.0542457 136.175 0.214302 0.976291 -0.0305115 16.3575 -0.0464768 0.0413939 0.998061 -0.801433
0.973633 -0.221408 0.0549227 136.686 0.223291 0.974264 -0.0308383 16.5011 -0.0466813 0.0422889 0.998014 -0.818999
0.971736 -0.229223 0.0564405 137.196 0.231147 0.972449 -0.030219 16.6494 -0.0479586 0.0424109 0.997949 -0.836674
0.969439 -0.238454 0.0576777 137.346 0.24042 0.97021 -0.0298506 16.7084 -0.0488415 0.0428052 0.997889 -0.86361
0.96634 -0.25032 0.0593904 137.497 0.252338 0.967198 -0.0292166 16.7689 -0.0501288 0.0432196 0.997807 -0.89064
0.964669 -0.256755 0.059078 138.108 0.258748 0.965513 -0.0288823 17.013 -0.0496249 0.0431482 0.997835 -0.889242
0.962347 -0.26504 0.0603526 138.343 0.267037 0.963288 -0.0277093 17.1146 -0.0507928 0.0427823 0.997792 -0.881286
0.960544 -0.271768 0.059143 138.577 0.273615 0.961499 -0.0256001 17.2183 -0.0499086 0.0407724 0.997921 -0.873678
0.958929 -0.277294 0.0597 138.81 0.279151 0.959916 -0.0252396 17.3236 -0.0503082 0.0408683 0.997897 -0.866035
0.957992 -0.280834 0.0581711 139.043 0.282641 0.958889 -0.0254294 17.4301 -0.0486382 0.0408027 0.997983 -0.858587
0.956573 -0.285437 0.0591109 139.276 0.28731 0.957488 -0.0258846 17.5373 -0.0492095 0.0417436 0.997916 -0.85091
0.955093 -0.290768 0.0570183 139.377 0.292579 0.955879 -0.0263334 17.4488 -0.0468457 0.0418332 0.998026 -0.963194
0.954553 -0.292369 0.0578729 139.478 0.294159 0.955427 -0.0251082 17.3611 -0.0479524 0.0409909 0.998008 -1.07494
0.953636 -0.295393 0.0576311 139.618 0.297245 0.954431 -0.0265793 17.4773 -0.0471536 0.0424775 0.997984 -0.997578
0.953389 -0.296104 0.0580689 139.757 0.297998 0.954183 -0.0270523 17.5938 -0.0473981 0.0430958 0.997946 -0.920222
0.952518 -0.299194 0.0565046 139.775 0.301044 0.953213 -0.0275056 17.5633 -0.0456314 0.0432099 0.998023 -0.997666
0.952283 -0.299997 0.0562139 139.793 0.301767 0.953027 -0.0260178 17.5331 -0.0457681 0.0417398 0.99808 -1.07428
0.952082 -0.300714 0.0557805 139.811 0.302458 0.952813 -0.0258323 17.5029 -0.0453802 0.0414657 0.998109 -1.15035
0.951836 -0.301694 0.0546773 139.829 0.303334 0.952569 -0.0244971 17.4731 -0.0446933 0.0399027 0.998204 -1.22546
0.951795 -0.30165 0.0556116 139.843 0.303449 0.95246 -0.0271892 17.5927 -0.0447662 0.0427539 0.998082 -0.991348
0.951835 -0.301577 0.0553291 139.81 0.303363 0.952487 -0.0271801 17.6037 -0.0445033 0.0426558 0.998098 -0.979856
0.952059 -0.300974 0.054758 139.777 0.302757 0.952667 -0.0276492 17.6147 -0.0438445 0.042902 0.998117 -0.968379
0.951609 -0.302504 0.054139 139.744 0.304294 0.952154 -0.0284153 17.6255 -0.042953 0.0435144 0.998129 -0.956957
0.952328 -0.299986 0.0554936 139.712 0.301849 0.952922 -0.0287604 17.6361 -0.0442534 0.04414 0.998045 -0.94576
0.951908 -0.301593 0.0539637 139.811 0.303354 0.952468 -0.0279316 17.5813 -0.0429748 0.0429584 0.998152 -0.993876
0.952217 -0.30066 0.0537294 139.909 0.302429 0.95275 -0.0283662 17.5267 -0.0426621 0.0432601 0.998153 -1.04166
0.952031 -0.301363 0.0530751 139.78 0.303093 0.952547 -0.0280895 17.554 -0.0420914 0.0428288 0.998195 -0.989432
0.951788 -0.302094 0.0532795 139.651 0.303963 0.952172 -0.0312197 17.5811 -0.0412999 0.0459095 0.998091 -0.937437
0.951667 -0.302733 0.0517874 139.523 0.304496 0.952032 -0.0302723 17.6077 -0.0401389 0.0445782 0.998199 -0.885554
0.951793 -0.302432 0.0512347 139.863 0.304148 0.952162 -0.0296958 17.542 -0.0398028 0.0438472 0.998245 -0.981466
0.951821 -0.302439 0.0506614 140.2 0.30404 0.952264 -0.0274379 17.4774 -0.0399448 0.0415191 0.998339 -1.0753
0.951871 -0.302724 0.0479518 140.534 0.304272 0.952143 -0.0290211 17.4133 -0.0368716 0.0422147 0.998428 -1.16775
0.950651 -0.306014 0.0511722 140.016 0.307675 0.951069 -0.0283531 17.6325 -0.0399918 0.0426983 0.998287 -0.988008
0.948906 -0.310986 0.0535295 139.499 0.312968 0.949169 -0.0335961 17.8493 -0.0403606 0.0486326 0.998001 -0.807194
0.949335 -0.30994 0.051973 140.092 0.311663 0.949751 -0.0289899 17.6571 -0.0403763 0.0437191 0.998228 -0.997745
0.948474 -0.312549 0.0520503 140.179 0.314303 0.94886 -0.0296367 17.7056 -0.0401256 0.0444692 0.998205 -0.994077
0.947547 -0.315532 0.0509311 140.266 0.317241 0.947879 -0.0297347 17.7543 -0.0388943 0.0443325 0.998259 -0.990366
0.946212 -0.319504 0.0509895 140.353 0.321187 0.946573 -0.0289681 17.8033 -0.0390099 0.0437872 0.998279 -0.986571
0.944588 -0.324524 0.0493712 140.44 0.326158 0.944855 -0.029494 17.8527 -0.0370771 0.0439625 0.998345 -0.982835
0.943237 -0.328517 0.048786 140.527 0.33012 0.943483 -0.0293397 17.9025 -0.0363901 0.0437796 0.998378 -0.978927
0.941849 -0.332378 0.0494551 140.614 0.334032 0.942087 -0.0299051 17.9527 -0.0366512 0.0446857 0.998329 -0.975069
0.939988 -0.337733 0.0485622 140.989 0.339322 0.940219 -0.0291469 18.0172 -0.0358152 0.0438759 0.998395 -1.04611
0.938046 -0.343185 0.0478973 141.363 0.344654 0.938354 -0.0265705 18.0841 -0.035826 0.0414324 0.998499 -1.11631
0.935058 -0.351064 0.0491926 141.4 0.352604 0.935384 -0.0269533 18.2543 -0.0365517 0.0425485 0.998426 -1.04783
0.931966 -0.358885 0.0513978 141.561 0.360509 0.932378 -0.0265569 18.3537 -0.0383913 0.0432794 0.998325 -1.04169
0.928508 -0.367482 0.0531975 141.721 0.369176 0.928989 -0.0262322 18.4544 -0.0397801 0.0439961 0.998239 -1.0359
0.924959 -0.376231 0.0538589 142.046 0.377995 0.925409 -0.0271613 18.5599 -0.0396226 0.0454815 0.998179 -1.05291
0.920743 -0.386323 0.0546511 142.37 0.388099 0.921239 -0.0264132 18.6684 -0.0401427 0.0455298 0.998156 -1.06991
0.916471 -0.396453 0.0539103 142.693 0.398201 0.916917 -0.0264358 18.7805 -0.0389507 0.0456948 0.998196 -1.08708
0.910525 -0.409968 0.0535808 143.014 0.411726 0.91091 -0.0269089 18.8963 -0.0377755 0.0465618 0.998201 -1.10381
0.905206 -0.42168 0.0528032 143.125 0.423409 0.905537 -0.0269888 19.1237 -0.0364346 0.0467878 0.99824 -1.09333
0.898521 -0.435732 0.0528928 143.234 0.437389 0.898931 -0.02478 19.3523 -0.0367495 0.0454001 0.998293 -1.08249
0.89153 -0.450108 0.0507572 143.676 0.451637 0.891887 -0.0236963 19.5128 -0.0346038 0.0440498 0.99843 -1.05134
0.883403 -0.466291 0.046605 144.113 0.467481 0.88381 -0.0184919 19.6808 -0.0325673 0.0381227 0.998742 -1.01941
0.875829 -0.480683 0.0432181 144.547 0.481708 0.876166 -0.0170258 19.8568 -0.0296822 0.0357302 0.998921 -0.986697
0.866543 -0.497475 0.0402639 144.545 0.498312 0.866889 -0.0137251 20.1226 -0.0280764 0.0319573 0.999095 -1.06273
0.856316 -0.514979 0.0389693 144.818 0.515766 0.856628 -0.0131874 20.2407 -0.026591 0.0313916 0.999153 -1.10843
0.845553 -0.532542 0.0379463 145.089 0.533325 0.845793 -0.0140751 20.3645 -0.0245991 0.0321389 0.999181 -1.15365
0.835451 -0.548432 0.0352689 145.462 0.549233 0.835456 -0.0188743 20.7016 -0.0191144 0.0351394 0.9992 -1.14752
0.82429 -0.5653 0.031323 145.828 0.566004 0.82412 -0.0215925 21.0454 -0.0136077 0.0355274 0.999276 -1.13842
0.811856 -0.583469 0.0212933 146.112 0.583842 0.811561 -0.0223203 21.19 -0.0042576 0.0305528 0.999524 -1.19275
0.798846 -0.601353 0.0148399 146.394 0.601523 0.798424 -0.0262664 21.3411 0.00394687 0.0299093 0.999545 -1.24341
0.782778 -0.622244 0.00841913 146.673 0.622214 0.78237 -0.0273548 21.4997 0.0104345 0.0266512 0.99959 -1.29072
0.768778 -0.639474 0.00730631 147.121 0.639335 0.768239 -0.0325571 22.0796 0.0152064 0.0297004 0.999443 -1.17253
0.752763 -0.658259 0.00653087 147.462 0.658006 0.752107 -0.0369256 22.4208 0.0193947 0.0320936 0.999297 -1.17054
0.736682 -0.676219 0.00527864 147.795 0.675935 0.736093 -0.0357643 22.7703 0.0202989 0.0299149 0.999346 -1.1662
0.718826 -0.695187 0.00181901 148.129 0.694689 0.718206 -0.0398378 23.1215 0.0263883 0.0299001 0.999205 -1.12935
0.69916 -0.714964 -0.00127344 148.453 0.714349 0.69863 -0.0402687 23.4811 0.0296804 0.0272446 0.999188 -1.08982
0.678112 -0.734955 -0.00215318 148.767 0.73417 0.677518 -0.0443039 23.8498 0.0340202 0.0284622 0.999016 -1.05053
0.655349 -0.755317 -0.00377856 149.028 0.754433 0.654809 -0.0453528 24.2398 0.03673 0.0268713 0.998964 -1.15008
0.632708 -0.774371 -0.00559463 149.289 0.773294 0.63218 -0.0486293 24.6342 0.0411939 0.0264418 0.998801 -1.22429
0.609032 -0.793047 -0.0124671 149.539 0.791802 0.60884 -0.0486086 25.0365 0.0461394 0.0197327 0.99874 -1.2953
0.58487 -0.810936 -0.0176249 149.965 0.809273 0.584864 -0.0548784 25.5303 0.054811 0.0178334 0.998337 -1.0501
0.558001 -0.829516 -0.023205 150.168 0.82752 0.558313 -0.0591425 26.0088 0.0620153 0.013799 0.99798 -1.04092
0.530015 -0.847519 -0.028192 150.355 0.845169 0.53067 -0.0638733 26.4934 0.0690946 0.0100268 0.99756 -1.02854
0.503386 -0.863467 -0.0320336 150.672 0.860975 0.504374 -0.0657896 26.9632 0.0729641 0.00553745 0.997319 -1.05406
0.476391 -0.878413 -0.0379842 150.975 0.875667 0.477903 -0.0693954 27.4428 0.0791106 -0.000202216 0.996866 -1.077
0.450495 -0.891766 -0.0425132 151.263 0.888928 0.452461 -0.0713167 27.9317 0.0828334 -0.00566345 0.996547 -1.09587
0.423514 -0.904629 -0.0477673 151.536 0.901923 0.426002 -0.0711157 28.429 0.0846823 -0.0129638 0.996324 -1.11138
0.396569 -0.91671 -0.0487432 151.519 0.913564 0.399311 -0.0771459 29.0679 0.0901841 -0.0139363 0.995828 -0.813747
0.369067 -0.928183 -0.0475974 151.697 0.924787 0.37185 -0.0806026 29.612 0.0925131 -0.0142697 0.995609 -0.753297
0.342965 -0.938295 -0.0444632 151.858 0.934908 0.345558 -0.0808475 30.1611 0.0912234 -0.0138412 0.995734 -0.691574
0.313848 -0.948673 -0.0389721 152.003 0.944556 0.316131 -0.0887399 30.7147 0.0965055 -0.00896053 0.995292 -0.63062
0.287649 -0.95696 -0.0385362 152.175 0.953033 0.289988 -0.0873822 31.3774 0.0947964 -0.0115908 0.995429 -0.622516
0.260201 -0.964857 -0.0366978 152.328 0.961117 0.262457 -0.0858496 32.0444 0.0924642 -0.0129328 0.995632 -0.615521
0.231378 -0.972379 -0.0307247 152.501 0.968396 0.233223 -0.0884112 32.5372 0.0931349 -0.00929732 0.99561 -0.516429
0.204203 -0.978633 -0.0240687 152.567 0.974816 0.205535 -0.086536 33.147 0.0896339 -0.00579159 0.995958 -0.47668
0.179752 -0.983511 -0.0198916 152.635 0.979619 0.18081 -0.0874844 33.7577 0.0896385 -0.00376069 0.995967 -0.440986
0.15539 -0.987697 -0.0175895 152.688 0.983892 0.156336 -0.0866885 34.3886 0.0883718 -0.00383559 0.99608 -0.35081
0.130705 -0.991236 -0.0191828 152.726 0.987574 0.131876 -0.0854742 35.0208 0.0872549 -0.0077725 0.996156 -0.261961
0.108706 -0.99384 -0.0215512 152.661 0.990136 0.110177 -0.0865535 35.6486 0.0883948 -0.0119298 0.996014 -0.252137
0.0896272 -0.995702 -0.0233504 152.582 0.99227 0.0912897 -0.0840628 36.2752 0.0858332 -0.0156356 0.996187 -0.241792
0.0735767 -0.996967 -0.0253786 152.666 0.993688 0.075448 -0.0830143 36.9695 0.0846772 -0.0191105 0.996225 -0.129731
0.0585959 -0.997868 -0.0287302 152.738 0.994791 0.0607716 -0.0818437 37.6652 0.0834152 -0.0237848 0.996231 -0.0185221
0.0426842 -0.998655 -0.0294233 152.662 0.995652 0.0449595 -0.0815857 38.3656 0.0827988 -0.025813 0.996232 -0.0222188
0.0326937 -0.998883 -0.0341107 152.575 0.996066 0.035376 -0.0812497 39.0645 0.0823657 -0.0313202 0.99611 -0.026218
0.0219926 -0.999151 -0.0348292 152.482 0.99625 0.0248182 -0.0828905 39.762 0.0836846 -0.0328756 0.99595 -0.0304497
0.0144324 -0.999272 -0.0353033 152.535 0.996468 0.0172949 -0.0821703 40.3902 0.0827211 -0.0339927 0.995993 0.13648
0.00812633 -0.999314 -0.0361206 152.582 0.996634 0.0110406 -0.0812304 41.019 0.0815735 -0.035339 0.996041 0.302624
0.00131096 -0.999428 -0.0337814 152.577 0.996735 0.00403324 -0.0806433 41.8545 0.0807335 -0.0335654 0.99617 0.277236
-0.00411445 -0.999389 -0.0347072 152.565 0.996677 -0.00127481 -0.0814455 42.6895 0.0813515 -0.0349269 0.996073 0.251355
-0.0095794 -0.999388 -0.0336424 152.521 0.996753 -0.00685363 -0.0802222 43.07 0.0799425 -0.0343016 0.996209 0.341377
-0.0140262 -0.999291 -0.0349355 152.388 0.99695 -0.0112936 -0.0772227 43.8131 0.0767734 -0.0359121 0.996402 0.38311
-0.0145373 -0.999197 -0.0373253 152.311 0.997321 -0.0118133 -0.072191 44.41 0.0716922 -0.0382748 0.996692 0.434233
-0.0144535 -0.999262 -0.0355862 152.266 0.997426 -0.0119087 -0.0707114 45.1173 0.0702354 -0.0365167 0.996862 0.499967
-0.0126373 -0.999252 -0.0365601 152.285 0.997622 -0.0101225 -0.0681701 45.8301 0.067749 -0.0373347 0.997004 0.52412
-0.0106642 -0.999301 -0.0358222 152.306 0.99754 -0.00814971 -0.0696213 46.5428 0.0692807 -0.0364766 0.99693 0.546545
-0.010385 -0.999306 -0.0357853 152.327 0.997468 -0.00783478 -0.0706805 47.2547 0.0703511 -0.0364287 0.996857 0.570399
-0.00762023 -0.999329 -0.0358228 152.332 0.997414 -0.00503541 -0.0716998 47.9393 0.0714713 -0.0362765 0.996783 0.611932
-0.0030995 -0.999387 -0.0348828 152.221 0.99747 -0.00061224 -0.0710893 48.4495 0.0710243 -0.0350148 0.99686 0.711529
0.000719901 -0.999371 -0.0354533 152.111 0.997544 0.00320067 -0.0699658 48.9603 0.0700353 -0.0353159 0.996919 0.810924
0.00218494 -0.999349 -0.0360143 152.005 0.997481 0.00473146 -0.0707757 49.4719 0.0709 -0.0357689 0.996842 0.909372
0.00652403 -0.999225 -0.0388229 152.11 0.997403 0.00928711 -0.0714223 50.3011 0.0717275 -0.0382561 0.99669 0.836224
0.0111104 -0.999179 -0.0389608 152.037 0.99722 0.0139427 -0.0731946 50.8923 0.0736777 -0.0380393 0.996556 0.878891
0.0118168 -0.999185 -0.0386094 151.967 0.997376 0.0145361 -0.0709272 51.4838 0.0714306 -0.0376699 0.996734 0.92276
0.0154193 -0.999129 -0.03877 151.897 0.996881 0.0183628 -0.0767508 52.0756 0.0773959 -0.0374656 0.996296 0.965287
0.0173686 -0.999024 -0.040622 151.83 0.996666 0.0205386 -0.0789682 52.6673 0.0797254 -0.039115 0.996049 1.01154
0.0229683 -0.998997 -0.0384255 151.764 0.996313 0.0260508 -0.0817443 53.2591 0.0826633 -0.0364063 0.995912 1.05901
0.0233648 -0.998917 -0.040245 151.701 0.996113 0.0266815 -0.0839518 53.8511 0.0849346 -0.038127 0.995657 1.10833
0.0270467 -0.998827 -0.0401621 151.935 0.995903 0.0303919 -0.0851625 54.6288 0.0862832 -0.0376942 0.995557 1.14585
0.0295949 -0.998731 -0.0407418 151.961 0.996074 0.0328691 -0.0821926 55.2221 0.0834275 -0.0381494 0.995783 1.20936
0.02914 -0.998829 -0.0386081 151.85 0.99628 0.032156 -0.0799534 55.8324 0.0811013 -0.0361346 0.996051 1.27632
0.0305018 -0.99871 -0.0406074 151.739 0.995918 0.0338193 -0.0836893 56.4424 0.0849546 -0.0378889 0.995664 1.3418
0.0301767 -0.998743 -0.0400136 151.771 0.995693 0.033547 -0.0864256 56.968 0.0876594 -0.0372333 0.995454 1.37235
0.0300996 -0.998745 -0.0400313 151.803 0.99534 0.0336193 -0.090373 57.4936 0.0916054 -0.0371246 0.995103 1.40425
0.0324241 -0.998622 -0.0412531 151.868 0.995426 0.0359763 -0.0885011 58.1896 0.0898633 -0.0381948 0.995221 1.41409
0.0334434 -0.998584 -0.0413609 151.934 0.995691 0.0368707 -0.0850859 58.8854 0.0864904 -0.0383371 0.995515 1.42288
0.0310242 -0.998637 -0.0419713 152 0.995789 0.0345054 -0.0849365 59.5804 0.0862689 -0.0391595 0.995502 1.43052
0.0354902 -0.998482 -0.0421278 152.064 0.99584 0.0388734 -0.0824108 60.2752 0.0839233 -0.0390278 0.995708 1.43837
0.0331407 -0.998609 -0.0410191 151.843 0.995955 0.0364267 -0.0821414 60.5543 0.0835213 -0.038131 0.995776 1.64511
0.0320074 -0.998797 -0.0371432 151.813 0.994861 0.0354088 -0.0948552 61.1196 0.0960563 -0.0339163 0.994798 1.79553
0.0304639 -0.998942 -0.0344402 151.783 0.992937 0.0341975 -0.113605 61.6829 0.114663 -0.0307361 0.992929 1.9528
0.032559 -0.998887 -0.034126 151.826 0.992217 0.0364097 -0.119075 62.2599 0.120185 -0.0299835 0.992299 1.80743
0.0347692 -0.998802 -0.0344326 151.911 0.992284 0.0386042 -0.117825 62.8662 0.119013 -0.0300703 0.992437 1.85912
0.0316191 -0.999051 -0.0299713 151.997 0.993098 0.0347909 -0.11201 63.4724 0.112946 -0.0262228 0.993255 1.90976
0.0339118 -0.999107 -0.0251868 151.842 0.994552 0.0362214 -0.0977501 64.1059 0.0985751 -0.0217347 0.994892 1.89827
0.0329959 -0.999108 -0.0263697 151.822 0.995841 0.035107 -0.0840744 64.8014 0.0849251 -0.0234859 0.996111 1.95477
0.0360149 -0.998917 -0.0294431 151.869 0.996596 0.0380862 -0.0731099 65.3929 0.0741521 -0.0267099 0.996889 2.08762
0.0368325 -0.998896 -0.0291433 151.918 0.997198 0.0386387 -0.0640556 65.9854 0.065111 -0.0267023 0.997521 2.21367
0.0373575 -0.998782 -0.032247 151.791 0.997375 0.039269 -0.0608355 66.524 0.0620277 -0.0298897 0.997627 2.16352
0.0395594 -0.998698 -0.0322086 151.664 0.997915 0.0411328 -0.0497464 67.0623 0.0510065 -0.0301735 0.998242 2.11164
0.0393933 -0.998519 -0.0375136 151.882 0.99785 0.0412795 -0.0509116 67.6303 0.0523848 -0.0354274 0.997998 2.25756
0.0389308 -0.998551 -0.0371448 151.881 0.997286 0.0411524 -0.061049 68.3405 0.0624892 -0.0346673 0.997443 2.37165
0.0403558 -0.998504 -0.0368878 151.732 0.996937 0.0427127 -0.0655136 68.8457 0.0669912 -0.0341309 0.99717 2.34531
0.0421093 -0.998298 -0.0403521 151.83 0.996356 0.0449574 -0.0724858 69.4792 0.0741765 -0.0371527 0.996553 2.41308
0.0402754 -0.998395 -0.0398211 151.93 0.996239 0.0431847 -0.0751236 70.1121 0.0767227 -0.0366457 0.996379 2.48521
0.0412248 -0.998303 -0.0411394 151.74 0.996142 0.0442583 -0.0757783 70.6422 0.0774704 -0.0378568 0.996276 2.41009
0.0414243 -0.998326 -0.0403616 151.809 0.996145 0.0443928 -0.0756647 71.346 0.0773298 -0.0370716 0.996316 2.4645
0.0423977 -0.998263 -0.0409019 151.878 0.995724 0.0455818 -0.0803457 72.0496 0.0820705 -0.0373206 0.995928 2.5189
0.0444032 -0.998098 -0.0427635 151.762 0.995402 0.0478386 -0.0829823 72.5418 0.0848702 -0.0388822 0.995633 2.54701
0.0456125 -0.998077 -0.0419638 151.805 0.995123 0.0490753 -0.0855713 73.1981 0.0874662 -0.037856 0.995448 2.60831
0.0472221 -0.99811 -0.0393214 151.848 0.995131 0.0504177 -0.0846938 73.8543 0.0865163 -0.0351305 0.995631 2.67101
0.0473422 -0.998126 -0.0387837 151.893 0.994911 0.0505758 -0.0871441 74.5108 0.0889423 -0.0344608 0.99544 2.73251
0.0525347 -0.997909 -0.0376489 151.937 0.994885 0.0555583 -0.0843611 75.1674 0.0862764 -0.0330245 0.995724 2.7953
0.0509605 -0.997972 -0.0381467 151.828 0.995134 0.0539665 -0.082432 75.9417 0.0843234 -0.0337603 0.995866 2.81153
0.0525167 -0.99789 -0.0381748 151.717 0.99523 0.0554472 -0.0802618 76.7158 0.0822092 -0.0337776 0.996043 2.82618
0.0528701 -0.997981 -0.0352074 151.609 0.995249 0.0555465 -0.0799687 77.49 0.0817628 -0.0308121 0.996175 2.83964
0.0536053 -0.997923 -0.0357173 151.901 0.995352 0.0562646 -0.0781597 78.0548 0.080007 -0.0313615 0.996301 2.97623
0.0563042 -0.99774 -0.0366686 151.919 0.995135 0.0590555 -0.0788627 78.6564 0.0808499 -0.0320499 0.996211 3.03281
0.0563678 -0.997765 -0.0358895 151.883 0.995075 0.0590791 -0.0796015 79.4797 0.0815439 -0.0312257 0.99618 3.05302
0.0564891 -0.99774 -0.0363866 151.847 0.995123 0.059218 -0.0788921 80.3028 0.0808685 -0.0317526 0.996219 3.07416
0.059692 -0.997592 -0.0353183 151.811 0.994878 0.0623466 -0.0795692 81.1256 0.0815796 -0.0303878 0.996203 3.09499
0.0593379 -0.997524 -0.0377366 151.96 0.994938 0.0621705 -0.0789446 81.6143 0.0810953 -0.0328612 0.996164 3.23484
0.0598656 -0.997535 -0.0366159 151.99 0.994987 0.062576 -0.0780054 82.3427 0.0801043 -0.0317625 0.99628 3.27299
0.0627054 -0.997333 -0.0373495 152.019 0.994754 0.0654861 -0.0785817 83.0716 0.080818 -0.0322261 0.996208 3.31087
0.0620611 -0.997359 -0.0377334 152.051 0.994781 0.0648801 -0.0787488 83.8006 0.080989 -0.0326492 0.99618 3.34938
0.0659149 -0.997037 -0.0396612 152.082 0.994339 0.0689525 -0.0808465 84.5296 0.0833417 -0.0341077 0.995937 3.38817
0.0644584 -0.996953 -0.0439273 152.115 0.994543 0.0677964 -0.0792919 85.259 0.0820284 -0.0385765 0.995883 3.42996
