1 0 0 0 0 1 0 0 -0 0 1 0
0.999996 -0.00267544 -0.00112583 0.69432 0.00267293 0.999994 -0.00222575 0.0137766 0.00113178 0.00222274 0.999997 0.0305622
0.999975 -0.00668489 -0.00238702 1.38761 0.00668057 0.999976 -0.00181417 0.0137069 0.00239909 0.00179818 0.999996 0.0307324
0.999935 -0.0108055 -0.00361367 2.12604 0.0107993 0.99994 -0.00172651 0.0278638 0.00363211 0.00168738 0.999992 0.0244041
0.999869 -0.0155491 -0.00453368 2.8554 0.0155502 0.999879 0.000217843 0.0462907 0.00452974 -0.000288314 0.99999 0.0268525
0.999785 -0.02021 -0.00469343 3.58763 0.0202053 0.999795 -0.00105251 0.0675579 0.00471374 0.000957455 0.999988 0.0360756
0.999678 -0.0247459 -0.00562238 4.35695 0.0247478 0.999694 0.000262919 0.0804382 0.00561415 -0.000401976 0.999984 0.0434495
0.999545 -0.0295282 -0.00622438 5.13209 0.0295485 0.999558 0.00320721 0.122043 0.00612692 -0.00338967 0.999975 0.0543085
0.999408 -0.0339799 -0.00541263 5.91685 0.0340074 0.999409 0.00508234 0.145002 0.00523673 -0.0052634 0.999972 0.0548362
0.999261 -0.0382944 -0.00333184 6.73704 0.0383112 0.999253 0.00513272 0.187653 0.0031328 -0.00525657 0.999981 0.0639478
0.999119 -0.0419609 -0.00110732 7.52825 0.0419647 0.999112 0.0037089 0.21152 0.000950704 -0.0037521 0.999993 0.0700983
0.999004 -0.0445957 -0.00117004 8.34888 0.0446001 0.998997 0.00408185 0.26303 0.00098683 -0.00412997 0.999991 0.0793371
0.998904 -0.0467714 -0.00163775 9.17096 0.0467771 0.998899 0.00363966 0.308528 0.00146571 -0.00371229 0.999992 0.0765297
0.998813 -0.0486677 -0.00196336 10.0054 0.0486724 0.998812 0.00245561 0.340595 0.00184152 -0.00254826 0.999995 0.0919558
0.998717 -0.0506164 -0.00129312 10.8518 0.050619 0.998716 0.00203941 0.399193 0.00118823 -0.00210225 0.999997 0.0930478
0.998641 -0.0521072 -0.0013337 11.7009 0.0521055 0.998641 -0.00124909 0.437962 0.00139697 0.0011779 0.999998 0.101421
0.998545 -0.0538151 -0.0035199 12.5705 0.0538198 0.99855 0.00128048 0.494535 0.00344589 -0.00146806 0.999993 0.10675
0.998457 -0.0552087 -0.00591416 13.4315 0.0552231 0.998471 0.00229448 0.545146 0.00577844 -0.00261754 0.99998 0.117983
0.998372 -0.0565194 -0.00772804 14.3186 0.0565683 0.998379 0.00626361 0.606763 0.0073615 -0.00669058 0.999951 0.124489
0.998285 -0.0580346 -0.00766028 15.2058 0.058092 0.998283 0.00749745 0.666633 0.00721202 -0.00792959 0.999943 0.131275
0.998212 -0.059412 -0.0065597 16.0971 0.0594602 0.998203 0.00741774 0.713267 0.00610722 -0.00779452 0.999951 0.14741
0.99815 -0.060577 -0.00525489 16.9925 0.0606118 0.998139 0.00674723 0.784544 0.00483638 -0.00705326 0.999963 0.15935
0.998075 -0.0618296 -0.0047898 17.909 0.0618616 0.998061 0.00685925 0.842197 0.00435641 -0.00714236 0.999965 0.175866
0.997985 -0.0631961 -0.00569895 18.8103 0.0632325 0.997978 0.00644992 0.901817 0.00527982 -0.00679728 0.999963 0.177543
0.99791 -0.0643331 -0.00607893 19.7364 0.0643705 0.997907 0.00617567 0.958532 0.0056689 -0.00655406 0.999962 0.193067
0.997875 -0.065 -0.00456383 20.6596 0.0650264 0.997866 0.00589061 1.02161 0.0041712 -0.00617486 0.999972 0.203424
0.997897 -0.064805 -0.0013614 21.5973 0.0648122 0.997879 0.0061483 1.08856 0.000960069 -0.0062236 0.99998 0.206564
0.99795 -0.0639544 0.00233801 22.5246 0.0639383 0.997933 0.00639553 1.16085 -0.0027422 -0.00623293 0.999977 0.21153
0.998012 -0.0628039 0.00524572 23.4686 0.0627748 0.998012 0.00554573 1.20283 -0.00558359 -0.00520541 0.999971 0.214332
0.998138 -0.0606779 0.00617843 24.4213 0.0606525 0.99815 0.00421073 1.26911 -0.0064225 -0.00382815 0.999972 0.217381
0.998224 -0.0594566 0.00382938 25.3603 0.0594388 0.998221 0.00461496 1.332 -0.00409696 -0.00437915 0.999982 0.220069
0.998293 -0.058386 -0.00117085 26.3164 0.0583932 0.998265 0.00754972 1.39765 0.000728025 -0.00760521 0.999971 0.232414
0.998359 -0.0571323 -0.00390817 27.2703 0.0571588 0.99834 0.00705249 1.45579 0.00349876 -0.0072643 0.999967 0.238013
0.998397 -0.0565187 -0.00293277 28.2417 0.0565327 0.998389 0.00492821 1.51355 0.00264951 -0.0050861 0.999984 0.249751
0.998403 -0.0564635 0.00169015 29.2317 0.0564611 0.998404 0.00148597 1.56981 -0.00177136 -0.00138817 0.999997 0.250185
0.998342 -0.0572933 0.00556692 30.1881 0.0573107 0.998352 -0.00300623 1.62351 -0.00538551 0.00332029 0.99998 0.249636
0.998267 -0.0585648 0.00574372 31.1856 0.0586244 0.998222 -0.0108129 1.66669 -0.00510025 0.0111309 0.999925 0.263569
0.998225 -0.0595227 0.001927 32.1759 0.0595403 0.998166 -0.010927 1.73534 -0.00127306 0.0110224 0.999938 0.274306
0.99811 -0.0614155 -0.00189663 33.1445 0.0613931 0.998061 -0.0102264 1.79528 0.00252102 0.0100907 0.999946 0.286462
0.997995 -0.0632282 -0.00286378 34.1368 0.0631996 0.997959 -0.00918749 1.86286 0.00343884 0.00898808 0.999954 0.285512
0.997954 -0.0639225 -0.00125457 35.1595 0.0639044 0.997893 -0.0112549 1.92803 0.00197137 0.0111517 0.999936 0.299576
0.997867 -0.0652671 0.00137192 36.1471 0.0652769 0.997826 -0.00909186 1.99751 -0.000775539 0.00916202 0.999958 0.297898
0.997791 -0.0663822 0.00253049 37.1709 0.0663948 0.997779 -0.00527712 2.07717 -0.00217456 0.00543348 0.999983 0.312732
0.997714 -0.0674113 0.00477367 38.1524 0.0674423 0.997701 -0.00666113 2.14856 -0.00431366 0.00696785 0.999966 0.310632
0.997695 -0.067345 0.00832386 39.1543 0.0673945 0.997709 -0.00580896 2.21204 -0.00791359 0.00635655 0.999948 0.325134
0.997646 -0.0678811 0.00972343 40.1771 0.067916 0.997686 -0.00330883 2.30157 -0.00947632 0.00396142 0.999947 0.313281
0.997644 -0.0679341 0.00957955 41.1529 0.0679558 0.997686 -0.0019668 2.37479 -0.00942378 0.00261315 0.999952 0.319241
0.99765 -0.0680322 0.00816766 42.159 0.0680545 0.997679 -0.00248376 2.44475 -0.00797972 0.00303377 0.999964 0.323327
0.997671 -0.0679739 0.0056252 43.1602 0.0679662 0.997686 0.00153335 2.52348 -0.00571641 -0.00114746 0.999983 0.327726
0.997616 -0.0687782 0.00570028 44.1378 0.0687733 0.997632 0.00104601 2.58968 -0.00575873 -0.000651485 0.999983 0.333072
0.997516 -0.0700862 0.00700835 45.1415 0.0701035 0.997537 -0.00225953 2.66772 -0.00683273 0.00274523 0.999973 0.335274
0.997456 -0.0708543 0.00778378 46.1416 0.070872 0.997483 -0.00202154 2.74222 -0.00762096 0.00256805 0.999968 0.334578
0.997445 -0.0712279 0.00546804 47.1022 0.0712326 0.99746 -0.000667613 2.81365 -0.00540659 0.00105541 0.999985 0.351061
0.997412 -0.0718944 0.000209564 48.1058 0.0718939 0.99741 0.00192349 2.89835 -0.000347309 -0.00190345 0.999998 0.354033
0.997393 -0.0721617 -0.000819306 49.0608 0.0721638 0.997389 0.00283075 2.97453 0.000612895 -0.00288249 0.999996 0.36848
0.997363 -0.0725459 0.00211714 50.0399 0.0725414 0.997363 0.00212398 3.03984 -0.00226564 -0.0019648 0.999996 0.370853
0.997345 -0.0725923 0.00583827 51.0157 0.0725965 0.997361 -0.000524313 3.10682 -0.0057848 0.000946759 0.999983 0.389852
0.997311 -0.0730154 0.006222 51.9818 0.0730289 0.997328 -0.00196153 3.19409 -0.00606215 0.00241065 0.999979 0.388703
0.997319 -0.0729638 0.00562138 52.9356 0.0729914 0.997321 -0.00487027 3.2565 -0.00525097 0.00526752 0.999972 0.396766
0.997282 -0.073522 0.00478954 53.9077 0.0735596 0.997257 -0.0082298 3.3203 -0.00417133 0.00855975 0.999955 0.408126
0.997194 -0.0746499 0.00556978 54.8627 0.0746952 0.997171 -0.00841746 3.38666 -0.00492566 0.00880988 0.999949 0.410717
0.997103 -0.0754193 0.00988236 55.8285 0.0755369 0.997069 -0.0121212 3.47152 -0.00893923 0.0128325 0.999878 0.410658
0.996984 -0.0760845 0.0152819 56.7738 0.0763112 0.996974 -0.0148437 3.53669 -0.0141063 0.0159651 0.999773 0.422727
0.996895 -0.0768204 0.0172625 57.7279 0.0770448 0.996946 -0.0127346 3.61719 -0.0162315 0.014025 0.99977 0.409754
0.996862 -0.0779383 0.01383 58.6747 0.0780988 0.99688 -0.0114676 3.69867 -0.0128931 0.0125118 0.999839 0.413621
0.996817 -0.0794771 0.00629058 59.5785 0.0795338 0.996788 -0.00934137 3.78002 -0.00552795 0.00981195 0.999937 0.420393
0.99677 -0.0803048 0.00109849 60.5 0.0803112 0.996735 -0.00828812 3.85545 -0.000429327 0.00834957 0.999965 0.430659
0.996689 -0.0813048 0.000843653 61.4269 0.081307 0.996685 -0.00295805 3.94883 -0.000600352 0.00301685 0.999995 0.426371
0.996605 -0.0822702 0.00319876 62.3077 0.0822745 0.996609 -0.00123452 4.02826 -0.00308635 0.0014935 0.999994 0.43704
0.9965 -0.0834436 0.00508084 63.2033 0.0834408 0.996512 0.000752358 4.10931 -0.0051259 -0.000325775 0.999987 0.450365
0.996418 -0.0844426 0.00445458 64.0713 0.084435 0.996427 0.00187533 4.18757 -0.00459702 -0.00149249 0.999988 0.463099
0.996272 -0.0860991 0.00538324 64.9039 0.0860819 0.996282 0.00335679 4.26332 -0.00565225 -0.00288088 0.99998 0.464315
0.996158 -0.0873973 0.0055554 65.7594 0.0873774 0.996168 0.00373184 4.34443 -0.00586027 -0.00323209 0.999978 0.471673
0.996023 -0.0889109 0.00579355 66.5782 0.0888822 0.996029 0.00503061 4.4171 -0.00621782 -0.00449566 0.999971 0.482754
0.995908 -0.0901369 0.00656115 67.395 0.0901001 0.995916 0.00570089 4.49207 -0.00704821 -0.0050864 0.999962 0.49291
0.995777 -0.0913557 0.00904224 68.2067 0.0912943 0.995799 0.00698096 4.57801 -0.00964201 -0.00612597 0.999935 0.490353
0.995621 -0.0926317 0.0125504 68.9964 0.0925464 0.995682 0.0072178 4.66242 -0.0131649 -0.0060247 0.999895 0.48803
0.99543 -0.0944248 0.0142367 69.7615 0.09427 0.995484 0.0111751 4.73839 -0.0152276 -0.00978191 0.999836 0.49388
0.995349 -0.0957276 0.0108175 70.5292 0.0955619 0.995312 0.0149194 4.81299 -0.012195 -0.0138163 0.99983 0.508033
0.995301 -0.0967668 0.00343273 71.2354 0.0967038 0.995196 0.015291 4.8969 -0.0048959 -0.0148872 0.999877 0.50848
0.995168 -0.0981649 -0.00211243 71.9595 0.0981851 0.995066 0.0142255 4.97044 0.000705561 -0.0143642 0.999897 0.523423
0.995113 -0.0986719 -0.0036859 72.6474 0.0987179 0.994993 0.015618 5.04484 0.00212639 -0.0159055 0.999871 0.520274
0.995047 -0.0994063 -0.000636538 73.33 0.0994033 0.994912 0.0164032 5.12552 -0.000997284 -0.0163853 0.999865 0.52976
0.994913 -0.100719 0.00206813 73.9956 0.100675 0.994798 0.0155483 5.19259 -0.00362338 -0.015261 0.999877 0.539555
0.994827 -0.101581 -0.000999061 74.6157 0.101585 0.994727 0.0140708 5.25888 -0.000435533 -0.0140995 0.999901 0.554832
0.994846 -0.101261 -0.00532302 75.2203 0.101301 0.994826 0.00773685 5.31215 0.00451204 -0.0082362 0.999956 0.567229
0.994895 -0.100456 -0.00958606 75.8344 0.100498 0.994929 0.00398465 5.37118 0.00913717 -0.00492769 0.999946 0.578425
0.99521 -0.0972282 -0.0101746 76.4026 0.0972793 0.995246 0.00465181 5.43224 0.00967394 -0.0056193 0.999937 0.585713
0.995626 -0.0930762 -0.00805446 76.9729 0.0931559 0.9956 0.0101687 5.49663 0.00707255 -0.0108746 0.999916 0.592259
0.996064 -0.0885138 -0.00466477 77.535 0.088552 0.996033 0.00873175 5.54676 0.00387339 -0.00911046 0.999951 0.602426
0.996541 -0.0831017 -0.000125505 78.0632 0.0831013 0.996529 0.00493493 5.5849 -0.000285032 -0.00492829 0.999988 0.617275
0.997184 -0.0749061 0.00351819 78.6059 0.0749058 0.997191 0.000216322 5.61627 -0.00352451 4.782e-05 0.999994 0.628152
0.997922 -0.0643332 0.00367316 79.1118 0.0643186 0.997922 0.00396486 5.65389 -0.0039206 -0.00372037 0.999985 0.641877
0.998776 -0.0493705 0.00314401 79.6113 0.0493392 0.998738 0.00937849 5.68525 -0.00360306 -0.00921188 0.999951 0.643823
0.999505 -0.0312581 0.0035806 80.1256 0.0312052 0.999415 0.0139833 5.70402 -0.0040156 -0.0138646 0.999896 0.640844
0.999946 -0.00940432 0.00447252 80.5796 0.00934503 0.999871 0.0130985 5.70601 -0.00459512 -0.013056 0.999904 0.64858
0.999841 0.0168608 0.00584792 81.0677 -0.0169152 0.999813 0.00938109 5.69138 -0.00568865 -0.00947851 0.999939 0.65967
0.998902 0.0461706 0.00799774 81.5041 -0.0462383 0.998894 0.00848895 5.64598 -0.00759696 -0.00884943 0.999932 0.660353
0.996815 0.0791133 0.010008 81.9568 -0.0791911 0.99683 0.00763405 5.60973 -0.00937231 -0.00840228 0.999921 0.662484
0.993101 0.116729 0.0111417 82.4102 -0.116817 0.993125 0.00756396 5.54632 -0.0101821 -0.00881331 0.999909 0.66593
0.987316 0.158297 0.0122156 82.8324 -0.158399 0.987344 0.00786344 5.47736 -0.0108162 -0.00969863 0.999894 0.667524
0.979045 0.20325 0.0126437 83.2488 -0.203355 0.979075 0.00765902 5.36973 -0.0108225 -0.0100697 0.999891 0.667357
0.96765 0.252003 0.0121307 83.6766 -0.25212 0.967651 0.00929164 5.24491 -0.00939681 -0.0120495 0.999883 0.668325
0.952333 0.304862 0.010969 84.0456 -0.30497 0.952309 0.0100411 5.11667 -0.00738476 -0.0129077 0.999889 0.676982
0.932906 0.359981 0.0100349 84.4442 -0.360076 0.932867 0.0102326 4.9215 -0.00567771 -0.0131593 0.999897 0.6804
0.908807 0.417106 0.00966131 84.7858 -0.417195 0.908756 0.0105827 4.75655 -0.00436567 -0.0136483 0.999897 0.680874
0.880193 0.47454 0.0084662 85.1154 -0.474611 0.880127 0.0110107 4.54136 -0.00222629 -0.0137097 0.999904 0.66914
0.847316 0.531046 0.00684155 85.4733 -0.531089 0.847265 0.00930241 4.27425 -0.000856602 -0.0115155 0.999933 0.687943
0.810701 0.585425 0.00647679 85.7319 -0.58546 0.810652 0.00892304 4.05494 -2.66574e-05 -0.0110258 0.999939 0.68721
0.771148 0.63661 0.00756749 86.0385 -0.636654 0.771115 0.00723947 3.75361 -0.00122669 -0.0104006 0.999945 0.701399
0.728645 0.684816 0.010204 86.2771 -0.684886 0.72862 0.00667362 3.50374 -0.00286463 -0.0118513 0.999926 0.694532
0.683699 0.729683 0.0108569 86.5141 -0.729755 0.683689 0.00523151 3.21167 -0.00360542 -0.0114997 0.999927 0.693831
0.637122 0.770715 0.00857319 86.7658 -0.770758 0.637119 0.0035071 2.86652 -0.00275916 -0.0088423 0.999957 0.698311
0.590493 0.807025 0.00534376 86.9208 -0.807037 0.590501 0.000107162 2.57919 -0.00306901 -0.00437589 0.999986 0.722992
0.543622 0.839309 0.00591948 87.1309 -0.839328 0.543622 0.00174774 2.22604 -0.00175107 -0.0059185 0.999981 0.717073
0.496544 0.867967 0.00879021 87.274 -0.868011 0.496524 0.00450529 1.91823 -0.000454104 -0.00986707 0.999951 0.711462
0.451024 0.892462 0.00944246 87.4311 -0.892511 0.450983 0.0062113 1.57534 0.00128497 -0.0112289 0.999936 0.714725
0.408212 0.91288 0.00370288 87.5756 -0.912885 0.408199 0.0036765 1.20987 0.00184469 -0.0048811 0.999986 0.704788
0.368951 0.929417 -0.00770834 87.6528 -0.929448 0.368926 -0.00440784 0.870424 -0.00125291 0.00879078 0.999961 0.736254
0.333403 0.942712 -0.0116503 87.7474 -0.942776 0.333322 -0.00837253 0.509597 -0.0040096 0.013775 0.999897 0.733215
0.299659 0.954 -0.00940977 87.861 -0.954044 0.299621 -0.00529329 0.135109 -0.00223044 0.0105635 0.999942 0.743499
0.268825 0.963189 -0.000441472 87.9609 -0.963186 0.268825 0.00225667 -0.214136 0.00229228 -0.000181429 0.999997 0.73473
0.240382 0.970671 0.00391566 88.0712 -0.97066 0.24035 0.00708929 -0.601736 0.00594023 -0.00550491 0.999967 0.736286
0.214268 0.976771 0.00268325 88.1413 -0.976746 0.21424 0.00828552 -0.994562 0.0075182 -0.00439617 0.999962 0.747969
0.190835 0.981615 -0.00369768 88.2051 -0.981573 0.190862 0.00927547 -1.39955 0.00981069 0.00185945 0.99995 0.756727
0.170062 0.985358 -0.0122072 88.2577 -0.985294 0.170233 0.0146844 -1.79596 0.0165475 0.00953043 0.999818 0.762023
0.150206 0.988564 -0.0134218 88.3107 -0.988376 0.150472 0.0216848 -2.22089 0.0234564 0.0100086 0.999675 0.750751
0.132703 0.991099 -0.0106229 88.3764 -0.990863 0.132917 0.0229012 -2.66852 0.0241094 0.00748679 0.999681 0.759173
0.117056 0.993088 -0.00859234 88.4379 -0.992932 0.117199 0.0187079 -3.10482 0.0195856 0.00634174 0.999788 0.771885
0.102352 0.994719 -0.00759144 88.4756 -0.994625 0.102457 0.0149837 -3.5788 0.0156824 0.00601702 0.999859 0.786603
0.0892644 0.995952 -0.0105566 88.5196 -0.995918 0.0893941 0.0125224 -4.0748 0.0134154 0.0093957 0.999866 0.797601
0.0774515 0.99689 -0.0145486 88.549 -0.996919 0.0776185 0.0112867 -4.56392 0.0123808 0.0136296 0.99983 0.808785
0.0674023 0.997598 -0.0159544 88.5813 -0.997638 0.0676005 0.01223 -5.0748 0.0132792 0.0150924 0.999798 0.820786
0.0594907 0.998062 -0.0182316 88.6029 -0.998138 0.059722 0.0124191 -5.60343 0.0134839 0.0174588 0.999757 0.829714
0.0533098 0.998393 -0.0192291 88.6309 -0.998484 0.0535589 0.01268 -6.16796 0.0136895 0.0185239 0.999735 0.83424
0.0477963 0.998686 -0.0185041 88.6598 -0.99875 0.0480547 0.013777 -6.71143 0.0146481 0.0178225 0.999734 0.84292
0.0417615 0.998908 -0.0209624 88.6791 -0.99901 0.0420687 0.0144363 -7.30977 0.0153024 0.0203387 0.999676 0.848758
0.0372566 0.999012 -0.0242346 88.7003 -0.999188 0.0376142 0.01447 -7.92024 0.0153673 0.0236758 0.999602 0.861878
0.0342424 0.999137 -0.0234998 88.7171 -0.9993 0.0345842 0.0142935 -8.52403 0.0150939 0.0229939 0.999622 0.871552
0.0309791 0.999227 -0.0242218 88.7486 -0.999411 0.031324 0.0139918 -9.171 0.0147397 0.0237741 0.999609 0.887625
0.0288123 0.999228 -0.0266988 88.7605 -0.999484 0.0291781 0.0134152 -9.83305 0.0141839 0.0262985 0.999554 0.89741
0.0280894 0.999129 -0.0308662 88.7714 -0.999507 0.0285059 0.0131352 -10.5032 0.0140036 0.030482 0.999437 0.906076
0.0289641 0.998977 -0.0347319 88.7892 -0.999485 0.0294243 0.0128118 -11.2134 0.0138206 0.0343429 0.999315 0.918394
0.031206 0.998823 -0.0371332 88.8122 -0.999419 0.0316922 0.0125775 -11.914 0.0137395 0.0367191 0.999231 0.931864
0.0350464 0.998624 -0.0390086 88.8359 -0.999288 0.0355631 0.0126314 -12.6461 0.0140013 0.0385382 0.999159 0.940708
0.0394735 0.998438 -0.0395418 88.8764 -0.999127 0.0399805 0.0121146 -13.3919 0.0136766 0.039029 0.999144 0.951123
0.0432459 0.998211 -0.0412899 88.8975 -0.998989 0.0437126 0.010467 -14.1391 0.0122531 0.0407955 0.999092 0.960424
0.0475541 0.998026 -0.0410299 88.9353 -0.998809 0.0479583 0.00892443 -14.9216 0.0108745 0.0405566 0.999118 0.973288
0.051824 0.9979 -0.0388529 88.9812 -0.998614 0.0521417 0.0072058 -15.7002 0.00921653 0.0384256 0.999219 0.981193
0.0556964 0.99772 -0.0381119 89.0453 -0.998413 0.0559702 0.00615564 -16.5087 0.00827474 0.0377086 0.999255 0.987426
0.0598613 0.99755 -0.0361966 89.0894 -0.998166 0.0601484 0.00689329 -17.3062 0.00905357 0.0357175 0.999321 1.00243
0.0632717 0.997441 -0.0332763 89.1471 -0.997916 0.0636541 0.0105601 -18.1136 0.0126513 0.0325388 0.99939 1.02405
0.0644769 0.997494 -0.0291374 89.2199 -0.997759 0.0649628 0.0160454 -18.923 0.017898 0.0280376 0.999447 1.03344
0.0644722 0.997556 -0.0269273 89.2894 -0.997706 0.0649927 0.0189228 -19.7566 0.0206266 0.0256456 0.999458 1.05851
0.0646678 0.997638 -0.02317 89.3388 -0.997703 0.0651065 0.0187049 -20.5877 0.0201692 0.0219072 0.999557 1.07272
0.0650031 0.997638 -0.0221956 89.4035 -0.997715 0.0653867 0.0170211 -21.412 0.0184322 0.0210384 0.999609 1.10053
0.0647354 0.997639 -0.0229198 89.4709 -0.997755 0.0651032 0.015677 -22.2337 0.0171322 0.0218535 0.999614 1.12591
0.0652791 0.997681 -0.0192821 89.5191 -0.997735 0.0655729 0.0150186 -23.0381 0.0162482 0.018258 0.999701 1.14788
0.0651383 0.997703 -0.0185886 89.5821 -0.997743 0.0654229 0.0151384 -23.8715 0.0163197 0.0175605 0.999713 1.17346
0.0657151 0.99772 -0.0153871 89.6376 -0.997696 0.0659582 0.015865 -24.6866 0.0168437 0.014309 0.999756 1.19416
0.0645789 0.997849 -0.0112877 89.6973 -0.997762 0.0647615 0.0166421 -25.493 0.0173373 0.0101877 0.999798 1.22082
0.0618936 0.998041 -0.00914191 89.7609 -0.997934 0.0620398 0.0166844 -26.323 0.0172189 0.00809037 0.999819 1.24108
0.0582935 0.998278 -0.00661696 89.8131 -0.998173 0.0583904 0.0155456 -27.1353 0.0159052 0.00569866 0.999857 1.25808
0.0534607 0.998564 -0.00354602 89.8691 -0.998477 0.0535038 0.0134258 -27.949 0.0135963 0.00282287 0.999904 1.28221
0.0469547 0.998894 -0.0026048 89.9112 -0.998829 0.0469818 0.0115441 -28.7753 0.0116538 0.0020597 0.99993 1.30076
0.0397442 0.999208 -0.00213951 89.9459 -0.999146 0.0397659 0.0112634 -29.5775 0.0113396 0.00169003 0.999934 1.32657
0.0310822 0.999515 -0.00189631 89.9794 -0.999442 0.031103 0.0121598 -30.3821 0.0122129 0.0015173 0.999924 1.34479
0.0209753 0.999778 -0.00183756 89.9938 -0.999704 0.0209964 0.0123055 -31.189 0.0123413 0.00157891 0.999923 1.36492
0.0106053 0.999938 -0.00337463 90.0198 -0.999874 0.0106443 0.0117478 -31.9773 0.011783 0.00324962 0.999925 1.38406
-3.00239e-05 0.999997 -0.00257643 90.025 -0.999945 -3.04966e-06 0.010469 -32.7904 0.0104689 0.00257661 0.999942 1.39927
-0.0111397 0.999932 -0.00343577 90.0161 -0.99989 -0.0111057 0.00978225 -33.5841 0.00974343 0.00354437 0.999946 1.4205
-0.0222568 0.999746 -0.00365675 89.9985 -0.999704 -0.0222196 0.009904 -34.3762 0.00982023 0.0038761 0.999944 1.43572
-0.0332336 0.999443 -0.00315601 89.9707 -0.999397 -0.0331999 0.0101839 -35.1619 0.0100735 0.00349256 0.999943 1.45311
-0.0438308 0.999035 -0.00280073 89.9456 -0.998979 -0.0437972 0.0111044 -35.9331 0.010971 0.00328458 0.999934 1.47052
-0.0542466 0.998523 -0.00299651 89.9041 -0.998458 -0.0542072 0.0119506 -36.699 0.0117705 0.00364017 0.999924 1.48615
-0.0636298 0.997969 -0.0029581 89.847 -0.997898 -0.0635882 0.0125055 -37.4628 0.012292 0.00374761 0.999917 1.50352
-0.0731152 0.997319 -0.00309767 89.7964 -0.997243 -0.0730695 0.0129383 -38.2099 0.0126773 0.00403512 0.999911 1.52077
-0.082761 0.996565 -0.00298146 89.7323 -0.99649 -0.0827164 0.0128359 -38.9643 0.0125452 0.00403331 0.999913 1.53909
-0.0912739 0.995817 -0.00418648 89.6709 -0.995751 -0.0912148 0.0126302 -39.7062 0.0121955 0.0053215 0.999911 1.55922
-0.0989385 0.995075 -0.00600055 89.595 -0.995033 -0.0988639 0.0116615 -40.4473 0.0110109 0.00712452 0.999914 1.57632
-0.104265 0.99451 -0.00886251 89.5225 -0.99451 -0.104177 0.00984549 -41.1684 0.00886817 0.00984039 0.999912 1.59325
-0.1082 0.99406 -0.0117322 89.4438 -0.994104 -0.108106 0.00840582 -41.8618 0.00708757 0.0125725 0.999896 1.61386
-0.110965 0.993731 -0.0136316 89.361 -0.993809 -0.110879 0.0069755 -42.5692 0.00542031 0.0143213 0.999883 1.63199
-0.112756 0.993507 -0.0151844 89.2872 -0.993612 -0.112669 0.00643512 -43.2627 0.00468253 0.015813 0.999864 1.64229
-0.113324 0.99343 -0.0159297 89.2166 -0.993547 -0.113231 0.00661594 -43.93 0.00476873 0.0165767 0.999851 1.65667
-0.112486 0.993523 -0.0161134 89.138 -0.993636 -0.112375 0.00766511 -44.5908 0.00580471 0.0168731 0.999841 1.67131
-0.110002 0.993773 -0.0177294 89.0643 -0.993905 -0.109852 0.00923982 -45.2366 0.00723469 0.0186377 0.9998 1.68556
-0.104763 0.994338 -0.0177806 89.0059 -0.994466 -0.1046 0.00985076 -45.8505 0.00793513 0.0187142 0.999793 1.69757
-0.0969875 0.99513 -0.0175708 88.953 -0.995248 -0.0968157 0.0103794 -46.4644 0.00862771 0.018494 0.999792 1.71162
-0.085944 0.99616 -0.0167202 88.9153 -0.996258 -0.0857741 0.0106273 -47.0329 0.00915232 0.017571 0.999804 1.72087
-0.072258 0.997251 -0.0164177 88.8741 -0.997334 -0.0720761 0.0114129 -47.6155 0.0101982 0.0171986 0.9998 1.7379
-0.0550169 0.99836 -0.0158253 88.8529 -0.998415 -0.0548182 0.0127297 -48.1652 0.0118413 0.0165005 0.999794 1.75103
-0.0339592 0.999314 -0.0147494 88.8456 -0.999316 -0.0337357 0.015147 -48.6943 0.014639 0.0152537 0.999776 1.77193
-0.00950564 0.999861 -0.0136656 88.8443 -0.999788 -0.00925373 0.0183808 -49.2265 0.0182518 0.0138374 0.999738 1.78371
0.0185961 0.999751 -0.0123356 88.8661 -0.999613 0.018846 0.0204581 -49.7412 0.0206854 0.0119503 0.999715 1.80051
0.0514971 0.998605 -0.0116416 88.9131 -0.998449 0.0517291 0.0205977 -50.2794 0.0211712 0.0105629 0.99972 1.81792
0.0894737 0.995918 -0.0119434 88.9826 -0.995801 0.0896836 0.0183832 -50.7916 0.0193793 0.0102484 0.99976 1.83556
0.131447 0.991254 -0.0117241 89.0747 -0.991178 0.131621 0.0155387 -51.287 0.0169459 0.00957819 0.999811 1.84855
0.176052 0.984349 -0.00792127 89.18 -0.984299 0.176135 0.0114534 -51.8011 0.0126693 0.00578051 0.999903 1.86097
0.224035 0.974571 -0.00443775 89.3303 -0.974532 0.224067 0.00896751 -52.2948 0.00973383 0.00231569 0.99995 1.87027
0.275248 0.961372 -0.00128642 89.4653 -0.961343 0.27525 0.00755891 -52.7541 0.00762102 -0.000843882 0.999971 1.88609
0.328888 0.944368 -0.00116374 89.6782 -0.944339 0.328887 0.00752053 -53.2091 0.00748489 -0.00137444 0.999971 1.89342
0.386288 0.922367 -0.00442247 89.8883 -0.92233 0.386313 0.00833541 -53.6625 0.00939676 0.000859103 0.999955 1.91572
0.446039 0.894979 -0.00784304 90.0906 -0.894909 0.446104 0.0113729 -54.0639 0.0136773 0.00194606 0.999905 1.92517
0.50482 0.863113 -0.0138864 90.377 -0.862983 0.504994 0.0155307 -54.4779 0.0204173 0.00414356 0.999783 1.94336
0.562732 0.82652 -0.0140799 90.6313 -0.826281 0.562907 0.019876 -54.8322 0.0243536 0.000449079 0.999703 1.94764
0.618031 0.78602 -0.0144905 90.9886 -0.785701 0.618196 0.0225282 -55.1905 0.0266656 -0.00253793 0.999641 1.95529
0.670686 0.741564 -0.016203 91.297 -0.741193 0.67087 0.0238069 -55.5212 0.0285244 -0.00395743 0.999585 1.96939
0.71998 0.693768 -0.0177353 91.6236 -0.693413 0.720188 0.0225276 -55.8112 0.0284017 -0.00392153 0.999589 1.98155
0.765457 0.643308 -0.015184 92.032 -0.64304 0.765592 0.0192198 -56.1219 0.023989 -0.00494806 0.9997 2.00665
0.807025 0.590397 -0.0118792 92.4233 -0.590237 0.807099 0.0145725 -56.3547 0.0181912 -0.00474884 0.999823 2.01692
0.844015 0.536279 -0.00660939 92.8029 -0.536186 0.844016 0.0118827 -56.5738 0.0119509 -0.00648533 0.999908 2.03018
0.875777 0.482712 -0.0018022 93.2431 -0.482677 0.875748 0.00937983 -56.7801 0.00610603 -0.00734476 0.999954 2.03003
0.901766 0.432208 0.00373263 93.6819 -0.432223 0.901722 0.0089924 -56.9548 0.000520792 -0.00972237 0.999953 2.04661
0.922463 0.386026 0.00671764 94.1085 -0.386079 0.922402 0.010828 -57.1108 -0.00201648 -0.012582 0.999919 2.06007
0.938248 0.345811 0.0102694 94.5868 -0.345938 0.938125 0.0157516 -57.2572 -0.00418688 -0.0183314 0.999823 2.05732
0.950562 0.310362 0.0103528 95.0299 -0.310516 0.950341 0.020785 -57.3784 -0.0033878 -0.0229722 0.99973 2.06455
0.960199 0.279159 0.00937082 95.5124 -0.279305 0.959924 0.0231033 -57.5051 -0.00254578 -0.0248011 0.999689 2.04534
0.966352 0.2571 0.00790899 95.9806 -0.257203 0.966197 0.0175957 -57.6247 -0.00311779 -0.0190378 0.999814 2.07065
0.970409 0.241356 0.00727993 96.4683 -0.24144 0.970302 0.0148227 -57.7437 -0.0034862 -0.0161417 0.999864 2.07389
0.973482 0.228638 0.0076286 96.965 -0.228743 0.973311 0.0185073 -57.8443 -0.00319353 -0.0197615 0.9998 2.07553
0.975668 0.219082 0.00864838 97.4667 -0.219228 0.975391 0.0234607 -57.9384 -0.00329573 -0.0247858 0.999687 2.06372
0.977098 0.212631 0.00825265 97.986 -0.212782 0.976671 0.0289334 -58.0362 -0.00190798 -0.0300268 0.999547 2.06549
0.977741 0.209727 0.00603558 98.5136 -0.209807 0.977068 0.0363144 -58.1378 0.00171894 -0.0367724 0.999322 2.06795
0.977935 0.208874 0.00383105 99.0401 -0.208864 0.977185 0.0385381 -58.2431 0.00430595 -0.038488 0.99925 2.0728
0.977406 0.211369 3.78226e-05 99.5859 -0.211234 0.976775 0.0359225 -58.3631 0.00755596 -0.0351189 0.999355 2.0813
0.976501 0.215429 -0.00591852 100.145 -0.215092 0.975949 0.0354929 -58.4947 0.0134224 -0.0333859 0.999352 2.08698
0.975467 0.219909 -0.010188 100.701 -0.219363 0.974859 0.0390998 -58.6134 0.0185302 -0.0359057 0.999183 2.09298
0.974532 0.224049 -0.00945531 101.29 -0.22348 0.973816 0.0416885 -58.7384 0.018548 -0.0385137 0.999086 2.10305
0.973269 0.229614 -0.00506324 101.866 -0.229207 0.972472 0.0419732 -58.8654 0.0145615 -0.0396907 0.999106 2.10837
0.97217 0.234272 -0.0010658 102.483 -0.234054 0.97144 0.03902 -59.0152 0.0101767 -0.0376846 0.999238 2.13179
0.971233 0.238102 0.00371501 103.107 -0.238078 0.97057 0.0362336 -59.1716 0.00502163 -0.0360757 0.999336 2.13471
0.970381 0.241437 0.0083036 103.724 -0.241579 0.969849 0.0321208 -59.3254 -0.000298114 -0.0331753 0.99945 2.14473
0.969635 0.244431 0.00783558 104.365 -0.244556 0.969203 0.0289438 -59.4892 -0.0005195 -0.0299811 0.99955 2.14529
0.969481 0.245128 0.00424955 104.994 -0.245153 0.969121 0.0265252 -59.6592 0.00238373 -0.0267575 0.999639 2.14992
0.969493 0.245104 -0.00261427 105.658 -0.244967 0.969216 0.0247409 -59.8155 0.00859788 -0.0233458 0.99969 2.16784
0.969721 0.244072 -0.00833081 106.316 -0.243736 0.969394 0.0294481 -59.988 0.0152633 -0.0265259 0.999532 2.16688
0.970314 0.241566 -0.0116786 106.99 -0.241094 0.969971 0.0320888 -60.1468 0.0190795 -0.0283206 0.999417 2.18075
0.970938 0.239186 -0.00838256 107.678 -0.23885 0.970608 0.0295137 -60.3048 0.0151954 -0.0266538 0.999529 2.18475
0.971256 0.238029 -0.00203621 108.399 -0.237907 0.970971 0.024812 -60.4733 0.00788307 -0.0236144 0.99969 2.20371
0.971914 0.235313 0.00345505 109.114 -0.235327 0.971626 0.0237604 -60.6428 0.00223411 -0.0239062 0.999712 2.21003
0.972452 0.233074 0.00368445 109.856 -0.233087 0.972075 0.0271981 -60.8253 0.00275761 -0.0273076 0.999623 2.22515
0.972834 0.231503 0.000878013 110.566 -0.231404 0.972289 0.0332559 -60.9742 0.00684517 -0.0325557 0.999446 2.22545
0.973688 0.227842 -0.00448867 111.329 -0.227554 0.973143 0.0348136 -61.1397 0.0123001 -0.0328762 0.999384 2.23678
0.974603 0.223819 -0.00741493 112.083 -0.223424 0.974066 0.0357465 -61.3177 0.0152234 -0.033182 0.999333 2.24251
0.975382 0.220413 -0.00699474 112.85 -0.220058 0.974893 0.0340327 -61.4801 0.0143203 -0.0316556 0.999396 2.25228
0.97624 0.216619 -0.00568715 113.642 -0.216352 0.975839 0.0304927 -61.6597 0.012155 -0.0285378 0.999519 2.27932
0.976697 0.214599 -0.00322245 114.435 -0.21442 0.976315 0.0288562 -61.836 0.00933864 -0.0274928 0.999578 2.28271
0.976985 0.213297 -0.00216732 115.22 -0.213176 0.976688 0.025243 -62.0084 0.00750104 -0.0242 0.999679 2.29134
0.977071 0.212908 -0.00165293 116.031 -0.212831 0.976876 0.0203973 -62.1842 0.00595745 -0.0195778 0.999791 2.30855
0.97716 0.212507 -0.000315163 116.84 -0.212462 0.976981 0.0191712 -62.3491 0.00438191 -0.0186663 0.999816 2.31278
0.977159 0.212507 -0.00117483 117.676 -0.212418 0.976882 0.0240974 -62.5289 0.00626853 -0.0232975 0.999709 2.32544
0.976966 0.21338 -0.00235889 118.489 -0.213196 0.976479 0.0321909 -62.6933 0.0091723 -0.0309465 0.999479 2.33594
0.976776 0.214244 -0.00268614 119.307 -0.213994 0.976107 0.0377186 -62.851 0.010703 -0.0362678 0.999285 2.34957
0.976219 0.216785 -0.000628453 120.155 -0.216554 0.975304 0.0434269 -63.0291 0.0100272 -0.0422581 0.999056 2.36923
0.975518 0.219919 0.00073029 120.976 -0.219745 0.974604 0.0431095 -63.1974 0.00876886 -0.0422146 0.99907 2.3736
0.975024 0.222097 0.000688588 121.824 -0.221893 0.973985 0.0460031 -63.3874 0.00954647 -0.045007 0.998941 2.39429
0.974452 0.224591 -0.00157905 122.662 -0.224298 0.973496 0.044664 -63.5599 0.0115683 -0.0431687 0.999001 2.41048
0.974056 0.226292 -0.00244904 123.505 -0.226045 0.973397 0.0374533 -63.7614 0.0108593 -0.035928 0.999295 2.43257
0.974062 0.226241 -0.00437061 124.343 -0.225983 0.973582 0.0327088 -63.9675 0.0116552 -0.0308727 0.999455 2.45161
0.973752 0.227562 -0.00481386 125.193 -0.227318 0.973348 0.0303476 -64.1683 0.0115915 -0.0284567 0.999528 2.47485
0.973367 0.229241 -0.00230615 126.023 -0.229049 0.972876 0.0323893 -64.35 0.00966856 -0.0309985 0.999473 2.48791
0.973149 0.230139 0.00422584 126.868 -0.230145 0.972538 0.0346884 -64.545 0.00387336 -0.0347295 0.999389 2.49751
0.972949 0.230878 0.00802981 127.71 -0.231016 0.972225 0.0375544 -64.7304 0.000863728 -0.0383936 0.999262 2.49076
0.972585 0.232532 0.00283118 128.534 -0.232473 0.971886 0.0373317 -64.9274 0.00592921 -0.0369664 0.999299 2.51626
0.972448 0.232849 -0.011255 129.354 -0.232351 0.972026 0.0343318 -65.1218 0.0189343 -0.0307708 0.999347 2.53954
0.972496 0.232029 -0.0203302 130.157 -0.231343 0.972368 0.0313196 -65.3186 0.0270355 -0.025755 0.999303 2.58715
0.972743 0.231537 -0.0127008 130.986 -0.231086 0.97248 0.0297139 -65.5119 0.0192311 -0.0259691 0.999478 2.59168
0.973148 0.230118 0.00538489 131.829 -0.230181 0.972862 0.0235978 -65.7122 0.00019152 -0.0242037 0.999707 2.59419
0.973432 0.228347 0.0169439 132.658 -0.228628 0.973364 0.017094 -65.9123 -0.0125892 -0.0205137 0.99971 2.59382
0.973668 0.227456 0.0152856 133.475 -0.227755 0.97347 0.0220019 -66.0919 -0.00987564 -0.0249039 0.999641 2.61666
0.974041 0.226359 0.00257869 134.291 -0.226325 0.973535 0.0317283 -66.268 0.00467153 -0.0314883 0.999493 2.64225
0.974195 0.225641 -0.00554858 135.086 -0.225326 0.973678 0.0343316 -66.4459 0.0131492 -0.0321954 0.999395 2.63813
0.974656 0.223586 -0.00737089 135.891 -0.223279 0.9743 0.0297646 -66.6253 0.0138364 -0.0273645 0.99953 2.6585
0.975329 0.220657 -0.00655147 136.709 -0.220399 0.975015 0.0277427 -66.8121 0.0125094 -0.0256144 0.999594 2.68381
0.976102 0.217176 -0.00764697 137.52 -0.216879 0.975778 0.0286493 -66.9872 0.0136837 -0.0263062 0.99956 2.70256
0.97716 0.212323 -0.00874634 138.329 -0.211969 0.976795 0.030674 -67.1556 0.0150562 -0.0281194 0.999491 2.71644
0.977758 0.209574 -0.00820893 139.111 -0.209166 0.977241 0.0353569 -67.3055 0.015432 -0.0328535 0.999341 2.73822
0.978301 0.20706 -0.00730188 139.929 -0.206605 0.977584 0.0405391 -67.4641 0.0155322 -0.0381509 0.999151 2.75738
0.97863 0.205565 -0.00507616 140.73 -0.20517 0.9778 0.0425845 -67.6216 0.0137174 -0.040633 0.99908 2.77711
0.978912 0.204278 -0.000943983 141.532 -0.204059 0.978056 0.0420339 -67.792 0.00950986 -0.0409549 0.999116 2.78997
0.979235 0.202728 -0.000776113 142.336 -0.202522 0.978399 0.0414733 -67.9532 0.00916715 -0.0404549 0.999139 2.80896
0.979734 0.200261 -0.00411729 143.123 -0.199958 0.979047 0.0385061 -68.1062 0.0117423 -0.0369024 0.99925 2.82887
0.980579 0.195929 -0.00877477 143.9 -0.19553 0.980107 0.0340326 -68.2718 0.0152682 -0.0316559 0.999382 2.85504
0.981854 0.189348 -0.0104701 144.707 -0.188916 0.981439 0.0329765 -68.4222 0.0165198 -0.0304002 0.999401 2.87708
0.98313 0.182801 -0.00627729 145.488 -0.182531 0.982726 0.030529 -68.5715 0.0117496 -0.0288682 0.999514 2.88489
0.984232 0.176878 0.00103816 146.28 -0.176841 0.983868 0.0270503 -68.7003 0.00376321 -0.0268074 0.999634 2.8995
0.984939 0.172601 0.0102323 147.093 -0.172821 0.984575 0.0272893 -68.8464 -0.00536427 -0.0286466 0.999575 2.91277
0.985598 0.168573 0.013429 147.885 -0.168898 0.985217 0.0286638 -68.9655 -0.00839849 -0.0305191 0.999499 2.90944
0.986481 0.163601 0.00952398 148.679 -0.163828 0.985954 0.0324752 -69.0932 -0.00407723 -0.0335964 0.999427 2.91488
0.987578 0.157128 0.000119103 149.476 -0.157041 0.987006 0.0340239 -69.2059 0.00522854 -0.03362 0.999421 2.93483
0.988532 0.150859 -0.00676683 150.26 -0.150571 0.988079 0.0320668 -69.3291 0.0115237 -0.0306802 0.999463 2.94116
0.989517 0.144305 -0.0057327 151.074 -0.144059 0.989075 0.0312815 -69.4501 0.0101841 -0.0301277 0.999494 2.96004
0.990647 0.13643 -0.00229309 151.882 -0.136258 0.990013 0.0361642 -69.5456 0.00720406 -0.0355135 0.999343 2.96087
0.991648 0.128928 -0.00352987 152.698 -0.128676 0.990838 0.0410074 -69.6358 0.00878451 -0.0402107 0.999153 2.97739
0.992843 0.119132 -0.00844238 153.509 -0.11865 0.991953 0.0441667 -69.7132 0.0136361 -0.0428489 0.998989 2.99072
0.99378 0.110711 -0.0119919 154.321 -0.11011 0.993003 0.0426695 -69.809 0.016632 -0.0410837 0.999017 3.00911
0.994662 0.102722 -0.00982667 155.149 -0.102219 0.993857 0.042427 -69.8839 0.0141245 -0.041196 0.999051 3.03008
0.995515 0.0945636 -0.00277639 155.981 -0.0943461 0.994537 0.0446673 -69.9519 0.00698512 -0.044205 0.998998 3.03391
0.996288 0.0860319 0.00283174 156.814 -0.0860698 0.995184 0.0469108 -70.0105 0.00121772 -0.0469804 0.998895 3.0544
0.996918 0.0782326 0.0057725 157.638 -0.0784184 0.995802 0.0472077 -70.0672 -0.00205508 -0.0475149 0.998868 3.06779
0.997371 0.0720729 0.00751662 158.463 -0.0723483 0.996264 0.0471557 -70.1188 -0.00408989 -0.0475755 0.998859 3.07447
0.997675 0.0678776 0.00608017 159.287 -0.0680897 0.996559 0.0472689 -70.1828 -0.00285075 -0.047573 0.998864 3.0828
0.997981 0.0635101 0.00089428 160.116 -0.0634716 0.99665 0.0515818 -70.2166 0.00238468 -0.0515344 0.998668 3.09365
0.998196 0.0598118 -0.00528007 160.922 -0.0594103 0.996574 0.0575351 -70.2468 0.00870326 -0.0571176 0.99833 3.0965
0.998328 0.0572388 -0.00805957 161.745 -0.0566611 0.996622 0.0594421 -70.2866 0.0114347 -0.0588861 0.998199 3.10638
0.998553 0.05371 -0.0026805 162.586 -0.0534521 0.996759 0.0601254 -70.3216 0.00590115 -0.0598951 0.998187 3.12285
0.998667 0.0511458 0.00692228 163.413 -0.0514751 0.996782 0.0614474 -70.3491 -0.00375723 -0.0617218 0.998086 3.11631
0.998783 0.0471988 0.0143317 164.247 -0.0480143 0.996844 0.0632114 -70.3784 -0.0113029 -0.0638226 0.997897 3.12979
0.999046 0.0422815 0.0109342 165.058 -0.0428454 0.997404 0.0578715 -70.4196 -0.00845893 -0.0582847 0.998264 3.12649
0.999284 0.0378077 0.00156965 165.867 -0.0378389 0.998046 0.04972 -70.4557 0.000313214 -0.0497438 0.998762 3.15412
0.999514 0.0309168 -0.00397281 166.684 -0.0306854 0.998328 0.0489878 -70.4759 0.00548072 -0.0488421 0.998791 3.14914
0.999707 0.0239675 -0.00325923 167.509 -0.0237684 0.998394 0.0514184 -70.4835 0.00448637 -0.0513259 0.998672 3.14902
0.99986 0.0165316 0.00254825 168.33 -0.0166345 0.99872 0.0477681 -70.4967 -0.0017553 -0.0478039 0.998855 3.15576
0.999946 0.00852843 0.0059366 169.168 -0.00876673 0.999107 0.0413438 -70.4981 -0.00557869 -0.0413936 0.999127 3.17206
0.99995 0.00263971 0.00968278 170.012 -0.00296936 0.999411 0.0341902 -70.5126 -0.00958683 -0.0342172 0.999368 3.16479
0.999949 -0.00315191 0.00962145 170.833 0.00287391 0.999582 0.0287723 -70.5149 -0.00970812 -0.0287432 0.99954 3.1693
0.999947 -0.00967477 0.00350313 171.684 0.00958659 0.999657 0.0243696 -70.509 -0.0037377 -0.0243347 0.999697 3.18676
0.999835 -0.016802 -0.00691649 172.502 0.0169202 0.999705 0.0174056 -70.493 0.006622 -0.0175197 0.999825 3.18146
0.999658 -0.0237119 -0.0109838 173.352 0.0238519 0.999634 0.0127926 -70.5036 0.0106765 -0.0130502 0.999858 3.19692
0.999541 -0.0299987 -0.00420799 174.198 0.0300568 0.999443 0.0144981 -70.462 0.00377072 -0.0146179 0.999886 3.20792
0.999353 -0.0350928 0.00793853 175.066 0.0349276 0.999188 0.0200687 -70.421 -0.00863636 -0.0197784 0.999767 3.19915
0.999074 -0.040106 0.0155506 175.915 0.0397311 0.998929 0.0237143 -70.3749 -0.016485 -0.0230745 0.999598 3.2069
0.998962 -0.0435574 0.0133158 176.753 0.0432439 0.9988 0.0229881 -70.3309 -0.0143011 -0.0223884 0.999647 3.21218
0.998956 -0.0455823 0.00311724 177.596 0.0454912 0.998656 0.0248186 -70.2882 -0.00424434 -0.0246508 0.999687 3.22437
0.99881 -0.0482341 -0.00721098 178.415 0.0484639 0.998172 0.0360998 -70.2216 0.00545656 -0.0364064 0.999322 3.21041
0.998676 -0.0502691 -0.0109391 179.282 0.0506278 0.998089 0.0354402 -70.1694 0.00913664 -0.0359471 0.999312 3.22443
0.998609 -0.0524603 -0.00532586 180.11 0.0525952 0.998179 0.0295401 -70.1232 0.00376648 -0.0297791 0.999549 3.24802
0.998585 -0.0531392 0.00227338 180.985 0.0530573 0.998216 0.0273741 -70.0825 -0.00372396 -0.0272147 0.999623 3.23674
0.998552 -0.0531946 0.00797761 181.853 0.052945 0.998183 0.0287788 -70.0276 -0.00949399 -0.0283148 0.999554 3.23855
0.998481 -0.0545708 0.00753461 182.689 0.0543167 0.998055 0.0305814 -69.9671 -0.00918881 -0.0301257 0.999504 3.24481
0.998385 -0.0567978 -0.00074445 183.537 0.0567954 0.997962 0.0290821 -69.9216 -0.000908865 -0.0290774 0.999577 3.24982
0.998214 -0.0585521 -0.0118282 184.371 0.0587943 0.998043 0.0212819 -69.8809 0.0105589 -0.0219393 0.999704 3.26596
0.998037 -0.0605726 -0.0159034 185.223 0.0607687 0.998078 0.0121563 -69.839 0.0151364 -0.0130989 0.9998 3.27911
0.998034 -0.0616064 -0.0115138 186.074 0.0617588 0.998001 0.0133896 -69.7759 0.0106659 -0.0140743 0.999844 3.29235
0.998012 -0.0630003 -0.00197658 186.94 0.0630237 0.997888 0.0157219 -69.7117 0.000981916 -0.0158153 0.999874 3.29969
0.997922 -0.0644085 0.00198022 187.802 0.0643671 0.997789 0.0165574 -69.6517 -0.00304227 -0.0163955 0.999861 3.31271
0.997878 -0.0651055 -0.00112631 188.621 0.0651153 0.997713 0.0181492 -69.6013 -5.78837e-05 -0.018184 0.999835 3.33365
0.997848 -0.0652069 -0.00686024 189.466 0.065327 0.997682 0.0190535 -69.5302 0.00560192 -0.0194607 0.999795 3.34744
0.99783 -0.0653647 -0.00787355 190.316 0.0655333 0.997574 0.0234915 -69.4573 0.00631893 -0.0239565 0.999693 3.34968
0.997802 -0.066014 -0.00571777 191.147 0.0661417 0.997468 0.0261446 -69.4021 0.00397738 -0.0264653 0.999642 3.36482
0.997784 -0.0664679 -0.00307714 191.997 0.0665297 0.997353 0.0293359 -69.3272 0.0011191 -0.0294756 0.999565 3.37433
0.997759 -0.0669043 -0.000225223 192.831 0.0668776 0.997254 0.0318017 -69.2679 -0.00190307 -0.0317455 0.999494 3.38534
0.997715 -0.0675559 -0.000513042 193.645 0.0675338 0.997129 0.0342448 -69.2011 -0.00180187 -0.0342012 0.999413 3.39234
0.9977 -0.067662 -0.00410815 194.481 0.0677639 0.9971 0.0346378 -69.1436 0.00175258 -0.0348365 0.999391 3.40926
0.997608 -0.0685423 -0.00898708 195.262 0.0688219 0.996987 0.0357738 -69.0753 0.00650799 -0.0363068 0.99932 3.42251
0.997529 -0.0697253 -0.00867174 196.091 0.0700137 0.996773 0.0392573 -69.0109 0.00590653 -0.0397674 0.999192 3.43979
