1 0 0 0 0 1 0 0 -0 0 1 0
0.999999 -0.00155608 -8.70251e-05 0.611626 0.00155588 0.999996 -0.00221233 0.00603568 9.04674e-05 0.00221219 0.999998 0.0306442
0.999996 -0.00264962 -0.00138973 1.16086 0.00264617 0.999993 -0.00247412 0.00316418 0.00139628 0.00247043 0.999996 0.0396582
0.999987 -0.00432508 -0.00252328 1.70071 0.0043183 0.999987 -0.0026842 0.00138199 0.00253486 0.00267327 0.999993 0.0433398
0.999969 -0.00643908 -0.00452003 2.24912 0.00641892 0.999969 -0.00446193 0.0144802 0.00454862 0.00443278 0.99998 0.0522859
0.99995 -0.00795407 -0.00598883 2.81133 0.00791048 0.999942 -0.00726678 0.0169355 0.00604628 0.00721904 0.999956 0.0656044
0.99993 -0.00943556 -0.00716084 3.38868 0.00937729 0.999923 -0.00812783 0.0317321 0.00723698 0.00806011 0.999941 0.0723865
0.999921 -0.010618 -0.00677028 3.96067 0.0105618 0.99991 -0.00827962 0.0284891 0.00685759 0.00820746 0.999943 0.0820013
0.999903 -0.0120582 -0.00696062 4.53808 0.0119996 0.999893 -0.00840126 0.0319275 0.00706118 0.00831692 0.99994 0.0961529
0.999868 -0.0130464 -0.0096501 5.13643 0.0129707 0.999885 -0.00786077 0.0426353 0.00975154 0.00773456 0.999923 0.109851
0.999811 -0.0144309 -0.0130411 5.74015 0.0143453 0.999875 -0.00663299 0.061235 0.0131352 0.00644466 0.999893 0.124929
0.999729 -0.0158377 -0.0170895 6.33611 0.0157493 0.999862 -0.00529327 0.0798455 0.017171 0.00502268 0.99984 0.13076
0.999712 -0.0168172 -0.0171212 6.96355 0.0167588 0.999853 -0.0035495 0.10477 0.0171784 0.00326154 0.999847 0.144219
0.999773 -0.0180945 -0.0112136 7.60774 0.0180754 0.999835 -0.00179791 0.110856 0.0112443 0.00159482 0.999936 0.147712
0.999826 -0.0186233 -0.00107079 8.26122 0.0186223 0.999826 -0.000997516 0.128884 0.00108918 0.000977402 0.999999 0.15848
0.99979 -0.0196859 0.00575016 8.93325 0.0196859 0.999806 5.99706e-05 0.145814 -0.00575022 5.32388e-05 0.999983 0.172026
0.999764 -0.021044 0.00547199 9.60783 0.021034 0.999777 0.00187141 0.162395 -0.00551015 -0.00175587 0.999983 0.188317
0.999768 -0.0214624 -0.0017219 10.2957 0.0214702 0.999758 0.00468922 0.186275 0.00162084 -0.00472511 0.999988 0.190484
0.999708 -0.022889 -0.00775989 11.0146 0.0229266 0.999726 0.00479598 0.206304 0.00764799 -0.00497249 0.999958 0.193542
0.999694 -0.023847 -0.00663728 11.7369 0.0238688 0.99971 0.00323273 0.228689 0.00655826 -0.00339017 0.999973 0.202338
0.999693 -0.0246745 0.00233196 12.5015 0.024671 0.999694 0.00151574 0.246792 -0.00236865 -0.00145774 0.999996 0.200617
0.999646 -0.0246997 0.00985766 13.2757 0.0246948 0.999695 0.000618599 0.263154 -0.00986993 -0.000374947 0.999951 0.19758
0.999597 -0.0254406 0.0125999 14.0656 0.0254426 0.999676 -2.29499e-06 0.289041 -0.0125957 0.000322868 0.999921 0.201041
0.999595 -0.0256875 0.0122226 14.8666 0.0257102 0.999668 -0.00170278 0.306602 -0.0121748 0.00201634 0.999924 0.206586
0.999639 -0.024986 0.00985696 15.6811 0.0250082 0.999685 -0.00213898 0.337173 -0.00980041 0.00238472 0.999949 0.20581
0.999677 -0.0246796 0.00614203 16.5132 0.02468 0.999695 2.09419e-06 0.360802 -0.00614021 0.000149492 0.999981 0.19088
0.999725 -0.0234256 0.00111124 17.3708 0.0234286 0.999722 -0.00271127 0.376672 -0.00104742 0.00273656 0.999996 0.195858
0.999718 -0.0231307 -0.00537578 18.2281 0.0231014 0.999718 -0.00545814 0.399873 0.00550052 0.00533242 0.999971 0.207631
0.999713 -0.0215592 -0.0104096 19.1241 0.0215146 0.999759 -0.00438084 0.418298 0.0105016 0.00415562 0.999936 0.222597
0.999696 -0.0216057 -0.0118693 20.0136 0.0215766 0.999764 -0.00257307 0.453525 0.0119221 0.00231619 0.999926 0.222622
0.999703 -0.0216079 -0.0112328 20.9234 0.0215789 0.999764 -0.00269784 0.473746 0.0112884 0.00245465 0.999933 0.242344
0.999692 -0.0215913 -0.0122726 21.8849 0.021568 0.999765 -0.00202458 0.500864 0.0123134 0.00175926 0.999923 0.260441
0.999665 -0.0215507 -0.0143254 22.8286 0.0215694 0.999767 0.00115662 0.521925 0.0142971 -0.00146522 0.999897 0.282355
0.999649 -0.0215203 -0.0154251 23.7952 0.0215974 0.999755 0.00484899 0.552688 0.015317 -0.00518043 0.999869 0.298773
0.999648 -0.0215921 -0.0154327 24.748 0.0216935 0.999744 0.00642819 0.589841 0.01529 -0.00676071 0.99986 0.322866
0.999647 -0.0216895 -0.015371 25.7343 0.0217986 0.999738 0.00696529 0.614549 0.0152159 -0.00729789 0.999858 0.347209
0.999638 -0.0221336 -0.0152987 26.7317 0.022245 0.999727 0.00715185 0.649168 0.0151363 -0.00748958 0.999857 0.371138
0.99964 -0.0225971 -0.0144775 27.724 0.0227174 0.999708 0.00820109 0.670872 0.014288 -0.00852703 0.999862 0.397325
0.999668 -0.0225408 -0.0125063 28.7272 0.0226507 0.999705 0.00871886 0.698536 0.0123061 -0.00899924 0.999884 0.420467
0.999669 -0.0230824 -0.0113231 29.7367 0.023185 0.999691 0.00901265 0.733778 0.0111116 -0.0092722 0.999895 0.441653
0.999661 -0.023084 -0.0120586 30.7682 0.0231875 0.999695 0.00851763 0.765417 0.0118583 -0.00879434 0.999891 0.469342
0.999637 -0.0235806 -0.0130031 31.7677 0.0237155 0.999665 0.0103201 0.789457 0.0127554 -0.0106248 0.999862 0.491393
0.999638 -0.0238802 -0.0123734 32.8126 0.0240142 0.999653 0.0107967 0.821643 0.0121113 -0.0110899 0.999865 0.515163
0.999655 -0.0243638 -0.00979206 33.8712 0.0244564 0.999656 0.00945567 0.845903 0.00955832 -0.00969189 0.999907 0.538946
0.999664 -0.0251147 -0.00635669 34.9075 0.0251768 0.999634 0.0098789 0.877905 0.00610626 -0.0100356 0.999931 0.553252
0.999665 -0.0255511 -0.0040926 35.9849 0.0255877 0.999631 0.00915717 0.91241 0.00385711 -0.00925883 0.99995 0.574102
0.999654 -0.0260711 -0.00336097 37.0437 0.026102 0.999614 0.00950306 0.945075 0.00311192 -0.0095875 0.999949 0.591724
0.999642 -0.0263076 -0.00478191 38.115 0.0263527 0.999606 0.00963484 0.982114 0.00452656 -0.00975741 0.999942 0.611493
0.999621 -0.0270446 -0.00520642 39.1909 0.0271001 0.999573 0.0109063 1.01558 0.00490925 -0.0110432 0.999927 0.626518
0.999606 -0.0277461 -0.00414992 40.2689 0.0277887 0.999558 0.0105988 1.05686 0.00385401 -0.01071 0.999935 0.641623
0.999588 -0.028621 -0.00220747 41.3505 0.0286406 0.999546 0.00938859 1.07782 0.00193776 -0.00944794 0.999953 0.662135
0.999561 -0.0296299 5.23999e-05 42.4129 0.0296281 0.999516 0.00946056 1.11503 -0.00033269 -0.00945485 0.999955 0.675748
0.999555 -0.0298293 0.000396762 43.5009 0.029824 0.999507 0.00982941 1.15052 -0.000689772 -0.00981321 0.999952 0.692613
0.999534 -0.0303573 -0.00315186 44.5742 0.0303913 0.999473 0.0113697 1.20263 0.00280505 -0.0114602 0.99993 0.712121
0.999523 -0.0300959 -0.00696873 45.6417 0.0301928 0.999443 0.0142372 1.22839 0.00653636 -0.0144408 0.999874 0.738256
0.999519 -0.0301005 -0.00751261 46.6998 0.0302099 0.999433 0.0148955 1.28361 0.00705998 -0.0151153 0.999861 0.752051
0.999528 -0.0302882 -0.0051919 47.7964 0.0303586 0.99944 0.0140731 1.30881 0.00476274 -0.0142241 0.999887 0.77173
0.999546 -0.0299255 -0.00344893 48.8734 0.0299726 0.999445 0.0145266 1.35048 0.0030123 -0.0146234 0.999889 0.784936
0.999548 -0.0299941 -0.00210116 49.9546 0.0300179 0.999473 0.0123772 1.39163 0.0017288 -0.0124347 0.999921 0.802976
0.999563 -0.029435 -0.00276431 51.0464 0.0294706 0.999469 0.013867 1.42493 0.00235467 -0.0139424 0.9999 0.822035
0.999567 -0.0291571 -0.00406033 52.1153 0.0292081 0.999487 0.0131341 1.4567 0.00367529 -0.013247 0.999906 0.8487
0.999564 -0.0288343 -0.00642674 53.1742 0.0289198 0.999489 0.0136346 1.49433 0.00603031 -0.0138145 0.999886 0.858036
0.999554 -0.0285889 -0.00857608 54.2658 0.0286946 0.99951 0.0124703 1.53171 0.00821536 -0.0127109 0.999885 0.882925
0.999521 -0.0285774 -0.01189 55.3364 0.0287119 0.999524 0.0113071 1.5608 0.0115612 -0.0116431 0.999865 0.912496
0.999503 -0.0283998 -0.0136888 56.4162 0.0285507 0.999532 0.0109561 1.59583 0.0133712 -0.0113415 0.999846 0.948355
0.999541 -0.0279174 -0.0117966 57.5029 0.0280251 0.999566 0.00906857 1.62848 0.0115383 -0.00939501 0.999889 0.973921
0.999597 -0.0277106 -0.00621708 58.5973 0.0277539 0.99959 0.00699223 1.6641 0.00602077 -0.00716196 0.999956 0.990517
0.99961 -0.0279291 -0.000747957 59.6761 0.027933 0.999594 0.00570709 1.69431 0.000588259 -0.00572575 0.999983 1.00882
0.999618 -0.027621 0.000819131 60.7506 0.0276179 0.999612 0.00357875 1.72774 -0.000917662 -0.00355476 0.999993 1.02694
0.999629 -0.0271571 -0.0018552 61.8389 0.027162 0.999627 0.00266764 1.74364 0.00178206 -0.00271704 0.999995 1.05061
0.999617 -0.0271809 -0.00520424 62.9271 0.0271854 0.99963 0.000789337 1.78499 0.00518086 -0.000930514 0.999986 1.06513
0.999588 -0.0273054 -0.00881584 64.0192 0.0273354 0.999621 0.00330059 1.81669 0.00872237 -0.00354021 0.999956 1.08689
0.999546 -0.0272215 -0.0129123 65.0781 0.0272604 0.999624 0.0028475 1.85644 0.0128299 -0.0031982 0.999913 1.11413
0.999552 -0.0265353 -0.0138757 66.1706 0.0266218 0.999627 0.00608241 1.8902 0.0137091 -0.00644907 0.999885 1.13989
0.999611 -0.0256547 -0.0109009 67.262 0.0257565 0.999625 0.00929985 1.92516 0.0106582 -0.009577 0.999897 1.15425
0.999633 -0.0256446 -0.00873708 68.357 0.0257365 0.999613 0.0105747 1.96095 0.00846251 -0.0107957 0.999906 1.18712
0.999638 -0.0256842 -0.00804289 69.4646 0.0257666 0.999615 0.0103127 2.00026 0.00777492 -0.0105162 0.999914 1.20984
0.999645 -0.0256498 -0.007149 70.5493 0.0257138 0.999629 0.00900154 2.0324 0.00691546 -0.00918217 0.999934 1.23509
0.999648 -0.0259012 -0.00581902 71.6199 0.0259484 0.99963 0.00818059 2.06064 0.00560498 -0.0083287 0.99995 1.25494
0.999647 -0.0262876 -0.0037332 72.7121 0.026312 0.999632 0.00665737 2.09484 0.00355682 -0.00675325 0.999971 1.27662
0.999629 -0.0271587 -0.0018382 73.7928 0.0271684 0.999616 0.00545317 2.12259 0.00168939 -0.00550109 0.999983 1.29662
0.999615 -0.0275963 -0.0027241 74.8888 0.0276097 0.999606 0.0050266 2.1534 0.00258431 -0.00509988 0.999984 1.31978
0.999584 -0.0280745 -0.00662722 75.9595 0.0281102 0.999591 0.00534808 2.18914 0.00647436 -0.00553214 0.999964 1.34517
0.999557 -0.028539 -0.00845218 77.0292 0.028592 0.999572 0.0062159 2.21984 0.00827117 -0.00645481 0.999945 1.36806
0.999542 -0.0294385 -0.00699167 78.1006 0.0294873 0.999541 0.00698488 2.26056 0.00678283 -0.00718785 0.999951 1.3903
0.999545 -0.0299943 -0.00332827 79.1825 0.0300203 0.999517 0.00804028 2.2998 0.0030855 -0.00813653 0.999962 1.41135
0.999536 -0.0304444 0.000665997 80.2639 0.0304373 0.999498 0.00881761 2.33792 -0.000934109 -0.00879325 0.999961 1.42363
0.999517 -0.0310382 0.00153503 81.3132 0.0310227 0.999475 0.00930288 2.37798 -0.00182297 -0.00925077 0.999956 1.44183
0.999499 -0.0316462 -0.000220632 82.378 0.0316468 0.999445 0.0104121 2.41732 -0.000108993 -0.0104139 0.999946 1.4625
0.999479 -0.0322461 -0.00111941 83.4243 0.0322561 0.999425 0.0104972 2.45481 0.000780272 -0.0105278 0.999944 1.48244
0.999471 -0.0325123 -0.00106593 84.473 0.0325213 0.999422 0.00993883 2.49517 0.000742183 -0.00996824 0.99995 1.4975
0.999441 -0.033418 -0.000857877 85.4899 0.0334243 0.999403 0.00873864 2.52928 0.000565337 -0.00876243 0.999961 1.52006
0.999421 -0.0340197 0.000696503 86.4934 0.0340133 0.999391 0.00776701 2.56607 -0.00096031 -0.00773882 0.99997 1.53654
0.999394 -0.0346833 0.00309855 87.4996 0.0346603 0.999373 0.00718662 2.60536 -0.00334586 -0.00707486 0.999969 1.55229
0.999347 -0.0358825 0.00432512 88.4909 0.0358546 0.999337 0.00636178 2.64175 -0.00455053 -0.00620255 0.99997 1.5719
0.999275 -0.037773 0.00468318 89.4391 0.0377476 0.999273 0.00540292 2.68459 -0.00488386 -0.00522223 0.999974 1.5845
0.999149 -0.0410641 0.00385308 90.3683 0.0410439 0.999144 0.00518671 2.72955 -0.00406277 -0.00502415 0.999979 1.61012
0.999015 -0.0442689 0.00306388 91.2769 0.0442534 0.999008 0.00494105 2.76812 -0.00327957 -0.00480059 0.999983 1.62311
0.998874 -0.0473323 0.00319176 92.1613 0.0473185 0.998871 0.00426151 2.8163 -0.00338986 -0.00410568 0.999986 1.6372
0.998711 -0.0505857 0.00412521 93.0343 0.0505652 0.998709 0.00493312 2.86227 -0.00436943 -0.00471817 0.999979 1.64848
0.998559 -0.0534241 0.00503707 93.8692 0.0533918 0.998554 0.0063396 2.91929 -0.00536847 -0.00606153 0.999967 1.66252
0.998384 -0.0564442 0.00658903 94.6804 0.0564006 0.998386 0.00662252 2.96768 -0.0069522 -0.00624019 0.999956 1.675
0.99822 -0.059174 0.00738201 95.4899 0.0591114 0.998216 0.00842957 3.01714 -0.00786765 -0.0079782 0.999937 1.68749
0.998053 -0.0618778 0.00779885 96.2243 0.0617971 0.998037 0.0101884 3.06439 -0.00841398 -0.00968662 0.999918 1.7013
0.997895 -0.0645066 0.00671735 96.9563 0.0644274 0.997857 0.0114115 3.13034 -0.00743908 -0.0109547 0.999912 1.71235
0.997756 -0.0668785 0.00326824 97.6325 0.0668298 0.997676 0.0132521 3.17819 -0.00414692 -0.0130039 0.999907 1.72706
0.997591 -0.0693595 -0.000733221 98.322 0.0693624 0.997465 0.0159057 3.2404 -0.000371849 -0.0159182 0.999873 1.74328
0.997439 -0.071434 -0.00348557 98.9505 0.0714858 0.997277 0.0181347 3.28209 0.00218064 -0.0183374 0.999829 1.75276
0.997377 -0.0722441 -0.00453626 99.5466 0.0723183 0.997197 0.0191698 3.34099 0.00313864 -0.0194475 0.999806 1.7668
0.997418 -0.0716917 -0.00429451 100.124 0.071768 0.997189 0.0215207 3.39139 0.00273958 -0.0217733 0.999759 1.78279
0.997624 -0.0688203 -0.00323571 100.697 0.068879 0.997325 0.0244793 3.43488 0.00154238 -0.024644 0.999695 1.79221
0.997977 -0.0635566 -0.00173119 101.227 0.0635802 0.99761 0.0270599 3.48045 7.21044e-06 -0.0271152 0.999632 1.80438
0.998435 -0.0559176 0.000298644 101.735 0.0558864 0.998032 0.0284551 3.50888 -0.0018892 -0.0283939 0.999595 1.81784
0.998911 -0.0465531 0.0030038 102.25 0.0464498 0.99852 0.0282796 3.53567 -0.00431586 -0.0281093 0.999596 1.82551
0.999389 -0.0346285 0.00483813 102.708 0.0344828 0.999027 0.0275122 3.54194 -0.00578613 -0.0273285 0.99961 1.83403
0.999757 -0.021314 0.00561821 103.162 0.0211534 0.999405 0.0272494 3.54969 -0.00619566 -0.0271239 0.999613 1.8442
0.999967 -0.00615067 0.00534042 103.588 0.00600871 0.999639 0.0262017 3.55024 -0.00549965 -0.0261687 0.999642 1.84882
0.999927 0.0116848 0.00307552 104.002 -0.0117588 0.999611 0.02528 3.54285 -0.00277893 -0.0253143 0.999676 1.86491
0.999455 0.0329983 -0.000652585 104.409 -0.0329715 0.99914 0.0251354 3.52783 0.00148145 -0.0251002 0.999684 1.87397
0.998336 0.0574916 -0.00450689 104.822 -0.0573705 0.998076 0.0234997 3.48608 0.00584925 -0.0232021 0.999714 1.88393
0.996413 0.0843585 -0.00670284 105.212 -0.0841975 0.996218 0.0214743 3.44529 0.00848903 -0.0208329 0.999747 1.89124
0.993394 0.114505 -0.00759108 105.602 -0.114344 0.99326 0.0189773 3.38955 0.0097129 -0.0179839 0.999791 1.89723
0.989087 0.147048 -0.00917357 105.974 -0.146882 0.989013 0.0166825 3.31182 0.0115259 -0.015153 0.999819 1.90685
0.983144 0.182535 -0.0104442 106.353 -0.182375 0.98312 0.0146453 3.2246 0.0129412 -0.0124937 0.999838 1.91667
0.975335 0.220442 -0.0112274 106.717 -0.220317 0.975362 0.0113933 3.12015 0.0134624 -0.00863866 0.999872 1.92876
0.965386 0.260563 -0.0116795 107.07 -0.260466 0.965439 0.00925187 3.00137 0.0136865 -0.00588952 0.999889 1.94296
0.953291 0.301806 -0.0122186 107.398 -0.301699 0.953352 0.00987863 2.88037 0.0146301 -0.00573086 0.999877 1.96051
0.938198 0.345905 -0.0115637 107.732 -0.345777 0.938243 0.0117549 2.74812 0.0149156 -0.00702998 0.999864 1.95948
0.920549 0.3905 -0.00998099 108.07 -0.390387 0.920578 0.0115438 2.57181 0.0136962 -0.00673021 0.999884 1.97698
0.900626 0.434513 -0.0084517 108.361 -0.434415 0.900643 0.0112512 2.41991 0.0125008 -0.0064616 0.999901 1.97923
0.877707 0.479107 -0.00936418 108.682 -0.479019 0.877745 0.0101792 2.20215 0.0130963 -0.0044487 0.999904 1.99379
0.852774 0.522167 -0.0108662 108.941 -0.522073 0.852837 0.010443 2.0292 0.0147201 -0.00323258 0.999886 2.00807
0.825311 0.564535 -0.0127352 109.238 -0.564417 0.825405 0.0118547 1.79579 0.017204 -0.00259584 0.999849 2.02039
0.795171 0.606215 -0.0143505 109.485 -0.606033 0.795293 0.0152527 1.58179 0.0206593 -0.00343166 0.999781 2.02737
0.761605 0.647896 -0.0137736 109.749 -0.647587 0.761694 0.0212752 1.33739 0.0242754 -0.00728367 0.999679 2.04355
0.724784 0.688857 -0.0127959 109.98 -0.688439 0.724828 0.0260069 1.08968 0.0271899 -0.0100402 0.99958 2.0368
0.685667 0.727799 -0.0130147 110.196 -0.727379 0.685738 0.0261249 0.824137 0.0279384 -0.00844633 0.999574 2.04851
0.644779 0.764257 -0.0131122 110.439 -0.763922 0.644894 0.0231197 0.503966 0.0261254 -0.00489036 0.999647 2.07833
0.601229 0.798997 -0.011296 110.621 -0.79872 0.601323 0.0213702 0.209749 0.0238673 -0.00382599 0.999708 2.0779
0.555154 0.831701 -0.00880516 110.832 -0.831488 0.555215 0.0190749 -0.141009 0.0207534 -0.00326815 0.999779 2.09585
0.507502 0.861622 -0.00692895 110.974 -0.861471 0.507544 0.0163091 -0.442982 0.017569 -0.0023078 0.999843 2.08809
0.45698 0.889456 -0.00612322 111.162 -0.889382 0.457021 0.0115 -0.834406 0.0130272 0.000190595 0.999915 2.12685
0.405915 0.913908 -0.00233613 111.278 -0.913838 0.405914 0.0115488 -1.17261 0.0115028 -0.00255298 0.999931 2.12464
0.355097 0.934829 0.000617179 111.403 -0.934725 0.355047 0.0151556 -1.53932 0.0139488 -0.00595859 0.999885 2.13541
0.304218 0.9526 0.00214108 111.532 -0.952414 0.304112 0.0206004 -1.95332 0.0189728 -0.0083062 0.999785 2.14406
0.257845 0.966186 0.00125687 111.599 -0.96595 0.257753 0.0224443 -2.33268 0.0213614 -0.00700122 0.999747 2.14495
0.215495 0.976494 -0.00466119 111.684 -0.976254 0.215546 0.0216411 -2.77685 0.0221371 -0.000113056 0.999755 2.16347
0.180306 0.983543 -0.0115657 111.735 -0.983348 0.180517 0.0209965 -3.18379 0.0227387 0.00758728 0.999713 2.17785
0.149089 0.988719 -0.0143918 111.786 -0.988543 0.149378 0.021636 -3.63883 0.0235417 0.0110012 0.999662 2.19491
0.121397 0.992539 -0.0113729 111.835 -0.992373 0.121608 0.0201971 -4.08798 0.0214295 0.0088343 0.999731 2.20925
0.0962208 0.995347 -0.00504474 111.882 -0.99521 0.0962929 0.0168465 -4.57315 0.0172539 0.00339959 0.999845 2.20299
0.0718759 0.997414 5.94253e-05 111.917 -0.997325 0.0718687 0.0133035 -5.07623 0.0132649 -0.00101547 0.999912 2.20759
0.0494627 0.998773 -0.00249339 111.933 -0.998723 0.0494857 0.0102192 -5.5994 0.0103301 0.00198473 0.999945 2.22777
0.029163 0.999533 -0.00908746 111.927 -0.99952 0.0292553 0.0101952 -6.12867 0.0104563 0.00878577 0.999907 2.24568
0.0111593 0.999834 -0.0144135 111.932 -0.999862 0.0113349 0.0121565 -6.68883 0.0123179 0.0142759 0.999822 2.26445
-0.00329845 0.999885 -0.0147736 111.928 -0.999849 -0.00304515 0.017135 -7.2525 0.0170881 0.0148279 0.999744 2.26911
-0.0146972 0.999827 -0.0114127 111.929 -0.999656 -0.0144447 0.0218973 -7.86413 0.0217287 0.0117306 0.999695 2.26872
-0.0209377 0.999693 -0.013266 111.902 -0.999542 -0.0206406 0.0221514 -8.47031 0.0218708 0.0137237 0.999667 2.27197
-0.0239203 0.999526 -0.0193697 111.884 -0.999549 -0.0235598 0.018628 -9.09433 0.0181629 0.0198066 0.999639 2.3025
-0.0234211 0.999495 -0.0214964 111.852 -0.999588 -0.023056 0.0170776 -9.76487 0.0165734 0.0218875 0.999623 2.31392
-0.0214929 0.999563 -0.0202957 111.858 -0.99964 -0.0211592 0.0165197 -10.4266 0.0160831 0.0206435 0.999658 2.3364
-0.0198365 0.999664 -0.0166943 111.857 -0.999664 -0.0195523 0.0170143 -11.1229 0.0166822 0.0170262 0.999716 2.33706
-0.018701 0.99969 -0.0164373 111.855 -0.999663 -0.0183994 0.0183124 -11.8359 0.0180043 0.0167742 0.999697 2.36058
-0.0178336 0.999726 -0.0151688 111.841 -0.999664 -0.0175426 0.0191069 -12.5494 0.0188355 0.0155044 0.999702 2.37755
-0.0171745 0.999738 -0.0151471 111.829 -0.999685 -0.0168922 0.0185692 -13.2899 0.0183085 0.0154612 0.999713 2.39304
-0.0163038 0.999765 -0.0143086 111.828 -0.999721 -0.0160552 0.0173177 -14.0373 0.0170839 0.014587 0.999748 2.40632
-0.0159873 0.99976 -0.0149922 111.823 -0.999749 -0.0157478 0.015958 -14.8129 0.0157181 0.0152436 0.99976 2.42922
-0.0164337 0.999737 -0.0160184 111.806 -0.999775 -0.0162146 0.0137101 -15.583 0.0134467 0.01624 0.999778 2.45346
-0.0174442 0.999746 -0.0142459 111.802 -0.999773 -0.0172668 0.0124799 -16.3798 0.0122307 0.0144603 0.999821 2.46954
-0.0184424 0.999757 -0.0120429 111.789 -0.999766 -0.0183036 0.0115374 -17.1707 0.0113142 0.0122528 0.999861 2.4791
-0.0194593 0.999702 -0.0147366 111.761 -0.999772 -0.0193268 0.00907881 -17.9891 0.00879129 0.0149099 0.99985 2.49752
-0.0208711 0.999644 -0.0166039 111.759 -0.99976 -0.0207563 0.0070562 -18.7991 0.00670906 0.0167472 0.999837 2.52181
-0.0222821 0.999642 -0.0148161 111.742 -0.999732 -0.0221856 0.00664655 -19.6041 0.00631546 0.0149602 0.999868 2.53152
-0.0235594 0.999652 -0.0118293 111.736 -0.99967 -0.0234349 0.0105524 -20.41 0.0102715 0.012074 0.999874 2.5497
-0.024587 0.999627 -0.0119107 111.723 -0.999595 -0.0244116 0.0146492 -21.2663 0.014353 0.012266 0.999822 2.56795
-0.0254537 0.999593 -0.0128817 111.702 -0.999545 -0.0252397 0.0165085 -22.1015 0.0161766 0.0132961 0.999781 2.59296
-0.0267841 0.999599 -0.00917292 111.691 -0.999539 -0.0266492 0.0145239 -22.9516 0.0142737 0.0095577 0.999852 2.6112
-0.027642 0.999598 -0.00631929 111.674 -0.999562 -0.0275734 0.0107032 -23.7979 0.0105247 0.00661238 0.999923 2.62666
-0.0281173 0.999592 -0.00503428 111.665 -0.999589 -0.028088 0.00581381 -24.6372 0.00567003 0.00519568 0.99997 2.64639
-0.0281305 0.999603 -0.00183231 111.645 -0.999604 -0.0281295 0.000531037 -25.4953 0.000479284 0.00184653 0.999998 2.66068
-0.0281383 0.999604 0.000566399 111.627 -0.999604 -0.0281378 -0.000802265 -26.3367 -0.00078601 -0.000588749 1 2.66395
-0.0274761 0.999621 -0.00192305 111.607 -0.999608 -0.0274655 0.00534914 -27.1631 0.00529429 0.00206927 0.999984 2.69411
-0.0264745 0.999643 -0.00361728 111.59 -0.999534 -0.0264162 0.0153075 -27.9919 0.0152065 0.00402085 0.999876 2.71992
-0.0261934 0.999644 -0.005072 111.564 -0.999449 -0.0260843 0.0205048 -28.8246 0.0203652 0.0056063 0.999777 2.73901
-0.0249718 0.999663 -0.00703071 111.548 -0.999565 -0.0248577 0.0158672 -29.6608 0.0156871 0.00742388 0.999849 2.75371
-0.0238485 0.999654 -0.0110619 111.528 -0.999679 -0.0237512 0.00884193 -30.4745 0.00857614 0.0112692 0.9999 2.77079
-0.0235715 0.999645 -0.0124473 111.517 -0.999708 -0.0235026 0.0056503 -31.3122 0.00535574 0.0125769 0.999907 2.79155
-0.0232778 0.999668 -0.0110226 111.502 -0.999714 -0.0232149 0.00580682 -32.139 0.005549 0.0111546 0.999922 2.81188
-0.0247524 0.999661 -0.00809016 111.496 -0.999674 -0.0247004 0.00647405 -32.9643 0.00627202 0.00824777 0.999946 2.82986
-0.0263459 0.999634 -0.00610993 111.475 -0.999632 -0.0263052 0.00665896 -33.7655 0.00649581 0.00628312 0.999959 2.84835
-0.0287004 0.999574 -0.00528598 111.458 -0.999567 -0.0286654 0.00657481 -34.5855 0.00642048 0.0054724 0.999964 2.86656
-0.030904 0.999514 -0.00417474 111.44 -0.999499 -0.0308748 0.00689676 -35.3871 0.00676451 0.00438579 0.999968 2.88742
-0.0327957 0.999458 -0.00292681 111.421 -0.999437 -0.0327741 0.00715389 -36.1763 0.00705408 0.00315978 0.99997 2.90013
-0.0351788 0.99938 -0.00134905 111.407 -0.999361 -0.0351694 0.00641654 -36.9841 0.00636512 0.00157391 0.999979 2.9177
-0.0371891 0.999307 -0.00138897 111.39 -0.999296 -0.0371818 0.00499618 -37.7639 0.00494108 0.0015738 0.999987 2.94221
-0.0392681 0.999228 -0.00111677 111.36 -0.999215 -0.0392617 0.00528524 -38.5544 0.00523732 0.00132343 0.999985 2.95646
-0.0406208 0.999174 -0.000964601 111.339 -0.999157 -0.0406143 0.00600478 -39.3351 0.00596064 0.00120771 0.999982 2.97614
-0.0418986 0.999121 -0.000967477 111.293 -0.999104 -0.041892 0.00608289 -40.1092 0.00603701 0.00122147 0.999981 2.98944
-0.0428258 0.99908 -0.00226348 111.267 -0.999071 -0.0428143 0.00489421 -40.8871 0.0047928 0.00247098 0.999985 3.00588
-0.0443334 0.999013 -0.00272066 111.238 -0.999008 -0.0443216 0.00423087 -41.6573 0.00410611 0.00290553 0.999987 3.02349
-0.0457035 0.998952 -0.00256226 111.206 -0.998948 -0.0456935 0.00383828 -42.4097 0.00371718 0.00273499 0.999989 3.04191
-0.0465037 0.998918 -0.000772391 111.179 -0.998913 -0.0465011 0.00309685 -43.1581 0.00305758 0.000915566 0.999995 3.05419
-0.0477312 0.99886 0.000276995 111.156 -0.998858 -0.0477316 0.00201241 -43.8937 0.00202333 -0.000180625 0.999998 3.07015
-0.0483488 0.99883 0.000622946 111.129 -0.998829 -0.0483499 0.00191201 -44.6202 0.00193989 -0.000529773 0.999998 3.08423
-0.0488418 0.998806 0.0005019 111.093 -0.998799 -0.0488434 0.00375853 -45.3332 0.00377856 -0.000317723 0.999993 3.09955
-0.0485863 0.998819 0.000952052 111.066 -0.998798 -0.0485914 0.00636765 -46.0275 0.00640639 -0.000641528 0.999979 3.12293
-0.0488626 0.998803 0.00222741 111.038 -0.998773 -0.0488789 0.00797706 -46.7243 0.00807638 -0.0018349 0.999966 3.13207
-0.0492728 0.998783 0.00209409 111.004 -0.998746 -0.0492893 0.00873564 -47.4114 0.00882822 -0.00166103 0.99996 3.15182
-0.0490901 0.998794 0.00028054 110.966 -0.998757 -0.0490907 0.00868256 -48.1142 0.00868587 0.000146037 0.999962 3.16965
-0.0498472 0.998757 0.000217134 110.94 -0.998723 -0.0498473 0.0082101 -48.8012 0.00821071 0.000192393 0.999966 3.18672
-0.0496115 0.998766 0.00239532 110.918 -0.998732 -0.0496301 0.00845452 -49.4613 0.00856296 -0.00197284 0.999961 3.19427
-0.0494853 0.998764 0.00465758 110.89 -0.998735 -0.0495243 0.00866102 -50.1626 0.00888098 -0.0042231 0.999952 3.21243
-0.0494908 0.998771 0.00274518 110.872 -0.998745 -0.0495103 0.0075476 -50.8366 0.00767423 -0.0023682 0.999968 3.23153
-0.0506754 0.998709 0.00352861 110.831 -0.99869 -0.0506987 0.00686673 -51.5174 0.00703676 -0.00317602 0.99997 3.24468
-0.0540396 0.998515 0.0068685 110.807 -0.998518 -0.0540817 0.0061038 -52.1884 0.0064662 -0.00652847 0.999958 3.26314
-0.0589669 0.998223 0.00862069 110.777 -0.998236 -0.0590232 0.00642767 -52.8565 0.00692507 -0.00822647 0.999942 3.27521
-0.0648195 0.997868 0.00754959 110.73 -0.997851 -0.064887 0.00906689 -53.5283 0.00953743 -0.00694565 0.99993 3.29776
-0.0717808 0.997395 0.00708763 110.683 -0.997346 -0.0718602 0.0116678 -54.1817 0.0121467 -0.0062313 0.999907 3.30417
-0.079092 0.996834 0.00815197 110.635 -0.996773 -0.0791942 0.0130859 -54.8648 0.01369 -0.00709068 0.999881 3.32574
-0.0852441 0.996313 0.00968189 110.585 -0.996271 -0.0853626 0.012569 -55.5224 0.0133491 -0.00857435 0.999874 3.33806
-0.090411 0.995858 0.00961891 110.533 -0.995825 -0.0905219 0.0117946 -56.2124 0.0126165 -0.00851239 0.999884 3.35865
-0.0953319 0.995373 0.0120479 110.47 -0.995364 -0.0954719 0.011637 -56.9054 0.0127334 -0.0108826 0.99986 3.37873
-0.0991581 0.994978 0.0136498 110.41 -0.99499 -0.0993165 0.0114573 -57.5846 0.0127554 -0.0124453 0.999841 3.38752
-0.101757 0.994716 0.0136311 110.333 -0.994757 -0.101883 0.00890005 -58.3233 0.0102418 -0.012654 0.999867 3.40205
-0.103656 0.994554 0.0108673 110.268 -0.994589 -0.103724 0.00584408 -59.0181 0.00693946 -0.0102027 0.999924 3.41891
-0.105072 0.994402 0.0111888 110.194 -0.994456 -0.105112 0.00310047 -59.7357 0.00425919 -0.010801 0.999933 3.43115
-0.106888 0.99421 0.010999 110.122 -0.994264 -0.106922 0.00258614 -60.4617 0.0037472 -0.0106595 0.999936 3.44324
-0.107199 0.994185 0.0102034 110.049 -0.994215 -0.10726 0.00563904 -61.1863 0.00670066 -0.00953988 0.999932 3.46408
-0.107753 0.994158 0.00621763 109.964 -0.994126 -0.10781 0.00956375 -61.9358 0.0101782 -0.00515058 0.999935 3.47337
-0.108206 0.994128 0.00111801 109.867 -0.994031 -0.108211 0.0138757 -62.6664 0.0139152 0.000390086 0.999903 3.49528
-0.109311 0.994008 -0.000264134 109.795 -0.993895 -0.109295 0.0150915 -63.4208 0.0149721 0.00191219 0.999886 3.50953
-0.109514 0.993983 0.00208952 109.72 -0.993896 -0.109532 0.0131381 -64.1569 0.0132879 -0.000637968 0.999912 3.52587
-0.109322 0.994006 0.000218266 109.64 -0.993962 -0.109319 0.00942158 -64.9121 0.00938897 0.000813037 0.999956 3.53067
-0.10971 0.993958 -0.00318295 109.559 -0.99394 -0.109686 0.00716935 -65.6645 0.00677691 0.00395022 0.999969 3.55752
-0.110557 0.993859 -0.00460711 109.478 -0.993849 -0.110524 0.00690059 -66.4052 0.00634902 0.00534168 0.999966 3.56955
-0.112049 0.9937 -0.00248076 109.393 -0.993676 -0.112028 0.00756202 -67.1276 0.00723646 0.00331239 0.999968 3.58693
-0.114236 0.993452 -0.00171184 109.32 -0.993422 -0.114219 0.00812326 -67.8776 0.00787454 0.00262855 0.999966 3.60103
-0.116449 0.993194 -0.00208663 109.236 -0.993166 -0.116429 0.00811689 -68.6139 0.00781871 0.00301758 0.999965 3.61931
-0.118183 0.992989 -0.00240843 109.158 -0.992961 -0.118159 0.0082231 -69.3701 0.00788087 0.0033633 0.999963 3.63965
-0.120049 0.992767 -0.00164018 109.075 -0.992739 -0.120033 0.00788914 -70.103 0.0076352 0.00257535 0.999968 3.65301
-0.1216 0.992579 -0.00100758 108.982 -0.992546 -0.121588 0.00829886 -70.8449 0.00811476 0.00200922 0.999965 3.6667
-0.122763 0.992436 0.000886458 108.891 -0.992394 -0.122766 0.00913338 -71.6056 0.00917312 0.000241529 0.999958 3.68942
-0.123991 0.992283 0.000940432 108.81 -0.992236 -0.123994 0.00969714 -72.3479 0.00973891 0.000269223 0.999953 3.69907
-0.125098 0.992143 0.00190082 108.722 -0.992095 -0.125111 0.00975558 -73.1369 0.00991674 -0.000665383 0.999951 3.71299
-0.126217 0.992001 0.00166872 108.627 -0.991965 -0.126227 0.00851147 -73.898 0.00865402 -0.000581017 0.999962 3.73115
-0.127032 0.991895 0.00271735 108.527 -0.991875 -0.127047 0.00654582 -74.6783 0.006838 -0.00186374 0.999975 3.74757
-0.128962 0.991636 0.0051896 108.438 -0.991637 -0.128985 0.00433821 -75.4658 0.0049713 -0.00458673 0.999977 3.75422
-0.131113 0.991357 0.00447557 108.33 -0.991358 -0.131131 0.00385174 -76.2479 0.00440534 -0.00393187 0.999983 3.77451
-0.13302 0.991107 0.00363233 108.229 -0.991103 -0.133034 0.00403075 -77.0375 0.00447813 -0.00306385 0.999985 3.79088
-0.135092 0.990823 0.00442173 108.124 -0.990816 -0.135115 0.00531736 -77.8222 0.005866 -0.00366278 0.999976 3.79737
-0.136335 0.990657 0.00349574 108.014 -0.990619 -0.136362 0.00895852 -78.6395 0.0093515 -0.00224158 0.999954 3.8112
-0.137395 0.990514 0.00218648 107.91 -0.990442 -0.137411 0.0119384 -79.4363 0.0121256 -0.000525306 0.999926 3.82799
-0.138089 0.990418 0.00171533 107.798 -0.990286 -0.138099 0.016201 -80.2498 0.0162826 0.00053851 0.999867 3.84837
-0.137894 0.990447 -0.000435898 107.688 -0.990303 -0.137867 0.0171329 -81.0668 0.0169092 0.0027942 0.999853 3.87072
-0.13783 0.990451 -0.00294127 107.571 -0.990332 -0.137766 0.0162371 -81.888 0.0156768 0.00515079 0.999864 3.89742
-0.137635 0.990473 -0.00438721 107.455 -0.990381 -0.137556 0.0149354 -82.7426 0.0141896 0.00640064 0.999879 3.91581
-0.137115 0.990549 -0.00358582 107.345 -0.990471 -0.137055 0.0135292 -83.5806 0.0129099 0.0054067 0.999902 3.93759
-0.135078 0.990828 -0.00384031 107.242 -0.99078 -0.135029 0.0110191 -84.4061 0.0103995 0.00529333 0.999932 3.95141
-0.133609 0.991022 -0.00485465 107.118 -0.991002 -0.133563 0.00866051 -85.2504 0.00793435 0.00596809 0.999951 3.97213
-0.131622 0.991285 -0.00550904 107.012 -0.991293 -0.131598 0.00453594 -86.1024 0.00377143 0.0060581 0.999975 3.98632
-0.130169 0.991482 -0.00429541 106.91 -0.991484 -0.130149 0.00463002 -86.9518 0.00403154 0.00486152 0.99998 4.00049
-0.128645 0.99168 -0.00461657 106.795 -0.991659 -0.128603 0.00859692 -87.7912 0.00793169 0.00568402 0.999952 4.02538
-0.12712 0.991882 -0.00334553 106.699 -0.991792 -0.12706 0.0143213 -88.6428 0.0137799 0.00513859 0.999892 4.04679
-0.125499 0.992094 -0.000507978 106.596 -0.991953 -0.125473 0.0169105 -89.5075 0.016713 0.00262614 0.999857 4.07711
-0.123921 0.992292 -0.00062009 106.497 -0.992166 -0.123895 0.0160007 -90.3618 0.0158005 0.00259805 0.999872 4.07434
-0.123136 0.992388 -0.0016625 106.393 -0.992305 -0.123103 0.0132849 -91.2287 0.0129792 0.00328556 0.99991 4.10789
-0.122187 0.992505 -0.00220362 106.292 -0.992442 -0.122154 0.011688 -92.0934 0.0113312 0.00361509 0.999929 4.12277
-0.121484 0.992593 -0.00100161 106.192 -0.992535 -0.121466 0.0109823 -92.9466 0.0107793 0.00232832 0.999939 4.14927
-0.121152 0.992634 -0.000432888 106.092 -0.992579 -0.121141 0.0106211 -93.8146 0.0104904 0.00171644 0.999944 4.17594
-0.120465 0.992714 -0.00252255 105.984 -0.992674 -0.120436 0.00965235 -94.6799 0.00927822 0.00366685 0.99995 4.18938
-0.119588 0.992809 -0.00532013 105.881 -0.992792 -0.11954 0.00860533 -95.5471 0.00790749 0.00631088 0.999949 4.21235
-0.118993 0.992869 -0.00715997 105.781 -0.992855 -0.11892 0.00981483 -96.4075 0.00889338 0.00827671 0.999926 4.23532
-0.118198 0.992961 -0.00765859 105.68 -0.992932 -0.118104 0.0117427 -97.2645 0.0107555 0.00899242 0.999902 4.255
-0.117261 0.993092 -0.00427182 105.593 -0.993027 -0.117198 0.0126985 -98.1164 0.0121101 0.00573107 0.99991 4.28024
-0.116677 0.99317 -0.00031119 105.504 -0.993124 -0.116669 0.00960556 -98.961 0.00950364 0.0014298 0.999954 4.29127
-0.116951 0.993131 0.0035469 105.42 -0.993108 -0.116974 0.00726129 -99.8074 0.00762631 -0.00267325 0.999967 4.3217
-0.117607 0.993033 0.00741906 105.331 -0.993025 -0.117662 0.00753236 -100.662 0.00835282 -0.00648146 0.999944 4.33819
-0.119097 0.992826 0.0106339 105.237 -0.992797 -0.119221 0.0118414 -101.497 0.0130242 -0.00914703 0.999873 4.36562
-0.11992 0.992711 0.0119842 105.148 -0.992666 -0.120083 0.0139532 -102.338 0.0152906 -0.0102231 0.999831 4.3879
-0.120382 0.992666 0.0110985 105.056 -0.992602 -0.120537 0.0145428 -103.16 0.0157739 -0.00926569 0.999833 4.4156
-0.120834 0.992621 0.010175 104.958 -0.992557 -0.12097 0.0140613 -103.996 0.0151884 -0.00840019 0.999849 4.43874
-0.12165 0.992536 0.008616 104.855 -0.992447 -0.121768 0.0148474 -104.823 0.0157858 -0.00674473 0.999853 4.46476
-0.122133 0.992475 0.00881659 104.756 -0.992349 -0.12227 0.0171181 -105.622 0.0180673 -0.00665845 0.999815 4.49573
-0.122765 0.992399 0.00853944 104.665 -0.992236 -0.122908 0.0190009 -106.446 0.019906 -0.0061405 0.999783 4.52665
-0.123987 0.992227 0.0106031 104.568 -0.992084 -0.12417 0.0187619 -107.25 0.0199327 -0.00819293 0.999768 4.55455
-0.125961 0.991966 0.011707 104.479 -0.991846 -0.126159 0.0180534 -108.057 0.0193853 -0.00933749 0.999768 4.57686
-0.129215 0.991541 0.0122407 104.384 -0.991407 -0.129432 0.0189848 -108.847 0.0204085 -0.00968242 0.999745 4.60777
-0.132565 0.991089 0.0130228 104.279 -0.990909 -0.132822 0.0214128 -109.635 0.0229517 -0.0100659 0.999686 4.64207
-0.135669 0.990642 0.014899 104.179 -0.990445 -0.135987 0.0229376 -110.428 0.0247491 -0.0116448 0.999626 4.67419
-0.139075 0.990176 0.0144626 104.072 -0.989977 -0.13938 0.0227895 -111.195 0.0245814 -0.0111482 0.999636 4.69602
-0.141957 0.989776 0.0138547 103.958 -0.989588 -0.142238 0.022 -111.976 0.0237457 -0.0105874 0.999662 4.72782
-0.14465 0.989395 0.0132118 103.856 -0.989185 -0.144921 0.0226139 -112.746 0.0242888 -0.00979779 0.999657 4.75856
-0.145989 0.989135 0.0172784 103.753 -0.988867 -0.146414 0.0265595 -113.506 0.0288008 -0.0132087 0.999498 4.7871
-0.148016 0.988789 0.0196954 103.648 -0.988344 -0.148608 0.0330427 -114.275 0.0355991 -0.014575 0.99926 4.81916
-0.150914 0.988398 0.0171816 103.533 -0.987817 -0.151447 0.0357906 -115.043 0.0379775 -0.011571 0.999212 4.86263
-0.153882 0.987964 0.0157139 103.419 -0.987443 -0.154337 0.0337038 -115.8 0.0357234 -0.0103302 0.999308 4.90135
-0.157033 0.987472 0.0155106 103.297 -0.987144 -0.157416 0.0277016 -116.565 0.0297961 -0.0109612 0.999496 4.92393
-0.159269 0.987099 0.0163888 103.184 -0.986848 -0.159649 0.0253491 -117.321 0.0276385 -0.012136 0.999544 4.95646
-0.161534 0.98671 0.0176022 103.059 -0.986432 -0.161967 0.0268034 -118.067 0.0292982 -0.0130337 0.999486 5.0022
-0.163436 0.986324 0.0213196 102.955 -0.986005 -0.164028 0.0298022 -118.814 0.0328917 -0.0161505 0.999328 5.0341
-0.16598 0.985896 0.0214465 102.833 -0.985476 -0.166622 0.0327696 -119.569 0.0358809 -0.015696 0.999233 5.05959
-0.167666 0.985657 0.019171 102.703 -0.985056 -0.168278 0.0367128 -120.292 0.0394123 -0.012729 0.999142 5.10696
-0.170027 0.985258 0.0189244 102.582 -0.984483 -0.170677 0.0407723 -121.035 0.0434012 -0.0116983 0.998989 5.15204
-0.172822 0.984734 0.0207618 102.463 -0.983893 -0.173575 0.042728 -121.768 0.0456795 -0.013043 0.998871 5.18941
-0.175204 0.984338 0.0195672 102.333 -0.983555 -0.175881 0.0410566 -122.505 0.043855 -0.0120521 0.998965 5.22325
-0.179725 0.983599 0.0152082 102.196 -0.982889 -0.180186 0.0382413 -123.24 0.0403545 -0.00807509 0.999153 5.2644
-0.185202 0.9826 0.0140415 102.064 -0.981966 -0.185597 0.0360069 -123.979 0.0379865 -0.00711977 0.999253 5.31359
-0.191452 0.981409 0.0135243 101.919 -0.980806 -0.191817 0.0350086 -124.699 0.0369519 -0.00656222 0.999295 5.34906
-0.199787 0.979724 0.0150423 101.785 -0.979121 -0.200205 0.0352255 -125.388 0.0375229 -0.00769067 0.999266 5.3856
-0.210229 0.97753 0.0154696 101.635 -0.976926 -0.210656 0.0352138 -126.116 0.0376813 -0.00770971 0.99926 5.42254
-0.222029 0.974904 0.0162892 101.479 -0.974278 -0.222485 0.0358183 -126.83 0.0385435 -0.00791753 0.999226 5.46078
-0.234349 0.972016 0.0162591 101.305 -0.971372 -0.234798 0.0361285 -127.538 0.0389351 -0.00732694 0.999215 5.50064
-0.246177 0.969124 0.0139606 101.128 -0.968462 -0.24653 0.0361283 -128.234 0.0384545 -0.00462638 0.99925 5.53542
-0.257244 0.966277 0.0115605 100.942 -0.965589 -0.257498 0.0365041 -128.934 0.0382499 -0.00177225 0.999267 5.57412
-0.267566 0.963504 0.00820796 100.744 -0.962806 -0.267685 0.0367246 -129.645 0.0375814 0.00192358 0.999292 5.61561
-0.276804 0.960917 0.00424623 100.532 -0.960216 -0.276767 0.037234 -130.324 0.036954 0.00622923 0.999298 5.65398
-0.284911 0.958553 -0.00143454 100.319 -0.957895 -0.28466 0.0374918 -131.023 0.0355295 0.012056 0.999296 5.68907
-0.291032 0.956709 -0.00296179 100.115 -0.956086 -0.290728 0.0370978 -131.71 0.0346307 0.0136284 0.999307 5.72868
-0.296084 0.955136 -0.00700845 99.8967 -0.954643 -0.295673 0.0351203 -132.39 0.0314725 0.0170891 0.999359 5.75584
-0.298599 0.954282 -0.0136006 99.674 -0.953969 -0.298023 0.0335372 -133.064 0.0279507 0.0229887 0.999345 5.78101
-0.299907 0.953775 -0.0192035 99.4568 -0.953666 -0.299244 0.031204 -133.735 0.0240151 0.027672 0.999329 5.81714
-0.300749 0.953407 -0.0237644 99.2403 -0.953431 -0.299974 0.0313796 -134.428 0.0227888 0.0320951 0.999225 5.82951
-0.300712 0.953443 -0.0227741 99.0355 -0.953359 -0.299861 0.0345094 -135.051 0.0260737 0.0320892 0.999145 5.87532
-0.299783 0.953776 -0.0210135 98.8381 -0.953555 -0.29889 0.0373819 -135.703 0.0293732 0.031244 0.99908 5.90286
-0.298949 0.953976 -0.0236586 98.6257 -0.953833 -0.297971 0.0376224 -136.372 0.0288412 0.0338135 0.999012 5.92997
-0.297028 0.954538 -0.0251156 98.4241 -0.954477 -0.296051 0.0364268 -137.026 0.0273353 0.0347921 0.999021 5.95524
-0.295399 0.954915 -0.0295997 98.2225 -0.955056 -0.29436 0.0349209 -137.669 0.0246335 0.038585 0.998952 5.98447
-0.293775 0.955473 -0.0277038 98.022 -0.955557 -0.292807 0.0342845 -138.325 0.024646 0.0365444 0.999028 6.01148
-0.29144 0.95614 -0.0292937 97.8302 -0.956209 -0.290325 0.037095 -138.962 0.0269633 0.0388219 0.998882 6.04396
-0.287366 0.957347 -0.0301184 97.6431 -0.957422 -0.286197 0.0378774 -139.601 0.027642 0.0397207 0.998828 6.07902
-0.282178 0.958835 -0.0318009 97.4596 -0.958971 -0.280962 0.0378772 -140.216 0.0273831 0.0411843 0.998776 6.09721
-0.277045 0.960259 -0.0338794 97.2803 -0.960506 -0.275818 0.0367795 -140.842 0.0259733 0.0427309 0.998749 6.12303
-0.272026 0.961686 -0.0340787 97.1155 -0.961987 -0.270882 0.0346931 -141.463 0.0241326 0.0422207 0.998817 6.14879
-0.267781 0.962858 -0.0346069 96.9405 -0.96321 -0.266683 0.0332657 -142.088 0.0228011 0.0422416 0.998847 6.17761
-0.263905 0.963879 -0.0359204 96.774 -0.964306 -0.26282 0.0322564 -142.703 0.0216507 0.0431509 0.998834 6.20579
-0.26011 0.96478 -0.0392713 96.607 -0.965381 -0.259017 0.0308291 -143.31 0.0195714 0.0459307 0.998753 6.21959
-0.256431 0.965673 -0.0414631 96.4377 -0.966396 -0.255355 0.0295252 -143.926 0.0179238 0.0476409 0.998704 6.24959
-0.2528 0.966634 -0.0413598 96.2938 -0.967374 -0.251792 0.0280745 -144.518 0.0167236 0.0471076 0.99875 6.26941
-0.249134 0.96768 -0.0390859 96.1431 -0.968298 -0.248127 0.0288574 -145.105 0.0182264 0.0450361 0.998819 6.2933
-0.245046 0.968726 -0.0390155 95.9993 -0.969293 -0.243939 0.0310623 -145.693 0.0205735 0.0454292 0.998756 6.31933
-0.239323 0.970122 -0.0398479 95.8561 -0.970636 -0.23802 0.0348079 -146.26 0.0242833 0.0470082 0.998599 6.33953
-0.232972 0.971728 -0.0383294 95.7188 -0.972147 -0.231673 0.0354713 -146.846 0.0255885 0.0455256 0.998635 6.36017
-0.22454 0.973775 -0.036666 95.6018 -0.974136 -0.223328 0.0344048 -147.418 0.0253139 0.043443 0.998735 6.38259
-0.213772 0.97619 -0.0368011 95.4802 -0.976599 -0.21265 0.0321561 -148.005 0.0235647 0.042814 0.998805 6.3996
-0.201416 0.978804 -0.0370858 95.3627 -0.979245 -0.200345 0.030663 -148.592 0.0225831 0.0424922 0.998842 6.43066
-0.188383 0.981347 -0.0383374 95.2558 -0.981845 -0.187309 0.0299245 -149.155 0.0221854 0.0432786 0.998817 6.44754
