1 0 0 0 0 1 0 0 -0 0 1 0
0.999981 -0.00620337 0.000238862 0.0903791 0.00620325 0.999981 0.000521284 0.0139831 -0.000242091 -0.000519792 1 0.0289673
0.999913 -0.0131749 0.00044582 0.138613 0.0131745 0.999913 0.000991602 0.0161602 -0.000458846 -0.000985643 0.999999 0.0240219
0.999778 -0.0210581 -7.00983e-05 0.194902 0.0210581 0.999778 0.000918812 0.0229454 5.07343e-05 -0.000920084 1 0.0212995
0.999552 -0.0298793 -0.00172089 0.405293 0.0298815 0.999553 0.00130408 0.0292627 0.00168115 -0.00135492 0.999998 0.0217798
0.999145 -0.0412335 -0.00303147 0.499283 0.0412379 0.999148 0.00140166 0.0495367 0.0029711 -0.00152547 0.999994 0.0195516
0.998486 -0.0548658 -0.00400804 0.63795 0.0548719 0.998492 0.00142821 0.064135 0.00392364 -0.00164598 0.999991 0.0188717
0.997468 -0.0710015 -0.00405908 0.774533 0.0710078 0.997475 0.00143608 0.0851767 0.00394687 -0.00172067 0.999991 0.0177501
0.995965 -0.0896471 -0.00414425 0.918253 0.0896495 0.995973 0.000405271 0.105793 0.00409123 -0.000775166 0.999991 0.0191099
0.99397 -0.109565 -0.00438023 1.09096 0.109564 0.99398 -0.000601997 0.130307 0.00441982 0.000118454 0.99999 0.0262596
0.991279 -0.13169 -0.00482101 1.25524 0.131689 0.991291 -0.000461218 0.165877 0.00483976 -0.000177677 0.999988 0.0280175
0.987794 -0.155636 -0.0063953 1.42261 0.155651 0.98781 0.00189649 0.219072 0.00602218 -0.00286877 0.999978 0.0305619
0.983445 -0.180961 -0.00941406 1.62902 0.18102 0.983462 0.00589747 0.278398 0.00819116 -0.00750397 0.999938 0.0348384
0.97808 -0.207909 -0.0115233 1.79279 0.208011 0.978089 0.00853332 0.345074 0.00949663 -0.0107432 0.999897 0.0378974
0.971404 -0.237107 -0.0124282 1.99644 0.237227 0.971411 0.00920549 0.422343 0.00989015 -0.0118905 0.99988 0.0455138
0.963285 -0.26816 -0.0131039 2.17376 0.268306 0.96327 0.011082 0.481402 0.00965082 -0.0141909 0.999853 0.0508583
0.954007 -0.299485 -0.0134206 2.38733 0.299646 0.953973 0.0121776 0.580109 0.00915584 -0.0156389 0.999836 0.0496818
0.942788 -0.333118 -0.0135265 2.57744 0.333297 0.942713 0.0143277 0.685297 0.00797882 -0.0180164 0.999806 0.0581877
0.930246 -0.366627 -0.0150759 2.76321 0.366852 0.930128 0.0167897 0.758398 0.00786693 -0.0211492 0.999745 0.056711
0.916621 -0.399422 -0.0163829 2.97533 0.39969 0.91645 0.019185 0.892009 0.00735117 -0.0241334 0.999682 0.0555658
0.90063 -0.434222 -0.0178072 3.17625 0.43452 0.900455 0.0193319 1.01861 0.00764027 -0.0251485 0.999655 0.0520984
0.88219 -0.470549 -0.018005 3.35102 0.470812 0.882104 0.015139 1.13728 0.0087586 -0.0218325 0.999723 0.0529512
0.861155 -0.50806 -0.0169738 3.5575 0.508264 0.861129 0.0111328 1.284 0.00896056 -0.0182142 0.999794 0.0658078
0.836419 -0.547859 -0.0159234 3.73425 0.54805 0.836356 0.0121873 1.41986 0.00664073 -0.0189205 0.999799 0.074592
0.807888 -0.589111 -0.016291 3.93403 0.589327 0.807725 0.0165394 1.61969 0.00341511 -0.0229628 0.99973 0.0698135
0.775811 -0.630714 -0.0177901 4.11227 0.630963 0.775577 0.0191562 1.82244 0.00171548 -0.0260865 0.999658 0.0807142
0.7402 -0.67212 -0.0189229 4.25701 0.672384 0.739976 0.0182972 1.98767 0.00170455 -0.0262671 0.999654 0.0703948
0.70094 -0.713042 -0.0159625 4.46884 0.71322 0.700786 0.0146853 2.23169 0.000715088 -0.0216783 0.999765 0.0877958
0.658738 -0.752254 -0.0133318 4.62365 0.752372 0.658645 0.0111091 2.45614 0.000424047 -0.0173485 0.999849 0.088931
0.614536 -0.788812 -0.0110016 4.76494 0.788888 0.614458 0.00986577 2.68053 -0.00102222 -0.0147419 0.999891 0.090365
0.566905 -0.823737 -0.0087499 4.94216 0.823778 0.566831 0.00964776 2.97757 -0.00298751 -0.0126773 0.999915 0.0888067
0.516277 -0.856391 -0.00730798 5.06521 0.856407 0.516199 0.0102534 3.26184 -0.00500857 -0.0115522 0.999921 0.0934465
0.46388 -0.885874 -0.00646371 5.16854 0.88587 0.463796 0.0112684 3.53381 -0.00698451 -0.0109532 0.999916 0.0882702
0.409571 -0.912262 -0.00540538 5.31062 0.912231 0.409483 0.012541 3.89315 -0.00922724 -0.0100674 0.999907 0.0884066
0.354866 -0.934902 -0.00532207 5.37634 0.93485 0.354766 0.0140478 4.20259 -0.0112452 -0.00996042 0.999887 0.0858001
0.299589 -0.95406 -0.00405789 5.47959 0.953965 0.299492 0.0159685 4.60537 -0.0140196 -0.00865508 0.999864 0.0820212
0.246014 -0.969266 -0.000835325 5.55106 0.969127 0.245964 0.0171754 4.98132 -0.0164421 -0.00503493 0.999852 0.0846768
0.19531 -0.980742 7.6104e-05 5.58938 0.980587 0.19528 0.0177458 5.33387 -0.0174189 -0.0033913 0.999843 0.0938441
0.147641 -0.989039 -0.00217419 5.64386 0.988884 0.147578 0.0181688 5.77336 -0.0176488 -0.00483249 0.999833 0.0862288
0.105235 -0.994434 -0.00523677 5.64816 0.994292 0.105124 0.0182144 6.1766 -0.0175625 -0.00712368 0.99982 0.0745817
0.0667643 -0.997744 -0.0070457 5.67181 0.997633 0.0666373 0.0169419 6.65733 -0.0164342 -0.00816014 0.999832 0.0652593
0.0321542 -0.999458 -0.00705947 5.67624 0.999386 0.0320519 0.0141535 7.11219 -0.0139196 -0.00751024 0.999875 0.0605767
0.000867278 -0.999967 -0.00803353 5.65274 0.999933 0.000774701 0.0115198 7.56205 -0.0115132 -0.00804299 0.999901 0.0646665
-0.0263455 -0.999614 -0.00886435 5.63279 0.999607 -0.0264285 0.00938213 8.06653 -0.00961277 -0.00861368 0.999917 0.0613167
-0.0472299 -0.998837 -0.00970191 5.59305 0.998854 -0.047302 0.0073444 8.5677 -0.00779478 -0.00934392 0.999926 0.0529497
-0.0636335 -0.997927 -0.009594 5.54537 0.997952 -0.0636919 0.00590813 9.11711 -0.00650695 -0.00919839 0.999937 0.0397336
-0.0768644 -0.997002 -0.00882574 5.50637 0.997017 -0.0769212 0.0062908 9.66463 -0.00695083 -0.00831588 0.999941 0.0438803
-0.086219 -0.996233 -0.0093041 5.45189 0.996247 -0.0862842 0.00685541 10.2279 -0.00763238 -0.00867812 0.999933 0.0449547
-0.093471 -0.995576 -0.00956224 5.3837 0.995581 -0.0935499 0.00817153 10.796 -0.00902993 -0.00875618 0.999921 0.0458656
-0.0977725 -0.995153 -0.0105179 5.32504 0.995159 -0.0978676 0.00893414 11.3782 -0.0099202 -0.00959348 0.999905 0.0439791
-0.0994489 -0.994994 -0.00988924 5.26272 0.994985 -0.0995455 0.00981089 11.9858 -0.0107462 -0.00886396 0.999903 0.0422583
-0.0985454 -0.995097 -0.00842935 5.20457 0.995055 -0.09864 0.0116562 12.6186 -0.0124305 -0.00723901 0.999897 0.0355205
-0.0971312 -0.995239 -0.0080236 5.13176 0.995168 -0.0972341 0.0136341 13.2532 -0.0143493 -0.00666054 0.999875 0.0295003
-0.0953883 -0.99541 -0.00780627 5.06258 0.995335 -0.0954894 0.0138049 13.9137 -0.0144869 -0.00645302 0.999874 0.0318126
-0.0935869 -0.995549 -0.0111393 4.99978 0.995527 -0.0937183 0.0119233 14.5594 -0.0129142 -0.00997365 0.999867 0.0299373
-0.0922453 -0.995665 -0.0119036 4.92955 0.995656 -0.0923829 0.0115776 15.2556 -0.0126271 -0.0107839 0.999862 0.0185048
-0.0904019 -0.995851 -0.0103646 4.86818 0.995794 -0.0905427 0.0140355 15.9352 -0.0149158 -0.00905216 0.999848 0.0122264
-0.0889624 -0.995969 -0.0114321 4.80306 0.995857 -0.0891579 0.0179069 16.6558 -0.0188539 -0.00979165 0.999774 0.00701431
-0.0869065 -0.996148 -0.0116729 4.73311 0.996007 -0.0871226 0.0194889 17.3887 -0.0204308 -0.00993256 0.999742 0.00125913
-0.085127 -0.996258 -0.0149335 4.66501 0.99616 -0.0854075 0.019273 18.127 -0.0204763 -0.0132355 0.999703 -0.00753745
-0.0833414 -0.99637 -0.0173591 4.59318 0.996353 -0.0836342 0.016887 18.8797 -0.0182775 -0.0158884 0.999707 -0.0085854
-0.0818242 -0.996474 -0.0185372 4.52197 0.996491 -0.0821257 0.0161369 19.6558 -0.0176024 -0.0171518 0.999698 -0.0223723
-0.0803235 -0.996662 -0.0145664 4.46331 0.996587 -0.0805793 0.0179152 20.4465 -0.0190291 -0.0130777 0.999733 -0.0355502
-0.0792112 -0.996777 -0.0126597 4.40017 0.99664 -0.0794528 0.0198834 21.2138 -0.0208251 -0.0110421 0.999722 -0.0429183
-0.0779976 -0.99689 -0.0112979 4.33895 0.996709 -0.0782244 0.0212662 22.0335 -0.0220838 -0.00960205 0.99971 -0.0573871
-0.0773938 -0.996935 -0.0113975 4.2733 0.996831 -0.0775864 0.01755 22.8351 -0.0183805 -0.0100031 0.999781 -0.0585255
-0.0768285 -0.996987 -0.0107151 4.1999 0.996973 -0.076947 0.0111246 23.6226 -0.0119155 -0.00982802 0.999881 -0.0586751
-0.0771997 -0.996974 -0.00906968 4.14238 0.996987 -0.0772629 0.00682757 24.4647 -0.00750766 -0.00851527 0.999936 -0.0624476
-0.0774266 -0.996951 -0.00967626 4.06543 0.996969 -0.0774954 0.00694291 25.2962 -0.00767161 -0.00910936 0.999929 -0.0611411
-0.0776732 -0.996944 -0.00835474 4.00509 0.996875 -0.0777834 0.0137891 26.1383 -0.0143969 -0.00725759 0.99987 -0.0739213
-0.0778282 -0.996926 -0.00902448 3.93017 0.996744 -0.0779988 0.0204205 26.9758 -0.0210616 -0.00740582 0.999751 -0.0861815
-0.0780861 -0.9969 -0.0096741 3.86055 0.996598 -0.0783116 0.0256663 27.8168 -0.0263443 -0.00763702 0.999624 -0.0884358
-0.0783646 -0.996874 -0.0100811 3.78014 0.996548 -0.078609 0.0266917 28.6643 -0.0274007 -0.00795462 0.999593 -0.0900101
-0.0786986 -0.996839 -0.0109111 3.70933 0.996597 -0.0789394 0.0237447 29.502 -0.024531 -0.00900529 0.999659 -0.0926186
-0.0790175 -0.996796 -0.0124221 3.63647 0.996615 -0.0792747 0.0217886 30.3352 -0.0227035 -0.0106584 0.999685 -0.0940081
-0.0792811 -0.996761 -0.013479 3.56369 0.996585 -0.0795659 0.0221018 31.1817 -0.0231027 -0.0116807 0.999665 -0.111519
-0.0791341 -0.996771 -0.0136241 3.49341 0.996553 -0.0794434 0.0238906 32.0048 -0.0248958 -0.0116865 0.999622 -0.126691
-0.0789066 -0.996782 -0.0140869 3.41674 0.996603 -0.0792111 0.0225554 32.8526 -0.0235986 -0.0122593 0.999646 -0.135966
-0.0784259 -0.996801 -0.015405 3.34856 0.996727 -0.0787056 0.0184721 33.6886 -0.0196255 -0.0139059 0.999711 -0.136301
-0.0785563 -0.996773 -0.0165185 3.28264 0.996775 -0.0788071 0.0151193 34.498 -0.0163723 -0.0152775 0.999749 -0.133656
-0.0778062 -0.996826 -0.016877 3.21106 0.996833 -0.0780637 0.0151774 35.3177 -0.0164467 -0.0156427 0.999742 -0.140375
-0.0773208 -0.996875 -0.0161807 3.14691 0.996838 -0.077596 0.0171336 36.172 -0.0183356 -0.0148047 0.999722 -0.14351
-0.076765 -0.996918 -0.0161875 3.06912 0.996789 -0.0771058 0.0216038 37.0026 -0.0227854 -0.0144771 0.999636 -0.156855
-0.0760466 -0.99701 -0.01368 3.00386 0.996719 -0.0763914 0.0267557 37.8299 -0.0277208 -0.0116004 0.999548 -0.173117
-0.0760756 -0.996977 -0.0157812 2.9311 0.996616 -0.076523 0.0300055 38.6728 -0.0311225 -0.0134451 0.999425 -0.18278
-0.0758329 -0.997006 -0.0151069 2.86726 0.996626 -0.0762636 0.0303283 39.4964 -0.0313896 -0.0127561 0.999426 -0.190502
-0.0756837 -0.997006 -0.0158701 2.80441 0.996739 -0.0760912 0.0268752 40.3229 -0.0280023 -0.0137843 0.999513 -0.196756
-0.075334 -0.996999 -0.0178494 2.73131 0.996881 -0.0757229 0.0222175 41.1596 -0.0235024 -0.01612 0.999594 -0.206492
-0.0752829 -0.996961 -0.0200092 2.66661 0.996947 -0.0756682 0.0192517 41.9863 -0.0207072 -0.0184988 0.999614 -0.216402
-0.0753449 -0.996888 -0.023172 2.58813 0.996975 -0.0757549 0.0173566 42.8098 -0.019058 -0.0217942 0.999581 -0.230919
-0.0762889 -0.996869 -0.0207671 2.52451 0.99694 -0.0766171 0.0154938 43.6347 -0.0170364 -0.0195216 0.999664 -0.231554
-0.0774 -0.996826 -0.0186508 2.46309 0.996905 -0.0776373 0.012352 44.4528 -0.0137608 -0.0176371 0.99975 -0.232405
-0.078589 -0.996777 -0.0161187 2.40417 0.996831 -0.0787727 0.0110958 45.2835 -0.0123298 -0.0151956 0.999809 -0.22738
-0.0799451 -0.996695 -0.0144064 2.3276 0.996684 -0.0801476 0.0140738 46.0893 -0.0151819 -0.0132335 0.999797 -0.234606
-0.0817587 -0.996574 -0.0124643 2.26583 0.996451 -0.081987 0.0190641 46.9147 -0.0200207 -0.0108614 0.999741 -0.244253
-0.0835818 -0.996453 -0.0098206 2.19151 0.996223 -0.083787 0.0227716 47.7416 -0.0235136 -0.00788022 0.999692 -0.245581
-0.0852423 -0.99631 -0.0100407 2.11866 0.996088 -0.0854502 0.022509 48.5452 -0.0232839 -0.00808274 0.999696 -0.243627
-0.086266 -0.996189 -0.0128884 2.04209 0.996064 -0.0865055 0.0193456 49.3431 -0.0203868 -0.0111688 0.99973 -0.247659
-0.0873449 -0.996044 -0.016369 1.96195 0.996034 -0.0875998 0.0155618 50.1484 -0.0169341 -0.0149449 0.999745 -0.242162
-0.0886018 -0.995875 -0.0195612 1.87743 0.995941 -0.0888862 0.0141816 50.9334 -0.0158618 -0.0182253 0.999708 -0.247233
-0.0897705 -0.995746 -0.0207572 1.79618 0.995823 -0.0900874 0.0148704 51.7409 -0.0166771 -0.0193355 0.999674 -0.250044
-0.0906056 -0.995659 -0.0213011 1.7256 0.995717 -0.0909643 0.016518 52.5206 -0.0183839 -0.0197132 0.999637 -0.255688
-0.0915291 -0.995539 -0.022898 1.64119 0.995636 -0.0919101 0.0161775 53.3019 -0.0182099 -0.0213174 0.999607 -0.255729
-0.0920152 -0.995487 -0.0232132 1.56544 0.995593 -0.0923988 0.0160306 54.0933 -0.0181032 -0.0216359 0.999602 -0.256307
-0.0925985 -0.995432 -0.0232422 1.48711 0.99551 -0.0930151 0.0175295 54.8661 -0.0196113 -0.0215146 0.999576 -0.261936
-0.0927936 -0.995448 -0.0217292 1.40849 0.995433 -0.0932394 0.0204867 55.6553 -0.0224195 -0.019729 0.999554 -0.257804
-0.0925674 -0.995466 -0.0218881 1.33606 0.995365 -0.0930888 0.0241363 56.405 -0.0260644 -0.0195524 0.999469 -0.269896
-0.0931186 -0.995409 -0.0221388 1.25748 0.995252 -0.0936906 0.0263771 57.1796 -0.0283302 -0.0195774 0.999407 -0.275375
-0.0938571 -0.995337 -0.0222589 1.18499 0.995182 -0.0944323 0.0263781 57.934 -0.0283571 -0.0196759 0.999404 -0.283501
-0.0942521 -0.995315 -0.0215583 1.10854 0.995183 -0.0947821 0.0250429 58.6776 -0.0269689 -0.0190941 0.999454 -0.286925
-0.0945748 -0.995293 -0.0211741 1.03097 0.995239 -0.0950303 0.0216508 59.4096 -0.023561 -0.0190257 0.999541 -0.288874
-0.0943655 -0.99531 -0.0213044 0.96483 0.995324 -0.0947672 0.0187077 60.1063 -0.0206389 -0.0194394 0.999598 -0.293155
-0.0930671 -0.995421 -0.0218281 0.885937 0.995483 -0.0934408 0.0167756 60.8299 -0.0187385 -0.0201683 0.999621 -0.294658
-0.090743 -0.99559 -0.0238022 0.8124 0.995712 -0.0911337 0.015879 61.5213 -0.0179782 -0.0222592 0.999591 -0.299459
-0.0866073 -0.995963 -0.0236185 0.75868 0.996066 -0.0870143 0.0167854 62.1931 -0.0187728 -0.0220718 0.99958 -0.300054
-0.0808752 -0.996442 -0.0237172 0.700551 0.99653 -0.0813068 0.0178346 62.8585 -0.0196995 -0.0221925 0.99956 -0.304436
-0.0738235 -0.996992 -0.0236037 0.6518 0.997053 -0.0742819 0.0191689 63.5055 -0.0208645 -0.022119 0.999538 -0.30634
-0.0647576 -0.997597 -0.0246163 0.598401 0.997651 -0.0652742 0.0207969 64.1446 -0.0223538 -0.0232117 0.999481 -0.304489
-0.0529178 -0.998254 -0.0262605 0.555091 0.998322 -0.0535041 0.0221523 64.7844 -0.0235186 -0.0250442 0.99941 -0.309192
-0.0382198 -0.998852 -0.0288712 0.52847 0.998959 -0.038912 0.0238033 65.3518 -0.0248994 -0.0279314 0.9993 -0.321101
-0.0196104 -0.999347 -0.0303506 0.514391 0.999459 -0.0203961 0.0257981 65.9444 -0.0264003 -0.0298282 0.999206 -0.318939
0.00213936 -0.999524 -0.0307924 0.520001 0.999645 0.00132025 0.026597 66.5075 -0.0265437 -0.0308384 0.999172 -0.321398
0.0280432 -0.999152 -0.0301404 0.535149 0.999273 0.0272415 0.0266869 67.0581 -0.0258432 -0.0308668 0.999189 -0.334547
0.0570914 -0.997968 -0.0283016 0.573998 0.998046 0.0563291 0.0270381 67.5758 -0.025389 -0.0297899 0.999234 -0.334227
0.091262 -0.995472 -0.0265826 0.625824 0.995501 0.090517 0.027997 68.0757 -0.025464 -0.0290181 0.999254 -0.333284
0.128589 -0.99137 -0.0255113 0.707039 0.991393 0.127869 0.0280996 68.552 -0.024595 -0.028905 0.99928 -0.34012
0.168271 -0.985471 -0.0230538 0.811543 0.985441 0.167598 0.0285719 68.9949 -0.024293 -0.027526 0.999326 -0.335255
0.213717 -0.976696 -0.019748 0.908771 0.976595 0.213105 0.0291397 69.4439 -0.0242522 -0.0255135 0.99938 -0.345997
0.260419 -0.965381 -0.0148745 1.06757 0.96521 0.259936 0.0283464 69.8785 -0.0234987 -0.0217389 0.999487 -0.346478
0.310581 -0.95052 -0.00722437 1.22756 0.950307 0.310323 0.0248106 70.2912 -0.0213411 -0.0145711 0.999666 -0.339015
0.360365 -0.93281 -0.00148 1.43701 0.932638 0.360267 0.0198815 70.6911 -0.0180125 -0.00854489 0.999801 -0.334228
0.413046 -0.9107 0.00432938 1.62559 0.910563 0.41306 0.0160022 71.0956 -0.0163615 -0.00266748 0.999863 -0.332424
0.462524 -0.886587 0.00589695 1.87814 0.886451 0.462557 0.0156797 71.4525 -0.0166291 -0.00202488 0.99986 -0.338619
0.511119 -0.859468 0.00853061 2.10313 0.859347 0.51119 0.0143901 71.8421 -0.0167286 -2.43146e-05 0.99986 -0.352388
0.555916 -0.831072 0.0166152 2.37446 0.831032 0.556113 0.0111853 72.1776 -0.0185358 0.00758968 0.999799 -0.35802
0.598887 -0.8004 0.0263499 2.68877 0.800596 0.599186 0.00461515 72.4869 -0.0194824 0.0183317 0.999642 -0.344545
0.641528 -0.766626 0.0269551 2.95509 0.766896 0.641771 0.000481977 72.795 -0.0176685 0.0203626 0.999637 -0.339592
0.682575 -0.730517 0.0208832 3.27383 0.730726 0.68266 -0.00388316 73.1017 -0.0114194 0.0179104 0.999774 -0.360317
0.723461 -0.690279 0.0109397 3.57865 0.690364 0.723399 -0.00953204 73.3872 -0.00133399 0.0144484 0.999895 -0.348329
0.762337 -0.647177 0.00187802 3.94578 0.647149 0.762269 -0.0120227 73.6703 0.00634929 0.0103807 0.999926 -0.351866
0.799434 -0.600751 -0.00203438 4.30543 0.600681 0.799385 -0.0128574 73.929 0.00935035 0.00905664 0.999915 -0.356269
0.833458 -0.552572 -0.00344139 4.71745 0.552481 0.833409 -0.0139385 74.1697 0.0105701 0.00971586 0.999897 -0.350617
0.864054 -0.503356 -0.00661451 5.18507 0.503252 0.864044 -0.0128346 74.4235 0.0121756 0.00776098 0.999896 -0.354143
0.890216 -0.4555 -0.00588186 5.64009 0.455429 0.890212 -0.0103399 74.6304 0.00994591 0.00652596 0.999929 -0.332349
0.911706 -0.410775 -0.00755103 6.14634 0.410743 0.911735 -0.00543185 74.8589 0.00911581 0.00185071 0.999957 -0.330561
0.929227 -0.369339 -0.0112341 6.63412 0.369361 0.929286 -6.0605e-05 75.0442 0.0104621 -0.00409313 0.999937 -0.333563
0.942949 -0.332753 -0.0110926 7.18213 0.332815 0.942982 0.00431692 75.2332 0.00902363 -0.00776242 0.999929 -0.331228
0.953291 -0.301922 -0.00891502 7.74944 0.301969 0.953307 0.0044873 75.4188 0.00714393 -0.00696977 0.99995 -0.322503
0.960704 -0.277493 -0.00674689 8.30711 0.277527 0.960706 0.00483209 75.5685 0.00514091 -0.00651466 0.999966 -0.306422
0.96669 -0.255913 -0.00438225 8.90616 0.255936 0.966675 0.00601995 75.7229 0.00269563 -0.006941 0.999972 -0.294687
0.971257 -0.238024 -0.00204317 9.52002 0.238033 0.971228 0.00754631 75.8659 0.000188181 -0.00781575 0.999969 -0.295995
0.974952 -0.22241 -0.00141981 10.1469 0.222411 0.97488 0.0119579 76.0293 -0.00127541 -0.0119741 0.999927 -0.292281
0.977976 -0.208718 -0.000154877 10.7848 0.208701 0.977883 0.0137508 76.1703 -0.00271858 -0.0134802 0.999905 -0.298368
0.980626 -0.195889 0.000212142 11.4367 0.195866 0.980523 0.0145439 76.302 -0.00305701 -0.0142206 0.999894 -0.280234
0.983201 -0.182528 2.26691e-05 12.1056 0.182506 0.983087 0.0152373 76.4203 -0.00280352 -0.0149772 0.999884 -0.278989
0.985844 -0.167662 0.000737218 12.8102 0.167631 0.985727 0.0155695 76.5417 -0.00333711 -0.0152255 0.999879 -0.279892
0.98814 -0.153551 0.00134758 13.5217 0.153506 0.988002 0.0169945 76.6548 -0.00394094 -0.0165861 0.999855 -0.278724
0.990019 -0.14093 -0.000722413 14.2398 0.140921 0.989871 0.0172398 76.7522 -0.00171451 -0.0171696 0.999851 -0.271912
0.991501 -0.129984 -0.00554436 14.9633 0.130065 0.991336 0.0183319 76.8479 0.00311346 -0.0188972 0.999817 -0.263169
0.992694 -0.12011 -0.0114778 15.7033 0.120297 0.992586 0.0173679 76.943 0.00930664 -0.0186218 0.999783 -0.246564
0.993635 -0.111991 -0.0121089 16.4755 0.112199 0.993519 0.0182138 77.0362 0.0099906 -0.0194565 0.999761 -0.244029
0.994426 -0.105281 -0.00578764 17.2267 0.105373 0.994255 0.0188145 77.1153 0.00377358 -0.0193194 0.999806 -0.238432
0.994969 -0.100175 0.00107285 18.0023 0.100121 0.99469 0.0238443 77.2097 -0.00345574 -0.0236169 0.999715 -0.233489
0.995332 -0.0963342 0.00581226 18.7813 0.0961787 0.995102 0.0228196 77.2846 -0.0079821 -0.0221541 0.999723 -0.224451
0.995683 -0.0926785 0.00512894 19.5397 0.0925399 0.99545 0.0227042 77.3624 -0.0072098 -0.0221316 0.999729 -0.209154
0.995959 -0.0897049 0.0044238 20.3106 0.0895802 0.995712 0.0230885 77.4283 -0.00647599 -0.0225989 0.999724 -0.203809
0.99619 -0.086974 0.0063928 21.0842 0.0868172 0.995988 0.0216899 77.4988 -0.00825361 -0.0210523 0.999744 -0.204654
0.996395 -0.0843721 0.0088953 21.8591 0.0841801 0.996248 0.0201118 77.5618 -0.0105588 -0.0192905 0.999758 -0.195213
0.996618 -0.0813812 0.0114226 22.6325 0.0811827 0.996556 0.0168789 77.6224 -0.0127569 -0.0158945 0.999792 -0.193594
0.996867 -0.0786724 0.00818349 23.378 0.0785314 0.996778 0.0163194 77.686 -0.00944102 -0.0156256 0.999833 -0.188042
0.997054 -0.0767039 0.000778577 24.1348 0.0766756 0.996877 0.018907 77.765 -0.00222639 -0.0187916 0.999821 -0.183938
0.997177 -0.0748116 -0.00645319 24.8979 0.0749259 0.996993 0.0197848 77.8231 0.00495366 -0.0202124 0.999783 -0.170029
0.99722 -0.0737001 -0.0109682 25.6523 0.0739155 0.997049 0.0207277 77.8801 0.00940823 -0.0214808 0.999725 -0.157551
0.997408 -0.0713401 -0.00940032 26.4142 0.0715342 0.99719 0.0222556 77.9512 0.0077862 -0.0228703 0.999708 -0.147556
0.997591 -0.0691309 -0.00582257 27.1686 0.0692555 0.997287 0.0249455 78.0079 0.00408226 -0.0252887 0.999672 -0.132095
0.997745 -0.0671123 -0.00109742 27.9263 0.0671163 0.997338 0.0285159 78.0807 -0.000819265 -0.0285252 0.999593 -0.124104
0.997912 -0.0645806 0.00134503 28.6885 0.064523 0.997569 0.0263064 78.1282 -0.00304065 -0.0261647 0.999653 -0.104078
0.997994 -0.0632963 0.00133768 29.4452 0.0632462 0.99771 0.0239876 78.1738 -0.00285295 -0.0238549 0.999711 -0.0920324
0.998058 -0.0622651 0.00175081 30.2011 0.0622094 0.997804 0.022736 78.2232 -0.00316263 -0.022583 0.99974 -0.0801272
0.998112 -0.0614247 -9.84828e-05 30.9547 0.0614107 0.997848 0.023 78.2683 -0.0013145 -0.0229626 0.999735 -0.0733789
0.998156 -0.060687 -0.00124708 31.6949 0.0606998 0.997932 0.0211691 78.3144 -4.01886e-05 -0.0212058 0.999775 -0.0658516
0.998221 -0.0596115 -0.000895324 32.4687 0.0596174 0.998012 0.0204424 78.3694 -0.000325059 -0.0204594 0.999791 -0.0555485
0.998254 -0.0590599 -0.000345274 33.2389 0.0590529 0.998006 0.0222916 78.421 -0.000971954 -0.0222731 0.999751 -0.0520069
0.998247 -0.0591685 -0.00126461 34.0087 0.059182 0.998005 0.0219915 78.4666 -3.91199e-05 -0.0220278 0.999757 -0.0445027
0.998177 -0.0603351 -0.00146802 34.783 0.0603528 0.997935 0.021993 78.522 0.000138041 -0.0220415 0.999757 -0.0359638
0.998042 -0.0625406 -0.000992743 35.5716 0.0625476 0.99782 0.0210597 78.5711 -0.000326507 -0.0210806 0.999778 -0.0251772
0.997881 -0.0650633 -0.00110418 36.3609 0.065072 0.997656 0.021172 78.6328 -0.000275929 -0.0211989 0.999775 -0.0166722
0.997667 -0.0682483 -0.00178439 37.1651 0.0682715 0.997376 0.0240923 78.6938 0.000135448 -0.0241579 0.999708 -0.00941746
0.997493 -0.0705275 -0.00573798 37.9521 0.0706483 0.997197 0.024651 78.7633 0.00398333 -0.0249945 0.99968 0.00352652
0.997315 -0.0726375 -0.00930856 38.7641 0.0728538 0.997016 0.0255128 78.83 0.00742761 -0.0261224 0.999631 0.0154455
0.997132 -0.0749209 -0.0107421 39.5765 0.075173 0.996847 0.0253806 78.8871 0.0088067 -0.0261153 0.99962 0.0299268
0.996989 -0.0768982 -0.00993563 40.3991 0.0771203 0.996725 0.0243267 78.962 0.0080324 -0.0250197 0.999655 0.0439535
0.996826 -0.0791081 -0.00891519 41.239 0.0792996 0.996569 0.0236996 79.0299 0.00700977 -0.0243313 0.999679 0.0632481
0.996691 -0.0809339 -0.00756776 42.0681 0.0810887 0.996439 0.0230872 79.103 0.00567229 -0.0236244 0.999705 0.0823827
0.996626 -0.0819664 -0.00420503 42.904 0.0820376 0.996403 0.0212404 79.1779 0.00244891 -0.0215137 0.999766 0.0811619
0.99654 -0.0831127 0.000505702 43.7503 0.0830849 0.996332 0.0204778 79.2512 -0.00220581 -0.020365 0.99979 0.0844349
0.996606 -0.0822562 0.00334711 44.6129 0.0821727 0.996414 0.0201514 79.3345 -0.00499269 -0.019808 0.999791 0.101131
0.996784 -0.0800565 0.00348413 45.4794 0.0799596 0.996549 0.0222945 79.4061 -0.00525692 -0.0219442 0.999745 0.0995143
0.996903 -0.0786063 0.00214521 46.3398 0.0785364 0.996645 0.0230358 79.4762 -0.00394877 -0.022796 0.999732 0.117406
0.997074 -0.0764422 0.000731 47.2057 0.0764108 0.996862 0.0206964 79.5428 -0.00231078 -0.02058 0.999786 0.115079
0.997203 -0.0747318 -0.000900997 48.078 0.0747358 0.997037 0.0182136 79.6149 -0.000462805 -0.01823 0.999834 0.136743
0.997336 -0.0729436 -0.000879651 48.9441 0.0729482 0.997198 0.0165727 79.6798 -0.00033169 -0.0165928 0.999862 0.142103
0.997434 -0.071583 0.00138241 49.8138 0.0715558 0.997333 0.0144043 79.7451 -0.00240983 -0.0142684 0.999895 0.142318
0.997475 -0.0709413 0.00322944 50.7056 0.0708985 0.997413 0.0118464 79.8082 -0.00406149 -0.0115875 0.999925 0.156383
0.99754 -0.0700173 0.00344916 51.5643 0.0699736 0.997483 0.011471 79.8623 -0.00424365 -0.0112014 0.999928 0.165191
0.997586 -0.0694269 0.00107405 52.4334 0.0694066 0.9975 0.0132741 79.9322 -0.00199294 -0.0131675 0.999911 0.17957
0.997647 -0.0684537 -0.00389213 53.2905 0.0685107 0.997504 0.0171027 80.0084 0.00271167 -0.0173291 0.999846 0.194103
0.997696 -0.0671888 -0.00936765 54.1564 0.0673484 0.997569 0.0179064 80.0696 0.00814176 -0.0184961 0.999796 0.209278
0.99766 -0.0665767 -0.0155338 54.9986 0.0669475 0.99745 0.0247136 80.1454 0.0138489 -0.0256957 0.999574 0.235626
0.99772 -0.0655456 -0.0160874 55.872 0.065923 0.997532 0.0241708 80.2098 0.0144634 -0.0251762 0.999578 0.255111
0.99781 -0.0652455 -0.0109135 56.7224 0.065455 0.997653 0.0200959 80.2617 0.00957669 -0.0207662 0.999738 0.275261
0.997831 -0.0657841 -0.00241773 57.5685 0.0658153 0.997694 0.0166103 80.3287 0.00131945 -0.0167334 0.999859 0.284599
0.997741 -0.0670789 0.0037036 58.4266 0.0670236 0.997661 0.013461 80.382 -0.00459789 -0.0131824 0.999903 0.281327
0.997581 -0.0694252 0.00339704 59.2695 0.0693582 0.997448 0.0169524 80.4397 -0.00456529 -0.0166758 0.999851 0.314483
0.997444 -0.0714342 0.00136127 60.0981 0.0714112 0.997366 0.0127338 80.4929 -0.00226731 -0.012604 0.999918 0.342509
0.997256 -0.0740251 -2.73048e-05 60.9249 0.0740213 0.997202 0.010431 80.5622 -0.000744926 -0.0104044 0.999946 0.3458
0.997041 -0.0768226 -0.00268394 61.7557 0.07685 0.996967 0.0123192 80.6331 0.0017294 -0.012489 0.999921 0.366119
0.996768 -0.0801173 -0.00594731 62.5834 0.0801994 0.996663 0.0151795 80.6991 0.00471133 -0.0156074 0.999867 0.380195
0.996424 -0.0839067 -0.00989725 63.3881 0.0840374 0.99637 0.0136161 80.7799 0.00871884 -0.0143991 0.999858 0.388183
0.996123 -0.0870562 -0.0126789 64.2111 0.0872529 0.99606 0.0158862 80.8587 0.0112459 -0.0169308 0.999793 0.423357
0.995848 -0.0899184 -0.0141594 65.0234 0.0901885 0.995729 0.0197583 80.9501 0.0123223 -0.0209533 0.999705 0.43036
0.995534 -0.0934555 -0.0133594 65.8213 0.0937398 0.995342 0.0225321 81.0353 0.0111914 -0.0236838 0.999657 0.454886
0.995201 -0.0975815 -0.00729545 66.63 0.097733 0.99491 0.0245568 81.1211 0.00486202 -0.025152 0.999672 0.457741
0.994807 -0.101752 -0.0024894 67.4374 0.101782 0.99448 0.025485 81.2051 -0.000117479 -0.025606 0.999672 0.48167
0.994327 -0.106357 0.000994089 68.2288 0.106304 0.994054 0.0235896 81.2886 -0.0034971 -0.0233501 0.999721 0.494523
0.99363 -0.112671 0.00194528 69.004 0.112581 0.99329 0.026464 81.3917 -0.00491397 -0.0260765 0.999648 0.511393
0.992864 -0.119168 0.00444242 69.7902 0.119041 0.992639 0.0222888 81.4857 -0.00706582 -0.0216009 0.999742 0.50747
0.992161 -0.124863 0.00500801 70.5633 0.124715 0.99192 0.0232599 81.5816 -0.00787185 -0.022453 0.999717 0.524503
0.991339 -0.131286 0.00340625 71.3385 0.131152 0.991008 0.0265029 81.6956 -0.00685509 -0.0258266 0.999643 0.531776
0.990507 -0.13746 6.28731e-05 72.1216 0.137389 0.990005 0.0318479 81.8169 -0.00444006 -0.0315369 0.999493 0.550259
0.98969 -0.143196 -0.00284058 72.8997 0.143218 0.989262 0.029143 81.9343 -0.00136309 -0.0292493 0.999571 0.54976
0.988969 -0.148052 -0.00448969 73.6377 0.14812 0.988453 0.031958 82.0517 -0.000293586 -0.0322705 0.999479 0.562084
0.988189 -0.153239 -0.000694407 74.4212 0.153183 0.987682 0.0319169 82.1822 -0.00420506 -0.0316463 0.99949 0.560274
0.987193 -0.159484 0.00377107 75.1875 0.159297 0.986761 0.0304501 82.3194 -0.00857744 -0.0294594 0.999529 0.5704
0.986159 -0.165672 0.00663032 75.9331 0.165414 0.985791 0.0292189 82.4447 -0.0113769 -0.0277178 0.999551 0.571471
0.985023 -0.172401 0.00271659 76.6813 0.172253 0.984631 0.0288367 82.58 -0.00764631 -0.0279369 0.99958 0.586979
0.983545 -0.180602 -0.00480294 77.4195 0.180665 0.983123 0.0288154 82.7196 -0.00048222 -0.0292089 0.999573 0.598235
0.981799 -0.189822 -0.00614318 78.1544 0.189916 0.981495 0.0244763 82.8663 0.00138337 -0.0251975 0.999682 0.608659
0.979735 -0.200261 -0.00374922 78.9089 0.200292 0.979419 0.0249172 83.0254 -0.00131789 -0.0251632 0.999682 0.618813
0.977358 -0.211587 0.00179788 79.6272 0.211486 0.977095 0.0236199 83.1839 -0.00675436 -0.0227049 0.999719 0.61751
0.974638 -0.223643 0.00803508 80.3788 0.223344 0.97434 0.0279215 83.3623 -0.0140733 -0.0254187 0.999578 0.623719
0.971965 -0.234791 0.0125462 81.1118 0.234389 0.97176 0.0272653 83.5529 -0.0185935 -0.0235603 0.999549 0.637662
0.969095 -0.246575 0.00749894 81.8235 0.246256 0.968747 0.0297835 83.7408 -0.0146084 -0.0270164 0.999528 0.63668
0.966129 -0.258045 -0.00261916 82.5412 0.258003 0.965667 0.0303625 83.939 -0.00530563 -0.0300098 0.999536 0.636588
0.962827 -0.270004 -0.00789929 83.2638 0.27012 0.962446 0.0270895 84.1467 0.000288347 -0.0282163 0.999602 0.636168
0.959284 -0.282419 -0.00380179 83.9732 0.282419 0.958935 0.0261309 84.3534 -0.00373419 -0.0261407 0.999651 0.628836
0.955813 -0.293951 0.00378495 84.6903 0.293749 0.955502 0.0269711 84.5873 -0.0115447 -0.0246675 0.999629 0.64366
0.952039 -0.30584 0.00919053 85.4017 0.305493 0.951792 0.0276744 84.8145 -0.0172114 -0.0235394 0.999575 0.646584
0.947787 -0.318815 0.00751912 86.1075 0.318522 0.947544 0.026536 85.0586 -0.0155848 -0.0227555 0.99962 0.657647
0.944062 -0.329753 0.00319295 86.8173 0.32959 0.943825 0.0237413 85.3083 -0.0108424 -0.0213609 0.999713 0.651165
0.940812 -0.338922 -0.00230156 87.5302 0.338901 0.940624 0.0193072 85.5571 -0.00437871 -0.0189444 0.999811 0.659654
0.938033 -0.346451 -0.0081642 88.2042 0.34654 0.937898 0.0160163 85.8181 0.00210832 -0.0178531 0.999838 0.657733
0.935293 -0.353742 -0.00972083 88.9065 0.353857 0.935173 0.0153939 86.0856 0.00364519 -0.0178376 0.999834 0.671087
0.93245 -0.361113 -0.0115855 89.6055 0.361277 0.932265 0.0189879 86.3767 0.00394394 -0.0218909 0.999753 0.671575
0.929362 -0.369026 -0.010262 90.324 0.369162 0.929156 0.0197317 86.6592 0.00225346 -0.0221262 0.999753 0.685045
0.92624 -0.376912 -0.00408838 91.0009 0.376914 0.926021 0.0205015 86.9417 -0.00394134 -0.0205303 0.999781 0.688206
0.923385 -0.383852 0.00424329 91.7435 0.383701 0.923243 0.0199011 87.2547 -0.0115567 -0.0167482 0.999793 0.689129
0.920739 -0.390067 0.00941582 92.4338 0.389704 0.920539 0.0271664 87.5592 -0.0192643 -0.0213438 0.999587 0.693348
0.918414 -0.395599 0.00406043 93.1208 0.395248 0.917948 0.0339322 87.8787 -0.0171508 -0.0295589 0.999416 0.695757
0.916102 -0.40091 -0.00525847 93.803 0.400846 0.915507 0.0341879 88.1816 -0.0088921 -0.0334274 0.999402 0.691488
0.913974 -0.405615 -0.0113185 94.4966 0.405771 0.913525 0.0286892 88.4905 -0.00129707 -0.0308139 0.999524 0.708043
0.912281 -0.40939 -0.0119846 95.2087 0.409565 0.911844 0.0282196 88.8192 -0.000624721 -0.0306526 0.99953 0.715089
0.910243 -0.413979 -0.00888202 95.9162 0.414039 0.909675 0.0325897 89.1612 -0.0054117 -0.033342 0.999429 0.707753
0.907882 -0.419208 -0.00384893 96.6155 0.419102 0.907351 0.0326724 89.4856 -0.0102042 -0.0312757 0.999459 0.715953
0.905388 -0.42456 -0.00451807 97.3149 0.424496 0.904934 0.0299481 89.8217 -0.00862621 -0.0290326 0.999541 0.727269
0.903176 -0.429119 -0.0113743 98.0074 0.429263 0.902702 0.0293628 90.1549 -0.00233254 -0.0314024 0.999504 0.732375
0.900938 -0.433576 -0.017968 98.6835 0.433926 0.900538 0.027188 90.4929 0.00439282 -0.0322914 0.999469 0.745547
0.89864 -0.438173 -0.0212113 99.3786 0.438643 0.898177 0.0294963 90.8362 0.00612701 -0.0358108 0.99934 0.748565
0.896799 -0.442137 -0.016317 100.087 0.442434 0.89633 0.0290724 91.1921 0.00177141 -0.0332913 0.999444 0.75608
0.894719 -0.446372 -0.0151807 100.762 0.446629 0.894163 0.0315295 91.5459 -0.000499828 -0.0349902 0.999388 0.76938
0.892367 -0.451051 -0.0153091 101.457 0.451309 0.891757 0.033005 91.9041 -0.00123495 -0.0363617 0.999338 0.787614
0.890119 -0.455445 -0.0160482 102.138 0.455728 0.889533 0.032306 92.2515 -0.000438238 -0.0360698 0.999349 0.799284
0.887794 -0.459945 -0.0164818 102.838 0.46024 0.887274 0.0304093 92.6199 0.000637286 -0.0345828 0.999402 0.814583
0.885766 -0.463887 -0.0150424 103.495 0.464131 0.885263 0.0298627 92.9657 -0.000536424 -0.033433 0.999441 0.821353
0.883676 -0.46783 -0.0158613 104.151 0.468098 0.883114 0.0315251 93.3277 -0.000741035 -0.0352826 0.999377 0.83423
0.881413 -0.472076 -0.0159801 104.823 0.472346 0.880859 0.0312504 93.6955 -0.000676377 -0.0350926 0.999384 0.842415
0.878921 -0.476594 -0.0188684 105.473 0.47696 0.878441 0.0291696 94.0444 0.00267269 -0.0346372 0.999396 0.856801
0.87662 -0.480695 -0.02168 106.128 0.481133 0.876291 0.025006 94.4124 0.00697777 -0.0323517 0.999452 0.875337
0.87457 -0.484282 -0.024441 106.761 0.4848 0.874298 0.02391 94.7703 0.00978955 -0.03276 0.999415 0.895918
0.872634 -0.487881 -0.0219624 107.398 0.488332 0.872272 0.0259588 95.1374 0.00649236 -0.0333774 0.999422 0.900806
0.870947 -0.491186 -0.0136837 108.048 0.491375 0.870516 0.0274323 95.5064 -0.00156248 -0.0306159 0.99953 0.906953
0.869528 -0.493862 -0.00464888 108.684 0.493775 0.869101 0.0291401 95.8683 -0.0103508 -0.0276337 0.999565 0.915474
0.867789 -0.496931 0.00110563 109.304 0.496683 0.867422 0.0297526 96.2251 -0.0157441 -0.0252699 0.999557 0.927916
0.866273 -0.499566 0.00232384 109.887 0.499328 0.865988 0.0271371 96.5591 -0.0155692 -0.0223478 0.999629 0.933523
0.864407 -0.502792 -0.0011913 110.487 0.502651 0.864103 0.0258555 96.9271 -0.0119705 -0.0229484 0.999665 0.941783
0.862703 -0.505705 -0.00268482 111.047 0.505623 0.86244 0.0233068 97.2523 -0.00947088 -0.0214644 0.999725 0.950675
0.861366 -0.507976 -0.00304358 111.609 0.507911 0.861121 0.0223027 97.5754 -0.00870837 -0.0207567 0.999747 0.955211
0.860079 -0.510152 -0.00291428 112.152 0.510098 0.859871 0.0205474 97.903 -0.00797642 -0.019159 0.999785 0.95665
0.858867 -0.512196 -0.00170081 112.671 0.51212 0.858671 0.0204148 98.2192 -0.00899591 -0.0184046 0.99979 0.968729
0.857455 -0.514559 -0.000385203 113.175 0.514459 0.857273 0.0203733 98.5207 -0.0101531 -0.0176674 0.999792 0.96837
0.856212 -0.516625 0.000503353 113.654 0.516519 0.856054 0.0194957 98.8079 -0.0105029 -0.0164324 0.99981 0.975
0.854861 -0.518855 0.00157924 114.123 0.518748 0.85474 0.0178732 99.1019 -0.0106235 -0.0144599 0.999839 0.983936
0.853554 -0.521 0.00182207 114.561 0.520905 0.853456 0.0164253 99.3738 -0.0101126 -0.0130707 0.999863 0.990772
0.852512 -0.522703 -0.00203336 114.968 0.52266 0.852376 0.0167697 99.6341 -0.00703237 -0.0153591 0.999857 0.997018
0.851007 -0.525131 -0.00499622 115.374 0.525143 0.850885 0.0147945 99.8959 -0.00351785 -0.015214 0.999878 1.00911
0.848799 -0.528683 -0.00587239 115.755 0.528715 0.848727 0.0111307 100.124 -0.00090054 -0.0125525 0.999921 1.01196
0.846276 -0.532735 -0.00316729 116.125 0.532743 0.846246 0.00725871 100.355 -0.00118666 -0.00783022 0.999969 1.01814
0.842985 -0.537934 -0.00178625 116.479 0.537931 0.842955 0.00758866 100.582 -0.00257647 -0.007358 0.99997 1.02464
0.839439 -0.543451 -0.00180055 116.8 0.543435 0.839378 0.0111184 100.804 -0.00453097 -0.0103117 0.999937 1.03228
0.835707 -0.549175 -0.00113149 117.106 0.549115 0.835581 0.0166615 101.024 -0.00820464 -0.0145455 0.999861 1.03364
0.831925 -0.554878 0.00339419 117.411 0.554687 0.831772 0.021846 101.231 -0.0149451 -0.0162916 0.999756 1.03566
0.827405 -0.561559 0.00726211 117.668 0.561269 0.827288 0.0238996 101.423 -0.0194289 -0.0156986 0.999688 1.04312
0.822176 -0.569146 0.00998277 117.956 0.568879 0.822157 0.0208616 101.614 -0.0200807 -0.0114729 0.999733 1.04038
0.815509 -0.578611 0.0124425 118.174 0.578358 0.815561 0.0190294 101.782 -0.0211582 -0.00832239 0.999742 1.05073
0.807159 -0.590147 0.0148567 118.434 0.589918 0.807279 0.0172348 101.956 -0.0221646 -0.00514697 0.999741 1.04924
0.797471 -0.603157 0.0155477 118.621 0.602912 0.797607 0.0178872 102.119 -0.0231897 -0.00489064 0.999719 1.05286
0.78576 -0.618381 0.0136282 118.819 0.618116 0.785849 0.0193393 102.294 -0.0226688 -0.00677224 0.99972 1.0515
0.772383 -0.635048 0.0117916 118.996 0.634815 0.772443 0.0184754 102.458 -0.0208411 -0.00678455 0.99976 1.06429
0.758046 -0.652162 0.00713452 119.157 0.652004 0.758041 0.0162772 102.621 -0.0160236 -0.00768712 0.999842 1.06592
0.743444 -0.668793 0.00264715 119.298 0.668721 0.743412 0.012318 102.777 -0.0102061 -0.00738754 0.999921 1.06569
0.728749 -0.684774 -0.003225 119.435 0.684753 0.728669 0.0124425 102.94 -0.00617031 -0.0112758 0.999917 1.0643
0.713695 -0.700387 -0.0098991 119.571 0.700446 0.713533 0.0157098 103.105 -0.00393957 -0.0181458 0.999828 1.05407
0.697007 -0.716963 -0.0120629 119.701 0.717051 0.696792 0.0178698 103.257 -0.00440659 -0.0211051 0.999768 1.04486
0.678941 -0.734122 -0.0101808 119.844 0.734175 0.678764 0.0163226 103.437 -0.00507247 -0.0185566 0.999815 1.05443
0.659545 -0.751623 -0.00787838 119.981 0.751639 0.6594 0.0151894 103.6 -0.00622172 -0.0159398 0.999854 1.05304
0.637752 -0.770214 -0.00656911 120.098 0.770191 0.637587 0.017003 103.754 -0.0089076 -0.0159032 0.999834 1.06436
0.614729 -0.788704 -0.00738435 120.204 0.788643 0.614483 0.0212764 103.955 -0.0122432 -0.0189028 0.999746 1.04709
0.590913 -0.806697 -0.00782897 120.313 0.806583 0.590584 0.0251971 104.128 -0.0157028 -0.021204 0.999652 1.05221
0.566245 -0.824193 -0.00854856 120.41 0.824036 0.565848 0.0279468 104.331 -0.0181964 -0.0228691 0.999573 1.04929
0.5412 -0.840821 -0.0110702 120.503 0.840656 0.540687 0.0309102 104.52 -0.0200045 -0.0260348 0.999461 1.05293
0.515271 -0.856912 -0.0140515 120.58 0.856725 0.514585 0.0349944 104.699 -0.0227564 -0.0300698 0.999289 1.04576
0.488351 -0.872508 -0.0155877 120.665 0.872272 0.487538 0.0380591 104.892 -0.0256073 -0.0321828 0.999154 1.04379
0.459194 -0.888198 -0.0156483 120.751 0.887942 0.458395 0.0378561 105.106 -0.0264506 -0.0312781 0.999161 1.05385
0.427675 -0.903757 -0.0177832 120.82 0.903615 0.426921 0.0349025 105.298 -0.0239514 -0.0309961 0.999232 1.05829
0.393872 -0.918938 -0.0204267 120.913 0.918949 0.3932 0.0304283 105.562 -0.0199299 -0.0307559 0.999328 1.0537
0.355618 -0.934376 -0.021837 120.967 0.934448 0.354988 0.0281072 105.78 -0.0185108 -0.030401 0.999366 1.05348
0.314963 -0.948846 -0.0221189 121.036 0.948922 0.314359 0.0269425 106.062 -0.018611 -0.0294749 0.999392 1.04527
0.272199 -0.961972 -0.0227601 121.091 0.962084 0.27165 0.024526 106.365 -0.0174106 -0.0285731 0.99944 1.03557
0.226143 -0.973819 -0.023141 121.135 0.973968 0.225667 0.0214671 106.639 -0.0156829 -0.0273932 0.999502 1.02829
0.177317 -0.98388 -0.0232103 121.156 0.984041 0.176889 0.0193465 106.98 -0.014929 -0.0262703 0.999543 1.02301
0.127405 -0.991578 -0.0232521 121.183 0.991733 0.126993 0.0183942 107.328 -0.0152864 -0.0254034 0.99956 1.01363
0.0761588 -0.996841 -0.0225547 121.177 0.996943 0.0757312 0.0192398 107.639 -0.0174709 -0.0239511 0.99956 1.00405
0.0232954 -0.999528 -0.0200508 121.165 0.999514 0.0228703 0.0211777 108.027 -0.0207091 -0.0205344 0.999575 1.00072
-0.0295436 -0.999417 -0.0170865 121.122 0.999287 -0.0299331 0.0230057 108.365 -0.0235038 -0.0163947 0.999589 0.998177
-0.0837405 -0.996378 -0.0148101 121.082 0.996175 -0.0840774 0.0238097 108.789 -0.0249686 -0.0127596 0.999607 0.987511
-0.136514 -0.99056 -0.0124433 121.007 0.990261 -0.136797 0.0258614 109.173 -0.0273195 -0.00879167 0.999588 0.988305
-0.187435 -0.98221 -0.011508 120.878 0.981867 -0.187683 0.0267042 109.548 -0.028389 -0.00629398 0.999577 0.973343
-0.237743 -0.971282 -0.00947066 120.767 0.970888 -0.237917 0.0277897 109.999 -0.0292449 -0.00258814 0.999569 0.966822
-0.286393 -0.958091 -0.00633632 120.629 0.95766 -0.286454 0.0288373 110.43 -0.0294439 0.00219075 0.999564 0.956677
-0.332431 -0.943123 -0.00293061 120.456 0.942672 -0.332365 0.0300526 110.825 -0.0293174 0.00722781 0.999544 0.948347
-0.37799 -0.92581 0.000161708 120.254 0.92535 -0.377797 0.0315695 111.297 -0.0291662 0.0120826 0.999502 0.937776
-0.419351 -0.907822 0.00218487 120.027 0.907367 -0.419062 0.032757 111.723 -0.0288219 0.0157191 0.999461 0.923174
-0.458907 -0.888478 0.00326664 119.775 0.888033 -0.458554 0.0335649 112.205 -0.0283237 0.018304 0.999431 0.910675
-0.493139 -0.869943 0.00366496 119.497 0.869505 -0.492748 0.0340754 112.661 -0.0278378 0.0199906 0.999413 0.896602
-0.521223 -0.853417 0.00246109 119.193 0.852998 -0.520872 0.0329808 113.127 -0.0268644 0.0192896 0.999453 0.886676
