1 0 0 0 0 1 0 0 -0 0 1 0
0.999995 -0.00283528 -0.00148439 0.715654 0.00283405 0.999996 -0.000830739 0.00759106 0.00148674 0.000826528 0.999999 0.068866
0.999975 -0.00654475 -0.00257603 1.42302 0.00654174 0.999978 -0.00117768 0.0179374 0.00258368 0.0011608 0.999996 0.0716644
0.999935 -0.0107082 -0.00394179 2.10962 0.0107018 0.999941 -0.00164164 0.0175282 0.00395914 0.00159935 0.999991 0.0675473
0.999873 -0.0151009 -0.00512593 2.84292 0.0151019 0.999886 0.000150258 0.0491587 0.00512307 -0.00022765 0.999987 0.0730382
0.999788 -0.0200405 -0.00482668 3.57721 0.020037 0.999799 -0.000773625 0.0604394 0.00484121 0.000676749 0.999988 0.0786923
0.999674 -0.0247894 -0.00608835 4.36543 0.0247927 0.999692 0.000479734 0.0775179 0.00607459 -0.000630524 0.999981 0.094725
0.999535 -0.0297884 -0.00656953 5.14267 0.0298108 0.99955 0.00334418 0.111337 0.00646695 -0.00353847 0.999973 0.104725
0.999405 -0.0339971 -0.00581496 5.91115 0.0340262 0.999408 0.00499027 0.144438 0.00564186 -0.00518516 0.999971 0.101877
0.999259 -0.0383148 -0.00356476 6.73352 0.0383337 0.99925 0.00539972 0.169577 0.0033552 -0.00553237 0.999979 0.11937
0.999118 -0.0419458 -0.00193402 7.55462 0.0419537 0.99911 0.00425428 0.200798 0.00175385 -0.00433167 0.999989 0.133072
0.999009 -0.0444606 -0.00184437 8.3533 0.0444687 0.999 0.00462043 0.267341 0.0016371 -0.00469787 0.999988 0.135736
0.998913 -0.046544 -0.00241217 9.14925 0.0465527 0.998909 0.00370952 0.306039 0.00223688 -0.00381779 0.99999 0.133053
0.998827 -0.0483504 -0.00264741 9.98906 0.0483572 0.998827 0.00256471 0.349055 0.0025203 -0.00268972 0.999993 0.157457
0.998738 -0.0501978 -0.00174552 10.8699 0.0502022 0.998736 0.0025744 0.40881 0.00161408 -0.00265878 0.999995 0.152543
0.998652 -0.0518632 -0.00190616 11.7211 0.051862 0.998654 -0.000688485 0.438745 0.00193931 0.000588699 0.999998 0.166048
0.998576 -0.053116 -0.00490728 12.6 0.0531303 0.998584 0.00283699 0.514048 0.00474964 -0.00309367 0.999984 0.185358
0.998467 -0.0549195 -0.00685322 13.4345 0.0549386 0.998486 0.00263549 0.552491 0.0066981 -0.00300796 0.999973 0.191585
0.998358 -0.0565958 -0.00880533 14.3159 0.0566549 0.998372 0.00662435 0.608981 0.00841608 -0.00711234 0.999939 0.196519
0.998286 -0.0578586 -0.00881934 15.2241 0.0579286 0.998289 0.00790966 0.677189 0.00834661 -0.00840699 0.99993 0.206341
0.998236 -0.0589002 -0.00743529 16.1287 0.0589605 0.998227 0.0081802 0.725704 0.00694029 -0.00860416 0.999939 0.224264
0.998168 -0.0601754 -0.00626655 17.0308 0.0602205 0.998158 0.00728791 0.790756 0.00581645 -0.00765194 0.999954 0.241983
0.998087 -0.0615105 -0.0061969 17.9327 0.0615572 0.998074 0.00765206 0.856815 0.00571429 -0.00801889 0.999952 0.258729
0.99798 -0.0632072 -0.00643546 18.8085 0.0632539 0.997971 0.00731835 0.899589 0.00595982 -0.00771063 0.999953 0.259827
0.997907 -0.0642407 -0.007348 19.7405 0.0642865 0.997912 0.00618233 0.957306 0.0069355 -0.00664177 0.999954 0.284407
0.997848 -0.0653273 -0.0057023 20.6652 0.0653584 0.997847 0.00543857 1.00842 0.00533473 -0.00579956 0.999969 0.290715
0.997878 -0.0650776 -0.00202618 21.602 0.0650892 0.99786 0.00626647 1.0648 0.00161403 -0.00638505 0.999978 0.281851
0.997954 -0.063917 0.00178233 22.5549 0.0639045 0.997936 0.00638634 1.15075 -0.00218685 -0.00625937 0.999978 0.270101
0.998049 -0.0622549 0.00473905 23.495 0.0622263 0.998044 0.00595846 1.19551 -0.00510072 -0.00565194 0.999971 0.277301
0.998154 -0.0604788 0.00555506 24.4464 0.0604474 0.998155 0.00565574 1.25989 -0.00588687 -0.00530951 0.999969 0.272896
0.998249 -0.0590841 0.00279461 25.3562 0.0590669 0.998237 0.00588981 1.31662 -0.00313768 -0.00571443 0.999979 0.271417
0.998304 -0.0581942 -0.00126123 26.3165 0.0582045 0.998245 0.0108797 1.38499 0.000625885 -0.0109347 0.99994 0.305095
0.998348 -0.0572765 -0.00443617 27.2664 0.0573184 0.998306 0.00998071 1.44478 0.003857 -0.0102185 0.99994 0.301479
0.998386 -0.0566803 -0.0035788 28.2165 0.0567045 0.998366 0.00707951 1.51402 0.00317169 -0.00727102 0.999969 0.315641
0.99839 -0.0567001 0.00152662 29.2337 0.0566982 0.998391 0.00125497 1.55719 -0.00159532 -0.00116639 0.999998 0.290539
0.998331 -0.0574751 0.00560542 30.1761 0.0574901 0.998343 -0.00254736 1.6177 -0.00544972 0.00286536 0.999981 0.302388
0.998275 -0.0585309 0.00461657 31.1866 0.0585743 0.998234 -0.00990946 1.65531 -0.0040284 0.0101628 0.99994 0.305236
0.998209 -0.0597928 0.00162488 32.1518 0.059805 0.99817 -0.00894543 1.70923 -0.00108704 0.00902659 0.999959 0.320894
0.99813 -0.0610981 -0.00210713 33.1193 0.0610796 0.998101 -0.0079729 1.78691 0.00259026 0.00782929 0.999966 0.331245
0.997988 -0.0633213 -0.00315493 34.126 0.0633044 0.997981 -0.00518465 1.84963 0.00347686 0.0049745 0.999982 0.332518
0.997938 -0.0641684 -0.00172678 35.1296 0.0641502 0.997899 -0.00905559 1.90408 0.00230424 0.00892614 0.999958 0.347991
0.997883 -0.0650352 0.000668903 36.126 0.0650383 0.997858 -0.00708735 1.99726 -0.000206543 0.00711584 0.999975 0.343274
0.997792 -0.0664003 0.00151858 37.1231 0.0664059 0.997785 -0.00396825 2.06571 -0.00125172 0.00406033 0.999991 0.352837
0.997704 -0.0675754 0.00440363 38.1242 0.0675982 0.997699 -0.00524173 2.15173 -0.00403929 0.00552738 0.999977 0.343377
0.997695 -0.0674424 0.00752641 39.1109 0.0674807 0.997708 -0.00494834 2.20429 -0.00717544 0.00544482 0.999959 0.364125
0.997649 -0.0678146 0.00985593 40.1429 0.0678553 0.997688 -0.0038504 2.29307 -0.00957202 0.00451012 0.999944 0.361994
0.997638 -0.0680852 0.00911992 41.1234 0.0680967 0.997678 -0.000957863 2.36937 -0.00903353 0.00157664 0.999958 0.36799
0.99765 -0.0681125 0.00747351 42.1216 0.0681116 0.997678 0.000377561 2.42296 -0.00748187 0.000132359 0.999972 0.383443
0.99767 -0.0680752 0.00453467 43.1411 0.0680579 0.997674 0.00386282 2.51758 -0.00478709 -0.0035452 0.999982 0.381517
0.997615 -0.0688366 0.00506473 44.1221 0.0688147 0.99762 0.00438225 2.57082 -0.00535434 -0.00402327 0.999978 0.399795
0.997522 -0.0700823 0.00621686 45.0569 0.0700698 0.99754 0.00220407 2.64662 -0.00635603 -0.00176299 0.999978 0.418996
0.997463 -0.0708281 0.00709845 46.1218 0.0708171 0.997488 0.00179021 2.71542 -0.00720742 -0.00128298 0.999973 0.413761
0.997437 -0.0714004 0.00467401 47.0598 0.071392 0.997446 0.00194227 2.78972 -0.00480075 -0.0016036 0.999987 0.425855
0.997377 -0.0723633 -0.00142888 48.0385 0.0723739 0.997328 0.00989834 2.86821 0.000708785 -0.0099758 0.99995 0.437997
0.997385 -0.0722622 -0.000981154 48.9899 0.0722685 0.997331 0.010367 2.95884 0.000229393 -0.0104108 0.999946 0.460564
0.997363 -0.0725701 0.00127359 49.9895 0.072557 0.997329 0.00834116 3.03345 -0.00187551 -0.00822675 0.999964 0.445831
0.997351 -0.0725568 0.00520071 50.9443 0.0725427 0.997361 0.00284642 3.10269 -0.00539351 -0.00246161 0.999982 0.468736
0.997325 -0.0728507 0.00601839 51.8956 0.072839 0.997341 0.00213969 3.1798 -0.00615826 -0.00169559 0.99998 0.460874
0.997317 -0.0730565 0.00473301 52.8921 0.0730576 0.997328 -7.33955e-05 3.23509 -0.004715 0.000418981 0.999989 0.481579
0.997271 -0.073734 0.00364107 53.8416 0.0737492 0.997268 -0.00423249 3.30311 -0.00331905 0.00448946 0.999984 0.490156
0.997201 -0.0746372 0.00434707 54.7765 0.0746557 0.9972 -0.00425282 3.36448 -0.00401748 0.00456545 0.999982 0.485117
0.997128 -0.0753014 0.00813445 55.7726 0.0753569 0.997134 -0.00674579 3.44792 -0.00760316 0.0073394 0.999944 0.492117
0.99701 -0.0761316 0.0132602 56.6976 0.076238 0.99706 -0.00770976 3.51914 -0.0126343 0.00869764 0.999882 0.49309
0.996924 -0.0766612 0.016269 57.6413 0.0767704 0.99703 -0.00619162 3.61531 -0.015746 0.00742155 0.999848 0.487311
0.996882 -0.0778778 0.0126888 58.5776 0.07794 0.996948 -0.00447898 3.68794 -0.0123013 0.00545398 0.999909 0.503764
0.996863 -0.0789876 0.00495713 59.5127 0.0789983 0.996873 -0.0019969 3.7584 -0.0047839 0.00238224 0.999986 0.507049
0.996826 -0.0796057 0.000212009 60.4142 0.0796059 0.996818 -0.0041363 3.84981 0.000117939 0.00414005 0.999991 0.502852
0.996743 -0.080639 0.000783862 61.3265 0.0806389 0.996743 0.000169054 3.93712 -0.000794941 -0.000105294 1 0.495762
0.99663 -0.081988 0.00265073 62.2496 0.0819795 0.996629 0.00317262 4.01117 -0.00290191 -0.00294462 0.999991 0.505186
0.996528 -0.0831531 0.00414978 63.1142 0.0831366 0.99653 0.00400463 4.09482 -0.00446838 -0.00364573 0.999983 0.516298
0.996449 -0.0841226 0.00362164 63.9816 0.0841063 0.996447 0.00444175 4.16084 -0.00398242 -0.00412137 0.999984 0.535731
0.996294 -0.0859188 0.00413089 64.8767 0.0858878 0.996279 0.00718359 4.25544 -0.00473272 -0.00680217 0.999966 0.548727
0.996218 -0.0867694 0.0045151 65.6751 0.0867383 0.996209 0.00669379 4.3316 -0.0050788 -0.00627684 0.999967 0.548727
0.996067 -0.0884614 0.00494105 66.4928 0.088426 0.996058 0.00696764 4.39243 -0.00553794 -0.00650332 0.999964 0.554267
0.995931 -0.0899651 0.0052749 67.2878 0.0899179 0.995912 0.00858882 4.47456 -0.00602603 -0.00807956 0.999949 0.576356
0.995772 -0.0914493 0.00862957 68.0741 0.0913646 0.99577 0.00974636 4.54341 -0.00948436 -0.00891672 0.999915 0.55225
0.99566 -0.0922383 0.0123406 68.8583 0.0920599 0.995651 0.0143165 4.62573 -0.0136075 -0.0131183 0.999821 0.563529
0.995506 -0.0937083 0.0136484 69.6762 0.0935148 0.995517 0.0141862 4.70648 -0.0149166 -0.0128461 0.999806 0.55837
0.995401 -0.0951902 0.0107392 70.4048 0.0950116 0.995346 0.0160695 4.80236 -0.0122189 -0.0149752 0.999813 0.56602
0.995329 -0.0965115 0.00231718 71.1434 0.0964423 0.995118 0.0209396 4.87419 -0.00432678 -0.0206183 0.999778 0.585455
0.995208 -0.097751 -0.00236576 71.8646 0.0977776 0.995053 0.0175887 4.9491 0.000634744 -0.0177357 0.999843 0.597143
0.99514 -0.0983768 -0.00435703 72.5454 0.0984426 0.994959 0.0191153 5.02117 0.00245457 -0.0194513 0.999808 0.598321
0.995054 -0.0993262 -0.00131175 73.2527 0.0993319 0.994835 0.0208699 5.10703 -0.000767955 -0.020897 0.999781 0.611983
0.994988 -0.0999885 0.000991173 73.8592 0.0999456 0.99477 0.0210557 5.16449 -0.00309132 -0.0208511 0.999778 0.620667
0.994863 -0.101211 -0.00177649 74.5298 0.101226 0.994664 0.0199209 5.23483 -0.000249202 -0.0199984 0.9998 0.638108
0.994843 -0.101251 -0.00593273 75.1266 0.101313 0.99479 0.011366 5.28567 0.004751 -0.0119084 0.999918 0.640729
0.994951 -0.0998299 -0.0103229 75.7114 0.0999349 0.994942 0.0102184 5.34706 0.00925061 -0.0111985 0.999895 0.671903
0.995213 -0.0971683 -0.0104587 76.3044 0.0972652 0.995216 0.00919973 5.41187 0.00951476 -0.010173 0.999903 0.671763
0.995646 -0.0928221 -0.0085915 76.899 0.0929353 0.995575 0.013882 5.46461 0.00726493 -0.01462 0.999867 0.669684
0.996113 -0.0879379 -0.00504152 77.426 0.0879939 0.996046 0.0122522 5.51391 0.00394415 -0.0126482 0.999912 0.681257
0.996562 -0.0828438 -0.000711912 77.9904 0.0828468 0.996518 0.00944842 5.57166 -7.33105e-05 -0.00947492 0.999955 0.720035
0.997199 -0.074724 0.00337728 78.4924 0.0747091 0.997196 0.00435737 5.5797 -0.00369341 -0.00409285 0.999985 0.724074
0.997932 -0.0642107 0.00285562 79.0322 0.0641906 0.997916 0.00662914 5.62885 -0.00327533 -0.00643213 0.999974 0.731913
0.998786 -0.04919 0.00258086 79.5052 0.0491536 0.998711 0.0126528 5.67128 -0.00319992 -0.0125105 0.999917 0.748892
0.999512 -0.0311189 0.00272594 80.0244 0.031068 0.999371 0.0170717 5.69168 -0.00325548 -0.0169787 0.999851 0.732558
0.999954 -0.00894039 0.00350302 80.4733 0.00888005 0.999818 0.0168763 5.69798 -0.00365327 -0.0168444 0.999851 0.752522
0.999834 0.0174801 0.00521585 80.962 -0.017545 0.999766 0.0126651 5.6841 -0.00499324 -0.0127545 0.999906 0.768153
0.998893 0.0466996 0.00562891 81.4089 -0.0467658 0.998831 0.0122573 5.63902 -0.00504991 -0.012507 0.999909 0.754876
0.996797 0.0794969 0.00869222 81.8736 -0.0795956 0.996759 0.0116701 5.58847 -0.00773632 -0.0123246 0.999894 0.764052
0.993098 0.11682 0.0104875 82.3375 -0.116943 0.993066 0.0120203 5.5266 -0.00901061 -0.0131637 0.999873 0.765085
0.98728 0.158574 0.011473 82.7488 -0.158707 0.987255 0.0118439 5.46521 -0.00944864 -0.0135141 0.999864 0.778705
0.978912 0.203931 0.0119519 83.1663 -0.204071 0.978883 0.0119742 5.36561 -0.00925759 -0.0141608 0.999857 0.775066
0.967517 0.252567 0.0110138 83.5735 -0.252703 0.96745 0.0134566 5.22557 -0.00725657 -0.0158027 0.999849 0.766318
0.95223 0.30521 0.0102449 83.942 -0.305332 0.952143 0.0140008 5.1092 -0.00548145 -0.0164601 0.999849 0.78752
0.932679 0.36058 0.00956396 84.3307 -0.360688 0.932572 0.0146185 4.91542 -0.00364796 -0.017084 0.999847 0.789433
0.908702 0.417366 0.00811697 84.6895 -0.417443 0.908587 0.0144983 4.7426 -0.00132388 -0.016563 0.999862 0.792917
0.880016 0.474884 0.00756675 85.0236 -0.474944 0.87989 0.0148907 4.54289 0.000413429 -0.0166978 0.99986 0.777205
0.847047 0.531491 0.00531857 85.383 -0.531511 0.846946 0.0133694 4.26739 0.00260117 -0.0141514 0.999896 0.80343
0.810521 0.585692 0.00454391 85.6167 -0.585696 0.810425 0.0131147 4.05197 0.00399867 -0.0132911 0.999904 0.797751
0.770899 0.636933 0.00552981 85.9592 -0.63695 0.770819 0.011509 3.73368 0.00306796 -0.0123945 0.999918 0.814695
0.728354 0.685137 0.00939234 86.214 -0.685201 0.728271 0.0109931 3.49969 0.000691619 -0.0144425 0.999895 0.81131
0.683359 0.73001 0.0102735 86.4125 -0.730082 0.683278 0.0105864 3.20877 0.000708577 -0.0147348 0.999891 0.812858
0.636592 0.771169 0.0069844 86.6673 -0.771198 0.636538 0.0085826 2.8428 0.0021728 -0.01085 0.999939 0.836582
0.590045 0.807364 0.00321364 86.8312 -0.807367 0.590027 0.00521227 2.57092 0.00231206 -0.00567007 0.999981 0.857486
0.543201 0.83959 0.0045917 87.0468 -0.839597 0.543169 0.00672525 2.19773 0.00315239 -0.00750834 0.999967 0.852198
0.496147 0.868203 0.00784161 87.172 -0.868228 0.496076 0.00942037 1.90518 0.00428876 -0.0114822 0.999925 0.837715
0.450835 0.892567 0.00853375 87.3383 -0.892585 0.450736 0.0113291 1.5518 0.00626547 -0.0127246 0.999899 0.84892
0.407689 0.913118 0.00218456 87.5144 -0.913094 0.407658 0.00858466 1.19287 0.00694826 -0.00549458 0.999961 0.826796
0.368407 0.929625 -0.00858735 87.5438 -0.929659 0.368421 -2.61276e-05 0.8451 0.00313947 0.00799293 0.999963 0.881085
0.332792 0.942916 -0.0125962 87.6407 -0.943 0.332759 -0.00467798 0.476978 -0.000219436 0.0134351 0.99991 0.892414
0.299234 0.95412 -0.0106732 87.7564 -0.954178 0.299238 -0.00123452 0.101334 0.00201594 0.0105535 0.999942 0.897234
0.268381 0.963312 -0.0015589 87.864 -0.963284 0.268385 0.00729631 -0.240894 0.00744701 -0.000456534 0.999972 0.874334
0.240362 0.970681 0.00212263 87.979 -0.970621 0.240322 0.0118378 -0.619005 0.0109806 -0.00490562 0.999928 0.873479
0.21412 0.976806 0.00161503 88.0567 -0.976729 0.214082 0.0130514 -1.00744 0.0124029 -0.00437202 0.999914 0.893271
0.190755 0.981619 -0.00597737 88.1354 -0.981517 0.190824 0.0144943 -1.42712 0.0153685 0.00310203 0.999877 0.897368
0.16979 0.985392 -0.0132298 88.1768 -0.985264 0.170018 0.0186734 -1.8151 0.0206499 0.00986425 0.999738 0.912054
0.150065 0.988547 -0.0159662 88.209 -0.988279 0.150443 0.0258982 -2.2392 0.0280035 0.0118927 0.999537 0.893423
0.132588 0.991109 -0.0111169 88.2761 -0.990772 0.132844 0.0268833 -2.71551 0.0281211 0.00744992 0.999577 0.904675
0.116821 0.993107 -0.00954699 88.3597 -0.992878 0.117009 0.0224228 -3.14793 0.0233853 0.00685955 0.999703 0.913429
0.102144 0.994723 -0.00966314 88.3864 -0.994573 0.102312 0.0188886 -3.61138 0.0197775 0.00768135 0.999775 0.943936
0.0888188 0.99595 -0.0139433 88.4369 -0.995889 0.0890456 0.0165921 -4.12528 0.0177665 0.0124123 0.999765 0.961936
0.0769675 0.996854 -0.0189049 88.4849 -0.996882 0.0772729 0.0159963 -4.60097 0.0174069 0.0176147 0.999693 0.967929
0.0668408 0.997517 -0.0221994 88.4908 -0.997597 0.0672202 0.0168052 -5.09352 0.0182557 0.0210228 0.999612 0.973126
0.0587817 0.998011 -0.0227651 88.5376 -0.998108 0.0591689 0.0167237 -5.61047 0.0180374 0.021739 0.999601 0.987306
0.0527145 0.998292 -0.0251932 88.5645 -0.998444 0.0531488 0.0168927 -6.18095 0.0182028 0.0242635 0.99954 0.992385
0.0467053 0.998636 -0.0233444 88.5659 -0.998729 0.0471278 0.0178873 -6.74581 0.0189631 0.0224793 0.999567 1.00649
0.041286 0.998815 -0.0257522 88.6125 -0.998957 0.0417671 0.0184326 -7.31344 0.0194864 0.0249644 0.999498 1.01585
0.0368233 0.998969 -0.0265495 88.627 -0.999131 0.0373217 0.0185304 -7.94577 0.0195022 0.0258441 0.999476 1.02754
0.0341661 0.999062 -0.0265965 88.6307 -0.999233 0.0346568 0.0182145 -8.55932 0.0191191 0.0259538 0.99948 1.05698
0.0303614 0.999131 -0.0285463 88.6437 -0.999363 0.030879 0.017869 -9.19869 0.018735 0.0279856 0.999433 1.07865
0.0284317 0.999106 -0.0312997 88.6762 -0.99942 0.0290003 0.0178638 -9.88734 0.0187556 0.0307737 0.99935 1.08042
0.0274418 0.998959 -0.0364372 88.6757 -0.999454 0.0280909 0.0174239 -10.5603 0.0184293 0.0359391 0.999184 1.10695
0.0292062 0.998797 -0.039402 88.6861 -0.999411 0.0298899 0.0168782 -11.2326 0.0180356 0.0388858 0.999081 1.12433
0.0307553 0.998675 -0.0412673 88.7308 -0.999363 0.0314712 0.0168127 -11.9307 0.0180891 0.0407239 0.999007 1.13836
0.0341186 0.998462 -0.0436921 88.7536 -0.999246 0.0348916 0.017054 -12.646 0.0185522 0.0430772 0.998899 1.15777
0.0384937 0.998368 -0.0421867 88.7996 -0.999096 0.0392152 0.0164087 -13.4441 0.0180363 0.041517 0.998975 1.18073
0.0429976 0.997884 -0.0487646 88.8138 -0.998931 0.0437683 0.0148474 -14.1705 0.0169504 0.0480741 0.9987 1.1788
0.0472114 0.997709 -0.0484538 88.8368 -0.998761 0.0479148 0.0134585 -14.9398 0.0157493 0.0477584 0.998735 1.19486
0.0511582 0.997611 -0.0464238 88.8968 -0.998596 0.0517394 0.011404 -15.7338 0.0137786 0.0457752 0.998857 1.18502
0.0555962 0.997393 -0.0459946 88.9559 -0.998369 0.0561308 0.0104143 -16.5035 0.0129688 0.0453406 0.998887 1.19574
0.0596278 0.997411 -0.0402067 89.0046 -0.998128 0.060123 0.01122 -17.3256 0.0136083 0.0394625 0.999128 1.22066
0.0623809 0.997313 -0.0384024 89.0661 -0.997888 0.0630234 0.0157528 -18.1457 0.0181307 0.0373386 0.999138 1.24742
0.0638856 0.997441 -0.0320939 89.1304 -0.997717 0.0645424 0.0198627 -18.9541 0.0218833 0.0307517 0.999287 1.2764
0.0642159 0.997531 -0.0284364 89.1832 -0.997632 0.0648738 0.0228483 -19.7888 0.0246367 0.0269019 0.999334 1.3086
0.0646557 0.997493 -0.0287795 89.2249 -0.997625 0.0652964 0.0219084 -20.5673 0.0237327 0.0272947 0.999346 1.32218
0.0639167 0.997627 -0.025599 89.3126 -0.997711 0.0644474 0.0204691 -21.387 0.0220703 0.0242321 0.999463 1.35623
0.0640272 0.997602 -0.0262893 89.3612 -0.99773 0.0645415 0.0192048 -22.1904 0.0208555 0.025 0.99947 1.38828
0.0639064 0.997714 -0.0219666 89.412 -0.997747 0.0643274 0.0190271 -23.0385 0.0203966 0.0207011 0.999578 1.40495
0.0643376 0.997709 -0.0209116 89.4596 -0.997736 0.0647224 0.018278 -23.8562 0.0195896 0.0196883 0.999614 1.44202
0.0650387 0.997666 -0.0208039 89.5176 -0.997661 0.0654494 0.0197089 -24.6878 0.0210245 0.0194734 0.999589 1.45657
0.0639058 0.997729 -0.0212975 89.6098 -0.997704 0.0643545 0.0210932 -25.48 0.0224159 0.0199006 0.999551 1.50968
0.0610418 0.998014 -0.015524 89.6604 -0.9979 0.0613575 0.0207453 -26.334 0.0216567 0.0142251 0.999664 1.52796
0.0573358 0.998255 -0.0141355 89.7051 -0.998145 0.0576083 0.0196931 -27.1229 0.020473 0.0129801 0.999706 1.54494
0.0527729 0.998519 -0.0132235 89.7586 -0.99843 0.0530078 0.0180914 -27.9694 0.0187656 0.012248 0.999749 1.57753
0.0466086 0.99889 -0.00687687 89.7948 -0.998778 0.0467146 0.0161462 -28.7681 0.0164495 0.00611591 0.999846 1.58691
0.0391605 0.999196 -0.00864381 89.8588 -0.999096 0.0392969 0.0162219 -29.617 0.0165485 0.00800073 0.999831 1.63131
0.0303618 0.999486 -0.0102834 89.8816 -0.999388 0.0305342 0.0170408 -30.3852 0.0173461 0.00975976 0.999802 1.64557
0.0196463 0.999748 -0.0108287 89.914 -0.999648 0.0198353 0.0176343 -31.2306 0.0178446 0.0104785 0.999786 1.66648
0.0112044 0.999871 -0.0115271 89.9143 -0.999788 0.0114014 0.0171729 -32.0362 0.0173021 0.0113323 0.999786 1.69569
-0.00117161 0.999937 -0.0111814 89.9242 -0.999877 -0.00099616 0.0156839 -32.8024 0.0156718 0.0111984 0.999814 1.71886
-0.0114596 0.999875 -0.0108826 89.8964 -0.999825 -0.0112965 0.0149344 -33.6157 0.0148096 0.0110518 0.999829 1.73167
-0.0228137 0.999685 -0.0105009 89.8942 -0.999625 -0.0226506 0.0153966 -34.3665 0.0151539 0.0108482 0.999826 1.76012
-0.0334435 0.999387 -0.0103301 89.8558 -0.999331 -0.0332847 0.0151855 -35.1928 0.0148324 0.0108311 0.999831 1.76586
-0.0442078 0.998962 -0.0109405 89.8411 -0.998893 -0.0440235 0.016549 -35.9614 0.0160502 0.01166 0.999803 1.79582
-0.0540442 0.998482 -0.0106606 89.803 -0.998395 -0.0538521 0.0175481 -36.7166 0.0169473 0.0115919 0.999789 1.81513
-0.0648133 0.997839 -0.0107602 89.7556 -0.997748 -0.0646133 0.0180029 -37.431 0.0172687 0.0119028 0.99978 1.82525
-0.0743859 0.997147 -0.0128492 89.7289 -0.997071 -0.0741383 0.0187768 -38.2367 0.0177706 0.0142083 0.999741 1.85903
-0.0828564 0.996521 -0.00903776 89.6162 -0.996408 -0.0826811 0.0182917 -38.9346 0.0174808 0.0105209 0.999792 1.87077
-0.0918005 0.99571 -0.0116221 89.5525 -0.995633 -0.0915825 0.0180724 -39.7112 0.0169305 0.0132304 0.999769 1.88908
-0.0996355 0.994918 -0.014544 89.4878 -0.994903 -0.0993853 0.017019 -40.4752 0.015487 0.0161656 0.999749 1.90912
-0.105479 0.994271 -0.0172782 89.4098 -0.994333 -0.105222 0.0152034 -41.1895 0.0132983 0.0187839 0.999735 1.93353
-0.109316 0.993827 -0.0189185 89.3283 -0.993944 -0.109075 0.0133618 -41.8874 0.0112158 0.0202645 0.999732 1.94967
-0.110849 0.993522 -0.0250405 89.2533 -0.993795 -0.110578 0.0119697 -42.558 0.0091232 0.026212 0.999615 1.9539
-0.113604 0.993166 -0.0267323 89.1803 -0.993487 -0.113318 0.0119554 -43.2699 0.00884439 0.0279163 0.999571 1.96043
-0.114516 0.993079 -0.0260958 89.099 -0.99338 -0.114232 0.0121351 -43.9774 0.00907008 0.0273128 0.999586 1.97615
-0.11379 0.99321 -0.0241983 89.0276 -0.993455 -0.113506 0.0127793 -44.6126 0.00994587 0.0254941 0.999625 1.99192
-0.109994 0.993621 -0.0248675 88.9421 -0.993866 -0.109662 0.0143344 -45.2138 0.011516 0.0262917 0.999588 2.01156
-0.105739 0.993993 -0.0282283 88.9126 -0.994316 -0.105333 0.0154804 -45.8362 0.012414 0.0297048 0.999482 2.02135
-0.0968514 0.994957 -0.0260824 88.8375 -0.995215 -0.0964698 0.015514 -46.4275 0.0129196 0.0274602 0.999539 2.04133
-0.0867542 0.995911 -0.0252046 88.8083 -0.996134 -0.0863677 0.0160406 -47.0244 0.0137981 0.0264988 0.999554 2.03428
-0.0727394 0.997025 -0.0255062 88.771 -0.997235 -0.0723168 0.0171157 -47.6198 0.0152202 0.0266807 0.999528 2.06991
-0.0568148 0.998115 -0.0232269 88.7718 -0.998247 -0.056405 0.0179338 -48.0953 0.0165899 0.0242051 0.999569 2.09575
-0.0351476 0.999134 -0.0222831 88.7415 -0.99918 -0.0346833 0.0208944 -48.6884 0.0201034 0.0229992 0.999533 2.11337
-0.0112608 0.999726 -0.020533 88.7481 -0.999652 -0.0107651 0.0240955 -49.2064 0.0238679 0.0207972 0.999499 2.13664
0.0174599 0.99966 -0.0193872 88.7671 -0.999506 0.0179577 0.0258058 -49.7222 0.0261451 0.018927 0.999479 2.17399
0.0499607 0.998567 -0.0191832 88.7979 -0.998385 0.0504531 0.0261029 -50.2239 0.0270334 0.0178481 0.999475 2.18496
0.0873062 0.995979 -0.0201019 88.877 -0.995831 0.0877933 0.0247748 -50.7511 0.02644 0.0178551 0.999491 2.18821
0.129728 0.991333 -0.0207175 88.9864 -0.991273 0.130157 0.020883 -51.2348 0.0233986 0.0178275 0.999567 2.21934
0.17419 0.984545 -0.0181218 89.094 -0.984496 0.174508 0.0177369 -51.7809 0.0206251 0.0147512 0.999678 2.22967
0.222675 0.974812 -0.0125531 89.2386 -0.974753 0.222842 0.0140529 -52.2631 0.0164963 0.00910699 0.999822 2.25544
0.274203 0.961622 -0.00974364 89.3535 -0.961562 0.274311 0.0123184 -52.7497 0.0145185 0.00599136 0.999877 2.28546
0.327596 0.944778 -0.00872882 89.5812 -0.944705 0.327685 0.0124658 -53.1867 0.0146377 0.00416241 0.999884 2.28829
0.384667 0.92298 -0.0117891 89.7735 -0.922901 0.384805 0.0133491 -53.6524 0.0168575 0.00574523 0.999841 2.32491
0.44473 0.895477 -0.0183172 89.9802 -0.895354 0.445022 0.01722 -54.0511 0.0235716 0.00874211 0.999684 2.34451
0.503172 0.863893 -0.0225169 90.2601 -0.863696 0.503593 0.0205606 -54.4531 0.0291015 0.00910222 0.999535 2.35319
0.561621 0.827082 -0.0227432 90.5392 -0.826684 0.562065 0.0259877 -54.8329 0.0342771 0.00420623 0.999404 2.37885
0.616704 0.78687 -0.0226189 90.8571 -0.786383 0.617118 0.0277149 -55.1732 0.0357666 0.000695223 0.99936 2.38961
0.669604 0.742287 -0.025289 91.1737 -0.741709 0.670081 0.0293195 -55.4965 0.0387092 -0.000875397 0.99925 2.39998
0.719063 0.69441 -0.0272537 91.5299 -0.693867 0.719579 0.0274739 -55.7973 0.0386894 -0.000845035 0.999251 2.42084
0.764364 0.644318 -0.0245237 91.9344 -0.643867 0.764753 0.0242575 -56.0988 0.0343841 -0.00275159 0.999405 2.45888
0.80593 0.591616 -0.0216152 92.3316 -0.591268 0.806211 0.020643 -56.3407 0.0296391 -0.00385646 0.999553 2.47344
0.843089 0.537534 -0.0160274 92.6853 -0.537285 0.84322 0.0174606 -56.559 0.0229003 -0.00610957 0.999719 2.49392
0.874928 0.48414 -0.0104566 93.1358 -0.483984 0.874958 0.0144253 -56.7951 0.0161329 -0.00756027 0.999841 2.48737
0.900788 0.43423 -0.00509139 93.5508 -0.434137 0.900749 0.0132547 -56.915 0.0103417 -0.00972935 0.999899 2.51223
0.921714 0.387863 -0.00238518 93.9954 -0.38778 0.921615 0.0158871 -57.107 0.00836022 -0.0137184 0.999871 2.53473
0.937592 0.347732 0.00160796 94.474 -0.347694 0.937397 0.0199159 -57.2513 0.00541812 -0.0192321 0.9998 2.51559
0.949868 0.312652 0.000245091 94.9209 -0.312557 0.949558 0.0254709 -57.3694 0.0077308 -0.0242706 0.999676 2.55098
0.959667 0.281138 2.20853e-05 95.4239 -0.281025 0.959281 0.0283779 -57.4958 0.00795692 -0.0272396 0.999597 2.51663
0.965649 0.259847 -0.00111741 95.8557 -0.259754 0.965403 0.0229307 -57.5874 0.00703722 -0.0218528 0.999736 2.56308
0.969741 0.244127 -0.00219931 96.3277 -0.244041 0.969573 0.0193055 -57.7161 0.00684539 -0.0181846 0.999811 2.55112
0.97293 0.231095 -0.00144045 96.8373 -0.231 0.972675 0.0232926 -57.8326 0.00678389 -0.0223293 0.999728 2.56164
0.975169 0.221461 -0.000960158 97.3828 -0.221353 0.974813 0.0272453 -57.9436 0.00696975 -0.0263563 0.999628 2.55388
0.976552 0.215276 -0.00152795 97.8966 -0.215111 0.976039 0.0327938 -58.0222 0.00855104 -0.0316961 0.999461 2.5591
0.977131 0.212619 -0.00283481 98.4218 -0.212298 0.976233 0.0435744 -58.1305 0.0120322 -0.0419761 0.999046 2.56232
0.977379 0.211442 -0.00475497 98.9692 -0.211011 0.976414 0.0457276 -58.2176 0.0143116 -0.0436899 0.998943 2.57752
0.976851 0.213734 -0.00899936 99.5128 -0.213151 0.976035 0.0438533 -58.3481 0.0181566 -0.0409199 0.998997 2.59251
0.975721 0.218468 -0.0155032 100.048 -0.217601 0.975016 0.0446537 -58.4805 0.0248712 -0.040196 0.998882 2.60036
0.974885 0.221874 -0.019286 100.58 -0.220818 0.974234 0.0459062 -58.6257 0.0289744 -0.0404946 0.99876 2.62656
0.973812 0.22669 -0.017352 101.17 -0.225556 0.972873 0.0514083 -58.7394 0.028535 -0.0461482 0.998527 2.62787
0.97249 0.232484 -0.01465 101.793 -0.231448 0.971445 0.0522259 -58.8536 0.0263734 -0.0473985 0.998528 2.63362
0.971456 0.237008 -0.00999423 102.409 -0.236245 0.970422 0.0496861 -59.002 0.0214746 -0.0459068 0.998715 2.64889
0.970623 0.240527 -0.00617887 102.973 -0.240102 0.96993 0.0398353 -59.158 0.0155745 -0.0371815 0.999187 2.66987
0.969729 0.244183 -0.000546156 103.627 -0.243969 0.968968 0.0397457 -59.3184 0.0102344 -0.0384093 0.99921 2.65082
0.968996 0.247052 -0.00353123 104.235 -0.246858 0.968638 0.0283317 -59.4531 0.0104199 -0.0265816 0.999592 2.66903
0.968915 0.247312 -0.00634976 104.875 -0.247069 0.968639 0.0263683 -59.6485 0.0126718 -0.0239798 0.999632 2.69716
0.968745 0.247635 -0.0144698 105.535 -0.247271 0.96867 0.0231321 -59.8014 0.0197448 -0.0188312 0.999628 2.69493
0.968711 0.247384 -0.0200017 106.213 -0.246812 0.968679 0.027299 -59.9594 0.0261285 -0.0215082 0.999427 2.72373
0.969371 0.244617 -0.0219507 106.886 -0.243751 0.96917 0.0359902 -60.116 0.0300777 -0.0295374 0.999111 2.7487
0.970088 0.242004 -0.0190715 107.576 -0.241315 0.969898 0.0326503 -60.2831 0.0263989 -0.0270714 0.999285 2.77321
0.970441 0.241018 -0.0124572 108.26 -0.240697 0.970331 0.0228699 -60.4436 0.0175997 -0.0191955 0.999661 2.78698
0.971234 0.238024 -0.00702281 108.998 -0.237751 0.970933 0.0276425 -60.624 0.0133983 -0.0251777 0.999593 2.79027
0.971636 0.236376 -0.00710736 109.732 -0.236078 0.971292 0.0293238 -60.7796 0.0138347 -0.0268141 0.999545 2.80108
0.972058 0.234527 -0.00999466 110.438 -0.234102 0.971674 0.0323551 -60.9554 0.0172997 -0.0291113 0.999426 2.82248
0.972916 0.230718 -0.0142405 111.179 -0.23005 0.972439 0.037946 -61.1259 0.0226029 -0.0336423 0.999178 2.88458
0.973758 0.226974 -0.0166505 111.935 -0.22624 0.973353 0.037417 -61.3076 0.0246995 -0.0326681 0.999161 2.90579
0.974698 0.222905 -0.0166399 112.707 -0.222191 0.974313 0.0366719 -61.4816 0.0243868 -0.0320468 0.999189 2.91617
0.975538 0.219339 -0.0147099 113.497 -0.218762 0.975208 0.0333568 -61.6458 0.0216617 -0.0293229 0.999335 2.93687
0.975945 0.217684 -0.0120662 114.298 -0.217212 0.9756 0.0319968 -61.8222 0.0187369 -0.0286062 0.999415 2.93862
0.976277 0.216274 -0.0103889 115.066 -0.215861 0.97592 0.0313777 -62.0054 0.0169249 -0.0283908 0.999454 2.94249
0.976414 0.215629 -0.0109749 115.867 -0.215326 0.976252 0.0237935 -62.1839 0.0158448 -0.0208691 0.999657 2.97258
0.976566 0.214975 -0.0102649 116.683 -0.214714 0.976431 0.021933 -62.3532 0.014738 -0.019215 0.999707 2.98223
0.976498 0.21526 -0.0107457 117.558 -0.214924 0.976279 0.0262092 -62.5461 0.0161326 -0.0232837 0.999599 3.00427
0.976355 0.215806 -0.0126178 118.357 -0.21533 0.976037 0.0313742 -62.6937 0.0190862 -0.0279153 0.999428 3.01608
0.97606 0.217022 -0.0144593 119.176 -0.216432 0.975693 0.0343712 -62.8762 0.0215672 -0.0304189 0.999305 3.02697
0.975594 0.219283 -0.0114796 120.01 -0.21866 0.974953 0.0406632 -63.05 0.0201088 -0.0371606 0.999107 3.06679
0.974838 0.222774 -0.00792232 120.838 -0.222182 0.973899 0.0464387 -63.221 0.0180609 -0.04351 0.99889 3.08735
0.974259 0.225283 -0.00815882 121.701 -0.224621 0.97319 0.049454 -63.3968 0.0190812 -0.0463484 0.998743 3.09685
0.973777 0.227211 -0.0115439 122.545 -0.226452 0.972898 0.0467837 -63.5889 0.0218608 -0.0429428 0.998838 3.14746
0.973524 0.228189 -0.0134317 123.413 -0.227528 0.972995 0.0388833 -63.8079 0.0219417 -0.0347977 0.999153 3.17035
0.973356 0.228855 -0.0142435 124.233 -0.228228 0.972938 0.036114 -64.0102 0.022123 -0.0319011 0.999246 3.21455
0.973062 0.230058 -0.0149657 125.079 -0.229459 0.97273 0.0338491 -64.2053 0.0223448 -0.0295033 0.999315 3.27301
0.972815 0.231266 -0.012123 125.918 -0.23074 0.972407 0.0344063 -64.4147 0.0197455 -0.0306737 0.999334 3.28721
0.972747 0.231807 -0.00534129 126.757 -0.231451 0.972118 0.0376419 -64.5974 0.013918 -0.0353798 0.999277 3.30724
0.972417 0.233246 -0.00133237 127.608 -0.233007 0.97165 0.0400596 -64.7828 0.0106383 -0.0386442 0.999196 3.29571
0.972011 0.234804 -0.0078306 128.409 -0.234312 0.971323 0.0403685 -64.9772 0.0170847 -0.0374039 0.999154 3.3404
0.971581 0.235761 -0.0211531 129.225 -0.234879 0.971303 0.0374523 -65.1566 0.0293759 -0.0314196 0.999075 3.38015
0.971375 0.23568 -0.029775 130.005 -0.234764 0.971549 0.0312729 -65.3323 0.0362983 -0.0233876 0.999067 3.44451
0.971873 0.234334 -0.023473 130.879 -0.2336 0.971861 0.0302772 -65.5521 0.0299075 -0.0239423 0.999266 3.45336
0.972325 0.233568 -0.00549676 131.724 -0.23339 0.972118 0.0227131 -65.7465 0.0106486 -0.0208017 0.999727 3.44072
0.972606 0.232316 0.00817343 132.523 -0.232421 0.972487 0.0158137 -65.9481 -0.00427479 -0.0172802 0.999842 3.44324
0.973029 0.230624 0.00522949 133.351 -0.230682 0.972727 0.0242522 -66.1464 0.000506271 -0.0248045 0.999692 3.45207
0.973372 0.229102 -0.00768773 134.131 -0.228719 0.972893 0.0341537 -66.336 0.015304 -0.0314859 0.999387 3.50684
0.973522 0.227933 -0.0173841 134.937 -0.227331 0.97332 0.0311142 -66.5203 0.0240123 -0.0263384 0.999365 3.48709
0.97387 0.226325 -0.0187897 135.74 -0.225728 0.973745 0.029455 -66.6987 0.0249628 -0.024444 0.999389 3.52335
0.974525 0.223647 -0.0168515 136.521 -0.22308 0.974332 0.0302095 -66.8654 0.0231752 -0.0256807 0.999402 3.55965
0.975322 0.219973 -0.018936 137.377 -0.219402 0.975225 0.028263 -67.0435 0.0246839 -0.0234109 0.999421 3.5997
0.976489 0.214569 -0.0207115 138.176 -0.213921 0.976401 0.0296322 -67.2313 0.0265809 -0.0245049 0.999346 3.60728
0.977216 0.21129 -0.0201101 138.988 -0.210541 0.976992 0.0340531 -67.3802 0.0268425 -0.0290433 0.999218 3.63106
0.977637 0.209407 -0.0193614 139.772 -0.208578 0.977272 0.0378819 -67.5208 0.0268541 -0.0329964 0.999095 3.66734
0.977965 0.208096 -0.0167551 140.603 -0.207314 0.977474 0.0395653 -67.6932 0.0246111 -0.0352199 0.999077 3.70335
0.978305 0.20679 -0.0125598 141.391 -0.206157 0.977717 0.0396117 -67.8709 0.0204712 -0.036163 0.999136 3.7238
0.978675 0.205024 -0.0126297 142.172 -0.204384 0.978078 0.0398808 -68.0358 0.0205293 -0.036449 0.999125 3.74213
0.97922 0.202185 -0.0157931 142.979 -0.201456 0.978725 0.0388846 -68.1924 0.023319 -0.034895 0.999119 3.76613
0.979959 0.19812 -0.0207064 143.763 -0.197318 0.979698 0.0354683 -68.3672 0.027313 -0.0306717 0.999156 3.80946
0.981282 0.19127 -0.0224063 144.552 -0.190411 0.981056 0.0356687 -68.5122 0.0288041 -0.0307346 0.999112 3.8324
0.982543 0.185205 -0.0175583 145.34 -0.184549 0.982249 0.033594 -68.6481 0.0234684 -0.0297672 0.999281 3.85135
0.983746 0.179299 -0.00973955 146.126 -0.17897 0.983458 0.0279118 -68.7666 0.014583 -0.025715 0.999563 3.88155
0.984554 0.175075 -0.00156085 146.93 -0.174938 0.984066 0.031798 -68.9242 0.007103 -0.0310338 0.999493 3.9017
0.985317 0.170711 0.00288014 147.712 -0.170717 0.984824 0.0312755 -69.0467 0.00250264 -0.031308 0.999507 3.89291
0.986141 0.1659 -0.00164126 148.54 -0.165752 0.985598 0.0335177 -69.1751 0.00717819 -0.0327811 0.999437 3.93821
0.987177 0.159235 -0.0111918 149.347 -0.158728 0.98663 0.0369664 -69.2945 0.0169285 -0.0347159 0.999254 3.96945
0.988035 0.153117 -0.0185165 150.13 -0.152434 0.98773 0.0339493 -69.4142 0.0234876 -0.0307206 0.999252 3.99287
0.989005 0.146824 -0.017656 150.93 -0.146229 0.988756 0.0312723 -69.5333 0.0220491 -0.0283467 0.999355 4.02967
0.990191 0.139061 -0.0135246 151.746 -0.138499 0.989704 0.0361052 -69.6425 0.0184062 -0.0338779 0.999256 4.03309
0.991172 0.131803 -0.0143267 152.565 -0.131099 0.990469 0.0422469 -69.7165 0.0197584 -0.0399957 0.999004 4.06406
0.992318 0.122088 -0.0200011 153.337 -0.121153 0.991714 0.0427207 -69.7981 0.025051 -0.0399693 0.998887 4.0948
0.993291 0.113319 -0.0230767 154.155 -0.112287 0.992789 0.0419635 -69.9052 0.0276656 -0.0390907 0.998853 4.13561
0.994226 0.105207 -0.0211059 154.994 -0.104267 0.99368 0.0415695 -69.977 0.0253459 -0.0391289 0.998913 4.15492
0.995191 0.0969256 -0.0141823 155.815 -0.0962258 0.9944 0.0436991 -70.0486 0.0183385 -0.0421242 0.998944 4.17714
0.995981 0.0891635 -0.00849732 156.635 -0.0886726 0.99496 0.0468217 -70.1039 0.0126293 -0.04588 0.998867 4.2071
0.996696 0.0810117 -0.00591008 157.453 -0.0806502 0.995651 0.0466353 -70.1717 0.00966238 -0.0460045 0.998894 4.22419
0.997202 0.0746387 -0.00423387 158.286 -0.0743576 0.996119 0.0471047 -70.2242 0.00773326 -0.0466581 0.998881 4.24686
0.997484 0.0704993 -0.00749882 159.119 -0.0700769 0.996456 0.0465211 -70.2715 0.0107519 -0.0458786 0.998889 4.26782
0.997765 0.0659912 -0.010476 159.931 -0.0653769 0.996561 0.0509188 -70.3281 0.0138001 -0.0501201 0.998648 4.25975
0.997917 0.0624704 -0.016117 160.752 -0.06148 0.996537 0.0559784 -70.3671 0.0195581 -0.0548709 0.998302 4.27463
0.998003 0.060026 -0.019653 161.546 -0.0588127 0.996618 0.0573861 -70.3968 0.0230312 -0.0561157 0.998159 4.29698
0.998308 0.0565804 -0.0134399 162.394 -0.05571 0.996754 0.0581154 -70.4268 0.0166844 -0.0572683 0.998219 4.34263
0.998537 0.0538074 -0.00537355 163.198 -0.0533945 0.996806 0.0593857 -70.4745 0.00855178 -0.0590119 0.998221 4.31267
0.998765 0.0495956 0.00281752 164.078 -0.0496754 0.996988 0.0595578 -70.5073 0.000144769 -0.0596243 0.998221 4.33008
0.998966 0.0454538 -3.53094e-06 164.811 -0.0453844 0.997444 0.0551875 -70.5358 0.00251201 -0.0551303 0.998476 4.32353
0.999109 0.0409207 -0.0102967 165.63 -0.0403595 0.997943 0.0498155 -70.5677 0.012314 -0.0493556 0.998705 4.3689
0.99931 0.0340102 -0.0149246 166.475 -0.033287 0.998373 0.0462854 -70.5869 0.0164745 -0.0457567 0.998817 4.38569
0.999519 0.0273518 -0.0146147 167.275 -0.0265447 0.998251 0.0528216 -70.5941 0.0160339 -0.0524083 0.998497 4.38767
0.999765 0.0197126 -0.00901724 168.103 -0.0193041 0.998874 0.0433423 -70.6211 0.00986148 -0.0431581 0.99902 4.38416
0.999917 0.0117845 -0.00519768 168.94 -0.0115969 0.999329 0.0347554 -70.6261 0.00560376 -0.0346923 0.999382 4.41624
0.999979 0.00552333 -0.00346732 169.799 -0.00538307 0.999215 0.0392357 -70.6698 0.00368131 -0.0392162 0.999224 4.39708
0.999996 -0.00118839 -0.00256151 170.644 0.00124788 0.999727 0.0233482 -70.6246 0.00253307 -0.0233513 0.999724 4.42286
0.999927 -0.00665731 -0.0101213 171.462 0.00683702 0.999818 0.0178265 -70.6198 0.0100008 -0.0178944 0.99979 4.43158
0.999731 -0.0137549 -0.0186716 172.228 0.0138876 0.999879 0.00699429 -70.607 0.0185731 -0.00725171 0.999801 4.47308
0.999531 -0.0202664 -0.0229717 173.088 0.0204471 0.999762 0.00766123 -70.6376 0.022811 -0.00812734 0.999707 4.48498
0.999507 -0.026735 -0.0164859 173.936 0.0268694 0.999607 0.00798523 -70.595 0.016266 -0.00842425 0.999832 4.50135
0.999452 -0.0327215 -0.00493397 174.831 0.0327841 0.999375 0.0131877 -70.5508 0.00449937 -0.0133423 0.999901 4.49512
0.999326 -0.0366144 0.00253732 175.654 0.0365661 0.999187 0.0170003 -70.5043 -0.00315771 -0.016896 0.999852 4.48411
0.99917 -0.0407215 0.000445652 176.533 0.0407113 0.999073 0.0140218 -70.4717 -0.00101623 -0.013992 0.999902 4.50322
0.999043 -0.0425561 -0.0101341 177.348 0.0427074 0.998972 0.0152142 -70.4236 0.00947619 -0.0156324 0.999833 4.54058
0.998764 -0.0455537 -0.0198973 178.26 0.0460147 0.998668 0.0233581 -70.3494 0.0188067 -0.0242448 0.999529 4.53649
0.998616 -0.047366 -0.0228445 179.068 0.047928 0.998545 0.0247135 -70.3256 0.0216406 -0.0257742 0.999434 4.57611
0.998647 -0.0490378 -0.0173204 179.889 0.0493638 0.998601 0.0189277 -70.2698 0.016368 -0.019757 0.999671 4.59552
0.998725 -0.0493597 -0.0105553 180.754 0.0495368 0.998624 0.0172263 -70.2186 0.00969045 -0.0177272 0.999796 4.58116
0.998736 -0.0500691 -0.00432104 181.62 0.0501286 0.99863 0.0149869 -70.1902 0.00356474 -0.0151846 0.999878 4.59822
0.998668 -0.0513433 -0.00514104 182.469 0.0514201 0.998547 0.0161305 -70.1124 0.00430537 -0.0163734 0.999857 4.6106
0.998498 -0.0530272 -0.0137583 183.231 0.0531761 0.998528 0.0106961 -70.0383 0.0131709 -0.0114116 0.999848 4.65616
0.998172 -0.0555292 -0.0238523 184.086 0.055492 0.998457 -0.00222104 -70.0371 0.0239388 0.000893376 0.999713 4.68219
0.99791 -0.0583867 -0.0276787 184.988 0.058212 0.998279 -0.00707764 -70.0005 0.0280443 0.00545162 0.999592 4.70225
0.997986 -0.0588679 -0.0236324 185.799 0.0587383 0.998255 -0.00614345 -69.9326 0.0239528 0.00474295 0.999702 4.74873
0.998088 -0.0599833 -0.0148923 186.736 0.0599896 0.998199 -2.57782e-05 -69.8637 0.014867 -0.000867652 0.999889 4.72243
0.998074 -0.0611516 -0.0104103 187.535 0.0611287 0.998127 -0.00250122 -69.802 0.0105438 0.00186003 0.999943 4.76156
0.997969 -0.0623112 -0.0131984 188.378 0.0622416 0.998045 -0.0056246 -69.7375 0.0135231 0.00479169 0.999897 4.79771
0.997869 -0.0623432 -0.0192603 189.181 0.0623288 0.998055 -0.00134495 -69.7208 0.0193067 0.000141609 0.999814 4.83829
0.997866 -0.0621247 -0.0200803 190.061 0.0621968 0.998059 0.00298337 -69.6203 0.019856 -0.00422593 0.999794 4.87082
0.997866 -0.0624359 -0.0191264 190.871 0.0626485 0.997978 0.0107252 -69.5487 0.0184181 -0.0119005 0.99976 4.85968
0.997862 -0.063783 -0.0142213 191.713 0.0639871 0.997847 0.0143919 -69.4833 0.0132727 -0.0152711 0.999795 4.89366
0.997926 -0.0632288 -0.0120572 192.59 0.0634271 0.997844 0.0168474 -69.4475 0.010966 -0.0175772 0.999785 4.90497
0.997859 -0.0641723 -0.01259 193.407 0.0644131 0.997728 0.01976 -69.3879 0.0112934 -0.0205286 0.999725 4.91751
0.99779 -0.0646159 -0.0154811 194.224 0.0649424 0.997655 0.0216115 -69.3291 0.0140484 -0.0225691 0.999647 4.9569
0.997661 -0.0649863 -0.0211735 195.001 0.0654804 0.997576 0.0235425 -69.263 0.0195922 -0.0248739 0.999499 4.97706
0.997578 -0.0665146 -0.020369 195.868 0.0670231 0.997428 0.0253871 -69.1905 0.018628 -0.0266908 0.99947 5.02453
0.997537 -0.0690336 -0.0123958 196.642 0.069334 0.997262 0.0257055 -69.153 0.0105873 -0.0265017 0.999593 4.99837
0.997432 -0.0715325 -0.00349089 197.411 0.0715972 0.997125 0.024791 -69.108 0.00170749 -0.0249773 0.999687 5.00962
