1 0 0 0 0 1 0 0 -0 0 1 0
0.998962 0.0455288 -0.00150965 0.969203 -0.0455305 0.998962 -0.00110261 -0.0092248 0.00145788 0.0011702 0.999998 0.0606866
0.99586 0.09067 -0.00642453 2.05048 -0.0906983 0.995869 -0.00426186 -0.113426 0.00601157 0.00482691 0.99997 0.0654952
0.990701 0.135689 -0.00996623 2.99493 -0.135737 0.990735 -0.00433193 -0.216249 0.00928611 0.00564443 0.999941 0.0989763
0.983203 0.182096 -0.012393 4.00362 -0.182141 0.983269 -0.00260448 -0.372361 0.0117114 0.004818 0.99992 0.0878801
0.973758 0.227223 -0.0128598 4.96429 -0.227299 0.973813 -0.00481604 -0.595248 0.0114287 0.00761268 0.999906 0.125275
0.961999 0.272672 -0.0144075 5.91492 -0.27278 0.962057 -0.00613548 -0.846316 0.0121878 0.00983241 0.999877 0.14834
0.948321 0.316789 -0.0182302 6.88301 -0.316976 0.948396 -0.0084714 -1.14077 0.0146058 0.0138121 0.999798 0.158056
0.933197 0.358774 -0.0206317 7.77404 -0.359029 0.93327 -0.0102917 -1.49079 0.0155626 0.0170116 0.999734 0.232684
0.915574 0.401553 -0.0218806 8.69064 -0.401832 0.915657 -0.0101402 -1.85171 0.0159633 0.0180764 0.999709 0.217401
0.895757 0.444022 -0.0215286 9.58453 -0.444308 0.895809 -0.010822 -2.29231 0.0144803 0.0192592 0.99971 0.254378
0.874118 0.485272 -0.0207267 10.4283 -0.485542 0.874148 -0.010704 -2.76655 0.0129238 0.0194202 0.999728 0.293767
0.849582 0.527043 -0.0208831 11.3111 -0.527318 0.8496 -0.0107491 -3.28043 0.0120771 0.0201443 0.999724 0.302519
0.823924 0.5663 -0.021317 12.0785 -0.566588 0.823928 -0.0110313 -3.8205 0.0113166 0.0211669 0.999712 0.320776
0.796546 0.604121 -0.0234991 12.8892 -0.60448 0.796515 -0.0129367 -4.37274 0.010902 0.0245094 0.99964 0.374762
0.767134 0.641004 -0.0248662 13.6781 -0.64139 0.767114 -0.0124334 -4.99463 0.0111053 0.0254871 0.999613 0.362105
0.736738 0.675625 -0.0273399 14.3519 -0.676106 0.736647 -0.0152348 -5.63543 0.00984682 0.0297088 0.99951 0.407501
0.704573 0.709108 -0.0272617 15.0349 -0.709577 0.704474 -0.0147127 -6.31229 0.00877232 0.0297104 0.99952 0.426711
0.669839 0.741942 -0.0289459 15.6993 -0.742451 0.669756 -0.0138985 -7.03553 0.0090748 0.0308007 0.999484 0.413049
0.634208 0.772473 -0.0326503 16.2941 -0.773107 0.634102 -0.0148214 -7.78144 0.00925453 0.034642 0.999357 0.460557
0.597255 0.801352 -0.0334896 16.9144 -0.802003 0.597155 -0.0140321 -8.54637 0.00875379 0.0352396 0.999341 0.474622
0.559878 0.82775 -0.036967 17.448 -0.828518 0.559808 -0.0131795 -9.28061 0.00978507 0.0380067 0.99923 0.50069
0.520845 0.852644 -0.0414564 17.9222 -0.853571 0.520847 -0.0115866 -10.0939 0.0117132 0.0414208 0.999073 0.524391
0.480962 0.875649 -0.0437528 18.4378 -0.876668 0.480969 -0.0110542 -10.9456 0.0113642 0.0436733 0.998981 0.528603
0.442666 0.895457 -0.0469514 18.8376 -0.896638 0.442581 -0.0127516 -11.7765 0.0093613 0.047743 0.998816 0.546016
0.405653 0.912606 -0.0509502 19.2649 -0.913991 0.405501 -0.0137493 -12.6585 0.00811266 0.0521455 0.998607 0.575353
0.369591 0.927729 -0.0521593 19.6346 -0.92916 0.369477 -0.0121671 -13.6142 0.00798392 0.0529612 0.998565 0.587703
0.336594 0.94019 -0.05241 19.9745 -0.941632 0.336406 -0.0126286 -14.4894 0.00575773 0.0536017 0.998546 0.597631
0.302417 0.951681 -0.0533654 20.2643 -0.953172 0.302094 -0.0142131 -15.4402 0.0025951 0.0551647 0.998474 0.598449
0.270048 0.961306 -0.0544403 20.5282 -0.962846 0.26968 -0.0141448 -16.3736 0.00108399 0.0562374 0.998417 0.619299
0.23732 0.970036 -0.0520587 20.7977 -0.971431 0.237009 -0.0121543 -17.3648 0.000548312 0.0534559 0.99857 0.63995
0.205635 0.97726 -0.0517389 20.9949 -0.978629 0.205384 -0.0101756 -18.366 0.000682095 0.0527256 0.998609 0.61981
0.174783 0.983157 -0.053412 21.196 -0.984607 0.174474 -0.0104291 -19.3217 -0.00093443 0.0544127 0.998518 0.62703
0.144586 0.987989 -0.0545273 21.3172 -0.989488 0.144206 -0.0108617 -20.3684 -0.00286807 0.0555246 0.998453 0.634432
0.113622 0.992073 -0.0536835 21.4877 -0.99351 0.113164 -0.0115145 -21.3796 -0.00534821 0.0546434 0.998492 0.639857
0.0845853 0.994962 -0.0538123 21.586 -0.996392 0.0840852 -0.011494 -22.4326 -0.00691132 0.0545904 0.998485 0.633504
0.0569032 0.996787 -0.0563688 21.6512 -0.998346 0.0563481 -0.0113894 -23.5212 -0.00817658 0.0569236 0.998345 0.628192
0.0326127 0.997626 -0.0606573 21.6862 -0.999427 0.0319998 -0.0110495 -24.6112 -0.00908222 0.0609829 0.998097 0.621427
0.00862328 0.997854 -0.0649094 21.6898 -0.999912 0.00795259 -0.010584 -25.7191 -0.0100451 0.064995 0.997835 0.607922
-0.0116687 0.997424 -0.0707771 21.71 -0.999858 -0.012498 -0.0112854 -26.8251 -0.0121409 0.0706353 0.997428 0.621613
-0.0295802 0.996739 -0.0750799 21.6446 -0.999466 -0.0305372 -0.0116296 -27.8896 -0.0138844 0.0746958 0.99711 0.602717
-0.0452835 0.995911 -0.0781686 21.615 -0.998858 -0.0463335 -0.0116705 -29.0391 -0.0152446 0.0775508 0.996872 0.59017
-0.0592836 0.994981 -0.0806126 21.526 -0.998091 -0.06048 -0.0124796 -30.1902 -0.0172924 0.0797189 0.996667 0.577175
-0.0725378 0.994048 -0.0812781 21.4565 -0.99718 -0.0738536 -0.0132974 -31.3275 -0.0192209 0.0800844 0.996603 0.568026
-0.0846207 0.99304 -0.0819202 21.3895 -0.996214 -0.0859614 -0.012974 -32.5182 -0.0199257 0.0805122 0.996554 0.560936
-0.0967526 0.99197 -0.0814467 21.2884 -0.995134 -0.0979425 -0.0107337 -33.6373 -0.0186246 0.0800119 0.99662 0.535149
-0.106776 0.990926 -0.0816347 21.1494 -0.994152 -0.107735 -0.00742267 -34.8065 -0.0161502 0.0803647 0.996635 0.521126
-0.116732 0.989735 -0.0824477 21.0422 -0.993054 -0.117549 -0.0051076 -36.0242 -0.0147468 0.0812788 0.996582 0.504614
-0.123638 0.988922 -0.0821436 20.9052 -0.992229 -0.124368 -0.0038068 -37.2205 -0.0139806 0.0810346 0.996613 0.485322
-0.129632 0.988163 -0.0820283 20.7354 -0.991467 -0.130321 -0.00308847 -38.4675 -0.013742 0.080928 0.996625 0.459258
-0.13551 0.987339 -0.0824507 20.599 -0.99069 -0.136122 -0.00182119 -39.7477 -0.0130215 0.0814363 0.996593 0.450292
-0.139693 0.986839 -0.0814549 20.4267 -0.990127 -0.140173 -0.000170595 -40.9915 -0.0115861 0.0806268 0.996677 0.425726
-0.14401 0.986223 -0.0813925 20.204 -0.989515 -0.144427 0.000772446 -42.307 -0.0109934 0.0806503 0.996682 0.421632
-0.147199 0.985736 -0.0815869 20.0355 -0.989034 -0.147691 -1.46864e-06 -43.6453 -0.0120511 0.080692 0.996666 0.407632
-0.148815 0.985423 -0.0824354 19.831 -0.988763 -0.149478 -0.00189487 -45.0163 -0.0141896 0.0812271 0.996595 0.386617
-0.151211 0.984996 -0.0831788 19.6541 -0.988388 -0.15193 -0.00234459 -46.3667 -0.0149468 0.0818585 0.996532 0.365537
-0.153424 0.984579 -0.084053 19.397 -0.988041 -0.154169 -0.0024112 -47.7635 -0.0153324 0.0826779 0.996458 0.356265
-0.15457 0.984337 -0.0847917 19.1937 -0.987865 -0.155302 -0.00206799 -49.1542 -0.0152039 0.083443 0.996397 0.308187
-0.155689 0.98405 -0.0860615 18.9842 -0.987694 -0.156389 -0.00140912 -50.6062 -0.0148457 0.084783 0.996289 0.312353
-0.155282 0.984147 -0.0856875 18.7365 -0.987772 -0.155906 -0.000595476 -52.0094 -0.0139452 0.0845472 0.996322 0.267193
-0.154587 0.984289 -0.0853099 18.5096 -0.987897 -0.15511 0.000505734 -53.5187 -0.0127346 0.0843556 0.996354 0.270559
-0.153991 0.984353 -0.0856488 18.3018 -0.987991 -0.154513 0.000538293 -55.027 -0.012704 0.0847031 0.996325 0.2522
-0.151715 0.984744 -0.085221 18.0369 -0.988339 -0.152269 -1.86456e-07 -56.5548 -0.0129767 0.0842272 0.996362 0.216585
-0.150709 0.984827 -0.0860399 17.8212 -0.988497 -0.151242 0.000335463 -58.0996 -0.0126825 0.0851007 0.996292 0.215755
-0.150747 0.984885 -0.085309 17.6313 -0.988503 -0.151193 0.0012383 -59.6409 -0.0116786 0.0845149 0.996354 0.187016
-0.149023 0.985064 -0.0862569 17.3619 -0.98877 -0.149437 0.00167393 -61.1772 -0.011241 0.0855377 0.996272 0.168874
-0.149186 0.985011 -0.0865829 17.1434 -0.988744 -0.149612 0.0015796 -62.7672 -0.0113979 0.0858439 0.996243 0.161616
-0.147312 0.985147 -0.0882341 16.8911 -0.989006 -0.147874 0.000176464 -64.4046 -0.0128737 0.0872901 0.9961 0.145716
-0.146265 0.985059 -0.09091 16.618 -0.989137 -0.14699 -0.00129991 -66.1308 -0.0146434 0.0897323 0.995858 0.101681
-0.145021 0.985125 -0.0921807 16.3742 -0.989328 -0.145701 -0.000656841 -67.7337 -0.0140779 0.0911017 0.995742 0.0827324
-0.144731 0.985146 -0.092412 16.1474 -0.98939 -0.145279 0.000803917 -69.3689 -0.0126336 0.0915479 0.995721 0.101418
-0.144734 0.985084 -0.0930647 15.9091 -0.989391 -0.145276 0.000967988 -71.0755 -0.0125665 0.0922174 0.99566 0.058614
-0.143825 0.985256 -0.0926555 15.6552 -0.989517 -0.144413 0.000364124 -72.7651 -0.0130219 0.0917366 0.995698 0.0609523
-0.143299 0.985352 -0.0924509 15.4272 -0.98959 -0.143912 4.0155e-05 -74.4817 -0.0132652 0.0914943 0.995717 0.0230787
-0.143972 0.985203 -0.0929901 15.168 -0.989483 -0.144651 -0.000570025 -76.2015 -0.0140127 0.09193 0.995667 0.018501
-0.143148 0.985212 -0.0941569 14.9184 -0.989605 -0.143812 -0.000259937 -77.9233 -0.0137969 0.0931409 0.995557 -0.00188895
-0.142771 0.985266 -0.0941631 14.6847 -0.98967 -0.143365 0.000458399 -79.6331 -0.013048 0.0932558 0.995557 -0.0200966
-0.144222 0.985099 -0.0937043 14.445 -0.98947 -0.144729 0.00140171 -81.4392 -0.0121809 0.0929198 0.995599 -0.0387349
-0.145229 0.984987 -0.0933224 14.1906 -0.989328 -0.145697 0.00181973 -83.2542 -0.0118044 0.0925907 0.995634 -0.0629272
-0.145652 0.98504 -0.0920994 13.9069 -0.989272 -0.146065 0.0022802 -85.0562 -0.0112064 0.0914435 0.995747 -0.066651
-0.147431 0.984897 -0.0907893 13.6678 -0.989002 -0.14789 0.00168525 -86.8197 -0.0117671 0.0900392 0.995869 -0.0821974
-0.147876 0.984875 -0.0902992 13.3567 -0.988933 -0.148359 0.00137055 -88.7161 -0.0120469 0.0895025 0.995914 -0.0942702
-0.148919 0.984877 -0.0885512 13.1281 -0.988767 -0.149468 0.000435992 -90.5035 -0.0128061 0.0876214 0.996072 -0.115844
-0.15053 0.984614 -0.0887441 12.8525 -0.988527 -0.151039 0.000989789 -92.3546 -0.0124293 0.0878749 0.996054 -0.123788
-0.152723 0.984436 -0.0869525 12.5742 -0.988198 -0.153173 0.00151371 -94.2201 -0.0118286 0.0861575 0.996211 -0.151083
-0.157144 0.983722 -0.0871579 12.2622 -0.987509 -0.157548 0.00226185 -96.1259 -0.0115066 0.0864246 0.996192 -0.168618
-0.161468 0.983162 -0.0855563 11.9794 -0.986804 -0.161906 0.00184066 -98.0325 -0.0120424 0.0847246 0.996332 -0.192427
-0.166276 0.982477 -0.0842076 11.6608 -0.985995 -0.16677 0.00118283 -99.9276 -0.0128812 0.083225 0.996448 -0.212801
-0.171587 0.981608 -0.0836836 11.3948 -0.985089 -0.172038 0.0018531 -101.829 -0.0125777 0.0827537 0.996491 -0.225986
-0.176122 0.980789 -0.083863 11.0624 -0.984299 -0.176483 0.00314489 -103.703 -0.0117159 0.0831001 0.996472 -0.237402
-0.181033 0.97999 -0.0827401 10.7013 -0.983423 -0.181265 0.00476205 -105.684 -0.0103312 0.0822306 0.99656 -0.24674
-0.186369 0.979163 -0.0806627 10.3788 -0.982429 -0.186565 0.00516451 -107.586 -0.00999196 0.0802079 0.996728 -0.259892
-0.191343 0.978282 -0.0796978 10.0057 -0.981468 -0.191565 0.00492178 -109.528 -0.0104524 0.0791626 0.996807 -0.280323
-0.197161 0.97735 -0.0769111 9.64399 -0.980306 -0.197445 0.00397151 -111.463 -0.0113041 0.0761795 0.99703 -0.291113
-0.201567 0.97646 -0.0767913 9.23037 -0.979403 -0.201882 0.00371536 -113.481 -0.0118749 0.0759585 0.99704 -0.305635
-0.207398 0.975198 -0.0773024 8.82896 -0.978173 -0.207765 0.0033448 -115.44 -0.0127989 0.0763088 0.997002 -0.323853
-0.213842 0.973803 -0.0773256 8.43786 -0.976796 -0.214121 0.00476035 -117.434 -0.0119214 0.0765493 0.996995 -0.324873
-0.218795 0.972764 -0.076538 7.98979 -0.975706 -0.219009 0.00568438 -119.401 -0.011233 0.0759223 0.99705 -0.347492
-0.225233 0.971267 -0.0768752 7.54102 -0.974229 -0.225498 0.00532024 -121.406 -0.0121678 0.0760923 0.997027 -0.338817
-0.231058 0.969884 -0.0770602 7.09384 -0.972862 -0.231317 0.00566525 -123.387 -0.0123307 0.0762779 0.99701 -0.359565
-0.236481 0.968678 -0.0757614 6.6318 -0.971566 -0.236683 0.00642292 -125.376 -0.0117097 0.0751261 0.997105 -0.381325
-0.241476 0.967545 -0.0744718 6.12546 -0.970335 -0.241682 0.00636649 -127.433 -0.0118387 0.0737999 0.997203 -0.39759
-0.244986 0.966534 -0.076122 5.63534 -0.969443 -0.245238 0.0061671 -129.467 -0.0127073 0.0753069 0.997079 -0.406016
-0.248988 0.965294 -0.0788152 5.10873 -0.968402 -0.249331 0.0056231 -131.445 -0.0142231 0.0777249 0.996873 -0.420175
-0.253303 0.964143 -0.079151 4.5901 -0.967284 -0.253618 0.006214 -133.505 -0.014083 0.0781356 0.996843 -0.433108
-0.25612 0.963377 -0.0794118 4.08043 -0.966547 -0.256397 0.00686055 -135.495 -0.0137517 0.0785124 0.996818 -0.453975
-0.25909 0.962649 -0.0786126 3.55529 -0.965749 -0.259399 0.00642924 -137.512 -0.014203 0.0775857 0.996885 -0.47546
-0.263284 0.961596 -0.0775594 3.00468 -0.96462 -0.263552 0.00694544 -139.604 -0.0137622 0.076644 0.996964 -0.497083
-0.267446 0.96066 -0.0748717 2.44459 -0.96348 -0.267691 0.00693594 -141.623 -0.0133794 0.0739923 0.997169 -0.510553
-0.272633 0.959179 -0.0751501 1.89911 -0.962023 -0.27287 0.00729336 -143.701 -0.0135105 0.0742845 0.997146 -0.534863
-0.276334 0.958146 -0.0748012 1.29966 -0.96097 -0.276542 0.00777065 -145.822 -0.0132403 0.0740291 0.997168 -0.544125
-0.280666 0.956898 -0.0746526 0.738342 -0.959717 -0.280848 0.00826495 -147.847 -0.0130573 0.073965 0.997175 -0.565235
-0.285874 0.955497 -0.0728159 0.0983754 -0.958177 -0.286061 0.0080716 -150 -0.0131174 0.0720781 0.997313 -0.576141
-0.289843 0.954221 -0.0738446 -0.522633 -0.95697 -0.290087 0.00764042 -152.08 -0.0141307 0.0728816 0.99724 -0.598563
-0.293827 0.952944 -0.0745949 -1.13277 -0.955746 -0.294093 0.00764247 -154.163 -0.014655 0.0735394 0.997185 -0.616062
-0.298166 0.951532 -0.075388 -1.78419 -0.954402 -0.298408 0.00829878 -156.272 -0.0145998 0.0744249 0.99712 -0.632586
-0.301424 0.950526 -0.0751269 -2.42269 -0.953388 -0.301611 0.00911296 -158.362 -0.013997 0.0743719 0.997132 -0.652136
-0.305177 0.949374 -0.0745401 -3.11277 -0.952213 -0.305247 0.0107426 -160.495 -0.0125544 0.0742564 0.99716 -0.663864
-0.30891 0.948101 -0.0753536 -3.77305 -0.951018 -0.308897 0.0121239 -162.608 -0.0117818 0.0754079 0.997083 -0.682191
-0.312481 0.946976 -0.0747785 -4.43814 -0.949855 -0.312437 0.0125909 -164.696 -0.0114403 0.0749631 0.997121 -0.693496
-0.315708 0.945968 -0.0739789 -5.16505 -0.948787 -0.315669 0.0125209 -166.881 -0.0115085 0.0741432 0.997181 -0.718591
-0.319511 0.94467 -0.0742451 -5.86632 -0.947509 -0.319482 0.0125787 -168.997 -0.0118373 0.0743669 0.997161 -0.736144
-0.322768 0.943443 -0.0757419 -6.58138 -0.946402 -0.322723 0.0131604 -171.128 -0.0120276 0.07593 0.997041 -0.746064
-0.32723 0.941676 -0.0785308 -7.28134 -0.944859 -0.327184 0.0138192 -173.267 -0.0126809 0.0787227 0.996816 -0.761446
-0.329823 0.940704 -0.0793244 -8.02587 -0.943947 -0.329823 0.0134756 -175.389 -0.0134864 0.0793225 0.996758 -0.784909
-0.332023 0.939864 -0.0801028 -8.7785 -0.943162 -0.332075 0.0130612 -177.576 -0.0143244 0.0798865 0.996701 -0.805575
-0.335572 0.938781 -0.0779873 -9.50875 -0.941914 -0.335596 0.0131864 -179.7 -0.0137931 0.0778823 0.996867 -0.831459
-0.338391 0.937823 -0.0773327 -10.2709 -0.940929 -0.338265 0.0151233 -181.861 -0.011976 0.0778822 0.996891 -0.851367
-0.341712 0.936739 -0.0758469 -11.034 -0.939746 -0.341476 0.0164621 -184.013 -0.0104792 0.0769022 0.996984 -0.851926
-0.344639 0.9358 -0.074178 -11.8231 -0.938693 -0.344298 0.0177397 -186.257 -0.00893853 0.0757441 0.997087 -0.880702
-0.347807 0.934791 -0.0720869 -12.6185 -0.937532 -0.347425 0.0181803 -188.426 -0.00804999 0.073907 0.997233 -0.892895
-0.352392 0.932967 -0.0734378 -13.419 -0.935817 -0.351973 0.0190057 -190.587 -0.00811643 0.0754218 0.997119 -0.896363
-0.355055 0.931992 -0.0729816 -14.2488 -0.9348 -0.354725 0.0178746 -192.77 -0.00922948 0.0745697 0.997173 -0.906283
-0.358547 0.93063 -0.0732936 -15.067 -0.933458 -0.35826 0.0174858 -194.991 -0.00998532 0.074686 0.997157 -0.912563
-0.362936 0.928951 -0.0729848 -15.8882 -0.93175 -0.362715 0.01673 -197.169 -0.0109313 0.0740755 0.997193 -0.925738
-0.366966 0.927435 -0.0721085 -16.7491 -0.930172 -0.366736 0.0168868 -199.406 -0.0107833 0.0732702 0.997254 -0.925028
-0.370339 0.926169 -0.0711412 -17.6182 -0.928844 -0.370048 0.0177176 -201.601 -0.0099161 0.0726406 0.997309 -0.941995
-0.374247 0.92458 -0.0713486 -18.4898 -0.927277 -0.373933 0.0182112 -203.779 -0.00984183 0.0729754 0.997285 -0.952607
-0.376735 0.923493 -0.0723283 -19.3722 -0.926267 -0.376404 0.018681 -205.998 -0.0099729 0.0740331 0.997206 -0.94655
-0.379592 0.922282 -0.0728404 -20.2896 -0.925094 -0.379288 0.0185 -208.188 -0.0105652 0.0744066 0.997172 -0.967715
-0.381599 0.921302 -0.0747278 -21.1875 -0.92426 -0.381303 0.0187523 -210.446 -0.0112174 0.0762238 0.997028 -0.977243
-0.384529 0.920024 -0.0754534 -22.062 -0.923043 -0.384221 0.0191441 -212.672 -0.0113777 0.0770082 0.996966 -0.986269
-0.387557 0.918802 -0.0748458 -23.0186 -0.921782 -0.387208 0.0197182 -214.842 -0.0108638 0.0766334 0.997 -0.994387
-0.390541 0.917586 -0.0742487 -23.9069 -0.920522 -0.390188 0.0198066 -217.042 -0.0107967 0.0760828 0.997043 -1.00509
-0.393085 0.916573 -0.0733408 -24.8443 -0.919454 -0.392625 0.0211921 -219.25 -0.00937136 0.0757638 0.997082 -1.01498
-0.396156 0.91528 -0.0729542 -25.7764 -0.918144 -0.395622 0.0222471 -221.465 -0.0085 0.0757957 0.997087 -1.00936
-0.398881 0.914311 -0.070215 -26.7114 -0.91697 -0.398344 0.0220955 -223.611 -0.00776754 0.0731985 0.997287 -1.03169
-0.401805 0.912945 -0.0713076 -27.6446 -0.915695 -0.401201 0.0232333 -225.823 -0.00739799 0.0746313 0.997184 -1.02356
-0.404465 0.911644 -0.072886 -28.6475 -0.914514 -0.403905 0.0229323 -228.067 -0.00853285 0.0759305 0.997077 -1.01671
-0.4064 0.910766 -0.0730999 -29.6035 -0.913639 -0.40596 0.0214543 -230.218 -0.0101358 0.0755059 0.997094 -1.02895
-0.409924 0.909225 -0.0726113 -30.5763 -0.91206 -0.409507 0.0212163 -232.48 -0.0104445 0.0749229 0.997135 -1.03688
-0.413007 0.90796 -0.0709517 -31.5495 -0.910671 -0.412597 0.0210213 -234.67 -0.0101879 0.0732956 0.997258 -1.02768
-0.416295 0.90654 -0.0698793 -32.5448 -0.909171 -0.415911 0.0206579 -236.849 -0.0103363 0.072132 0.997342 -1.04692
-0.419999 0.904881 -0.0692153 -33.5502 -0.907458 -0.41967 0.0199386 -239.085 -0.0110055 0.0711842 0.997402 -1.05293
-0.422859 0.903596 -0.0685952 -34.5551 -0.906132 -0.422513 0.0201983 -241.299 -0.0107312 0.0706973 0.99744 -1.05326
-0.42641 0.901969 -0.0680166 -35.5172 -0.904464 -0.426082 0.0199939 -243.445 -0.0109468 0.0700442 0.997484 -1.0692
-0.430534 0.900074 -0.0671448 -36.6128 -0.902503 -0.430243 0.0194799 -245.68 -0.0113552 0.0689851 0.997553 -1.06811
-0.434411 0.898251 -0.0665729 -37.6243 -0.900641 -0.434131 0.0193651 -247.831 -0.0115067 0.0683707 0.997594 -1.07861
-0.43843 0.896325 -0.0661899 -38.6451 -0.898693 -0.438139 0.0196325 -249.978 -0.0114033 0.0680918 0.997614 -1.08944
-0.44212 0.894511 -0.0661868 -39.6821 -0.896883 -0.44182 0.0198942 -252.16 -0.011447 0.0681574 0.997609 -1.09292
-0.445687 0.892753 -0.0659876 -40.7545 -0.895112 -0.445402 0.0197796 -254.305 -0.0117327 0.0678818 0.997624 -1.09578
-0.449396 0.890981 -0.0647822 -41.8299 -0.893261 -0.449095 0.0199612 -256.485 -0.0113084 0.0668379 0.9977 -1.10722
-0.45282 0.889244 -0.0648066 -42.9231 -0.891529 -0.452515 0.0201573 -258.594 -0.0114011 0.0669046 0.997694 -1.13133
-0.456182 0.887488 -0.065289 -44.0119 -0.889817 -0.455834 0.0210139 -260.765 -0.0111114 0.0676814 0.997645 -1.14341
-0.459866 0.885545 -0.0658218 -45.1374 -0.887923 -0.459463 0.0220439 -262.949 -0.0107218 0.068582 0.997588 -1.14527
-0.463101 0.883736 -0.0674429 -46.2061 -0.88625 -0.462579 0.0240952 -265.075 -0.00990394 0.0709298 0.997432 -1.13991
-0.466487 0.881886 -0.0683073 -47.3416 -0.884471 -0.46594 0.0247194 -267.245 -0.0100274 0.0719471 0.997358 -1.15935
-0.469609 0.880142 -0.0694125 -48.4701 -0.882829 -0.468932 0.0267608 -269.454 -0.00899649 0.0738465 0.997229 -1.1718
-0.471668 0.878981 -0.0701557 -49.6327 -0.881742 -0.470854 0.0287692 -271.559 -0.0077455 0.0754288 0.997121 -1.17645
-0.475051 0.877077 -0.0711498 -50.7832 -0.879924 -0.474192 0.0295885 -273.75 -0.00778724 0.0766625 0.997027 -1.18945
-0.478181 0.875422 -0.0705678 -51.9345 -0.878232 -0.477279 0.030233 -275.879 -0.00721392 0.0764317 0.997049 -1.19964
-0.481434 0.873703 -0.0697509 -53.0694 -0.876458 -0.480493 0.0308073 -278.081 -0.00659834 0.0759654 0.997089 -1.21404
-0.485452 0.871442 -0.0701754 -54.2799 -0.87424 -0.484457 0.0317205 -280.271 -0.00635437 0.0767489 0.99703 -1.21712
-0.48805 0.870099 -0.0688111 -55.4642 -0.8728 -0.486997 0.0324694 -282.441 -0.00525921 0.075905 0.997101 -1.23146
-0.490936 0.868603 -0.0671642 -56.6859 -0.871183 -0.489883 0.0324795 -284.658 -0.00469085 0.0744576 0.997213 -1.24325
-0.493876 0.866827 -0.0685358 -57.908 -0.869515 -0.492836 0.0325143 -286.849 -0.00559262 0.0756509 0.997119 -1.24433
-0.496017 0.865488 -0.0699786 -59.1534 -0.868288 -0.494998 0.0324494 -289.034 -0.00655468 0.076857 0.997021 -1.2525
-0.49873 0.863824 -0.071252 -60.3988 -0.866725 -0.497735 0.0323653 -291.257 -0.00750674 0.0778974 0.996933 -1.25352
-0.500798 0.862599 -0.071589 -61.6569 -0.865526 -0.499841 0.0319984 -293.525 -0.00818138 0.0779868 0.996921 -1.26127
-0.503065 0.861273 -0.0716512 -62.9267 -0.864205 -0.502138 0.0317302 -295.723 -0.00865041 0.0778837 0.996925 -1.2824
-0.505213 0.859936 -0.0725858 -64.2474 -0.862941 -0.504329 0.031392 -297.968 -0.009612 0.078497 0.996868 -1.30235
-0.506629 0.859078 -0.0728797 -65.537 -0.862106 -0.505761 0.0312786 -300.134 -0.00998892 0.0786767 0.99685 -1.31904
-0.509015 0.857717 -0.0722922 -66.841 -0.860708 -0.508094 0.0319871 -302.383 -0.00929537 0.0785043 0.99687 -1.3407
-0.51197 0.856178 -0.0696041 -68.1425 -0.858974 -0.51094 0.0332389 -304.647 -0.00710508 0.0768054 0.997021 -1.34003
-0.514814 0.8546 -0.068009 -69.4724 -0.857276 -0.513791 0.0331181 -306.897 -0.00663959 0.0753521 0.997135 -1.34973
-0.519209 0.852005 -0.0671558 -70.8388 -0.854606 -0.518354 0.0309508 -309.162 -0.00844018 0.0734616 0.997262 -1.37459
-0.524243 0.848995 -0.0661605 -72.1887 -0.851509 -0.523546 0.0288623 -311.447 -0.0101341 0.0714671 0.997391 -1.38448
-0.528727 0.846236 -0.0658164 -73.5233 -0.848715 -0.528129 0.0276013 -313.673 -0.0114023 0.0704529 0.99745 -1.40692
-0.533364 0.843322 -0.0658164 -74.9209 -0.8458 -0.5328 0.0273129 -315.949 -0.0120334 0.0702352 0.997458 -1.42143
-0.537397 0.840612 -0.0676434 -76.3453 -0.843238 -0.536788 0.0284347 -318.193 -0.0124076 0.0723202 0.997304 -1.44926
-0.5411 0.838182 -0.0682782 -77.772 -0.840871 -0.540429 0.0295449 -320.467 -0.0121356 0.0733999 0.997229 -1.46902
-0.545471 0.835306 -0.0687401 -79.1912 -0.838029 -0.544841 0.02926 -322.752 -0.0130114 0.0735666 0.997205 -1.48238
-0.548842 0.832939 -0.0706093 -80.6679 -0.835789 -0.548319 0.0283359 -325.037 -0.0151143 0.0745664 0.997102 -1.51346
-0.552826 0.83031 -0.0704879 -82.0835 -0.833131 -0.55242 0.0269119 -327.228 -0.0165937 0.0736033 0.99715 -1.53915
-0.556991 0.827573 -0.0698828 -83.6326 -0.830338 -0.55665 0.0260668 -329.515 -0.0173281 0.0725453 0.997215 -1.56902
-0.560788 0.825018 -0.0697307 -85.083 -0.827762 -0.560499 0.0255039 -331.736 -0.0180428 0.0720228 0.99724 -1.60576
-0.564899 0.822067 -0.071384 -86.5393 -0.824938 -0.564638 0.0257231 -333.946 -0.01916 0.0734183 0.997117 -1.62641
-0.569458 0.818878 -0.0718142 -88.107 -0.821763 -0.569288 0.0248144 -336.255 -0.0205631 0.073145 0.997109 -1.65645
-0.5723 0.816977 -0.0708681 -89.6515 -0.819771 -0.5722 0.0237185 -338.425 -0.0211732 0.0716697 0.997204 -1.6873
-0.575609 0.814636 -0.0710123 -91.1664 -0.81743 -0.575559 0.023222 -340.647 -0.0219543 0.0714144 0.997205 -1.73135
-0.579366 0.811837 -0.0724956 -92.7007 -0.814729 -0.579394 0.0227914 -342.879 -0.0235006 0.0722688 0.997108 -1.776
-0.581129 0.81067 -0.0714366 -94.2795 -0.813468 -0.58119 0.0220766 -345.095 -0.0236214 0.0709408 0.997201 -1.82154
-0.584978 0.808329 -0.0663687 -95.8604 -0.810747 -0.585034 0.0206314 -347.301 -0.0221509 0.0658771 0.997582 -1.85471
-0.588247 0.806294 -0.0620975 -97.4348 -0.808401 -0.588329 0.0188978 -349.537 -0.0212965 0.0613162 0.997891 -1.89677
-0.590732 0.804571 -0.060841 -99.0258 -0.806557 -0.590917 0.0168278 -351.742 -0.0224128 0.0590124 0.998006 -1.93522
-0.594208 0.801881 -0.0624777 -100.633 -0.80394 -0.5945 0.0158198 -353.976 -0.0244574 0.0596286 0.997921 -1.96314
-0.596619 0.800081 -0.0625827 -102.258 -0.802162 -0.596877 0.0165466 -356.168 -0.0241155 0.0600735 0.997903 -2.0163
-0.599395 0.798231 -0.0595976 -103.823 -0.800094 -0.599694 0.0147216 -358.283 -0.0239891 0.0565078 0.998114 -2.06365
-0.602878 0.795589 -0.0598069 -105.492 -0.797385 -0.603357 0.0117296 -360.568 -0.0267529 0.0547606 0.998141 -2.12074
-0.605424 0.793734 -0.0587181 -107.141 -0.795388 -0.606037 0.00875518 -362.722 -0.0286361 0.0520043 0.998236 -2.16343
-0.608574 0.791441 -0.0570885 -108.758 -0.792978 -0.609202 0.00769232 -364.896 -0.0286904 0.0499513 0.998339 -2.21257
-0.611791 0.788939 -0.0573335 -110.415 -0.790493 -0.612419 0.00793768 -367.092 -0.0288498 0.050178 0.998324 -2.26731
-0.613457 0.787675 -0.0569085 -112.055 -0.789182 -0.614119 0.0070694 -369.224 -0.0293802 0.0492479 0.998354 -2.32227
-0.616794 0.784997 -0.0578335 -113.723 -0.78653 -0.617518 0.00652183 -371.423 -0.0305936 0.0495104 0.998305 -2.3753
-0.618759 0.783683 -0.0545716 -115.397 -0.784995 -0.619486 0.00444838 -373.563 -0.0303202 0.0455909 0.9985 -2.4219
-0.621656 0.782005 -0.0448552 -117.058 -0.782805 -0.622266 0.000454462 -375.685 -0.0275565 0.0353954 0.998993 -2.47643
-0.625641 0.779317 -0.0351839 -118.698 -0.779898 -0.625888 0.004844 -377.819 -0.0182462 0.0304705 0.999369 -2.55944
-0.627863 0.777378 -0.0383513 -120.372 -0.778201 -0.627876 0.0132296 -379.927 -0.0137955 0.0381514 0.999177 -2.54402
-0.629299 0.775804 -0.0459541 -122.092 -0.77695 -0.629411 0.0138009 -382.067 -0.0182173 0.0443889 0.998848 -2.55276
-0.63068 0.774282 -0.0522458 -123.754 -0.775521 -0.631294 0.00586334 -384.132 -0.0284426 0.0442157 0.998617 -2.59779
-0.633049 0.772238 -0.0538253 -125.521 -0.773199 -0.634148 -0.00446588 -386.323 -0.0375819 0.0387906 0.99854 -2.67723
-0.636359 0.769658 -0.0517074 -127.18 -0.770295 -0.637599 -0.0106111 -388.392 -0.0411356 0.0330775 0.998606 -2.76015
-0.638632 0.767832 -0.0508269 -128.902 -0.768414 -0.639855 -0.0111703 -390.515 -0.0410988 0.0319224 0.998645 -2.85883
-0.641331 0.76543 -0.0530217 -130.623 -0.76625 -0.642504 -0.00702209 -392.603 -0.0394416 0.0361244 0.998569 -2.92415
-0.644375 0.762826 -0.0536325 -132.371 -0.763886 -0.64535 -0.0011272 -394.66 -0.0354716 0.0402428 0.99856 -2.98539
-0.646588 0.760994 -0.0530314 -134.084 -0.762149 -0.647397 0.00248267 -396.729 -0.0324431 0.0420231 0.99859 -3.05571
-0.649259 0.758687 -0.0534456 -135.83 -0.759863 -0.650077 0.00266382 -398.787 -0.0327228 0.0423408 0.998567 -3.12079
-0.65246 0.755845 -0.0547186 -137.578 -0.75706 -0.653341 0.00232785 -400.849 -0.0339904 0.0429441 0.998499 -3.18928
-0.654761 0.753771 -0.0558269 -139.331 -0.755012 -0.655709 0.00174658 -402.925 -0.0352897 0.0432936 0.998439 -3.26143
-0.656094 0.752574 -0.0563228 -141.071 -0.753829 -0.657069 0.00159113 -404.913 -0.0358105 0.0435017 0.998411 -3.32768
-0.65806 0.750861 -0.0562624 -142.821 -0.752135 -0.659005 0.00229142 -406.971 -0.0353567 0.0438248 0.998413 -3.40227
-0.659092 0.749916 -0.0567858 -144.603 -0.751214 -0.660054 0.00235703 -409.014 -0.0357141 0.0442118 0.998384 -3.46562
-0.660539 0.748466 -0.0590438 -146.371 -0.749853 -0.661601 0.0020517 -411.054 -0.0375279 0.0456294 0.998253 -3.53805
-0.660653 0.748106 -0.0622525 -148.148 -0.749633 -0.661851 0.00179804 -413.074 -0.0398568 0.0478544 0.998059 -3.61647
-0.661565 0.74712 -0.0643702 -149.906 -0.748732 -0.662871 0.00140418 -415.067 -0.0416201 0.049125 0.997925 -3.69866
-0.663749 0.745329 -0.0626286 -151.698 -0.746868 -0.664971 0.00176687 -417.121 -0.0403293 0.047948 0.998035 -3.78571
-0.664605 0.744985 -0.0574324 -153.487 -0.746264 -0.665649 0.00124921 -419.148 -0.0372992 0.04369 0.998349 -3.85429
-0.665878 0.744067 -0.0544986 -155.255 -0.745219 -0.666818 0.0012368 -421.155 -0.0354204 0.0414369 0.998513 -3.95208
-0.667904 0.742248 -0.0545145 -157.061 -0.743358 -0.668894 0.000120441 -423.166 -0.036375 0.0406042 0.998513 -4.01566
-0.667756 0.742486 -0.0530705 -158.839 -0.743488 -0.668748 -0.00127771 -425.192 -0.0364395 0.0386041 0.99859 -4.07086
-0.668985 0.741566 -0.0503818 -160.609 -0.742441 -0.669908 -0.00196644 -427.189 -0.0352094 0.03609 0.998728 -4.15937
-0.670595 0.740153 -0.0497604 -162.409 -0.740973 -0.671528 -0.00283706 -429.172 -0.0355153 0.0349686 0.998757 -4.23323
-0.670093 0.740504 -0.0512712 -164.185 -0.741352 -0.671107 -0.0035682 -431.174 -0.0370508 0.035619 0.998678 -4.30559
-0.670448 0.739897 -0.0552568 -165.985 -0.740842 -0.671663 -0.00480336 -433.172 -0.0406679 0.0377161 0.998461 -4.38088
-0.668829 0.740819 -0.0620977 -167.787 -0.741984 -0.67039 -0.00608106 -435.17 -0.0461347 0.0420083 0.998052 -4.47056
-0.666946 0.742079 -0.067091 -169.55 -0.74341 -0.668797 -0.00723704 -437.126 -0.0502407 0.0450494 0.997721 -4.54089
-0.666344 0.742996 -0.0627961 -171.335 -0.74403 -0.668078 -0.00955807 -439.118 -0.0490543 0.0403532 0.997981 -4.65663
-0.665365 0.744608 -0.0533802 -173.106 -0.74527 -0.666685 -0.0101725 -441.173 -0.0431623 0.0330143 0.998522 -4.7834
-0.663715 0.746427 -0.0482737 -174.892 -0.746852 -0.664879 -0.0121526 -443.173 -0.0411672 0.0279874 0.99876 -4.88296
-0.662156 0.747896 -0.0469209 -176.646 -0.748272 -0.663274 -0.0125121 -445.182 -0.0404791 0.0268246 0.99882 -4.96568
-0.658624 0.750931 -0.0481304 -178.409 -0.751353 -0.659785 -0.0123394 -447.201 -0.0410217 0.0280359 0.998765 -5.04032
-0.65572 0.753419 -0.0489026 -180.162 -0.753884 -0.656899 -0.0119415 -449.229 -0.041121 0.0290366 0.998732 -5.11642
-0.654535 0.754668 -0.0453883 -181.899 -0.755018 -0.655586 -0.0124496 -451.205 -0.0391512 0.0261203 0.998892 -5.20144
-0.652458 0.756751 -0.0403348 -183.633 -0.756837 -0.653401 -0.0163014 -453.275 -0.0386909 0.0198908 0.999053 -5.284
-0.652007 0.7574 -0.0350848 -185.384 -0.757178 -0.652837 -0.0220446 -455.329 -0.0396012 0.0121922 0.999141 -5.3842
-0.651122 0.758425 -0.0288447 -187.095 -0.758003 -0.651741 -0.0257871 -457.374 -0.0383568 0.00507383 0.999251 -5.4588
-0.650691 0.758866 -0.0269092 -188.816 -0.758413 -0.651239 -0.026393 -459.43 -0.0375531 0.0032346 0.999289 -5.53511
-0.650058 0.759326 -0.0291331 -190.567 -0.758864 -0.650694 -0.0268853 -461.451 -0.0393714 0.00463112 0.999214 -5.60357
-0.648342 0.760665 -0.0322654 -192.276 -0.76018 -0.649113 -0.0279114 -463.474 -0.0421751 0.0064314 0.99909 -5.67312
-0.646527 0.762221 -0.0319725 -193.998 -0.761647 -0.647298 -0.0299843 -465.504 -0.0435504 0.00496612 0.999039 -5.76957
-0.646 0.762766 -0.0295336 -195.733 -0.762157 -0.646669 -0.0305913 -467.536 -0.0424325 0.00274725 0.999096 -5.86579
-0.645113 0.763586 -0.0276834 -197.428 -0.76302 -0.645703 -0.0294669 -469.619 -0.0403758 0.00211348 0.999182 -5.94729
-0.643669 0.764826 -0.0270328 -199.14 -0.764321 -0.644231 -0.0279176 -471.647 -0.0387675 0.0026921 0.999245 -6.0319
-0.642863 0.765424 -0.0292136 -200.827 -0.764947 -0.643509 -0.0274385 -473.648 -0.0398013 0.00470763 0.999197 -6.10164
-0.641558 0.766439 -0.0312361 -202.533 -0.765953 -0.642289 -0.0279227 -475.686 -0.0414636 0.00601136 0.999122 -6.18812
-0.640958 0.766928 -0.0315176 -204.22 -0.766442 -0.641703 -0.0280108 -477.769 -0.0417072 0.00620262 0.999111 -6.26641
-0.639699 0.767991 -0.0312254 -205.916 -0.76748 -0.640436 -0.0285703 -479.805 -0.0419396 0.00568844 0.999104 -6.35191
-0.638496 0.76898 -0.0315076 -207.653 -0.768433 -0.63925 -0.0294971 -481.879 -0.0428239 0.00537769 0.999068 -6.44309
-0.638417 0.769029 -0.0319086 -209.331 -0.768444 -0.639194 -0.0304027 -483.947 -0.0437763 0.00511039 0.999028 -6.52966
-0.637508 0.76984 -0.0304998 -211.017 -0.769264 -0.638223 -0.0300728 -485.968 -0.0426169 0.00429071 0.999082 -6.62746
-0.637046 0.770244 -0.0299466 -212.693 -0.769717 -0.637733 -0.0288492 -488.038 -0.0413189 0.00467219 0.999135 -6.7101
-0.63728 0.77002 -0.030726 -214.393 -0.769462 -0.638003 -0.0296914 -490.115 -0.0424662 0.00472074 0.999087 -6.78887
-0.636379 0.77076 -0.0308565 -216.061 -0.77016 -0.637112 -0.0306929 -492.167 -0.0433159 0.00423208 0.999052 -6.88121
-0.636053 0.771047 -0.0303849 -217.727 -0.7704 -0.63677 -0.0317458 -494.221 -0.0438257 0.00321645 0.999034 -6.97581
-0.636453 0.770717 -0.0303828 -219.398 -0.770041 -0.637172 -0.0323949 -496.265 -0.0443264 0.00277813 0.999013 -7.06209
-0.636104 0.771025 -0.0298834 -221.071 -0.770388 -0.636798 -0.0314669 -498.309 -0.0432915 0.0030056 0.999058 -7.14974
-0.636955 0.770299 -0.0304597 -222.796 -0.769654 -0.637675 -0.031686 -500.414 -0.0438311 0.00326083 0.999034 -7.23821
-0.636488 0.770661 -0.0310553 -224.505 -0.769971 -0.637238 -0.0327634 -502.469 -0.0450391 0.00305814 0.998981 -7.3323
-0.636776 0.770415 -0.0312413 -226.161 -0.769672 -0.637538 -0.033921 -504.537 -0.0460507 0.00244549 0.998936 -7.43252
-0.637989 0.769413 -0.0312002 -227.853 -0.768614 -0.63875 -0.0350788 -506.593 -0.0469192 0.00160102 0.998897 -7.51538
-0.637469 0.769871 -0.0305431 -229.561 -0.769082 -0.638199 -0.0348518 -508.665 -0.0463239 0.00127319 0.998926 -7.6326
-0.637447 0.7699 -0.030258 -231.267 -0.769121 -0.638163 -0.0346399 -510.738 -0.0459788 0.00119099 0.998942 -7.74813
-0.637929 0.769484 -0.0306813 -232.931 -0.768742 -0.638663 -0.0338528 -512.792 -0.0456442 0.00199036 0.998956 -7.82606
-0.637061 0.770205 -0.0306179 -234.605 -0.769458 -0.637794 -0.0339646 -514.842 -0.0456876 0.00192167 0.998954 -7.92326
-0.637344 0.769988 -0.0301902 -236.333 -0.769219 -0.638057 -0.0344245 -516.913 -0.0457695 0.00128262 0.998951 -8.00779
-0.636776 0.770491 -0.029338 -237.979 -0.769728 -0.637451 -0.0342947 -518.97 -0.0451253 0.000744284 0.998981 -8.10374
-0.636988 0.770324 -0.0291204 -239.664 -0.769528 -0.637653 -0.035012 -521.016 -0.0455393 0.000106754 0.998963 -8.21601
-0.637579 0.769783 -0.0304354 -241.368 -0.768944 -0.638305 -0.0359463 -523.11 -0.0470979 0.000484523 0.99889 -8.30782
-0.636095 0.770983 -0.0311331 -243.035 -0.770108 -0.636856 -0.0367169 -525.163 -0.0481354 0.000620457 0.998841 -8.40825
-0.636063 0.771011 -0.0310802 -244.734 -0.770155 -0.636822 -0.0363207 -527.21 -0.0477962 0.00083437 0.998857 -8.50937
-0.636664 0.770484 -0.0318147 -246.406 -0.769679 -0.637456 -0.0352859 -529.25 -0.0474677 0.00202182 0.998871 -8.60151
-0.636024 0.77099 -0.0323887 -248.092 -0.770191 -0.636842 -0.0351683 -531.316 -0.0477409 0.00257762 0.998856 -8.70595
-0.635376 0.771521 -0.0324457 -249.776 -0.770672 -0.636201 -0.0362225 -533.383 -0.0485884 0.00199007 0.998817 -8.81109
-0.636136 0.770918 -0.0318734 -251.457 -0.770049 -0.636933 -0.0366168 -535.421 -0.0485298 0.00125085 0.998821 -8.92414
-0.636152 0.770924 -0.0314324 -253.139 -0.770063 -0.636927 -0.0364272 -537.515 -0.0481027 0.00103172 0.998842 -9.01261
-0.636192 0.770859 -0.0321853 -254.834 -0.76995 -0.637005 -0.0374426 -539.586 -0.0493651 0.00096038 0.99878 -9.12466
-0.636844 0.770285 -0.0330304 -256.534 -0.769311 -0.637699 -0.0387263 -541.665 -0.0508937 0.000748113 0.998704 -9.22697
-0.636666 0.770455 -0.0324757 -258.216 -0.769413 -0.637494 -0.0400727 -543.693 -0.0515773 -0.000525729 0.998669 -9.34617
-0.63757 0.769769 -0.0309823 -259.871 -0.768769 -0.638322 -0.0392463 -545.753 -0.0499872 -0.00120403 0.998749 -9.46186
-0.637107 0.770238 -0.0287758 -261.577 -0.769338 -0.637754 -0.0372743 -547.812 -0.047062 -0.00160943 0.998891 -9.56981
-0.637544 0.769869 -0.0289626 -263.26 -0.768974 -0.6382 -0.0371454 -549.888 -0.047081 -0.00141034 0.99889 -9.65795
-0.637763 0.769602 -0.0311644 -264.94 -0.768644 -0.638524 -0.0383801 -551.934 -0.0494366 -0.000523058 0.998777 -9.76404
-0.637195 0.770015 -0.0325591 -266.661 -0.769005 -0.638026 -0.0394222 -554.047 -0.0511293 -8.14972e-05 0.998692 -9.87966
-0.63746 0.769775 -0.0330275 -268.324 -0.768801 -0.638315 -0.0387198 -556.067 -0.0508875 0.000709218 0.998704 -9.98289
-0.637737 0.769562 -0.0326498 -270.014 -0.768627 -0.638572 -0.0379291 -558.141 -0.0500381 0.00090674 0.998747 -10.0941
-0.637488 0.769753 -0.0330057 -271.705 -0.768842 -0.638341 -0.0374694 -560.214 -0.0499111 0.00148984 0.998753 -10.203
-0.637726 0.769506 -0.0341407 -273.389 -0.768613 -0.638634 -0.0371583 -562.245 -0.050397 0.00254409 0.998726 -10.3031
-0.637201 0.769893 -0.035212 -275.095 -0.76896 -0.638166 -0.0380049 -564.319 -0.0517309 0.00285984 0.998657 -10.4213
-0.636884 0.770138 -0.035565 -276.776 -0.769184 -0.63787 -0.0384388 -566.413 -0.0522891 0.00287495 0.998628 -10.5343
-0.636939 0.770106 -0.0352924 -278.474 -0.769139 -0.637911 -0.0386608 -568.467 -0.0522863 0.00252018 0.998629 -10.6458
-0.636453 0.770465 -0.0362193 -280.157 -0.769512 -0.637473 -0.0384579 -570.517 -0.0527193 0.00339455 0.998604 -10.7668
-0.636093 0.770714 -0.0372186 -281.839 -0.769721 -0.63717 -0.0392818 -572.568 -0.0539896 0.00366105 0.998535 -10.889
-0.635869 0.770937 -0.0364199 -283.512 -0.769893 -0.636906 -0.0401988 -574.626 -0.0541868 0.00247828 0.998528 -10.9995
-0.635252 0.771479 -0.0357006 -285.199 -0.770347 -0.636254 -0.041786 -576.717 -0.0549517 0.000957224 0.998489 -11.1249
-0.635501 0.77131 -0.0349346 -286.872 -0.770206 -0.63646 -0.0412514 -578.769 -0.054052 0.000691549 0.998538 -11.2344
-0.63422 0.772347 -0.0352911 -288.598 -0.771323 -0.635198 -0.0398026 -580.848 -0.0531583 0.00197722 0.998584 -11.363
-0.633554 0.772852 -0.0361773 -290.255 -0.771885 -0.634578 -0.0387956 -582.883 -0.0529405 0.00334563 0.998592 -11.4636
-0.633234 0.773089 -0.0367215 -291.923 -0.772085 -0.634289 -0.039531 -584.973 -0.053853 0.00331971 0.998543 -11.5703
-0.632636 0.773521 -0.0379138 -293.596 -0.77251 -0.633758 -0.039739 -587.055 -0.0547671 0.00414852 0.998491 -11.7009
-0.632487 0.773683 -0.0370913 -295.293 -0.772675 -0.633563 -0.039646 -589.106 -0.0541731 0.00358396 0.998525 -11.8152
-0.631221 0.77474 -0.03658 -296.957 -0.773723 -0.632272 -0.0398171 -591.173 -0.0539764 0.00316933 0.998537 -11.9338
-0.631552 0.774492 -0.0361029 -298.618 -0.773462 -0.632578 -0.040031 -593.243 -0.0538416 0.00264256 0.998546 -12.0518
-0.629873 0.775865 -0.0359575 -300.28 -0.774795 -0.630895 -0.0408004 -595.313 -0.054341 0.0021606 0.99852 -12.1694
-0.630072 0.775743 -0.0351034 -301.96 -0.774644 -0.631048 -0.0412896 -597.378 -0.0541821 0.00117723 0.99853 -12.2855
-0.629411 0.776305 -0.0345383 -303.609 -0.775147 -0.630358 -0.0423778 -599.451 -0.0546696 9.92335e-05 0.998504 -12.3995
-0.629241 0.776506 -0.0330818 -305.254 -0.775314 -0.630109 -0.0430212 -601.494 -0.0542513 -0.00142188 0.998526 -12.529
-0.629471 0.776392 -0.0313333 -306.935 -0.775213 -0.630245 -0.0428556 -603.581 -0.0530204 -0.00268638 0.99859 -12.6503
-0.629319 0.776462 -0.0326258 -308.605 -0.775267 -0.630161 -0.0431042 -605.683 -0.0540283 -0.00183257 0.998538 -12.7602
-0.629843 0.775992 -0.0336788 -310.24 -0.774747 -0.630741 -0.0439654 -607.71 -0.0553593 -0.00159873 0.998465 -12.879
-0.629457 0.776316 -0.0334249 -311.903 -0.775015 -0.630339 -0.0449976 -609.77 -0.0560014 -0.00241924 0.998428 -13.0137
-0.629553 0.776286 -0.0322993 -313.578 -0.775014 -0.630374 -0.044523 -611.88 -0.0549233 -0.0029972 0.998486 -13.1401
-0.630179 0.775824 -0.0311669 -315.216 -0.774622 -0.630941 -0.0432807 -613.927 -0.0532427 -0.00313201 0.998577 -13.2583
-0.629887 0.776083 -0.030602 -316.895 -0.774966 -0.630625 -0.0417026 -616.025 -0.051663 -0.00255245 0.998661 -13.3728
-0.630226 0.775796 -0.0309158 -318.567 -0.774685 -0.63098 -0.0415711 -618.082 -0.051758 -0.00224922 0.998657 -13.4869
-0.629671 0.776209 -0.0318529 -320.255 -0.77505 -0.630472 -0.0424534 -620.174 -0.0530351 -0.00204405 0.998591 -13.6065
-0.629744 0.776098 -0.0330865 -321.92 -0.774906 -0.63061 -0.0430207 -622.254 -0.054253 -0.00145308 0.998526 -13.7039
-0.629839 0.775986 -0.0338895 -323.56 -0.774766 -0.630749 -0.0435124 -624.306 -0.0551408 -0.00114943 0.998478 -13.8327
-0.629254 0.776477 -0.033513 -325.249 -0.775267 -0.630145 -0.0433445 -626.394 -0.054774 -0.00129316 0.998498 -13.9587
-0.629206 0.776539 -0.0329568 -326.919 -0.775341 -0.630067 -0.0431566 -628.489 -0.0542778 -0.00160164 0.998525 -14.0755
-0.62906 0.776654 -0.0330621 -328.586 -0.775433 -0.629925 -0.043568 -630.543 -0.0546639 -0.00176943 0.998503 -14.1988
-0.628283 0.777277 -0.0331948 -330.222 -0.776036 -0.629156 -0.043941 -632.612 -0.055039 -0.00184705 0.998482 -14.3103
-0.628144 0.777394 -0.0330573 -331.894 -0.776126 -0.629009 -0.0444523 -634.711 -0.0553503 -0.00226588 0.998464 -14.429
-0.62834 0.777264 -0.032389 -333.533 -0.775983 -0.629167 -0.0447161 -636.747 -0.0551343 -0.00296359 0.998475 -14.5593
