1 0 0 0 0 1 0 0 -0 0 1 0
0.999998 -0.00118819 0.00157827 1.55513 0.00119062 0.999998 -0.00153818 -0.0252417 -0.00157644 0.00154005 0.999998 0.0477608
0.999993 -0.00200597 0.00305409 3.07221 0.00201348 0.999995 -0.00245777 0.00240864 -0.00304915 0.00246391 0.999992 0.0754674
0.999986 -0.00435968 0.00283343 4.59535 0.00436366 0.999989 -0.00140121 0.0272705 -0.00282729 0.00141355 0.999995 0.08224
0.99998 -0.00571805 0.00253025 6.11997 0.00572036 0.999983 -0.000904814 0.0394083 -0.00252503 0.00091927 0.999996 0.0842316
0.999969 -0.00731424 0.00284935 7.62757 0.00731662 0.999973 -0.000826621 0.0687721 -0.00284323 0.000847443 0.999996 0.0987826
0.999955 -0.00905947 0.0028588 9.11813 0.00906495 0.999957 -0.00191207 0.0993974 -0.00284136 0.00193789 0.999994 0.112835
0.999949 -0.00970754 0.00278912 10.6291 0.00971474 0.999949 -0.00257908 0.105205 -0.00276395 0.00260605 0.999993 0.13316
0.999933 -0.0112298 0.00272175 12.1098 0.01124 0.99993 -0.00375344 0.144081 -0.00267941 0.00378379 0.999989 0.139346
0.999914 -0.012805 0.00293655 13.6334 0.0128167 0.99991 -0.00398052 0.171189 -0.00288531 0.00401781 0.999988 0.160976
0.999907 -0.0132846 0.00294434 15.0982 0.0132936 0.999907 -0.00305322 0.216102 -0.00290351 0.00309208 0.999991 0.164103
0.999888 -0.0146181 0.00331465 16.5878 0.0146249 0.999891 -0.00206066 0.219561 -0.00328417 0.0021089 0.999992 0.185914
0.999877 -0.0151203 0.00421693 18.0732 0.0151214 0.999886 -0.000223689 0.258193 -0.00421307 0.000287427 0.999991 0.187315
0.999869 -0.0154728 0.00472529 19.5416 0.0154713 0.99988 0.000361099 0.2842 -0.00473031 -0.000287945 0.999989 0.199122
0.999852 -0.0164177 0.00513287 21.0194 0.0164145 0.999865 0.000659187 0.322742 -0.005143 -0.000574836 0.999987 0.206786
0.999843 -0.0170287 0.00498307 22.4775 0.017025 0.999855 0.000785923 0.360318 -0.00499573 -0.000700963 0.999987 0.222204
0.999844 -0.0166896 0.00571257 23.9604 0.0166792 0.999859 0.00185908 0.392257 -0.00574279 -0.00176351 0.999982 0.229159
0.999833 -0.0169824 0.00671901 25.3972 0.0169638 0.999852 0.00281672 0.43157 -0.00676585 -0.00270227 0.999973 0.229141
0.999856 -0.0159545 0.00573789 26.8139 0.015938 0.999869 0.00292601 0.451622 -0.00578382 -0.00283414 0.999979 0.243427
0.999851 -0.0167659 0.00399676 28.2635 0.0167535 0.999855 0.00311416 0.501117 -0.0040484 -0.00304674 0.999987 0.250682
0.99987 -0.0157325 0.00366374 29.7236 0.0157263 0.999875 0.00171089 0.53295 -0.0036902 -0.00165305 0.999992 0.264292
0.999865 -0.015361 0.00584821 31.1137 0.0153571 0.999882 0.00071881 0.53527 -0.00585856 -0.000628901 0.999983 0.27825
0.999864 -0.0147703 0.0072831 32.556 0.0147759 0.999891 -0.000713369 0.575768 -0.00727177 0.000820886 0.999973 0.272584
0.999874 -0.0145009 0.00639403 33.9313 0.0145121 0.999893 -0.00171558 0.597578 -0.00636847 0.00180815 0.999978 0.288473
0.999881 -0.0144953 0.00526638 35.3305 0.0145017 0.999894 -0.0011789 0.627673 -0.00524873 0.00125513 0.999985 0.30458
0.999898 -0.0136456 0.00421052 36.6934 0.0136499 0.999906 -0.00100873 0.668922 -0.00419636 0.0010661 0.999991 0.302989
0.999911 -0.0129005 0.00327586 38.0574 0.0129012 0.999917 -0.000165681 0.67355 -0.00327345 0.000207929 0.999995 0.32564
0.999925 -0.0114824 0.00428428 39.3768 0.011482 0.999934 0.00012518 0.712445 -0.00428543 -7.59789e-05 0.999991 0.340582
0.999933 -0.0100262 0.00574346 40.7168 0.0100232 0.99995 0.000557986 0.715193 -0.00574876 -0.000500381 0.999983 0.346845
0.999944 -0.0079971 0.00693693 42.0293 0.00799716 0.999968 1.86092e-05 0.748544 -0.00693685 3.68676e-05 0.999976 0.362766
0.999953 -0.00609204 0.00759282 43.2908 0.00608957 0.999981 0.000348499 0.766567 -0.0075948 -0.000302245 0.999971 0.377641
0.99997 -0.00210534 0.0074238 44.549 0.00210191 0.999998 0.000470392 0.767292 -0.00742477 -0.000454774 0.999972 0.386292
0.999982 0.00120757 0.00588649 45.8007 -0.00120533 0.999999 -0.000384279 0.78065 -0.00588694 0.000377176 0.999983 0.398381
0.999977 0.00527935 0.00434132 47.0602 -0.00527909 0.999986 -6.95592e-05 0.79088 -0.00434163 4.66393e-05 0.999991 0.402059
0.99995 0.00879379 0.00467041 48.2775 -0.00879391 0.999961 4.92047e-06 0.792387 -0.00467019 -4.59914e-05 0.999989 0.41143
0.999885 0.0144477 0.00464147 49.4895 -0.0144479 0.999896 5.27322e-06 0.782186 -0.00464091 -7.23322e-05 0.999989 0.430752
0.999763 0.0214338 0.00370625 50.6983 -0.021439 0.999769 0.00139232 0.76798 -0.00367555 -0.00147145 0.999992 0.442516
0.999582 0.0286144 0.00404799 51.8768 -0.0286262 0.999586 0.00287728 0.751627 -0.00396398 -0.00299196 0.999988 0.455136
0.999299 0.0370541 0.00534661 53.0313 -0.0370742 0.999306 0.00371392 0.722778 -0.00520528 -0.00390953 0.999979 0.467509
0.998873 0.047085 0.00593224 54.2146 -0.0471199 0.998872 0.00588506 0.678327 -0.00564845 -0.00615796 0.999965 0.47307
0.998204 0.0595581 0.00641472 55.3739 -0.0596099 0.998188 0.00821801 0.637181 -0.00591365 -0.00858564 0.999946 0.48866
0.997181 0.0747122 0.00699754 56.5327 -0.0747832 0.997145 0.0105032 0.542382 -0.00619285 -0.0109968 0.99992 0.498323
0.995789 0.0912769 0.00854366 57.653 -0.0913787 0.995739 0.0124027 0.454221 -0.00737518 -0.0131312 0.999887 0.496336
0.994025 0.108674 0.0101779 58.7379 -0.1088 0.993981 0.012807 0.357767 -0.00872485 -0.0138378 0.999866 0.50889
0.991754 0.127775 0.00987234 59.8141 -0.127893 0.99171 0.0124493 0.230867 -0.00819978 -0.0136093 0.999874 0.518785
0.988827 0.148801 0.00891464 60.9119 -0.1489 0.988784 0.0116258 0.0726974 -0.00708472 -0.0128233 0.999893 0.521017
0.985642 0.168619 0.00876998 61.9957 -0.168695 0.985629 0.00875502 -0.0623927 -0.00716769 -0.0101088 0.999923 0.515867
0.981459 0.191405 0.0100608 63.0661 -0.191455 0.981492 0.00424982 -0.277516 -0.00906116 -0.00609722 0.99994 0.543153
0.976726 0.214224 0.0107164 64.0573 -0.214225 0.976784 -0.00113485 -0.507417 -0.0107107 -0.00118728 0.999942 0.534542
0.971159 0.238253 0.00922835 65.0891 -0.2382 0.971195 -0.00646357 -0.73159 -0.0105025 0.00407897 0.999937 0.541432
0.964631 0.263529 0.00631633 66.0566 -0.263435 0.964594 -0.0126955 -1.01158 -0.00943831 0.0105825 0.999899 0.560305
0.957258 0.289177 0.00587007 67.043 -0.289052 0.957175 -0.0162658 -1.28758 -0.0103224 0.0138738 0.99985 0.567808
0.948435 0.31689 0.00715621 68.0022 -0.316716 0.948337 -0.0186413 -1.64304 -0.0126937 0.0154136 0.999801 0.552449
0.938973 0.343909 0.00754881 68.9277 -0.343654 0.938798 -0.0236565 -1.92155 -0.0152225 0.0196186 0.999692 0.553116
0.927845 0.372921 0.00585147 69.8425 -0.372649 0.927588 -0.0267176 -2.33742 -0.0153913 0.0226092 0.999626 0.573307
0.915541 0.402223 0.00140058 70.7937 -0.402054 0.915246 -0.0260142 -2.7314 -0.0117454 0.023254 0.999661 0.55119
0.902436 0.430796 -0.00492112 71.6384 -0.430763 0.902056 -0.0271614 -3.11336 -0.0072619 0.0266313 0.999619 0.563974
0.888269 0.459234 -0.00909679 72.4672 -0.459293 0.887805 -0.029184 -3.54391 -0.00532609 0.0301013 0.999533 0.567344
0.872388 0.488761 -0.00721598 73.3643 -0.488744 0.871918 -0.0298106 -4.01811 -0.00827851 0.0295332 0.99953 0.580841
0.854667 0.519173 -0.00159838 74.1733 -0.518994 0.854283 -0.02909 -4.4987 -0.0137373 0.0256918 0.999576 0.570211
0.834697 0.550708 0.00108793 74.9793 -0.550449 0.834361 -0.0291265 -5.02597 -0.0169479 0.023713 0.999575 0.553841
0.813486 0.581584 -0.000528233 75.7288 -0.581426 0.813244 -0.0240589 -5.53215 -0.0135627 0.0198787 0.99971 0.563155
0.791784 0.610789 -0.00398802 76.5297 -0.610758 0.791632 -0.0171097 -6.08967 -0.00729335 0.0159829 0.999846 0.566816
0.768489 0.639845 -0.00481356 77.201 -0.639839 0.768372 -0.0145362 -6.69948 -0.00560231 0.0142508 0.999883 0.554431
0.745252 0.666767 -0.004542 77.916 -0.666735 0.745099 -0.0170991 -7.2893 -0.0080169 0.0157715 0.999843 0.567506
0.721038 0.69288 -0.00465208 78.5691 -0.692838 0.720874 -0.0177776 -7.87718 -0.00896419 0.0160415 0.999831 0.549298
0.694913 0.719063 -0.00671209 79.2138 -0.719056 0.694751 -0.0167232 -8.55842 -0.00736176 0.0164475 0.999838 0.576486
0.669099 0.743129 -0.00812762 79.8148 -0.743157 0.668975 -0.0137889 -9.23731 -0.00480975 0.0152662 0.999872 0.577136
0.641744 0.766877 -0.00802023 80.3815 -0.766907 0.641643 -0.0121231 -9.90675 -0.0041508 0.0139307 0.999894 0.569998
0.613881 0.789346 -0.00910013 80.9602 -0.789394 0.613796 -0.0105556 -10.5977 -0.00274636 0.0136634 0.999903 0.57554
0.585174 0.81082 -0.011923 81.5188 -0.810903 0.585159 -0.00504229 -11.2999 0.00288843 0.012619 0.999916 0.584797
0.554565 0.832002 -0.0152147 82.0146 -0.832054 0.554678 0.00431193 -12.1012 0.0120268 0.0102682 0.999875 0.592296
0.523531 0.851816 -0.0180043 82.5121 -0.851777 0.523764 0.0121524 -12.8453 0.0197816 0.00897344 0.999764 0.618289
0.491463 0.870731 -0.0170836 82.9742 -0.870587 0.491717 0.0170957 -13.6702 0.0232861 0.0064709 0.999708 0.634479
0.4592 0.888234 -0.0132536 83.41 -0.888085 0.459373 0.0167638 -14.4801 0.0209786 0.00407235 0.999772 0.654763
0.425543 0.904913 -0.00682817 83.772 -0.904781 0.425597 0.0154193 -15.3171 0.0168592 -0.000383565 0.999858 0.677025
0.39172 0.920084 -0.00123376 84.1971 -0.919961 0.391689 0.0158694 -16.1972 0.0150844 -0.00508136 0.999873 0.700751
0.35688 0.93413 0.00620731 84.5547 -0.934036 0.356725 0.0180093 -16.9996 0.0146087 -0.012225 0.999819 0.725386
0.321081 0.946979 0.0117216 84.8942 -0.946927 0.320814 0.0201746 -17.8996 0.0153445 -0.0175771 0.999728 0.726097
0.28457 0.958524 0.0158458 85.1766 -0.958551 0.284256 0.0194732 -18.8716 0.0141613 -0.0207305 0.999685 0.748515
0.248254 0.968536 0.0175632 85.4091 -0.968597 0.247931 0.0187165 -19.737 0.0137732 -0.0216582 0.999671 0.766258
0.211796 0.977147 0.0180611 85.626 -0.977219 0.211481 0.0178791 -20.6716 0.0136509 -0.0214363 0.999677 0.792471
0.176587 0.984147 0.0164822 85.8021 -0.984187 0.176308 0.0170762 -21.641 0.0138995 -0.019237 0.999718 0.801415
0.141723 0.989856 0.00995643 85.9335 -0.989807 0.141559 0.0156191 -22.591 0.0140513 -0.0120685 0.999828 0.838768
0.107189 0.9942 0.00878442 86.0425 -0.994098 0.107021 0.0177854 -23.5335 0.0167421 -0.010639 0.999803 0.876674
0.0749925 0.997154 0.00779434 86.1815 -0.996921 0.0747907 0.0235738 -24.4997 0.0229238 -0.00953819 0.999692 0.862381
0.0450642 0.998977 0.00364787 86.2122 -0.99866 0.0449563 0.0256202 -25.4719 0.02543 -0.00479754 0.999665 0.927566
0.0200402 0.999799 0.00110965 86.2375 -0.999507 0.0200074 0.0242132 -26.4222 0.0241861 -0.00159434 0.999706 0.941478
-0.0029736 0.999996 0.000206182 86.2152 -0.99976 -0.00297737 0.021695 -27.4423 0.0216955 -0.000141621 0.999765 0.964559
-0.0220574 0.999756 -0.00110596 86.235 -0.999569 -0.0220318 0.0194194 -28.3824 0.0193902 0.00153382 0.999811 0.984908
-0.0393947 0.999223 -0.00125508 86.1614 -0.998993 -0.0393585 0.0215589 -29.3901 0.0214927 0.00210312 0.999767 1.02173
-0.0539033 0.998541 -0.00320581 86.1116 -0.998205 -0.0538007 0.0263239 -30.3753 0.026113 0.004619 0.999648 1.03534
-0.0666498 0.997754 -0.00673734 86.0528 -0.997327 -0.0664155 0.0304733 -31.346 0.0299574 0.00875036 0.999513 1.07472
-0.0758218 0.997052 -0.0117446 86.024 -0.996563 -0.0753798 0.0343655 -32.3361 0.0333789 0.0143099 0.99934 1.10998
-0.0811566 0.996591 -0.0148049 85.9194 -0.995991 -0.080529 0.0389518 -33.2941 0.0376268 0.0179068 0.999131 1.14678
-0.0851448 0.996245 -0.0157233 85.8243 -0.995442 -0.0843748 0.0444431 -34.3178 0.0429496 0.0194358 0.998888 1.17762
-0.0884229 0.995933 -0.0173133 85.758 -0.995018 -0.0875115 0.047758 -35.3042 0.0460486 0.02145 0.998709 1.23421
-0.0906873 0.995731 -0.0171976 85.6193 -0.994648 -0.0897032 0.0512692 -36.342 0.0495076 0.021755 0.998537 1.28322
-0.093323 0.995484 -0.0173994 85.5399 -0.994274 -0.0922675 0.0539038 -37.2929 0.052055 0.0223303 0.998395 1.33652
-0.0958755 0.995219 -0.0186122 85.4491 -0.993807 -0.0946508 0.0582131 -38.36 0.0561732 0.0240781 0.998131 1.39626
-0.0976592 0.995018 -0.0200274 85.3977 -0.993578 -0.0963229 0.0593672 -39.3449 0.0571424 0.0256965 0.998035 1.46564
-0.0996764 0.994805 -0.0206823 85.2621 -0.993439 -0.0983254 0.0584002 -40.3581 0.0560632 0.0263677 0.998079 1.51318
-0.102533 0.994501 -0.0213107 85.2007 -0.993179 -0.101154 0.0579865 -41.4014 0.055512 0.0271109 0.99809 1.58362
-0.104634 0.994311 -0.0199571 85.081 -0.9929 -0.103302 0.058973 -42.3978 0.0565759 0.025986 0.99806 1.65162
-0.106872 0.994103 -0.0183556 84.9545 -0.99253 -0.105573 0.0611478 -43.4288 0.0588493 0.0247534 0.99796 1.71148
-0.10903 0.993898 -0.016736 84.8453 -0.992176 -0.10778 0.0630107 -44.4319 0.0608224 0.0234751 0.997873 1.77265
-0.111734 0.993642 -0.0138271 84.7533 -0.991617 -0.110576 0.0668503 -45.5011 0.0648963 0.0211807 0.997667 1.8416
-0.113469 0.993488 -0.0103599 84.6452 -0.991143 -0.112464 0.0706224 -46.4915 0.0689974 0.0182816 0.997449 1.91066
-0.115917 0.993236 -0.00672238 84.5108 -0.990672 -0.115124 0.0729119 -47.5686 0.0716448 0.0151114 0.997316 1.98555
-0.119186 0.992862 -0.00446038 84.3958 -0.990377 -0.118567 0.0713843 -48.6293 0.0703459 0.0129255 0.997439 2.07659
-0.121244 0.992618 -0.00304609 84.269 -0.990335 -0.120756 0.0682201 -49.6923 0.0673487 0.0112879 0.997666 2.13769
-0.123455 0.992346 -0.00302067 84.1562 -0.990219 -0.12299 0.0658725 -50.7523 0.0649968 0.0111234 0.997823 2.227
-0.125899 0.99204 -0.00228509 84.0324 -0.989878 -0.125472 0.0663254 -51.7856 0.0655107 0.0106123 0.997795 2.29576
-0.127031 0.991894 -0.00303718 83.8986 -0.989549 -0.126519 0.0691742 -52.8333 0.0682292 0.0117927 0.9976 2.37571
-0.127348 0.991853 -0.00314444 83.7588 -0.989351 -0.1268 0.0714604 -53.8892 0.0704795 0.0122113 0.997438 2.45539
-0.127851 0.991792 -0.00162696 83.6332 -0.989206 -0.127399 0.0723901 -54.9718 0.0715887 0.0108646 0.997375 2.53943
-0.127162 0.991881 0.000988548 83.4913 -0.98937 -0.126911 0.0709987 -56.0403 0.0705478 0.00805031 0.997476 2.60834
-0.12749 0.991829 0.00470041 83.3663 -0.98933 -0.127503 0.0704863 -57.1101 0.0705097 0.00433603 0.997502 2.68585
-0.126623 0.991921 0.00771099 83.2497 -0.989356 -0.12685 0.0713036 -58.2188 0.0717057 0.00139974 0.997425 2.7775
-0.126462 0.991891 0.0126496 83.111 -0.98931 -0.127046 0.0715842 -59.2776 0.0726108 -0.00346165 0.997354 2.85623
-0.126896 0.991792 0.0156776 83.0025 -0.989289 -0.127693 0.0707184 -60.3494 0.0721399 -0.00653585 0.997373 2.94449
-0.126805 0.991813 0.015086 82.8892 -0.989624 -0.127531 0.0661799 -61.4284 0.0675621 -0.00653752 0.997694 3.02529
-0.128216 0.991687 0.0108013 82.7423 -0.989993 -0.128629 0.0580356 -62.5561 0.0589425 -0.00325215 0.998256 3.09925
-0.128402 0.991713 0.00428511 82.5755 -0.990278 -0.128447 0.0533872 -63.6767 0.0534952 0.00261157 0.998565 3.14949
-0.127952 0.991779 -0.00187556 82.4078 -0.990299 -0.127658 0.0548688 -64.7708 0.0541783 0.00887796 0.998492 3.23398
-0.127539 0.991816 -0.0059582 82.293 -0.990099 -0.126959 0.0598733 -65.8771 0.0586268 0.0135354 0.998188 3.31069
-0.127084 0.991852 -0.00889451 82.1497 -0.989833 -0.126238 0.06553 -66.9977 0.0638732 0.0171319 0.997811 3.36408
-0.126114 0.991977 -0.00877684 82.0035 -0.989757 -0.125225 0.0685587 -68.0883 0.0669096 0.0173332 0.997608 3.48725
-0.126137 0.991983 -0.00765565 81.8544 -0.989775 -0.125331 0.068096 -69.2348 0.0665906 0.0161668 0.997649 3.53494
-0.125873 0.992017 -0.00761004 81.7247 -0.990116 -0.125146 0.0633158 -70.3434 0.061858 0.0155046 0.997965 3.59408
-0.125281 0.992102 -0.00612261 81.5957 -0.990315 -0.124678 0.0610822 -71.5051 0.0598364 0.0137157 0.998114 3.67092
-0.125373 0.992102 -0.00402224 81.4662 -0.990258 -0.12489 0.0615767 -72.6166 0.060588 0.0117031 0.998094 3.73291
-0.124846 0.992173 -0.00240018 81.2871 -0.990016 -0.124414 0.0662558 -73.7688 0.0654386 0.010648 0.9978 3.83628
-0.124014 0.992274 -0.00356889 81.1792 -0.989911 -0.123469 0.0695077 -74.9265 0.06853 0.0121528 0.997575 3.9108
-0.123779 0.992308 -0.00171858 81.0275 -0.990025 -0.123376 0.0680364 -76.0487 0.067301 0.0101229 0.997681 4.00237
-0.123009 0.992386 -0.00618275 80.8806 -0.990515 -0.122388 0.0624533 -77.2505 0.0612211 0.0138064 0.998029 4.05601
-0.123435 0.992334 -0.00617133 80.7655 -0.990579 -0.12284 0.0605327 -78.3949 0.0593105 0.013585 0.998147 4.13128
-0.123101 0.992391 -0.00243221 80.579 -0.990428 -0.122702 0.0632124 -79.5491 0.062433 0.0101904 0.997997 4.21248
-0.12313 0.99239 -0.00130095 80.4467 -0.990241 -0.122777 0.0659427 -80.7368 0.0652812 0.00940778 0.997823 4.29596
-0.123069 0.992397 -0.00127844 80.3519 -0.990257 -0.122719 0.0658039 -81.8928 0.0651467 0.00936441 0.997832 4.3722
-0.122168 0.992509 -0.00128232 80.2142 -0.990569 -0.121849 0.0626631 -83.0736 0.0620374 0.00892568 0.998034 4.43961
-0.121391 0.9926 -0.00291095 80.1017 -0.990754 -0.120985 0.0613873 -84.2279 0.0605809 0.0103359 0.99811 4.51705
-0.120761 0.992675 -0.00365586 79.9041 -0.990826 -0.120309 0.0615661 -85.4591 0.0606753 0.0110571 0.998096 4.60232
-0.119359 0.992836 -0.0054443 79.7613 -0.990983 -0.118796 0.0619664 -86.6472 0.0608757 0.0127914 0.998063 4.68456
-0.117965 0.992999 -0.00603631 79.6202 -0.991145 -0.117367 0.0621017 -87.8671 0.0609585 0.0133087 0.998052 4.74688
-0.117278 0.993086 -0.00507277 79.4608 -0.991238 -0.116744 0.0617868 -89.0168 0.0607674 0.0122745 0.998076 4.84358
-0.115756 0.993245 -0.00807253 79.3491 -0.991506 -0.115061 0.0606363 -90.2279 0.0592978 0.015023 0.998127 4.90658
-0.11497 0.993345 -0.00686541 79.247 -0.991626 -0.114356 0.0599991 -91.4301 0.0588147 0.013706 0.998175 4.98465
-0.113932 0.993462 -0.00720287 79.0832 -0.991793 -0.113311 0.0592138 -92.6703 0.0580105 0.0138901 0.998219 5.06038
-0.11117 0.993783 -0.00611694 78.9559 -0.992065 -0.11061 0.0597757 -93.9107 0.0587274 0.0127137 0.998193 5.12977
-0.110638 0.993852 -0.00424902 78.8154 -0.992006 -0.110169 0.0615376 -95.0967 0.0606911 0.0110234 0.998096 5.22155
-0.109199 0.994016 -0.00271433 78.6746 -0.992176 -0.108829 0.0611822 -96.3458 0.0605207 0.0093741 0.998123 5.28879
-0.108513 0.994094 -0.00118751 78.5636 -0.9923 -0.108245 0.0601911 -97.5548 0.0597071 0.00770986 0.998186 5.35803
-0.108306 0.994111 0.00369676 78.4602 -0.992285 -0.108331 0.0602823 -98.8234 0.0603277 0.00286068 0.998175 5.45119
-0.108701 0.994056 0.0059801 78.3381 -0.992245 -0.108864 0.0599815 -100.032 0.060276 0.000586324 0.998182 5.51939
-0.109589 0.993959 0.00596981 78.2156 -0.992265 -0.109751 0.0580058 -101.275 0.0583106 0.000433177 0.998298 5.59496
-0.110426 0.993821 0.0112588 78.0293 -0.992257 -0.110887 0.0559503 -102.559 0.056853 -0.00499319 0.99837 5.67778
-0.111458 0.993686 0.0128249 77.9163 -0.992178 -0.112 0.055117 -103.755 0.0562054 -0.00658138 0.998398 5.74101
-0.113221 0.993486 0.012897 77.7856 -0.991952 -0.113767 0.0555799 -105.091 0.0566851 -0.00650037 0.998371 5.8356
-0.115951 0.993144 0.0148353 77.6694 -0.99175 -0.116585 0.0532992 -106.339 0.0546634 -0.00853283 0.998468 5.91786
-0.119063 0.992799 0.0131825 77.5071 -0.991543 -0.119582 0.0504245 -107.624 0.0516377 -0.00706729 0.998641 5.97135
-0.122165 0.992392 0.0152941 77.3367 -0.991188 -0.122783 0.0496986 -108.842 0.0511984 -0.00908789 0.998647 6.04379
-0.127663 0.991596 0.0209609 77.2597 -0.990207 -0.128631 0.0542589 -110.044 0.0564992 -0.0138288 0.998307 6.1277
-0.134551 0.990478 0.0291309 77.0656 -0.989132 -0.136011 0.0558447 -111.275 0.0592751 -0.0213003 0.998014 6.18825
-0.144387 0.989278 0.0219392 76.8978 -0.987911 -0.145381 0.0538218 -112.548 0.0564342 -0.0139028 0.99831 6.27605
-0.155439 0.987673 0.0184815 76.7524 -0.98637 -0.156202 0.0517279 -113.786 0.053977 -0.0101891 0.99849 6.35047
-0.168578 0.985447 0.0218048 76.5188 -0.984192 -0.169499 0.0513418 -114.992 0.0542905 -0.012805 0.998443 6.44467
-0.182893 0.982909 0.0209824 76.3252 -0.98163 -0.183752 0.0513522 -116.245 0.0543301 -0.011205 0.99846 6.52166
-0.197635 0.980089 0.0191114 76.0644 -0.978848 -0.198361 0.0500858 -117.42 0.0528795 -0.00880848 0.998562 6.56788
-0.212443 0.976998 0.0184946 75.8579 -0.975685 -0.213126 0.0511435 -118.588 0.0539088 -0.00717976 0.99852 6.65556
-0.228826 0.973311 0.0174326 75.562 -0.971752 -0.229449 0.0552444 -119.798 0.0577698 -0.0042988 0.998321 6.7271
-0.243689 0.969603 0.0220433 75.2979 -0.967895 -0.244578 0.0579714 -121.009 0.0616005 -0.00720862 0.998075 6.82481
-0.258654 0.965662 0.0244101 75.0447 -0.964069 -0.259647 0.0561659 -122.121 0.0605753 -0.00900549 0.998123 6.89164
-0.275255 0.960932 0.0290738 74.6794 -0.959677 -0.276439 0.0510035 -123.321 0.0570479 -0.0138625 0.998275 6.97241
-0.28981 0.95656 0.031679 74.3792 -0.955496 -0.291077 0.0479798 -124.501 0.0551166 -0.0163642 0.998346 7.03987
-0.304606 0.951778 0.0365204 74.0141 -0.950813 -0.306116 0.0474103 -125.664 0.0563036 -0.0202826 0.998208 7.12882
-0.319011 0.946985 0.0380949 73.6407 -0.945893 -0.320644 0.0497283 -126.834 0.0593069 -0.0201698 0.998036 7.20177
-0.33293 0.942136 0.0392053 73.2367 -0.940987 -0.334632 0.0506512 -127.933 0.0608396 -0.0200284 0.997947 7.2878
-0.346313 0.937328 0.0385158 72.8382 -0.936126 -0.347961 0.0509099 -129.043 0.0611213 -0.0184248 0.99796 7.36156
-0.361451 0.931575 0.0390018 72.4309 -0.930432 -0.363087 0.0496474 -130.228 0.0604113 -0.0183434 0.998005 7.43853
-0.375828 0.925856 0.0392866 71.9953 -0.924787 -0.377434 0.0480784 -131.337 0.0593418 -0.0182625 0.998071 7.52007
-0.390786 0.919473 0.0430836 71.5171 -0.918411 -0.392618 0.0487136 -132.42 0.0617062 -0.0205319 0.997883 7.59127
-0.405572 0.913035 0.0433354 71.0717 -0.911831 -0.407438 0.0505826 -133.504 0.0638402 -0.0189997 0.997779 7.67753
-0.419407 0.906728 0.0440734 70.5662 -0.905378 -0.421338 0.0525812 -134.587 0.0662466 -0.0178502 0.997644 7.76434
-0.435049 0.89935 0.0436074 70.0737 -0.8978 -0.436963 0.0549361 -135.638 0.0684616 -0.0152509 0.997537 7.83961
-0.449204 0.892203 0.0467864 69.5268 -0.89048 -0.451358 0.0576278 -136.736 0.0725332 -0.0157757 0.997241 7.94001
-0.464753 0.884174 0.0473363 69.0449 -0.882298 -0.466941 0.0592971 -137.847 0.0745322 -0.0142062 0.997117 8.03894
-0.479896 0.87596 0.0489324 68.4703 -0.874214 -0.482143 0.0573424 -138.896 0.0738221 -0.015259 0.997155 8.12508
-0.495339 0.867148 0.0518943 67.8293 -0.865707 -0.497706 0.0532916 -139.937 0.0720398 -0.0185279 0.99723 8.20485
-0.511468 0.857596 0.0541243 67.2711 -0.856152 -0.51397 0.0532884 -141.017 0.0735181 -0.0190833 0.997111 8.30416
-0.526298 0.848407 0.0567104 66.6103 -0.847099 -0.528931 0.0515375 -142.008 0.0737207 -0.0209152 0.99706 8.39708
-0.542245 0.838245 0.0575742 65.9625 -0.836912 -0.544916 0.0514386 -143.076 0.0744912 -0.0202922 0.997015 8.47817
-0.557543 0.827916 0.060838 65.2491 -0.826706 -0.560405 0.0500354 -144.104 0.0755189 -0.0223983 0.996893 8.57727
-0.572835 0.817265 0.0627517 64.5511 -0.816132 -0.575794 0.0488823 -145.105 0.0760819 -0.0232122 0.996831 8.68798
-0.587906 0.806447 0.0633272 63.8749 -0.805424 -0.590842 0.0468765 -146.144 0.0752197 -0.0234463 0.996891 8.77288
-0.603423 0.794909 0.0632435 63.1042 -0.794117 -0.606242 0.0429981 -147.143 0.0725205 -0.0242767 0.997071 8.862
-0.61844 0.783316 0.0628317 62.3319 -0.782626 -0.62116 0.0407076 -148.13 0.0709155 -0.0239985 0.997194 8.95505
-0.633167 0.771377 0.0638459 61.6046 -0.770757 -0.635914 0.0393316 -149.132 0.07094 -0.0243063 0.997184 9.04449
-0.647859 0.758714 0.0680576 60.7968 -0.758173 -0.65089 0.0389451 -150.072 0.0738462 -0.0263685 0.996921 9.14785
-0.662935 0.745198 0.0720846 59.9938 -0.744696 -0.666262 0.0390098 -151.038 0.0770973 -0.0278202 0.996635 9.24323
-0.678389 0.730998 0.0736844 59.1014 -0.730741 -0.68173 0.0355163 -151.997 0.0761953 -0.0297503 0.996649 9.3584
-0.694475 0.715695 0.074062 58.2737 -0.71584 -0.697649 0.0292997 -152.897 0.0726389 -0.0326686 0.996823 9.42953
-0.711165 0.69892 0.0758641 57.3627 -0.699334 -0.714344 0.0253934 -153.813 0.071941 -0.0349955 0.996795 9.53308
-0.727649 0.681575 0.0773529 56.4508 -0.682156 -0.730852 0.0227652 -154.699 0.0720498 -0.0362017 0.996744 9.63394
-0.745025 0.662073 0.0812254 55.4961 -0.663059 -0.74835 0.0180553 -155.555 0.0727389 -0.0404055 0.996532 9.72795
-0.761602 0.642963 0.0810005 54.5496 -0.643883 -0.76492 0.0176812 -156.423 0.0733272 -0.0386888 0.996557 9.80617
-0.777617 0.623322 0.0823547 53.5712 -0.624239 -0.781042 0.0172614 -157.252 0.0750819 -0.0379863 0.996454 9.94357
-0.792888 0.604093 0.0799956 52.5697 -0.60475 -0.796201 0.0185069 -158.026 0.0748724 -0.0337034 0.996623 10.0138
-0.807703 0.584413 0.0779545 51.5409 -0.5849 -0.810887 0.0188296 -158.807 0.0742166 -0.0303868 0.996779 10.13
-0.821916 0.56408 0.07917 50.4886 -0.564413 -0.825244 0.0202539 -159.577 0.0767594 -0.0280376 0.996655 10.2302
-0.834794 0.544253 0.0831091 49.446 -0.544605 -0.838445 0.0203782 -160.249 0.0807734 -0.02825 0.996332 10.3512
-0.847756 0.523927 0.0825303 48.3842 -0.524161 -0.851371 0.0205447 -160.957 0.0810278 -0.0258422 0.996377 10.4645
-0.85986 0.504171 0.0803299 47.2916 -0.504297 -0.863294 0.0201986 -161.622 0.0795319 -0.0231422 0.996564 10.5597
-0.870101 0.486191 0.0808873 46.1771 -0.486168 -0.873605 0.0213198 -162.258 0.0810291 -0.0207745 0.996495 10.6503
-0.879539 0.46851 0.0831272 45.0304 -0.4683 -0.883264 0.0232238 -162.875 0.0843039 -0.0185022 0.996268 10.8001
-0.887935 0.451942 0.0855582 43.9044 -0.451899 -0.891822 0.0209871 -163.457 0.0857877 -0.0200285 0.996112 10.8991
-0.895928 0.435677 0.0865987 42.7467 -0.435729 -0.899871 0.0192981 -164.055 0.0863354 -0.0204439 0.996056 11.0007
-0.903516 0.419694 0.0866968 41.6176 -0.419866 -0.907424 0.0171338 -164.614 0.0858618 -0.0209204 0.996087 11.1264
-0.909528 0.406467 0.0868481 40.4619 -0.406665 -0.913434 0.0162025 -165.143 0.0859158 -0.0205815 0.99609 11.2403
-0.915573 0.392626 0.0870055 39.3144 -0.393087 -0.919416 0.0124909 -165.637 0.0848986 -0.0227644 0.99613 11.3606
-0.922068 0.377497 0.0853578 38.1337 -0.37823 -0.925677 0.0080411 -166.194 0.0820492 -0.0248704 0.996318 11.4645
-0.926982 0.365768 0.0831758 36.9205 -0.366694 -0.930331 0.00440858 -166.711 0.0789935 -0.0264134 0.996525 11.5778
-0.931287 0.35544 0.0797943 35.7615 -0.356171 -0.934406 0.00536585 -167.135 0.0764675 -0.0234232 0.996797 11.6736
-0.934618 0.346802 0.0788545 34.5345 -0.347278 -0.937728 0.00804512 -167.604 0.0767341 -0.0198653 0.996854 11.8055
-0.936556 0.341314 0.0798002 33.2905 -0.341336 -0.93984 0.0137924 -168.044 0.079707 -0.0143213 0.996715 11.913
-0.93827 0.336527 0.0799994 32.0813 -0.336414 -0.94159 0.0152941 -168.468 0.0804735 -0.0125629 0.996678 12.0322
-0.94052 0.330035 0.080623 30.9104 -0.330066 -0.943864 0.0133232 -168.875 0.0804943 -0.0140802 0.996656 12.1416
-0.942014 0.326069 0.0793007 29.6859 -0.326567 -0.945148 0.00698143 -169.303 0.0772274 -0.0193204 0.996826 12.2286
-0.94401 0.320343 0.0788988 28.477 -0.321176 -0.947017 0.00223761 -169.773 0.0754353 -0.0232281 0.99688 12.3347
-0.945018 0.316444 0.0824912 27.2515 -0.317867 -0.948125 -0.00437172 -170.207 0.0768286 -0.0303526 0.996582 12.4269
-0.946363 0.311403 0.0861708 26.0333 -0.313156 -0.949674 -0.00728352 -170.602 0.079566 -0.0338778 0.996254 12.5405
-0.94668 0.309847 0.0882715 24.8417 -0.3117 -0.950149 -0.00769506 -171.012 0.0814868 -0.034799 0.996067 12.6431
-0.946493 0.309997 0.0897372 23.6496 -0.311686 -0.950171 -0.00511157 -171.421 0.0836812 -0.0328079 0.995952 12.7481
-0.946547 0.309468 0.0909861 22.4216 -0.311119 -0.950362 -0.0041911 -171.836 0.0851727 -0.0322745 0.995843 12.879
-0.946177 0.310232 0.0922278 21.262 -0.311861 -0.950121 -0.00344975 -172.207 0.0865574 -0.0320264 0.995732 12.9756
-0.945652 0.311434 0.0935465 19.9934 -0.313044 -0.949735 -0.00267527 -172.632 0.0880112 -0.031814 0.995611 13.1089
-0.945066 0.313352 0.0930664 18.7811 -0.314765 -0.94917 -0.000526564 -173.042 0.0881708 -0.0297917 0.99566 13.2284
-0.943831 0.317159 0.0926988 17.5548 -0.318605 -0.947887 -0.000851266 -173.46 0.087598 -0.0303378 0.995694 13.353
-0.94287 0.319769 0.0935093 16.3555 -0.321421 -0.946933 -0.00275899 -173.847 0.0876647 -0.0326572 0.995615 13.4669
-0.941667 0.323825 0.0916582 15.1571 -0.325458 -0.945552 -0.00305187 -174.269 0.0856793 -0.0327047 0.995786 13.5869
-0.939979 0.329541 0.0885608 14.0577 -0.331264 -0.943524 -0.00510245 -174.67 0.0818778 -0.0341332 0.996058 13.6862
-0.937373 0.337285 0.0870055 12.8117 -0.339123 -0.940717 -0.00684118 -175.113 0.0795401 -0.0359183 0.996184 13.7956
-0.934713 0.344983 0.0854349 11.556 -0.346636 -0.937987 -0.00486476 -175.577 0.0784585 -0.034162 0.996332 13.9229
-0.931622 0.353018 0.0863591 10.3794 -0.354711 -0.934964 -0.0046061 -176.026 0.0791166 -0.0349237 0.996253 14.0217
-0.928321 0.361424 0.0871375 9.25725 -0.3631 -0.931743 -0.00366695 -176.427 0.0798644 -0.0350438 0.99619 14.1441
-0.923722 0.373163 0.0865313 8.07323 -0.374635 -0.927172 -0.000841122 -176.899 0.0799155 -0.0331946 0.996249 14.2431
-0.918949 0.38484 0.0862001 6.93638 -0.386064 -0.922468 0.00266313 -177.404 0.0805418 -0.0308315 0.996274 14.3369
-0.91288 0.39867 0.0878211 5.73518 -0.399939 -0.916535 0.00340039 -177.925 0.0818468 -0.032019 0.99613 14.4568
-0.907119 0.411954 0.0861941 4.67676 -0.412967 -0.910722 0.00656188 -178.381 0.0812021 -0.0296429 0.996257 14.5599
-0.901434 0.42482 0.083336 3.50961 -0.425801 -0.904794 0.00651143 -178.929 0.0781681 -0.0296149 0.9965 14.6482
-0.89437 0.439804 0.0817012 2.24246 -0.440443 -0.897713 0.010992 -179.65 0.0781786 -0.0261538 0.996596 14.7738
-0.88771 0.45319 0.0811763 1.15994 -0.453826 -0.891016 0.0114989 -180.123 0.0775405 -0.0266322 0.996633 14.8782
-0.880848 0.46693 0.0779925 0.0269854 -0.467469 -0.883924 0.012323 -180.676 0.0746934 -0.0256043 0.996878 14.994
-0.874245 0.480078 0.0722516 -1.06344 -0.480134 -0.877016 0.0177253 -181.304 0.0718753 -0.0191942 0.997229 15.0707
-0.865861 0.495479 0.0691811 -2.13818 -0.495365 -0.868455 0.0200047 -181.93 0.0699926 -0.0169486 0.997404 15.1817
-0.857345 0.510582 0.065316 -3.20602 -0.510173 -0.859736 0.0240553 -182.608 0.0684367 -0.0126987 0.997575 15.278
-0.846388 0.528862 0.0627162 -4.38471 -0.528323 -0.848638 0.0262513 -183.316 0.0671066 -0.0109157 0.997686 15.3987
-0.836361 0.545004 0.0589225 -5.33057 -0.544224 -0.838405 0.0299736 -183.899 0.0657366 -0.00699824 0.997812 15.4641
-0.824881 0.562375 0.0575001 -6.40113 -0.561597 -0.826851 0.030433 -184.574 0.0646588 -0.00718829 0.997882 15.5804
-0.813299 0.57919 0.0555262 -7.3963 -0.578249 -0.815177 0.0333697 -185.301 0.0645911 -0.00496846 0.997899 15.6612
-0.801059 0.596114 0.0543372 -8.38875 -0.595104 -0.802888 0.0349581 -185.995 0.0644657 -0.00433284 0.997911 15.7545
-0.787665 0.614078 0.0499201 -9.35437 -0.612976 -0.789244 0.036799 -186.731 0.0619966 -0.00161458 0.998075 15.8396
-0.772824 0.632933 0.0462511 -10.3137 -0.631822 -0.774207 0.0374777 -187.511 0.0595288 -0.000258816 0.998227 15.949
-0.75671 0.652201 0.044981 -11.2499 -0.650979 -0.758045 0.0399287 -188.298 0.0601392 0.00093277 0.99819 16.0403
-0.738606 0.672694 0.0440923 -12.1589 -0.671315 -0.739917 0.043112 -189.124 0.0616259 0.00224297 0.998097 16.1145
-0.721792 0.690711 0.0439811 -12.9947 -0.689317 -0.72313 0.0438811 -189.886 0.0621132 0.00135619 0.998068 16.2063
-0.702691 0.710211 0.0427283 -13.882 -0.708871 -0.703989 0.0436119 -190.701 0.061054 0.000356853 0.998134 16.2998
-0.683489 0.728793 0.0412729 -14.6649 -0.727451 -0.684734 0.0442118 -191.528 0.0604822 0.000194274 0.998169 16.3698
-0.66336 0.747118 0.0420449 -15.4486 -0.745773 -0.66469 0.0448395 -192.489 0.0614472 -0.00161122 0.998109 16.465
-0.640767 0.76647 0.0440655 -16.2566 -0.765223 -0.642257 0.0440363 -193.458 0.0620539 -0.00550294 0.998058 16.5578
-0.620902 0.782725 0.0426947 -16.9344 -0.781473 -0.622342 0.0446032 -194.313 0.0614828 -0.0056706 0.998092 16.6262
-0.598951 0.799798 0.0397621 -17.6776 -0.798557 -0.60025 0.0448035 -195.286 0.0597009 -0.00491715 0.998204 16.7077
-0.575036 0.817243 0.0380393 -18.3909 -0.815969 -0.576274 0.0458578 -196.234 0.059398 -0.00466899 0.998223 16.7958
-0.550751 0.833793 0.038233 -18.9789 -0.832466 -0.552047 0.0473777 -197.136 0.0606096 -0.0057343 0.998145 16.8834
-0.523672 0.851181 0.0354731 -19.6399 -0.849775 -0.524853 0.0491117 -198.074 0.0604211 -0.00442569 0.998163 16.9589
-0.497238 0.8669 0.0352032 -20.2395 -0.865588 -0.498439 0.0481154 -199.158 0.0592579 -0.00654674 0.998221 17.0461
-0.46949 0.882321 0.033005 -20.7595 -0.881124 -0.470593 0.0464993 -200.179 0.0565592 -0.00725055 0.998373 17.1173
-0.440271 0.897303 0.0317518 -21.3555 -0.896105 -0.441346 0.0470031 -201.192 0.0561896 -0.00775884 0.99839 17.2102
-0.409081 0.912036 0.0290361 -21.7905 -0.910707 -0.410064 0.0496032 -202.272 0.0571466 -0.00615165 0.998347 17.2718
-0.379301 0.924876 0.0271258 -22.2153 -0.923483 -0.380228 0.0510539 -203.303 0.0575325 -0.00568543 0.998327 17.3532
-0.34776 0.937268 0.0243124 -22.6822 -0.935887 -0.348573 0.0511055 -204.359 0.0563742 -0.00498122 0.998397 17.4474
-0.313496 0.949375 0.0201901 -23.1046 -0.947959 -0.314133 0.0519125 -205.551 0.0556268 -0.00286496 0.998448 17.5004
-0.280953 0.959567 0.0172257 -23.431 -0.958207 -0.281472 0.0511063 -206.614 0.0538885 -0.00214736 0.998545 17.578
-0.248604 0.968498 0.0144138 -23.7308 -0.967261 -0.249016 0.0489722 -207.714 0.0510188 -0.00176722 0.998696 17.6449
-0.213889 0.976806 0.0100741 -23.9431 -0.975635 -0.214125 0.0478148 -208.809 0.0488629 0.000398383 0.998805 17.6972
-0.178223 0.983968 0.0065795 -24.2058 -0.982798 -0.178332 0.0480133 -210.011 0.0484169 0.00209076 0.998825 17.7774
-0.143252 0.989678 0.00396686 -24.3643 -0.988519 -0.143277 0.0479711 -211.165 0.0480444 0.00295065 0.998841 17.8258
-0.109669 0.993966 0.00210368 -24.4896 -0.992819 -0.109643 0.0478364 -212.258 0.0477785 0.00315758 0.998853 17.8921
-0.0706349 0.997502 0.00104351 -24.6576 -0.996318 -0.070602 0.048637 -213.54 0.0485892 0.0023958 0.998816 17.972
-0.0382492 0.999267 -0.00184563 -24.6835 -0.99806 -0.038112 0.0492316 -214.666 0.0491252 0.00372512 0.998786 18.0089
-0.00584638 0.999978 -0.0032776 -24.6783 -0.998831 -0.00568235 0.0480018 -215.801 0.0479821 0.0035544 0.998842 18.0647
0.028013 0.999605 -0.00213251 -24.7354 -0.998434 0.0280834 0.0483803 -216.933 0.0484211 0.000773888 0.998827 18.1519
0.0623632 0.998029 -0.00702422 -24.6418 -0.996852 0.0626318 0.0486182 -218.132 0.0489623 0.00397012 0.998793 18.1958
0.0932786 0.995611 -0.00757829 -24.5931 -0.994515 0.0935322 0.0468104 -219.273 0.0473138 0.00317032 0.998875 18.2802
0.124616 0.992139 -0.0114193 -24.3939 -0.991133 0.125008 0.0450429 -220.455 0.0461164 0.00570502 0.99892 18.334
0.154477 0.987898 -0.0139409 -24.2627 -0.986863 0.15496 0.0457066 -221.591 0.0473137 0.00669719 0.998858 18.3906
0.186747 0.982255 -0.017344 -24.0651 -0.981224 0.18736 0.0457868 -222.85 0.0482238 0.00846776 0.998801 18.4783
0.214538 0.976485 -0.0212127 -23.7788 -0.975485 0.215307 0.0455122 -223.922 0.0490092 0.0109286 0.998739 18.5237
0.245116 0.969183 -0.0245366 -23.538 -0.968288 0.245995 0.0436432 -225.036 0.0483342 0.0130609 0.998746 18.6034
0.275376 0.960953 -0.027149 -23.1968 -0.960094 0.276346 0.0430438 -226.232 0.0488656 0.0142124 0.998704 18.6834
0.306096 0.951425 -0.0331157 -22.8927 -0.95068 0.307317 0.0419852 -227.39 0.0501228 0.018631 0.998569 18.7324
0.334033 0.941917 -0.0348424 -22.5074 -0.941182 0.335316 0.0417098 -228.461 0.0509703 0.0188606 0.998522 18.7978
0.362451 0.931285 -0.0365787 -22.0958 -0.930625 0.363769 0.0401022 -229.572 0.0506528 0.019506 0.998526 18.878
0.389467 0.920214 -0.0390067 -21.6551 -0.919662 0.390851 0.038183 -230.584 0.0503823 0.0210019 0.998509 18.9316
0.419602 0.906756 -0.0415612 -21.1433 -0.906108 0.421141 0.040106 -231.762 0.0538695 0.0208304 0.998331 19.0216
0.445773 0.893949 -0.0462768 -20.6392 -0.893315 0.447571 0.0408547 -232.765 0.0572342 0.0231279 0.998093 19.082
0.473407 0.8794 -0.0504128 -20.0579 -0.878868 0.475402 0.0397877 -233.817 0.0589557 0.0254704 0.997936 19.1346
0.500875 0.863938 -0.0523118 -19.4873 -0.863559 0.502892 0.036948 -234.921 0.058228 0.026668 0.997947 19.2205
0.526901 0.848311 -0.0523809 -18.8754 -0.84799 0.528859 0.0349527 -235.977 0.0573529 0.0260019 0.998015 19.3108
0.550705 0.833018 -0.0529616 -18.2009 -0.832667 0.552682 0.0347622 -236.993 0.0582285 0.0249556 0.997991 19.3858
0.57148 0.818882 -0.0533214 -17.5356 -0.818495 0.573467 0.0346662 -237.971 0.0589656 0.0238322 0.997975 19.4666
0.591516 0.804539 -0.0531641 -16.8247 -0.80414 0.593468 0.0339752 -238.972 0.0588855 0.0226546 0.998008 19.5475
0.609926 0.790692 -0.0528832 -16.0682 -0.790352 0.611811 0.0321017 -239.919 0.0577371 0.0222167 0.998085 19.6284
0.627572 0.776721 -0.0534518 -15.3066 -0.776547 0.629406 0.0286923 -240.853 0.0559288 0.0235014 0.998158 19.7009
0.644741 0.762449 -0.0545944 -14.4936 -0.762388 0.646581 0.0264208 -241.876 0.0554443 0.0245876 0.998159 19.7919
0.658901 0.750141 -0.0560151 -13.7192 -0.75019 0.66077 0.0244524 -242.737 0.0553559 0.0259102 0.99813 19.8561
0.674235 0.736291 -0.0572985 -12.9331 -0.736391 0.67615 0.0234418 -243.632 0.0560024 0.0263889 0.998082 19.9335
0.689635 0.721802 -0.0583588 -12.0559 -0.72196 0.691579 0.022178 -244.568 0.0563678 0.026838 0.998049 20.0078
0.704582 0.707288 -0.0575102 -11.2072 -0.707475 0.706439 0.0205472 -245.435 0.0551602 0.0262098 0.998133 20.0795
0.718744 0.69295 -0.0568106 -10.3329 -0.693283 0.720469 0.0168369 -246.288 0.0525974 0.0272844 0.998243 20.1623
0.733307 0.677488 -0.0571865 -9.42353 -0.677895 0.735007 0.0149265 -247.126 0.052145 0.0278207 0.998252 20.2252
0.746295 0.66287 -0.0603875 -8.47912 -0.663352 0.748165 0.0145618 -247.952 0.0548324 0.0291909 0.998069 20.2982
0.759333 0.647747 -0.0619469 -7.55636 -0.648287 0.761273 0.0136664 -248.753 0.0560109 0.0297821 0.997986 20.3632
0.771125 0.633682 -0.0617521 -6.59867 -0.63423 0.773038 0.0127846 -249.583 0.0558381 0.0293065 0.99801 20.4416
0.782329 0.619837 -0.06134 -5.61477 -0.620448 0.784173 0.010845 -250.368 0.0548233 0.0295738 0.998058 20.5168
0.793369 0.605612 -0.0616372 -4.62712 -0.606388 0.795135 0.0073706 -251.145 0.0534736 0.0315284 0.998071 20.5957
0.803478 0.592008 -0.0628476 -3.58963 -0.592864 0.80528 0.00601515 -251.902 0.0541709 0.032427 0.998005 20.6867
0.812346 0.579369 -0.0665299 -2.57964 -0.580371 0.814336 0.00509205 -252.645 0.0571279 0.0344755 0.997771 20.7487
0.821361 0.566417 -0.067357 -1.47261 -0.567571 0.823321 0.00241256 -253.405 0.0568229 0.0362483 0.997726 20.8294
0.829073 0.554985 -0.0680418 -0.45802 -0.556312 0.830973 -0.000669526 -254.08 0.0561693 0.0384075 0.997682 20.8941
0.836073 0.544206 -0.0694478 0.60363 -0.545667 0.837998 -0.00250431 -254.792 0.0568343 0.0399892 0.997582 20.9733
0.841954 0.535103 -0.0691296 1.71019 -0.536639 0.8438 -0.00442209 -255.486 0.0559653 0.0408209 0.997598 21.0596
0.846196 0.528399 -0.0688978 2.81443 -0.529979 0.847992 -0.00564413 -256.163 0.0554424 0.0412904 0.997608 21.1274
0.849139 0.523841 -0.0674744 3.95766 -0.525441 0.850799 -0.00725014 -256.86 0.0536092 0.0416102 0.997695 21.1965
0.851663 0.519803 -0.0668978 5.02611 -0.521397 0.853279 -0.00774282 -257.539 0.0530578 0.0414746 0.99773 21.281
0.854502 0.515061 -0.0673679 6.1821 -0.516716 0.856113 -0.00868658 -258.235 0.0532004 0.0422328 0.99769 21.3507
0.856587 0.511641 -0.0669429 7.33699 -0.513425 0.858056 -0.0115967 -258.909 0.0515074 0.0443038 0.997689 21.4168
0.858674 0.508104 -0.0671478 8.4207 -0.509992 0.860072 -0.0135789 -259.565 0.0508525 0.0459047 0.997651 21.4825
0.861207 0.50369 -0.0679635 9.57382 -0.505681 0.86259 -0.0149897 -260.247 0.0510745 0.0472772 0.997575 21.5555
0.863806 0.499175 -0.0682921 10.7858 -0.50122 0.865175 -0.0158537 -260.969 0.0511708 0.0479239 0.997539 21.6411
0.865952 0.495544 -0.0675527 11.9264 -0.497532 0.867306 -0.0155499 -261.603 0.0508832 0.0470751 0.997595 21.7096
0.867699 0.492479 -0.0675461 13.0598 -0.494514 0.869011 -0.0165895 -262.247 0.0505284 0.0477972 0.997578 21.7837
0.86985 0.488803 -0.0665813 14.2428 -0.490796 0.871114 -0.0167557 -262.913 0.0498096 0.0472528 0.99764 21.8515
0.870937 0.486927 -0.0661193 15.3742 -0.488826 0.872246 -0.0153703 -263.531 0.0501881 0.0457073 0.997693 21.9216
0.872018 0.485162 -0.0648203 16.5941 -0.486917 0.87334 -0.013719 -264.208 0.0499542 0.0435253 0.997803 21.996
0.872369 0.484576 -0.064491 17.7116 -0.48629 0.873697 -0.0132045 -264.822 0.049947 0.0428805 0.997831 22.0608
0.87291 0.483512 -0.0651464 18.8746 -0.485218 0.874303 -0.0125138 -265.457 0.0509072 0.0425337 0.997797 22.1366
0.873361 0.482744 -0.064807 20.082 -0.484257 0.874879 -0.00908146 -266.105 0.0523142 0.0393146 0.997856 22.2239
0.873683 0.481906 -0.0666613 21.2415 -0.483506 0.875291 -0.00934604 -266.751 0.0538441 0.0403966 0.997732 22.298
0.873851 0.481796 -0.0652475 22.4149 -0.483153 0.875516 -0.00587976 -267.4 0.0542924 0.0366625 0.997852 22.3859
