1 0 0 0 0 1 0 0 -0 0 1 0
0.999991 0.00227719 -0.00352433 0.964161 -0.00227592 0.999997 0.000364003 0.0136349 0.00352515 -0.000355979 0.999994 0.0996021
0.999986 0.00283871 -0.00449112 1.91193 -0.00284282 0.999996 -0.000907346 -0.00998812 0.00448852 0.000920101 0.99999 0.113119
0.999994 0.00303774 -0.00192478 2.88097 -0.00303933 0.999995 -0.000825876 -3.97279e-05 0.00192226 0.00083172 0.999998 0.116496
0.999994 0.00242778 0.00264478 3.83552 -0.00241826 0.999991 -0.00359554 -0.0245529 -0.00265349 0.00358912 0.99999 0.111358
0.999994 0.00101279 0.00328378 4.7858 -0.000997307 0.999988 -0.004713 -0.0276885 -0.00328851 0.0047097 0.999984 0.141648
1 0.000109104 0.000325511 5.70965 -0.000107393 0.999986 -0.00525155 -0.00521829 -0.00032608 0.00525151 0.999986 0.146385
0.999996 -0.000574972 -0.00262405 6.62873 0.000561604 0.999987 -0.00509228 -0.000699103 0.00262695 0.00509079 0.999984 0.154738
0.999993 -0.00138255 -0.00334621 7.53847 0.00135836 0.999973 -0.00722241 -0.00359611 0.00335611 0.00721782 0.999968 0.168525
0.999996 -0.00219092 -0.00201229 8.46491 0.00217857 0.999979 -0.00611681 -0.00136413 0.00202565 0.0061124 0.999979 0.178272
0.999994 -0.00337696 0.00107094 9.38562 0.00338512 0.999965 -0.00771592 0.0145457 -0.00104485 0.0077195 0.99997 0.182249
0.999989 -0.00406073 0.00243664 10.288 0.00407827 0.999966 -0.00723483 0.0219721 -0.00240717 0.00724469 0.999971 0.196325
0.999983 -0.00494396 0.00315066 11.2194 0.00497146 0.999949 -0.0087805 0.0240809 -0.00310709 0.00879601 0.999956 0.208748
0.999979 -0.00554331 0.00325041 12.1195 0.00557126 0.999947 -0.00865279 0.00642297 -0.00320228 0.00867072 0.999957 0.213818
0.999977 -0.00631714 0.00238454 13.0132 0.00634048 0.999931 -0.00991052 0.0579684 -0.00232176 0.00992542 0.999948 0.210004
0.999972 -0.00748167 -2.53894e-06 13.9393 0.0074813 0.999926 -0.00961433 0.0411777 7.447e-05 0.00961404 0.999954 0.227131
0.999955 -0.00934375 -0.0014081 14.8481 0.00933042 0.999914 -0.00919286 0.059584 0.00149388 0.00917931 0.999957 0.242783
0.999939 -0.0108802 -0.00167999 15.7468 0.0108644 0.999899 -0.00915559 0.0855926 0.00177943 0.00913678 0.999957 0.2519
0.999924 -0.0121096 -0.00249053 16.6474 0.0120839 0.999876 -0.0100844 0.103046 0.00261234 0.0100535 0.999946 0.264754
0.999904 -0.0136032 -0.00253062 17.5074 0.0135801 0.999868 -0.0089592 0.138779 0.00265216 0.00892398 0.999957 0.274459
0.999887 -0.0149187 -0.00202736 18.4261 0.0148997 0.999848 -0.00907035 0.171573 0.00216237 0.00903911 0.999957 0.288898
0.999863 -0.0165318 -0.000998367 19.3298 0.0165219 0.999821 -0.00925286 0.166814 0.00115116 0.00923509 0.999957 0.296301
0.999832 -0.0183405 -0.000420846 20.1723 0.0183361 0.999792 -0.00891714 0.192127 0.000584304 0.00890792 0.99996 0.300235
0.999802 -0.019902 -0.00060117 21.0703 0.0198951 0.999753 -0.00991926 0.201477 0.000798434 0.00990533 0.999951 0.320215
0.999774 -0.0212396 -0.0010167 21.9324 0.0212282 0.999723 -0.0101738 0.219697 0.0012325 0.0101499 0.999948 0.331212
0.999762 -0.0218325 -0.000306402 22.7945 0.021828 0.999704 -0.0106992 0.239013 0.000539902 0.01069 0.999943 0.342581
0.999725 -0.0234331 0.00124091 23.68 0.0234441 0.999678 -0.00971089 0.271979 -0.00101296 0.0097373 0.999952 0.362087
0.999698 -0.0241435 0.00458333 24.5232 0.0241954 0.99964 -0.0116303 0.286537 -0.00430088 0.0117377 0.999922 0.373577
0.999674 -0.0248661 0.00578331 25.3335 0.024932 0.999622 -0.011614 0.330135 -0.00549232 0.0117544 0.999916 0.374145
0.999659 -0.0256533 0.00481102 26.1776 0.0257012 0.999618 -0.0101622 0.336303 -0.00454849 0.0102824 0.999937 0.383376
0.999647 -0.0264578 0.00228846 26.9982 0.0264764 0.999613 -0.0085174 0.355966 -0.00206223 0.00857498 0.999961 0.395311
0.999626 -0.0273392 0.000676566 27.7794 0.027344 0.999589 -0.00858359 0.398339 -0.00044162 0.00859888 0.999963 0.407826
0.999608 -0.027978 0.000615046 28.5691 0.0279819 0.999577 -0.00787527 0.408415 -0.000394452 0.00788939 0.999969 0.417136
0.999565 -0.0294792 -0.000108308 29.3255 0.0294774 0.999533 -0.00802351 0.450565 0.000344784 0.00801683 0.999968 0.425963
0.999502 -0.0315532 -0.000926078 30.1248 0.0315452 0.999473 -0.00770848 0.465992 0.00116882 0.00767543 0.99997 0.442091
0.999446 -0.0332608 -0.00104844 30.8933 0.0332518 0.999417 -0.00770304 0.491887 0.00130404 0.00766391 0.99997 0.449355
0.999388 -0.0349925 -0.000193777 31.6382 0.03499 0.999358 -0.00768339 0.518084 0.000462513 0.0076719 0.99997 0.453322
0.999301 -0.037334 0.00212629 32.3941 0.037349 0.999274 -0.0074979 0.561726 -0.00184482 0.00757207 0.99997 0.467822
0.999223 -0.0392502 0.00348344 33.1607 0.0392728 0.999206 -0.00667873 0.594299 -0.00321853 0.00681035 0.999972 0.470681
0.999148 -0.0411257 0.003464 33.8716 0.0411465 0.999134 -0.00616545 0.635074 -0.00320744 0.00630273 0.999975 0.478187
0.999079 -0.0428295 0.00263758 34.5706 0.0428366 0.999078 -0.00272643 0.692269 -0.00251837 0.0028369 0.999993 0.493055
0.998998 -0.0447157 0.00198787 35.2967 0.0447176 0.998999 -0.000928528 0.703642 -0.00194436 0.00101649 0.999998 0.497168
0.998936 -0.0460026 0.00314864 35.9722 0.0460033 0.998941 -0.000134233 0.735209 -0.00313913 0.000278938 0.999995 0.504399
0.998898 -0.0467437 0.00425671 36.6477 0.0467394 0.998907 0.00110023 0.767654 -0.00430349 -0.000900063 0.99999 0.510816
0.998848 -0.0477114 0.00503999 37.329 0.0476934 0.998855 0.00363144 0.822204 -0.00520748 -0.00338688 0.999981 0.511163
0.998935 -0.0460201 0.00325551 37.9738 0.0459974 0.998919 0.00675281 0.850555 -0.00356275 -0.00659587 0.999972 0.525606
0.999013 -0.0444096 0.000209469 38.656 0.0444067 0.998984 0.00767106 0.897469 -0.000549924 -0.00765419 0.999971 0.525004
0.99909 -0.0426177 -0.00163918 39.2811 0.0426309 0.999049 0.00913378 0.912317 0.00124836 -0.00919535 0.999957 0.544993
0.999242 -0.0389189 -0.000779519 39.8941 0.0389246 0.999195 0.00971921 0.953005 0.000400631 -0.00974219 0.999952 0.545541
0.999364 -0.0356135 0.00182347 40.5669 0.0355832 0.99926 0.014604 0.987472 -0.00234222 -0.0145298 0.999892 0.558649
0.999461 -0.0324704 0.0047774 41.2043 0.0323779 0.999308 0.0183147 1.03242 -0.00536878 -0.0181501 0.999821 0.540327
0.999594 -0.0278949 0.00576735 41.802 0.0277547 0.999348 0.023109 1.04358 -0.00640821 -0.0229396 0.999716 0.556337
0.99973 -0.0223527 0.00628138 42.3791 0.0221738 0.999383 0.0272349 1.07121 -0.00688628 -0.0270883 0.999609 0.564123
0.999828 -0.0166642 0.00810547 42.9327 0.0164097 0.9994 0.0305155 1.09352 -0.00860912 -0.0303772 0.999501 0.56181
0.999905 -0.00980127 0.00972261 43.502 0.00944993 0.999323 0.0355472 1.08783 -0.0100644 -0.035452 0.999321 0.565078
0.999946 -0.00242195 0.0100565 44.0293 0.0020288 0.99924 0.0389211 1.11023 -0.0101432 -0.0388986 0.999192 0.578893
0.999938 0.00469177 0.0100712 44.5365 -0.00511443 0.999089 0.0423594 1.11458 -0.00986326 -0.0424083 0.999052 0.578835
0.999875 0.0120472 0.0102789 45.0436 -0.0125135 0.998836 0.046581 1.11536 -0.00970579 -0.0467038 0.998862 0.579015
0.999779 0.0194325 0.00796211 45.5189 -0.0198104 0.998527 0.0505133 1.11785 -0.00696878 -0.0506599 0.998692 0.584622
0.999597 0.0278345 0.00557197 45.9474 -0.0280882 0.998236 0.05231 1.1104 -0.00410612 -0.0524454 0.998615 0.601182
0.999347 0.0357294 0.00538324 46.3645 -0.0359659 0.99793 0.05332 1.08393 -0.00346701 -0.0534788 0.998563 0.591381
0.999038 0.0432691 0.00712563 46.7954 -0.0435829 0.997684 0.0522263 1.06935 -0.00484934 -0.0524866 0.99861 0.608545
0.998635 0.0514971 0.0087844 47.1343 -0.0518975 0.997193 0.0539682 1.05477 -0.00598054 -0.0543504 0.998504 0.613
0.998141 0.0601454 0.00987522 47.5084 -0.0606102 0.996552 0.0566572 1.04198 -0.0064335 -0.0571504 0.998345 0.620069
0.997573 0.0689335 0.00984925 47.8266 -0.069411 0.995686 0.0615676 1.01535 -0.00556269 -0.0621018 0.998054 0.615242
0.996924 0.0775444 0.0113668 48.1445 -0.0781183 0.994862 0.064394 0.985985 -0.00631504 -0.0650839 0.99786 0.6107
0.996134 0.0870582 0.011748 48.4214 -0.0876378 0.994062 0.0645005 0.983849 -0.00606295 -0.0652807 0.997849 0.625424
0.995174 0.097507 0.0110317 48.6802 -0.0980126 0.993167 0.063341 0.938554 -0.00478017 -0.0641165 0.997931 0.630132
0.993958 0.109492 0.00761866 48.9712 -0.109755 0.992009 0.0622201 0.900231 -0.000745156 -0.0626804 0.998033 0.636049
0.992326 0.123574 0.00435414 49.199 -0.123603 0.990356 0.0625902 0.870451 0.00342238 -0.0626481 0.99803 0.636053
0.990349 0.138545 0.00366689 49.4663 -0.138492 0.988254 0.0646024 0.843289 0.00532655 -0.0644868 0.997904 0.6349
0.987913 0.154957 0.00391578 49.7349 -0.154878 0.985743 0.0657478 0.781733 0.00632815 -0.0655596 0.997829 0.643834
0.985148 0.171668 0.00367401 49.9973 -0.171534 0.982963 0.0660301 0.723079 0.00772387 -0.0656797 0.997811 0.643272
0.98175 0.190131 0.00409691 50.2218 -0.189988 0.979605 0.065404 0.669641 0.00842196 -0.0649887 0.99785 0.656365
0.977833 0.209331 0.00473729 50.4508 -0.2092 0.975772 0.0640647 0.593259 0.0087882 -0.0636356 0.997935 0.659897
0.97338 0.229147 0.00476623 50.69 -0.228977 0.971327 0.0639764 0.532694 0.0100304 -0.0633647 0.99794 0.665467
0.968178 0.250209 0.0051343 50.9429 -0.249998 0.966013 0.0657278 0.48864 0.0114859 -0.0649198 0.997824 0.66938
0.961974 0.2731 0.00465178 51.2052 -0.27279 0.959742 0.0669314 0.393677 0.0138145 -0.0656552 0.997747 0.667701
0.954703 0.297505 0.00578251 51.4188 -0.297201 0.952408 0.067753 0.313372 0.0146496 -0.0664025 0.997685 0.678664
0.946416 0.322855 0.00782216 51.6563 -0.322592 0.943948 0.0699831 0.226681 0.0152107 -0.0687565 0.997518 0.683724
0.93658 0.350314 0.00985648 51.9222 -0.350083 0.933932 0.0721936 0.121401 0.0160851 -0.0710657 0.997342 0.697148
0.92545 0.378709 0.011061 52.1522 -0.378476 0.922762 0.0725674 0.0271086 0.0172753 -0.0713438 0.997302 0.699175
0.912723 0.408437 0.0107353 52.387 -0.408137 0.910203 0.0703849 -0.0982313 0.0189765 -0.0686235 0.997462 0.711789
0.897489 0.440934 0.00949125 52.6322 -0.440514 0.895171 0.0679505 -0.238068 0.0214654 -0.0651659 0.997644 0.730394
0.880081 0.474771 0.00701121 52.8456 -0.474142 0.877933 0.0665069 -0.403747 0.0254202 -0.0618558 0.997761 0.740604
0.860581 0.509281 0.00571592 53.1112 -0.508458 0.858432 0.0675713 -0.553826 0.029506 -0.0610569 0.997698 0.750597
0.838732 0.544524 0.00472235 53.2993 -0.543496 0.836548 0.0692752 -0.724094 0.0337715 -0.0606699 0.997586 0.753823
0.814346 0.580353 0.00566012 53.5561 -0.579189 0.812011 0.0719599 -0.913644 0.0371661 -0.0618785 0.997391 0.773095
0.787128 0.616736 0.00814911 53.8225 -0.61552 0.784592 0.0745035 -1.11013 0.0395553 -0.0636597 0.997187 0.788061
0.757755 0.652433 0.0117595 54.0606 -0.651162 0.754862 0.078559 -1.32444 0.0423777 -0.0671858 0.99684 0.792893
0.724808 0.688796 0.0145963 54.2873 -0.687531 0.721791 0.0794893 -1.59716 0.0442165 -0.0676499 0.996729 0.8139
0.688103 0.725444 0.0156927 54.5376 -0.724227 0.685291 0.0766284 -1.88157 0.0448355 -0.0640932 0.996936 0.83724
0.649029 0.760585 0.0165068 54.7508 -0.759381 0.64639 0.074299 -2.14544 0.0458408 -0.0607571 0.997099 0.850741
0.607065 0.794437 0.0185119 54.9826 -0.793236 0.604428 0.0737855 -2.48279 0.0474288 -0.0594768 0.997102 0.862519
0.560991 0.82761 0.0187323 55.1711 -0.826326 0.558473 0.0727588 -2.81608 0.0497544 -0.056296 0.997174 0.892266
0.512993 0.858171 0.0195141 55.3739 -0.856869 0.510595 0.0711942 -3.2118 0.051133 -0.0532431 0.997272 0.922814
0.46441 0.88535 0.0218725 55.5705 -0.884193 0.462119 0.0681902 -3.61568 0.0502645 -0.0510077 0.997433 0.947022
0.414455 0.909695 0.026112 55.7444 -0.908772 0.412162 0.0652432 -4.0231 0.0485891 -0.0507703 0.997528 0.973522
0.365385 0.930295 0.0323442 55.896 -0.929598 0.362864 0.0646273 -4.46294 0.0483859 -0.053681 0.997385 0.987616
0.315514 0.948353 0.0328353 56.0612 -0.947562 0.313023 0.0643591 -4.92026 0.0507569 -0.0514197 0.997386 0.988609
0.267588 0.963163 0.0267188 56.1763 -0.962177 0.265638 0.060424 -5.39109 0.0511006 -0.0418769 0.997815 1.04483
0.222786 0.974709 0.0175887 56.2094 -0.973625 0.221555 0.0544702 -5.88617 0.0491957 -0.02926 0.99836 1.07244
0.179509 0.983699 0.0106204 56.282 -0.982536 0.178738 0.0517297 -6.42871 0.0489882 -0.0197209 0.998605 1.12511
0.140958 0.989978 0.00862665 56.3551 -0.988633 0.140295 0.0540525 -6.93498 0.0523005 -0.0161477 0.998501 1.10945
0.107898 0.994158 0.00283177 56.4 -0.99273 0.10759 0.053953 -7.45296 0.0533331 -0.00863262 0.998539 1.1504
0.0782805 0.996928 -0.00277173 56.4141 -0.995547 0.078318 0.0524725 -8.01589 0.0525284 -0.00134819 0.998619 1.18864
0.0527916 0.998582 -0.00692552 56.4217 -0.997295 0.0530762 0.0508476 -8.58118 0.0511431 0.00422246 0.998682 1.21935
0.0335779 0.999367 -0.0117717 56.4148 -0.998203 0.0341191 0.0492594 -9.1465 0.0496299 0.0100966 0.998717 1.24906
0.0167163 0.999775 -0.0130592 56.4381 -0.998588 0.0173521 0.0501987 -9.71627 0.0504141 0.0122017 0.998654 1.27535
0.003537 0.999904 -0.0134097 56.4302 -0.998715 0.00421016 0.0505083 -10.3195 0.0505599 0.0132138 0.998634 1.30181
-0.00871511 0.999875 -0.0131765 56.4346 -0.998653 -0.00802884 0.0512682 -10.9151 0.051156 0.0136055 0.998598 1.31032
-0.018068 0.999686 -0.017336 56.4096 -0.998412 -0.0171142 0.0536699 -11.521 0.0533564 0.0182781 0.998408 1.36101
-0.0247318 0.999491 -0.0201392 56.3975 -0.998163 -0.0235744 0.0558126 -12.1809 0.0553094 0.0214825 0.998238 1.41276
-0.0303312 0.999319 -0.0210296 56.3878 -0.998068 -0.0291385 0.0548706 -12.7903 0.0542204 0.0226532 0.998272 1.43772
-0.0333413 0.999285 -0.0178562 56.3639 -0.998093 -0.0323624 0.0525569 -13.4507 0.0519415 0.0195745 0.998458 1.48124
-0.0360311 0.999224 -0.0158858 56.338 -0.998305 -0.0352619 0.0462964 -14.1329 0.0457004 0.017527 0.998801 1.51094
-0.0367566 0.999173 -0.0173936 56.2972 -0.998539 -0.0360321 0.0402808 -14.8035 0.0396207 0.0188488 0.999037 1.54002
-0.0374038 0.999078 -0.0210876 56.289 -0.998611 -0.0365863 0.0379023 -15.4832 0.0370959 0.0224761 0.999059 1.56217
-0.0374463 0.999008 -0.0240968 56.2777 -0.998544 -0.0364704 0.0397378 -16.1951 0.0388196 0.0255498 0.99892 1.61198
-0.0367895 0.999003 -0.0253078 56.2258 -0.998269 -0.035576 0.0468365 -16.8797 0.0458894 0.0269871 0.998582 1.63064
-0.0345965 0.9991 -0.0245251 56.1995 -0.997967 -0.0332223 0.0543834 -17.596 0.0535197 0.0263567 0.998219 1.68063
-0.0325187 0.999152 -0.0252585 56.1784 -0.997973 -0.0310762 0.0555411 -18.3072 0.054709 0.0270134 0.998137 1.71554
-0.0304544 0.999202 -0.0258374 56.1607 -0.998241 -0.0290894 0.0516545 -19.0416 0.0508617 0.0273651 0.998331 1.75161
-0.0269914 0.999284 -0.0265251 56.1487 -0.998615 -0.0257557 0.0458742 -19.7996 0.0451582 0.0277266 0.998595 1.77925
-0.0254361 0.999356 -0.0253116 56.118 -0.998739 -0.0243076 0.0439364 -20.5143 0.0432928 0.0263972 0.998714 1.79913
-0.0215823 0.999286 -0.0310242 56.1147 -0.9986 -0.0200478 0.0489502 -21.2571 0.0482933 0.0320373 0.998319 1.87413
-0.0188148 0.999298 -0.032411 56.1001 -0.998386 -0.0170403 0.0541816 -22.0172 0.0535912 0.0333781 0.998005 1.93833
-0.0163276 0.999487 -0.0275431 56.1239 -0.998369 -0.0147897 0.055145 -22.7144 0.0547093 0.0283986 0.998098 1.95993
-0.0125919 0.999665 -0.0226121 56.0992 -0.998574 -0.0113983 0.0521608 -23.4511 0.0518856 0.0232367 0.998383 1.99651
-0.00859 0.999564 -0.0282318 56.1108 -0.998823 -0.00722871 0.0479716 -24.1668 0.0477466 0.0286106 0.99845 2.02648
-0.00506978 0.999473 -0.032072 56.069 -0.99879 -0.00349212 0.0490574 -24.9283 0.0489195 0.0322819 0.998281 2.08899
-0.00200547 0.999504 -0.0314282 56.1082 -0.998573 -0.000324236 0.0534083 -25.6556 0.0533717 0.0314905 0.998078 2.15775
0.00118448 0.999572 -0.0292339 56.1169 -0.998497 0.002784 0.0547348 -26.4325 0.0547927 0.0291251 0.998073 2.17026
0.00536985 0.999604 -0.0276143 56.1003 -0.99853 0.00684956 0.0537727 -27.1446 0.0539406 0.0272849 0.998171 2.22054
0.00880556 0.999455 -0.0318231 56.1196 -0.998621 0.0104363 0.0514461 -27.9005 0.0517502 0.0313262 0.998169 2.26401
0.0117107 0.999246 -0.0370086 56.1195 -0.998593 0.0136014 0.0512579 -28.6186 0.0517227 0.0363563 0.997999 2.30571
0.0151829 0.999107 -0.0394372 56.1195 -0.998474 0.0172441 0.0524619 -29.3812 0.0530951 0.0385805 0.997844 2.36596
0.0188453 0.998969 -0.0412897 56.1333 -0.99842 0.0209896 0.0521296 -30.1327 0.0529425 0.040242 0.997786 2.39352
0.0213079 0.998897 -0.0418479 56.1397 -0.998422 0.0234357 0.0510307 -30.8363 0.0519552 0.0406945 0.99782 2.43411
0.0245854 0.998681 -0.0450816 56.1476 -0.998385 0.0268383 0.0500675 -31.5877 0.0512113 0.0437779 0.997728 2.48079
0.0284531 0.99863 -0.0439067 56.1749 -0.998236 0.0306767 0.05083 -32.3581 0.0521073 0.042383 0.997742 2.51451
0.0309876 0.998718 -0.0400297 56.213 -0.998096 0.0330552 0.0520658 -33.0842 0.0533223 0.0383401 0.997841 2.56088
0.0335432 0.998517 -0.0428683 56.245 -0.997988 0.0357731 0.0523558 -33.8279 0.0538117 0.0410258 0.997708 2.60325
0.036862 0.998481 -0.0409607 56.2779 -0.997888 0.0389722 0.0519746 -34.5889 0.053492 0.0389583 0.997808 2.6491
0.0386271 0.99848 -0.0393238 56.3133 -0.997784 0.0406738 0.0526515 -35.3496 0.0541709 0.0372029 0.997838 2.6947
0.0422969 0.998406 -0.0373708 56.3501 -0.997605 0.0442525 0.0531524 -36.1102 0.0547215 0.0350331 0.997887 2.74075
0.045337 0.998341 -0.0355048 56.3878 -0.997395 0.0472329 0.054517 -36.814 0.0561036 0.0329407 0.997881 2.77282
0.0485205 0.998221 -0.0346586 56.4328 -0.997055 0.0504684 0.0577347 -37.625 0.0593811 0.0317552 0.99773 2.84264
0.0515825 0.998036 -0.0355473 56.4561 -0.996768 0.0536468 0.0598001 -38.347 0.0615897 0.0323478 0.997577 2.87762
0.0555175 0.998014 -0.0297524 56.5134 -0.996416 0.057284 0.0622378 -39.1367 0.0638186 0.0261905 0.997618 2.94047
0.0578663 0.997991 -0.0257795 56.5927 -0.996327 0.0593641 0.0617199 -39.9207 0.0631263 0.0221133 0.997761 2.96302
0.061229 0.997713 -0.0286348 56.6325 -0.996117 0.0628989 0.0615961 -40.6715 0.0632563 0.0247521 0.99769 3.02726
0.0653227 0.997449 -0.0287912 56.697 -0.995767 0.0670279 0.0628909 -41.4938 0.0646603 0.0245611 0.997605 3.09553
0.0694528 0.997318 -0.0230873 56.7517 -0.995427 0.0708056 0.0641279 -42.2342 0.0655907 0.0185279 0.997675 3.16318
0.0730752 0.997054 -0.0233191 56.8011 -0.995256 0.0744093 0.0626736 -43.0681 0.0642241 0.0186286 0.997762 3.18262
0.0781061 0.9966 -0.0262112 56.8842 -0.994917 0.0795964 0.061679 -43.79 0.0635557 0.0212604 0.997752 3.25305
0.0830597 0.996285 -0.0227593 56.9547 -0.994219 0.0844036 0.0663724 -44.6416 0.0680467 0.0171148 0.997535 3.29144
0.0890941 0.995812 -0.0205175 57.0576 -0.993181 0.090376 0.0736393 -45.3814 0.0751852 0.0138167 0.997074 3.37706
0.0965405 0.995121 -0.0203439 57.1304 -0.992042 0.0978614 0.0792224 -46.21 0.0808268 0.0125338 0.996649 3.4421
0.104058 0.994437 -0.0163689 57.2431 -0.991102 0.105054 0.08174 -47.0279 0.0830049 0.00771757 0.996519 3.50686
0.111653 0.99365 -0.0138746 57.3304 -0.990407 0.11241 0.0803646 -47.8382 0.081414 0.00476862 0.996669 3.57493
0.119292 0.992755 -0.0143678 57.4449 -0.989644 0.120057 0.0786792 -48.6868 0.0798341 0.00483319 0.996796 3.65886
0.126553 0.991856 -0.0143754 57.5117 -0.988927 0.127285 0.0763038 -49.4943 0.0775121 0.0045597 0.996981 3.73156
0.134735 0.99081 -0.0119296 57.6522 -0.9883 0.135243 0.0705152 -50.2614 0.0714806 0.00228915 0.997439 3.80239
0.1422 0.989789 -0.00979889 57.7906 -0.987721 0.142536 0.0639546 -51.0699 0.0646982 0.00058422 0.997905 3.83544
0.149336 0.988734 -0.0102082 57.9023 -0.986881 0.149681 0.0605179 -51.9094 0.0613641 0.00103677 0.998115 3.919
0.156373 0.987648 -0.00997704 58.0212 -0.985676 0.15669 0.0623848 -52.66 0.0631775 7.88592e-05 0.998002 3.97534
0.162334 0.986661 -0.0121356 58.1964 -0.984272 0.162785 0.0686325 -53.4527 0.0696925 0.000803338 0.997568 4.03338
0.167018 0.985878 -0.0122157 58.2891 -0.983184 0.167464 0.0728324 -54.2352 0.0738495 -0.00015406 0.997269 4.093
0.172197 0.985002 -0.0109315 58.4421 -0.982087 0.172528 0.0757593 -55.0214 0.0765091 -0.00230984 0.997066 4.18316
0.177778 0.98402 -0.00999904 58.598 -0.981116 0.178022 0.0756257 -55.7573 0.0761972 -0.00363438 0.997086 4.22915
0.182873 0.983062 -0.0120867 58.7214 -0.980379 0.183267 0.0725966 -56.5158 0.073582 -0.00142639 0.997288 4.31083
0.187161 0.982244 -0.0129353 58.8644 -0.979939 0.187607 0.0672588 -57.2708 0.0684914 8.76241e-05 0.997652 4.35189
0.19124 0.981483 -0.0108797 59.0381 -0.979616 0.191547 0.0605178 -58.0704 0.0614812 -0.000915539 0.998108 4.43805
0.194765 0.980825 -0.00699933 59.2025 -0.97919 0.194846 0.0567703 -58.7802 0.0570455 -0.00420321 0.998363 4.45579
0.198008 0.980186 -0.00525837 59.3371 -0.978538 0.197982 0.0571478 -59.4736 0.0570565 -0.00617019 0.998352 4.53274
0.19934 0.979924 -0.00352306 59.4773 -0.978189 0.199198 0.0588674 -60.221 0.0583873 -0.00828838 0.99826 4.58334
0.201222 0.979545 -0.00066722 59.6273 -0.977601 0.200865 0.0628526 -60.8862 0.061701 -0.011995 0.998023 4.63108
0.203325 0.979111 -0.000136006 59.7958 -0.976864 0.202867 0.0676825 -61.6134 0.0662962 -0.0136287 0.997707 4.69805
0.205524 0.978652 0.000823275 59.9448 -0.976048 0.204916 0.0730755 -62.2635 0.0713468 -0.0158224 0.997326 4.75266
0.20747 0.978241 -0.000635396 60.1023 -0.975479 0.206933 0.0749582 -62.9341 0.0734586 -0.0149317 0.997186 4.81336
0.208751 0.977968 0.00102027 60.2992 -0.975244 0.208092 0.074809 -63.5853 0.0729486 -0.0166115 0.997197 4.85679
0.20958 0.977791 0.00113664 60.4214 -0.975286 0.20896 0.0717888 -64.2662 0.0699569 -0.016154 0.997419 4.90647
0.210188 0.977659 0.00187699 60.5634 -0.975291 0.209544 0.0699879 -64.9196 0.068031 -0.0165412 0.997546 4.97054
0.209729 0.977758 0.00141233 60.7097 -0.975465 0.209138 0.0687738 -65.5761 0.0669488 -0.0158016 0.997631 5.02244
0.208413 0.978039 0.00202955 60.8296 -0.975793 0.207793 0.0681864 -66.2292 0.0662672 -0.0161913 0.997671 5.07479
0.206944 0.97835 0.00230024 60.9657 -0.976094 0.206306 0.0683979 -66.8319 0.0664426 -0.0163998 0.997655 5.12975
0.204264 0.978911 0.00294214 61.1042 -0.976448 0.203535 0.0715716 -67.4353 0.0694635 -0.0174924 0.997431 5.16555
0.202666 0.979246 0.00191634 61.2493 -0.976498 0.20195 0.0752862 -68.065 0.0733367 -0.0171292 0.99716 5.23396
0.200485 0.979696 0.00117328 61.3622 -0.976861 0.199814 0.0762728 -68.6698 0.0744898 -0.0164377 0.997086 5.27867
0.19721 0.980361 0.00020154 61.4824 -0.977645 0.196648 0.074432 -69.2007 0.0729306 -0.0148758 0.997226 5.32232
0.194969 0.980809 -0.000148988 61.6162 -0.978237 0.194469 0.0723494 -69.8215 0.0709899 -0.0139602 0.997379 5.36709
0.194018 0.980998 0.000735497 61.7203 -0.978744 0.193521 0.0678884 -70.3832 0.0664561 -0.0138914 0.997693 5.41148
0.191485 0.981493 -0.00209619 61.8323 -0.97928 0.191196 0.0667428 -70.9286 0.0659084 -0.0107275 0.997768 5.46208
0.189209 0.981924 -0.0050981 61.9141 -0.979542 0.189108 0.068821 -71.4754 0.068541 -0.00802776 0.997616 5.51046
0.186773 0.982352 -0.0100233 62.0131 -0.979871 0.187014 0.069842 -72.0222 0.0704839 -0.00322304 0.997508 5.55892
0.184735 0.982754 -0.00826871 62.11 -0.980078 0.184844 0.072656 -72.5985 0.0729314 -0.00531815 0.997323 5.59791
0.183598 0.982967 -0.00824207 62.2247 -0.980164 0.183699 0.0743906 -73.1001 0.0746376 -0.00557943 0.997195 5.65442
0.182706 0.983124 -0.00929388 62.3191 -0.98038 0.182891 0.0735219 -73.6678 0.0739809 -0.00432134 0.99725 5.68576
0.182407 0.983112 -0.0147694 62.3937 -0.980492 0.182999 0.0717468 -74.2331 0.0732379 0.00139416 0.997314 5.74202
0.183911 0.982735 -0.0201942 62.5219 -0.980276 0.184886 0.069833 -74.7725 0.072361 0.00695276 0.997354 5.77627
0.186045 0.982262 -0.0234035 62.6219 -0.97988 0.187241 0.0691133 -75.3107 0.0722695 0.0100744 0.997334 5.82743
0.189595 0.981595 -0.0228962 62.7075 -0.979244 0.19074 0.0685458 -75.8411 0.0716515 0.00942502 0.997385 5.86047
0.194288 0.980738 -0.020113 62.831 -0.978304 0.195228 0.06934 -76.3905 0.071931 0.00620467 0.99739 5.9171
0.20118 0.979301 -0.0222569 62.9282 -0.976951 0.202249 0.0682855 -76.9426 0.0713735 0.00800621 0.997418 5.95624
0.208701 0.97776 -0.0206966 63.0738 -0.975363 0.209643 0.0686783 -77.5107 0.0714899 0.00585346 0.997424 5.9938
0.216442 0.976044 -0.0221769 63.236 -0.973729 0.217463 0.0675405 -78.0981 0.0707451 0.00697574 0.99747 6.02914
0.226001 0.973918 -0.0201636 63.3642 -0.971632 0.226855 0.0668457 -78.6875 0.0696765 0.00448438 0.99756 6.08576
0.23567 0.971656 -0.0185299 63.5026 -0.969348 0.236387 0.0669779 -79.2481 0.0694597 0.00217725 0.997582 6.1178
0.245909 0.969162 -0.0159377 63.66 -0.966601 0.246418 0.0704383 -79.8669 0.0721935 -0.00191602 0.997389 6.17369
0.255392 0.966744 -0.0134476 63.8419 -0.964018 0.255684 0.0727694 -80.4513 0.0737878 -0.00562095 0.997258 6.2162
0.267126 0.963615 -0.00946008 64.0351 -0.960692 0.26706 0.0758263 -81.0664 0.0755937 -0.0111669 0.997076 6.25784
0.277366 0.960718 -0.00946061 64.1834 -0.957708 0.277255 0.0769757 -81.6541 0.076575 -0.01229 0.996988 6.31986
0.287143 0.957862 -0.00693515 64.3897 -0.954759 0.286783 0.0786866 -82.2946 0.0773599 -0.015973 0.996875 6.36096
0.297436 0.954713 -0.00744057 64.6099 -0.951594 0.297079 0.0788223 -82.8987 0.0774631 -0.0163642 0.996861 6.40971
0.307695 0.951471 -0.0050553 64.8137 -0.948324 0.307102 0.0798069 -83.5559 0.0774865 -0.0197622 0.996798 6.47206
0.31892 0.947767 -0.0051934 65.0494 -0.944944 0.318384 0.075587 -84.2602 0.0732924 -0.0191987 0.997126 6.51525
0.328993 0.944312 -0.00630054 65.2834 -0.941882 0.328612 0.069806 -84.8686 0.0679891 -0.0170313 0.997541 6.56743
0.339799 0.940466 -0.00772262 65.5198 -0.93835 0.339566 0.0647697 -85.5595 0.0635361 -0.0147622 0.99787 6.61121
0.349753 0.936802 -0.00869879 65.805 -0.934912 0.349613 0.0609179 -86.2275 0.0601092 -0.0131736 0.998105 6.64105
0.359354 0.93311 -0.0130844 66.0667 -0.931317 0.359484 0.0584764 -86.9541 0.0592685 -0.00882797 0.998203 6.72214
0.367352 0.929876 -0.0195837 66.3285 -0.928322 0.367871 0.0537467 -87.6307 0.057182 -0.00156402 0.998363 6.74881
0.375032 0.926673 -0.0250436 66.6034 -0.925591 0.375816 0.0452068 -88.3757 0.0513037 0.00622611 0.998664 6.80225
0.381093 0.924042 -0.0302456 66.8451 -0.923266 0.38208 0.0399255 -89.0736 0.0484491 0.0127094 0.998745 6.85261
0.388869 0.920655 -0.0342837 67.172 -0.919954 0.39004 0.0394049 -89.7575 0.0496503 0.0162162 0.998635 6.86998
0.394997 0.917869 -0.0386609 67.4744 -0.916903 0.3965 0.0455579 -90.4995 0.0571453 0.0174531 0.998213 6.93164
0.401786 0.914704 -0.043411 67.7733 -0.913416 0.403689 0.0520265 -91.2144 0.0651134 0.0187488 0.997702 6.98847
0.407279 0.912231 -0.0442548 68.1239 -0.910878 0.40925 0.0530652 -91.9082 0.066519 0.0186984 0.99761 7.04386
0.412095 0.910322 -0.0386146 68.4242 -0.908764 0.41371 0.0547103 -92.58 0.0657792 0.0125457 0.997755 7.08419
0.416269 0.9086 -0.0341559 68.7781 -0.906805 0.417609 0.0575055 -93.286 0.0665133 0.00703502 0.997761 7.12893
0.420357 0.906741 -0.0334885 69.0747 -0.9047 0.421663 0.0609758 -93.9412 0.0694101 0.00466545 0.997577 7.20261
0.424222 0.904929 -0.0337625 69.4489 -0.902607 0.425553 0.0648443 -94.6266 0.0730472 0.00296596 0.997324 7.25359
0.427658 0.903402 -0.0312025 69.7569 -0.900813 0.428794 0.0683585 -95.2998 0.0751346 -0.00112644 0.997173 7.32556
0.431283 0.901688 -0.0308975 70.0614 -0.899176 0.432386 0.0672632 -95.9431 0.0740101 -0.00122717 0.997257 7.36946
0.435631 0.899594 -0.0309171 70.4092 -0.897343 0.436727 0.0636072 -96.6376 0.070723 3.39769e-05 0.997496 7.44276
0.439151 0.897895 -0.0305267 70.7217 -0.895846 0.44021 0.0606298 -97.2306 0.0678773 0.000721567 0.997693 7.49101
0.442699 0.896203 -0.028938 71.0174 -0.89424 0.443643 0.0592867 -97.8454 0.0659711 -0.000368671 0.997821 7.55419
0.446934 0.894146 -0.0274395 71.3365 -0.892036 0.447766 0.0614629 -98.5116 0.0672433 -0.00299289 0.997732 7.6045
0.448786 0.893171 -0.0289267 71.6449 -0.891027 0.449712 0.0618888 -99.0685 0.068286 -0.0020004 0.997664 7.65753
0.451295 0.891842 -0.0308499 71.9746 -0.88978 0.452348 0.0606115 -99.7279 0.0680107 9.59383e-05 0.997685 7.71544
0.452077 0.891372 -0.0329028 72.2651 -0.889406 0.453266 0.0592267 -100.244 0.0677068 0.00248894 0.997702 7.76597
0.454061 0.890441 -0.0307185 72.5867 -0.888462 0.455098 0.059333 -100.864 0.0668125 0.000351471 0.997765 7.82549
0.455989 0.88941 -0.0320011 72.8411 -0.887477 0.457107 0.0586279 -101.375 0.0667722 0.00166665 0.997767 7.87231
0.458419 0.88812 -0.0330827 73.1681 -0.886023 0.459609 0.0610092 -101.988 0.0693886 0.00134428 0.997589 7.92158
0.460889 0.886806 -0.033998 73.443 -0.884668 0.462138 0.0615714 -102.527 0.0703137 0.0016993 0.997523 7.99029
0.463762 0.885216 -0.0363073 73.7431 -0.883132 0.465165 0.0608174 -103.074 0.0707254 0.00385931 0.997488 8.04372
0.46678 0.88349 -0.0395318 74.0338 -0.881539 0.468394 0.059119 -103.635 0.0707475 0.00725324 0.997468 8.0904
0.469895 0.881785 -0.0406606 74.3086 -0.879869 0.471579 0.0586858 -104.13 0.070923 0.00819982 0.997448 8.13694
0.473508 0.879833 -0.0410469 74.5896 -0.877938 0.475209 0.0583274 -104.63 0.0708242 0.00841815 0.997453 8.18743
0.477504 0.877618 -0.042145 74.8627 -0.875781 0.479267 0.0575377 -105.196 0.0706949 0.00943528 0.997453 8.24207
0.480523 0.875825 -0.0450371 75.1601 -0.874066 0.482478 0.056774 -105.688 0.0714535 0.0120841 0.997371 8.28053
0.484956 0.873378 -0.0450357 75.4254 -0.871511 0.486917 0.0581421 -106.193 0.0727087 0.0110527 0.997292 8.31684
0.489094 0.870894 -0.0482739 75.6801 -0.869096 0.491278 0.0576026 -106.659 0.0738817 0.0137816 0.997172 8.37681
0.492808 0.868791 -0.0484085 75.9939 -0.866735 0.495036 0.0609133 -107.166 0.0768848 0.0119388 0.996969 8.41833
0.498823 0.865357 -0.0483029 76.2773 -0.862782 0.50109 0.0672023 -107.675 0.0823581 0.00815284 0.996569 8.47076
0.504354 0.8622 -0.0473087 76.6114 -0.85906 0.506556 0.0736007 -108.149 0.087423 0.00352016 0.996165 8.51723
0.51086 0.85847 -0.0452997 76.8954 -0.854664 0.512858 0.0807831 -108.642 0.0925822 -0.00255279 0.995702 8.57003
0.517535 0.854495 -0.0446629 77.22 -0.850236 0.519421 0.0854362 -109.067 0.0962037 -0.00624226 0.995342 8.62051
0.523581 0.851003 -0.0407078 77.5108 -0.846712 0.525055 0.0860053 -109.61 0.0945646 -0.010563 0.995463 8.68281
0.530019 0.847301 -0.0340743 77.8535 -0.843152 0.530856 0.0853583 -110.09 0.0904128 -0.0165117 0.995767 8.73167
0.536038 0.843796 -0.0259144 78.1623 -0.840002 0.53618 0.0831088 -110.569 0.0840216 -0.0227813 0.996203 8.78572
0.542912 0.839597 -0.0179627 78.4657 -0.836178 0.542435 0.0810594 -111.059 0.0778009 -0.0289881 0.996547 8.83383
0.549385 0.83544 -0.0146706 78.8512 -0.832281 0.548695 0.0790104 -111.568 0.0740582 -0.0311971 0.996766 8.88551
0.555759 0.831248 -0.0126227 79.2372 -0.8279 0.554774 0.0825076 -112.09 0.0755869 -0.035404 0.99651 8.93222
0.56174 0.827238 -0.0111482 79.6093 -0.823653 0.56047 0.0864251 -112.623 0.0777424 -0.0393663 0.996196 8.98025
0.568511 0.8226 -0.0111427 79.9322 -0.818767 0.567077 0.0896867 -113.153 0.080095 -0.0418646 0.995908 9.03271
0.574824 0.818217 -0.00991283 80.33 -0.814219 0.573136 0.0925286 -113.669 0.0813899 -0.0451164 0.995661 9.07887
0.581921 0.813199 -0.00869151 80.7553 -0.809192 0.580053 0.0935257 -114.267 0.0810965 -0.0473915 0.995579 9.13102
0.588345 0.808596 -0.00469582 81.1617 -0.804711 0.586068 0.0946801 -114.78 0.07931 -0.0519258 0.995497 9.18251
0.595278 0.803515 -0.00297077 81.5945 -0.799809 0.59288 0.093802 -115.332 0.0771326 -0.0534622 0.995586 9.2418
0.602184 0.798355 -0.00210097 82.032 -0.794911 0.599826 0.0912474 -115.88 0.074108 -0.0532776 0.995826 9.29948
0.610664 0.791887 -0.00195107 82.4653 -0.78844 0.608232 0.0917343 -116.452 0.0738299 -0.0544805 0.995782 9.37155
0.618092 0.786106 0.000328686 82.9527 -0.782648 0.615333 0.0939564 -117.059 0.0736575 -0.058331 0.995576 9.41554
0.62586 0.779935 0.000861329 83.4287 -0.776402 0.622919 0.0957666 -117.657 0.0741552 -0.0606052 0.995403 9.46971
0.632929 0.774209 0.000845379 83.901 -0.770684 0.629943 0.0960109 -118.203 0.0738 -0.0614196 0.99538 9.51237
0.638337 0.769756 0.00143239 84.3922 -0.766351 0.635336 0.0951601 -118.821 0.07234 -0.0618419 0.995461 9.58018
0.641422 0.767188 -1.0784e-05 84.9507 -0.763826 0.638612 0.0935157 -119.426 0.0717511 -0.0599748 0.995618 9.63554
0.644728 0.764412 -0.00107245 85.4104 -0.761095 0.64206 0.0921608 -120.009 0.0711374 -0.0586024 0.995744 9.68945
0.648637 0.76108 -0.00523294 86.003 -0.757774 0.64643 0.0889207 -120.636 0.0710585 -0.0537118 0.996025 9.74815
0.65224 0.757941 -0.0103923 86.5622 -0.754834 0.650699 0.082565 -121.318 0.0693416 -0.0460078 0.996531 9.81179
0.655048 0.755468 -0.013434 87.0793 -0.752625 0.65395 0.0768461 -121.918 0.0668399 -0.0402272 0.996952 9.87475
0.65803 0.752829 -0.0156247 87.6144 -0.750236 0.657255 0.0718453 -122.558 0.0643567 -0.0355541 0.997293 9.94419
0.66118 0.750057 -0.0159828 88.1957 -0.747599 0.660495 0.0695857 -123.183 0.0627498 -0.0340599 0.997448 9.98809
0.663832 0.74771 -0.0160111 88.7318 -0.745098 0.663055 0.0720126 -123.811 0.0644608 -0.0358744 0.997275 10.0613
0.668303 0.743766 -0.0135065 89.3515 -0.740981 0.667185 0.076226 -124.455 0.0657057 -0.040934 0.996999 10.1103
0.671246 0.741174 -0.00944737 89.9529 -0.738358 0.669709 0.0794781 -125.112 0.0652341 -0.0463738 0.996792 10.1605
0.674678 0.738093 -0.00541886 90.5128 -0.735578 0.672951 0.0778655 -125.734 0.0611186 -0.0485482 0.996949 10.2254
0.678053 0.735012 -0.000992509 91.1878 -0.732971 0.67627 0.073567 -126.404 0.0547439 -0.0491549 0.99729 10.2696
0.681466 0.731843 0.00319079 91.7972 -0.730286 0.679718 0.0683114 -127.065 0.0478244 -0.048882 0.997659 10.327
0.685881 0.72771 0.00242788 92.3992 -0.726362 0.6844 0.0632145 -127.703 0.0443402 -0.0451212 0.997997 10.3641
0.690264 0.723555 -0.00205238 93.0154 -0.722133 0.68908 0.0607638 -128.354 0.0453802 -0.0404609 0.99815 10.424
0.695094 0.71877 -0.0146267 93.6538 -0.717113 0.694646 0.0567102 -128.998 0.050922 -0.02893 0.998284 10.4942
0.69982 0.714011 -0.0209772 94.2341 -0.711925 0.699576 0.0612849 -129.64 0.0584332 -0.0279542 0.9979 10.5392
0.704632 0.709092 -0.0261262 94.9026 -0.70679 0.70465 0.0625759 -130.277 0.0627819 -0.0256273 0.997698 10.6006
0.710904 0.702729 -0.028085 95.5467 -0.700721 0.711152 0.0570413 -130.943 0.0600572 -0.0208711 0.997977 10.6508
0.716546 0.696913 -0.0295637 96.1885 -0.695274 0.71699 0.0501972 -131.585 0.0561799 -0.0154138 0.998302 10.7261
0.72159 0.69141 -0.0355011 96.8567 -0.689962 0.722414 0.0454901 -132.223 0.0570988 -0.00833078 0.998334 10.7626
0.725806 0.686765 -0.0394932 97.5928 -0.684989 0.726818 0.0502554 -132.864 0.063218 -0.00942327 0.997955 10.8474
0.729733 0.68261 -0.0391505 98.2306 -0.6806 0.730673 0.0538612 -133.485 0.0653724 -0.0126585 0.997781 10.8749
0.73261 0.679414 -0.0409872 98.9232 -0.677636 0.733703 0.0498919 -134.095 0.0639697 -0.00877689 0.997913 10.9548
0.734641 0.677109 -0.0427335 99.6282 -0.675827 0.735881 0.0416825 -134.786 0.0596704 -0.00174132 0.998217 11.026
0.7366 0.675123 -0.0403698 100.26 -0.673973 0.737703 0.0394204 -135.423 0.0563945 -0.0018289 0.998407 11.0798
0.737152 0.674422 -0.0419783 100.981 -0.673578 0.738339 0.0339004 -135.998 0.0538574 0.00328592 0.998543 11.1441
0.738084 0.673516 -0.0400945 101.678 -0.672669 0.73917 0.0338406 -136.672 0.0524288 0.00199309 0.998623 11.2019
0.736995 0.674697 -0.0402708 102.361 -0.673868 0.738091 0.0335189 -137.198 0.0523387 0.00243397 0.998626 11.2342
0.73665 0.675162 -0.0387671 103.05 -0.67418 0.737669 0.0364 -137.852 0.0531732 -0.000677996 0.998585 11.3099
0.735829 0.676136 -0.0373633 103.729 -0.674957 0.736764 0.0401462 -138.465 0.0546723 -0.00432216 0.998495 11.3575
0.734004 0.678213 -0.0355713 104.47 -0.676849 0.734822 0.0437229 -139.134 0.055792 -0.00801634 0.99841 11.4371
0.732537 0.679846 -0.0346146 105.193 -0.678432 0.733295 0.044803 -139.769 0.0558418 -0.00933622 0.998396 11.4874
0.730097 0.682637 -0.0310647 105.855 -0.681161 0.730644 0.0466854 -140.389 0.0545664 -0.0129248 0.998426 11.5565
0.727996 0.684951 -0.0293939 106.569 -0.683501 0.728457 0.0466585 -141.046 0.053371 -0.0138765 0.998478 11.6109
0.725498 0.687717 -0.0264148 107.182 -0.686399 0.725835 0.0449427 -141.663 0.0500806 -0.0144747 0.99864 11.643
0.722582 0.690724 -0.0278509 107.868 -0.689564 0.723039 0.0414339 -142.31 0.0487567 -0.0107344 0.998753 11.6841
0.720025 0.693189 -0.0324522 108.597 -0.691912 0.720707 0.0428995 -142.946 0.053126 -0.00843465 0.998552 11.7817
0.716397 0.697014 -0.0307785 109.231 -0.694976 0.716801 0.0565993 -143.563 0.0615126 -0.0191572 0.997922 11.8251
0.713161 0.700324 -0.0307855 109.86 -0.697761 0.713397 0.0647581 -144.185 0.0673139 -0.024702 0.997426 11.9116
0.709134 0.704309 -0.0328318 110.545 -0.702075 0.709642 0.0591562 -144.838 0.0649631 -0.0188993 0.997709 11.9563
0.705655 0.708101 -0.025384 111.218 -0.706117 0.705745 0.0576388 -145.477 0.0587287 -0.022749 0.998015 12.0284
0.702778 0.711092 -0.0212303 111.83 -0.709282 0.702671 0.0563293 -146.09 0.0549732 -0.0245287 0.998186 12.0551
0.698998 0.714908 -0.0175798 112.511 -0.713031 0.698621 0.0592932 -146.765 0.0546708 -0.0289109 0.998086 12.1419
0.696668 0.717085 -0.0210416 113.105 -0.715297 0.696574 0.0559924 -147.45 0.0548083 -0.0239571 0.998209 12.18
0.69283 0.720812 -0.020425 113.699 -0.718929 0.692663 0.0579574 -148.05 0.055924 -0.0254705 0.99811 12.2475
0.689 0.724225 -0.0278845 114.353 -0.722331 0.689329 0.0553418 -148.707 0.0593015 -0.0179886 0.998078 12.2858
0.685396 0.727595 -0.0289517 114.944 -0.725575 0.685766 0.0571464 -149.321 0.0614335 -0.0181613 0.997946 12.3796
0.681568 0.731114 -0.0306271 115.572 -0.729112 0.682065 0.0564225 -150 0.0621409 -0.0161251 0.997937 12.4206
0.677744 0.734757 -0.0281932 116.178 -0.732683 0.678068 0.0583021 -150.687 0.0619548 -0.0188572 0.997901 12.489
0.672261 0.739659 -0.0311463 116.799 -0.737685 0.672823 0.0559477 -151.283 0.0623382 -0.0146353 0.997948 12.5508
0.666821 0.744702 -0.0277451 117.415 -0.74258 0.667129 0.059279 -151.956 0.0626547 -0.0189256 0.997856 12.5917
0.660618 0.750196 -0.0281096 118.001 -0.747657 0.660839 0.0655841 -152.612 0.0677768 -0.0223097 0.997451 12.6778
0.654624 0.755378 -0.0295068 118.639 -0.752452 0.654848 0.0706414 -153.315 0.0726835 -0.0240411 0.997065 12.7537
0.648461 0.760737 -0.0278803 119.217 -0.757534 0.648477 0.0749602 -153.96 0.0751048 -0.0274885 0.996797 12.8444
0.641657 0.766689 -0.0215492 119.834 -0.764036 0.641396 0.0697141 -154.702 0.0672706 -0.0282682 0.997334 12.8924
0.635482 0.772019 -0.0121975 120.41 -0.769933 0.634794 0.0651105 -155.397 0.0580095 -0.0319853 0.997804 12.9333
0.628465 0.77779 -0.0085913 120.99 -0.776103 0.627763 0.0598129 -156.159 0.0519152 -0.0309226 0.998173 13.004
0.621491 0.78342 -0.0014229 121.588 -0.781863 0.620368 0.0619172 -156.804 0.0493899 -0.0373685 0.99808 13.0355
0.614407 0.788983 -0.00312009 122.149 -0.787332 0.613367 0.0623689 -157.594 0.0511218 -0.0358633 0.998048 13.1205
0.606952 0.794666 -0.0107498 122.724 -0.792767 0.606343 0.0621962 -158.319 0.0559433 -0.029228 0.998006 13.1595
0.598934 0.800676 -0.0139678 123.358 -0.79815 0.59828 0.0708323 -159.094 0.0650704 -0.0312754 0.99739 13.266
0.592239 0.805547 -0.0186132 123.882 -0.802782 0.591876 0.0722736 -159.821 0.0692365 -0.0278609 0.997211 13.3346
0.585031 0.810786 -0.0191247 124.416 -0.80828 0.584832 0.0682237 -160.575 0.0664995 -0.0244548 0.997487 13.3793
0.577557 0.816098 -0.0202949 124.97 -0.813928 0.577579 0.0626356 -161.345 0.0628387 -0.019657 0.99783 13.4324
0.569729 0.821578 -0.0204748 125.509 -0.819567 0.569831 0.0600238 -162.116 0.0609813 -0.0174168 0.997987 13.5047
0.564094 0.825486 -0.019247 125.982 -0.823388 0.564102 0.0618164 -162.879 0.0618859 -0.0190225 0.997902 13.5629
0.557312 0.830023 -0.0215766 126.543 -0.827978 0.557507 0.0603202 -163.636 0.0620962 -0.0157522 0.997946 13.6408
0.55161 0.833761 -0.0238453 127.042 -0.832076 0.552036 0.0539078 -164.374 0.0581098 -0.009895 0.998261 13.6977
0.547176 0.836689 -0.0234545 127.507 -0.835187 0.547617 0.0507795 -165.113 0.0553307 -0.00819638 0.998434 13.7382
0.542987 0.839477 -0.021045 127.996 -0.83805 0.543313 0.0498228 -165.855 0.0532591 -0.00941639 0.998536 13.7938
0.538958 0.842121 -0.0188963 128.465 -0.840588 0.539149 0.0522463 -166.604 0.0541856 -0.0122745 0.998455 13.8804
0.535085 0.844528 -0.0213855 128.962 -0.84277 0.535382 0.0557119 -167.377 0.0584996 -0.0117875 0.998218 13.9336
0.532659 0.846014 -0.0231326 129.404 -0.843868 0.532995 0.061668 -168.057 0.0645015 -0.0133272 0.997829 14.0012
0.528227 0.848841 -0.0211079 129.892 -0.846562 0.528406 0.0641845 -168.805 0.0656359 -0.0160348 0.997715 14.0818
0.525684 0.850433 -0.0204708 130.282 -0.848475 0.525902 0.0593146 -169.484 0.0612087 -0.0138118 0.998029 14.1107
