1 0 0 0 0 1 0 0 -0 0 1 0
1 0.0001911 0.00070674 1.30495 -0.000190542 1 -0.000789906 -0.00022152 -0.000706891 0.000789771 0.999999 0.0452614
0.999999 0.000108173 0.00106143 2.62992 -0.000106316 0.999998 -0.00174986 0.0102602 -0.00106161 0.00174974 0.999998 0.0663988
1 -0.00027396 0.000185362 3.95485 0.000274419 0.999997 -0.0024795 0.0208229 -0.000184682 0.00247955 0.999997 0.0871015
1 0.000276893 0.000461693 5.23907 -0.000275463 0.999995 -0.00309436 0.00561609 -0.000462548 0.00309424 0.999995 0.102254
0.999999 8.4744e-06 0.00111687 6.56218 -4.58044e-06 0.999994 -0.00348645 0.024743 -0.00111689 0.00348644 0.999993 0.111797
0.999998 0.000269893 0.0022141 7.90735 -0.000259513 0.999989 -0.00468737 0.022256 -0.00221534 0.00468678 0.999987 0.136312
0.999997 3.12195e-05 0.00232513 9.23493 -2.14638e-05 0.999991 -0.00419569 0.0116634 -0.00232524 0.00419562 0.999988 0.14784
0.999999 -9.10706e-05 0.00114914 10.5469 9.48946e-05 0.999994 -0.00332804 0.0481757 -0.00114883 0.00332815 0.999994 0.166431
1 -1.0139e-05 -0.000742568 11.8964 9.39632e-06 0.999999 -0.00100011 0.0296661 0.000742577 0.0010001 0.999999 0.179508
0.999998 -0.000425219 -0.00185728 13.2166 0.00042901 0.999998 0.00204162 0.046836 0.00185641 -0.00204242 0.999996 0.203754
0.999998 2.64623e-05 -0.0019125 14.5513 -1.71441e-05 0.999988 0.00487208 0.0604364 0.00191261 -0.00487204 0.999986 0.208796
0.999999 0.000460208 -0.00124132 15.8941 -0.000453309 0.999984 0.00555219 0.0758389 0.00124386 -0.00555162 0.999984 0.228249
0.999999 0.000218899 0.00136717 17.266 -0.000223567 0.999994 0.00341575 0.0659559 -0.00136641 -0.00341605 0.999993 0.248228
0.999994 0.000825907 0.00333643 18.5865 -0.000821556 0.999999 -0.00130518 0.0874434 -0.00333751 0.00130243 0.999994 0.263834
0.999999 0.000298801 0.00133945 19.9524 -0.000294562 0.999995 -0.00316387 0.0756923 -0.00134038 0.00316347 0.999994 0.286941
0.999999 0.000334875 -0.00115372 21.3071 -0.000339082 0.999993 -0.00364786 0.0687095 0.00115249 0.00364825 0.999993 0.294352
0.999998 0.000696813 -0.00207354 22.653 -0.000700136 0.999998 -0.00160222 0.0835511 0.00207242 0.00160366 0.999997 0.337265
0.999998 0.00161804 -0.000697506 24.031 -0.00161775 0.999999 0.000416308 0.097888 0.000698179 -0.000415179 1 0.32563
0.999991 0.00247552 0.00338403 25.4012 -0.00247846 0.999997 0.000865962 0.108272 -0.00338188 -0.000874341 0.999994 0.338849
0.999986 0.00237559 0.00480738 26.7936 -0.00236991 0.999996 -0.00118668 0.0893784 -0.00481018 0.00117527 0.999988 0.348338
0.999989 0.00240072 0.00402929 28.1458 -0.002383 0.999988 -0.00439484 0.0930851 -0.0040398 0.00438519 0.999982 0.394771
0.999998 0.00184719 0.00106863 29.5174 -0.00184191 0.999986 -0.00491761 0.0703949 -0.0010777 0.00491563 0.999987 0.383673
0.999995 0.00306001 -0.000842973 30.9042 -0.00306439 0.999982 -0.00523883 0.096357 0.000826927 0.00524138 0.999986 0.417337
0.999992 0.00330813 -0.00204354 32.2897 -0.00331331 0.999991 -0.00253613 0.0942106 0.00203513 0.00254288 0.999995 0.407296
0.999987 0.00337169 -0.00384818 33.6735 -0.00337358 0.999994 -0.000482659 0.0809206 0.00384653 0.000495635 0.999992 0.448672
0.999986 0.00388862 -0.00368518 35.0715 -0.00388942 0.999992 -0.000210737 0.110539 0.00368434 0.000225068 0.999993 0.457538
0.99999 0.00336769 -0.00280928 36.441 -0.00337108 0.999994 -0.00120424 0.0913669 0.0028052 0.0012137 0.999995 0.482799
0.999995 0.00315353 -0.00102652 37.847 -0.00315328 0.999995 0.000246696 0.102516 0.0010273 -0.000243458 0.999999 0.505213
0.999995 0.00314986 -0.000578749 39.196 -0.00314809 0.99999 0.00302149 0.0899458 0.00058826 -0.00301965 0.999995 0.526282
0.999995 0.0030731 -0.000667107 40.611 -0.00306929 0.999979 0.00563054 0.0978104 0.000684396 -0.00562847 0.999984 0.551049
0.999995 0.00323299 8.67145e-05 42.0444 -0.00323356 0.999964 0.00778941 0.0950803 -6.15283e-05 -0.00778965 0.99997 0.559975
0.999996 0.00277311 0.000200292 43.4683 -0.0027748 0.999956 0.00898741 0.118296 -0.00017536 -0.00898793 0.99996 0.575859
0.999997 0.00251249 -8.61036e-05 44.8482 -0.00251175 0.999967 0.00772509 0.119103 0.00010551 -0.00772484 0.99997 0.594366
0.999999 0.00135933 -0.000472666 46.2795 -0.00135552 0.999967 0.00797358 0.11418 0.000483489 -0.00797293 0.999968 0.627814
1 0.000728497 -0.000417262 47.6765 -0.000725721 0.999978 0.00661403 0.134547 0.000422071 -0.00661372 0.999978 0.638688
1 0.000202514 0.000374538 49.071 -0.000205155 0.999975 0.00706343 0.13409 -0.000373098 -0.0070635 0.999975 0.659345
0.999999 -0.00120127 0.000342997 50.4721 0.00119855 0.999969 0.007837 0.150322 -0.0003524 -0.00783659 0.999969 0.678769
0.999998 -0.00214745 0.000251487 51.979 0.00214532 0.999964 0.00816273 0.151864 -0.000269008 -0.00816217 0.999967 0.708114
0.999994 -0.00346531 0.000717367 53.3614 0.00345938 0.999961 0.00811585 0.146294 -0.000745463 -0.00811331 0.999967 0.715644
0.999989 -0.00411502 0.00227311 54.8158 0.00409949 0.999969 0.00679555 0.166259 -0.002301 -0.00678616 0.999974 0.737082
0.999986 -0.0048553 0.00223256 56.2227 0.00484532 0.999978 0.00445237 0.158307 -0.00225413 -0.00444149 0.999988 0.755085
0.999985 -0.00513625 0.00202572 57.6548 0.00513142 0.999984 0.00238392 0.179017 -0.00203793 -0.00237349 0.999995 0.769042
0.999982 -0.00555891 0.00204301 59.1468 0.00555672 0.999984 0.00107676 0.202173 -0.00204897 -0.00106539 0.999997 0.79244
0.999984 -0.00512736 0.00241391 60.4935 0.00512738 0.999987 1.52903e-06 0.197822 -0.00241389 1.0848e-05 0.999997 0.810089
0.999986 -0.00407391 0.0032457 61.9568 0.00408306 0.999988 -0.00281524 0.224116 -0.00323419 0.00282845 0.999991 0.819388
0.999988 -0.00392091 0.00282436 63.3221 0.00393204 0.999984 -0.0039489 0.22408 -0.00280883 0.00395996 0.999988 0.838915
0.999991 -0.00367349 0.00226377 64.7857 0.00368324 0.999984 -0.00431628 0.222874 -0.00224788 0.00432458 0.999988 0.858318
0.999995 -0.00254552 0.00196697 66.2391 0.00255377 0.999988 -0.00420337 0.24419 -0.00195624 0.00420838 0.999989 0.878584
0.999996 -0.00235183 0.00183518 67.6277 0.00235623 0.999994 -0.00239846 0.250462 -0.00182953 0.00240278 0.999995 0.899939
0.999994 -0.00114548 0.00333017 69.0164 0.00113973 0.999998 0.00173011 0.256657 -0.00333214 -0.0017263 0.999993 0.921443
0.99999 -0.00138295 0.00413789 70.4429 0.00136599 0.999991 0.00409909 0.263265 -0.00414352 -0.0040934 0.999983 0.939825
0.999987 -0.000271671 0.00509152 71.8254 0.000229244 0.999965 0.00833152 0.27842 -0.00509361 -0.00833024 0.999952 0.961663
0.999991 0.000227059 0.00421051 73.2193 -0.000272562 0.999942 0.0108096 0.302695 -0.00420781 -0.0108107 0.999933 0.96939
0.999992 0.00115046 0.00381449 74.6423 -0.00120664 0.99989 0.0147576 0.322566 -0.00379709 -0.0147621 0.999884 0.984485
0.999991 0.00165448 0.0038515 76.0411 -0.0017229 0.99984 0.0178292 0.330805 -0.00382138 -0.0178357 0.999834 1.00013
0.999989 0.0022971 0.00413054 77.427 -0.00236728 0.999852 0.017067 0.34534 -0.00409073 -0.0170766 0.999846 1.02
0.999989 0.00251162 0.00393333 78.8479 -0.0025697 0.999887 0.0148329 0.344363 -0.00389563 -0.0148428 0.999882 1.03506
0.999993 0.00201583 0.00311139 80.2091 -0.00205966 0.999898 0.0141483 0.352757 -0.00308256 -0.0141546 0.999895 1.04031
0.999993 0.00221705 0.00311061 81.6713 -0.00225988 0.999902 0.0138344 0.367877 -0.00307963 -0.0138413 0.999899 1.07487
0.999993 0.00204085 0.00313692 83.017 -0.00208275 0.999908 0.0134133 0.368697 -0.00310926 -0.0134198 0.999905 1.09243
0.999995 0.000982303 0.00286966 84.3689 -0.00101934 0.999916 0.0129332 0.36251 -0.00285671 -0.0129361 0.999912 1.11258
0.999995 0.000454558 0.0030632 85.7517 -0.000495642 0.99991 0.0134248 0.371429 -0.00305682 -0.0134263 0.999905 1.11592
0.999994 -0.0010836 0.00331191 87.152 0.00104057 0.999915 0.0129665 0.363613 -0.00332568 -0.012963 0.99991 1.14137
0.999989 -0.00217501 0.00417274 88.5046 0.00212755 0.999933 0.011345 0.368338 -0.00419713 -0.011336 0.999927 1.15345
0.999983 -0.00304273 0.00490971 89.8572 0.00299651 0.999951 0.00939295 0.374449 -0.00493806 -0.00937809 0.999944 1.16441
0.99998 -0.00390501 0.00503287 91.2222 0.00386562 0.999962 0.00781118 0.392104 -0.00506318 -0.00779157 0.999957 1.19183
0.999981 -0.0040973 0.00458949 92.57 0.0040734 0.999978 0.0052047 0.402254 -0.00461071 -0.00518591 0.999976 1.19227
0.999981 -0.00451189 0.00413934 93.9456 0.00448726 0.999972 0.0059407 0.416083 -0.00416603 -0.00592201 0.999974 1.2134
0.999984 -0.00434573 0.00359516 95.2904 0.00432275 0.99997 0.00637644 0.42376 -0.00362276 -0.00636079 0.999973 1.22594
0.999986 -0.00415902 0.00314181 96.6353 0.00414392 0.99998 0.00479701 0.431202 -0.0031617 -0.00478393 0.999984 1.2393
0.999986 -0.00456836 0.00248763 97.9516 0.00455054 0.999964 0.00711954 0.44096 -0.00252007 -0.00710812 0.999972 1.26735
0.999988 -0.00401813 0.00289125 99.3479 0.00399336 0.999956 0.00852411 0.460352 -0.00292537 -0.00851246 0.999959 1.28738
0.999983 -0.00430555 0.00395745 100.682 0.00427359 0.999958 0.00805042 0.46334 -0.00399194 -0.00803337 0.99996 1.3016
0.999978 -0.00396618 0.00528977 102.038 0.00391639 0.999948 0.0093892 0.481742 -0.00532673 -0.00936828 0.999942 1.32577
0.999984 -0.00408317 0.00383979 103.373 0.00404959 0.999954 0.00871421 0.495862 -0.00387519 -0.00869852 0.999955 1.33616
0.999992 -0.00348146 0.00203901 104.728 0.00346239 0.999951 0.00927812 0.506157 -0.00207122 -0.00927098 0.999955 1.34092
0.999993 -0.00359416 0.000881722 106.015 0.00358723 0.999964 0.00774306 0.520615 -0.000909519 -0.00773984 0.99997 1.36462
0.999993 -0.00330028 0.00184153 107.353 0.00328879 0.999975 0.00620483 0.530775 -0.00186196 -0.00619873 0.999979 1.39043
0.999989 -0.002862 0.00378187 108.727 0.00284802 0.999989 0.00369711 0.530369 -0.00379241 -0.0036863 0.999986 1.39633
0.999986 -0.00253157 0.00463051 110.041 0.00252869 0.999997 0.000627529 0.542834 -0.00463208 -0.000615812 0.999989 1.414
0.999994 -0.000996574 0.00340196 111.37 0.000992894 0.999999 0.00108341 0.545658 -0.00340304 -0.00108002 0.999994 1.43522
1 -0.000292743 0.000762915 112.695 0.000290348 0.999995 0.00313767 0.554389 -0.00076383 -0.00313745 0.999995 1.44262
0.999999 0.000684714 -0.00100735 114.016 -0.000679094 0.999984 0.00556928 0.558366 0.00101115 -0.00556859 0.999984 1.46331
0.999996 0.00234019 -0.00145921 115.345 -0.00232896 0.999968 0.00765105 0.564585 0.00147707 -0.00764762 0.99997 1.48093
0.999993 0.00363796 0.000656009 116.631 -0.00364388 0.99995 0.00926272 0.566553 -0.00062228 -0.00926504 0.999957 1.50541
0.999986 0.00460336 0.00268565 117.983 -0.00462539 0.999955 0.00825328 0.564565 -0.00264754 -0.00826558 0.999962 1.52384
0.999981 0.00526894 0.00309661 119.315 -0.00529771 0.999942 0.00935794 0.571131 -0.00304712 -0.00937417 0.999951 1.52921
0.999975 0.00653227 0.0027793 120.669 -0.00655737 0.999937 0.00911895 0.577693 -0.00271956 -0.00913694 0.999955 1.55687
0.999966 0.0078239 0.00242042 121.993 -0.00784884 0.999914 0.0104722 0.579741 -0.00233828 -0.0104909 0.999942 1.56423
0.99996 0.00862905 0.0021357 123.317 -0.00865 0.999913 0.0100048 0.580131 -0.00204918 -0.0100229 0.999948 1.5722
0.999944 0.0104864 0.0015244 124.653 -0.0105039 0.999873 0.0119905 0.575456 -0.00139847 -0.0120058 0.999927 1.59464
0.999937 0.0112215 0.000508741 126.028 -0.0112276 0.999835 0.0142802 0.565193 -0.000348411 -0.014285 0.999898 1.61391
0.999923 0.0123942 -0.000165961 127.393 -0.0123909 0.999836 0.0132335 0.566385 0.000329953 -0.0132304 0.999912 1.63014
0.999908 0.0134968 0.00108776 128.682 -0.0135105 0.999814 0.0137349 0.551725 -0.000902176 -0.0137484 0.999905 1.65266
0.999899 0.0141666 0.00135806 130.035 -0.0141794 0.999849 0.0100062 0.531361 -0.0012161 -0.0100245 0.999949 1.66557
0.999891 0.0146775 0.00158651 131.345 -0.0146923 0.999845 0.00974169 0.521347 -0.00144328 -0.00976393 0.999951 1.68098
0.999892 0.0145842 0.00191021 132.708 -0.0146001 0.999857 0.00857278 0.513961 -0.00178491 -0.00859974 0.999961 1.69602
0.999895 0.0141871 0.00293221 134.012 -0.0142043 0.999882 0.00593051 0.490469 -0.00284772 -0.00597154 0.999978 1.71317
0.999904 0.0136328 0.00261925 135.346 -0.013647 0.999892 0.0054786 0.472367 -0.00254428 -0.00551382 0.999982 1.73305
0.999916 0.0126396 0.00275964 136.696 -0.0126485 0.999915 0.00323419 0.460967 -0.00271853 -0.00326882 0.999991 1.74612
0.999929 0.0113883 0.00349067 138.005 -0.0113939 0.999934 0.00159758 0.455706 -0.00347224 -0.00163724 0.999993 1.75306
0.999939 0.0104667 0.00365438 139.359 -0.0104713 0.999944 0.00125361 0.435528 -0.00364106 -0.0012918 0.999993 1.77106
0.999949 0.00953089 0.00337048 140.66 -0.009533 0.999954 0.000611858 0.425269 -0.0033645 -0.000643958 0.999994 1.77315
0.999966 0.00778193 0.00281749 142.094 -0.0077833 0.99997 0.000474897 0.424065 -0.00281371 -0.00049681 0.999996 1.7928
0.999973 0.00685555 0.00246168 143.404 -0.00685726 0.999976 0.000685648 0.418648 -0.00245692 -0.000702511 0.999997 1.80542
0.999981 0.00615689 0.000761104 144.69 -0.00615693 0.999981 4.78735e-05 0.408969 -0.000760794 -5.25586e-05 1 1.8284
0.999987 0.00504864 -0.000284417 146.06 -0.00504937 0.999984 -0.00263315 0.40155 0.000271119 0.00263455 0.999996 1.86635
0.999988 0.00435946 0.00239864 147.42 -0.00433136 0.999923 -0.0115963 0.385025 -0.00244901 0.0115857 0.99993 1.87253
0.999991 0.00253831 0.00332082 148.747 -0.00247237 0.999803 -0.0197132 0.372352 -0.00337021 0.0197048 0.9998 1.87005
0.999999 0.00156882 0.000435349 150.148 -0.00155866 0.999747 -0.0224444 0.368479 -0.00047045 0.0224437 0.999748 1.91038
0.999995 0.00185625 -0.00241823 151.44 -0.00190854 0.99976 -0.0218024 0.364361 0.00237718 0.0218069 0.999759 1.93855
0.999985 0.00234743 -0.00495316 152.79 -0.00244011 0.999821 -0.0187886 0.383711 0.00490817 0.0188004 0.999811 1.95676
0.999981 0.00342691 -0.00517939 154.171 -0.00350579 0.999877 -0.015298 0.375814 0.00512633 0.0153158 0.99987 1.99713
0.99999 0.00418604 -0.00139246 155.496 -0.00421533 0.999755 -0.0217413 0.374539 0.00130111 0.021747 0.999763 1.9932
0.999989 0.00467024 0.00105614 156.848 -0.00464095 0.999645 -0.0262222 0.365519 -0.00117823 0.026217 0.999656 2.02839
0.999986 0.00472246 0.00217867 158.234 -0.00465579 0.999549 -0.0296547 0.346382 -0.00231773 0.0296442 0.999558 2.04803
0.999986 0.00472275 0.00236796 159.523 -0.00464804 0.99952 -0.0306204 0.33272 -0.00251144 0.0306089 0.999528 2.06493
0.999981 0.00555581 0.00280422 160.861 -0.00546764 0.999519 -0.0305277 0.340844 -0.00297247 0.0305117 0.99953 2.07648
0.999976 0.00653537 0.00213834 162.27 -0.00647173 0.999572 -0.028525 0.340761 -0.00232385 0.0285105 0.999591 2.08108
0.999971 0.00757754 0.000473859 163.571 -0.00756362 0.99967 -0.024549 0.35639 -0.000659724 0.0245447 0.999699 2.10532
0.999965 0.00840593 -0.000378538 164.931 -0.00841199 0.999748 -0.0207977 0.34899 0.000203618 0.0208002 0.999784 2.13119
0.999962 0.00870892 0.000604052 166.296 -0.00869437 0.999743 -0.0209383 0.349312 -0.000786248 0.0209323 0.999781 2.13738
0.999963 0.00857355 0.000398501 167.606 -0.0085628 0.999725 -0.0218508 0.336111 -0.00058573 0.0218466 0.999761 2.14839
0.99997 0.00763109 -0.00141925 168.975 -0.00765815 0.999768 -0.0201476 0.340585 0.00126517 0.0201579 0.999796 2.15329
0.999961 0.00769948 -0.00438166 170.377 -0.00776739 0.999847 -0.0156969 0.330725 0.00426013 0.0157303 0.999867 2.19319
0.999959 0.00724808 -0.00545426 171.743 -0.00730248 0.999923 -0.01002 0.341199 0.00538121 0.0100594 0.999935 2.20196
0.99996 0.00744726 -0.00502819 173.088 -0.00747377 0.999958 -0.00527359 0.340962 0.0049887 0.00531096 0.999973 2.23169
0.999965 0.00804604 -0.00248517 174.46 -0.00803892 0.999964 0.00286322 0.352858 0.00250812 -0.00284314 0.999993 2.26228
0.999969 0.00778392 -0.000722438 175.862 -0.00778164 0.999965 0.00309437 0.346968 0.000746499 -0.00308866 0.999995 2.28598
0.999975 0.00704802 0.000638201 177.2 -0.00704675 0.999973 -0.00197862 0.339176 -0.00065213 0.00197407 0.999998 2.3102
0.999982 0.00583315 0.00109507 178.551 -0.0058273 0.999969 -0.00527068 0.335565 -0.00112578 0.0052642 0.999986 2.30471
0.99999 0.00340218 -0.0030017 180 -0.00341064 0.99999 -0.00281845 0.324115 0.00299209 0.00282866 0.999992 2.35294
0.999973 0.00225884 -0.00700378 181.378 -0.00227523 0.999995 -0.00233271 0.335746 0.00699847 0.00234858 0.999973 2.38079
0.999964 0.00139309 -0.00833502 182.744 -0.0013743 0.999997 0.0022592 0.33295 0.00833814 -0.00224766 0.999963 2.37493
0.999975 0.00146988 -0.00696497 184.142 -0.00144227 0.999991 0.00396716 0.350041 0.00697074 -0.00395702 0.999968 2.40244
0.999991 0.00133682 -0.00401338 185.515 -0.00131133 0.999979 0.00634766 0.340789 0.00402178 -0.00634234 0.999972 2.4237
0.999996 0.00174212 -0.00224021 187.02 -0.00173118 0.999987 0.0048791 0.359744 0.00224868 -0.0048752 0.999986 2.43962
0.999998 0.00173781 -0.00126629 188.363 -0.00173092 0.999984 0.00542451 0.359889 0.0012757 -0.00542231 0.999984 2.47076
0.999999 0.00169845 -0.000234145 189.768 -0.0016975 0.99999 0.00402462 0.349077 0.000240978 -0.00402422 0.999992 2.4971
0.999999 0.00164211 0.000159333 191.2 -0.00164227 0.999998 0.00096123 0.359402 -0.000157754 -0.00096149 1 2.51299
0.999998 0.00199466 -9.38684e-05 192.672 -0.00199465 0.999998 0.000127114 0.360991 9.41218e-05 -0.000126927 1 2.55226
0.999996 0.00265908 0.000930203 194.032 -0.00265825 0.999996 -0.00088802 0.357199 -0.000932561 0.000885544 0.999999 2.56779
0.999993 0.00325022 0.0020879 195.365 -0.00323469 0.999967 -0.00739709 0.346405 -0.00211187 0.00739028 0.99997 2.56852
0.999992 0.00341663 0.0021106 196.827 -0.0033911 0.999922 -0.0119863 0.350221 -0.00215139 0.011979 0.999926 2.57292
0.999991 0.00378653 -0.00164293 198.233 -0.00379806 0.999968 -0.00707555 0.345507 0.00161609 0.00708173 0.999974 2.61753
0.999971 0.00427032 -0.00624869 199.669 -0.00427459 0.999991 -0.000670607 0.36381 0.00624576 0.000697298 0.99998 2.64487
0.999965 0.00540966 -0.00639268 201.086 -0.00536423 0.99996 0.00710121 0.367551 0.00643084 -0.00706667 0.999954 2.65366
0.999973 0.00633566 -0.00369554 202.643 -0.00628471 0.999887 0.0136384 0.38031 0.00378153 -0.0136148 0.9999 2.66889
0.999969 0.00778652 -0.000888294 203.998 -0.00777425 0.999884 0.0130625 0.402565 0.000989902 -0.0130552 0.999914 2.68154
0.999975 0.00700887 -0.000794851 205.407 -0.00699607 0.999861 0.0151062 0.380479 0.000900618 -0.0151003 0.999886 2.72167
0.99998 0.00630397 -0.000820302 206.82 -0.00629542 0.99993 0.0100417 0.369228 0.000883547 -0.0100363 0.999949 2.726
0.999987 0.00494709 -0.00122157 208.331 -0.00493636 0.999951 0.00863709 0.359468 0.00126423 -0.00863095 0.999962 2.73977
0.999988 0.00438549 -0.0021509 209.78 -0.00436212 0.999933 0.0107529 0.36533 0.00219791 -0.0107434 0.99994 2.77452
0.99999 0.00413803 -0.0017186 211.172 -0.00411572 0.99991 0.0127858 0.371855 0.00177136 -0.0127786 0.999917 2.80228
0.999991 0.00408695 -0.000990438 212.73 -0.00407361 0.999906 0.0131239 0.367703 0.00104398 -0.0131197 0.999913 2.82023
0.999992 0.0036911 -0.00160406 214.173 -0.00367168 0.999922 0.0119453 0.364924 0.00164803 -0.0119393 0.999927 2.84158
0.99999 0.00377024 -0.0024857 215.577 -0.00373803 0.999911 0.0128388 0.366717 0.00253389 -0.0128294 0.999914 2.86266
0.999991 0.00344134 -0.00266746 217.145 -0.0034107 0.999929 0.0114067 0.374104 0.00270653 -0.0113975 0.999931 2.88287
0.999991 0.00315773 -0.00272374 218.561 -0.00312338 0.999917 0.0125231 0.362861 0.00276305 -0.0125145 0.999918 2.91196
0.999991 0.00278739 -0.00308067 219.971 -0.00274893 0.999919 0.0124209 0.379309 0.00311504 -0.0124124 0.999918 2.92539
0.999992 0.00276484 -0.00298205 221.498 -0.00273044 0.99993 0.011478 0.380294 0.00301358 -0.0114698 0.99993 2.95641
0.999992 0.00215259 -0.00324126 222.991 -0.00210679 0.999899 0.0140686 0.372247 0.00327121 -0.0140617 0.999896 2.98068
0.999993 0.00172704 -0.00320372 224.428 -0.00168103 0.999896 0.0143096 0.370221 0.0032281 -0.0143041 0.999892 2.99969
0.999993 0.00136359 -0.00339723 225.993 -0.00131591 0.999901 0.0139965 0.374516 0.00341598 -0.0139919 0.999896 3.01855
0.999993 0.00131546 -0.00336725 227.475 -0.00126838 0.999902 0.013946 0.387502 0.00338526 -0.0139416 0.999897 3.05624
0.999993 0.00116433 -0.00344737 228.935 -0.00111576 0.999901 0.0140563 0.379218 0.00346339 -0.0140524 0.999895 3.08129
0.999993 0.00157168 -0.0033342 230.473 -0.00152954 0.999919 0.0126018 0.395474 0.00335374 -0.0125966 0.999915 3.10519
0.999995 0.00161654 -0.00261251 231.893 -0.00158838 0.999941 0.0107466 0.399109 0.00262973 -0.0107424 0.999939 3.11772
0.999996 0.0016836 -0.00231132 233.434 -0.00165808 0.999938 0.0109985 0.392889 0.00232969 -0.0109946 0.999937 3.15123
0.999995 0.00175898 -0.00245697 234.971 -0.00172948 0.999927 0.0119595 0.387008 0.00247783 -0.0119552 0.999925 3.17754
0.999992 0.00218607 -0.00329461 236.427 -0.0021466 0.999926 0.0119382 0.403087 0.00332047 -0.011931 0.999923 3.19756
0.999994 0.0023894 -0.0026747 237.974 -0.00235725 0.999926 0.0119598 0.430897 0.00270307 -0.0119534 0.999925 3.21815
0.999996 0.00292793 -0.000570036 239.463 -0.0029219 0.999943 0.0102945 0.437888 0.000600145 -0.0102928 0.999947 3.24132
0.999995 0.00278877 -0.00126071 240.951 -0.00277483 0.999936 0.0109291 0.443951 0.00129111 -0.0109256 0.999939 3.26113
0.999992 0.00371116 -0.00173869 242.433 -0.00369346 0.999942 0.0100782 0.436554 0.00177599 -0.0100717 0.999948 3.26701
0.999984 0.00477471 -0.00301545 243.963 -0.0047436 0.999936 0.010242 0.431694 0.00306416 -0.0102276 0.999943 3.29152
0.999985 0.00473854 -0.0026304 245.501 -0.00470915 0.999928 0.0110687 0.455134 0.00268266 -0.0110562 0.999935 3.31242
0.999988 0.00453552 -0.00163697 247.038 -0.00451657 0.999925 0.0114001 0.448777 0.00168855 -0.0113926 0.999934 3.33124
0.999991 0.0041131 -0.000889254 248.556 -0.00410218 0.99992 0.0119588 0.470896 0.000938371 -0.0119551 0.999928 3.36706
0.999991 0.00423157 -0.000656044 250.062 -0.00422239 0.999901 0.0134144 0.45483 0.000712743 -0.0134115 0.99991 3.39504
0.999988 0.00480622 -0.00037843 251.533 -0.00479966 0.999864 0.01576 0.435596 0.000454125 -0.015758 0.999876 3.41416
0.999988 0.00477391 -0.000994871 253.153 -0.00475503 0.999823 0.0181823 0.437662 0.0010815 -0.0181773 0.999834 3.43946
0.999988 0.0047876 -0.000590459 254.699 -0.00477634 0.99983 0.0177966 0.439992 0.000675562 -0.0177936 0.999841 3.44669
0.999991 0.00433862 -0.000266379 256.197 -0.00433394 0.999869 0.0156059 0.426703 0.000334053 -0.0156046 0.999878 3.48286
0.99999 0.00446817 0.000219454 257.678 -0.00447096 0.999877 0.0150189 0.437008 -0.00015232 -0.0150197 0.999887 3.49483
0.999989 0.00460199 0.00106036 259.283 -0.00461205 0.999942 0.00968756 0.4289 -0.00101572 -0.00969234 0.999953 3.51318
0.99999 0.0043507 0.000542145 260.787 -0.00435586 0.999941 0.00991063 0.419414 -0.000498995 -0.0099129 0.999951 3.53308
0.999991 0.00428144 -0.000514061 262.305 -0.00427614 0.999942 0.00991046 0.421159 0.000556462 -0.00990817 0.999951 3.55662
0.999988 0.00474553 0.00126467 263.842 -0.00475533 0.999958 0.00786069 0.413447 -0.00122732 -0.00786661 0.999968 3.57865
0.999983 0.00517183 0.00256437 265.387 -0.00518456 0.999974 0.00498209 0.408592 -0.00253853 -0.0049953 0.999984 3.58636
0.999982 0.00548264 0.00243799 266.952 -0.00549259 0.999977 0.00409304 0.388559 -0.00241549 -0.00410636 0.999989 3.61585
0.999985 0.0054389 0.00118063 268.414 -0.00544384 0.999976 0.00422481 0.389494 -0.00115763 -0.00423118 0.99999 3.64423
0.999979 0.00632939 0.00103492 270.001 -0.00633406 0.999969 0.00457489 0.390725 -0.00100593 -0.00458135 0.999989 3.65375
0.999973 0.00735674 0.000901136 271.513 -0.00736218 0.999954 0.00618912 0.397525 -0.000855563 -0.00619558 0.99998 3.66944
0.999967 0.00806294 0.000640437 273.13 -0.00806762 0.999938 0.00767904 0.392918 -0.000578481 -0.00768396 0.99997 3.69108
0.999956 0.00940329 0.000408271 274.648 -0.00940651 0.999917 0.00878699 0.395525 -0.000325611 -0.00879044 0.999961 3.70965
0.999952 0.00978938 0.000144629 276.178 -0.00979027 0.999914 0.00874302 0.383096 -5.90278e-05 -0.00874402 0.999962 3.72697
0.999943 0.0107032 -4.92891e-05 277.732 -0.0107023 0.999898 0.00942813 0.390267 0.000150196 -0.00942706 0.999956 3.7534
0.99993 0.0118482 -0.000618792 279.276 -0.0118413 0.999878 0.0101632 0.367571 0.000739132 -0.0101552 0.999948 3.79184
0.999919 0.0127111 -0.000709221 280.822 -0.0127021 0.999854 0.011454 0.348336 0.00085471 -0.0114441 0.999934 3.80724
0.999912 0.0132967 9.35022e-05 282.359 -0.013297 0.999883 0.00749975 0.344082 6.23057e-06 -0.00750033 0.999972 3.82091
0.999911 0.0133532 0.00037481 283.911 -0.0133558 0.999877 0.00826451 0.308041 -0.000264406 -0.00826878 0.999966 3.84146
0.999907 0.0135316 -0.00175724 285.474 -0.013521 0.999891 0.00591891 0.32287 0.00183714 -0.0058946 0.999981 3.87578
0.999908 0.0130359 -0.00379033 286.954 -0.0130109 0.999894 0.00654159 0.287565 0.0038752 -0.00649167 0.999971 3.89625
0.999918 0.0122374 -0.00368955 288.559 -0.0122161 0.999909 0.00572855 0.278971 0.00375931 -0.00568301 0.999977 3.9133
0.999922 0.0118961 -0.00373114 290.089 -0.0118861 0.999926 0.00268992 0.284564 0.00376286 -0.00264536 0.999989 3.93695
0.999931 0.0107874 -0.00465392 291.637 -0.010777 0.999939 0.00225943 0.276913 0.00467801 -0.00220912 0.999987 3.95898
0.999933 0.0102961 -0.00524052 293.206 -0.0102759 0.99994 0.00386531 0.237148 0.00528 -0.0038112 0.999979 4.00763
0.999942 0.00979137 -0.00456314 294.802 -0.00978259 0.99995 0.00194295 0.24893 0.00458194 -0.0018982 0.999988 4.01963
0.999953 0.008771 -0.00424962 296.354 -0.00876239 0.99996 0.00203892 0.254044 0.00426733 -0.00200159 0.999989 4.04691
0.999962 0.00811205 -0.00325824 297.942 -0.00809937 0.99996 0.00388407 0.2214 0.00328962 -0.00385753 0.999987 4.08575
0.999971 0.00741561 -0.0016462 299.506 -0.00741019 0.999967 0.00327444 0.218762 0.00167043 -0.00326215 0.999993 4.10145
0.999968 0.00783908 -0.00172113 301.092 -0.00783452 0.999966 0.0026364 0.219997 0.00174173 -0.00262283 0.999995 4.12422
0.999963 0.00847783 -0.00175655 302.637 -0.00847017 0.999955 0.00432725 0.220963 0.00179316 -0.00431221 0.999989 4.14198
0.999956 0.00918315 -0.00210033 304.255 -0.00917407 0.999949 0.00429436 0.195115 0.00213965 -0.0042749 0.999989 4.16442
0.999953 0.00932359 -0.0027819 305.847 -0.00931252 0.999949 0.00396794 0.177418 0.00281875 -0.00394184 0.999988 4.19046
0.999941 0.009722 -0.00482492 307.431 -0.00971846 0.999952 0.000755859 0.18474 0.00483204 -0.000708924 0.999988 4.22006
0.999934 0.00972825 -0.00604953 309.035 -0.00972108 0.999952 0.00121226 0.155195 0.00606103 -0.00115337 0.999981 4.23894
0.999949 0.00734836 -0.00688614 310.654 -0.00734241 0.999973 0.000889202 0.140056 0.00689248 -0.000838596 0.999976 4.27726
0.999964 0.00552298 -0.00649277 312.27 -0.00550982 0.999983 0.00204248 0.151616 0.00650394 -0.00200663 0.999977 4.30958
0.99998 0.00527599 -0.00355212 313.894 -0.00526311 0.99998 0.00362308 0.164647 0.00357116 -0.00360431 0.999987 4.33557
0.999985 0.00545571 -0.00103666 315.517 -0.00545324 0.999982 0.00237314 0.127026 0.00104959 -0.00236745 0.999997 4.36199
0.999983 0.00579437 -0.000108854 317.141 -0.00579422 0.999982 0.00126555 0.130309 0.000116185 -0.0012649 0.999999 4.37883
0.999983 0.00572854 -0.00109653 318.745 -0.00572789 0.999983 0.000601729 0.112661 0.00109996 -0.000595438 0.999999 4.40722
0.999979 0.00631478 -0.00135199 320.389 -0.00631478 0.99998 3.82452e-06 0.109656 0.00135199 4.71309e-06 0.999999 4.42202
0.999977 0.00668319 -0.00106049 321.991 -0.00668357 0.999978 -0.000347493 0.107226 0.00105814 0.000354572 0.999999 4.44185
0.999976 0.00687116 -0.00117385 323.636 -0.00687157 0.999976 -0.000345594 0.0823812 0.00117145 0.000353652 0.999999 4.47298
0.99997 0.00755182 -0.00167256 325.249 -0.00755097 0.999971 0.000516605 0.0876974 0.00167641 -0.00050396 0.999998 4.49806
0.99996 0.00862616 -0.00242052 326.896 -0.00862382 0.999962 0.000978611 0.0806264 0.00242887 -0.000957697 0.999997 4.52522
0.999956 0.00937304 -0.000941731 328.481 -0.0093729 0.999956 0.000150104 0.111912 0.000943096 -0.000141271 1 4.53972
0.999956 0.00934445 -0.000123461 330.148 -0.00934459 0.999956 -0.00124575 0.0729278 0.000111815 0.00124685 0.999999 4.57121
0.999955 0.00946163 -0.000552976 331.723 -0.00946278 0.999953 -0.00210944 0.0783944 0.000532991 0.00211458 0.999998 4.59808
0.999956 0.00930689 -0.000833413 333.375 -0.00930806 0.999956 -0.00141293 0.0664056 0.000820226 0.00142062 0.999999 4.62917
0.999952 0.00938917 -0.00280096 334.973 -0.00938822 0.999956 0.000353656 0.062518 0.00280416 -0.000327343 0.999996 4.63329
0.999946 0.00885247 -0.00537853 336.567 -0.00884224 0.999959 0.00192323 0.0534224 0.00539534 -0.00187557 0.999984 4.67839
0.99996 0.00735318 -0.00508981 338.197 -0.00733648 0.999968 0.00329294 0.0400914 0.00511386 -0.00325547 0.999982 4.70737
0.999975 0.00694923 -0.00163139 339.774 -0.00694259 0.999968 0.00403706 0.0449141 0.00165939 -0.00402563 0.999991 4.74377
0.999981 0.00603237 0.000811353 341.401 -0.00603628 0.99997 0.00490382 0.0446078 -0.000781747 -0.00490863 0.999988 4.75775
0.99999 0.00455927 0.000421586 343.013 -0.00456158 0.999974 0.00563736 0.042145 -0.000395873 -0.00563923 0.999984 4.78005
0.999996 0.0026445 -0.000981578 344.597 -0.00263891 0.999981 0.00565337 0.0217843 0.000996509 -0.00565076 0.999984 4.81671
0.999999 0.00100282 -0.000187205 346.18 -0.00100207 0.999992 0.00396638 0.0478275 0.000191181 -0.00396619 0.999992 4.83212
1 3.50311e-05 0.000199509 347.785 -3.54745e-05 0.999998 0.00222281 0.0396453 -0.000199431 -0.00222282 0.999998 4.8605
1 -0.000265021 -0.00016115 349.401 0.000265396 0.999997 0.00233502 0.0322097 0.000160531 -0.00233507 0.999997 4.88552
1 -0.000217399 -0.000880302 350.973 0.000218775 0.999999 0.00156345 0.0651265 0.000879961 -0.00156364 0.999998 4.91579
0.999999 -0.000232555 -0.00105872 352.567 0.000234191 0.999999 0.00154605 0.0590438 0.00105836 -0.00154629 0.999998 4.92877
0.999999 -0.000703391 -0.00131711 354.163 0.000704487 0.999999 0.000831476 0.0549602 0.00131653 -0.000832403 0.999999 4.96067
0.999998 -0.000457306 -0.00175156 355.739 0.000457135 1 -9.79031e-05 0.0661149 0.0017516 9.71022e-05 0.999998 4.98399
0.999997 -0.000229926 -0.00245029 357.35 0.000229984 1 2.34917e-05 0.0767175 0.00245028 -2.40552e-05 0.999997 5.01461
0.999998 -0.000384569 -0.00211702 358.936 0.000384142 1 -0.00020185 0.0789934 0.0021171 0.000201036 0.999998 5.03757
0.999996 -4.1065e-05 -0.00288948 360.538 4.01277e-05 1 -0.000324446 0.0924068 0.00288949 0.000324329 0.999996 5.06108
0.999992 -0.000273422 -0.00407218 362.112 0.000268269 0.999999 -0.00126574 0.0894409 0.00407252 0.00126464 0.999991 5.10934
0.999995 -0.000289616 -0.0030403 363.694 0.000279482 0.999994 -0.00333332 0.0991846 0.00304125 0.00333245 0.99999 5.12
0.999998 -0.000414529 -0.00216343 365.304 0.000403397 0.999987 -0.00514333 0.11976 0.00216553 0.00514245 0.999984 5.15235
0.999996 -0.000664911 -0.0027329 366.876 0.000649063 0.999983 -0.00579583 0.107507 0.00273671 0.00579403 0.999979 5.17541
0.999994 0.000365612 -0.00340059 368.463 -0.000381266 0.999989 -0.0046039 0.102107 0.00339887 0.00460517 0.999984 5.20073
0.999997 -3.10237e-05 -0.00256671 370.063 2.50674e-05 0.999997 -0.0023206 0.116721 0.00256677 0.00232053 0.999994 5.23184
0.999998 0.000912415 -0.00185808 371.699 -0.00091471 0.999999 -0.00123481 0.115286 0.00185696 0.00123651 0.999998 5.25829
0.999997 0.00092087 -0.00225593 373.288 -0.000924184 0.999998 -0.00146853 0.138523 0.00225457 0.00147061 0.999996 5.27864
0.999995 0.00154291 -0.0026958 374.86 -0.00154528 0.999998 -0.000879666 0.141327 0.00269444 0.000883827 0.999996 5.30982
0.999993 0.00198833 -0.00315906 376.475 -0.00199068 0.999998 -0.000740046 0.14098 0.00315758 0.00074633 0.999995 5.32885
0.999993 0.00196184 -0.00308066 378.085 -0.00196348 0.999998 -0.00053127 0.15278 0.00307961 0.000537315 0.999995 5.3632
0.999992 0.00272437 -0.00294264 379.703 -0.00272293 0.999996 0.000493788 0.152392 0.00294398 -0.000485771 0.999996 5.38649
0.999993 0.00249342 -0.00286766 381.301 -0.00249031 0.999996 0.00108888 0.160606 0.00287036 -0.00108173 0.999995 5.40421
0.999991 0.00269695 -0.00328057 382.895 -0.00269014 0.999994 0.00207969 0.153277 0.00328616 -0.00207084 0.999992 5.44183
0.999984 0.00401526 -0.00387305 384.489 -0.00400068 0.999985 0.00376669 0.14621 0.00388811 -0.00375114 0.999985 5.4674
0.999986 0.00365814 -0.00371669 386.105 -0.0036412 0.999983 0.0045539 0.146256 0.00373328 -0.0045403 0.999983 5.49343
0.999983 0.00503193 -0.00297035 387.718 -0.00501477 0.999971 0.00575756 0.153825 0.00299923 -0.00574257 0.999979 5.52112
0.999987 0.00447207 -0.00252461 389.347 -0.00445485 0.999967 0.00678485 0.154469 0.00255487 -0.00677351 0.999974 5.54302
0.999985 0.00473111 -0.00275151 390.958 -0.00470927 0.999958 0.00788893 0.165818 0.00278871 -0.00787586 0.999965 5.56991
0.999984 0.00507163 -0.00261217 392.585 -0.00505046 0.999955 0.00804843 0.172591 0.00265287 -0.0080351 0.999964 5.59486
