1 0 0 0 0 1 0 0 -0 0 1 0
0.999999 -0.00111096 -0.000300704 0.588685 0.00111039 0.999998 -0.00186819 0.0143401 0.000302779 0.00186785 0.999998 0.0619473
0.999997 -0.00218938 -0.00142115 1.14122 0.00218555 0.999994 -0.0026924 0.00619648 0.00142704 0.00268929 0.999995 0.0623869
0.99999 -0.00385124 -0.00244658 1.673 0.00384338 0.999987 -0.00320805 0.00799809 0.0024589 0.00319861 0.999992 0.0716743
0.999974 -0.00580953 -0.0041634 2.23608 0.00578991 0.999972 -0.00470773 0.0152278 0.00419064 0.0046835 0.99998 0.082807
0.999957 -0.00731053 -0.00573553 2.80062 0.0072684 0.999947 -0.00733174 0.0179122 0.00578883 0.00728973 0.999957 0.101284
0.999941 -0.00860622 -0.0065736 3.37265 0.0085536 0.999931 -0.00799189 0.024857 0.00664193 0.0079352 0.999946 0.10761
0.999928 -0.0105781 -0.00575173 3.94456 0.0105308 0.999911 -0.00818535 0.0325304 0.0058378 0.00812419 0.99995 0.114496
0.999915 -0.0113467 -0.00638002 4.52361 0.0112961 0.999905 -0.00791863 0.0432569 0.00646926 0.00784589 0.999948 0.136521
0.999878 -0.0125203 -0.00930532 5.11713 0.0124486 0.999893 -0.00771698 0.0483404 0.00940094 0.0076002 0.999927 0.148642
0.999821 -0.0140886 -0.0126111 5.71456 0.014014 0.999884 -0.00598406 0.0720374 0.0126939 0.00580626 0.999903 0.164914
0.999744 -0.015016 -0.0169322 6.33043 0.0149355 0.999877 -0.00487339 0.0974312 0.0170033 0.00461925 0.999845 0.167539
0.999724 -0.0164287 -0.0167842 6.94371 0.0163761 0.999861 -0.00326999 0.117839 0.0168356 0.00299423 0.999854 0.180783
0.999779 -0.0178018 -0.0111577 7.57659 0.0177915 0.999841 -0.00102201 0.101656 0.0111741 0.000823268 0.999937 0.18368
0.999826 -0.0186208 -0.000920483 8.23437 0.0186202 0.999826 -0.000641873 0.134452 0.000932276 0.000624622 0.999999 0.195806
0.999795 -0.0195379 0.00534293 8.91804 0.0195356 0.999809 0.000492972 0.146265 -0.00535154 -0.000388494 0.999986 0.215599
0.999771 -0.0207646 0.00512255 9.59029 0.020757 0.999783 0.00153112 0.164351 -0.00515323 -0.00142444 0.999986 0.221755
0.999768 -0.0214378 -0.00218863 10.2855 0.0214485 0.999758 0.00499014 0.179307 0.00208113 -0.00503592 0.999985 0.221991
0.999712 -0.0225395 -0.00829047 11.0035 0.0225763 0.999736 0.00437908 0.229379 0.00818957 -0.00456498 0.999956 0.22891
0.9997 -0.0234405 -0.00717173 11.7215 0.0234628 0.99972 0.00304374 0.256807 0.00709837 -0.00321109 0.99997 0.239067
0.999712 -0.0239066 0.00198286 12.4875 0.0239027 0.999712 0.00199624 0.260502 -0.00203001 -0.00194827 0.999996 0.243935
0.999661 -0.0240701 0.00997433 13.2383 0.0240623 0.99971 0.000907242 0.293163 -0.00999328 -0.000666929 0.99995 0.239185
0.999606 -0.0251984 0.0123633 14.0193 0.0251968 0.999682 0.000285932 0.305337 -0.0123666 2.56961e-05 0.999924 0.236586
0.999613 -0.0251043 0.0119517 14.8261 0.0251183 0.999684 -0.00101808 0.310702 -0.0119224 0.00131789 0.999928 0.252173
0.999659 -0.0244197 0.00924993 15.6583 0.024441 0.999699 -0.00219535 0.335118 -0.00919353 0.00242068 0.999955 0.234844
0.999699 -0.0238952 0.00561556 16.4543 0.0238967 0.999714 -0.000183423 0.348901 -0.00560958 0.000317561 0.999984 0.221575
0.999739 -0.0228367 0.000609512 17.3522 0.0228384 0.999735 -0.00291962 0.373869 -0.000542676 0.00293278 0.999996 0.230355
0.999738 -0.0221406 -0.00573571 18.1692 0.02211 0.999741 -0.00535171 0.377621 0.00585271 0.00522349 0.999969 0.244171
0.999735 -0.0204815 -0.010481 19.1014 0.0204271 0.999777 -0.00526938 0.423609 0.0105866 0.00505389 0.999931 0.250436
0.999715 -0.0207274 -0.0118558 19.9778 0.0206981 0.999782 -0.00258822 0.438721 0.0119069 0.00234208 0.999926 0.257751
0.999711 -0.0212915 -0.0111911 20.9086 0.0212515 0.999767 -0.00368291 0.45912 0.0112669 0.00344401 0.999931 0.269457
0.999708 -0.0206905 -0.0124793 21.8594 0.0206658 0.999784 -0.00210414 0.500671 0.0125201 0.00184564 0.99992 0.289243
0.999675 -0.0211112 -0.0142989 22.7998 0.021117 0.999777 0.000257033 0.529313 0.0142903 -0.0005589 0.999898 0.300991
0.999681 -0.0202874 -0.015015 23.7744 0.0203632 0.999781 0.00491534 0.547478 0.014912 -0.00521953 0.999875 0.319698
0.99967 -0.020902 -0.0149638 24.7179 0.0209997 0.999759 0.00640297 0.568356 0.0148264 -0.00671509 0.999868 0.34644
0.999658 -0.0211586 -0.015383 25.7532 0.0212768 0.999745 0.00756117 0.592009 0.0152191 -0.00788588 0.999853 0.371665
0.999655 -0.0213157 -0.0153643 26.7156 0.0214307 0.999743 0.00735321 0.632811 0.0152036 -0.00767994 0.999855 0.395126
0.999672 -0.0215049 -0.013878 27.678 0.0216285 0.999727 0.00882211 0.673715 0.0136845 -0.00911938 0.999865 0.418553
0.999677 -0.0220783 -0.0125542 28.7221 0.0222006 0.999707 0.00968889 0.68134 0.0123366 -0.00996447 0.999874 0.450978
0.999684 -0.0224309 -0.0113295 29.7059 0.0225435 0.999697 0.00991619 0.717261 0.0111036 -0.0101685 0.999887 0.459661
0.999676 -0.0223783 -0.0121615 30.7421 0.0224807 0.999712 0.00834571 0.750097 0.0119713 -0.0086164 0.999891 0.489308
0.999658 -0.0225798 -0.0131743 31.7524 0.0227295 0.999677 0.0113263 0.78648 0.0129143 -0.0116218 0.999849 0.517837
0.999641 -0.0239253 -0.0120337 32.7969 0.0240616 0.999646 0.0113135 0.779055 0.0117587 -0.011599 0.999864 0.551858
0.999669 -0.0238931 -0.00952338 33.8761 0.0239978 0.999651 0.0110386 0.83404 0.00925631 -0.0112635 0.999894 0.561692
0.999689 -0.0243113 -0.00558519 34.8788 0.0243714 0.999643 0.0109576 0.863848 0.0053168 -0.0110903 0.999924 0.581002
0.999685 -0.0248285 -0.00367268 35.9948 0.0248696 0.999624 0.0115864 0.891687 0.00338362 -0.0116741 0.999926 0.60834
0.999675 -0.0253594 -0.00275894 36.9937 0.0253868 0.999623 0.0104125 0.940074 0.00249384 -0.0104791 0.999942 0.613545
0.999655 -0.0259648 -0.00393087 38.0968 0.0260062 0.999603 0.0108781 0.952493 0.00364686 -0.0109766 0.999933 0.637752
0.999637 -0.0265617 -0.00454483 39.1684 0.0266169 0.999567 0.0125672 0.996778 0.00420906 -0.0126836 0.999911 0.652421
0.999619 -0.0273968 -0.00347748 40.2016 0.027437 0.99955 0.012096 1.02633 0.00314453 -0.0121868 0.999921 0.658536
0.999603 -0.0281258 -0.00156919 41.3117 0.0281407 0.99955 0.0103973 1.06824 0.00127605 -0.0104373 0.999945 0.666614
0.999575 -0.0291392 0.000546224 42.3744 0.0291319 0.99952 0.0105024 1.10048 -0.000851993 -0.010482 0.999945 0.684341
0.999566 -0.0294444 0.000638559 43.4902 0.0294365 0.999516 0.0100751 1.13343 -0.000934905 -0.0100519 0.999949 0.690626
0.999564 -0.0294037 -0.00279007 44.5621 0.02944 0.999468 0.0140157 1.16226 0.00237647 -0.0140918 0.999898 0.719903
0.999519 -0.030318 -0.0064989 45.6337 0.0304094 0.999433 0.0144489 1.19129 0.00605715 -0.0146396 0.999874 0.752783
0.999543 -0.0295238 -0.0065415 46.6844 0.0296208 0.999445 0.0152727 1.26526 0.00608696 -0.0154594 0.999862 0.754153
0.999548 -0.029753 -0.00439904 47.7481 0.0298119 0.999458 0.0139794 1.28107 0.00398073 -0.0141042 0.999893 0.764908
0.99957 -0.0291504 -0.00329618 48.8706 0.0291956 0.999467 0.0145984 1.32564 0.00286887 -0.0146884 0.999888 0.779057
0.999566 -0.029391 -0.00178112 49.9185 0.0294153 0.999445 0.0156518 1.36973 0.0013201 -0.0156974 0.999876 0.809231
0.999577 -0.0289943 -0.00212683 51.0098 0.0290236 0.999461 0.0153538 1.39527 0.00168051 -0.0154091 0.99988 0.821813
0.999592 -0.0283202 -0.0037328 52.0587 0.0283683 0.999506 0.013543 1.43082 0.00334741 -0.0136434 0.999901 0.829913
0.999578 -0.0284034 -0.00606389 53.1487 0.0284896 0.999487 0.0146308 1.46766 0.00564522 -0.0147974 0.999875 0.865811
0.999573 -0.0280999 -0.0079545 54.2276 0.0281976 0.999525 0.0124497 1.51577 0.00760088 -0.0126687 0.999891 0.873663
0.999542 -0.0282834 -0.0107705 55.3199 0.0283988 0.999539 0.0107122 1.55469 0.0104625 -0.0110132 0.999885 0.909663
0.999542 -0.0275824 -0.0124581 56.3716 0.0277006 0.999572 0.00941976 1.57332 0.0121929 -0.00976054 0.999878 0.935114
0.999567 -0.0275107 -0.0104035 57.395 0.0275984 0.999584 0.00838696 1.61536 0.0101684 -0.00867045 0.999911 0.966809
0.999624 -0.0267894 -0.0058219 58.5131 0.026845 0.999593 0.00968025 1.64336 0.0055602 -0.0098329 0.999936 0.983471
0.999634 -0.0270438 -0.000149549 59.6297 0.0270442 0.999609 0.00707324 1.68701 -4.17968e-05 -0.0070747 0.999975 0.995631
0.999631 -0.0270856 0.00182408 60.6862 0.0270772 0.999623 0.00447941 1.71647 -0.00194472 -0.00442837 0.999988 1.02182
0.999653 -0.0262893 -0.00169494 61.7963 0.0262969 0.999643 0.00462241 1.74161 0.00157281 -0.00466538 0.999988 1.05172
0.999632 -0.026659 -0.00491708 62.8771 0.0266743 0.999639 0.00307467 1.78836 0.00483334 -0.0032047 0.999983 1.06756
0.99961 -0.0264674 -0.00892978 63.9233 0.0265309 0.999623 0.00706257 1.79249 0.00873948 -0.00729673 0.999935 1.08734
0.999564 -0.0264963 -0.013027 64.984 0.026585 0.999624 0.00668222 1.83319 0.012845 -0.00702563 0.999893 1.11499
0.999574 -0.0256993 -0.0138358 66.088 0.0258244 0.999627 0.00894112 1.87015 0.0136009 -0.00929461 0.999864 1.13869
0.999621 -0.0253259 -0.0107968 67.154 0.0254457 0.999615 0.0111051 1.90851 0.0105113 -0.0113756 0.99988 1.13911
0.999662 -0.0246825 -0.00820273 68.2659 0.0247922 0.999601 0.0135607 1.94232 0.00786474 -0.0137595 0.999874 1.18501
0.999663 -0.024803 -0.00769143 69.3615 0.0248972 0.999613 0.0124046 1.99085 0.00738078 -0.0125919 0.999893 1.19791
0.999668 -0.0249538 -0.00636718 70.4491 0.0250282 0.999616 0.0118855 2.00792 0.00606815 -0.0120409 0.999909 1.22983
0.999658 -0.0255955 -0.00527761 71.5366 0.0256542 0.999606 0.0113816 2.0251 0.00498421 -0.0115132 0.999921 1.26031
0.999659 -0.0259767 -0.00277454 72.6244 0.0260006 0.999622 0.00895898 2.06385 0.00254077 -0.00902806 0.999956 1.26681
0.999639 -0.0268122 -0.00181992 73.7384 0.0268263 0.999606 0.00823765 2.09051 0.00159833 -0.0082835 0.999964 1.27214
0.99964 -0.0266888 -0.00273314 74.7943 0.0267095 0.999613 0.00782857 2.13426 0.00252314 -0.00789875 0.999966 1.30055
0.999606 -0.0273564 -0.00634036 75.86 0.0274067 0.999593 0.00798003 2.16027 0.00611947 -0.00815066 0.999948 1.3279
0.999577 -0.0278384 -0.00836449 76.9564 0.0279149 0.999568 0.00917518 2.18471 0.00810546 -0.00940479 0.999923 1.3423
0.999574 -0.028411 -0.00671114 78.0092 0.028474 0.999549 0.00948903 2.23148 0.00643852 -0.00967608 0.999932 1.36361
0.999568 -0.0292767 -0.00257456 79.0756 0.0293023 0.999515 0.0105557 2.26499 0.00226428 -0.0106266 0.999941 1.38422
0.999583 -0.0288715 0.00106059 80.142 0.0288574 0.999517 0.0115053 2.29941 -0.00139226 -0.0114699 0.999933 1.40034
0.999544 -0.0301569 0.00172898 81.196 0.0301331 0.999468 0.0124627 2.34988 -0.0021039 -0.0124049 0.999921 1.4118
0.999531 -0.0306387 -0.000181464 82.2516 0.0306383 0.99944 0.0134816 2.40029 -0.000231696 -0.0134808 0.999909 1.43483
0.999513 -0.0312018 -0.00078751 83.3181 0.0312096 0.999423 0.0134362 2.41445 0.000367821 -0.0134543 0.999909 1.45949
0.999496 -0.0317383 -0.00112365 84.3689 0.03175 0.999416 0.0126216 2.4625 0.00072241 -0.0126509 0.99992 1.46529
0.999481 -0.032191 -0.00101514 85.3438 0.0322003 0.99942 0.0111005 2.49024 0.000657211 -0.0111274 0.999938 1.4879
0.999455 -0.032991 0.00140545 86.3921 0.0329739 0.999398 0.0108122 2.53274 -0.00176131 -0.01076 0.999941 1.51414
0.99943 -0.033599 0.00315066 87.4111 0.0335692 0.999395 0.00908838 2.5856 -0.00345411 -0.00897744 0.999954 1.52514
0.999384 -0.0348311 0.00427047 88.3942 0.0347984 0.999366 0.0075032 2.59692 -0.0045291 -0.00734997 0.999963 1.54134
0.999335 -0.0361982 0.0044597 89.3468 0.0361659 0.99932 0.00713466 2.6388 -0.00471493 -0.00696862 0.999965 1.55402
0.999213 -0.0394684 0.00386965 90.2278 0.0394442 0.999203 0.00612878 2.68146 -0.00410846 -0.00597133 0.999974 1.57369
0.999067 -0.0430794 0.00315874 91.1427 0.043058 0.999051 0.00654705 2.72945 -0.00343779 -0.00640493 0.999974 1.58556
0.998931 -0.0460738 0.0037938 92.0197 0.0460464 0.998915 0.00700434 2.75731 -0.0041124 -0.00682216 0.999968 1.61489
0.998766 -0.0494579 0.00458758 92.9278 0.0494256 0.998754 0.006914 2.81742 -0.00492381 -0.00667872 0.999966 1.62563
0.998629 -0.0520575 0.00555132 93.773 0.0520184 0.998622 0.0069744 2.87386 -0.00590674 -0.00667607 0.99996 1.63094
0.99843 -0.05557 0.00710444 94.562 0.0555176 0.99843 0.0073737 2.91586 -0.00750305 -0.00696769 0.999948 1.64009
0.998255 -0.058523 0.00785484 95.3628 0.0584487 0.998246 0.0093778 2.98178 -0.00838988 -0.00890233 0.999925 1.65291
0.998095 -0.0611818 0.00791905 96.1223 0.061096 0.998075 0.0106626 3.02991 -0.00855616 -0.0101585 0.999912 1.66009
0.997939 -0.0638445 0.00652721 96.8342 0.0637555 0.99788 0.0130329 3.09006 -0.00734545 -0.0125899 0.999894 1.67574
0.997832 -0.0657144 0.00349209 97.5412 0.0656618 0.997751 0.0134949 3.15853 -0.00437105 -0.0132364 0.999903 1.68674
0.99763 -0.0688072 -8.21703e-05 98.1789 0.0687984 0.997482 0.0172023 3.19322 -0.00110168 -0.0171672 0.999852 1.70663
0.997459 -0.0711899 -0.00256503 98.8 0.0712245 0.997301 0.0178513 3.2388 0.00128728 -0.0179886 0.999837 1.7176
0.997389 -0.0721108 -0.00383293 99.4359 0.0721713 0.997208 0.0191562 3.31529 0.00244086 -0.0193828 0.999809 1.73197
0.997458 -0.0711564 -0.00383951 100.028 0.071224 0.997217 0.0220295 3.35329 0.00226129 -0.0222469 0.99975 1.74505
0.99765 -0.0684781 -0.00233321 100.593 0.0685149 0.997341 0.0248152 3.4094 0.000627712 -0.0249167 0.999689 1.75677
0.997989 -0.0633872 -0.000806459 101.133 0.0633863 0.997636 0.0265473 3.43944 -0.000878209 -0.026545 0.999647 1.76771
0.99847 -0.0552957 0.000617587 101.676 0.0552562 0.998072 0.0282786 3.47062 -0.00218008 -0.0282012 0.9996 1.77748
0.998956 -0.0455001 0.00397754 102.145 0.045366 0.998549 0.0290155 3.50154 -0.00529198 -0.0288048 0.999571 1.79835
0.999406 -0.0340386 0.00532771 102.611 0.0338782 0.99904 0.0277635 3.52083 -0.00626763 -0.0275665 0.9996 1.79259
0.99977 -0.0205534 0.00612547 103.062 0.0203762 0.999408 0.0277076 3.52041 -0.00669134 -0.0275764 0.999597 1.80332
0.999969 -0.00537915 0.0058064 103.5 0.00522301 0.999633 0.026579 3.51872 -0.00594724 -0.0265478 0.99963 1.81227
0.999922 0.0119543 0.00349917 103.889 -0.0120387 0.999611 0.0251752 3.49435 -0.00319685 -0.0252153 0.999677 1.82585
0.999447 0.0332614 -6.1149e-05 104.296 -0.03325 0.999148 0.0244591 3.49676 0.00087464 -0.0244435 0.999701 1.82065
0.998297 0.0582261 -0.00360807 104.683 -0.0581212 0.998011 0.0244102 3.45132 0.00502221 -0.0241589 0.999696 1.84725
0.996353 0.0851008 -0.00620027 105.057 -0.0849465 0.996144 0.021921 3.42591 0.00804185 -0.0213143 0.99974 1.84882
0.993319 0.115188 -0.00700709 105.499 -0.11504 0.993183 0.018811 3.34323 0.00912614 -0.0178793 0.999799 1.85263
0.989057 0.147305 -0.00826329 105.834 -0.147142 0.988957 0.0176858 3.26881 0.0107772 -0.0162764 0.999809 1.86576
0.983081 0.182905 -0.00989511 106.263 -0.182747 0.983044 0.0151042 3.18694 0.01249 -0.0130404 0.999837 1.878
0.975251 0.220853 -0.0104655 106.581 -0.22072 0.975257 0.012531 3.0813 0.012974 -0.00991089 0.999867 1.89115
0.965331 0.260785 -0.0112644 106.948 -0.260677 0.965372 0.0101852 2.93631 0.0135305 -0.00689573 0.999885 1.90165
0.953181 0.302187 -0.0113884 107.285 -0.302069 0.953223 0.0109707 2.82871 0.0141709 -0.00701701 0.999875 1.9194
0.938112 0.346159 -0.0109622 107.602 -0.346018 0.938139 0.0128868 2.70402 0.0147449 -0.00829612 0.999857 1.92366
0.92042 0.390806 -0.00988172 107.948 -0.390689 0.920445 0.0119443 2.52461 0.0137635 -0.0071331 0.99988 1.93546
0.900394 0.435012 -0.00747396 108.23 -0.434917 0.900396 0.0115687 2.37742 0.0117621 -0.00716587 0.999905 1.92904
0.877508 0.479493 -0.00810788 108.573 -0.479405 0.877529 0.0106703 2.1516 0.0122312 -0.00547632 0.99991 1.95509
0.852769 0.522192 -0.0100172 108.83 -0.522095 0.852819 0.0108066 1.97828 0.014186 -0.00398566 0.999891 1.97268
0.825175 0.564753 -0.0118518 109.099 -0.564624 0.825251 0.0126331 1.73046 0.0169152 -0.0037327 0.99985 1.97786
0.794664 0.606899 -0.0135608 109.352 -0.606716 0.794769 0.0154179 1.54886 0.0201348 -0.00402445 0.999789 1.97747
0.761352 0.648208 -0.0130369 109.636 -0.6479 0.761422 0.0214808 1.25206 0.0238506 -0.00790789 0.999684 2.01194
0.724334 0.689344 -0.0120099 109.866 -0.688931 0.724355 0.026143 1.0514 0.026721 -0.0106623 0.999586 1.99847
0.685218 0.728234 -0.0122698 110.078 -0.72781 0.685266 0.0265213 0.768656 0.0277219 -0.00924281 0.999573 2.0084
0.64448 0.764516 -0.0126706 110.333 -0.764178 0.644582 0.0233579 0.436716 0.0260247 -0.0053711 0.999647 2.04347
0.601091 0.799112 -0.0104731 110.495 -0.798831 0.601164 0.0216922 0.162784 0.0236305 -0.00467274 0.99971 2.03987
0.554887 0.831889 -0.00785322 110.747 -0.831689 0.554929 0.0186468 -0.185495 0.0198701 -0.00381544 0.999795 2.04728
0.507453 0.86166 -0.0058349 110.877 -0.861501 0.507474 0.0169106 -0.495917 0.0175322 -0.00355454 0.99984 2.0464
0.456866 0.889518 -0.00553872 111.071 -0.889435 0.456899 0.0122042 -0.876662 0.0133865 -0.000649371 0.99991 2.09284
0.405456 0.914112 -0.00208801 111.184 -0.914039 0.40545 0.0119457 -1.2335 0.0117663 -0.00293492 0.999926 2.08034
0.354813 0.934936 0.00156002 111.297 -0.934834 0.354748 0.0154809 -1.60693 0.0139203 -0.00695119 0.999879 2.09886
0.303911 0.952697 0.00263417 111.407 -0.952506 0.303792 0.0210324 -2.00213 0.0192373 -0.00890105 0.999775 2.10933
0.257346 0.966318 0.00143827 111.482 -0.966074 0.257247 0.0229203 -2.38121 0.0217783 -0.00728792 0.999736 2.09837
0.215275 0.976545 -0.00414863 111.617 -0.976296 0.215314 0.0220472 -2.83072 0.0224234 -0.000695929 0.999748 2.12727
0.179774 0.983657 -0.0100229 111.64 -0.983457 0.179949 0.0207455 -3.22442 0.0222101 0.00612759 0.999735 2.13641
0.148505 0.988824 -0.013188 111.68 -0.988628 0.148769 0.0219796 -3.68692 0.0236959 0.00977396 0.999671 2.16768
0.121388 0.992555 -0.00994 111.716 -0.992365 0.121573 0.0207917 -4.15048 0.0218454 0.00734023 0.999734 2.17961
0.0960393 0.99537 -0.00377745 111.783 -0.995229 0.0960899 0.0169097 -4.65156 0.0171944 0.00213543 0.99985 2.17906
0.0712049 0.997461 0.00125609 111.851 -0.997383 0.0711834 0.0126679 -5.13598 0.0125463 -0.00215481 0.999919 2.17881
0.0490744 0.998795 -0.000588004 111.853 -0.99875 0.0490778 0.0094464 -5.64697 0.00946387 0.000123693 0.999955 2.19485
0.0290086 0.999555 -0.00690367 111.815 -0.999523 0.0290798 0.0104468 -6.19511 0.0106429 0.00659732 0.999922 2.22568
0.0108141 0.999853 -0.0133109 111.845 -0.999862 0.0109803 0.0124786 -6.74433 0.012623 0.0131741 0.999834 2.23494
-0.00357791 0.999918 -0.0122627 111.83 -0.999842 -0.00336372 0.0174434 -7.29057 0.0174008 0.0123232 0.999773 2.24955
-0.0148356 0.999825 -0.0113774 111.838 -0.999644 -0.0145786 0.0223466 -7.89523 0.0221768 0.0117048 0.999686 2.23154
-0.0208206 0.999705 -0.0125042 111.813 -0.999542 -0.0205389 0.0222453 -8.50847 0.0219819 0.0129616 0.999674 2.25313
-0.0237768 0.999547 -0.0184616 111.769 -0.999539 -0.0234196 0.01933 -9.12594 0.0188889 0.0189127 0.999643 2.27754
-0.0235535 0.999471 -0.022421 111.779 -0.999579 -0.0231643 0.0174637 -9.81378 0.0169351 0.0228229 0.999596 2.28422
-0.0214109 0.999512 -0.0227582 111.759 -0.999633 -0.0210251 0.0170605 -10.5071 0.0165736 0.0231151 0.999595 2.31352
-0.0199173 0.999671 -0.0161551 111.757 -0.999655 -0.0196349 0.0174544 -11.1686 0.0171314 0.0164972 0.999717 2.32318
-0.0190058 0.999695 -0.0157759 111.766 -0.999643 -0.0187036 0.0190924 -11.8558 0.0187915 0.0161331 0.999693 2.3445
-0.0184065 0.999707 -0.0157148 111.756 -0.999643 -0.0180966 0.0196411 -12.5831 0.019351 0.0160707 0.999684 2.34884
-0.017593 0.99973 -0.0151781 111.744 -0.999665 -0.0172999 0.0192334 -13.3157 0.0189657 0.0155114 0.9997 2.37419
-0.0163547 0.999768 -0.0140333 111.733 -0.999704 -0.0160976 0.0182477 -14.0919 0.0180175 0.0143276 0.999735 2.38548
-0.0165787 0.999761 -0.0142575 111.75 -0.999722 -0.0163355 0.0170046 -14.87 0.0167677 0.0145355 0.999754 2.41461
-0.0170103 0.999736 -0.0154582 111.757 -0.999766 -0.0167998 0.013647 -15.656 0.0133837 0.0156867 0.999787 2.43386
-0.0176551 0.999761 -0.0128552 111.719 -0.999763 -0.0174882 0.0129819 -16.4319 0.012754 0.0130813 0.999833 2.44604
-0.0186881 0.99976 -0.011409 111.703 -0.999754 -0.0185492 0.0121596 -17.2479 0.0119451 0.0116334 0.999861 2.45131
-0.0202049 0.999713 -0.0129081 111.682 -0.999762 -0.0200962 0.00849206 -18.0186 0.00823021 0.0130766 0.999881 2.48118
-0.0215528 0.999668 -0.0141455 111.689 -0.999748 -0.0214609 0.00661918 -18.8073 0.00631341 0.0142846 0.999878 2.50522
-0.0228211 0.999635 -0.0144321 111.661 -0.999721 -0.0227292 0.006498 -19.6773 0.0061676 0.0145764 0.999875 2.51153
-0.0240637 0.999663 -0.00969266 111.656 -0.99966 -0.0239638 0.0102921 -20.4375 0.0100564 0.00993703 0.9999 2.53541
-0.024179 0.999653 -0.0104855 111.613 -0.999606 -0.0240254 0.014534 -21.305 0.014277 0.0108328 0.999839 2.55365
-0.0254695 0.999614 -0.0111009 111.607 -0.999541 -0.0252823 0.0166936 -22.1852 0.0164065 0.011521 0.999799 2.5821
-0.0272168 0.999589 -0.00896439 111.625 -0.999526 -0.0270839 0.0146221 -22.9897 0.0143733 0.00935811 0.999853 2.58876
-0.0276932 0.999594 -0.0067256 111.593 -0.999558 -0.0276184 0.0109747 -23.8416 0.0107844 0.00702656 0.999917 2.60334
-0.0282169 0.999591 -0.00460346 111.571 -0.999584 -0.0281885 0.00612559 -24.6452 0.00599332 0.00477439 0.999971 2.63341
-0.0284574 0.999594 -0.00141714 111.545 -0.999595 -0.0284565 0.00064072 -25.5574 0.000600133 0.0014348 0.999999 2.64052
-0.0277774 0.999613 0.00126033 111.522 -0.999614 -0.027776 -0.0011046 -26.3888 -0.00106917 -0.00129053 0.999999 2.64833
-0.0266842 0.999643 -0.00121327 111.505 -0.999631 -0.0266776 0.00518363 -27.2087 0.00514942 0.00135114 0.999986 2.68043
-0.0265428 0.999642 -0.00344096 111.471 -0.999534 -0.0264878 0.0151576 -28.0178 0.015061 0.00384168 0.999879 2.71033
-0.0263463 0.999643 -0.0045164 111.474 -0.99946 -0.0262523 0.0197429 -28.8555 0.0196173 0.00503412 0.999795 2.73005
-0.0247424 0.999673 -0.00642121 111.454 -0.999571 -0.024638 0.0158653 -29.6921 0.0157019 0.006811 0.999854 2.74149
-0.0236877 0.999665 -0.0104442 111.432 -0.999682 -0.0235957 0.00884281 -30.5469 0.0085934 0.0106504 0.999906 2.74847
-0.023347 0.999644 -0.0129357 111.407 -0.999714 -0.0232778 0.00547345 -31.3859 0.00517039 0.0130597 0.999901 2.76479
-0.0239063 0.999659 -0.0104948 111.392 -0.999696 -0.0238411 0.00629712 -32.1992 0.00604477 0.0106421 0.999925 2.80293
-0.0253646 0.999654 -0.00692083 111.4 -0.999657 -0.0253178 0.0067567 -33.0036 0.00657915 0.00708983 0.999953 2.82291
-0.0266189 0.999636 -0.00443987 111.365 -0.999624 -0.0265888 0.00670865 -33.8214 0.00658816 0.00461677 0.999968 2.83385
-0.0290895 0.999565 -0.00481233 111.369 -0.999552 -0.0290547 0.00713445 -34.6438 0.00699152 0.00501772 0.999963 2.85994
-0.0308011 0.999524 -0.00194105 111.337 -0.9995 -0.0307865 0.00716075 -35.4147 0.00709758 0.00216064 0.999972 2.89274
-0.0328149 0.999459 -0.00232654 111.329 -0.999434 -0.0327967 0.00748904 -36.1969 0.00740868 0.00257097 0.999969 2.89563
-0.0356228 0.999365 0.000821276 111.3 -0.999345 -0.0356273 0.00633258 -37.0369 0.00635782 -0.000595154 0.99998 2.90743
-0.0371716 0.999309 0.000675054 111.285 -0.999295 -0.0371747 0.00522456 -37.7754 0.00524605 -0.000480373 0.999986 2.92818
-0.0394979 0.999218 0.00170934 111.245 -0.999205 -0.0395067 0.00541863 -38.6205 0.00548192 -0.00149396 0.999984 2.95104
-0.0409514 0.999159 0.00200596 111.231 -0.999141 -0.0409633 0.00626749 -39.3777 0.00634439 -0.00174757 0.999978 2.97233
-0.0412922 0.999146 0.00142772 111.197 -0.999128 -0.0413002 0.00612577 -40.1691 0.00617951 -0.00117352 0.99998 2.98484
-0.0428983 0.999079 -0.000296109 111.173 -0.999067 -0.0428963 0.00493216 -40.9051 0.00491492 0.000507414 0.999988 2.99822
-0.045042 0.998985 -0.000908646 111.131 -0.998975 -0.0450376 0.00444481 -41.7163 0.00439938 0.00110792 0.99999 3.01729
-0.0459904 0.998942 -0.00041277 111.113 -0.998934 -0.0459884 0.00399594 -42.4548 0.00397273 0.000596105 0.999992 3.03444
-0.0466216 0.998912 0.00130774 111.066 -0.998907 -0.0466255 0.00318456 -43.2222 0.00324207 -0.00115784 0.999994 3.03921
-0.0475384 0.998867 0.00236419 111.046 -0.998866 -0.0475441 0.00240676 -43.9456 0.00251644 -0.0022471 0.999994 3.04348
-0.0479034 0.99885 0.00187354 111.026 -0.99885 -0.0479072 0.00207221 -44.6727 0.00215958 -0.00177212 0.999996 3.06932
-0.0487566 0.998805 0.00337006 110.985 -0.998802 -0.0487696 0.00388848 -45.3524 0.00404819 -0.00317643 0.999987 3.07001
-0.0483221 0.998822 0.00445364 110.978 -0.998807 -0.0483521 0.00689056 -46.0581 0.00709779 -0.00411536 0.999966 3.09548
-0.049166 0.998778 0.00504497 110.933 -0.998752 -0.049208 0.00855632 -46.77 0.00879411 -0.00461799 0.999951 3.12643
-0.0495003 0.998764 0.00458993 110.906 -0.998729 -0.0495411 0.00924739 -47.4803 0.00946334 -0.00412635 0.999947 3.14169
-0.0493689 0.998775 0.00341438 110.858 -0.99874 -0.0493975 0.00884509 -48.1513 0.00900291 -0.0029734 0.999955 3.1516
-0.049843 0.998753 0.00270838 110.843 -0.998719 -0.0498647 0.00864772 -48.8136 0.00877199 -0.00227388 0.999959 3.17312
-0.0495135 0.998747 0.00731762 110.811 -0.998734 -0.0495757 0.00858157 -49.5449 0.00893359 -0.00688345 0.999936 3.18057
-0.0493172 0.998754 0.00762313 110.78 -0.998734 -0.0493892 0.00956422 -50.2226 0.0099288 -0.0071418 0.999925 3.20034
-0.0495956 0.998751 0.00609192 110.756 -0.998739 -0.0496411 0.00755887 -50.8434 0.00785184 -0.00570934 0.999953 3.22429
-0.05053 0.998697 0.00707587 110.733 -0.998698 -0.0505775 0.00671093 -51.5374 0.00706006 -0.00672755 0.999952 3.23818
-0.0541938 0.998449 0.0127341 110.721 -0.998509 -0.0542723 0.00590589 -52.1848 0.00658784 -0.012395 0.999901 3.25117
-0.0596368 0.998124 0.0138889 110.697 -0.998195 -0.0597276 0.0062181 -52.9311 0.00703598 -0.013493 0.999884 3.26774
-0.0652791 0.997787 0.0126745 110.64 -0.997816 -0.0653993 0.00931141 -53.5286 0.0101197 -0.012039 0.999876 3.29754
-0.0722282 0.997331 0.0106611 110.597 -0.997312 -0.0723506 0.0115795 -54.2092 0.0123199 -0.00979603 0.999876 3.30697
-0.0795905 0.996761 0.0115178 110.558 -0.996729 -0.0797402 0.0131772 -54.8457 0.014053 -0.0104314 0.999847 3.32072
-0.0857972 0.996232 0.0126515 110.502 -0.996214 -0.0859602 0.0129572 -55.5322 0.0139959 -0.0114919 0.999836 3.34618
-0.0907891 0.995776 0.0137101 110.435 -0.995783 -0.0909544 0.0119532 -56.2269 0.0131497 -0.0125671 0.999835 3.35435
-0.0955169 0.995333 0.0137108 110.358 -0.995333 -0.0956887 0.0124686 -56.9352 0.0137224 -0.0124558 0.999828 3.38257
-0.099751 0.994833 0.0188717 110.31 -0.994923 -0.0999787 0.0115323 -57.6409 0.0133595 -0.0176255 0.999755 3.38019
-0.101648 0.994675 0.0169922 110.216 -0.994759 -0.101817 0.00938479 -58.3844 0.0110649 -0.0159492 0.999812 3.39913
-0.104665 0.994401 0.0145902 110.171 -0.994473 -0.104772 0.00676221 -59.022 0.00825299 -0.0138018 0.999871 3.41826
-0.10507 0.99435 0.0151393 110.1 -0.99445 -0.105139 0.00386975 -59.7495 0.00543963 -0.0146487 0.999878 3.40949
-0.106706 0.994197 0.0136399 110.046 -0.994281 -0.106755 0.00292683 -60.5585 0.00436597 -0.0132496 0.999903 3.44666
-0.107148 0.994145 0.0139801 109.956 -0.994212 -0.107245 0.00635133 -61.1938 0.00781343 -0.0132187 0.999882 3.46802
-0.107321 0.994142 0.0127726 109.853 -0.994164 -0.107447 0.00960807 -61.935 0.0109242 -0.0116669 0.999872 3.46196
-0.107739 0.994163 0.0056403 109.784 -0.994074 -0.107808 0.0139206 -62.6471 0.0144474 -0.00410709 0.999887 3.51004
-0.108831 0.99404 0.00640731 109.68 -0.99394 -0.108916 0.0148405 -63.4048 0.0154499 -0.00475337 0.999869 3.5141
-0.109852 0.993912 0.00845793 109.639 -0.993845 -0.109959 0.0134762 -64.1535 0.0143242 -0.00692548 0.999873 3.52681
-0.109035 0.994011 0.00733939 109.531 -0.993984 -0.109103 0.0096401 -64.925 0.0103831 -0.00624413 0.999927 3.5339
-0.109566 0.993965 0.00539621 109.443 -0.993945 -0.109606 0.00768759 -65.6432 0.00823265 -0.00452123 0.999956 3.55043
-0.110634 0.993848 0.00513478 109.371 -0.993828 -0.110671 0.00766414 -66.4048 0.00818526 -0.00425518 0.999957 3.56614
-0.112173 0.993658 0.00782638 109.278 -0.993653 -0.112233 0.00763263 -67.1332 0.0084626 -0.00692053 0.99994 3.5741
-0.114509 0.993387 0.00831771 109.218 -0.993381 -0.114576 0.00815145 -67.8763 0.00905056 -0.00732924 0.999932 3.60473
-0.116797 0.993125 0.00787764 109.138 -0.99311 -0.116864 0.00864179 -68.6367 0.00950299 -0.00681403 0.999932 3.61075
-0.118385 0.99292 0.00977142 109.053 -0.992916 -0.118474 0.00907553 -69.3785 0.0101689 -0.00862779 0.999911 3.60396
-0.120391 0.992677 0.00987623 108.976 -0.992681 -0.120475 0.00839355 -70.1108 0.00952193 -0.00879344 0.999916 3.64222
-0.122014 0.992456 0.0120296 108.863 -0.992477 -0.122122 0.00871566 -70.8545 0.010119 -0.0108756 0.99989 3.65481
-0.122904 0.992341 0.0123885 108.775 -0.992364 -0.123019 0.00892088 -71.5668 0.0103766 -0.0111975 0.999883 3.68427
-0.123725 0.992237 0.0126013 108.694 -0.992255 -0.123849 0.00958594 -72.3231 0.0110722 -0.0113176 0.999875 3.68775
-0.12502 0.992078 0.0122947 108.59 -0.992098 -0.125136 0.00912992 -73.1121 0.0105961 -0.0110561 0.999883 3.72604
-0.126068 0.991944 0.0123898 108.495 -0.991971 -0.126178 0.0085432 -73.8938 0.0100377 -0.0112133 0.999887 3.72789
-0.127075 0.991806 0.0131564 108.392 -0.991863 -0.127163 0.00611094 -74.6276 0.00773388 -0.0122728 0.999895 3.75847
-0.129257 0.991488 0.0156038 108.312 -0.991594 -0.129332 0.00384455 -75.4185 0.00582989 -0.0149757 0.999871 3.76132
-0.131128 0.991259 0.0145059 108.205 -0.991352 -0.131188 0.00324174 -76.1962 0.0051164 -0.0139554 0.99989 3.78575
-0.133421 0.990996 0.0112437 108.124 -0.991045 -0.133471 0.00381522 -77.0325 0.00528158 -0.010634 0.99993 3.8342
-0.135971 0.990622 0.0134477 108.032 -0.990689 -0.136049 0.00505328 -77.8127 0.00683544 -0.0126354 0.999897 3.80507
-0.136787 0.990522 0.0124946 107.914 -0.990553 -0.136893 0.00809923 -78.6384 0.00973289 -0.0112687 0.999889 3.84496
-0.137694 0.990398 0.0123732 107.818 -0.990383 -0.13784 0.0118737 -79.4014 0.0134652 -0.0106193 0.999853 3.84063
-0.138675 0.990265 0.0119852 107.692 -0.990185 -0.138857 0.0159104 -80.2438 0.0174197 -0.00966116 0.999802 3.85311
-0.138064 0.990382 0.0089965 107.577 -0.990261 -0.1382 0.0168687 -81.0561 0.0179498 -0.00657992 0.999817 3.87313
-0.138004 0.990419 0.0049912 107.481 -0.990291 -0.138067 0.016173 -81.8423 0.0167072 -0.0027108 0.999857 3.9133
-0.137724 0.990462 0.004076 107.348 -0.990358 -0.137769 0.0144873 -82.6724 0.0149107 -0.00204145 0.999887 3.92602
-0.136189 0.990667 0.00563449 107.234 -0.990588 -0.136252 0.0130724 -83.5296 0.0137181 -0.00380113 0.999899 3.95406
-0.135212 0.990803 0.00514675 107.118 -0.99076 -0.135258 0.00999892 -84.4095 0.0106031 -0.00374722 0.999937 3.99201
-0.133553 0.991033 0.00427313 107.005 -0.990997 -0.133586 0.00890639 -85.2122 0.00939735 -0.00304519 0.999951 3.99036
-0.132085 0.991228 0.00452324 106.916 -0.991227 -0.132104 0.00420236 -86.0542 0.00476304 -0.00392849 0.999981 4.0049
-0.130398 0.99144 0.00658873 106.794 -0.991447 -0.13043 0.004639 -86.9041 0.00545866 -0.00592746 0.999968 4.00375
-0.128643 0.991676 0.00547994 106.694 -0.991648 -0.128687 0.00859416 -87.6997 0.00922782 -0.00432859 0.999948 4.02975
-0.126875 0.99189 0.00754925 106.591 -0.991803 -0.126972 0.0142973 -88.5811 0.0151399 -0.00567341 0.999869 4.03193
-0.125039 0.992108 0.00932895 106.485 -0.991997 -0.12518 0.0164798 -89.4571 0.0175175 -0.00719368 0.999821 4.10107
-0.12315 0.992343 0.00947286 106.398 -0.992244 -0.123289 0.0158484 -90.3213 0.016895 -0.00744765 0.99983 4.09388
-0.122649 0.992415 0.00833768 106.295 -0.992351 -0.122751 0.0130714 -91.1175 0.0139957 -0.00667072 0.99988 4.11032
-0.122308 0.992477 0.0054942 106.176 -0.992413 -0.122366 0.0119204 -92.024 0.012503 -0.00399457 0.999914 4.123
-0.12175 0.992553 0.00397822 106.11 -0.992486 -0.121789 0.011773 -92.8693 0.0121698 -0.00251497 0.999923 4.16033
-0.121172 0.992613 0.00613658 105.995 -0.992558 -0.121236 0.0114263 -93.7645 0.0120858 -0.00470636 0.999916 4.17971
-0.120058 0.992755 0.00483693 105.863 -0.99271 -0.120102 0.0100707 -94.6477 0.0105787 -0.0035926 0.999938 4.20153
-0.119032 0.99289 0.000182371 105.799 -0.992845 -0.119028 0.00958058 -95.4464 0.00953417 0.000959327 0.999954 4.22168
-0.11814 0.992997 -0.000509087 105.685 -0.992942 -0.118128 0.0105406 -96.3419 0.0104067 0.00175076 0.999944 4.26347
-0.117695 0.99305 -0.00021411 105.59 -0.992967 -0.117682 0.0129337 -97.2098 0.0128186 0.00173484 0.999916 4.26316
-0.117175 0.993107 0.00303558 105.487 -0.993027 -0.117204 0.0126607 -98.0194 0.0129292 -0.0015309 0.999915 4.31081
-0.116359 0.993179 0.00748443 105.418 -0.993153 -0.116428 0.00955146 -98.9038 0.0103577 -0.00632179 0.999926 4.32635
-0.115903 0.993209 0.0100688 105.332 -0.993218 -0.115986 0.0080627 -99.7724 0.0091758 -0.00906607 0.999917 4.37418
-0.117233 0.993008 0.013849 105.244 -0.993054 -0.117356 0.00843558 -100.619 0.0100019 -0.0127639 0.999869 4.37088
-0.11795 0.992863 0.0176606 105.161 -0.992922 -0.118169 0.0119473 -101.44 0.013949 -0.0161265 0.999773 4.40745
-0.119491 0.992668 0.0182416 105.062 -0.992697 -0.119761 0.0145031 -102.324 0.0165814 -0.0163754 0.999728 4.43252
-0.120018 0.992569 0.0200451 104.965 -0.992635 -0.120313 0.0141896 -103.112 0.0164958 -0.0181945 0.999698 4.45459
-0.120518 0.992531 0.0189335 104.85 -0.99259 -0.12078 0.0133179 -103.949 0.0155052 -0.0171882 0.999732 4.48615
-0.121271 0.992462 0.0176865 104.751 -0.992481 -0.121532 0.0145187 -104.806 0.0165587 -0.0157928 0.999738 4.50636
-0.121979 0.992372 0.0178672 104.67 -0.992352 -0.12228 0.0168871 -105.582 0.0189431 -0.0156707 0.999698 4.52137
-0.121711 0.992421 0.0169411 104.562 -0.992339 -0.12203 0.0192706 -106.411 0.0211919 -0.0144658 0.999671 4.56563
-0.123168 0.992222 0.0180343 104.488 -0.992169 -0.123501 0.0186467 -107.21 0.020729 -0.0155964 0.999663 4.60999
-0.125556 0.991881 0.0201774 104.383 -0.991873 -0.125925 0.0181771 -108.002 0.0205704 -0.0177312 0.999631 4.62013
-0.129185 0.991416 0.0201212 104.287 -0.991385 -0.12957 0.0191686 -108.781 0.0216111 -0.0174715 0.999614 4.65334
-0.132916 0.990915 0.0205328 104.181 -0.990832 -0.133354 0.021661 -109.583 0.0242024 -0.0174654 0.999555 4.70439
-0.13585 0.990463 0.0229955 104.091 -0.990392 -0.136373 0.0229535 -110.394 0.0258706 -0.0196563 0.999472 4.74467
-0.138449 0.990147 0.0209738 103.992 -0.990034 -0.138922 0.0230789 -111.163 0.0257653 -0.0175695 0.999514 4.76455
-0.141832 0.989679 0.0204493 103.87 -0.989572 -0.142281 0.0224504 -111.959 0.0251283 -0.0170518 0.999539 4.79744
-0.143953 0.989373 0.0204808 103.764 -0.98927 -0.144398 0.0222274 -112.67 0.0249486 -0.0170613 0.999543 4.82718
-0.145509 0.989049 0.0246898 103.642 -0.988905 -0.146151 0.0265666 -113.471 0.0298841 -0.0205502 0.999342 4.84403
-0.147425 0.988697 0.0272689 103.57 -0.988408 -0.148281 0.0325845 -114.231 0.0362596 -0.0221491 0.999097 4.8767
-0.14989 0.988402 0.0243801 103.451 -0.987957 -0.150689 0.0351215 -114.997 0.038388 -0.0188221 0.999086 4.92809
-0.152986 0.987974 0.0224057 103.326 -0.987563 -0.153676 0.0332127 -115.759 0.0362565 -0.0170459 0.999197 4.96615
-0.155723 0.987538 0.0227691 103.196 -0.987307 -0.156333 0.0280308 -116.505 0.0312411 -0.018115 0.999348 4.9863
-0.157822 0.98717 0.0242347 103.098 -0.987069 -0.158408 0.0245465 -117.264 0.0280705 -0.0200473 0.999405 5.00971
-0.160285 0.986736 0.0257003 102.987 -0.98658 -0.160972 0.0273521 -117.999 0.0311263 -0.0209712 0.999295 5.05108
-0.163057 0.986146 0.0304669 102.853 -0.986024 -0.163951 0.0296006 -118.758 0.0341856 -0.0252145 0.999097 5.07551
-0.165107 0.98583 0.0296619 102.752 -0.985587 -0.16604 0.0323748 -119.463 0.0368411 -0.0238891 0.999036 5.1203
-0.167033 0.98552 0.0291705 102.608 -0.985124 -0.168032 0.0359975 -120.233 0.0403778 -0.0227238 0.998926 5.13881
-0.169012 0.98523 0.0275247 102.506 -0.984632 -0.170024 0.039895 -120.926 0.0439856 -0.020359 0.998825 5.19438
-0.172004 0.984663 0.0292029 102.364 -0.984018 -0.173126 0.0416631 -121.659 0.0460799 -0.02157 0.998705 5.23553
-0.174778 0.984235 0.0270847 102.265 -0.983644 -0.175757 0.0394161 -122.446 0.0435551 -0.0197526 0.998856 5.28551
-0.179037 0.983515 0.0253666 102.098 -0.982966 -0.179906 0.0375819 -123.136 0.041526 -0.0182059 0.998972 5.32314
-0.184189 0.982551 0.0258392 101.965 -0.982076 -0.185043 0.035855 -123.852 0.0400107 -0.0187719 0.999023 5.34577
-0.19087 0.9813 0.0248632 101.847 -0.980861 -0.191655 0.0343677 -124.559 0.0384902 -0.0178275 0.9991 5.38619
-0.199277 0.979597 0.026036 101.694 -0.979129 -0.200123 0.0354415 -125.266 0.0399288 -0.01843 0.999033 5.42724
-0.209279 0.977471 0.0274269 101.575 -0.977039 -0.210168 0.034982 -126.028 0.0399582 -0.0194761 0.999012 5.46901
-0.221178 0.974893 0.0257635 101.413 -0.974386 -0.22201 0.0358347 -126.728 0.0406547 -0.0171777 0.999026 5.51306
-0.233492 0.972032 0.0252247 101.212 -0.971484 -0.234303 0.0363334 -127.433 0.0412274 -0.0160219 0.999021 5.56438
-0.245669 0.969019 0.0254674 101.046 -0.968469 -0.246482 0.0362547 -128.084 0.0414088 -0.0157577 0.999018 5.60353
-0.256891 0.9662 0.0215668 100.854 -0.9656 -0.257534 0.0359575 -128.823 0.0402963 -0.0115878 0.999121 5.64844
-0.26687 0.963581 0.0170777 100.663 -0.962915 -0.267331 0.0364515 -129.529 0.0396894 -0.00671652 0.999189 5.69397
-0.275783 0.961114 0.0143021 100.47 -0.96043 -0.276129 0.0364367 -130.225 0.038969 -0.00368751 0.999234 5.74032
-0.284355 0.958669 0.00980304 100.252 -0.957964 -0.284522 0.0367661 -130.892 0.0380357 0.00106368 0.999276 5.76591
-0.290399 0.956847 0.0106124 100.039 -0.956164 -0.290593 0.0361352 -131.538 0.0376598 0.000346436 0.999291 5.80717
-0.295278 0.955368 0.00907565 99.8024 -0.954772 -0.295415 0.0337695 -132.261 0.0349434 0.00130621 0.999388 5.8404
-0.29807 0.954543 -0.00158983 99.6059 -0.954077 -0.297871 0.0317693 -132.887 0.0298516 0.0109863 0.999494 5.85367
-0.299215 0.954168 -0.00580792 99.3881 -0.953806 -0.298919 0.0300276 -133.589 0.0269152 0.0145243 0.999532 5.89584
-0.300517 0.95367 -0.014213 99.1736 -0.953454 -0.299995 0.0304625 -134.232 0.0247873 0.022706 0.999435 5.89169
-0.300652 0.953663 -0.0116615 98.9537 -0.953318 -0.300137 0.0332031 -134.918 0.0281645 0.0210997 0.999381 5.98312
-0.299904 0.953947 -0.0064922 98.7478 -0.953423 -0.299495 0.0358665 -135.561 0.0322704 0.0169463 0.999336 6.00987
-0.298523 0.954363 -0.00869589 98.5321 -0.953845 -0.298025 0.0368791 -136.22 0.0326045 0.0193038 0.999282 6.03523
-0.296863 0.954866 -0.0101716 98.3514 -0.95443 -0.296353 0.0351781 -136.89 0.030576 0.0201512 0.999329 6.05634
-0.294553 0.955463 -0.0181239 98.1603 -0.955229 -0.293822 0.0347268 -137.515 0.027855 0.0275414 0.999232 6.06629
-0.293063 0.955976 -0.0149771 97.9482 -0.955707 -0.292464 0.0329872 -138.223 0.0271547 0.023981 0.999344 6.08896
-0.290312 0.956764 -0.0179216 97.7447 -0.956481 -0.289548 0.0361491 -138.843 0.029397 0.0276362 0.999186 6.14127
-0.287389 0.957644 -0.0180595 97.5772 -0.957342 -0.286604 0.0368018 -139.447 0.030067 0.0278656 0.999159 6.16497
-0.281801 0.959247 -0.0208304 97.3736 -0.959012 -0.280926 0.0370978 -140.06 0.0297341 0.0304308 0.999095 6.20136
-0.276306 0.960866 -0.0197718 97.2031 -0.960633 -0.275502 0.0358186 -140.746 0.0289697 0.0288903 0.999163 6.22155
-0.271987 0.962051 -0.0219228 97.0161 -0.961948 -0.271201 0.0332451 -141.379 0.026038 0.0301308 0.999207 6.25286
-0.268245 0.963099 -0.022007 96.8456 -0.963022 -0.267487 0.0322307 -141.977 0.0251548 0.029839 0.999238 6.28307
-0.263862 0.964259 -0.0241103 96.6689 -0.964265 -0.26308 0.0313332 -142.599 0.0238704 0.0315163 0.999218 6.32833
-0.260174 0.965212 -0.0259802 96.5104 -0.965313 -0.259402 0.0296787 -143.203 0.0219069 0.0328006 0.999222 6.35249
-0.256646 0.966129 -0.02698 96.327 -0.96629 -0.255899 0.0282847 -143.8 0.0204225 0.0333296 0.999236 6.37093
-0.252801 0.967143 -0.0269494 96.1956 -0.967324 -0.252094 0.0270785 -144.423 0.019395 0.0329142 0.99927 6.38056
-0.24845 0.968286 -0.0263702 96.0673 -0.96843 -0.247729 0.0278335 -145.007 0.0204181 0.0324529 0.999265 6.40915
-0.244195 0.96937 -0.026285 95.9147 -0.969465 -0.24341 0.0298286 -145.612 0.022517 0.0327663 0.999209 6.43849
-0.238503 0.970738 -0.0279892 95.7751 -0.970788 -0.237539 0.0338544 -146.105 0.0262152 0.0352459 0.999035 6.45516
-0.232589 0.97229 -0.023543 95.6352 -0.972188 -0.231745 0.0338359 -146.741 0.0274423 0.0307581 0.99915 6.50243
-0.223347 0.974458 -0.0233835 95.5128 -0.974339 -0.222504 0.0339923 -147.328 0.0279212 0.0303755 0.999149 6.49772
-0.212483 0.976877 -0.023693 95.4118 -0.976841 -0.211726 0.0308814 -147.854 0.025151 0.0297061 0.999242 6.52016
-0.200671 0.979354 -0.0244327 95.2965 -0.979364 -0.199936 0.0295201 -148.453 0.0240256 0.0298523 0.999266 6.55065
-0.187743 0.981912 -0.0245165 95.1892 -0.981953 -0.187054 0.0279058 -149.045 0.0228151 0.0293132 0.99931 6.55411
-0.172326 0.98469 -0.0262505 95.0909 -0.984768 -0.171591 0.0280738 -149.601 0.0231396 0.0306885 0.999261 6.58154
