1 0 0 0 0 1 0 0 -0 0 1 0
0.999998 0.00206471 -9.42461e-05 1.19862 -0.00206471 0.999998 1.45483e-06 0.00967466 9.42489e-05 -1.26024e-06 1 0.0668694
0.999994 0.00359707 -0.000205828 2.40274 -0.00359701 0.999993 0.000271837 0.0185707 0.000206805 -0.000271095 1 0.0767464
0.999989 0.00466944 -0.000171889 3.60275 -0.0046694 0.999989 0.00026021 0.0222499 0.000173102 -0.000259404 1 0.0975948
0.999983 0.00582663 2.58454e-06 4.80415 -0.00582663 0.999983 -3.06326e-05 0.00936265 -2.76298e-06 3.06171e-05 1 0.121231
0.999979 0.00650881 -0.000327795 5.99833 -0.00650877 0.999979 0.000123958 -0.00399824 0.000328595 -0.000121822 1 0.135927
0.999971 0.00753155 -0.000676636 7.19266 -0.00753166 0.999972 -0.000155276 -0.00542749 0.000675447 0.000160368 1 0.153477
0.999967 0.00809972 -0.00102841 8.37904 -0.0080991 0.999967 0.000603006 -0.0166944 0.00103326 -0.000594657 0.999999 0.177259
0.999965 0.00835509 0.000257623 9.58596 -0.00835511 0.999965 0.000100031 -0.0130341 -0.000256778 -0.00010218 1 0.200946
0.999971 0.00751074 0.00111359 10.7895 -0.00750984 0.999971 -0.000809672 -0.00904011 -0.00111964 0.000801285 0.999999 0.205936
0.999986 0.00529248 0.000769357 11.9903 -0.00529056 0.999983 -0.00248673 -0.0184826 -0.000782505 0.00248263 0.999997 0.235014
0.999994 0.003331 9.44339e-05 13.1592 -0.0033308 0.999992 -0.00208137 -0.0178442 -0.000101366 0.00208105 0.999998 0.25188
0.999998 0.00179847 7.09201e-05 14.3515 -0.00179832 0.999996 -0.00206729 -0.00875846 -7.46378e-05 0.00206716 0.999998 0.26894
1 0.000747615 -0.000133743 15.5488 -0.000747616 1 -1.09812e-05 -0.000824949 0.000133735 1.10812e-05 1 0.286434
1 0.00074644 0.000352442 16.7398 -0.000745892 0.999999 -0.00155205 -0.00493674 -0.0003536 0.00155179 0.999999 0.302183
1 0.00070162 0.000603203 17.9735 -0.000700541 0.999998 -0.00178811 0.00891235 -0.000604456 0.00178768 0.999998 0.321728
1 -0.000170074 0.000765674 19.1386 0.000171302 0.999999 -0.00160313 0.00217872 -0.000765401 0.00160326 0.999998 0.332294
1 -0.000495658 -0.000309263 20.3393 0.000494879 0.999997 -0.00251202 0.0188835 0.000310507 0.00251186 0.999997 0.352238
0.999999 -0.00133268 -0.000909326 21.5411 0.00133094 0.999997 -0.00191326 0.00976987 0.000911873 0.00191204 0.999998 0.369031
0.999998 -0.00218294 -0.000402285 22.7261 0.0021825 0.999997 -0.00109138 0.0158848 0.000404667 0.0010905 0.999999 0.393299
0.999995 -0.00305943 -0.000530051 23.9469 0.00305866 0.999994 -0.00144446 0.0421929 0.000534467 0.00144283 0.999999 0.408773
0.999993 -0.00372259 -0.000663982 25.1103 0.00372165 0.999992 -0.0014076 0.0507488 0.000669217 0.00140511 0.999999 0.425037
0.99999 -0.00447157 -0.000145051 26.3461 0.00447126 0.999988 -0.00203018 0.0538248 0.000154127 0.00202951 0.999998 0.431842
0.999985 -0.00529541 0.00159188 27.5126 0.0052999 0.999982 -0.00282927 0.0636181 -0.00157687 0.00283766 0.999995 0.447718
0.999979 -0.00626589 0.00155397 28.7245 0.0062708 0.999975 -0.00317186 0.0797799 -0.00153406 0.00318153 0.999994 0.468935
0.999978 -0.00662311 0.000539838 29.9322 0.00662505 0.999971 -0.0036759 0.0629164 -0.000515476 0.0036794 0.999993 0.485578
0.999968 -0.00803264 0.000135011 31.1264 0.00803321 0.999956 -0.00494582 0.100545 -9.52771e-05 0.00494675 0.999988 0.493733
0.999966 -0.00822558 0.000188853 32.3187 0.0082263 0.999957 -0.0042194 0.105182 -0.000154138 0.00422081 0.999991 0.515504
0.999961 -0.00883168 0.000580307 33.4771 0.00883423 0.999951 -0.00454732 0.134561 -0.000540117 0.00455227 0.999989 0.526942
0.999955 -0.00942033 0.000845752 34.6895 0.00942406 0.999945 -0.00452596 0.144331 -0.00080307 0.00453373 0.999989 0.549947
0.999951 -0.0098907 0.000996069 35.8885 0.00989573 0.999938 -0.00517963 0.155005 -0.000944777 0.00518923 0.999986 0.567736
0.999948 -0.010173 0.000645408 37.073 0.0101758 0.999938 -0.00444393 0.170846 -0.00060016 0.00445026 0.99999 0.586175
0.999951 -0.00984137 0.00131001 38.2851 0.00984835 0.999937 -0.00542585 0.199167 -0.00125653 0.00543848 0.999984 0.608568
0.99994 -0.0106654 0.00238724 39.4816 0.0106776 0.99993 -0.00512251 0.206889 -0.00233244 0.00514769 0.999984 0.622561
0.999938 -0.0106407 0.0033328 40.6938 0.0106582 0.999929 -0.00527715 0.235855 -0.00327641 0.00531234 0.999981 0.63206
0.999939 -0.0107028 0.00287315 41.893 0.0107159 0.999932 -0.00456426 0.238919 -0.0028241 0.00459476 0.999985 0.645102
0.999942 -0.01032 0.00302077 43.0945 0.0103313 0.99994 -0.00375566 0.268356 -0.00298182 0.00378665 0.999988 0.659665
0.999941 -0.00990593 0.00454153 44.2829 0.00991263 0.99995 -0.00145722 0.279493 -0.00452687 0.00150215 0.999989 0.661098
0.999935 -0.00821111 0.00789057 45.4961 0.00822521 0.999965 -0.00175657 0.298787 -0.00787586 0.00182136 0.999967 0.683005
0.999922 -0.00623523 0.0108245 46.6938 0.00623956 0.99998 -0.000366849 0.308978 -0.010822 0.000434361 0.999941 0.686848
0.999895 -0.00437178 0.0137798 47.922 0.00437474 0.99999 -0.000184061 0.33625 -0.0137789 0.000244325 0.999905 0.692581
0.999872 -0.00363761 0.0155698 49.1086 0.00364808 0.999993 -0.000644281 0.33373 -0.0155673 0.000700998 0.999879 0.697236
0.999903 -0.00164132 0.0138626 50.3283 0.00166526 0.999997 -0.00171524 0.318978 -0.0138597 0.00173816 0.999902 0.695983
0.999926 -0.000445575 0.0121209 51.5109 0.000453659 1 -0.000664178 0.347916 -0.0121206 0.000669628 0.999926 0.700036
0.999933 0.000410562 0.0115295 52.7024 -0.000406949 1 -0.000315726 0.341211 -0.0115296 0.000311013 0.999933 0.683931
0.999937 0.000477557 0.0112535 53.9203 -0.000466916 0.999999 -0.000948187 0.372872 -0.011254 0.000942872 0.999936 0.700836
0.999946 -0.000254722 0.0104297 55.1152 0.000266235 0.999999 -0.00110252 0.349626 -0.0104294 0.00110524 0.999945 0.70357
0.999941 -0.00239065 0.0106194 56.351 0.00239775 0.999997 -0.00065586 0.368449 -0.0106177 0.000681284 0.999943 0.70415
0.999922 -0.00358707 0.011968 57.532 0.00360353 0.999993 -0.00135388 0.371169 -0.011963 0.0013969 0.999927 0.7092
0.999914 -0.00444174 0.0123091 58.7179 0.00445426 0.99999 -0.000989952 0.382362 -0.0123046 0.0010447 0.999924 0.713834
0.999912 -0.00511162 0.012257 59.9616 0.0051164 0.999987 -0.00035831 0.383988 -0.012255 0.00042099 0.999925 0.711784
0.999909 -0.00607009 0.012009 61.132 0.00606974 0.999982 6.52059e-05 0.393513 -0.0120092 7.6914e-06 0.999928 0.714193
0.999916 -0.00616903 0.0114014 62.3473 0.00617568 0.999981 -0.000548354 0.397375 -0.0113978 0.000618719 0.999935 0.730488
0.999931 -0.00585505 0.0102051 63.5505 0.00586828 0.999982 -0.0012662 0.422615 -0.0101975 0.001326 0.999947 0.738441
0.999918 -0.0062505 0.0111672 64.7993 0.00628258 0.999976 -0.00284005 0.41546 -0.0111492 0.00290998 0.999934 0.743043
0.999893 -0.00658992 0.0130823 65.9638 0.00663308 0.999973 -0.00325795 0.432592 -0.0130605 0.00334438 0.999909 0.737696
0.999906 -0.00704534 0.0117237 67.1566 0.00706707 0.999973 -0.00181242 0.434905 -0.0117106 0.0018951 0.99993 0.753923
0.999921 -0.00688465 0.0105205 68.3537 0.00689045 0.999976 -0.000515784 0.4756 -0.0105167 0.000588234 0.999945 0.760767
0.999926 -0.0061743 0.0104788 69.5387 0.00615057 0.999978 0.00229612 0.483285 -0.0104928 -0.0022315 0.999942 0.775834
0.999919 -0.00650289 0.0109247 70.7311 0.00647219 0.999975 0.00284308 0.493372 -0.010943 -0.00277215 0.999936 0.779279
0.999926 -0.00612834 0.010524 71.9285 0.00607306 0.999968 0.00527738 0.515512 -0.010556 -0.00521308 0.999931 0.767964
0.999914 -0.00570236 0.0117845 73.1337 0.005646 0.999972 0.00481046 0.532007 -0.0118116 -0.00474352 0.999919 0.785594
0.999913 -0.00372546 0.012681 74.3085 0.00365484 0.999978 0.00558732 0.547818 -0.0127015 -0.00554048 0.999904 0.767972
0.999936 -0.000866065 0.0113008 75.5193 0.000812119 0.999988 0.00477735 0.532043 -0.0113048 -0.00476787 0.999925 0.777507
0.999977 0.00162365 0.00659136 76.6513 -0.00163888 0.999996 0.00230573 0.539957 -0.00658759 -0.00231648 0.999976 0.80022
0.999977 0.00458671 0.00502888 77.8293 -0.00460656 0.999982 0.00394294 0.546091 -0.0050107 -0.00396602 0.99998 0.80127
0.999944 0.00661139 0.00831266 79.027 -0.00663842 0.999973 0.0032283 0.559944 -0.00829109 -0.0032833 0.99996 0.811385
0.999892 0.0104313 0.0103768 80.1887 -0.0104564 0.999943 0.00236034 0.54825 -0.0103516 -0.00246859 0.999943 0.821196
0.999864 0.014125 0.00854974 81.3953 -0.0141577 0.999893 0.00377117 0.512495 -0.00849555 -0.0038917 0.999956 0.815344
0.999834 0.0173417 0.00554647 82.5461 -0.0173542 0.999847 0.00221622 0.517856 -0.00550719 -0.00231211 0.999982 0.823464
0.999762 0.0216693 0.00249259 83.6691 -0.0216716 0.999765 0.000873211 0.497803 -0.00247308 -0.000927021 0.999997 0.83726
0.999689 0.0248676 0.00185363 84.8343 -0.024868 0.999691 0.000229392 0.492039 -0.00184735 -0.000275417 0.999998 0.851272
0.99959 0.0284661 0.00294905 85.9979 -0.0284652 0.999595 -0.000373129 0.439928 -0.00295847 0.000289031 0.999996 0.861917
0.999482 0.0319659 0.00384464 87.18 -0.0319685 0.999489 0.000626538 0.422244 -0.00382264 -0.000749121 0.999992 0.880889
0.999372 0.0353887 0.00193483 88.3324 -0.0353903 0.999373 0.000836043 0.38134 -0.00190403 -0.000903992 0.999998 0.898288
0.999215 0.0396045 0.000207337 89.4847 -0.0396047 0.999215 0.000674349 0.336559 -0.000180467 -0.000682031 1 0.917938
0.999117 0.0420249 -0.000266365 90.6335 -0.0420247 0.999116 0.00097079 0.28883 0.000306927 -0.000958738 0.999999 0.935803
0.99898 0.0451525 0.000833327 91.7618 -0.0451518 0.99898 -0.000844163 0.244698 -0.000870593 0.000805676 0.999999 0.949323
0.998861 0.0476608 0.00209131 92.9502 -0.047658 0.998863 -0.00133854 0.195134 -0.00215273 0.00123735 0.999997 0.973027
0.998729 0.0502987 0.00332668 94.1021 -0.0502928 0.998733 -0.00181599 0.15259 -0.00341381 0.00164638 0.999993 0.987712
0.998591 0.0528816 0.00438722 95.282 -0.0528648 0.998594 -0.00386354 0.0889537 -0.00458536 0.00362616 0.999983 0.999443
0.998483 0.0550051 0.00263805 96.4172 -0.0549944 0.998479 -0.0039797 0.0350938 -0.00285294 0.00382859 0.999989 1.01571
0.998352 0.057373 -0.000916077 97.5826 -0.0573773 0.998337 -0.00565183 -0.015245 0.00059029 0.00569508 0.999984 1.03599
0.998195 0.0599675 -0.00339939 98.7073 -0.0599854 0.998184 -0.00544889 -0.10079 0.00306646 0.00564296 0.999979 1.03771
0.998136 0.0608497 -0.00474622 99.9068 -0.060875 0.998131 -0.00538722 -0.169846 0.00440954 0.0056661 0.999974 1.05196
0.998063 0.0620935 -0.00383776 101.064 -0.062113 0.998056 -0.0051882 -0.231375 0.00350815 0.00541652 0.999979 1.07933
0.998126 0.0611521 -0.00232377 102.228 -0.0611635 0.998114 -0.00522372 -0.299695 0.00199995 0.00535606 0.999984 1.08977
0.998202 0.0599257 -0.000884949 103.438 -0.0599297 0.998188 -0.00542299 -0.354756 0.000558368 0.00546628 0.999985 1.12338
0.998293 0.0584035 -0.000373086 104.62 -0.0584046 0.998279 -0.00526055 -0.429199 6.52098e-05 0.00527336 0.999986 1.13099
0.998474 0.0552177 0.000118145 105.833 -0.0552165 0.998462 -0.00492462 -0.520653 -0.00038989 0.00491059 0.999988 1.14733
0.998608 0.0527355 0.000196967 107.017 -0.052734 0.998598 -0.00468954 -0.568033 -0.000443996 0.00467262 0.999989 1.15509
0.99881 0.0487707 -2.27294e-05 108.231 -0.0487705 0.998804 -0.00350504 -0.602404 -0.000148241 0.00350198 0.999994 1.17038
0.99899 0.0449379 0.000192128 109.425 -0.0449372 0.998985 -0.00303631 -0.665154 -0.000328379 0.00302461 0.999995 1.18566
0.99916 0.0409568 0.000963575 110.667 -0.0409539 0.999157 -0.00281809 -0.707397 -0.00107818 0.00277626 0.999996 1.19042
0.999318 0.0368731 0.00196026 111.841 -0.0368685 0.999317 -0.00236702 -0.751779 -0.0020462 0.00229313 0.999995 1.21791
0.999475 0.0322995 0.00246421 113.066 -0.0322939 0.999476 -0.00224672 -0.78044 -0.00253548 0.00216596 0.999994 1.22879
0.999622 0.027366 0.00263963 114.293 -0.0273603 0.999623 -0.00217833 -0.803486 -0.00269824 0.00210529 0.999994 1.23909
0.999737 0.0227912 0.00241002 115.499 -0.022788 0.999739 -0.00131686 -0.812388 -0.0024394 0.00126159 0.999996 1.24995
0.999842 0.0175742 0.0025966 116.733 -0.017573 0.999845 -0.00047416 -0.850315 -0.00260453 0.000428455 0.999997 1.26322
0.999916 0.0128645 0.00173874 117.955 -0.0128649 0.999917 0.000221303 -0.856958 -0.00173575 -0.000243653 0.999998 1.28371
0.999955 0.0093227 0.00194074 119.195 -0.00932605 0.999955 0.00172357 -0.859974 -0.00192459 -0.00174159 0.999997 1.2966
0.999974 0.00701704 0.0017391 120.422 -0.00702374 0.999968 0.00388035 -0.885412 -0.00171182 -0.00389247 0.999991 1.29915
0.999979 0.0061899 0.0019355 121.667 -0.00619958 0.999968 0.00503935 -0.875635 -0.00190424 -0.00505124 0.999985 1.32113
0.999985 0.00512809 0.00181105 122.915 -0.0051406 0.999962 0.00697491 -0.865727 -0.00177521 -0.00698411 0.999974 1.33788
0.99999 0.00385792 0.00233136 124.141 -0.0038776 0.999956 0.00849902 -0.846685 -0.00229847 -0.00850798 0.999961 1.34438
0.999988 0.00387418 0.00302813 125.387 -0.00390234 0.999949 0.00935008 -0.852664 -0.00299175 -0.00936178 0.999952 1.36569
0.999985 0.00267539 0.0048032 126.604 -0.00273382 0.999922 0.0121998 -0.858534 -0.00477018 -0.0122127 0.999914 1.37455
0.999966 0.00229379 0.00786917 127.865 -0.00240397 0.999899 0.0140205 -0.853202 -0.00783621 -0.0140389 0.999871 1.36817
0.999964 0.00207761 0.00823717 129.098 -0.00217401 0.999929 0.0117108 -0.84766 -0.00821226 -0.0117283 0.999897 1.38543
0.999976 0.00105656 0.00680019 130.378 -0.00114451 0.999916 0.0129418 -0.865386 -0.00678595 -0.0129493 0.999893 1.39706
0.999972 0.00089337 0.00746966 131.622 -0.000970194 0.999947 0.0102875 -0.846137 -0.00746007 -0.0102945 0.999919 1.39553
0.999957 -0.000594479 0.00930179 132.906 0.000527424 0.999974 0.0072096 -0.846052 -0.00930583 -0.00720438 0.999931 1.41364
0.999937 -0.000639246 0.0112214 134.15 0.000593025 0.999991 0.0041218 -0.849916 -0.011224 -0.00411489 0.999929 1.41263
0.999924 -0.000795389 0.0122725 135.431 0.000767414 0.999997 0.00228401 -0.843882 -0.0122742 -0.00227442 0.999922 1.41632
0.99994 -0.00103556 0.0108624 136.671 0.00104905 0.999999 -0.00123613 -0.842213 -0.0108611 0.00124745 0.99994 1.42889
0.999955 -0.000687437 0.00945431 137.962 0.000721149 0.999993 -0.00356285 -0.829661 -0.0094518 0.00356951 0.999949 1.43007
0.999952 -0.000956852 0.00976767 139.213 0.00101163 0.999984 -0.00560416 -0.812946 -0.00976215 0.00561377 0.999937 1.44149
0.999951 -0.000351757 0.00986489 140.47 0.000407129 0.999984 -0.00561156 -0.816522 -0.00986276 0.0056153 0.999936 1.43333
0.999934 0.000543125 0.0114617 141.78 -0.000478502 0.999984 -0.0056401 -0.821269 -0.0114646 0.00563425 0.999918 1.43876
0.99991 0.000702335 0.0133827 143.083 -0.000656134 0.999994 -0.00345637 -0.811153 -0.0133851 0.00344728 0.999904 1.42821
0.999928 0.00164995 0.0118647 144.335 -0.0016074 0.999992 -0.00359445 -0.796564 -0.0118706 0.00357512 0.999923 1.44834
0.999949 0.00227555 0.00985417 145.629 -0.00225599 0.999995 -0.00199569 -0.802273 -0.00985867 0.00197336 0.999949 1.45086
0.999967 0.00250586 0.00774126 146.897 -0.00248712 0.999994 -0.00243035 -0.795464 -0.0077473 0.00241101 0.999967 1.45689
0.999986 0.00355128 0.00400848 148.138 -0.00353873 0.999989 -0.00313257 -0.808166 -0.00401956 0.00311834 0.999987 1.47473
0.999993 0.00375077 0.000374583 149.429 -0.00374962 0.999988 -0.00301262 -0.773531 -0.000385878 0.0030112 0.999995 1.47716
0.999993 0.00358349 -0.000800188 150.691 -0.00358584 0.999989 -0.00295825 -0.802319 0.000789579 0.0029611 0.999995 1.49864
0.999994 0.00357182 -0.000215899 151.975 -0.00357245 0.999989 -0.00298662 -0.802571 0.000205229 0.00298737 0.999996 1.51889
0.999993 0.00368996 -0.000164999 153.238 -0.00369042 0.999989 -0.00292854 -0.801664 0.000154191 0.00292913 0.999996 1.52788
0.999991 0.00414456 0.00100113 154.501 -0.00414209 0.999988 -0.00245348 -0.776158 -0.00101129 0.00244931 0.999996 1.55801
0.999993 0.00356892 0.00136325 155.751 -0.00356634 0.999992 -0.00189608 -0.781321 -0.00137 0.0018912 0.999997 1.56883
0.999994 0.00313851 0.00108196 157.041 -0.003137 0.999994 -0.00139672 -0.79414 -0.00108634 0.00139332 0.999998 1.59018
0.999995 0.00285201 0.0014675 158.287 -0.00284983 0.999995 -0.00148954 -0.778618 -0.00147174 0.00148535 0.999998 1.60659
0.999995 0.00179195 0.00262285 159.562 -0.00178721 0.999997 -0.0018079 -0.785841 -0.00262608 0.0018032 0.999995 1.62769
0.999995 0.00131905 0.00297542 160.861 -0.00131498 0.999998 -0.00136945 -0.77028 -0.00297722 0.00136553 0.999995 1.63972
0.999997 0.000587946 0.00243644 162.098 -0.000585566 0.999999 -0.000977571 -0.787193 -0.00243702 0.000976141 0.999997 1.66033
0.999999 1.49664e-05 0.00117677 163.327 -1.44506e-05 1 -0.000438312 -0.778471 -0.00117677 0.000438295 0.999999 1.67327
0.999999 0.000108943 0.0012115 164.627 -0.000108971 1 2.22833e-05 -0.770161 -0.00121149 -2.24153e-05 0.999999 1.68569
0.999999 -0.00133974 0.000261993 165.885 0.00133965 0.999999 0.000341854 -0.760588 -0.000262451 -0.000341502 1 1.70322
1 -0.000865501 -0.000318599 167.142 0.000865477 1 -7.69152e-05 -0.749234 0.000318666 7.66395e-05 1 1.72203
0.999995 -0.003124 -0.000846025 168.415 0.00312443 0.999995 0.000512384 -0.731696 0.00084442 -0.000515024 1 1.74667
0.999993 -0.00358249 0.000519008 169.688 0.00358229 0.999994 0.000384885 -0.736274 -0.000520384 -0.000383024 1 1.75566
0.99999 -0.0043695 0.00119893 170.937 0.00436915 0.99999 0.000294708 -0.727328 -0.00120021 -0.000289466 0.999999 1.78172
0.999984 -0.00544797 0.00146665 172.195 0.00544678 0.999985 0.000810409 -0.706636 -0.00147104 -0.000802408 0.999999 1.80125
0.999984 -0.00547159 0.00158419 173.454 0.00546947 0.999984 0.00134317 -0.684614 -0.00159151 -0.00133448 0.999998 1.82042
0.999981 -0.00617484 0.000791257 174.745 0.00617353 0.99998 0.00164025 -0.689124 -0.000801369 -0.00163533 0.999998 1.82738
0.999978 -0.00665945 -8.60757e-05 176.003 0.00665966 0.999974 0.00275552 -0.68568 6.77232e-05 -0.00275604 0.999996 1.84556
0.999975 -0.00702939 0.000292712 177.263 0.00702858 0.999972 0.00269933 -0.661853 -0.000311679 -0.0026972 0.999996 1.85606
0.999975 -0.00706768 -0.000452291 178.548 0.00706856 0.999973 0.00198329 -0.621117 0.000438262 -0.00198643 0.999998 1.87501
0.999974 -0.00697745 -0.00179775 179.771 0.00697926 0.999975 0.00100124 -0.621389 0.00179072 -0.00101376 0.999998 1.88974
0.999972 -0.00726253 -0.00173921 181.052 0.00725955 0.999972 -0.00171408 -0.617528 0.00175161 0.0017014 0.999997 1.92506
0.999972 -0.00736958 0.00143841 182.298 0.00737102 0.999972 -0.000997857 -0.590455 -0.00143102 0.00100843 0.999998 1.94182
0.99995 -0.00800885 0.0059413 183.588 0.00802871 0.999962 -0.00332658 -0.570996 -0.00591444 0.00337412 0.999977 1.94219
0.999951 -0.00821709 0.00554103 184.842 0.00822624 0.999965 -0.00162997 -0.564574 -0.00552744 0.00167548 0.999983 1.97493
0.99997 -0.00734597 0.00230783 186.097 0.00734636 0.999973 -0.000162572 -0.541307 -0.00230657 0.000179521 0.999997 1.97624
0.99997 -0.00769755 0.000520585 187.335 0.00769699 0.99997 0.00107335 -0.54477 -0.000528831 -0.00106931 0.999999 2.00217
0.99997 -0.00772865 0.000980511 188.573 0.00772842 0.99997 0.00023383 -0.522877 -0.000982289 -0.000226245 0.999999 2.01835
0.999967 -0.00790619 0.00206969 189.842 0.00790715 0.999969 -0.000454985 -0.495307 -0.00206603 0.000471335 0.999998 2.02509
0.999963 -0.00774395 0.00378739 191.065 0.00774546 0.99997 -0.000384439 -0.469033 -0.0037843 0.000413759 0.999993 2.03055
0.999964 -0.00700108 0.00485054 192.314 0.00700754 0.999975 -0.00131626 -0.470519 -0.0048412 0.0013502 0.999987 2.05307
0.999974 -0.0058375 0.00434773 193.549 0.00583949 0.999983 -0.000444127 -0.465946 -0.00434506 0.000469504 0.99999 2.0624
0.99999 -0.00359089 0.0028264 194.781 0.00359452 0.999993 -0.00127995 -0.445604 -0.00282178 0.0012901 0.999995 2.10292
0.999996 -0.00251438 0.00129379 196.011 0.00251538 0.999997 -0.000775967 -0.445202 -0.00129183 0.000779218 0.999999 2.11379
0.999997 -0.0021645 0.00144978 197.241 0.00216785 0.999995 -0.00231143 -0.44611 -0.00144477 0.00231457 0.999996 2.12658
0.999999 -0.000491019 0.00151483 198.485 0.000494403 0.999997 -0.00223424 -0.442817 -0.00151373 0.00223499 0.999996 2.14482
0.999993 0.00113226 0.00344135 199.677 -0.00112268 0.999995 -0.00278542 -0.4351 -0.00344449 0.00278153 0.99999 2.15573
0.999991 0.00146674 0.00402089 200.876 -0.00145835 0.999997 -0.00208855 -0.444971 -0.00402394 0.00208266 0.99999 2.17596
0.999986 0.00334227 0.00400768 202.094 -0.00333403 0.999992 -0.00206121 -0.424427 -0.00401453 0.00204782 0.99999 2.1951
0.999984 0.00367438 0.00430851 203.304 -0.00366906 0.999992 -0.00124266 -0.440115 -0.00431304 0.00122683 0.99999 2.216
0.999974 0.00546968 0.00470038 204.471 -0.00546179 0.999984 -0.00168979 -0.424947 -0.00470955 0.00166408 0.999988 2.22266
0.99997 0.00640186 0.00446716 205.653 -0.00639541 0.999978 -0.0014578 -0.417135 -0.0044764 0.00142919 0.999989 2.23758
0.999966 0.00691326 0.00447025 206.845 -0.00690575 0.999975 -0.00169282 -0.414478 -0.00448184 0.00166189 0.999989 2.24742
0.999959 0.00779376 0.00457619 207.992 -0.00778195 0.999966 -0.00259249 -0.421089 -0.00459624 0.00255678 0.999986 2.26989
0.999956 0.00778261 0.00515223 209.115 -0.00777135 0.999967 -0.00220258 -0.427459 -0.0051692 0.00216245 0.999984 2.28363
0.999949 0.00778265 0.00637571 210.255 -0.00776496 0.999966 -0.00279478 -0.453452 -0.00639724 0.00274513 0.999976 2.30468
0.999959 0.006822 0.00598287 211.4 -0.00680695 0.999974 -0.00253208 -0.444794 -0.00599998 0.00249125 0.999979 2.31593
0.999962 0.00675704 0.00554836 212.449 -0.00674443 0.999975 -0.00228842 -0.44643 -0.00556368 0.00225091 0.999982 2.33746
0.999972 0.0058564 0.0045635 213.561 -0.00584689 0.999981 -0.00209436 -0.464401 -0.00457567 0.00206762 0.999987 2.34175
0.999978 0.0050716 0.00435412 214.634 -0.00506162 0.999985 -0.00229857 -0.468022 -0.00436571 0.00227648 0.999988 2.35495
0.999981 0.00435472 0.0042948 215.694 -0.00434097 0.999985 -0.003206 -0.448156 -0.0043087 0.0031873 0.999986 2.38468
0.999985 0.00216328 0.00495396 216.742 -0.00214844 0.999993 -0.00299901 -0.464745 -0.00496041 0.00298833 0.999983 2.39213
0.999979 0.000884904 0.00634625 217.761 -0.00086084 0.999992 -0.00379354 -0.454128 -0.00634956 0.003788 0.999973 2.41242
0.999965 -0.00122373 0.00827661 218.781 0.00125878 0.99999 -0.0042308 -0.448287 -0.00827135 0.00424107 0.999957 2.41642
0.999957 -0.00391861 0.00846265 219.786 0.00395483 0.999983 -0.00426731 -0.436152 -0.00844579 0.00430059 0.999955 2.42793
0.999948 -0.00631858 0.00804834 220.783 0.00634508 0.999975 -0.00327086 -0.434714 -0.00802747 0.00332175 0.999962 2.44127
0.999928 -0.00902702 0.00788188 221.742 0.00905126 0.999954 -0.00304489 -0.442585 -0.00785403 0.00311602 0.999964 2.44495
0.999893 -0.0121425 0.00819974 222.685 0.0121664 0.999922 -0.00287631 -0.411277 -0.00816418 0.00297576 0.999962 2.44734
0.999854 -0.0148319 0.00850632 223.597 0.0148539 0.999886 -0.00253283 -0.374451 -0.00846779 0.00265881 0.999961 2.46663
0.999808 -0.0179674 0.00777569 224.495 0.0179892 0.999834 -0.00274387 -0.367794 -0.0077251 0.00288322 0.999966 2.46897
0.999746 -0.0212604 0.00754271 225.366 0.0212827 0.999769 -0.00288633 -0.353604 -0.0074796 0.00304612 0.999967 2.48147
0.999688 -0.0238826 0.00737702 226.218 0.0238963 0.999713 -0.00178157 -0.32442 -0.00733236 0.0019573 0.999971 2.49458
0.999618 -0.0268753 0.00644584 227.059 0.026885 0.999638 -0.00141227 -0.288318 -0.00640555 0.00158503 0.999978 2.51054
0.999551 -0.0292957 0.00622456 227.869 0.029295 0.999571 0.000201241 -0.248284 -0.00622779 -1.88021e-05 0.999981 2.51848
0.99952 -0.030315 0.00639428 228.663 0.0303097 0.99954 0.000917506 -0.226271 -0.00641915 -0.000723257 0.999979 2.52659
0.999509 -0.0304777 0.00732327 229.454 0.0304711 0.999535 0.00100795 -0.202302 -0.00735058 -0.000784307 0.999973 2.54532
0.999523 -0.0297672 0.00822785 230.215 0.0297619 0.999557 0.000774446 -0.17648 -0.00824725 -0.0005292 0.999966 2.54736
0.999538 -0.0292664 0.00822323 230.951 0.0292642 0.999572 0.000388923 -0.165688 -0.00823109 -0.000148097 0.999966 2.56198
0.999559 -0.0289604 0.00659662 231.691 0.0289535 0.99958 0.00114803 -0.136917 -0.0066271 -0.000956532 0.999978 2.56274
0.999593 -0.0281486 0.00455907 232.404 0.0281443 0.999603 0.00100418 -0.104999 -0.00458553 -0.000875456 0.999989 2.56904
0.999653 -0.0261763 0.00300725 233.123 0.0261736 0.999657 0.000920052 -0.0806459 -0.0030303 -0.000841022 0.999995 2.58037
0.999673 -0.0254585 0.0024617 233.86 0.0254532 0.999674 0.00215328 -0.0761304 -0.00251571 -0.00208991 0.999995 2.59078
0.999709 -0.0240142 0.00218769 234.598 0.0240101 0.99971 0.00187965 -0.0386369 -0.0022322 -0.00182657 0.999996 2.60691
0.999765 -0.0215428 0.00222589 235.288 0.021539 0.999767 0.00171938 -0.0232874 -0.00226241 -0.00167103 0.999996 2.61191
0.999803 -0.0197427 0.00222382 236.005 0.0197399 0.999804 0.00124638 0.00425413 -0.00224799 -0.00120223 0.999997 2.6214
0.999846 -0.0174501 0.00208523 236.728 0.0174471 0.999847 0.00144466 -0.00515343 -0.00211012 -0.00140806 0.999997 2.63941
0.999887 -0.0148885 0.00227676 237.412 0.0148866 0.999889 0.000880996 0.0171619 -0.00228963 -0.000847003 0.999997 2.63675
0.999927 -0.011715 0.00294206 238.125 0.0117152 0.999931 -5.73099e-05 0.0221095 -0.00294118 9.17726e-05 0.999996 2.64687
0.999955 -0.00878021 0.00347524 238.819 0.00878584 0.99996 -0.00160711 0.0403678 -0.00346099 0.00163757 0.999993 2.65471
0.999976 -0.00592856 0.00348629 239.515 0.00593073 0.999982 -0.000611242 0.0105139 -0.00348261 0.000631903 0.999994 2.67382
0.999991 -0.00273135 0.00315389 240.2 0.00273697 0.999995 -0.00177814 0.0464105 -0.00314901 0.00178675 0.999993 2.68145
0.999996 -7.34815e-05 0.00290911 240.898 7.87521e-05 0.999998 -0.0018117 0.0532315 -0.00290898 0.00181192 0.999994 2.68597
0.999993 0.00322456 0.00198134 241.563 -0.00322244 0.999994 -0.00107571 0.0446057 -0.0019848 0.00106932 0.999997 2.69377
0.99998 0.00608338 0.00167005 242.287 -0.00608193 0.999981 -0.000867051 0.0474465 -0.00167529 0.000856877 0.999998 2.70257
0.999959 0.00861283 0.00263208 242.981 -0.00860964 0.999962 -0.00122423 0.0436244 -0.00264253 0.00120152 0.999996 2.70617
0.99993 0.0113851 0.00308774 243.676 -0.0113829 0.999935 -0.000726323 0.0380279 -0.00309581 0.000691125 0.999995 2.70906
0.999905 0.0135017 0.0029253 244.382 -0.0135017 0.999909 -3.68938e-05 0.0174169 -0.00292553 -2.60626e-06 0.999996 2.7296
0.999871 0.0159832 0.00169023 245.07 -0.015982 0.999872 -0.000704268 0.0118002 -0.00170127 0.000677163 0.999998 2.74044
0.999838 0.0180107 -0.000754143 245.78 -0.0180109 0.999838 -0.000249895 0.0166236 0.00074952 0.000263438 1 2.75
0.999811 0.0193189 -0.00212292 246.512 -0.0193226 0.999812 -0.00175547 0.00747008 0.0020886 0.00179616 0.999996 2.74962
0.999805 0.0195612 -0.00274208 247.176 -0.019566 0.999807 -0.00173307 -0.0213946 0.00270765 0.00178638 0.999995 2.74892
0.99981 0.0192328 -0.00303385 247.939 -0.0192394 0.999813 -0.00215026 -0.0297414 0.00299192 0.00220822 0.999993 2.76917
0.999808 0.0193144 -0.00338192 248.702 -0.0193137 0.999813 0.000248172 -0.0378487 0.00338608 -0.000182807 0.999994 2.78954
0.999799 0.0196172 -0.00420951 249.415 -0.0196165 0.999808 0.000221847 -0.0791926 0.00421305 -0.000139226 0.999991 2.79341
0.999777 0.0202763 -0.00587055 250.182 -0.0202807 0.999794 -0.000687517 -0.0521899 0.0058554 0.000806423 0.999983 2.81022
0.999762 0.0201679 -0.00831276 250.918 -0.020207 0.999785 -0.00464742 -0.0872203 0.00821725 0.00481429 0.999955 2.83179
0.999748 0.0205404 -0.00908444 251.688 -0.0205926 0.999772 -0.00569505 -0.105205 0.00896538 0.00588069 0.999943 2.85978
0.999757 0.0212537 -0.00576375 252.496 -0.0212796 0.999764 -0.00446048 -0.119589 0.00566759 0.00458205 0.999973 2.87338
0.999765 0.0216488 0.000587563 253.24 -0.0216479 0.999765 -0.00138311 -0.123164 -0.000617368 0.00137006 0.999999 2.84661
0.999733 0.0226622 0.00442046 254.015 -0.0226495 0.999739 -0.00290694 -0.144361 -0.00448518 0.00280604 0.999986 2.86618
0.9997 0.0243307 0.00298737 254.838 -0.0243175 0.999695 -0.00437772 -0.167514 -0.00309297 0.00430376 0.999986 2.88226
0.999591 0.0282992 -0.00401391 255.603 -0.028307 0.999597 -0.00189263 -0.190063 0.00395873 0.00200548 0.99999 2.89113
0.999427 0.0329682 -0.00761999 256.454 -0.0329643 0.999456 0.000644521 -0.182197 0.0076371 -0.000392965 0.999971 2.8971
0.999334 0.0357455 -0.00739641 257.247 -0.0357349 0.99936 0.00156402 -0.215028 0.00744758 -0.00129867 0.999971 2.90712
0.999229 0.0389185 -0.00513596 258.094 -0.0389154 0.999242 0.000696745 -0.25459 0.00515919 -0.00049634 0.999987 2.92794
0.999152 0.0411159 -0.00206843 258.975 -0.0411221 0.999149 -0.00304991 -0.309349 0.00194127 0.00313238 0.999993 2.93321
0.999008 0.0445221 -0.000213537 259.782 -0.0445226 0.998988 -0.00632591 -0.327268 -6.8322e-05 0.00632914 0.99998 2.94016
0.998865 0.0476204 0.000191777 260.608 -0.0476181 0.998845 -0.0064903 -0.347272 -0.000500625 0.00647381 0.999979 2.94804
0.998739 0.0501796 -0.00156087 261.44 -0.0501858 0.998731 -0.00425667 -0.400167 0.00134529 0.00432964 0.99999 2.95126
0.998602 0.0527267 -0.00379408 262.259 -0.0527403 0.998602 -0.00356528 -0.429502 0.00360079 0.0037604 0.999986 2.97515
0.998455 0.0554209 -0.00394692 263.095 -0.055431 0.998459 -0.0025083 -0.478832 0.00380183 0.0027232 0.999989 2.98767
0.998308 0.0581173 -0.00195455 263.95 -0.0581219 0.998307 -0.0023884 -0.539854 0.00181243 0.00249796 0.999995 2.98786
0.998134 0.0610603 -9.80434e-05 264.813 -0.0610604 0.998131 -0.00241861 -0.569807 -4.9821e-05 0.00242009 0.999997 2.98688
0.997966 0.0637521 -0.000234956 265.645 -0.0637524 0.997965 -0.00123231 -0.619358 0.000155916 0.00124478 0.999999 3.00495
0.997783 0.0665457 -0.000776147 266.478 -0.0665472 0.997781 -0.00216801 -0.671099 0.000630153 0.00221485 0.999997 3.0233
0.997605 0.0691599 -0.000831711 267.328 -0.0691611 0.997604 -0.00153309 -0.740584 0.00072369 0.00158694 0.999998 3.04423
0.997484 0.0708916 -0.000552721 268.191 -0.0708934 0.997473 -0.00468596 -0.790398 0.000219129 0.00471335 0.999989 3.05806
0.997412 0.0718923 -0.000303875 269.007 -0.0718928 0.997394 -0.00606203 -0.846097 -0.00013273 0.00606819 0.999982 3.073
0.997384 0.0722816 -0.000499625 269.852 -0.0722833 0.997363 -0.00646918 -0.907848 3.07055e-05 0.00648837 0.999979 3.08485
0.997366 0.0725332 -0.000546279 270.732 -0.0725353 0.99734 -0.007191 -0.954842 2.32396e-05 0.00721169 0.999974 3.08811
0.997379 0.0723521 -3.13419e-05 271.566 -0.0723508 0.997358 -0.00648553 -1.0188 -0.000437983 0.0064708 0.999979 3.10939
0.997401 0.0720492 0.000691251 272.401 -0.0720438 0.997383 -0.00602851 -1.08261 -0.00112379 0.00596304 0.999982 3.13025
0.997478 0.0709708 -0.000150101 273.277 -0.0709702 0.997456 -0.00670712 -1.14409 -0.000326291 0.00670086 0.999977 3.13148
0.997626 0.0688603 -0.00110451 274.134 -0.0688656 0.997609 -0.00585745 -1.18817 0.000698524 0.00591961 0.999982 3.15445
0.997726 0.0673716 -0.00182264 274.991 -0.0673787 0.997719 -0.0041884 -1.2305 0.0015363 0.00430168 0.99999 3.17817
0.997838 0.0656827 -0.00210003 275.847 -0.0656913 0.997831 -0.00433342 -1.30052 0.00181084 0.00446201 0.999988 3.1757
0.997965 0.063726 -0.00217743 276.714 -0.0637317 0.997964 -0.00266353 -1.34756 0.00200326 0.00279688 0.999994 3.19831
0.998113 0.0613854 -0.00174884 277.572 -0.061388 0.998113 -0.00143936 -1.41067 0.00165718 0.001544 0.999997 3.22082
0.998276 0.0586904 -0.000209024 278.395 -0.0586907 0.998275 -0.00166019 -1.44184 0.000111226 0.0016696 0.999999 3.22848
0.99849 0.0548749 0.00246683 279.248 -0.0548638 0.998484 -0.00435922 -1.49737 -0.0027023 0.0042173 0.999987 3.22985
0.998722 0.0503683 0.00420466 280.103 -0.0503457 0.998718 -0.00531196 -1.53259 -0.00446682 0.00509348 0.999977 3.25296
0.998957 0.0453251 0.00547463 280.935 -0.0452925 0.998956 -0.00593904 -1.58265 -0.0057381 0.00568488 0.999967 3.24912
0.999149 0.0407981 0.00613829 281.718 -0.040756 0.999146 -0.00684192 -1.61282 -0.00641218 0.00658593 0.999958 3.26707
0.999324 0.0361936 0.0064159 282.568 -0.0361496 0.999323 -0.0068535 -1.61546 -0.0066596 0.00661694 0.999956 3.28432
0.999484 0.0314367 0.00665356 283.349 -0.03139 0.999483 -0.00700599 -1.66188 -0.00687037 0.00679352 0.999953 3.30114
0.999604 0.027388 0.00647132 284.159 -0.0273403 0.999599 -0.00734514 -1.66781 -0.00666989 0.00716531 0.999952 3.31769
0.999704 0.023547 0.00611198 284.892 -0.0235063 0.999702 -0.0066588 -1.68304 -0.00626695 0.00651316 0.999959 3.32224
0.999802 0.0190072 0.00591729 285.659 -0.0189673 0.999797 -0.00672986 -1.70346 -0.00604401 0.00661629 0.99996 3.32174
0.999854 0.0159284 0.00614672 286.377 -0.0158822 0.999846 -0.00750388 -1.70218 -0.0062653 0.00740516 0.999953 3.33043
0.999915 0.0118647 0.00532564 287.08 -0.0118205 0.999896 -0.00825555 -1.70938 -0.00542304 0.0081919 0.999952 3.35335
0.99997 0.00680387 0.00375426 287.776 -0.00677712 0.999952 -0.0070931 -1.70765 -0.00380234 0.00706745 0.999968 3.3545
0.999998 0.000537618 0.00168589 288.435 -0.000529022 0.999987 -0.00509516 -1.70254 -0.00168861 0.00509426 0.999986 3.36958
0.999968 -0.00804315 0.00010706 289.124 0.00804357 0.999956 -0.00484009 -1.71282 -6.81257e-05 0.00484079 0.999988 3.37699
0.999833 -0.0182447 -0.00112471 289.724 0.0182397 0.999824 -0.00429868 -1.66972 0.00120294 0.00427745 0.99999 3.39043
0.999512 -0.0311878 -0.00164081 290.353 0.0311807 0.999505 -0.0041719 -1.65274 0.00177011 0.0041187 0.99999 3.39551
0.998837 -0.0482008 -0.00124693 290.963 0.0481969 0.998833 -0.0029769 -1.61849 0.00138897 0.00291333 0.999995 3.41087
0.997716 -0.067543 -0.000872538 291.566 0.0675417 0.997715 -0.00139934 -1.56251 0.00096506 0.00133721 0.999999 3.41659
0.995952 -0.0898747 -0.00113124 292.157 0.0898744 0.995953 -0.000359173 -1.49492 0.00115894 0.00025605 0.999999 3.41714
0.993301 -0.115545 -0.00178671 292.743 0.115545 0.993302 0.00030395 -1.43383 0.00173963 -0.000508359 0.999998 3.42594
0.989697 -0.143166 -0.00188399 293.284 0.14317 0.989695 0.0023132 -1.33648 0.00153341 -0.0025591 0.999996 3.44029
0.984774 -0.173833 -0.00136473 293.821 0.173837 0.984767 0.00375789 -1.23082 0.000690697 -0.00393792 0.999992 3.45221
0.97826 -0.207383 -0.000154748 294.375 0.207382 0.978255 0.00302968 -1.10009 -0.000476922 -0.00299591 0.999995 3.46394
0.970067 -0.242834 0.00121784 294.884 0.242828 0.970062 0.00370675 -0.953191 -0.0020815 -0.00330007 0.999992 3.48056
0.959962 -0.280114 0.00291356 295.365 0.280099 0.95996 0.00450882 -0.786339 -0.00405989 -0.00351221 0.999986 3.48628
0.947922 -0.318471 0.00450854 295.835 0.318444 0.947924 0.00575967 -0.575583 -0.00610804 -0.004024 0.999973 3.49195
0.933529 -0.358456 0.0057968 296.27 0.358419 0.933538 0.00654646 -0.417167 -0.00775816 -0.00403363 0.999962 3.50544
0.917058 -0.398696 0.00685859 296.734 0.398659 0.917079 0.00616078 -0.194627 -0.00874614 -0.00291555 0.999958 3.50969
0.897785 -0.440368 0.00762338 297.154 0.440336 0.897816 0.00550838 0.040536 -0.0092701 -0.00158849 0.999956 3.51371
0.875732 -0.482725 0.00835686 297.547 0.4827 0.875772 0.00492819 0.238148 -0.00969767 -0.000281923 0.999953 3.51647
0.850619 -0.525696 0.0095752 297.98 0.525685 0.850671 0.00381281 0.545269 -0.0101497 0.0017903 0.999947 3.52486
0.822492 -0.568666 0.0112391 298.368 0.568665 0.822561 0.00361848 0.84194 -0.0113025 0.0034151 0.99993 3.52443
0.791531 -0.61104 0.0104791 298.692 0.611037 0.791593 0.00382701 1.11583 -0.0106337 0.00337395 0.999938 3.52312
0.757066 -0.653244 0.0111006 299.029 0.653252 0.757133 0.00335865 1.45136 -0.0105987 0.0047088 0.999933 3.52219
0.718829 -0.695052 0.0136585 299.308 0.695095 0.718915 0.00215394 1.77002 -0.0113164 0.00794561 0.999904 3.52547
0.676025 -0.736602 0.0202088 299.648 0.736723 0.676192 0.00203164 2.13949 -0.0151615 0.0135149 0.999794 3.53862
0.628575 -0.777373 0.024154 299.919 0.777573 0.628791 0.00174341 2.50152 -0.0165431 0.0176856 0.999707 3.54321
0.578546 -0.815287 0.0243469 300.11 0.815441 0.578816 0.00537715 2.82638 -0.0184763 0.0167425 0.999689 3.54719
0.525756 -0.85039 0.0204471 300.316 0.850418 0.526013 0.00998042 3.2604 -0.0192427 0.0121414 0.999741 3.53921
0.471189 -0.881861 0.0173914 300.501 0.881798 0.471427 0.0137429 3.65244 -0.0203181 0.00886024 0.999754 3.52711
0.414981 -0.909694 0.0157212 300.604 0.909576 0.415211 0.0164467 3.99367 -0.0214891 0.00747452 0.999741 3.53395
0.356752 -0.934063 0.0159465 300.774 0.933943 0.357002 0.0173418 4.44143 -0.0218913 0.00870639 0.999722 3.52467
0.298825 -0.954154 0.017133 300.822 0.953972 0.299148 0.0211832 4.77534 -0.0253373 0.0100143 0.999629 3.5346
0.238783 -0.97091 0.0178052 300.933 0.9707 0.239159 0.0233309 5.21962 -0.0269104 0.0117125 0.999569 3.51432
0.177154 -0.98401 0.0184455 300.945 0.983718 0.177615 0.0274177 5.64453 -0.0302554 0.013288 0.999454 3.53675
0.114298 -0.993305 0.0167667 300.987 0.992922 0.11477 0.030557 6.0227 -0.0322767 0.0131554 0.999392 3.50689
0.0484782 -0.998701 0.0157086 300.966 0.998214 0.0489921 0.0341735 6.49664 -0.0348987 0.0140239 0.999292 3.50814
-0.0177304 -0.99974 0.0143082 300.948 0.999018 -0.0171328 0.0408628 6.94371 -0.0406071 0.0150187 0.999062 3.49893
-0.0849628 -0.9963 0.0129121 300.878 0.995356 -0.0842796 0.046503 7.33626 -0.0452427 0.0168032 0.998835 3.48791
-0.152084 -0.988312 0.0104995 300.741 0.987095 -0.151341 0.0523335 7.83548 -0.0501328 0.0183231 0.998574 3.46612
-0.218014 -0.9759 0.00941545 300.626 0.974407 -0.217119 0.0582263 8.24199 -0.0547788 0.0218686 0.998259 3.45451
-0.282333 -0.959282 0.00814498 300.437 0.957598 -0.281309 0.06222 8.74971 -0.0573953 0.0253664 0.998029 3.43197
-0.344573 -0.938732 0.00711758 300.23 0.936957 -0.343432 0.0645516 9.19885 -0.0581523 0.0289116 0.997889 3.4124
-0.403725 -0.914861 0.00589746 300.031 0.913105 -0.402532 0.0648582 9.63646 -0.0569624 0.0315699 0.997877 3.39972
-0.45959 -0.888121 0.0042424 299.737 0.886409 -0.458396 0.06444 10.1057 -0.0552858 0.0333765 0.997913 3.37017
-0.511553 -0.859248 0.00272157 299.482 0.857566 -0.510348 0.0642201 10.5395 -0.053792 0.0351859 0.997932 3.34474
-0.558421 -0.829557 0.000490546 299.111 0.827875 -0.557251 0.0639865 11.0281 -0.0528071 0.0361375 0.997951 3.32202
-0.599567 -0.800323 -0.00164612 298.774 0.798614 -0.59842 0.0641016 11.4854 -0.0522871 0.0371186 0.997942 3.29173
-0.637562 -0.770396 -0.00210918 298.368 0.768455 -0.636146 0.0692439 11.9427 -0.054687 0.0425265 0.997598 3.25638
-0.674735 -0.738059 -0.00146114 297.903 0.735925 -0.672931 0.0746865 12.4521 -0.0561063 0.0493183 0.997206 3.2393
-0.710943 -0.703246 -0.00225531 297.455 0.700821 -0.708751 0.0807597 12.8881 -0.0583924 0.055835 0.996731 3.20832
-0.744544 -0.667563 -0.00386982 296.923 0.665021 -0.742191 0.0830667 13.345 -0.0583244 0.0592733 0.996536 3.16951
-0.775138 -0.631776 -0.00439584 296.361 0.629514 -0.772915 0.0794685 13.77 -0.0536039 0.0588318 0.996828 3.13023
-0.802852 -0.596168 -0.00354379 295.757 0.594211 -0.800671 0.0764159 14.2147 -0.0483941 0.0592449 0.99707 3.12483
-0.827955 -0.560789 -0.00231365 295.123 0.559248 -0.825972 0.0707873 14.6204 -0.0416078 0.0573148 0.997489 3.06618
-0.851256 -0.52475 -0.00128566 294.443 0.523412 -0.849256 0.0693054 15.0277 -0.0374598 0.0583237 0.997595 3.05452
-0.872404 -0.488778 -0.0027056 293.716 0.487461 -0.870436 0.0687243 15.4111 -0.0359459 0.0586365 0.997632 2.99997
-0.892132 -0.451744 -0.00524475 292.988 0.450458 -0.890359 0.0659388 15.8008 -0.0344571 0.0564636 0.99781 2.98119
-0.910116 -0.414312 -0.00590021 292.173 0.413159 -0.908481 0.0629405 16.1225 -0.0314372 0.0548454 0.998 2.97452
-0.9268 -0.375495 -0.00675383 291.38 0.374251 -0.924929 0.066653 16.465 -0.0312746 0.0592463 0.997753 2.93752
-0.941136 -0.337941 -0.00762447 290.536 0.336645 -0.939086 0.0691902 16.777 -0.0305423 0.0625507 0.997574 2.9362
-0.954117 -0.299255 -0.0103619 289.658 0.297845 -0.952044 0.0699981 17.0397 -0.0308123 0.0637001 0.997493 2.88585
-0.965115 -0.26152 -0.0126324 288.72 0.25991 -0.962766 0.0743553 17.3082 -0.0316075 0.0684781 0.997152 2.86726
-0.973995 -0.226127 -0.0141379 287.773 0.22451 -0.971658 0.0739985 17.5347 -0.0304703 0.0689001 0.997158 2.84545
-0.981579 -0.190635 -0.0127044 286.771 0.189275 -0.979331 0.0713179 17.7312 -0.0260375 0.0675995 0.997373 2.8252
-0.987417 -0.157712 -0.0115624 285.756 0.15653 -0.985171 0.0702648 17.8794 -0.0224725 0.0675709 0.997461 2.80573
-0.991916 -0.12626 -0.0126784 284.751 0.125103 -0.989748 0.0689094 18.016 -0.0212489 0.0667663 0.997542 2.7901
-0.995396 -0.094754 -0.0144619 283.675 0.0935713 -0.993307 0.0677196 18.1439 -0.0207818 0.0660546 0.9976 2.76597
-0.997741 -0.0656531 -0.0142663 282.562 0.0645681 -0.995697 0.0664731 18.1794 -0.0185691 0.0654017 0.997686 2.75049
