1 0 0 0 0 1 0 0 -0 0 1 0
0.999983 -0.0058222 0.00022788 0.102425 0.0058222 0.999983 -9.34913e-07 0.0166109 -0.00022787 2.26166e-06 1 0.0515141
0.999918 -0.0128384 0.000168496 0.160817 0.0128383 0.999917 0.000513132 0.015059 -0.000175069 -0.000510927 1 0.0572077
0.999784 -0.0208058 -8.87188e-05 0.221494 0.0208059 0.999783 0.00076573 0.0241015 7.27679e-05 -0.00076741 1 0.0631399
0.999556 -0.0298029 -0.000604221 0.422641 0.0298036 0.999555 0.00119942 0.0385463 0.000568206 -0.00121689 0.999999 0.0801148
0.999158 -0.0409235 -0.00291766 0.539242 0.0409252 0.999162 0.000501433 0.0541142 0.00289469 -0.000620416 0.999996 0.0728689
0.998497 -0.0547228 -0.00305661 0.630309 0.0547237 0.998502 0.000222974 0.0718659 0.00303983 -0.000389908 0.999995 0.0698362
0.997489 -0.0707372 -0.00357834 0.782515 0.0707406 0.997494 0.000812613 0.0827879 0.00351189 -0.00106371 0.999993 0.0724331
0.996017 -0.0890917 -0.00367819 0.938675 0.0890904 0.996023 -0.000522228 0.111333 0.00371009 0.000192456 0.999993 0.0800313
0.994013 -0.109186 -0.00400146 1.12037 0.109182 0.994021 -0.00124102 0.123195 0.00411304 0.000796705 0.999991 0.0865118
0.991302 -0.131531 -0.00437703 1.28929 0.131527 0.991312 -0.00130998 0.173647 0.0045113 0.000722889 0.99999 0.0930719
0.987856 -0.155272 -0.00557645 1.44645 0.155285 0.987868 0.00191011 0.232384 0.00521221 -0.00275286 0.999983 0.0998414
0.983511 -0.180664 -0.00815147 1.6225 0.180707 0.983525 0.00484138 0.27732 0.00714251 -0.00623458 0.999955 0.107389
0.97815 -0.207643 -0.0103534 1.81905 0.207733 0.978148 0.00854404 0.355872 0.00835302 -0.0105081 0.99991 0.125423
0.971459 -0.236926 -0.0115325 2.01247 0.237032 0.971461 0.00889093 0.42417 0.0090969 -0.0113708 0.999894 0.122084
0.9633 -0.268177 -0.0115613 2.17488 0.268297 0.96328 0.010406 0.459809 0.00834612 -0.013126 0.999879 0.136636
0.954055 -0.299391 -0.0119997 2.39432 0.299527 0.954014 0.0118692 0.574697 0.00789436 -0.0149181 0.999858 0.135991
0.942839 -0.333013 -0.0124824 2.59341 0.333172 0.942761 0.0140536 0.682292 0.00708787 -0.0174091 0.999823 0.147981
0.930322 -0.366475 -0.0140653 2.76953 0.366671 0.93022 0.0155949 0.750826 0.00736867 -0.0196656 0.999779 0.148401
0.916629 -0.399434 -0.0156436 2.98543 0.399676 0.91648 0.0179785 0.890889 0.00715579 -0.022732 0.999716 0.144375
0.900729 -0.434082 -0.0161325 3.2011 0.434328 0.90058 0.0177669 1.03467 0.00681634 -0.02301 0.999712 0.147606
0.882409 -0.470196 -0.0164237 3.37586 0.470417 0.88233 0.014183 1.12105 0.00782231 -0.0202412 0.999765 0.141284
0.861422 -0.507673 -0.0148534 3.5786 0.507823 0.861414 0.00902527 1.28854 0.00821304 -0.0153175 0.999849 0.152944
0.836689 -0.547513 -0.0134933 3.74697 0.547652 0.836638 0.0106902 1.41827 0.00543594 -0.016334 0.999852 0.168691
0.807992 -0.589001 -0.015045 3.96101 0.589183 0.807867 0.0146472 1.62009 0.00352718 -0.0206991 0.99978 0.163362
0.77614 -0.630345 -0.0164975 4.1426 0.630558 0.775954 0.017077 1.82706 0.00203692 -0.0236568 0.999718 0.169217
0.740456 -0.67189 -0.0170241 4.28665 0.672102 0.74029 0.015798 1.97673 0.00198827 -0.0231396 0.99973 0.15145
0.701145 -0.712871 -0.0145256 4.48538 0.713019 0.701014 0.0135668 2.22383 0.000511292 -0.0198693 0.999802 0.172107
0.659204 -0.751875 -0.0115983 4.6667 0.751964 0.659134 0.00961119 2.45203 0.00041839 -0.0150572 0.999887 0.172182
0.614825 -0.788607 -0.00946076 4.77735 0.788663 0.614771 0.00818788 2.66116 -0.00064082 -0.0124955 0.999922 0.165479
0.567206 -0.823543 -0.00737818 4.93286 0.823571 0.567148 0.00861275 2.97164 -0.00290845 -0.0109617 0.999936 0.156632
0.516813 -0.856071 -0.00686821 5.08715 0.856088 0.516752 0.00896648 3.25189 -0.00412677 -0.0105138 0.999936 0.165209
0.4641 -0.88576 -0.00631675 5.2086 0.885768 0.46404 0.0090963 3.52603 -0.00512592 -0.00981677 0.999939 0.153652
0.409948 -0.912094 -0.00523214 5.35465 0.912077 0.409879 0.0106909 3.89601 -0.00760657 -0.00915484 0.999929 0.157617
0.355018 -0.934844 -0.00531715 5.38604 0.934821 0.354947 0.0110551 4.19611 -0.0084475 -0.00889534 0.999925 0.15435
0.29974 -0.954013 -0.00399011 5.50142 0.953951 0.299664 0.0133953 4.58148 -0.0115836 -0.00782146 0.999902 0.168277
0.246321 -0.969188 -0.000905562 5.56883 0.969081 0.246279 0.0150875 4.96436 -0.0143996 -0.00459392 0.999886 0.164058
0.195704 -0.980663 0.000433115 5.60288 0.980554 0.195689 0.014791 5.32819 -0.0145898 -0.00246998 0.999891 0.181278
0.148038 -0.988979 -0.0021896 5.65731 0.988863 0.147986 0.015808 5.75767 -0.0153097 -0.0045054 0.999873 0.157797
0.105197 -0.99444 -0.00480154 5.64265 0.994331 0.105108 0.0160585 6.16611 -0.0154645 -0.00646362 0.99986 0.141929
0.0672283 -0.997704 -0.00819115 5.69248 0.99765 0.0671112 0.0138097 6.64029 -0.0132283 -0.0091003 0.999871 0.142272
0.0322793 -0.999445 -0.00825144 5.67122 0.999421 0.0321874 0.0110301 7.10241 -0.0107584 -0.00860271 0.999905 0.14896
0.00154401 -0.999965 -0.00824076 5.67636 0.999959 0.00147021 0.00895418 7.55275 -0.00894175 -0.00825424 0.999926 0.158412
-0.0259553 -0.999614 -0.00987206 5.66377 0.999641 -0.0260188 0.00635089 8.0669 -0.0066053 -0.00970368 0.999931 0.157463
-0.0466275 -0.998858 -0.010386 5.6217 0.9989 -0.0466751 0.00439418 8.53597 -0.00487393 -0.0101697 0.999936 0.148476
-0.0630196 -0.997939 -0.0120884 5.58608 0.998003 -0.0630671 0.00358498 9.12908 -0.00433997 -0.0118383 0.999921 0.12503
-0.076467 -0.996996 -0.0123324 5.54663 0.997061 -0.0765187 0.00377946 9.66118 -0.00471176 -0.0120071 0.999917 0.142099
-0.0859104 -0.996198 -0.0144579 5.47853 0.996287 -0.085983 0.00447777 10.2134 -0.00570388 -0.0140195 0.999885 0.140592
-0.0929289 -0.995642 -0.00776325 5.42245 0.995649 -0.0929772 0.00610937 10.7725 -0.00680456 -0.00716174 0.999951 0.142332
-0.0973797 -0.995191 -0.01063 5.37042 0.995214 -0.0974577 0.00708417 11.3533 -0.00808607 -0.00988926 0.999918 0.147231
-0.0991159 -0.995069 -0.00356968 5.29543 0.995038 -0.0991426 0.00831707 11.9554 -0.00862997 -0.00272762 0.999959 0.174711
-0.0983161 -0.995155 -0.000795348 5.23982 0.995108 -0.0983192 0.00967479 12.5893 -0.00970611 0.00015973 0.999953 0.163676
-0.0970398 -0.995272 -0.00415749 5.16378 0.995213 -0.0970812 0.0112812 13.2408 -0.0116315 -0.00304286 0.999928 0.160192
-0.0951327 -0.995454 -0.00449754 5.10158 0.995388 -0.0951803 0.0119452 13.8821 -0.0123189 -0.00334043 0.999919 0.144323
-0.0934946 -0.995584 -0.00845172 5.03899 0.995565 -0.0935752 0.00970822 14.5431 -0.0104562 -0.00750657 0.999917 0.147522
-0.0921047 -0.995735 -0.00540373 4.98229 0.995701 -0.0921525 0.00939615 15.2245 -0.00985404 -0.00451507 0.999941 0.157738
-0.0899801 -0.995909 -0.00833006 4.89562 0.995862 -0.0900768 0.0120653 15.9505 -0.0127663 -0.00720995 0.999893 0.142642
-0.0885394 -0.995948 -0.0157831 4.84325 0.99593 -0.0887836 0.0155072 16.6718 -0.0168456 -0.0143458 0.999755 0.114274
-0.0861949 -0.996206 -0.011971 4.77812 0.996104 -0.0863981 0.0176479 17.3739 -0.0186152 -0.0104032 0.999773 0.118365
-0.0850146 -0.99627 -0.0147539 4.71977 0.996212 -0.0852625 0.0170737 18.15 -0.0182679 -0.0132465 0.999745 0.108658
-0.0830989 -0.996385 -0.0176538 4.62973 0.99642 -0.0833522 0.0141316 18.8936 -0.015552 -0.0164162 0.999744 0.114201
-0.0818736 -0.996499 -0.0169358 4.56791 0.996531 -0.0821072 0.0135903 19.632 -0.0149333 -0.0157643 0.999764 0.108463
-0.0802436 -0.996676 -0.0140865 4.50863 0.996634 -0.080462 0.0156907 20.4189 -0.0167719 -0.01278 0.999778 0.0899541
-0.0790702 -0.996821 -0.00981242 4.42946 0.996682 -0.0792423 0.0186007 21.1997 -0.0193191 -0.0083091 0.999779 0.0836283
-0.0780109 -0.99689 -0.0111664 4.35608 0.99676 -0.0782109 0.0187635 21.9873 -0.0195784 -0.00966645 0.999762 0.049787
-0.0769994 -0.996952 -0.0125946 4.29704 0.996898 -0.0771894 0.0153657 22.8235 -0.016291 -0.0113724 0.999803 0.0449228
-0.0766035 -0.997004 -0.0107491 4.24425 0.997009 -0.0767061 0.00948121 23.6201 -0.0102773 -0.0099907 0.999897 0.0570769
-0.0772101 -0.996971 -0.00938412 4.1966 0.997004 -0.0772499 0.00395859 24.4365 -0.00467152 -0.00905036 0.999948 0.0847813
-0.0773693 -0.996981 -0.00650487 4.11723 0.996984 -0.0774061 0.00559856 25.2487 -0.00608518 -0.00605209 0.999963 0.0831539
-0.0775359 -0.996955 -0.00833216 4.04983 0.996915 -0.0776298 0.0116102 26.112 -0.0122217 -0.00740624 0.999898 0.0697402
-0.0780898 -0.9969 -0.00956672 3.97914 0.996764 -0.0782553 0.018356 26.9738 -0.0190477 -0.00810235 0.999786 0.0397503
-0.0780246 -0.996888 -0.0112508 3.90526 0.996629 -0.0782814 0.0245492 27.7794 -0.0253535 -0.00929743 0.999635 0.0426511
-0.0777079 -0.996898 -0.0124748 3.82692 0.996609 -0.0780127 0.0261582 28.648 -0.0270502 -0.0103998 0.99958 0.0299034
-0.0783959 -0.996843 -0.0126123 3.76086 0.996648 -0.078665 0.0224799 29.4698 -0.0234011 -0.0108077 0.999668 0.0427504
-0.0791186 -0.996785 -0.0126445 3.6875 0.996638 -0.0793651 0.0203491 30.3065 -0.0212872 -0.010992 0.999713 0.0453246
-0.0790463 -0.996754 -0.015299 3.61651 0.996625 -0.0793581 0.0209796 31.144 -0.0221256 -0.013589 0.999663 0.0245802
-0.0789429 -0.996748 -0.0161869 3.54143 0.996612 -0.0792871 0.0218527 31.9954 -0.023065 -0.014407 0.99963 0.00202523
-0.0789782 -0.996729 -0.0171102 3.46051 0.99663 -0.0793287 0.0208748 32.8344 -0.0221639 -0.0154039 0.999636 0.000748099
-0.0781981 -0.996796 -0.0168405 3.39848 0.996781 -0.0784747 0.0164389 33.6166 -0.0177078 -0.0155008 0.999723 0.00610718
-0.0785694 -0.996765 -0.0169502 3.33371 0.996798 -0.0788023 0.0135384 34.4428 -0.0148303 -0.0158322 0.999765 0.0230667
-0.077812 -0.996812 -0.0176365 3.26084 0.996858 -0.0780541 0.0134787 35.2628 -0.0148123 -0.0165323 0.999754 0.00358799
-0.0770959 -0.996899 -0.0157447 3.19254 0.996891 -0.0773337 0.015099 36.0942 -0.0162698 -0.0145317 0.999762 -0.00425951
-0.0764224 -0.996953 -0.0156504 3.12454 0.996839 -0.0767366 0.0205675 36.9686 -0.0217058 -0.0140291 0.999666 -0.0196295
-0.0761359 -0.99697 -0.0159524 3.05599 0.996742 -0.0765263 0.0254903 37.7628 -0.0266338 -0.0139597 0.999548 -0.0527001
-0.0767072 -0.99689 -0.018081 3.01594 0.99662 -0.0771958 0.0280832 38.6296 -0.0293917 -0.0158657 0.999442 -0.0858128
-0.075985 -0.996955 -0.0175429 2.93811 0.996668 -0.0764628 0.0283942 39.4628 -0.0296491 -0.0153269 0.999443 -0.0824182
-0.076167 -0.996938 -0.0177068 2.88463 0.996763 -0.0765878 0.024445 40.2341 -0.0257263 -0.0157876 0.999544 -0.0663047
-0.0751829 -0.996941 -0.0213382 2.78709 0.996921 -0.0756244 0.0207008 41.1246 -0.0222512 -0.0197161 0.999558 -0.0661201
-0.0753447 -0.996903 -0.0225296 2.72635 0.996961 -0.0757589 0.018133 41.9264 -0.0197836 -0.0210949 0.999582 -0.0812844
-0.0744173 -0.996963 -0.0229405 2.62047 0.997079 -0.0747836 0.0155442 42.7799 -0.0172126 -0.0217167 0.999616 -0.0883981
-0.0761611 -0.996845 -0.0223613 2.57474 0.996993 -0.0764563 0.0126597 43.5834 -0.0143294 -0.0213299 0.99967 -0.0992337
-0.0771859 -0.996745 -0.0232873 2.52599 0.996949 -0.0774316 0.00983958 44.3445 -0.0116107 -0.0224568 0.99968 -0.107556
-0.0781268 -0.996706 -0.0217606 2.47102 0.996893 -0.0783245 0.00838319 45.2179 -0.01006 -0.021038 0.999728 -0.0977457
-0.0798093 -0.996551 -0.0227323 2.40579 0.996725 -0.0800799 0.0112526 46.0507 -0.0130341 -0.0217598 0.999678 -0.119489
-0.0808738 -0.996505 -0.020913 2.30004 0.996553 -0.0812315 0.0168639 46.8542 -0.0185038 -0.0194771 0.999639 -0.117267
-0.0834612 -0.996312 -0.0199041 2.283 0.996278 -0.0838568 0.0199429 47.6554 -0.0215385 -0.0181655 0.999603 -0.117986
-0.0845132 -0.996218 -0.0201602 2.15959 0.996198 -0.0849064 0.0195153 48.4854 -0.0211532 -0.0184343 0.999606 -0.113519
-0.0859046 -0.996073 -0.0214198 2.10604 0.996128 -0.0862725 0.0168869 49.268 -0.0186685 -0.0198862 0.999628 -0.101671
-0.0869119 -0.995938 -0.0235436 2.04419 0.996097 -0.0872431 0.0134227 50.1338 -0.0154222 -0.0222851 0.999633 -0.0876679
-0.0885682 -0.995722 -0.0263229 1.96964 0.995961 -0.0889189 0.0124628 50.8791 -0.01475 -0.0251127 0.999576 -0.0870125
-0.0890813 -0.995647 -0.0274026 1.88729 0.9959 -0.0894704 0.013316 51.6601 -0.0157098 -0.0261041 0.999536 -0.0902637
-0.0902817 -0.995561 -0.0265963 1.80239 0.995768 -0.0906966 0.0148276 52.4279 -0.0171739 -0.0251451 0.999536 -0.0910517
-0.091206 -0.99542 -0.0286272 1.72035 0.99569 -0.0916401 0.0142342 53.2301 -0.0167925 -0.0272056 0.999489 -0.0983688
-0.0915692 -0.995391 -0.0284819 1.6411 0.995664 -0.0919901 0.0138316 54.0095 -0.0163879 -0.0270919 0.999499 -0.0907916
-0.0922277 -0.995351 -0.0277597 1.59308 0.995582 -0.0926704 0.0151033 54.7866 -0.0176056 -0.0262441 0.999501 -0.0937324
-0.0927807 -0.99532 -0.0270266 1.51295 0.995472 -0.0932905 0.0182567 55.5042 -0.0206926 -0.0252103 0.999468 -0.0896246
-0.0921708 -0.995428 -0.025037 1.41057 0.995451 -0.0927241 0.0219165 56.2739 -0.0241378 -0.022903 0.999446 -0.094275
-0.0929113 -0.9953 -0.0272979 1.32634 0.99533 -0.0935657 0.0237603 57.0629 -0.0262028 -0.0249628 0.999345 -0.0985127
-0.0936866 -0.995231 -0.0271804 1.24907 0.995257 -0.0943379 0.0237562 57.8072 -0.026207 -0.0248259 0.999348 -0.10302
-0.0939022 -0.995238 -0.026155 1.19402 0.995276 -0.0944921 0.0223128 58.5196 -0.0246779 -0.0239362 0.999409 -0.121599
-0.0941287 -0.995218 -0.0260792 1.10117 0.995336 -0.0946308 0.0187375 59.2741 -0.0211158 -0.0241939 0.999484 -0.11167
-0.0941412 -0.995193 -0.0269964 1.04304 0.995384 -0.0945978 0.0161636 60.012 -0.0186397 -0.0253502 0.999505 -0.115686
-0.0927809 -0.99534 -0.0262795 0.958394 0.995549 -0.0931744 0.0141626 60.7814 -0.0165452 -0.0248485 0.999554 -0.0962307
-0.0902668 -0.99556 -0.0266759 0.882431 0.995791 -0.0906504 0.0135385 61.4285 -0.0158966 -0.0253416 0.999552 -0.1114
-0.08626 -0.99586 -0.0286795 0.817642 0.99614 -0.0866825 0.0138299 62.0842 -0.0162587 -0.0273758 0.999493 -0.117815
-0.0804226 -0.99633 -0.029308 0.764 0.996599 -0.0809045 0.0156446 62.7522 -0.0179583 -0.0279501 0.999448 -0.135446
-0.0729682 -0.996893 -0.0296753 0.711651 0.997167 -0.0734685 0.0161313 63.4223 -0.0182613 -0.0284142 0.999429 -0.131497
-0.0640088 -0.997484 -0.0304571 0.642413 0.997749 -0.0645769 0.0180489 64.0565 -0.0199703 -0.0292333 0.999373 -0.132075
-0.0526239 -0.998081 -0.032644 0.597574 0.998375 -0.0532985 0.0201532 64.6651 -0.0218544 -0.0315304 0.999264 -0.122477
-0.0380385 -0.998661 -0.0350698 0.607463 0.999013 -0.0388104 0.0215989 65.2728 -0.022931 -0.0342136 0.999151 -0.12698
-0.0194477 -0.999159 -0.0361075 0.579791 0.999535 -0.0202776 0.0227611 65.853 -0.0234741 -0.0356481 0.999089 -0.131544
0.00219758 -0.999323 -0.036734 0.5857 0.999728 0.00134208 0.0232976 66.381 -0.0232325 -0.0367752 0.999053 -0.134895
0.0277666 -0.998931 -0.0369581 0.592779 0.999349 0.0268881 0.0240594 66.9715 -0.0230399 -0.0376021 0.999027 -0.140858
0.0569087 -0.997732 -0.0359442 0.635468 0.998118 0.0560324 0.0249329 67.4771 -0.0228623 -0.0372954 0.999043 -0.130603
0.0911172 -0.995256 -0.0341123 0.685146 0.995612 0.0903099 0.024505 67.9552 -0.021308 -0.0361954 0.999118 -0.145902
0.128444 -0.991168 -0.0329948 0.783168 0.991513 0.127671 0.0245459 68.4143 -0.0201166 -0.0358675 0.999154 -0.156814
0.168442 -0.985198 -0.031825 0.885121 0.98553 0.167703 0.0246316 68.8997 -0.0189298 -0.0355135 0.99919 -0.148837
0.213695 -0.976441 -0.0299605 0.969493 0.976741 0.213005 0.0246046 69.3541 -0.0176432 -0.0345215 0.999248 -0.18388
0.26005 -0.965312 -0.0233613 1.13875 0.965422 0.259469 0.0252171 69.7812 -0.0182809 -0.0291112 0.999409 -0.151967
0.310822 -0.95035 -0.0149767 1.2827 0.950324 0.310461 0.0223401 70.2004 -0.0165813 -0.0211765 0.999638 -0.130991
0.360725 -0.932631 -0.00872552 1.49784 0.932583 0.360545 0.017231 70.6165 -0.0129242 -0.0143529 0.999813 -0.114547
0.413276 -0.910598 -0.0036781 1.705 0.910544 0.413198 0.0132974 70.9952 -0.0105888 -0.00884456 0.999905 -0.117755
0.463433 -0.88613 -0.00205425 1.94255 0.886067 0.46337 0.0131881 71.3801 -0.0107345 -0.007932 0.999911 -0.132692
0.511116 -0.859511 -0.000978356 2.17917 0.859453 0.511068 0.0122445 71.7057 -0.0100243 -0.00709922 0.999925 -0.152018
0.556165 -0.831026 0.00873486 2.44197 0.83098 0.556229 0.00901756 72.0607 -0.0123524 0.00224324 0.999921 -0.150419
0.599589 -0.800143 0.0162732 2.76129 0.800225 0.599696 0.00228811 72.3907 -0.0115898 0.0116503 0.999865 -0.122297
0.641877 -0.766605 0.0176528 3.02325 0.766751 0.641939 -0.0026104 72.684 -0.00933087 0.0152108 0.999841 -0.126759
0.683136 -0.730201 0.0115137 3.34584 0.730283 0.683119 -0.00591505 73.0059 -0.00354606 0.0124491 0.999916 -0.15347
0.723263 -0.69057 0.00163947 3.63251 0.69053 0.723191 -0.0127568 73.2732 0.00762383 0.0103586 0.999917 -0.151608
0.762384 -0.647082 -0.00744462 4.01404 0.646943 0.762392 -0.0149167 73.5557 0.015328 0.006556 0.999861 -0.173979
0.799747 -0.600236 -0.0110562 4.37133 0.600061 0.799802 -0.0156138 73.8422 0.0182148 0.00585268 0.999817 -0.163666
0.833162 -0.552859 -0.0137352 4.82389 0.552641 0.833251 -0.0167716 74.0638 0.0207172 0.00638282 0.999765 -0.149041
0.863619 -0.503897 -0.0157984 5.2793 0.503706 0.863751 -0.0146673 74.2948 0.0210367 0.00470918 0.999768 -0.129384
0.889904 -0.455881 -0.0156163 5.74161 0.455705 0.890027 -0.0136087 74.5118 0.0201029 0.004994 0.999785 -0.106822
0.91149 -0.410991 -0.0164921 6.21408 0.410958 0.911638 -0.00546676 74.73 0.0172816 -0.00179465 0.999849 -0.0719646
0.92891 -0.369779 -0.019763 6.72804 0.369842 0.929095 -0.00048518 74.9347 0.0185411 -0.00685849 0.999805 -0.0632655
0.942592 -0.333364 -0.0197058 7.25104 0.333481 0.942752 0.00288468 75.1008 0.017616 -0.00929059 0.999802 -0.0628052
0.953079 -0.302167 -0.0183089 7.8139 0.302248 0.953228 0.00178223 75.3045 0.016914 -0.00723243 0.999831 -0.072172
0.960498 -0.277839 -0.0157631 8.35514 0.277906 0.960606 0.00220474 75.4553 0.0145296 -0.00649832 0.999873 -0.0335397
0.966634 -0.255849 -0.0126522 8.95474 0.255931 0.96668 0.00532288 75.6224 0.0108687 -0.00838335 0.999906 -0.018135
0.971218 -0.237982 -0.0100046 9.5786 0.238047 0.971237 0.00578455 75.772 0.00834019 -0.00799961 0.999933 -0.0193953
0.974836 -0.222699 -0.010014 10.2253 0.222794 0.974819 0.0095746 75.9277 0.00762962 -0.0115647 0.999904 -0.0313094
0.977937 -0.208711 -0.00889692 10.8707 0.208798 0.977905 0.0102635 76.0887 0.00655823 -0.0118947 0.999908 -0.0260662
0.980537 -0.196124 -0.00913507 11.5307 0.196222 0.980492 0.0114817 76.2005 0.00670504 -0.0130507 0.999892 -0.012215
0.983212 -0.182255 -0.0088402 12.1809 0.182376 0.983102 0.015768 76.342 0.00581702 -0.0171156 0.999837 0.00981983
0.98598 -0.166707 -0.00715762 12.8527 0.166801 0.985868 0.01553 76.4737 0.0044675 -0.0165062 0.999854 0.0415915
0.988186 -0.153089 -0.00716986 13.5566 0.153202 0.988002 0.0195007 76.5745 0.0040985 -0.0203688 0.999784 0.0445959
0.990034 -0.140489 -0.0097411 14.2893 0.140658 0.989865 0.0195831 76.6556 0.00689116 -0.0207581 0.999761 0.0568601
0.991461 -0.129507 -0.0152605 15.0392 0.129828 0.991284 0.0223854 76.7658 0.0122284 -0.0241755 0.999633 0.0816175
0.992581 -0.119804 -0.0207377 15.8089 0.120225 0.992537 0.0203977 76.8543 0.0181393 -0.0227396 0.999577 0.0972248
0.993542 -0.111625 -0.0203731 16.5485 0.112046 0.993485 0.0208126 76.944 0.0179172 -0.0229609 0.999576 0.10973
0.99428 -0.105776 -0.0147983 17.2837 0.106091 0.994105 0.0223768 77.0139 0.0123441 -0.0238188 0.99964 0.11734
0.994933 -0.100204 -0.00821447 18.0882 0.100407 0.994493 0.0300337 77.1099 0.00515975 -0.0307063 0.999515 0.112026
0.995403 -0.0957011 -0.00366614 18.8653 0.0957657 0.99503 0.0272663 77.2012 0.0010385 -0.0274921 0.999621 0.138194
0.995651 -0.0930816 -0.00390802 19.654 0.0931506 0.995337 0.0250619 77.2522 0.00155699 -0.0253169 0.999678 0.162693
0.995985 -0.0894142 -0.00437247 20.3983 0.0894967 0.995665 0.0253423 77.3556 0.00208755 -0.0256319 0.999669 0.185753
0.996204 -0.0870167 -0.00221553 21.1802 0.0870449 0.995893 0.0248936 77.3877 4.02726e-05 -0.024992 0.999688 0.184522
0.996465 -0.0840061 -0.000348624 21.9659 0.0839931 0.996219 0.0222005 77.488 -0.00151767 -0.0221513 0.999753 0.20115
0.996693 -0.0812271 0.00215089 22.7416 0.0811668 0.996492 0.0203632 77.564 -0.00379739 -0.0201213 0.99979 0.203744
0.99698 -0.0776516 -0.000983817 23.4573 0.0776555 0.996773 0.0203173 77.6217 -0.000597028 -0.0203323 0.999793 0.22719
0.996993 -0.0769952 -0.00871076 24.2024 0.0771609 0.996805 0.0206173 77.677 0.0070955 -0.0212275 0.999749 0.214881
0.997096 -0.0744127 -0.0162021 24.9809 0.0747705 0.996942 0.0227261 77.7163 0.0144615 -0.0238716 0.99961 0.248064
0.997073 -0.0736192 -0.0206406 25.7825 0.0741121 0.996956 0.02423 77.799 0.018794 -0.0256888 0.999493 0.288985
0.997288 -0.0710855 -0.0190509 26.4678 0.0715525 0.997122 0.0250659 77.847 0.0172142 -0.0263611 0.999504 0.267011
0.997493 -0.0691522 -0.0150538 27.2749 0.069545 0.997204 0.0273499 77.9064 0.0131204 -0.0283283 0.999513 0.316279
0.997727 -0.0666142 -0.0101352 28.042 0.0669029 0.997263 0.0314712 78.0225 0.00801107 -0.0320777 0.999453 0.336271
0.997903 -0.064163 -0.00847258 28.786 0.0643854 0.997495 0.0292973 78.062 0.00657156 -0.0297814 0.999535 0.3606
0.997909 -0.0641258 -0.00806093 29.5307 0.0643217 0.997564 0.0269914 78.0783 0.00631045 -0.0274535 0.999603 0.377231
0.998041 -0.0621037 -0.00754014 30.2789 0.0622812 0.997715 0.0261844 78.1519 0.00589676 -0.0266027 0.999629 0.393549
0.998106 -0.0608325 -0.00916207 31.0203 0.061048 0.997811 0.0254332 78.2011 0.00759485 -0.0259443 0.999635 0.400762
0.998129 -0.0602839 -0.0102542 31.7782 0.0605345 0.997822 0.0261908 78.2151 0.00865295 -0.0267626 0.999604 0.431689
0.998203 -0.0591922 -0.0093205 32.5511 0.0594063 0.997929 0.0246668 78.2726 0.00784111 -0.0251762 0.999652 0.442572
0.998247 -0.0584917 -0.00898868 33.3148 0.0587084 0.997934 0.0261132 78.3267 0.0074427 -0.0265952 0.999619 0.455301
0.998234 -0.0586888 -0.00920298 34.08 0.0588972 0.997968 0.024306 78.3742 0.00775779 -0.0248051 0.999662 0.479041
0.998181 -0.0595589 -0.00939537 34.8941 0.0597738 0.99791 0.0245398 78.4313 0.00791418 -0.0250567 0.999655 0.487113
0.998076 -0.0612934 -0.00934371 35.6609 0.0615335 0.997711 0.0280443 78.4623 0.00760339 -0.0285653 0.999563 0.50269
0.99783 -0.0652143 -0.00903451 36.448 0.065407 0.997594 0.0229851 78.5032 0.00751382 -0.0235262 0.999695 0.49734
0.997688 -0.0672524 -0.00977445 37.2524 0.06748 0.997402 0.0251986 78.6027 0.00805439 -0.0257999 0.999635 0.525527
0.997422 -0.0702372 -0.014707 38.0814 0.0706233 0.997121 0.027617 78.6667 0.0127249 -0.0285844 0.99951 0.551117
0.997206 -0.0721389 -0.0194115 38.8278 0.0726846 0.996932 0.0290531 78.7196 0.0172561 -0.0303829 0.999389 0.573226
0.997032 -0.0743261 -0.0200763 39.6837 0.07486 0.99682 0.0272959 78.7812 0.0179837 -0.0287178 0.999426 0.605154
0.996863 -0.0765604 -0.0200748 40.5149 0.0770962 0.996646 0.0274345 78.8497 0.0179071 -0.0288961 0.999422 0.621277
0.996753 -0.0784023 -0.0183715 41.3107 0.0788693 0.996539 0.0262434 78.921 0.0162504 -0.0276071 0.999487 0.632625
0.996611 -0.080305 -0.0178399 42.145 0.0807727 0.99636 0.0272584 78.9848 0.015586 -0.028607 0.999469 0.650491
0.996659 -0.0806037 -0.013196 43.0067 0.080908 0.996422 0.0244296 79.0944 0.0111796 -0.0254156 0.999614 0.679856
0.996594 -0.0820484 -0.00828626 43.8343 0.0822232 0.996335 0.0235822 79.1411 0.00632101 -0.0241832 0.999688 0.69474
0.996646 -0.0816352 -0.00573454 44.674 0.081749 0.996372 0.0236769 79.213 0.00378086 -0.0240663 0.999703 0.718566
0.996812 -0.0795459 -0.00611476 45.5372 0.0796743 0.996511 0.0248562 79.2942 0.00411622 -0.0252641 0.999672 0.715854
0.996949 -0.0777862 -0.00645236 46.3995 0.0779258 0.996638 0.0253173 79.3622 0.00446133 -0.0257428 0.999659 0.741588
0.997067 -0.0760877 -0.00823972 47.2742 0.0762638 0.996806 0.0237173 79.4307 0.00640881 -0.0242761 0.999685 0.735013
0.997111 -0.0753224 -0.00979683 48.141 0.0755213 0.996905 0.0218181 79.4895 0.00812312 -0.022495 0.999714 0.77055
0.997252 -0.0733102 -0.0106713 49.0426 0.07353 0.997052 0.0219206 79.5443 0.0090328 -0.022645 0.999703 0.77404
0.997463 -0.0706394 -0.00886487 49.8877 0.0708052 0.997289 0.0200456 79.6292 0.00742483 -0.0206224 0.99976 0.768583
0.997531 -0.0699847 -0.0058686 50.7411 0.0700735 0.997403 0.0166191 79.7025 0.00469028 -0.0169893 0.999845 0.781074
0.997541 -0.0698113 -0.00611183 51.6672 0.0699199 0.997355 0.019864 79.7648 0.00470893 -0.0202425 0.999784 0.822392
0.997575 -0.0690782 -0.00851372 52.5281 0.0692448 0.997376 0.0211467 79.827 0.0070306 -0.021685 0.99974 0.816949
0.997596 -0.0677298 -0.0146343 53.354 0.0680958 0.997336 0.0261481 79.8939 0.0128243 -0.0270818 0.999551 0.84315
0.997607 -0.0663752 -0.0193619 54.1993 0.0668321 0.997476 0.0239961 79.987 0.0177202 -0.0252327 0.999525 0.871132
0.997547 -0.0648188 -0.0264286 55.0259 0.0655026 0.997517 0.0258857 80.0781 0.0246851 -0.0275534 0.999315 0.881726
0.997595 -0.0643902 -0.0256422 55.9593 0.0650463 0.997553 0.0256304 80.1086 0.0239291 -0.0272367 0.999343 0.938339
0.997714 -0.0644207 -0.0204059 56.8039 0.064987 0.997481 0.0284225 80.1537 0.0185235 -0.0296836 0.999388 0.98519
0.997828 -0.0645628 -0.0130578 57.6035 0.0649293 0.997441 0.0299177 80.2025 0.0110928 -0.0307006 0.999467 1.00812
0.997803 -0.0660169 -0.00557059 58.4875 0.066111 0.997634 0.0188639 80.2685 0.00431207 -0.0191907 0.999807 0.987094
0.99759 -0.0691489 -0.0056754 59.3683 0.0692658 0.99731 0.0239632 80.3172 0.00400311 -0.0242986 0.999697 1.06053
0.997471 -0.0705862 -0.0082664 60.1831 0.0707467 0.997272 0.0210773 80.3662 0.00675608 -0.0216088 0.999744 1.12067
0.997278 -0.0731337 -0.00938488 60.9807 0.0733088 0.99711 0.0199132 80.4291 0.00790143 -0.020547 0.999758 1.1132
0.997042 -0.0759191 -0.0119662 61.7906 0.0761502 0.996891 0.0202132 80.4836 0.0103944 -0.0210647 0.999724 1.14071
0.996763 -0.0788246 -0.0157919 62.6451 0.0791998 0.996552 0.0247397 80.5524 0.0137874 -0.0259103 0.999569 1.17691
0.996415 -0.0826169 -0.018208 63.4816 0.082996 0.996325 0.0211523 80.6577 0.0163936 -0.0225876 0.99961 1.18333
0.996007 -0.0863995 -0.0224766 64.2786 0.086931 0.995929 0.0238502 80.6904 0.0203244 -0.0257089 0.999463 1.23332
0.995733 -0.089059 -0.0241858 65.0821 0.0897042 0.995601 0.0270448 80.785 0.0216708 -0.0290989 0.999342 1.24373
0.995468 -0.0924031 -0.0224633 65.8708 0.0930963 0.995141 0.0320677 80.8946 0.019391 -0.0340136 0.999233 1.26414
0.995197 -0.0965034 -0.0164368 66.6833 0.0969338 0.994903 0.0277842 80.9937 0.0136717 -0.029244 0.999479 1.2487
0.994875 -0.100312 -0.0126771 67.4958 0.100644 0.994499 0.0290381 81.0511 0.00969451 -0.0301651 0.999498 1.26698
0.994403 -0.105343 -0.00812219 68.2821 0.105545 0.993941 0.0306964 81.1603 0.00483931 -0.0313818 0.999496 1.30631
0.993613 -0.112576 -0.00770311 69.0588 0.112771 0.99307 0.0330979 81.2486 0.0039237 -0.0337552 0.999422 1.33808
0.993048 -0.117648 -0.00380768 69.8198 0.11771 0.992552 0.0313991 81.3557 8.52689e-05 -0.031629 0.9995 1.34949
0.992197 -0.124646 -0.00286331 70.6528 0.124676 0.991749 0.0298336 81.4649 -0.000878969 -0.0299578 0.999551 1.35598
0.991514 -0.129949 -0.00365842 71.4044 0.13 0.991071 0.0296222 81.5686 -0.000223616 -0.0298464 0.999554 1.35842
0.990701 -0.135809 -0.00825735 72.1723 0.136019 0.990057 0.0358649 81.6703 0.00330448 -0.0366546 0.999323 1.38894
0.989847 -0.141742 -0.0106106 72.9408 0.142 0.989418 0.0298153 81.8159 0.0062722 -0.0310193 0.999499 1.39799
0.989124 -0.146577 -0.0122362 73.7045 0.146897 0.988651 0.031486 81.9159 0.00748223 -0.0329411 0.999429 1.41774
0.988446 -0.151442 -0.0063408 74.4517 0.151562 0.988045 0.028232 82.0549 0.00198948 -0.0288669 0.999581 1.41784
0.987445 -0.157892 -0.0047199 75.1882 0.157957 0.986721 0.0378339 82.1865 -0.00131645 -0.0381044 0.999273 1.44943
0.986346 -0.164678 -0.00191383 76.0166 0.164659 0.985877 0.030553 82.3381 -0.0031446 -0.0304509 0.999531 1.45136
0.985076 -0.172032 -0.00551403 76.7291 0.17212 0.984493 0.0338992 82.4669 -0.000403212 -0.0343423 0.99941 1.46902
0.983475 -0.180563 -0.0132276 77.5333 0.180925 0.982865 0.0352392 82.6076 0.00663802 -0.0370501 0.999291 1.50474
0.9818 -0.18925 -0.0159214 78.1648 0.189701 0.981236 0.0344816 82.7164 0.00909704 -0.0368743 0.999279 1.49256
0.979766 -0.199741 -0.0127684 78.9275 0.20006 0.979238 0.0326967 82.8519 0.00597243 -0.0345895 0.999384 1.54153
0.977286 -0.211809 -0.00694704 79.7331 0.211923 0.976722 0.0332007 83.0626 -0.000246882 -0.0339188 0.999425 1.55648
0.974806 -0.223053 -0.00022658 80.4089 0.22293 0.974235 0.034184 83.2144 -0.00740408 -0.0333733 0.999416 1.55898
0.972338 -0.233523 0.00500266 81.1022 0.233243 0.971871 0.0326315 83.4024 -0.0124821 -0.030562 0.999455 1.58468
0.969467 -0.245208 -0.0026494 81.8294 0.245114 0.968663 0.0401352 83.5672 -0.0072751 -0.0395592 0.999191 1.60396
0.966375 -0.25681 -0.0129325 82.562 0.257126 0.965552 0.0399379 83.779 0.00223053 -0.0419203 0.999118 1.59344
0.963124 -0.268572 -0.0161552 83.2895 0.268978 0.962558 0.0336582 84.0093 0.00651064 -0.0367625 0.999303 1.5919
0.959541 -0.281178 -0.0148448 83.982 0.281549 0.958777 0.0384207 84.1951 0.00342978 -0.0410457 0.999151 1.61082
0.956273 -0.292398 -0.00671558 84.641 0.292435 0.95551 0.0384884 84.395 -0.00483713 -0.0387693 0.999236 1.62894
0.95234 -0.305036 -0.000647174 85.4057 0.304841 0.95165 0.0378762 84.6622 -0.0109377 -0.0362683 0.999282 1.6586
0.948379 -0.317135 -0.00145333 86.1073 0.316978 0.947745 0.0361298 84.883 -0.0100806 -0.0347254 0.999346 1.66563
0.944219 -0.329252 -0.0065637 86.8188 0.329279 0.943621 0.0339743 85.1235 -0.00499245 -0.0342405 0.999401 1.65487
0.941107 -0.337854 -0.0131483 87.5327 0.338106 0.940569 0.0318547 85.377 0.00160468 -0.0344242 0.999406 1.65502
0.938465 -0.344876 -0.0185568 88.214 0.345295 0.938048 0.0289382 85.6677 0.00742706 -0.0335651 0.999409 1.65579
0.935649 -0.352294 -0.0212159 88.9321 0.352806 0.93523 0.0295478 85.9053 0.00943219 -0.0351315 0.999338 1.68173
0.932747 -0.359802 -0.0229385 89.6199 0.360406 0.932216 0.0328886 86.1979 0.00955026 -0.0389439 0.999196 1.67905
0.929796 -0.367546 -0.019706 90.3132 0.367996 0.92937 0.0291543 86.487 0.00759859 -0.0343592 0.999381 1.67921
0.92671 -0.375608 -0.0112499 91.0442 0.375775 0.926367 0.0252564 86.7888 0.000935024 -0.0276328 0.999618 1.68672
0.924053 -0.382213 -0.00626214 91.6477 0.382217 0.923554 0.0309637 87.0196 -0.00605131 -0.0310056 0.999501 1.68593
0.921273 -0.388914 -0.00108929 92.4286 0.38867 0.920589 0.0381111 87.3859 -0.0138192 -0.0355341 0.999273 1.72873
0.919049 -0.394096 -0.00612044 93.1449 0.39396 0.918039 0.0447183 87.6919 -0.0120045 -0.0435096 0.998981 1.71794
0.916589 -0.399604 -0.0134712 93.8162 0.39982 0.915803 0.0380605 88.036 -0.00287214 -0.0402719 0.999185 1.68716
0.91446 -0.404229 -0.0190226 94.4821 0.404652 0.91391 0.0320223 88.3237 0.00444057 -0.0369807 0.999306 1.71794
0.912775 -0.407936 -0.0207276 95.2069 0.408435 0.912124 0.0347914 88.6198 0.00471349 -0.0402226 0.99918 1.71829
0.91106 -0.411923 -0.0170052 95.9325 0.412273 0.910226 0.0389693 89.0172 -0.000573761 -0.0425142 0.999096 1.73101
0.908526 -0.417587 -0.0141915 96.6348 0.417793 0.907488 0.0437467 89.3156 -0.00538945 -0.0456741 0.998942 1.7551
0.905767 -0.423544 -0.0140174 97.3587 0.42376 0.904951 0.0386246 89.6647 -0.00367409 -0.0409249 0.999155 1.78615
0.90378 -0.427427 -0.0220862 98.0326 0.427988 0.902898 0.040013 89.9643 0.00283899 -0.0456156 0.998955 1.77195
0.901258 -0.432289 -0.0293089 98.7029 0.433188 0.900407 0.0401844 90.3431 0.00901861 -0.0489128 0.998762 1.78399
0.898808 -0.437105 -0.0329268 99.429 0.438212 0.897838 0.0430921 90.6666 0.0107272 -0.0531604 0.998528 1.80892
0.897159 -0.440878 -0.0270514 100.14 0.44166 0.896277 0.0402995 91.0242 0.00647836 -0.0481026 0.998821 1.82618
0.895518 -0.444378 -0.024 100.791 0.445009 0.894652 0.0395513 91.3839 0.00389592 -0.0460991 0.998929 1.83736
0.893093 -0.449049 -0.0271933 101.437 0.449853 0.891972 0.0449172 91.7332 0.00408564 -0.0523482 0.998621 1.86391
0.890849 -0.453422 -0.0282046 102.137 0.454277 0.889697 0.0455234 92.0835 0.00445217 -0.0533672 0.998565 1.88113
0.888367 -0.458251 -0.0284564 102.879 0.459112 0.887224 0.0452761 92.466 0.00449931 -0.0532865 0.998569 1.90255
0.886405 -0.462175 -0.0260978 103.458 0.462897 0.885412 0.0420924 92.7811 0.00365322 -0.0493915 0.998773 1.91206
0.884176 -0.466338 -0.0275948 104.155 0.467141 0.883048 0.0447879 93.1843 0.00348127 -0.052491 0.998615 1.92608
0.88186 -0.470613 -0.0290864 104.839 0.471501 0.880569 0.0478104 93.53 0.00311237 -0.0558763 0.998433 1.94811
0.879915 -0.474102 -0.0312558 105.429 0.475074 0.878924 0.0423931 93.8413 0.00737279 -0.0521511 0.998612 1.94669
0.877052 -0.479211 -0.0337208 106.04 0.48026 0.876311 0.0378158 94.2103 0.0114281 -0.0493612 0.998716 1.96645
0.874778 -0.483199 -0.0358195 106.74 0.484336 0.874109 0.0367716 94.6004 0.0135422 -0.0495156 0.998682 1.99528
0.873028 -0.486442 -0.0345989 107.395 0.487565 0.872117 0.041144 94.9843 0.0101601 -0.052789 0.998554 2.01351
0.871671 -0.489394 -0.026125 108.013 0.490083 0.870723 0.040745 95.3545 0.00280724 -0.0483196 0.998828 2.01369
0.870514 -0.491776 -0.0189886 108.633 0.492094 0.869239 0.0476072 95.6628 -0.00690647 -0.0507869 0.998686 2.04919
0.868679 -0.495195 -0.0133478 109.288 0.49524 0.867498 0.0467424 96.04 -0.0115674 -0.0472146 0.998818 2.06134
0.867108 -0.498005 -0.0106819 109.908 0.497957 0.866077 0.0441487 96.3737 -0.0127349 -0.0436008 0.998968 2.08434
0.86545 -0.500848 -0.0121898 110.485 0.500914 0.864614 0.0390869 96.738 -0.00903708 -0.0399338 0.999161 2.07617
0.863799 -0.503606 -0.0152469 111.022 0.503805 0.863012 0.0372777 97.0589 -0.00561503 -0.0398819 0.999189 2.0825
0.862344 -0.506054 -0.0164701 111.581 0.506304 0.861583 0.0364692 97.3767 -0.00426499 -0.0397879 0.999199 2.08408
0.861171 -0.508127 -0.0138327 112.121 0.508295 0.860575 0.0323503 97.6832 -0.00453401 -0.0348902 0.999381 2.09761
0.860072 -0.509994 -0.013499 112.608 0.510148 0.859469 0.0325787 97.9813 -0.00501295 -0.0349065 0.999378 2.09369
0.858414 -0.512859 -0.0100534 113.173 0.512907 0.85789 0.0308421 98.3154 -0.00719294 -0.0316317 0.999474 2.10224
0.857304 -0.514699 -0.0107544 113.621 0.514761 0.85674 0.0319084 98.5845 -0.00720953 -0.0328911 0.999433 2.11093
0.855511 -0.517672 -0.0107788 114.086 0.51773 0.854933 0.0323311 98.8957 -0.00752179 -0.0332401 0.999419 2.12532
0.854842 -0.518792 -0.00996029 114.495 0.518844 0.854366 0.02932 99.1097 -0.00670123 -0.0302318 0.99952 2.13436
0.853583 -0.520775 -0.013741 114.903 0.520941 0.853062 0.0300978 99.3976 -0.00395229 -0.0328492 0.999453 2.14299
0.852613 -0.522269 -0.0168856 115.335 0.522541 0.852108 0.0293663 99.6231 -0.000948738 -0.0338615 0.999426 2.16282
0.849914 -0.52659 -0.0187012 115.71 0.526919 0.849491 0.026866 99.8921 0.0017391 -0.0326878 0.999464 2.1628
0.847136 -0.53112 -0.0165182 116.092 0.531374 0.846825 0.0230242 100.131 0.00175938 -0.028282 0.999598 2.17376
0.844129 -0.535914 -0.0155766 116.453 0.536139 0.843819 0.0229019 100.344 0.000870417 -0.0276834 0.999616 2.1839
0.84083 -0.541084 -0.0152489 116.786 0.541298 0.840464 0.024844 100.557 -0.000626525 -0.0291438 0.999575 2.17733
0.837454 -0.546361 -0.0126685 117.085 0.546473 0.836914 0.0306912 100.77 -0.00616605 -0.0326255 0.999449 2.19797
0.832971 -0.553253 -0.00838381 117.422 0.553159 0.832278 0.0364497 101.031 -0.0131882 -0.0349991 0.9993 2.19609
0.829112 -0.559051 -0.00591859 117.69 0.558831 0.828376 0.0387507 101.148 -0.0167608 -0.0354362 0.999231 2.19661
0.823689 -0.567039 -0.00153165 117.924 0.566732 0.823148 0.035249 101.402 -0.0187268 -0.0299022 0.999377 2.20525
0.817369 -0.576113 -0.0010385 118.159 0.575835 0.816917 0.032572 101.553 -0.0179168 -0.0272214 0.999469 2.20583
0.808707 -0.588207 0.00239968 118.4 0.587864 0.808362 0.0310978 101.718 -0.0202318 -0.0237383 0.999513 2.2166
0.799049 -0.601254 0.00384689 118.609 0.600854 0.798722 0.0318827 101.879 -0.0222422 -0.0231644 0.999484 2.21823
0.787681 -0.616079 0.00209458 118.815 0.615688 0.787293 0.0331312 102.053 -0.0220605 -0.0248073 0.999449 2.22187
0.774135 -0.63302 -0.000483853 119.001 0.632706 0.773727 0.0320836 102.25 -0.0199352 -0.0251432 0.999485 2.22906
0.759787 -0.650149 -0.00548357 119.189 0.65 0.759365 0.0294189 102.388 -0.0149626 -0.0259164 0.999552 2.22466
0.745069 -0.666921 -0.00939702 119.326 0.666905 0.74468 0.026272 102.558 -0.0105236 -0.0258413 0.999611 2.23578
0.730234 -0.683018 -0.0156211 119.451 0.683169 0.729808 0.0256988 102.708 -0.00615238 -0.029438 0.999548 2.22984
0.715614 -0.698156 -0.0217763 119.565 0.69848 0.715036 0.0291528 102.872 -0.00478234 -0.0360725 0.999338 2.21243
0.698914 -0.714798 -0.0241447 119.687 0.715187 0.698249 0.0309198 103.034 -0.00524244 -0.0388782 0.99923 2.19619
0.680705 -0.732225 -0.0220674 119.864 0.732526 0.68009 0.0297156 103.207 -0.00675072 -0.0363925 0.999315 2.2192
0.661337 -0.749822 -0.0200154 119.958 0.750049 0.660791 0.0279693 103.386 -0.00774597 -0.0335096 0.999408 2.21066
0.639938 -0.768198 -0.0187404 120.115 0.768353 0.639351 0.0293979 103.528 -0.0106017 -0.0332121 0.999392 2.2181
0.617006 -0.78672 -0.0193677 120.19 0.786819 0.616248 0.0339763 103.727 -0.0147945 -0.0362024 0.999235 2.19672
0.592817 -0.80508 -0.0203521 120.323 0.805125 0.591891 0.0379167 103.905 -0.0184798 -0.0388636 0.999074 2.20296
0.568938 -0.822115 -0.0209084 120.448 0.822094 0.567884 0.0408599 104.11 -0.021718 -0.0404354 0.998946 2.20385
0.543261 -0.839225 -0.0238699 120.529 0.839234 0.542029 0.0434901 104.286 -0.0235597 -0.0436589 0.998769 2.20373
0.517662 -0.855179 -0.0263569 120.599 0.855148 0.516167 0.0478958 104.481 -0.027355 -0.0473329 0.998505 2.1915
0.490692 -0.870895 -0.0276211 120.658 0.870786 0.489014 0.0509602 104.663 -0.0308738 -0.0490578 0.998319 2.18688
0.461684 -0.886613 -0.0276807 120.771 0.886451 0.460009 0.0509454 104.889 -0.0324355 -0.0480582 0.998318 2.20378
0.4305 -0.902084 -0.0302338 120.844 0.902096 0.428914 0.0474996 105.078 -0.029881 -0.0477223 0.998414 2.20887
0.395893 -0.917728 -0.0323067 120.915 0.917894 0.394433 0.0435087 105.334 -0.0271864 -0.0468789 0.998531 2.20474
0.358286 -0.932992 -0.0340255 120.999 0.933259 0.35691 0.04054 105.553 -0.0256795 -0.0462795 0.998598 2.19875
0.317537 -0.947625 -0.0342937 121.027 0.947873 0.316192 0.039485 105.863 -0.0265736 -0.0450441 0.998632 2.19445
0.274282 -0.961031 -0.0344809 121.118 0.961274 0.272997 0.0377406 106.123 -0.0268567 -0.0434972 0.998693 2.17852
0.228631 -0.972885 -0.0349585 121.147 0.973175 0.227458 0.0345479 106.369 -0.0256596 -0.0419195 0.998791 2.18303
0.179719 -0.983097 -0.0349461 121.188 0.983384 0.178618 0.0324246 106.786 -0.0256345 -0.0401927 0.998863 2.16238
0.129587 -0.990951 -0.0349803 121.183 0.991206 0.128506 0.0315752 107.093 -0.0267943 -0.0387644 0.998889 2.15215
0.0789694 -0.996283 -0.0344186 121.202 0.99644 0.077865 0.0323268 107.392 -0.0295266 -0.0368489 0.998885 2.13871
0.0261026 -0.999138 -0.0322659 121.242 0.999112 0.025007 0.033905 107.814 -0.0330689 -0.0331222 0.998904 2.12471
-0.0268849 -0.999186 -0.0300659 121.155 0.99899 -0.0279382 0.0351803 108.13 -0.0359917 -0.0290897 0.998929 2.11774
-0.0813148 -0.996318 -0.0271817 121.107 0.995935 -0.0822835 0.0366532 108.581 -0.0387549 -0.0240907 0.998958 2.10264
-0.13391 -0.990665 -0.0255126 121.053 0.990118 -0.13483 0.0385774 108.955 -0.0416572 -0.0200946 0.99893 2.08239
-0.184889 -0.982459 -0.0243008 120.929 0.981802 -0.185744 0.0395509 109.31 -0.0433708 -0.0165461 0.998922 2.06682
-0.235265 -0.971679 -0.0221249 120.824 0.970901 -0.236003 0.0406768 109.759 -0.0447464 -0.0119112 0.998927 2.04478
-0.284266 -0.958559 -0.0189178 120.673 0.957679 -0.284825 0.0415375 110.225 -0.0452044 -0.00630946 0.998958 2.032
-0.329831 -0.943914 -0.0153971 120.482 0.942956 -0.33019 0.0425221 110.599 -0.0452212 -0.00049366 0.998977 2.02007
-0.375989 -0.926536 -0.012758 120.269 0.925526 -0.376178 0.0434929 111.11 -0.0450971 0.00454495 0.998972 1.99304
-0.417277 -0.908727 -0.0098121 120.052 0.907643 -0.41727 0.045498 111.52 -0.0454395 0.0100794 0.998916 1.97158
-0.457211 -0.889314 -0.008827 119.809 0.888223 -0.457106 0.0459858 112.018 -0.0449308 0.0131849 0.998903 1.95824
-0.491196 -0.871005 -0.00877377 119.534 0.869902 -0.491041 0.0463682 112.419 -0.0446952 0.0151436 0.998886 1.92412
-0.519227 -0.854584 -0.00948899 119.246 0.853497 -0.519076 0.0458655 112.831 -0.0441214 0.0157158 0.998903 1.90638
-0.543107 -0.839592 -0.0109302 118.901 0.83853 -0.543004 0.0448754 113.401 -0.0436122 0.0152068 0.998933 1.88341
-0.560651 -0.827956 -0.0126286 118.547 0.826968 -0.560632 0.0426038 113.882 -0.0423541 0.0134424 0.999012 1.87417
-0.574954 -0.818087 -0.0126914 118.196 0.817079 -0.574914 0.0430845 114.386 -0.0425433 0.0144017 0.998991 1.84329
