1 0 0 0 0 1 0 0 -0 0 1 0
0.999999 0.000818655 0.000966569 0.80523 -0.000821108 0.999996 0.00254015 0.0127816 -0.000964486 -0.00254094 0.999996 0.0546459
0.999999 0.000919461 0.0010495 1.57464 -0.000925329 0.999984 0.00560498 0.000857391 -0.00104433 -0.00560595 0.999984 0.0572276
0.999998 0.00176615 0.00122269 2.31353 -0.0017746 0.999974 0.00694952 0.0318838 -0.00121039 -0.00695167 0.999975 0.0796489
0.999998 0.00188077 0.000823172 3.04028 -0.0018876 0.999963 0.00837301 0.027506 -0.000807394 -0.00837454 0.999965 0.0849651
0.999998 0.0020311 0.000791459 3.76044 -0.00203781 0.999961 0.00857191 0.0348084 -0.000774018 -0.00857351 0.999963 0.0992892
0.999996 0.00236918 0.00165975 4.44322 -0.00238382 0.999958 0.00887558 0.0335716 -0.00163865 -0.0088795 0.999959 0.123537
0.999987 0.0027954 0.00437848 5.13251 -0.00283904 0.999946 0.00999395 0.042436 -0.0043503 -0.0100062 0.99994 0.131166
0.999957 0.00405553 0.00833875 5.79096 -0.00413382 0.999947 0.00939313 0.0368413 -0.00830021 -0.00942719 0.999921 0.137158
0.999915 0.00534149 0.0119143 6.4328 -0.00544716 0.999946 0.008855 0.0466688 -0.0118664 -0.00891914 0.99989 0.149286
0.99988 0.006403 0.0140777 7.04021 -0.00652315 0.999943 0.00850559 0.0218184 -0.0140224 -0.0085964 0.999865 0.154473
0.999872 0.00793013 0.0138715 7.61846 -0.00804904 0.999931 0.00853727 0.0358061 -0.0138028 -0.00864783 0.999867 0.159265
0.999891 0.00875502 0.0119278 8.16334 -0.00886986 0.999914 0.0096097 0.0381835 -0.0118427 -0.00971444 0.999883 0.170636
0.999911 0.00975724 0.00912514 8.69456 -0.00984225 0.999908 0.00931757 0.0212952 -0.00903338 -0.00940655 0.999915 0.170401
0.999908 0.0113261 0.00747316 9.18446 -0.0113844 0.999905 0.00780531 0.0301034 -0.00738405 -0.00788967 0.999942 0.173484
0.999892 0.0136869 0.00541541 9.66976 -0.013713 0.999894 0.0048103 -0.00250829 -0.005349 -0.00488404 0.999974 0.194156
0.99987 0.0155328 0.00425899 10.1042 -0.0155441 0.999876 0.00264012 0.00457028 -0.00421746 -0.00270598 0.999987 0.220835
0.999845 0.0174548 0.00243458 10.5018 -0.0174704 0.999826 0.00655699 -0.00887639 -0.00231971 -0.0065985 0.999976 0.2069
0.999788 0.0205371 0.00161443 10.9046 -0.0205524 0.999737 0.0101483 0.00780814 -0.00140559 -0.0101794 0.999947 0.204097
0.999719 0.0235747 0.0025244 11.2524 -0.0236015 0.999659 0.0112034 -0.0110172 -0.00225942 -0.0112598 0.999934 0.199958
0.999629 0.0270498 0.00309249 11.569 -0.0270712 0.999608 0.00712546 -0.0325226 -0.00289854 -0.00720654 0.99997 0.214431
0.99956 0.0295558 0.00266839 11.846 -0.0295629 0.999559 0.00266271 -0.0387453 -0.00258851 -0.00274042 0.999993 0.234687
0.999483 0.0319024 0.00401046 12.1112 -0.0318985 0.999491 -0.00102727 -0.0449527 -0.00404119 0.000898814 0.999991 0.235798
0.999403 0.0341604 0.00522138 12.3375 -0.0341506 0.999415 -0.00195778 -0.0709423 -0.0052852 0.0017783 0.999984 0.23998
0.999326 0.0364666 0.00427909 12.5437 -0.0364636 0.999335 -0.000786396 -0.0548623 -0.00430492 0.000629835 0.999991 0.241267
0.999243 0.0387971 0.00301194 12.7161 -0.0387979 0.999247 0.000209014 -0.0628621 -0.00300156 -0.000325712 0.999995 0.249504
0.999157 0.0409755 0.00234033 12.9086 -0.0409812 0.999157 0.00245372 -0.0827422 -0.00223782 -0.00254756 0.999994 0.254603
0.999083 0.0427701 0.00205058 13.0756 -0.0427796 0.999073 0.00488455 -0.0789509 -0.00183977 -0.00496779 0.999986 0.255246
0.999029 0.0440541 0.000585184 13.2104 -0.0440568 0.999011 0.00598957 -0.0721693 -0.000320741 -0.00600953 0.999982 0.253666
0.998944 0.0459204 -0.0012338 13.3772 -0.0459131 0.998931 0.00542999 -0.0903535 0.00148183 -0.00536761 0.999984 0.261921
0.998872 0.0474053 -0.00272138 13.5189 -0.0473941 0.998868 0.00404179 -0.105315 0.0029099 -0.00390825 0.999988 0.265238
0.998825 0.0483168 -0.00371252 13.6605 -0.0483038 0.998826 0.00353025 -0.1205 0.00387874 -0.00334677 0.999987 0.268737
0.99873 0.050136 -0.00490673 13.7829 -0.050117 0.998736 0.00391689 -0.119484 0.0050969 -0.00366601 0.99998 0.26739
0.998651 0.0514567 -0.00695446 13.9176 -0.051426 0.998667 0.00452251 -0.129771 0.0071779 -0.00415877 0.999966 0.264739
0.99859 0.0523572 -0.00881507 14.0262 -0.0523149 0.998618 0.00496112 -0.144637 0.00906264 -0.00449296 0.999949 0.26468
0.998526 0.0531215 -0.011139 14.1504 -0.053081 0.998583 0.00390439 -0.140998 0.0113307 -0.00330736 0.99993 0.268201
0.998533 0.0525855 -0.0129308 14.2886 -0.0525497 0.998614 0.00309545 -0.158087 0.0130757 -0.0024114 0.999912 0.271268
0.998611 0.0507486 -0.0141813 14.4004 -0.0507169 0.99871 0.00258465 -0.150746 0.0142941 -0.00186183 0.999896 0.268511
0.99874 0.047761 -0.0153804 14.5399 -0.0477288 0.998857 0.00245237 -0.129697 0.0154799 -0.00171519 0.999879 0.272057
0.998912 0.0436453 -0.0164167 14.6652 -0.0435983 0.999044 0.00321237 -0.15833 0.0165412 -0.00249313 0.99986 0.273168
0.999119 0.0382285 -0.0173381 14.7822 -0.0381768 0.999266 0.00330089 -0.147903 0.0174515 -0.00263607 0.999844 0.270527
0.999336 0.0315732 -0.0181982 14.9167 -0.0315181 0.999498 0.00330401 -0.159757 0.0182934 -0.00272824 0.999829 0.281431
0.99952 0.0244965 -0.018952 15.0523 -0.0244353 0.999695 0.00345135 -0.155258 0.0190308 -0.0029866 0.999814 0.285695
0.999657 0.0165816 -0.0202782 15.1769 -0.0165187 0.999858 0.00326668 -0.156626 0.0203295 -0.00293059 0.999789 0.282458
0.999748 0.00621182 -0.0215818 15.3098 -0.00616016 0.999978 0.00245911 -0.17192 0.0215966 -0.00232554 0.999764 0.284505
0.999709 -0.00644588 -0.0232311 15.4727 0.00646797 0.999979 0.000875792 -0.148446 0.0232249 -0.0010258 0.99973 0.293294
0.999432 -0.0223314 -0.0252251 15.6061 0.0223444 0.99975 0.000233044 -0.120877 0.0252136 -0.000796551 0.999682 0.297301
0.998766 -0.0419076 -0.026647 15.786 0.0419319 0.99912 0.000352883 -0.128035 0.0266087 -0.0014698 0.999645 0.302566
0.997631 -0.0634004 -0.0266848 15.9871 0.0634471 0.997985 0.000906351 -0.0797673 0.0265735 -0.00259728 0.999643 0.303737
0.995869 -0.0872369 -0.0251981 16.1785 0.0873018 0.996181 0.00148768 -0.0603044 0.0249721 -0.00368138 0.999681 0.310066
0.993252 -0.113404 -0.0242938 16.4217 0.113487 0.993537 0.00206284 -0.00390706 0.0239029 -0.00480596 0.999703 0.31758
0.989368 -0.143639 -0.0227579 16.6366 0.143743 0.98961 0.0030114 0.04413 0.0220889 -0.00625068 0.999736 0.324556
0.984125 -0.176358 -0.0199191 16.9196 0.176452 0.984304 0.00306574 0.101316 0.0190658 -0.00653184 0.999797 0.330839
0.976913 -0.212982 -0.0167174 17.1751 0.213071 0.97703 0.00370138 0.172918 0.0155451 -0.00717792 0.999853 0.340135
0.96738 -0.253041 -0.0120954 17.4063 0.253112 0.967425 0.00475639 0.254525 0.0104978 -0.00766273 0.999916 0.361518
0.955767 -0.293968 -0.009576 17.7036 0.294052 0.955747 0.0089691 0.395183 0.0065156 -0.0113882 0.999914 0.352734
0.941714 -0.336342 -0.00696953 17.9836 0.336405 0.941636 0.0124058 0.51948 0.00239017 -0.0140273 0.999899 0.363627
0.92537 -0.379052 -0.0031974 18.248 0.379057 0.925261 0.0143945 0.65494 -0.00249782 -0.0145322 0.999891 0.363043
0.906235 -0.422766 0.00280225 18.5758 0.42266 0.906124 0.0172609 0.837664 -0.00983649 -0.014458 0.999847 0.369735
0.884605 -0.466294 0.00663905 18.9064 0.466077 0.884493 0.0210656 1.00913 -0.015695 -0.0155404 0.999756 0.367136
0.860058 -0.510136 0.00780965 19.1329 0.509815 0.859906 0.0254897 1.2248 -0.0197188 -0.0179411 0.999645 0.362078
0.832453 -0.554037 0.00807432 19.4605 0.553626 0.832259 0.0290508 1.45773 -0.0228151 -0.0197132 0.999545 0.369445
0.801984 -0.597317 0.00578393 19.7222 0.596867 0.801692 0.0322516 1.69118 -0.0239013 -0.022413 0.999463 0.356667
0.768767 -0.639505 0.00558499 20.0142 0.638986 0.768444 0.0345131 1.99035 -0.026363 -0.0229638 0.999389 0.354919
0.732328 -0.680931 0.00536446 20.2933 0.680299 0.731948 0.0380222 2.29263 -0.029817 -0.0241953 0.999262 0.341318
0.693655 -0.720282 0.00598515 20.5372 0.719585 0.693308 0.0390062 2.56771 -0.0322451 -0.0227501 0.999221 0.329131
0.653347 -0.75703 0.00654459 20.8435 0.756316 0.653065 0.0386225 2.93564 -0.0335124 -0.0202841 0.999232 0.320754
0.61107 -0.791525 0.0090136 21.1002 0.790806 0.610938 0.037152 3.33294 -0.0349135 -0.0155745 0.999269 0.303202
0.566662 -0.823858 0.0123467 21.3357 0.823098 0.566693 0.0370037 3.68064 -0.0374826 -0.0108061 0.999239 0.312475
0.520745 -0.853628 0.0120132 21.5791 0.852828 0.520794 0.0381726 4.14767 -0.0388416 -0.00963296 0.999199 0.284918
0.470844 -0.882157 0.0102748 21.7751 0.881401 0.470877 0.0375165 4.57132 -0.0379336 -0.00860818 0.999243 0.258709
0.419692 -0.907587 0.0119695 21.9787 0.906895 0.419843 0.0356855 5.0945 -0.037413 -0.0041218 0.999291 0.242484
0.365753 -0.930593 0.0149049 22.181 0.929947 0.366055 0.0346761 5.60558 -0.0377253 0.00117787 0.999287 0.233088
0.312201 -0.949908 0.0143022 22.3243 0.949337 0.312512 0.0330898 6.07629 -0.0359018 0.00324693 0.99935 0.23219
0.25859 -0.96589 0.0137306 22.4553 0.965171 0.258929 0.0374163 6.66443 -0.0396953 0.0035769 0.999205 0.171099
0.20709 -0.978202 0.015325 22.5546 0.977295 0.207564 0.0425605 7.24155 -0.0448137 0.00616323 0.998976 0.139917
0.159187 -0.987075 0.0185163 22.6372 0.986163 0.159864 0.0438872 7.81564 -0.04628 0.0112738 0.998865 0.145952
0.114145 -0.99328 0.019114 22.6994 0.992367 0.114902 0.0447876 8.45354 -0.0466829 0.0138558 0.998814 0.126405
0.0737267 -0.997139 0.0166575 22.73 0.996292 0.0743861 0.0432205 9.06644 -0.0443359 0.0134093 0.998927 0.10911
0.0386595 -0.999182 0.0118375 22.7353 0.998474 0.0390943 0.039016 9.73192 -0.0394469 0.0103111 0.999168 0.0835758
0.00973074 -0.999916 0.00851461 22.7297 0.999226 0.010048 0.0380437 10.3971 -0.038126 0.00813782 0.99924 0.0313987
-0.0118618 -0.999914 0.00560429 22.7133 0.99905 -0.0116161 0.0420107 11.1268 -0.041942 0.00609729 0.999101 0.00752234
-0.0249707 -0.999669 0.00622411 22.6884 0.998558 -0.0246459 0.0476979 11.8568 -0.0475287 0.00740618 0.998842 -0.0196089
-0.033146 -0.99943 0.00642833 22.6581 0.998172 -0.0327776 0.0507824 12.6163 -0.0505427 0.00809981 0.998689 -0.04242
-0.0370823 -0.99929 0.00662429 22.6161 0.99818 -0.036724 0.0478275 13.3787 -0.0475503 0.00838579 0.998834 -0.076245
-0.0368395 -0.999227 0.0137501 22.6133 0.998389 -0.0362076 0.0436777 14.1605 -0.0431461 0.015337 0.998951 -0.14396
-0.0331373 -0.999114 0.0259376 22.6057 0.998595 -0.032024 0.0422186 14.9618 -0.0413506 0.0273002 0.998772 -0.12749
-0.0272268 -0.999256 0.0273066 22.5871 0.998765 -0.0260571 0.0423117 15.789 -0.0415687 0.0284249 0.998731 -0.169217
-0.0222174 -0.999425 0.025633 22.541 0.998945 -0.0211612 0.0407637 16.6484 -0.0401979 0.0265116 0.99884 -0.254815
-0.0185798 -0.999407 0.0289885 22.5315 0.999211 -0.0175429 0.035624 17.4974 -0.0350943 0.0296275 0.998945 -0.216742
-0.0165139 -0.999498 0.0270258 22.5381 0.99957 -0.0158482 0.0246605 18.372 -0.0242198 0.0274214 0.999331 -0.230133
-0.0151292 -0.999684 0.020077 22.5067 0.999758 -0.0148037 0.0162659 19.2744 -0.0159635 0.0203182 0.999666 -0.286014
-0.0163506 -0.999764 0.0143097 22.4815 0.999783 -0.0161631 0.0131232 20.1974 -0.0128888 0.0145212 0.999811 -0.279451
-0.0197464 -0.999793 0.0048312 22.4232 0.999629 -0.019652 0.0188667 21.1553 -0.0187678 0.00520195 0.99981 -0.300456
-0.0242873 -0.999705 -0.000294695 22.3958 0.999347 -0.0242864 0.0267518 22.1129 -0.026751 0.000355224 0.999642 -0.34824
-0.0287151 -0.999585 -0.00240519 22.3353 0.998926 -0.0287835 0.0363135 23.0914 -0.0363676 -0.00135986 0.999338 -0.340884
-0.0309437 -0.999513 -0.00403549 22.3438 0.998466 -0.0310963 0.0458162 24.1158 -0.0459194 -0.00261158 0.998942 -0.399063
-0.0314579 -0.999503 -0.00200072 22.2901 0.99804 -0.0315201 0.0540692 25.1329 -0.0541054 -0.000295897 0.998535 -0.42579
-0.0337579 -0.99943 -0.000929542 22.2652 0.997873 -0.0337572 0.055759 26.1636 -0.0557586 0.000954744 0.998444 -0.454864
-0.035304 -0.999374 -0.00215338 22.2098 0.997992 -0.0353684 0.0525537 27.1632 -0.052597 -0.000293695 0.998616 -0.514463
-0.0378253 -0.999272 -0.00498946 22.1728 0.998138 -0.0380205 0.0477041 28.2188 -0.0478591 -0.00317574 0.998849 -0.561545
-0.0420286 -0.999104 -0.00502812 22.119 0.998222 -0.0422033 0.042101 29.2318 -0.0422754 -0.00324974 0.999101 -0.573627
-0.0472586 -0.998872 -0.00463242 22.063 0.998158 -0.0474004 0.0378739 30.2447 -0.0380507 -0.00283402 0.999272 -0.615035
-0.0544797 -0.998492 -0.00679646 22.0127 0.997889 -0.0546852 0.0350171 31.2922 -0.035336 -0.0048744 0.999364 -0.64571
-0.0606127 -0.998143 -0.00604138 21.9355 0.997436 -0.0607982 0.037749 32.3637 -0.0380463 -0.00373782 0.999269 -0.673918
-0.0673416 -0.997699 -0.00787328 21.865 0.996825 -0.0676144 0.0420397 33.4048 -0.0424753 -0.00501727 0.999085 -0.698456
-0.0729637 -0.997275 -0.0109013 21.7778 0.996276 -0.0733854 0.0452567 34.4802 -0.0459334 -0.00755859 0.998916 -0.749103
-0.07762 -0.996881 -0.0142733 21.6804 0.995807 -0.0782156 0.0474358 35.5183 -0.0484042 -0.0105315 0.998772 -0.78336
-0.0804416 -0.996575 -0.0191818 21.5918 0.995474 -0.0813001 0.04922 36.5958 -0.0506108 -0.0151357 0.998604 -0.815754
-0.0816328 -0.996394 -0.0231337 21.4856 0.995317 -0.0827062 0.0500318 37.6662 -0.0517647 -0.0189412 0.99848 -0.878393
-0.0834972 -0.996213 -0.0242468 21.3939 0.995154 -0.0846272 0.0500765 38.7539 -0.0519388 -0.0199481 0.998451 -0.911326
-0.0849414 -0.996084 -0.024517 21.285 0.99506 -0.0860717 0.0494712 39.8291 -0.0513877 -0.0201938 0.998475 -0.95031
-0.0856566 -0.99599 -0.025805 21.1952 0.995034 -0.0868349 0.0486534 40.8959 -0.0506991 -0.0215094 0.998482 -0.988347
-0.0867336 -0.995847 -0.0276684 21.0938 0.994965 -0.0879898 0.0479788 41.9976 -0.0502141 -0.0233677 0.998465 -1.03737
-0.0874167 -0.995666 -0.0317269 20.9675 0.994999 -0.0888143 0.0456973 43.0729 -0.048317 -0.0275736 0.998451 -1.07718
-0.0871439 -0.995498 -0.037289 20.8633 0.995241 -0.0886377 0.0404793 44.1998 -0.0436023 -0.033584 0.998484 -1.11086
-0.0866045 -0.995484 -0.0388803 20.7471 0.99532 -0.0881379 0.0396275 45.2636 -0.0428754 -0.0352664 0.998458 -1.15606
-0.0847592 -0.99561 -0.0397124 20.6591 0.99531 -0.0864643 0.0433879 46.3935 -0.0466311 -0.0358487 0.998269 -1.20437
-0.082634 -0.995799 -0.039458 20.5606 0.995305 -0.0844656 0.0472578 47.4805 -0.0503921 -0.0353677 0.998103 -1.262
-0.0815126 -0.995983 -0.0370651 20.4655 0.99541 -0.0832244 0.0472594 48.5953 -0.0501542 -0.0330427 0.998195 -1.28653
-0.0791527 -0.996186 -0.0367287 20.3689 0.99566 -0.0808129 0.0461653 49.6837 -0.0489573 -0.0329151 0.998258 -1.31906
-0.0749756 -0.996361 -0.0405315 20.266 0.995931 -0.0768576 0.047061 50.8165 -0.0500049 -0.0368382 0.998069 -1.36092
-0.0684655 -0.996615 -0.0455029 20.1633 0.996351 -0.0706345 0.0479042 51.9479 -0.0509561 -0.0420571 0.997815 -1.40932
-0.0630379 -0.9968 -0.0491454 20.0739 0.996709 -0.0653937 0.0479 53.065 -0.0509605 -0.0459642 0.997642 -1.44764
-0.0568337 -0.997125 -0.0501137 20.0201 0.99716 -0.0591771 0.0465888 54.1799 -0.0494204 -0.0473236 0.997656 -1.49517
-0.0517909 -0.997459 -0.0489165 19.9732 0.997445 -0.0540792 0.0466767 55.2953 -0.0492035 -0.0463741 0.997712 -1.5409
-0.0458012 -0.997839 -0.0471181 19.8804 0.997783 -0.0479761 0.0461134 56.4281 -0.0482743 -0.0449016 0.997824 -1.57688
-0.0404957 -0.998109 -0.0462371 19.8328 0.997984 -0.0426669 0.0469783 57.575 -0.0488623 -0.0442415 0.997825 -1.61411
-0.0349772 -0.998463 -0.0429958 19.7913 0.998108 -0.0370767 0.0490446 58.722 -0.0505633 -0.041199 0.997871 -1.65194
-0.0295707 -0.998536 -0.0452894 19.7532 0.998278 -0.0317991 0.0492991 59.8792 -0.0506671 -0.0437536 0.997757 -1.71139
-0.0238266 -0.998741 -0.0441522 19.7093 0.99843 -0.026012 0.0496038 61.0265 -0.0506898 -0.042901 0.997793 -1.7536
-0.0194731 -0.998818 -0.0445321 19.6772 0.998719 -0.0215134 0.0458054 62.1826 -0.0467093 -0.043583 0.997957 -1.7787
-0.0152077 -0.998938 -0.0434811 19.6501 0.999072 -0.0169338 0.0396091 63.339 -0.0403034 -0.0428384 0.998269 -1.79916
-0.011499 -0.998955 -0.0442387 19.6305 0.999142 -0.0132389 0.0392406 64.4772 -0.0397853 -0.0437495 0.99825 -1.83927
-0.00797668 -0.999036 -0.0431637 19.6151 0.999085 -0.00977589 0.0416341 65.6155 -0.0420159 -0.0427921 0.9982 -1.87882
-0.00607526 -0.99908 -0.0424466 19.6149 0.999103 -0.00784355 0.0416177 66.8019 -0.0419123 -0.0421557 0.998232 -1.91441
-0.00510565 -0.99899 -0.0446453 19.5944 0.999141 -0.00693202 0.0408498 67.9493 -0.041118 -0.0443984 0.998167 -1.95531
-0.00408174 -0.998949 -0.0456621 19.5863 0.999101 -0.00600044 0.0419616 69.147 -0.0421915 -0.0454497 0.998075 -1.9988
-0.00321004 -0.998938 -0.0459712 19.5763 0.999118 -0.00512866 0.0416783 70.3111 -0.0418698 -0.0457969 0.998073 -2.0262
-0.00151754 -0.998889 -0.0470924 19.5671 0.999234 -0.00335671 0.0390002 71.4753 -0.0391149 -0.0469971 0.998129 -2.05325
-0.000710186 -0.998964 -0.045493 19.5496 0.999252 -0.00246756 0.0385851 72.675 -0.0386574 -0.0454316 0.998219 -2.08697
-0.000884488 -0.999116 -0.0420273 19.5552 0.999259 -0.00250049 0.0384143 73.8097 -0.0384854 -0.0419622 0.998378 -2.11957
-0.000933173 -0.999213 -0.0396544 19.5491 0.999237 -0.00247973 0.0389697 75.0151 -0.0390374 -0.0395878 0.998453 -2.14265
-0.000771731 -0.999237 -0.0390395 19.534 0.999138 -0.00239113 0.0414515 76.1781 -0.0415132 -0.0389738 0.998378 -2.1745
-6.28317e-06 -0.99915 -0.0412259 19.5413 0.998969 -0.00187814 0.0453662 77.362 -0.045405 -0.0411831 0.998119 -2.20567
0.000872167 -0.99907 -0.0430987 19.5203 0.998957 -0.00109731 0.0456522 78.5344 -0.0456571 -0.0430935 0.998027 -2.25139
0.000867 -0.999039 -0.0438127 19.5003 0.999059 -0.00103465 0.0433628 79.7068 -0.0433664 -0.0438091 0.998098 -2.2974
0.00116893 -0.99904 -0.0437979 19.514 0.999137 -0.000651873 0.0415354 80.8722 -0.0415241 -0.0438087 0.998177 -2.32272
0.000959854 -0.999082 -0.0428281 19.5181 0.999171 -0.0007844 0.0406915 82.0944 -0.0406877 -0.0428317 0.998253 -2.34153
0.00101733 -0.99917 -0.0407292 19.5058 0.999126 -0.000686071 0.0417869 83.2381 -0.0417801 -0.0407362 0.998296 -2.3773
0.00121024 -0.999193 -0.040143 19.4939 0.999014 -0.00057302 0.0443814 84.4236 -0.0443686 -0.0401571 0.998208 -2.40819
0.00193318 -0.999201 -0.0399301 19.4979 0.998899 5.80498e-05 0.0469082 85.5941 -0.0468684 -0.0399768 0.998101 -2.44856
0.00217429 -0.999135 -0.041526 19.4884 0.99887 0.00019809 0.0475344 86.7381 -0.047485 -0.0415824 0.998006 -2.48946
0.00245414 -0.999159 -0.0409396 19.4793 0.99898 0.000603442 0.0451567 87.9601 -0.045094 -0.0410087 0.998141 -2.52264
0.00231078 -0.999207 -0.0397485 19.4694 0.999038 0.000565754 0.0438571 89.0825 -0.0437999 -0.0398116 0.998247 -2.5557
0.00255272 -0.999264 -0.0382718 19.4766 0.998996 0.000836411 0.0447944 90.2234 -0.0447294 -0.0383478 0.998263 -2.58503
0.00293549 -0.99935 -0.0359176 19.4865 0.998873 0.00122885 0.0474455 91.3974 -0.0473705 -0.0360164 0.998228 -2.62841
0.00279782 -0.999409 -0.0342604 19.4875 0.998738 0.00107446 0.0502172 92.5606 -0.0501507 -0.0343577 0.998151 -2.65705
0.00315927 -0.999393 -0.0346928 19.479 0.998645 0.0013511 0.0520199 93.7389 -0.0519415 -0.0348101 0.998043 -2.70195
0.00414234 -0.999311 -0.0368753 19.4739 0.998569 0.00216778 0.0534268 94.9071 -0.0533101 -0.0370439 0.997891 -2.76543
0.00434312 -0.999222 -0.0391873 19.4849 0.998602 0.00226954 0.0528048 96.0377 -0.0526748 -0.0393618 0.997836 -2.80702
0.00470946 -0.999135 -0.0413102 19.4395 0.998792 0.0026793 0.0490625 97.2174 -0.0489094 -0.0414914 0.997941 -2.84167
0.00478289 -0.999065 -0.0429702 19.4591 0.998877 0.00274752 0.0473019 98.3635 -0.0471396 -0.0431482 0.997956 -2.88169
0.00497216 -0.999045 -0.0434048 19.4488 0.998936 0.00297194 0.0460265 99.5029 -0.0458536 -0.0435874 0.997997 -2.90921
0.00525711 -0.999121 -0.0415828 19.4459 0.998936 0.00334211 0.0459888 100.671 -0.0458094 -0.0417803 0.998076 -2.94726
0.00521059 -0.999129 -0.04139 19.4703 0.998822 0.00320346 0.0484122 101.813 -0.0482375 -0.0415935 0.99797 -2.99651
0.00513666 -0.999207 -0.0394817 19.4643 0.998722 0.00314074 0.0504497 102.974 -0.0502857 -0.0396903 0.997946 -3.02448
0.00491511 -0.999037 -0.0436108 19.4466 0.99877 0.00275289 0.049502 104.133 -0.0493342 -0.0438005 0.997821 -3.06778
0.00454243 -0.998848 -0.047764 19.4524 0.998752 0.00215549 0.0499069 105.32 -0.0497464 -0.0479311 0.997611 -3.12428
0.00537134 -0.998678 -0.0511121 19.4185 0.998779 0.00284737 0.0493264 106.468 -0.0491157 -0.0513146 0.997474 -3.17384
0.00442533 -0.998643 -0.0518984 19.4235 0.998933 0.00202835 0.046148 107.629 -0.0459801 -0.0520472 0.997586 -3.20862
0.00355317 -0.998575 -0.053253 19.4208 0.999119 0.00131874 0.0419353 108.798 -0.0418053 -0.0533551 0.9977 -3.25318
0.00311353 -0.998761 -0.0496662 19.4224 0.999165 0.00108408 0.0408366 110.027 -0.0407322 -0.0497519 0.997931 -3.29666
0.0022606 -0.998953 -0.045682 19.4374 0.999187 0.000418056 0.0403035 111.206 -0.0402422 -0.045736 0.998143 -3.31507
0.0021588 -0.998989 -0.0449062 19.4122 0.999112 0.000265663 0.0421208 112.422 -0.0420663 -0.0449573 0.998103 -3.35601
0.00156614 -0.999052 -0.0435043 19.4196 0.998921 -0.000456717 0.0464489 113.627 -0.0464248 -0.0435301 0.997973 -3.39569
0.000532333 -0.999134 -0.0415964 19.4235 0.998899 -0.00142021 0.0468965 114.858 -0.046915 -0.0415756 0.998033 -3.44479
0.000202163 -0.999093 -0.0425794 19.4098 0.999097 -0.00160689 0.0424481 116.045 -0.0424781 -0.0425496 0.998191 -3.47
-0.000751856 -0.999079 -0.0429088 19.3946 0.999248 -0.00241382 0.0386939 117.288 -0.0387619 -0.0428474 0.998329 -3.52671
-0.00122729 -0.999146 -0.0412972 19.3948 0.999298 -0.00277202 0.0373687 118.509 -0.0374513 -0.0412223 0.998448 -3.56573
-0.00248547 -0.99909 -0.0425779 19.3692 0.999263 -0.00411242 0.0381662 119.759 -0.0383066 -0.0424516 0.998364 -3.60551
-0.00205564 -0.998867 -0.0475485 19.3698 0.99909 -0.0040776 0.0424663 121.015 -0.0426121 -0.0474179 0.997966 -3.64542
-0.0023481 -0.998572 -0.0533723 19.3567 0.998926 -0.00481203 0.0460835 122.31 -0.0462746 -0.0532067 0.997511 -3.67734
-0.00215508 -0.99816 -0.0605967 19.3195 0.998926 -0.00495324 0.0460645 123.565 -0.0462799 -0.0604324 0.997099 -3.7212
-0.00208147 -0.997942 -0.064096 19.3235 0.999025 -0.00490128 0.0438679 124.821 -0.0440917 -0.0639422 0.996979 -3.76551
-0.00236349 -0.99785 -0.0654944 19.2947 0.999071 -0.00517421 0.042779 126.077 -0.0430259 -0.0653325 0.996936 -3.80813
-0.00316173 -0.997777 -0.0665734 19.2824 0.999081 -0.00599704 0.0424325 127.335 -0.0427374 -0.0663781 0.996879 -3.83105
-0.00296868 -0.997896 -0.0647611 19.2681 0.99911 -0.00568527 0.0418039 128.603 -0.0420841 -0.0645793 0.997025 -3.85979
-0.00415253 -0.997837 -0.0656108 19.2542 0.999084 -0.00693467 0.042233 129.871 -0.0425966 -0.0653754 0.996951 -3.88784
-0.00433159 -0.997952 -0.0638202 19.238 0.998881 -0.00732311 0.046715 131.114 -0.0470867 -0.0635465 0.996867 -3.95071
-0.00460921 -0.998026 -0.0626312 19.2252 0.99865 -0.00783442 0.0513478 132.387 -0.0517371 -0.06231 0.996715 -3.9892
-0.00455894 -0.997982 -0.0633378 19.2135 0.998718 -0.00773701 0.0500221 133.612 -0.0504112 -0.0630285 0.996738 -4.03181
-0.00360737 -0.997966 -0.0636407 19.1949 0.998819 -0.00667935 0.0481242 134.899 -0.0484514 -0.0633919 0.996812 -4.08689
-0.00257064 -0.9981 -0.0615625 19.1799 0.998833 -0.00553202 0.0479816 136.12 -0.048231 -0.0613673 0.996949 -4.12869
-0.00167852 -0.998073 -0.0620214 19.1839 0.998867 -0.00462347 0.0473697 137.384 -0.0475652 -0.0618716 0.99695 -4.16669
-0.00103153 -0.998054 -0.0623458 19.1889 0.998768 -0.00412156 0.0494544 138.649 -0.0496151 -0.062218 0.996829 -4.20386
5.58056e-05 -0.998008 -0.0630829 19.1788 0.998584 -0.00329985 0.0530889 139.89 -0.0531914 -0.0629965 0.996595 -4.25461
0.00138153 -0.997998 -0.063225 19.1701 0.998528 -0.00205172 0.0542049 141.13 -0.0542262 -0.0632068 0.996526 -4.30979
0.00295435 -0.997763 -0.066781 19.1545 0.998668 -0.000495678 0.0515862 142.356 -0.051504 -0.0668445 0.996433 -4.35961
0.00263812 -0.997787 -0.0664349 19.1551 0.998817 -0.000597181 0.0486319 143.59 -0.048564 -0.0664846 0.996605 -4.39032
0.00217722 -0.998003 -0.0631355 19.1369 0.998888 -0.000803371 0.0471457 144.827 -0.0471023 -0.0631679 0.996891 -4.4296
0.00214729 -0.998108 -0.0614427 19.1457 0.998907 -0.000728437 0.0467428 146.078 -0.0466992 -0.0614759 0.997015 -4.47334
0.00167927 -0.998219 -0.0596261 19.1577 0.998913 -0.0011032 0.0466018 147.295 -0.0465846 -0.0596396 0.997132 -4.51752
0.00139231 -0.998355 -0.0573256 19.1401 0.998948 -0.00123852 0.0458318 148.543 -0.0458274 -0.0573291 0.997303 -4.53716
0.00120317 -0.998381 -0.0568627 19.1222 0.998958 -0.00139366 0.0456068 149.782 -0.0456122 -0.0568584 0.99734 -4.5887
0.00115606 -0.99856 -0.0536331 19.1283 0.998848 -0.00141961 0.047961 150.985 -0.0479681 -0.0536268 0.997408 -4.63623
0.000912305 -0.9987 -0.0509712 19.1287 0.998746 -0.00164108 0.0500303 152.256 -0.0500489 -0.0509529 0.997446 -4.67642
0.000374702 -0.998783 -0.0493163 19.1351 0.99883 -0.00201072 0.0483114 153.466 -0.0483518 -0.0492767 0.997614 -4.70761
0.000375453 -0.99872 -0.0505725 19.1167 0.998822 -0.00207912 0.0484743 154.688 -0.0485174 -0.0505311 0.997543 -4.75129
0.000481152 -0.998701 -0.0509611 19.1077 0.998595 -0.00222085 0.052951 155.945 -0.0529953 -0.050915 0.997296 -4.79954
0.001117 -0.998473 -0.0552235 19.0937 0.998244 -0.00215777 0.0592051 157.146 -0.0592339 -0.0551926 0.996717 -4.86731
0.00313851 -0.998175 -0.0603034 19.0828 0.998192 -0.00049285 0.0601091 158.395 -0.0600291 -0.060383 0.996369 -4.91706
0.00433071 -0.997916 -0.0643878 19.0796 0.998434 0.000724275 0.0559294 159.61 -0.0557662 -0.0645292 0.996356 -4.97105
0.00575327 -0.997777 -0.0663896 19.0382 0.998701 0.00237159 0.0509037 160.829 -0.0506331 -0.0665962 0.996494 -5.01259
0.00671128 -0.997607 -0.0688137 19.0631 0.998786 0.00332908 0.0491475 162.05 -0.0488008 -0.06906 0.996418 -5.06897
0.00771194 -0.997898 -0.064338 19.0491 0.998934 0.00475999 0.0459095 163.256 -0.0455068 -0.0646234 0.996872 -5.09917
0.00722076 -0.998154 -0.0603016 19.0599 0.999114 0.00470099 0.0418239 164.478 -0.0414632 -0.0605501 0.997304 -5.13634
0.00708901 -0.998432 -0.0555184 19.0746 0.99924 0.00494527 0.0386558 165.711 -0.0383207 -0.0557502 0.997709 -5.15517
0.00563336 -0.998628 -0.052063 19.0742 0.999181 0.00353476 0.0403135 166.935 -0.0400741 -0.0522474 0.99783 -5.19428
0.00706195 -0.998603 -0.0523753 19.0813 0.998854 0.0045652 0.0476378 168.142 -0.0473321 -0.0526517 0.997491 -5.22972
0.00825593 -0.998547 -0.0532528 19.0926 0.998695 0.00554994 0.0507633 169.373 -0.050394 -0.0536024 0.99729 -5.27196
0.0101289 -0.998436 -0.0549851 19.0842 0.998818 0.00748797 0.0480258 170.588 -0.0475389 -0.0554065 0.997332 -5.31208
0.0112836 -0.998318 -0.0568653 19.0846 0.998841 0.00859134 0.0473687 171.778 -0.0468005 -0.0573339 0.997258 -5.36754
0.0117954 -0.99839 -0.0554764 19.0996 0.998763 0.00908297 0.0488943 173 -0.0483117 -0.0559845 0.997262 -5.41179
0.0123564 -0.99842 -0.0548218 19.1036 0.998813 0.00974033 0.0477322 174.186 -0.0471228 -0.0553465 0.997355 -5.43454
0.0142042 -0.998356 -0.0555347 19.108 0.99889 0.0116729 0.0456431 175.388 -0.0449198 -0.0561213 0.997413 -5.46756
0.0157643 -0.998288 -0.0563252 19.1172 0.998803 0.013114 0.0471156 176.527 -0.0462963 -0.0570005 0.9973 -5.51162
0.0177085 -0.99827 -0.056072 19.138 0.998663 0.0149362 0.04948 177.662 -0.0485569 -0.0568732 0.9972 -5.53953
0.0175943 -0.998233 -0.0567486 19.1461 0.998581 0.0146908 0.0511816 178.757 -0.0502575 -0.0575686 0.997076 -5.55895
0.0181003 -0.998148 -0.058083 19.1496 0.998513 0.0150578 0.0523986 179.831 -0.051427 -0.0589451 0.996936 -5.59239
0.0185754 -0.99825 -0.0561442 19.1817 0.998441 0.0155638 0.0536089 180.885 -0.0526413 -0.0570524 0.996982 -5.62855
0.0185574 -0.998225 -0.0565949 19.1765 0.998494 0.01558 0.052604 181.88 -0.0516288 -0.0574859 0.99701 -5.65572
0.0200345 -0.998158 -0.0572677 19.1908 0.998477 0.0170303 0.0524729 182.88 -0.0514009 -0.0582318 0.996979 -5.68293
0.020906 -0.998058 -0.0586862 19.1948 0.998417 0.0177763 0.0533541 183.831 -0.0522072 -0.0597088 0.99685 -5.71375
0.0210888 -0.99815 -0.0570251 19.2305 0.998479 0.0181207 0.0520734 184.777 -0.0509437 -0.0580365 0.997014 -5.74028
0.0173111 -0.998328 -0.0551517 19.2375 0.998687 0.0146043 0.0491099 185.711 -0.0482224 -0.0559294 0.99727 -5.75675
0.0131762 -0.998397 -0.0550495 19.2555 0.998902 0.0106676 0.0456192 186.62 -0.0449588 -0.0555902 0.997441 -5.78657
0.0076129 -0.998305 -0.057699 19.2377 0.999069 0.00514289 0.0428368 187.533 -0.0424675 -0.0579713 0.997415 -5.81431
0.00410639 -0.998212 -0.0596312 19.217 0.999132 0.00162396 0.0416187 188.468 -0.0414475 -0.0597504 0.997352 -5.84316
0.000916326 -0.998101 -0.0615848 19.2062 0.999111 -0.00168193 0.0421248 189.385 -0.0421484 -0.0615687 0.997213 -5.87209
-0.000568946 -0.998169 -0.0604835 19.2146 0.99904 -0.0032172 0.0436964 190.292 -0.043811 -0.0604005 0.997212 -5.8982
-0.00265215 -0.998355 -0.0572815 19.2095 0.998961 -0.0052511 0.0452688 191.21 -0.0454951 -0.057102 0.997331 -5.90869
-0.00373864 -0.998431 -0.0558715 19.2137 0.998925 -0.00631031 0.045923 192.125 -0.0462035 -0.0556397 0.997381 -5.94501
-0.00464972 -0.998432 -0.0557761 19.2048 0.998958 -0.00717022 0.045075 193.031 -0.0454043 -0.0555084 0.997425 -5.96824
-0.00571145 -0.998313 -0.0577881 19.1785 0.999012 -0.00824291 0.0436629 193.943 -0.0440655 -0.0574816 0.997374 -5.99812
-0.00549112 -0.998098 -0.0614036 19.1445 0.999038 -0.00814766 0.0430973 194.843 -0.0435156 -0.0611078 0.997182 -6.03596
-0.00447927 -0.997983 -0.0633199 19.1552 0.999107 -0.00712714 0.0416535 195.738 -0.0420208 -0.0630768 0.997124 -6.06146
-0.00381977 -0.997898 -0.0646966 19.1361 0.999202 -0.00638085 0.0394258 196.64 -0.0397557 -0.0644944 0.997126 -6.08329
-0.00322504 -0.997925 -0.0642996 19.1365 0.999321 -0.00557637 0.0364226 197.572 -0.0367056 -0.0641385 0.997266 -6.11625
-0.00284981 -0.997955 -0.0638626 19.1374 0.999314 -0.0052004 0.036671 198.503 -0.0369281 -0.0637143 0.997285 -6.14632
-0.00234397 -0.998084 -0.0618282 19.1092 0.999233 -0.00475458 0.0388705 199.413 -0.03909 -0.0616896 0.99733 -6.16541
-0.00190889 -0.998145 -0.0608524 19.1049 0.999162 -0.00439144 0.0406886 200.337 -0.0408804 -0.0607238 0.997317 -6.18236
-0.00109768 -0.998411 -0.0563342 19.1004 0.999309 -0.00318804 0.03703 201.286 -0.0371507 -0.0562546 0.997725 -6.20467
-0.00145605 -0.998502 -0.0546953 19.1022 0.999457 -0.00325384 0.0327945 202.231 -0.0329233 -0.0546178 0.997964 -6.22451
-0.00113385 -0.998265 -0.0588641 19.0838 0.999431 -0.00311612 0.0335945 203.183 -0.0337196 -0.0587925 0.997701 -6.2629
0.000550795 -0.998206 -0.0598678 19.0986 0.999308 -0.0016767 0.0371503 204.13 -0.037184 -0.0598469 0.997515 -6.30907
0.0025106 -0.998315 -0.0579664 19.0728 0.999299 0.000339892 0.0374272 205.122 -0.0373445 -0.0580197 0.997617 -6.31106
0.00458358 -0.998365 -0.0569678 19.0919 0.999286 0.00243659 0.0377003 206.073 -0.0374999 -0.0570999 0.997664 -6.33402
0.0062946 -0.998342 -0.057209 19.0677 0.999091 0.00386685 0.0424487 207.078 -0.0421571 -0.0574242 0.997459 -6.3769
0.00827498 -0.998499 -0.0541445 19.0964 0.998891 0.00574457 0.0467241 208.039 -0.0463429 -0.0544711 0.997439 -6.4086
0.00954801 -0.998518 -0.0535696 19.1026 0.998826 0.00697965 0.0479282 209.038 -0.0474833 -0.0539643 0.997413 -6.41737
0.0119014 -0.998351 -0.0561495 19.0848 0.998802 0.00920421 0.0480524 210.076 -0.0474564 -0.0566541 0.997265 -6.46539
0.014542 -0.998175 -0.058612 19.1007 0.998714 0.0116527 0.0493386 211.079 -0.0485655 -0.0592541 0.997061 -6.52197
0.0181974 -0.998063 -0.0594985 19.1163 0.998623 0.0152146 0.0502076 212.101 -0.049205 -0.0603302 0.996965 -6.55039
0.0218044 -0.997809 -0.0624603 19.1253 0.998674 0.0188234 0.047923 213.086 -0.0466423 -0.0634224 0.996896 -6.59829
0.0242884 -0.997772 -0.0621423 19.1418 0.998762 0.0215189 0.0448548 214.127 -0.0434176 -0.0631548 0.997059 -6.63073
0.0260451 -0.997712 -0.062388 19.1609 0.998755 0.0233149 0.0440966 215.169 -0.0425412 -0.0634589 0.997077 -6.65977
0.0273712 -0.99772 -0.0616971 19.1892 0.998633 0.024542 0.0461563 216.189 -0.0445369 -0.0628761 0.997027 -6.69386
0.0289093 -0.99759 -0.063075 19.2243 0.998458 0.0258283 0.0491278 217.278 -0.0473802 -0.064398 0.996799 -6.73405
0.0303393 -0.997504 -0.0637547 19.2324 0.998416 0.0272193 0.0492494 218.342 -0.0473912 -0.0651479 0.99675 -6.76465
0.0308586 -0.997556 -0.0626881 19.251 0.998526 0.0279648 0.0465253 219.409 -0.0446585 -0.0640313 0.996948 -6.79439
0.0308742 -0.997678 -0.0607073 19.2999 0.998645 0.0282438 0.0437198 220.483 -0.0419036 -0.0619748 0.997198 -6.83379
0.0305494 -0.997836 -0.0582304 19.3193 0.998699 0.0280924 0.0425562 221.538 -0.0408282 -0.0594547 0.997396 -6.86472
0.0304983 -0.997808 -0.0587244 19.3442 0.998735 0.028071 0.0417256 222.679 -0.0399857 -0.0599227 0.997402 -6.90863
0.0310845 -0.997889 -0.0570222 19.382 0.998727 0.028742 0.0414502 223.726 -0.0397237 -0.058238 0.997512 -6.93907
0.0310874 -0.997724 -0.0598374 19.4003 0.99869 0.028571 0.0424591 224.844 -0.0406529 -0.0610789 0.997305 -6.97308
0.0308364 -0.997691 -0.0605191 19.41 0.998622 0.0281797 0.0442716 225.989 -0.042464 -0.0618009 0.997185 -7.00748
0.0299809 -0.997709 -0.0606495 19.4564 0.998574 0.0272156 0.0459189 227.11 -0.0441631 -0.0619397 0.997102 -7.04548
0.0299576 -0.997602 -0.0623878 19.4782 0.998485 0.0269851 0.0479546 228.217 -0.0461561 -0.0637299 0.996899 -7.09001
0.0297452 -0.997543 -0.0634226 19.4921 0.998424 0.0266311 0.0493936 229.381 -0.0475832 -0.0647919 0.996764 -7.13025
0.0281278 -0.9974 -0.0663486 19.5135 0.998539 0.0249717 0.0479267 230.525 -0.0461453 -0.0675998 0.996645 -7.18787
0.02664 -0.99756 -0.0645257 19.5445 0.998753 0.023835 0.043857 231.703 -0.042212 -0.0656136 0.996952 -7.22131
0.0250403 -0.997694 -0.063078 19.585 0.999026 0.0226814 0.0378391 232.839 -0.0363212 -0.0639641 0.997291 -7.24053
0.0224407 -0.997995 -0.0591764 19.5953 0.99924 0.0205038 0.0331366 233.995 -0.0318568 -0.059875 0.997697 -7.2637
0.0207483 -0.99834 -0.0537358 19.6177 0.999284 0.0190064 0.0327257 235.161 -0.0316501 -0.0543763 0.998019 -7.2916
0.0190863 -0.998666 -0.0479778 19.6381 0.999102 0.0172357 0.0386931 236.327 -0.0378145 -0.0486732 0.998099 -7.31925
0.0165794 -0.998752 -0.0471026 19.6681 0.999133 0.0147492 0.0389421 237.532 -0.0381987 -0.0477074 0.998131 -7.35329
0.0144113 -0.998854 -0.0456407 19.6662 0.999183 0.0126619 0.0383897 238.742 -0.0377678 -0.0461566 0.99822 -7.37796
0.0121506 -0.99891 -0.045074 19.6651 0.999195 0.0104063 0.0387315 239.952 -0.0382202 -0.0455084 0.998233 -7.41878
0.0102811 -0.999013 -0.0432078 19.6918 0.999153 0.00854192 0.0402446 241.175 -0.0398358 -0.043585 0.998255 -7.4691
0.00798138 -0.99905 -0.0428516 19.7042 0.999183 0.00627035 0.0399162 242.399 -0.0396095 -0.0431352 0.998284 -7.50456
0.00559146 -0.999062 -0.0429352 19.6963 0.999251 0.00393759 0.0385086 243.588 -0.0383034 -0.0431183 0.998335 -7.52744
0.00321435 -0.999065 -0.0431236 19.6717 0.99928 0.0015784 0.0379168 244.855 -0.0378133 -0.0432145 0.99835 -7.56668
0.000690368 -0.999075 -0.0429867 19.6854 0.999236 -0.000990758 0.0390744 246.11 -0.0390809 -0.0429809 0.998311 -7.60908
-0.00119477 -0.999044 -0.0437039 19.6911 0.999219 -0.00291863 0.0394014 247.336 -0.0394913 -0.0436227 0.998267 -7.64386
-0.00325139 -0.998937 -0.0459857 19.6549 0.99918 -0.00510122 0.0401662 248.587 -0.0403581 -0.0458174 0.998134 -7.67627
-0.00529784 -0.998902 -0.0465443 19.6471 0.999098 -0.00724854 0.0418424 249.821 -0.0421338 -0.0462806 0.998039 -7.72041
-0.00756652 -0.998804 -0.0483 19.629 0.999051 -0.00962267 0.0424808 251.079 -0.0428947 -0.0479328 0.997929 -7.75791
-0.00792699 -0.998664 -0.0510665 19.5941 0.999027 -0.0101251 0.04293 252.4 -0.0433897 -0.0506765 0.997772 -7.79881
-0.00754716 -0.998609 -0.0521916 19.5877 0.999003 -0.00982618 0.0435486 253.64 -0.0440008 -0.0518109 0.997687 -7.82493
-0.00717516 -0.998669 -0.0510714 19.545 0.999054 -0.00934995 0.0424726 254.868 -0.0428936 -0.0507183 0.997791 -7.86128
-0.00741713 -0.998778 -0.0488634 19.549 0.999097 -0.00944655 0.0414334 256.092 -0.0418443 -0.0485119 0.997946 -7.89802
-0.00782616 -0.998842 -0.0474784 19.5261 0.999098 -0.00979225 0.0413199 257.391 -0.041737 -0.0471122 0.998017 -7.93251
-0.00713473 -0.998879 -0.0467879 19.4998 0.999092 -0.0090859 0.0416232 258.646 -0.0420017 -0.0464485 0.998037 -7.96974
-0.00725962 -0.998897 -0.0463941 19.5056 0.999097 -0.00918727 0.0414723 259.891 -0.0418528 -0.0460511 0.998062 -8.00456
-0.00666901 -0.998904 -0.0463248 19.4905 0.999073 -0.00862618 0.0421782 261.166 -0.0425316 -0.0460006 0.998036 -8.03024
-0.00716738 -0.999 -0.044142 19.4734 0.999035 -0.00906675 0.0429798 262.386 -0.043337 -0.0437913 0.9981 -8.06459
-0.00717217 -0.999162 -0.0403007 19.468 0.998941 -0.00899035 0.0451166 263.64 -0.0454411 -0.0399345 0.998168 -8.09767
-0.00670729 -0.999315 -0.0363894 19.4513 0.998782 -0.00847405 0.0486165 264.884 -0.0488916 -0.036019 0.998154 -8.14398
-0.00688593 -0.999394 -0.0341278 19.4328 0.998637 -0.00863816 0.0514647 266.156 -0.0517283 -0.0337269 0.998092 -8.18344
-0.00648103 -0.999364 -0.0350709 19.4118 0.998718 -0.0082298 0.0499515 267.387 -0.0502084 -0.0347022 0.998136 -8.20877
-0.00645746 -0.999274 -0.0375501 19.3948 0.998803 -0.00826628 0.0482169 268.636 -0.0484923 -0.0371938 0.998131 -8.25478
-0.00675159 -0.999068 -0.0426437 19.3687 0.998665 -0.00892082 0.0508851 269.841 -0.051218 -0.0422432 0.997794 -8.31344
-0.00608918 -0.998851 -0.0475339 19.3465 0.998321 -0.00881047 0.0572515 271.074 -0.0576045 -0.0471054 0.997228 -8.3881
-0.00590897 -0.998681 -0.0510113 19.3235 0.998329 -0.00882379 0.0571059 272.314 -0.0574807 -0.0505886 0.997064 -8.43813
-0.00608871 -0.998604 -0.0524631 19.3228 0.998699 -0.00872851 0.050236 273.554 -0.0506238 -0.052089 0.997358 -8.4787
-0.0067906 -0.998752 -0.0494778 19.3102 0.99896 -0.0090064 0.0446993 274.776 -0.0450892 -0.0491228 0.997774 -8.51858
-0.00719733 -0.998999 -0.0441499 19.2907 0.999016 -0.00911539 0.043398 275.993 -0.043757 -0.0437941 0.998082 -8.56852
-0.0061632 -0.999199 -0.039551 19.2856 0.998954 -0.00794392 0.0450256 277.216 -0.0453037 -0.0392321 0.998203 -8.59797
-0.0048019 -0.999217 -0.0392657 19.2607 0.998895 -0.00662833 0.0465176 278.474 -0.0467415 -0.0389989 0.998145 -8.63607
-0.00329909 -0.999227 -0.039172 19.2355 0.998772 -0.00522917 0.0492722 279.684 -0.0494389 -0.0389613 0.998017 -8.68382
-0.00187895 -0.999128 -0.0417154 19.2121 0.998738 -0.00396867 0.0500685 280.893 -0.0501904 -0.0415687 0.997874 -8.73489
-0.00145246 -0.999152 -0.0411435 19.2269 0.998667 -0.00357221 0.0514942 282.124 -0.0515976 -0.0410139 0.997825 -8.78309
-0.000680986 -0.999162 -0.0409363 19.2246 0.998689 -0.00277512 0.051121 283.339 -0.0511917 -0.0408478 0.997853 -8.82088
-0.000493985 -0.999099 -0.0424421 19.2157 0.998766 -0.00260061 0.0495943 284.571 -0.04966 -0.0423653 0.997867 -8.85071
-0.00037449 -0.999119 -0.0419554 19.2104 0.998842 -0.00239178 0.048042 285.797 -0.0481001 -0.0418888 0.997964 -8.89595
-0.00086944 -0.999064 -0.0432392 19.2031 0.998847 -0.00294318 0.0479191 287.019 -0.0480015 -0.0431477 0.997915 -8.9401
0.000486414 -0.999054 -0.0434852 19.1775 0.998857 -0.00159344 0.0477815 288.247 -0.0478055 -0.0434588 0.997911 -8.98289
0.000599628 -0.999015 -0.0443619 19.1848 0.99883 -0.00154684 0.0483352 289.447 -0.0483563 -0.0443389 0.997846 -9.01772
0.000863277 -0.99906 -0.043334 19.1587 0.998807 -0.00125415 0.048812 290.687 -0.0488205 -0.0433244 0.997868 -9.06004
0.000584036 -0.999078 -0.042918 19.1743 0.998885 -0.00144313 0.0471874 291.925 -0.0472059 -0.0428977 0.997964 -9.1019
0.000277647 -0.999101 -0.0423843 19.1665 0.999014 -0.00160432 0.044362 293.166 -0.0443901 -0.0423548 0.998116 -9.15786
-0.000425927 -0.999053 -0.0435095 19.1616 0.999135 -0.00223435 0.0415237 294.367 -0.0415816 -0.0434542 0.99819 -9.19287
-0.000334684 -0.998977 -0.045209 19.1503 0.999188 -0.0021559 0.0402415 295.592 -0.0402978 -0.0451588 0.998167 -9.22823
-0.00109014 -0.998892 -0.0470577 19.1439 0.999194 -0.00297615 0.0400273 296.823 -0.040123 -0.0469761 0.99809 -9.27946
-0.000810097 -0.998732 -0.0503353 19.1184 0.999125 -0.00291367 0.0417319 298.057 -0.0418257 -0.0502574 0.99786 -9.31545
-0.000977913 -0.998569 -0.0534716 19.0933 0.999076 -0.0032737 0.0428641 299.291 -0.0429778 -0.0533803 0.997649 -9.35356
-0.000984503 -0.998438 -0.0558688 19.0799 0.999081 -0.00337586 0.0427249 300.52 -0.0428468 -0.0557754 0.997524 -9.38149
-0.00193798 -0.998423 -0.0561083 19.0867 0.999149 -0.00424559 0.0410378 301.721 -0.0412113 -0.055981 0.997581 -9.41001
-0.00272807 -0.998562 -0.0535429 19.059 0.999246 -0.00479648 0.0385405 302.971 -0.0387418 -0.0533974 0.997822 -9.44854
-0.00358107 -0.998689 -0.0510672 19.0835 0.999253 -0.00553912 0.0382529 304.208 -0.0384856 -0.0508921 0.997962 -9.46412
