1 0 0 0 0 1 0 0 -0 0 1 0
0.999942 0.0107509 0.000193224 0.27381 -0.0107508 0.999942 -0.00065451 -0.0854091 -0.00020025 0.000652395 1 0.0341151
0.99985 0.0173006 0.000824407 0.555587 -0.0172987 0.999848 -0.00229141 -0.0831321 -0.000863924 0.00227681 0.999997 0.0415906
0.999805 0.0197442 -0.000458613 0.921312 -0.0197467 0.999785 -0.00638235 -0.0574488 0.0003325 0.00639017 0.99998 0.0554381
0.99984 0.0178225 -0.00182493 1.20461 -0.0178345 0.999818 -0.00677539 -0.0839353 0.00170384 0.00680685 0.999975 0.0483807
0.999941 0.0102888 -0.00335008 1.50046 -0.0103232 0.999892 -0.0104221 -0.0759471 0.00324249 0.0104561 0.99994 0.0427842
0.999987 -0.00121677 -0.00494809 1.85067 0.00116215 0.999939 -0.0110264 -0.0780215 0.00496121 0.0110205 0.999927 0.0552015
0.999844 -0.0169621 -0.00499539 2.16431 0.0169071 0.999798 -0.0108529 -0.0513898 0.00517847 0.0107667 0.999929 0.0660192
0.999331 -0.0361826 -0.00535334 2.52295 0.0361475 0.999325 -0.00651337 -0.0223752 0.0055854 0.0063155 0.999964 0.0654746
0.998423 -0.0558106 -0.00606068 2.85971 0.055787 0.998435 -0.00399104 0.0222516 0.00627394 0.00364664 0.999974 0.0638145
0.997154 -0.0751046 -0.0066431 3.21617 0.0750834 0.997171 -0.00339476 0.0644137 0.00687927 0.00288631 0.999972 0.0711953
0.995317 -0.0964751 -0.00608558 3.5981 0.0964509 0.995329 -0.00414881 0.107781 0.00645741 0.00354242 0.999973 0.0756864
0.993235 -0.115995 -0.0054721 3.9898 0.11597 0.993242 -0.00470615 0.166249 0.005981 0.00403971 0.999974 0.0801243
0.991049 -0.133411 -0.00489119 4.3604 0.133391 0.991055 -0.00410729 0.228305 0.0053954 0.00341809 0.99998 0.0853653
0.988768 -0.149387 -0.00471996 4.77494 0.149374 0.988776 -0.0030291 0.294779 0.00511949 0.00229004 0.999984 0.0930321
0.986741 -0.162238 -0.00458837 5.20565 0.162225 0.986749 -0.00323516 0.377701 0.00505243 0.00244792 0.999984 0.0977773
0.984548 -0.174997 -0.00639358 5.63531 0.174967 0.984562 -0.00495918 0.46623 0.00716272 0.00376389 0.999967 0.102406
0.982765 -0.184722 -0.00715123 6.1002 0.184672 0.982775 -0.00711869 0.54379 0.00834303 0.00567537 0.999949 0.116245
0.981348 -0.192022 -0.00912282 6.55356 0.191964 0.981378 -0.00684173 0.649305 0.0102667 0.00496287 0.999935 0.117075
0.979657 -0.200384 -0.0109019 7.03004 0.200318 0.979707 -0.0069037 0.737967 0.012064 0.00457942 0.999917 0.107204
0.978105 -0.20769 -0.0132175 7.49756 0.207603 0.978183 -0.00766823 0.861532 0.0145217 0.00475636 0.999883 0.120132
0.976229 -0.216241 -0.0147129 8.0178 0.216086 0.976307 -0.0114422 0.952627 0.0168386 0.00799095 0.999826 0.128235
0.974526 -0.223808 -0.0144806 8.49919 0.223568 0.974549 -0.016506 1.0604 0.0178063 0.0128481 0.999759 0.140386
0.972546 -0.232089 -0.0169793 9.02788 0.231779 0.972594 -0.0184027 1.19225 0.020785 0.0139621 0.999686 0.170294
0.970263 -0.241135 -0.0210846 9.58352 0.240851 0.970444 -0.0151482 1.3366 0.0241142 0.00961948 0.999663 0.162514
0.968124 -0.249241 -0.0247878 10.1173 0.249001 0.968424 -0.0124124 1.51147 0.0270988 0.00584459 0.999616 0.173882
0.965701 -0.258334 -0.026171 10.6856 0.258028 0.966028 -0.0145187 1.65576 0.0290326 0.00726785 0.999552 0.201689
0.963372 -0.266726 -0.0277881 11.2287 0.266374 0.963741 -0.0157742 1.79703 0.0309879 0.00779436 0.999489 0.225482
0.961345 -0.273636 -0.0306612 11.7889 0.273247 0.961806 -0.0163026 1.96774 0.0339511 0.0072943 0.999397 0.247138
0.958658 -0.282484 -0.0343185 12.3813 0.282094 0.959257 -0.0158054 2.15951 0.037385 0.00547096 0.999286 0.261733
0.956283 -0.289747 -0.0396219 13.0247 0.289287 0.957091 -0.0170156 2.35503 0.042852 0.00480966 0.99907 0.284968
0.954212 -0.295548 -0.0461664 13.5973 0.294989 0.955319 -0.0186274 2.5453 0.0496089 0.0041559 0.99876 0.315073
0.952503 -0.299548 -0.0548574 14.1974 0.298994 0.954081 -0.0182352 2.75438 0.0578007 0.000966996 0.998328 0.343209
0.950695 -0.303392 -0.0642898 14.8631 0.302886 0.952862 -0.0177146 2.95451 0.0666338 -0.00263129 0.997774 0.381272
0.948656 -0.307639 -0.0735543 15.4907 0.307239 0.951481 -0.0169753 3.19346 0.0752078 -0.00649504 0.997147 0.417486
0.946668 -0.31171 -0.0815814 16.1481 0.311484 0.95012 -0.015812 3.40603 0.0824409 -0.0104426 0.996541 0.477532
0.944397 -0.316555 -0.0889186 16.8204 0.316624 0.948452 -0.0136977 3.62725 0.0886712 -0.0152177 0.995945 0.528324
0.942083 -0.321428 -0.0957264 17.4784 0.321733 0.946746 -0.0126508 3.87057 0.0946948 -0.0188803 0.995327 0.591231
0.940125 -0.325207 -0.10201 18.1344 0.325858 0.945358 -0.0106852 4.09984 0.0999113 -0.0231956 0.994726 0.660368
0.938157 -0.329577 -0.106023 18.8485 0.330579 0.94374 -0.00849094 4.3821 0.102857 -0.0270833 0.994327 0.727134
0.936235 -0.334257 -0.108338 19.5578 0.33535 0.942055 -0.0085092 4.65114 0.104904 -0.0283645 0.994078 0.81604
0.934082 -0.340412 -0.107751 20.2441 0.341659 0.939796 -0.00724037 4.90684 0.103729 -0.0300511 0.994151 0.898043
0.931753 -0.347131 -0.106471 21.0235 0.348377 0.937326 -0.00726837 5.18469 0.102321 -0.0303197 0.994289 0.973213
0.929344 -0.353871 -0.105332 21.7592 0.355157 0.934781 -0.0069235 5.46293 0.100913 -0.0309752 0.994413 1.06019
0.926657 -0.361789 -0.102053 22.4482 0.362931 0.931783 -0.00780324 5.75997 0.0979142 -0.0298072 0.994748 1.15479
0.923574 -0.370889 -0.0972194 23.2547 0.372148 0.928157 -0.00551653 6.04871 0.0922808 -0.0310851 0.995248 1.23
0.920727 -0.378978 -0.0929349 23.969 0.380343 0.92484 -0.00323959 6.3301 0.0871776 -0.0323644 0.995667 1.31482
0.917466 -0.387545 -0.0898114 24.7188 0.389075 0.921206 -0.000505209 6.68821 0.0829306 -0.0344799 0.995959 1.37548
0.914014 -0.395908 -0.0885136 25.4716 0.397487 0.917608 0.000240131 7.04948 0.0811256 -0.0354025 0.996075 1.44845
0.909924 -0.405166 -0.0887636 26.226 0.406901 0.913471 0.0016015 7.37306 0.0804341 -0.0375753 0.996051 1.52681
0.906361 -0.413281 -0.0878005 26.9775 0.41496 0.909839 0.000959896 7.72532 0.0794876 -0.0373037 0.996138 1.59354
0.90221 -0.422336 -0.0874644 27.7838 0.424175 0.905576 0.00271944 8.0728 0.0780572 -0.0395538 0.996164 1.67779
0.898778 -0.429995 -0.0854562 28.5504 0.431807 0.901961 0.00303494 8.49768 0.0757731 -0.0396283 0.996337 1.75024
0.895266 -0.438195 -0.0805214 29.3129 0.439742 0.898123 0.00164585 8.87122 0.0715969 -0.0368821 0.996752 1.80187
0.892128 -0.445384 -0.0757734 30.1648 0.4469 0.894577 0.0034467 9.31376 0.0662501 -0.036938 0.997119 1.87267
0.888804 -0.452672 -0.0715185 30.9397 0.454075 0.890955 0.00381898 9.69994 0.0619911 -0.0358691 0.997432 1.94502
0.884989 -0.460304 -0.0701108 31.7704 0.461678 0.887039 0.00387908 10.1124 0.0604055 -0.0358015 0.997532 2.01381
0.881722 -0.466755 -0.0686041 32.5858 0.468051 0.883696 0.00322328 10.5541 0.0591207 -0.0349522 0.997639 2.06898
0.878658 -0.472759 -0.066776 33.4122 0.474016 0.880509 0.00343288 11.0306 0.057174 -0.0346693 0.997762 2.11481
0.875778 -0.47828 -0.0652762 34.2306 0.479447 0.877567 0.00254932 11.4532 0.0560649 -0.0335291 0.997864 2.17853
0.872685 -0.484007 -0.0644835 35.1127 0.485106 0.874454 0.00160205 11.9411 0.0556124 -0.0326794 0.997917 2.2351
0.871005 -0.486949 -0.0650533 35.9402 0.488049 0.872815 0.00118225 12.4373 0.0562038 -0.032779 0.997881 2.29628
0.869329 -0.48991 -0.0652332 36.7641 0.490974 0.871174 0.000317639 12.909 0.0566738 -0.0323039 0.99787 2.34123
0.868944 -0.490637 -0.0649003 37.6761 0.491745 0.870739 0.00126637 13.4015 0.0558899 -0.0330148 0.997891 2.40606
0.869109 -0.490515 -0.0636029 38.5474 0.491652 0.870788 0.00259382 13.926 0.0541123 -0.0335248 0.997972 2.46133
0.868307 -0.492143 -0.0619483 39.4732 0.493108 0.869968 0.00033359 14.4597 0.0537289 -0.0308369 0.998079 2.51678
0.868055 -0.492646 -0.0614877 40.3881 0.493488 0.869751 -0.00170887 15.0048 0.0543208 -0.02886 0.998106 2.58255
0.866713 -0.495027 -0.0612931 41.2843 0.495796 0.868434 -0.00302779 15.5064 0.0547278 -0.0277646 0.998115 2.64433
0.865364 -0.497676 -0.0588488 42.1838 0.498339 0.866974 -0.00385944 16.0268 0.0529411 -0.0259868 0.998259 2.7073
0.86337 -0.501573 -0.0549176 43.1606 0.502143 0.864776 -0.00387113 16.5869 0.0494331 -0.0242343 0.998483 2.76007
0.86122 -0.505817 -0.0494882 44.0624 0.506248 0.862377 -0.00432659 17.1372 0.0448659 -0.0213272 0.998765 2.83042
0.857372 -0.512507 -0.0474302 44.9101 0.512902 0.858436 -0.0043609 17.6538 0.0429508 -0.0205882 0.998865 2.8945
0.852173 -0.521024 -0.0483259 45.8342 0.521327 0.853327 -0.0071033 18.2349 0.0449388 -0.0191404 0.998806 2.94871
0.84586 -0.530962 -0.0509911 46.7392 0.531197 0.84719 -0.00996022 18.7766 0.0484876 -0.0186614 0.998649 3.02574
0.839495 -0.541091 -0.0496915 47.6915 0.541233 0.840791 -0.0117067 19.3722 0.0481145 -0.017067 0.998696 3.07519
0.833886 -0.549983 -0.0464012 48.5424 0.550252 0.834961 -0.00790933 19.9633 0.0430932 -0.0189369 0.998892 3.11378
0.829438 -0.556924 -0.0432248 49.4019 0.557265 0.830321 -0.00483774 20.5353 0.0385847 -0.0200751 0.999054 3.1817
0.825319 -0.562891 -0.0447489 50.337 0.563262 0.826263 -0.00505395 21.1913 0.0398192 -0.0210342 0.998985 3.21979
0.821654 -0.567799 -0.0498793 51.1904 0.568256 0.822831 -0.00586894 21.7752 0.0443746 -0.023522 0.998738 3.28101
0.818246 -0.572108 -0.056274 52.0187 0.572576 0.819802 -0.00901301 22.3631 0.0512899 -0.0248463 0.998375 3.35332
0.814988 -0.57665 -0.0571757 52.8943 0.577097 0.816614 -0.0100336 23.0231 0.0524763 -0.0248187 0.998314 3.40806
0.811894 -0.581202 -0.0550581 53.7992 0.581703 0.813361 -0.0080921 23.6587 0.0494852 -0.0254575 0.99845 3.47187
0.808708 -0.586211 -0.0484508 54.642 0.586631 0.809828 -0.00655246 24.2647 0.0430779 -0.0231237 0.998804 3.53471
0.805705 -0.590555 -0.0456558 55.4971 0.590941 0.806693 -0.00595302 24.8991 0.0403457 -0.0221835 0.998939 3.58241
0.80272 -0.594474 -0.0473462 56.3538 0.594976 0.803732 -0.00420668 25.5057 0.0405545 -0.0247931 0.99887 3.64368
0.799131 -0.599109 -0.0495797 57.2121 0.599659 0.800242 -0.00456862 26.1936 0.0424128 -0.02608 0.99876 3.68963
0.794718 -0.604927 -0.0498637 58.0567 0.605333 0.79593 -0.00822853 26.8385 0.0446656 -0.0236447 0.998722 3.7541
0.790637 -0.610159 -0.0509833 58.9183 0.6106 0.791896 -0.00823835 27.5044 0.0454002 -0.0246169 0.998666 3.80203
0.786135 -0.616115 -0.0489214 59.7874 0.616451 0.787334 -0.00969748 28.2168 0.0444922 -0.0225341 0.998756 3.85663
0.781516 -0.62199 -0.0485923 60.6305 0.622351 0.782685 -0.00916582 28.8744 0.0437335 -0.0230782 0.998777 3.9181
0.775753 -0.629221 -0.0478315 61.4699 0.629464 0.776942 -0.0116867 29.5558 0.0445158 -0.0210423 0.998787 3.97771
0.770794 -0.635184 -0.0491785 62.3076 0.635442 0.772052 -0.0121994 30.2385 0.0457172 -0.0218468 0.998716 4.03677
0.765269 -0.641837 -0.0490812 63.1129 0.641994 0.766571 -0.0145771 30.9514 0.0469803 -0.0203544 0.998688 4.08473
0.759546 -0.64855 -0.0497226 63.9513 0.648702 0.760891 -0.0152177 31.6419 0.0477028 -0.0206966 0.998647 4.14629
0.753379 -0.655701 -0.0497629 64.7882 0.655765 0.754766 -0.0173192 32.3886 0.0489156 -0.0195849 0.998611 4.21693
0.746931 -0.662997 -0.0502971 65.6292 0.663104 0.748336 -0.0169228 33.0982 0.0488589 -0.0207121 0.998591 4.28838
0.741159 -0.669617 -0.0479106 66.4339 0.669624 0.742475 -0.0182805 33.8479 0.0478134 -0.0185333 0.998684 4.32751
0.735222 -0.676335 -0.0449428 67.2291 0.676206 0.736433 -0.0203261 34.6005 0.0468446 -0.0154464 0.998783 4.38634
0.728421 -0.683614 -0.0455477 68.0464 0.683494 0.729666 -0.0206023 35.3457 0.0473186 -0.0161244 0.99875 4.45087
0.721584 -0.690729 -0.0470106 68.8517 0.690586 0.72292 -0.021849 36.1463 0.0490766 -0.0166989 0.998655 4.52271
0.715326 -0.697219 -0.0468413 69.7024 0.697046 0.716669 -0.0226479 36.9781 0.0493603 -0.0164499 0.998646 4.58432
0.710253 -0.70239 -0.0467879 70.4874 0.702281 0.711575 -0.0214882 37.7834 0.0483862 -0.0175962 0.998674 4.64055
0.705854 -0.706782 -0.0472174 71.3055 0.706705 0.707192 -0.0211715 38.5405 0.0483554 -0.0184248 0.99866 4.70772
0.700918 -0.711596 -0.0484252 72.0892 0.711558 0.702313 -0.0210343 39.3943 0.0489776 -0.019714 0.998605 4.77778
0.695819 -0.716488 -0.0498043 72.8855 0.716331 0.697343 -0.0241171 40.2139 0.0520103 -0.0188952 0.998468 4.84172
0.690148 -0.721867 -0.0510319 73.6401 0.721637 0.691777 -0.026156 41.0237 0.0541839 -0.0187751 0.998354 4.90768
0.685566 -0.726214 -0.0511147 74.4535 0.725914 0.687229 -0.0276598 41.8691 0.0552144 -0.0181423 0.99831 4.95633
0.679979 -0.731551 -0.0496088 75.2582 0.731246 0.681559 -0.0274891 42.7903 0.0539211 -0.0175842 0.99839 5.0454
0.675145 -0.736119 -0.0480339 76.0502 0.735763 0.676654 -0.0281427 43.6341 0.0532187 -0.0163412 0.998449 5.11258
0.670685 -0.74018 -0.048113 76.7996 0.739808 0.672209 -0.0286373 44.4683 0.0535388 -0.0163877 0.998431 5.18239
0.665748 -0.744678 -0.0472651 77.5749 0.744242 0.667247 -0.0297636 45.3541 0.0537018 -0.0153617 0.998439 5.24666
0.661236 -0.74871 -0.046902 78.3987 0.748281 0.662717 -0.0297009 46.2554 0.0533201 -0.0154565 0.998458 5.33009
0.657901 -0.7517 -0.0459763 79.1656 0.751214 0.659348 -0.0306172 47.0931 0.0533293 -0.014395 0.998473 5.39625
0.65375 -0.75545 -0.0436746 79.8871 0.754748 0.655121 -0.0342248 48.0089 0.0544673 -0.0105889 0.998459 5.46987
0.649331 -0.759339 -0.0421247 80.7094 0.75836 0.650663 -0.0390917 48.9432 0.0570928 -0.00656229 0.998347 5.54392
0.645041 -0.762968 -0.0424534 81.4729 0.761826 0.646416 -0.0420444 49.8759 0.0595211 -0.00522172 0.998213 5.63044
0.638292 -0.768897 -0.0371582 82.2583 0.767531 0.639372 -0.045825 50.7823 0.0589926 0.000729719 0.998258 5.70827
0.630269 -0.775615 -0.0344029 83.0257 0.774062 0.631191 -0.0492468 51.7153 0.0599114 0.00440868 0.998194 5.78621
0.621126 -0.783095 -0.0310744 83.7645 0.78151 0.621864 -0.0502837 52.6075 0.0587009 0.00694759 0.998251 5.86783
0.61203 -0.790375 -0.0269601 84.5287 0.788832 0.61255 -0.0502621 53.5807 0.0562403 0.00949493 0.998372 5.94471
0.603701 -0.796763 -0.0267114 85.2492 0.795247 0.604227 -0.0499207 54.5664 0.0559147 0.00889502 0.998396 6.02182
0.593747 -0.804154 -0.0283 85.9886 0.802541 0.594369 -0.0515139 55.5898 0.0582457 0.00787432 0.998271 6.09501
0.584232 -0.811097 -0.0282 86.6747 0.809346 0.584847 -0.0539779 56.5375 0.060274 0.0087121 0.998144 6.16754
0.574627 -0.817871 -0.029832 87.3865 0.816086 0.575359 -0.0544506 57.5449 0.0616977 0.00694331 0.998071 6.24563
0.564496 -0.825051 -0.0252036 88.1068 0.823212 0.564952 -0.0561358 58.5649 0.0605537 0.0109405 0.998105 6.33191
0.554322 -0.831997 -0.0225374 88.7591 0.830194 0.554641 -0.0561301 59.5556 0.0592002 0.0124037 0.998169 6.42165
0.543855 -0.838886 -0.0221883 89.4562 0.837075 0.544173 -0.0564066 60.6034 0.059393 0.0121038 0.998161 6.50291
0.533172 -0.845699 -0.0228175 90.1464 0.84381 0.533536 -0.057649 61.6599 0.0609277 0.0114831 0.998076 6.58664
0.523366 -0.851771 -0.0239773 90.7859 0.849843 0.523819 -0.0581463 62.7019 0.062087 0.0100548 0.99802 6.66983
0.513673 -0.857635 -0.0245427 91.4314 0.85562 0.51417 -0.0595266 63.7846 0.0636712 0.00957799 0.997925 6.75815
0.503393 -0.8637 -0.0248722 92.0692 0.86169 0.503935 -0.0594897 64.8576 0.0639152 0.0085145 0.997919 6.84422
0.494416 -0.868896 -0.0239243 92.7125 0.866973 0.494928 -0.0583411 65.9818 0.0625331 0.00810308 0.99801 6.93851
0.487639 -0.87276 -0.0223039 93.3257 0.871001 0.488086 -0.0559427 67.0804 0.0597107 0.00785311 0.998185 7.03493
0.479337 -0.877391 -0.0205294 93.8977 0.875563 0.479681 -0.0574073 68.1659 0.0602162 0.00954268 0.99814 7.10347
0.471589 -0.881568 -0.0210218 94.5184 0.879621 0.471962 -0.0593149 69.2975 0.0622116 0.00948101 0.998018 7.20573
0.464445 -0.885398 -0.0189902 95.1348 0.883225 0.464662 -0.0632632 70.4823 0.0648372 0.0126097 0.997816 7.2945
0.458906 -0.888269 -0.0195927 95.7041 0.885962 0.459153 -0.0651992 71.5772 0.0669104 0.012562 0.99768 7.39199
0.453484 -0.891072 -0.0184995 96.2769 0.888533 0.45362 -0.0688298 72.6961 0.0697241 0.0147757 0.997457 7.48033
0.448891 -0.893391 -0.0187032 96.8772 0.890832 0.449052 -0.0690756 73.847 0.0701102 0.014346 0.997436 7.5931
0.445316 -0.895271 -0.0135395 97.3866 0.892893 0.445157 -0.0676639 74.9953 0.0666048 0.0180425 0.997616 7.69152
0.441667 -0.897149 -0.00735126 97.9787 0.894992 0.441147 -0.0661643 76.086 0.0626023 0.0226433 0.997782 7.7796
0.438631 -0.898638 -0.00731544 98.5432 0.896614 0.438164 -0.0639975 77.2502 0.060716 0.0215122 0.997923 7.88923
0.435231 -0.900296 -0.00638319 99.0536 0.898306 0.434721 -0.0637431 78.3748 0.0601626 0.0220089 0.997946 7.97167
0.432493 -0.901631 -0.00319369 99.6281 0.899769 0.431823 -0.0628055 79.506 0.0580065 0.0242894 0.998021 8.07159
0.430732 -0.902479 -0.00128106 100.144 0.900718 0.42998 -0.0618486 80.6104 0.0563679 0.0254863 0.998085 8.15626
0.428839 -0.90338 0.00116766 100.683 0.901586 0.427905 -0.0635663 81.746 0.0569249 0.0283125 0.997977 8.24622
0.426658 -0.904403 0.00410801 101.174 0.90267 0.42555 -0.0639766 82.8218 0.0561125 0.0310043 0.997943 8.32362
0.423758 -0.905728 0.0092362 101.672 0.904178 0.422383 -0.0636767 83.9424 0.0537726 0.0353347 0.997928 8.40455
0.422514 -0.906304 0.00975669 102.18 0.904871 0.421181 -0.061756 85.0189 0.0518603 0.0349213 0.998044 8.493
0.420646 -0.907153 0.0114519 102.67 0.905749 0.419208 -0.0623119 86.0754 0.0517256 0.0365838 0.997991 8.57465
0.419549 -0.907622 0.0141713 103.166 0.906198 0.417882 -0.0646576 87.1811 0.0527627 0.0399691 0.997807 8.64375
0.419932 -0.907489 0.0109773 103.626 0.905974 0.418456 -0.0640715 88.1657 0.0535507 0.0368509 0.997885 8.72702
0.419948 -0.907499 0.00943837 104.133 0.905892 0.418531 -0.0647489 89.3142 0.0548093 0.0357413 0.997857 8.80318
0.42183 -0.906647 0.00711225 104.605 0.904984 0.420551 -0.0643422 90.3361 0.0553446 0.0335779 0.997903 8.88258
0.4255 -0.904946 0.0048282 105.093 0.90321 0.42434 -0.0644031 91.3453 0.0562325 0.0317644 0.997912 8.9636
0.430004 -0.902814 0.00478598 105.554 0.900995 0.428787 -0.0659568 92.3447 0.0574946 0.0326738 0.997811 9.04176
0.435881 -0.900002 0.00226125 106.064 0.898124 0.434806 -0.0657002 93.3744 0.0581471 0.0306683 0.997837 9.12793
0.443282 -0.896379 0.00215204 106.5 0.894551 0.442222 -0.0649479 94.3375 0.0572662 0.0307153 0.997886 9.20172
0.45077 -0.892639 0.00153117 107.009 0.89088 0.449772 -0.0635516 95.3436 0.05604 0.0300112 0.997977 9.28606
0.460012 -0.887912 0.000912985 107.567 0.886153 0.459036 -0.0633931 96.3411 0.0558684 0.0299707 0.997988 9.35553
0.468763 -0.883324 -0.00039148 107.992 0.881544 0.467847 -0.0632388 97.2997 0.0560435 0.0292989 0.997998 9.42406
0.478311 -0.878182 -0.00395667 108.559 0.876337 0.477589 -0.0627784 98.2471 0.0570205 0.0265602 0.99802 9.50029
0.489237 -0.872114 -0.00802815 109.058 0.870136 0.488712 -0.0634372 99.2207 0.0592479 0.0240503 0.997954 9.56845
0.50089 -0.865445 -0.0106998 109.604 0.863362 0.500478 -0.0642421 100.197 0.060953 0.0229404 0.997877 9.6581
0.512872 -0.85834 -0.0146717 110.169 0.856361 0.512736 -0.0612163 101.114 0.060067 0.0188319 0.998017 9.73777
0.525839 -0.850447 -0.0152549 110.779 0.848577 0.525745 -0.0592384 102.095 0.0583993 0.0182049 0.998127 9.80839
0.537762 -0.842943 -0.0160857 111.332 0.841204 0.537735 -0.0567137 103.003 0.0564563 0.0169672 0.998261 9.87329
0.549931 -0.835094 -0.0139662 111.884 0.833343 0.549742 -0.0576445 103.88 0.0558164 0.0200618 0.998239 9.96686
0.560354 -0.828125 -0.0145493 112.457 0.826354 0.560172 -0.0578489 104.743 0.0560562 0.0203929 0.998219 10.0193
0.572272 -0.819905 -0.016137 113.108 0.818033 0.572128 -0.0590817 105.638 0.0576738 0.0206102 0.998123 10.1082
0.582762 -0.812499 -0.0152571 113.706 0.810561 0.58251 -0.0606029 106.52 0.0581272 0.0229503 0.998045 10.1901
0.593774 -0.804466 -0.0163348 114.294 0.802571 0.593583 -0.059488 107.354 0.0575521 0.0222125 0.998095 10.2656
0.603931 -0.796864 -0.0165611 114.931 0.795091 0.603778 -0.0572875 108.166 0.0556496 0.0214301 0.99822 10.3254
0.613969 -0.789219 -0.0132648 115.533 0.78759 0.613645 -0.0560548 108.969 0.0523793 0.0239687 0.99834 10.3935
0.623906 -0.781359 -0.0148365 116.158 0.779789 0.623683 -0.0542938 109.734 0.0516762 0.0223049 0.998415 10.4603
0.633717 -0.773358 -0.0178798 116.8 0.771784 0.633657 -0.0531919 110.523 0.052466 0.0199093 0.998424 10.5327
0.643003 -0.765611 -0.0196653 117.399 0.76402 0.643024 -0.0528502 111.276 0.0531079 0.0189581 0.998409 10.5958
0.652267 -0.757702 -0.0208478 118.042 0.756166 0.652358 -0.0513955 112.057 0.0525428 0.0177591 0.998461 10.6681
0.661536 -0.749643 -0.0201442 118.675 0.748183 0.661595 -0.0501477 112.786 0.0509202 0.0181029 0.998539 10.7316
0.670038 -0.742089 -0.0187601 119.317 0.740689 0.670024 -0.0494746 113.508 0.0492843 0.0192545 0.998599 10.7934
0.678209 -0.73462 -0.0191163 119.999 0.733316 0.678237 -0.0473537 114.231 0.0477524 0.0180974 0.998695 10.8511
0.685971 -0.727331 -0.020831 120.629 0.726065 0.686092 -0.0459032 114.939 0.0476787 0.0163636 0.998729 10.9116
0.693749 -0.719916 -0.0208165 121.296 0.718692 0.693871 -0.0449915 115.654 0.0468341 0.0162521 0.99877 10.9709
0.701015 -0.712872 -0.0197693 121.957 0.711773 0.701116 -0.0425969 116.322 0.0442267 0.0157898 0.998897 11.0289
0.707882 -0.706077 -0.0189237 122.597 0.705083 0.707969 -0.0404606 116.959 0.0419657 0.0152986 0.999002 11.0779
0.715292 -0.698554 -0.0194814 123.231 0.697643 0.715426 -0.0382175 117.591 0.0406345 0.0137456 0.99908 11.1235
0.722598 -0.690977 -0.0200611 123.905 0.690096 0.722758 -0.0372617 118.229 0.0402463 0.0130812 0.999104 11.1901
0.731336 -0.681698 -0.0208927 124.57 0.680911 0.731551 -0.0345649 118.907 0.0388468 0.0110525 0.999184 11.2268
0.739629 -0.672719 -0.0199703 125.198 0.672051 0.739832 -0.031554 119.447 0.0360016 0.00991719 0.999303 11.2731
0.749165 -0.662092 -0.0196304 125.875 0.66156 0.749383 -0.0276368 120.084 0.0330088 0.00771783 0.999425 11.3117
0.759073 -0.650693 -0.0201917 126.524 0.650233 0.759318 -0.0251733 120.628 0.031712 0.00597907 0.999479 11.3566
0.768425 -0.639573 -0.0216559 127.128 0.639114 0.768713 -0.0247884 121.155 0.0325011 0.00520743 0.999458 11.3994
0.778813 -0.626829 -0.0231476 127.84 0.626349 0.779141 -0.0250183 121.732 0.0337175 0.00498609 0.999419 11.4458
0.788966 -0.613995 -0.0232838 128.513 0.613529 0.789294 -0.0244382 122.268 0.0333828 0.00499563 0.99943 11.4878
0.798001 -0.602219 -0.0229496 129.14 0.601795 0.798318 -0.0230503 122.75 0.0322024 0.00458313 0.999471 11.5135
0.808691 -0.587855 -0.0210876 129.842 0.587504 0.808954 -0.0208058 123.248 0.0292897 0.00443639 0.999561 11.5412
0.818462 -0.574239 -0.0192109 130.543 0.573939 0.818675 -0.0191355 123.743 0.0267158 0.00463581 0.999632 11.5785
0.827203 -0.561653 -0.0168035 131.245 0.5614 0.827357 -0.0175945 124.205 0.0237845 0.00512078 0.999704 11.6165
0.834681 -0.550532 -0.0149049 131.928 0.550296 0.834791 -0.0172611 124.645 0.0219453 0.00620534 0.99974 11.6414
0.8422 -0.539005 -0.0131448 132.628 0.538782 0.842271 -0.0171396 125.105 0.0203098 0.0073528 0.999767 11.6748
0.848511 -0.529013 -0.0131877 133.333 0.528788 0.84858 -0.0171846 125.556 0.0202817 0.00760778 0.999765 11.7068
0.855423 -0.517759 -0.0132818 134.062 0.517552 0.855498 -0.0162434 126.016 0.0197727 0.00702098 0.99978 11.7251
0.862654 -0.505617 -0.0133647 134.809 0.505449 0.862741 -0.0141597 126.442 0.0186896 0.00545972 0.99981 11.7526
0.86968 -0.493434 -0.0134053 135.569 0.493294 0.869773 -0.0125293 126.887 0.017842 0.00428375 0.999832 11.7648
0.875494 -0.483048 -0.0132265 136.327 0.4829 0.87558 -0.0129236 127.307 0.0178236 0.00492744 0.999829 11.7986
0.879925 -0.474922 -0.0134274 137.033 0.474746 0.880005 -0.0144051 127.699 0.0186575 0.00630085 0.999806 11.8266
0.88422 -0.466865 -0.0138555 137.801 0.466674 0.884302 -0.0150056 128.093 0.0192581 0.00680225 0.999791 11.852
0.88786 -0.45992 -0.0133476 138.569 0.459747 0.887937 -0.0141573 128.501 0.018363 0.00643315 0.999811 11.8738
0.891333 -0.45322 -0.0108377 139.4 0.453097 0.89138 -0.0120458 128.932 0.0151199 0.00582629 0.999869 11.9031
0.894012 -0.447968 -0.00822151 140.163 0.447906 0.894041 -0.00838748 129.296 0.0111077 0.00381604 0.999931 11.9133
0.897455 -0.441059 -0.00641706 140.979 0.44103 0.897475 -0.00554192 129.74 0.00820347 0.0021435 0.999964 11.9245
0.900909 -0.433977 -0.00525126 141.828 0.433968 0.900924 -0.00283253 130.126 0.00596024 0.000272976 0.999982 11.9423
0.904249 -0.42699 -0.0036229 142.647 0.42699 0.904256 -0.00080599 130.544 0.00362018 -0.000818126 0.999993 11.9498
0.907279 -0.420526 -0.0013085 143.487 0.420527 0.90728 0.00038487 130.943 0.00102533 -0.000899446 0.999999 11.9655
0.910955 -0.412503 0.0012128 144.341 0.412502 0.910956 0.000655542 131.342 -0.00137522 -9.68869e-05 0.999999 11.9722
0.914413 -0.404776 0.00226657 145.27 0.404775 0.914416 0.000622493 131.728 -0.00232456 0.000348235 0.999997 11.9819
0.918148 -0.39623 0.00252372 146.155 0.396232 0.91815 -0.000190115 132.117 -0.00224182 0.00117453 0.999997 11.9638
0.92182 -0.387604 0.00331741 147.032 0.387613 0.921819 -0.0025856 132.49 -0.00205586 0.00366933 0.999991 11.9989
0.926068 -0.377349 0.00249047 147.972 0.377356 0.92606 -0.00385688 132.89 -0.000850935 0.00451153 0.999989 11.9919
0.93036 -0.366647 0.000784826 148.919 0.366646 0.930347 -0.00499218 133.273 0.00110021 0.00493228 0.999987 12.0068
0.935554 -0.353182 -0.000577269 149.861 0.353179 0.93555 -0.00320623 133.631 0.00167245 0.00279573 0.999995 12.0071
0.941439 -0.337183 -0.000775778 150.821 0.337183 0.941439 0.000130206 134.007 0.000686444 -0.00038416 1 12.0158
0.947731 -0.31907 0.000979027 151.827 0.319063 0.947723 0.00436314 134.344 -0.00231999 -0.00382271 0.99999 12.012
0.954268 -0.298947 0.00198778 152.842 0.298925 0.954248 0.0074552 134.702 -0.00412555 -0.00652006 0.99997 12.0222
0.960846 -0.277069 0.00264653 153.882 0.277034 0.960814 0.00936778 135.008 -0.00513835 -0.00826782 0.999953 12.0307
0.966468 -0.256755 0.00402027 154.922 0.256698 0.966428 0.0110702 135.291 -0.00672763 -0.009667 0.999931 12.0225
0.972049 -0.234673 0.00710458 156.003 0.23458 0.972024 0.0118802 135.556 -0.00969379 -0.00988156 0.999904 12.033
0.97698 -0.213082 0.0102776 157.08 0.212932 0.976967 0.0140075 135.812 -0.0130256 -0.0114967 0.999849 12.0167
0.981466 -0.191067 0.0147453 158.18 0.190828 0.981489 0.0162193 136.024 -0.0175714 -0.0131048 0.99976 12.0265
0.985632 -0.167949 0.017969 159.326 0.167622 0.985679 0.0184141 136.216 -0.0208043 -0.0151375 0.999669 12.005
0.989223 -0.145269 0.0183163 160.461 0.144898 0.98924 0.0201939 136.419 -0.0210528 -0.0173223 0.999628 11.9902
0.9921 -0.124298 0.0169805 161.581 0.123954 0.992087 0.0199639 136.576 -0.0193276 -0.0177014 0.999656 11.9792
0.99456 -0.102904 0.0161536 162.745 0.102576 0.994524 0.0199986 136.692 -0.0181231 -0.0182329 0.99967 11.9582
0.99641 -0.0826044 0.0185508 163.898 0.0822569 0.996434 0.0187745 136.802 -0.0200355 -0.0171812 0.999652 11.9567
0.997846 -0.0621773 0.0209196 165.093 0.061779 0.997906 0.0191786 136.92 -0.0220683 -0.0178449 0.999597 11.9363
0.99888 -0.0417041 0.0223636 166.32 0.0412615 0.99895 0.0198993 136.952 -0.02317 -0.0189543 0.999552 11.9274
0.999483 -0.0220263 0.0234034 167.499 0.0215277 0.99954 0.0213467 137.005 -0.0238629 -0.0208319 0.999498 11.9022
0.999704 -0.00122171 0.0243094 168.759 0.000689377 0.99976 0.0218945 137 -0.0243303 -0.0218713 0.999465 11.8818
0.999519 0.0190123 0.0244969 169.999 -0.0196036 0.999517 0.0241277 137.014 -0.0240263 -0.0245963 0.999409 11.8582
0.998948 0.0392334 0.0237477 171.276 -0.0398334 0.998885 0.025345 136.964 -0.0227268 -0.0262643 0.999397 11.8322
0.997967 0.0595948 0.0225833 172.476 -0.0601645 0.997864 0.0254477 136.906 -0.0210185 -0.0267547 0.999421 11.824
0.996725 0.0782273 0.0204863 173.812 -0.0787783 0.996509 0.0276325 136.82 -0.0182532 -0.0291559 0.999408 11.8025
0.995077 0.0971623 0.0195368 175.067 -0.0976889 0.99482 0.0280941 136.741 -0.0167059 -0.0298643 0.999414 11.7875
0.993005 0.116792 0.0173264 176.357 -0.117245 0.992708 0.0279973 136.572 -0.0139302 -0.0298329 0.999458 11.7833
0.990736 0.135194 0.0128534 177.655 -0.135524 0.99033 0.0296512 136.405 -0.00872039 -0.0311184 0.999478 11.7683
0.988061 0.153892 0.00721954 178.985 -0.154044 0.98757 0.0312503 136.215 -0.00232062 -0.0319894 0.999486 11.7836
0.985136 0.171755 0.00278706 180.316 -0.17175 0.98456 0.0338027 136.011 0.00306176 -0.033779 0.999425 11.7725
0.981954 0.18912 0.000125696 181.599 -0.189005 0.981331 0.035588 135.807 0.00660707 -0.0349696 0.999367 11.7977
0.978207 0.207623 -0.00173341 182.937 -0.207409 0.977514 0.0380463 135.497 0.00959373 -0.0368577 0.999274 11.8094
0.974402 0.224811 -0.0011535 184.281 -0.22461 0.973726 0.0375215 135.225 0.00955843 -0.0363019 0.999295 11.8281
0.970272 0.242016 -0.00112456 185.605 -0.241816 0.969639 0.0363918 134.921 0.00989782 -0.035038 0.999337 11.8463
0.965976 0.258572 -0.00551236 186.968 -0.258216 0.965415 0.0360462 134.583 0.0146422 -0.0333963 0.999335 11.8924
0.961194 0.275733 -0.00882024 188.299 -0.275233 0.960649 0.0374167 134.232 0.0187901 -0.033537 0.999261 11.9209
0.956356 0.29209 -0.00822412 189.686 -0.291555 0.955725 0.0398276 133.826 0.0194932 -0.0356916 0.999173 11.9424
0.950837 0.309611 -0.00708643 191.017 -0.309071 0.950129 0.0415943 133.435 0.0196111 -0.0373592 0.999109 11.9842
0.94485 0.327394 -0.0084839 192.375 -0.326698 0.944025 0.045673 132.968 0.0229621 -0.0403824 0.99892 12.0099
0.938261 0.345754 -0.0109654 193.76 -0.344915 0.937468 0.0467769 132.485 0.026453 -0.0401068 0.998845 12.0648
0.932131 0.361897 -0.0127425 195.037 -0.360959 0.931381 0.0473051 132 0.0289877 -0.039495 0.998799 12.0969
0.924692 0.380341 -0.0168848 196.431 -0.379217 0.924078 0.047687 131.484 0.0337402 -0.0376928 0.99872 12.1653
0.916868 0.398638 -0.0209973 197.749 -0.397224 0.916303 0.0510091 130.94 0.039574 -0.038428 0.998477 12.242
0.907299 0.419882 -0.0225545 199.093 -0.418248 0.906696 0.05451 130.332 0.0433378 -0.0400234 0.998258 12.3018
0.896037 0.443457 -0.0215101 200.43 -0.44172 0.895313 0.0574359 129.732 0.0447287 -0.0419632 0.998117 12.3668
0.883565 0.467859 -0.020528 201.719 -0.465951 0.882663 0.0616076 129.077 0.046943 -0.0448692 0.997889 12.445
0.869835 0.492919 -0.0204378 203.044 -0.490768 0.868781 0.0660784 128.375 0.0503273 -0.0474471 0.997605 12.5244
0.855522 0.517359 -0.020522 204.348 -0.515026 0.854398 0.0689296 127.636 0.0531953 -0.0484015 0.99741 12.609
0.840473 0.541469 -0.0203933 205.631 -0.538987 0.839301 0.07118 126.86 0.0556579 -0.0488331 0.997255 12.6979
0.824466 0.565529 -0.0207901 206.937 -0.562911 0.82332 0.072631 126.025 0.0581918 -0.0481788 0.997142 12.8015
0.809402 0.586798 -0.0231438 208.073 -0.583934 0.808385 0.0743884 125.255 0.0623601 -0.0466957 0.996961 12.9022
0.792535 0.609265 -0.0261625 209.329 -0.606057 0.791673 0.0771305 124.316 0.0677051 -0.0452727 0.996678 13.0207
0.776372 0.629656 -0.0279334 210.514 -0.626245 0.775654 0.0786031 123.414 0.0711596 -0.0435321 0.996515 13.1262
0.760743 0.648407 -0.0289509 211.677 -0.644825 0.760119 0.080127 122.464 0.073961 -0.0422878 0.996364 13.2481
0.744749 0.666688 -0.0296003 212.847 -0.663027 0.74424 0.0806356 121.486 0.0757885 -0.0404275 0.996304 13.3674
0.729157 0.683687 -0.0300265 213.986 -0.679947 0.72874 0.081307 120.475 0.0774701 -0.0388692 0.996237 13.4997
0.714425 0.698993 -0.0317249 215.044 -0.695145 0.714204 0.0817652 119.424 0.0798113 -0.0363617 0.996147 13.6275
0.699067 0.714234 -0.0342777 216.163 -0.710203 0.699099 0.0828984 118.394 0.0831724 -0.0336074 0.995968 13.7616
0.684871 0.727729 -0.0369071 217.226 -0.723415 0.685134 0.0852205 117.27 0.0873037 -0.0316659 0.995678 13.9183
0.669501 0.741847 -0.03783 218.27 -0.737306 0.669865 0.0875266 116.144 0.0902724 -0.0307069 0.995444 14.0509
0.653837 0.755711 -0.0373799 219.282 -0.751159 0.654245 0.0878853 115.003 0.0908715 -0.0293844 0.995429 14.2036
0.637942 0.769281 -0.0351655 220.309 -0.764694 0.638209 0.0890579 113.871 0.0909535 -0.0299229 0.995405 14.3586
0.621154 0.783083 -0.0307874 221.278 -0.778536 0.621092 0.0901505 112.687 0.0897172 -0.0320283 0.995452 14.5214
0.603773 0.796741 -0.0257356 222.233 -0.792256 0.603323 0.0912763 111.5 0.0882504 -0.0347209 0.995493 14.6692
0.585724 0.81022 -0.02168 223.162 -0.805734 0.584964 0.0927949 110.296 0.0878664 -0.036884 0.995449 14.8276
0.567939 0.822846 -0.0192396 224.026 -0.818183 0.566955 0.0955991 109.105 0.0895713 -0.0385529 0.995234 14.9875
0.550112 0.834931 -0.0163653 224.854 -0.830044 0.548834 0.0990347 107.918 0.0916689 -0.0408963 0.994949 15.1352
0.531287 0.847086 -0.013382 225.65 -0.842282 0.52984 0.0991439 106.658 0.0910738 -0.0414025 0.994983 15.2969
0.510244 0.859969 -0.0102341 226.429 -0.855334 0.508663 0.0983135 105.445 0.0897523 -0.0414102 0.995103 15.464
0.489623 0.87191 -0.00654569 227.177 -0.867578 0.487912 0.0961751 104.205 0.0870498 -0.0414106 0.995343 15.6098
0.469243 0.883065 -0.00269212 227.839 -0.879004 0.467373 0.0944178 103.018 0.0846353 -0.0419385 0.995529 15.7489
0.446917 0.894575 -0.00100967 228.521 -0.890634 0.445053 0.0932668 101.742 0.0838835 -0.0407832 0.995641 15.8965
0.426334 0.904565 0.000970809 229.12 -0.900695 0.424411 0.0928683 100.457 0.0835934 -0.0404673 0.995678 16.0521
0.405573 0.914062 0.000946358 229.731 -0.910184 0.403757 0.0924463 99.1971 0.0841195 -0.0383551 0.995717 16.1928
0.383796 0.923418 0.000386576 230.284 -0.919496 0.382127 0.0922265 97.9265 0.0850159 -0.0357516 0.995738 16.3364
0.362924 0.931819 -0.000448996 230.817 -0.927902 0.361442 0.0914161 96.6954 0.0853455 -0.0327604 0.995813 16.4761
0.342103 0.939662 -0.000351558 231.313 -0.935845 0.340747 0.0899246 95.4188 0.0846186 -0.0304345 0.995949 16.6249
0.32239 0.946607 -0.000672698 231.709 -0.942784 0.321152 0.0895585 94.1485 0.0849927 -0.0282386 0.995981 16.7458
0.301772 0.95338 0.000685786 232.161 -0.949191 0.300378 0.0938572 92.9302 0.0892755 -0.0289744 0.995585 16.8888
0.282771 0.959186 0.00157719 232.543 -0.954224 0.28114 0.102059 91.6999 0.0974497 -0.0303642 0.994777 17.0239
0.263521 0.964643 0.00445538 232.92 -0.958947 0.261458 0.109822 90.4921 0.104774 -0.0332129 0.993941 17.1669
0.243888 0.969772 0.00780442 233.283 -0.963767 0.241466 0.113346 89.2534 0.108036 -0.0351655 0.993525 17.3295
0.225348 0.974197 0.0125604 233.56 -0.96811 0.222455 0.115222 88.0265 0.109455 -0.038125 0.99326 17.4865
0.206187 0.978351 0.0177872 233.86 -0.972408 0.202839 0.115232 86.7803 0.109129 -0.0410557 0.993179 17.632
0.186857 0.982156 0.0212942 234.12 -0.976347 0.183265 0.114722 85.5868 0.108772 -0.0422271 0.993169 17.7967
0.168089 0.985454 0.0250402 234.344 -0.979812 0.16423 0.114006 84.3357 0.108236 -0.0436979 0.993164 17.9369
0.15005 0.988334 0.026095 234.548 -0.982712 0.146197 0.113594 83.1408 0.108454 -0.0426886 0.993185 18.0926
0.131125 0.990939 0.0290976 234.73 -0.985266 0.127011 0.114542 81.9284 0.109808 -0.0436881 0.992992 18.2444
0.11209 0.993161 0.0326778 234.931 -0.987274 0.107572 0.11713 80.7168 0.112813 -0.045391 0.992579 18.3917
0.0940294 0.994974 0.0344234 235.058 -0.989037 0.0894023 0.117525 79.5392 0.113857 -0.0450969 0.992473 18.5698
0.0764871 0.996379 0.0371185 235.167 -0.990729 0.0717561 0.115354 78.382 0.112273 -0.0455975 0.992631 18.7055
0.0606651 0.997484 0.0366859 235.253 -0.992207 0.0562553 0.111175 77.1815 0.108831 -0.0431444 0.993124 18.8569
0.0462162 0.998253 0.0367991 235.329 -0.993409 0.0420614 0.106625 76.0302 0.104891 -0.0414844 0.993618 18.9972
0.0331946 0.998771 0.0367919 235.373 -0.994171 0.0292186 0.103783 74.8833 0.102581 -0.0400225 0.993919 19.1312
0.0234742 0.999006 0.0378953 235.377 -0.994417 0.0194322 0.103714 73.7372 0.102874 -0.0401183 0.993885 19.2648
0.0148624 0.999162 0.0381475 235.434 -0.994398 0.0107769 0.105151 72.6359 0.104651 -0.0394966 0.993724 19.4178
0.00859064 0.99911 0.0412974 235.461 -0.994187 0.00410125 0.107588 71.5105 0.107323 -0.0419816 0.993337 19.5424
0.00319248 0.999119 0.0418399 235.469 -0.993664 -0.001531 0.112378 70.4527 0.112343 -0.0419336 0.992784 19.6569
-0.00218979 0.999075 0.0429451 235.475 -0.992916 -0.00727404 0.118594 69.3937 0.118796 -0.0423812 0.992014 19.8396
-0.00605792 0.998989 0.0445361 235.467 -0.992633 -0.0113968 0.120621 68.3275 0.121006 -0.0434773 0.991699 19.9812
-0.0111438 0.998987 0.0436011 235.478 -0.99335 -0.0160569 0.114009 67.2315 0.114594 -0.0420406 0.992522 20.1001
-0.0135402 0.998994 0.0427466 235.465 -0.994211 -0.0180077 0.105923 66.1603 0.106586 -0.0410649 0.993455 20.2169
-0.0148143 0.999005 0.0420644 235.444 -0.994685 -0.0190113 0.101198 65.1067 0.101897 -0.0403416 0.993977 20.3461
-0.0152912 0.998983 0.0424048 235.426 -0.994537 -0.0195755 0.102534 64.0845 0.10326 -0.0406053 0.993825 20.4765
-0.0139637 0.998991 0.0426875 235.425 -0.994232 -0.0184119 0.105654 63.0879 0.106334 -0.0409659 0.993486 20.5969
-0.0117305 0.998938 0.04456 235.417 -0.99403 -0.016484 0.107856 62.0359 0.108476 -0.0430288 0.993167 20.7275
-0.0095348 0.99889 0.0461219 235.406 -0.993885 -0.014541 0.109456 61.0637 0.110006 -0.0447962 0.992921 20.8332
-0.00633231 0.998846 0.0476157 235.419 -0.993851 -0.0115501 0.110119 60.0039 0.110541 -0.0466257 0.992777 20.9681
-0.002926 0.998815 0.0485753 235.432 -0.993712 -0.008341 0.111652 59.0143 0.111925 -0.0479432 0.992559 21.0841
0.00254372 0.998691 0.0510807 235.45 -0.993659 -0.00321743 0.112387 58.02 0.112404 -0.0510426 0.992351 21.212
0.00847261 0.998708 0.0501034 235.464 -0.993724 0.00282017 0.111827 57.0393 0.111541 -0.0507364 0.992464 21.316
0.0155405 0.998705 0.0484357 235.458 -0.993827 0.0101064 0.110481 56.0323 0.109848 -0.0498537 0.992697 21.4453
0.0222329 0.998647 0.0470004 235.497 -0.993745 0.0169287 0.110381 55.0416 0.109436 -0.0491605 0.992777 21.585
0.0297876 0.998498 0.0459933 235.515 -0.993506 0.0245209 0.111105 54.1001 0.10981 -0.0490042 0.992744 21.6932
0.0367352 0.998301 0.0452246 235.575 -0.993348 0.0315357 0.110753 53.1324 0.109138 -0.0489923 0.992819 21.8243
0.0434292 0.997988 0.0461872 235.609 -0.993182 0.0381216 0.110163 52.1401 0.108181 -0.0506567 0.99284 21.9251
0.0497771 0.997701 0.0459978 235.683 -0.993121 0.0445561 0.108288 51.179 0.10599 -0.0510717 0.993055 22.0473
0.0568654 0.997391 0.0444732 235.742 -0.99294 0.0518548 0.106681 50.1868 0.104097 -0.0502257 0.993298 22.1665
0.0635044 0.99701 0.0440325 235.802 -0.992511 0.0584814 0.107247 49.2194 0.104351 -0.0505134 0.993257 22.2724
0.0705983 0.996572 0.0431338 235.85 -0.991825 0.0655228 0.109497 48.2272 0.106295 -0.0505115 0.993051 22.3865
0.0768324 0.99614 0.0424464 235.962 -0.991174 0.0716982 0.111504 47.3065 0.10803 -0.0506388 0.992857 22.4887
0.0842983 0.995471 0.043948 236.027 -0.990474 0.0788925 0.112861 46.337 0.108883 -0.0530433 0.992638 22.6182
0.0910696 0.994845 0.0446056 236.141 -0.989796 0.0854965 0.113988 45.3946 0.109587 -0.0545313 0.99248 22.7106
0.0977668 0.994287 0.0428373 236.228 -0.989216 0.092371 0.113666 44.4388 0.10906 -0.0534881 0.992595 22.8175
0.104001 0.993635 0.0432784 236.317 -0.988823 0.098627 0.111808 43.459 0.106828 -0.0544227 0.992787 22.9228
0.110715 0.992932 0.0427481 236.449 -0.988368 0.10549 0.109546 42.5802 0.104263 -0.0543793 0.993062 23.0561
0.11707 0.99221 0.0425949 236.545 -0.9877 0.111848 0.109264 41.6067 0.103648 -0.0548625 0.9931 23.165
0.12348 0.991484 0.0413709 236.691 -0.986868 0.118316 0.109966 40.6784 0.104135 -0.0544062 0.993074 23.2738
0.13071 0.990671 0.0385429 236.796 -0.985805 0.12574 0.111258 39.6987 0.105374 -0.0525384 0.993044 23.3636
0.139313 0.98955 0.0371839 236.93 -0.984497 0.134364 0.112749 38.7799 0.106574 -0.0523148 0.992928 23.4892
0.148484 0.98825 0.0362654 237.058 -0.983028 0.143505 0.114291 37.8584 0.107744 -0.0526203 0.992785 23.5951
0.158471 0.986688 0.0365198 237.21 -0.981329 0.153312 0.116144 36.9261 0.108999 -0.0542433 0.992561 23.7154
0.166778 0.985308 0.0367815 237.404 -0.980064 0.161575 0.115619 36.0045 0.107977 -0.055331 0.992612 23.8042
0.172255 0.984324 0.0378625 237.573 -0.97934 0.166996 0.114038 35.0587 0.105928 -0.0567239 0.992755 23.9323
0.176209 0.983578 0.0390498 237.739 -0.978645 0.170783 0.114397 34.1427 0.105849 -0.0583736 0.992667 24.0402
0.177912 0.983265 0.0391988 237.916 -0.978182 0.172369 0.115968 33.2552 0.10727 -0.0589757 0.992479 24.1366
0.18116 0.98272 0.0379715 238.085 -0.977432 0.17565 0.117362 32.2877 0.108664 -0.0583758 0.992363 24.2404
0.184164 0.982217 0.0365132 238.271 -0.976895 0.178815 0.117051 31.3741 0.108441 -0.0572262 0.992454 24.343
0.186494 0.981842 0.0347305 238.462 -0.97649 0.181356 0.116521 30.4079 0.108106 -0.0556444 0.992581 24.4747
0.189168 0.981443 0.0313788 238.652 -0.975897 0.184365 0.116769 29.5054 0.108817 -0.0527113 0.992663 24.5586
0.193646 0.980531 0.0325735 238.847 -0.97491 0.188609 0.118225 28.4949 0.109779 -0.05465 0.992452 24.7075
