1 0 0 0 0 1 0 0 -0 0 1 0
0.999887 0.0150402 -0.000255629 0.0330778 -0.0150399 0.999886 0.00102338 0.0681286 0.000270992 -0.00101942 0.999999 0.0472417
0.999269 0.0382407 0.000241161 0.281383 -0.0382414 0.999258 0.00465059 -0.00788909 -6.31404e-05 -0.00465641 0.999989 0.0395382
0.997901 0.0647249 0.00193233 0.421072 -0.0647359 0.997882 0.00631364 -0.0203367 -0.00151959 -0.00642548 0.999978 0.0324138
0.995294 0.0968317 0.00371415 0.568728 -0.0968529 0.99528 0.00602966 -0.0435357 -0.00311276 -0.00636101 0.999975 0.0333147
0.990693 0.135963 0.00641975 0.798815 -0.135984 0.990706 0.0030405 -0.109608 -0.00594669 -0.00388518 0.999975 0.025521
0.984652 0.174388 0.00698244 0.96483 -0.174393 0.984676 4.65418e-05 -0.157427 -0.00686732 -0.00126351 0.999976 0.0577253
0.976038 0.217456 0.00796258 1.21654 -0.217462 0.976069 -5.20392e-05 -0.246067 -0.00778334 -0.00168077 0.999968 0.0495374
0.96407 0.265374 0.0120574 1.38344 -0.265397 0.964139 0.000297941 -0.345922 -0.011546 -0.00348724 0.999927 0.0348303
0.949604 0.312901 0.0186028 1.64992 -0.31289 0.949783 -0.00356854 -0.471666 -0.0187852 -0.00243193 0.999821 0.0122049
0.932764 0.359678 0.0241484 1.82559 -0.359453 0.93307 -0.0132165 -0.543735 -0.0272858 0.00364771 0.999621 0.0416637
0.911271 0.410921 0.0270114 2.09827 -0.410537 0.911652 -0.0187297 -0.695005 -0.0323214 0.00597865 0.99946 0.0410768
0.886 0.462677 0.0305676 2.34933 -0.462237 0.886517 -0.0205899 -0.872094 -0.0366252 0.00411319 0.999321 0.0395835
0.857996 0.512489 0.0346176 2.55743 -0.512001 0.858692 -0.0224138 -1.0307 -0.0412127 0.00150667 0.999149 0.00914181
0.82526 0.563569 0.0365403 2.84778 -0.562897 0.826066 -0.0276057 -1.25296 -0.0457425 0.00221348 0.998951 0.00786381
0.789887 0.612141 0.0369004 3.03486 -0.611252 0.79074 -0.0331885 -1.45706 -0.0494947 0.00365969 0.998768 0.00880943
0.752259 0.65786 0.0364331 3.23099 -0.656781 0.753126 -0.037947 -1.69772 -0.0524025 0.00461742 0.998615 -0.00636852
0.711877 0.70145 0.0346249 3.51852 -0.700258 0.7127 -0.0412017 -1.98833 -0.0535781 0.0050842 0.998551 -0.0228904
0.670186 0.7414 0.0343092 3.72471 -0.740152 0.671054 -0.0431446 -2.25627 -0.0550108 0.00352089 0.99848 -0.0372187
0.627497 0.777742 0.0369355 3.96922 -0.776518 0.628582 -0.0436469 -2.61061 -0.057163 -0.00129275 0.998364 -0.0682196
0.585615 0.809691 0.0381461 4.17298 -0.808482 0.586837 -0.0444877 -2.93285 -0.0584068 -0.00478783 0.998281 -0.0867328
0.545211 0.837408 0.038648 4.37825 -0.836189 0.546529 -0.0457582 -3.30709 -0.0594405 -0.00736911 0.998205 -0.114897
0.506178 0.861565 0.0386066 4.60048 -0.860224 0.507577 -0.0488004 -3.70613 -0.0616405 -0.00850864 0.998062 -0.126862
0.468946 0.882349 0.0393649 4.79546 -0.881081 0.470447 -0.0487473 -4.12811 -0.0615313 -0.0118239 0.998035 -0.162305
0.432689 0.900739 0.0380746 5.00654 -0.899551 0.434154 -0.0481535 -4.58448 -0.059904 -0.0134145 0.998114 -0.192785
0.399384 0.916132 0.0345659 5.18576 -0.915006 0.400673 -0.047173 -5.06934 -0.0570663 -0.0127878 0.998288 -0.21009
0.370083 0.928514 0.030002 5.40949 -0.927463 0.371135 -0.0455065 -5.57572 -0.0533883 -0.0109846 0.998513 -0.241529
0.34372 0.938678 0.0272096 5.57621 -0.937716 0.344637 -0.0437583 -6.10823 -0.0504524 -0.0104743 0.998672 -0.272027
0.32314 0.946025 0.0248424 5.76806 -0.945085 0.323954 -0.043222 -6.69421 -0.0489369 -0.00951137 0.998757 -0.300102
0.308999 0.950782 0.0231046 5.94868 -0.949793 0.309751 -0.0441381 -7.26158 -0.0491224 -0.00830589 0.998758 -0.337346
0.297385 0.954503 0.0220472 6.13484 -0.953443 0.298108 -0.0455832 -7.89732 -0.0500817 -0.00746499 0.998717 -0.355767
0.286725 0.957722 0.0235921 6.30274 -0.956581 0.287556 -0.0475841 -8.51625 -0.0523564 -0.00892419 0.998589 -0.392667
0.275705 0.960912 0.0252057 6.49757 -0.959706 0.276652 -0.0492862 -9.19221 -0.0543329 -0.0106016 0.998467 -0.431265
0.265781 0.963692 0.0256638 6.6986 -0.962397 0.266787 -0.0511505 -9.90679 -0.05614 -0.0111039 0.998361 -0.470117
0.25578 0.966363 0.0267997 6.90258 -0.964978 0.256888 -0.0531625 -10.5932 -0.0582588 -0.0122632 0.998226 -0.49974
0.246039 0.968879 0.0271703 7.06397 -0.967396 0.247207 -0.0550704 -11.3285 -0.0600733 -0.0127349 0.998113 -0.532673
0.234173 0.97181 0.0273457 7.27034 -0.970269 0.235387 -0.0563216 -12.0989 -0.0611707 -0.0133437 0.998038 -0.573355
0.223446 0.974295 0.028655 7.42116 -0.972587 0.224804 -0.0594863 -12.8391 -0.0643989 -0.0145775 0.997818 -0.62045
0.212295 0.976722 0.0307532 7.59488 -0.97483 0.213867 -0.0629919 -13.6242 -0.0681026 -0.0166063 0.99754 -0.669624
0.199961 0.979327 0.0305682 7.78269 -0.97718 0.20161 -0.0668785 -14.4112 -0.0716588 -0.0164976 0.997293 -0.717526
0.186648 0.981922 0.031483 7.95678 -0.979645 0.188434 -0.0691995 -15.2294 -0.073881 -0.0179262 0.997106 -0.755349
0.172098 0.984583 0.0312853 8.05077 -0.982273 0.173916 -0.0699428 -16.0325 -0.0743055 -0.0186937 0.99706 -0.804289
0.15887 0.98678 0.0320288 8.19441 -0.984544 0.160765 -0.0694876 -16.807 -0.0737181 -0.0204943 0.997069 -0.852715
0.142624 0.989256 0.0320975 8.29763 -0.987117 0.144542 -0.0686106 -17.6125 -0.072513 -0.0218984 0.997127 -0.888832
0.120068 0.992217 0.0330067 8.40781 -0.99024 0.122066 -0.067263 -18.4162 -0.0707685 -0.0246084 0.997189 -0.940534
0.0966483 0.994698 0.0351492 8.5046 -0.992904 0.098812 -0.0661645 -19.2328 -0.0692869 -0.0285051 0.997189 -0.991994
0.0668295 0.997072 0.0371564 8.5819 -0.995414 0.0691804 -0.0660698 -20.0727 -0.0684468 -0.0325706 0.997123 -1.03731
0.0319014 0.998742 0.0386794 8.56832 -0.997231 0.0344064 -0.0659296 -20.9185 -0.0671775 -0.0364691 0.997074 -1.0852
-0.00279214 0.999292 0.0375267 8.58332 -0.997857 -0.000330726 -0.0654376 -21.7928 -0.0653789 -0.037629 0.997151 -1.12562
-0.0368115 0.998632 0.0371261 8.54855 -0.997314 -0.0343583 -0.06468 -22.6279 -0.0633159 -0.0394073 0.997215 -1.1557
-0.0687041 0.996927 0.0376467 8.53462 -0.99579 -0.0662329 -0.0633675 -23.4311 -0.0606793 -0.0418418 0.99728 -1.20225
-0.102706 0.993972 0.038363 8.42005 -0.993119 -0.100284 -0.0604738 -24.2375 -0.0562621 -0.0443101 0.997432 -1.25547
-0.134462 0.990312 0.034672 8.32898 -0.989602 -0.132398 -0.0561962 -25.1407 -0.0510613 -0.0418677 0.997818 -1.28519
-0.164219 0.985992 0.0291839 8.21065 -0.985362 -0.162599 -0.0512149 -25.9674 -0.0457522 -0.0371672 0.998261 -1.29314
-0.193482 0.980827 0.0233018 8.03379 -0.98028 -0.192292 -0.0455458 -26.7878 -0.0401917 -0.0316546 0.99869 -1.32844
-0.222832 0.974687 0.0182093 7.82625 -0.974233 -0.221982 -0.0399233 -27.5946 -0.0348706 -0.0266363 0.999037 -1.34528
-0.250761 0.968009 0.00881074 7.59931 -0.967569 -0.25034 -0.033757 -28.4369 -0.0304714 -0.0169899 0.999391 -1.38028
-0.278088 0.960548 0.00396007 7.39864 -0.96031 -0.277921 -0.023756 -29.2586 -0.0217182 -0.0104091 0.99971 -1.39342
-0.301668 0.953401 0.00467035 7.11661 -0.953384 -0.301618 -0.00921595 -30.0197 -0.00737784 -0.0072328 0.999947 -1.38448
-0.326423 0.945176 0.00952128 6.86921 -0.94517 -0.326496 0.00738376 -30.8132 0.0100876 -0.00658899 0.999927 -1.35589
-0.352367 0.935726 0.015969 6.57039 -0.935517 -0.352649 0.0211533 -31.5807 0.0254251 -0.00748554 0.999649 -1.34536
-0.376154 0.926392 0.0175107 6.24421 -0.925863 -0.376536 0.031601 -32.347 0.0358683 -0.00432565 0.999347 -1.31939
-0.39976 0.916474 0.0163622 5.91955 -0.91576 -0.400094 0.0361688 -33.1198 0.0396942 -0.000525021 0.999212 -1.27781
-0.422179 0.906398 0.0144445 5.5268 -0.905712 -0.422422 0.0352962 -33.8473 0.0380941 0.00181875 0.999273 -1.23169
-0.443311 0.896319 0.00935879 5.20845 -0.895766 -0.443372 0.0320195 -34.5982 0.0328491 0.00581131 0.999443 -1.20882
-0.461384 0.8872 0.00101595 4.80306 -0.886771 -0.461196 0.0305832 -35.349 0.027602 0.0132097 0.999532 -1.16772
-0.474908 0.880034 -0.00173122 4.40094 -0.87963 -0.474629 0.0312797 -36.0863 0.0267055 0.0163778 0.999509 -1.12566
-0.486257 0.873812 -0.00263098 4.01045 -0.873349 -0.485897 0.0341284 -36.7835 0.0285434 0.0188929 0.999414 -1.07846
-0.496515 0.868025 -0.00222891 3.61634 -0.867489 -0.496114 0.0365216 -37.4574 0.0305959 0.0200671 0.99933 -1.03182
-0.506241 0.862377 0.0050901 3.20987 -0.861753 -0.506084 0.0355004 -38.122 0.0331908 0.0135854 0.999357 -0.981562
-0.517608 0.855598 0.00590184 2.80494 -0.854997 -0.517482 0.034519 -38.8505 0.0325884 0.0128212 0.999387 -0.979143
-0.526486 0.850171 0.00468199 2.39476 -0.849548 -0.526297 0.0357762 -39.5189 0.03288 0.0148581 0.999349 -0.936845
-0.533928 0.845525 0.00284605 1.9353 -0.844851 -0.533631 0.038264 -40.2241 0.0338719 0.0180257 0.999264 -0.883225
-0.537722 0.843112 0.00419037 1.48119 -0.842298 -0.53741 0.0415425 -40.9007 0.0372769 0.0188088 0.999128 -0.849977
-0.536958 0.843585 0.00635309 1.01415 -0.842686 -0.536707 0.0427286 -41.6008 0.0394549 0.0175898 0.999067 -0.805337
-0.533176 0.845998 0.00339312 0.557778 -0.845113 -0.532794 0.0437604 -42.2978 0.038829 0.0204644 0.999036 -0.776049
-0.527877 0.849309 0.00453759 0.114895 -0.84844 -0.527566 0.0427061 -43.0709 0.0386645 0.0186937 0.999077 -0.730543
-0.520937 0.853577 0.00554724 -0.336663 -0.852746 -0.520698 0.0412097 -43.8348 0.0380641 0.0167373 0.999135 -0.699217
-0.513867 0.857839 0.00723186 -0.808399 -0.856992 -0.513705 0.0408815 -44.6511 0.0387848 0.01481 0.999138 -0.65114
-0.507316 0.861712 0.00912024 -1.25954 -0.860896 -0.507252 0.0394058 -45.4158 0.0385827 0.0121396 0.999182 -0.611323
-0.503278 0.864038 0.0122545 -1.69271 -0.863249 -0.503355 0.0378642 -46.2519 0.0388845 0.00847752 0.999208 -0.570547
-0.500975 0.865313 0.0160411 -2.17313 -0.864626 -0.50122 0.0346441 -47.0549 0.0380181 0.00348623 0.999271 -0.527865
-0.500893 0.865325 0.0178729 -2.69382 -0.864725 -0.501211 0.0322136 -47.9146 0.0368334 0.000680392 0.999321 -0.488715
-0.50221 0.864539 0.0189052 -3.12114 -0.864007 -0.502565 0.03033 -48.7469 0.0357226 -0.00110218 0.999361 -0.435211
-0.50269 0.864276 0.0181642 -3.62819 -0.863752 -0.503018 0.0300742 -49.6232 0.0351293 -0.000571337 0.999383 -0.396203
-0.502798 0.864207 0.0184159 -4.1358 -0.863718 -0.503134 0.0291138 -50.4992 0.034426 -0.00126771 0.999406 -0.357772
-0.502943 0.864152 0.0170449 -4.64355 -0.863663 -0.503232 0.0290605 -51.3752 0.0336902 -0.000105236 0.999432 -0.31997
-0.503563 0.86377 0.0180186 -5.17094 -0.863316 -0.503884 0.0280473 -52.2474 0.0333057 -0.00143209 0.999444 -0.261112
-0.503107 0.864019 0.0188513 -5.68361 -0.863603 -0.503453 0.026934 -53.1761 0.0327622 -0.00272936 0.999459 -0.220041
-0.503518 0.863777 0.0189585 -6.18427 -0.863388 -0.503865 0.0261119 -54.0912 0.0321074 -0.00322074 0.999479 -0.168716
-0.5028 0.864168 0.0201555 -6.74598 -0.863816 -0.503181 0.0251024 -54.9972 0.0318345 -0.00478913 0.999482 -0.112699
-0.501405 0.864985 0.0198514 -7.23568 -0.864674 -0.50177 0.0237911 -55.8924 0.0305398 -0.00523603 0.99952 -0.0644793
-0.499362 0.866206 0.0180128 -7.76139 -0.865954 -0.499663 0.021444 -56.7533 0.0275753 -0.00488992 0.999608 -0.0219631
-0.496809 0.867694 0.0169772 -8.23916 -0.867475 -0.497076 0.0200623 -57.637 0.0258469 -0.00476011 0.999655 0.0236284
-0.494776 0.868858 0.0167816 -8.7456 -0.868667 -0.495034 0.0189683 -58.5158 0.0247883 -0.00519257 0.999679 0.0731618
-0.492928 0.869929 0.0156401 -9.23345 -0.86972 -0.49316 0.0194946 -59.4484 0.0246721 -0.00399309 0.999688 0.113542
-0.491276 0.870846 0.0165983 -9.75623 -0.870624 -0.491535 0.0201723 -60.351 0.0257256 -0.00454072 0.999659 0.165782
-0.491738 0.870551 0.0182959 -10.2599 -0.870301 -0.492049 0.0215194 -61.2232 0.0277362 -0.00534106 0.999601 0.204775
-0.494187 0.869098 0.0211335 -10.7683 -0.868821 -0.49459 0.0230293 -62.0996 0.0304671 -0.00698041 0.999511 0.263251
-0.499139 0.866221 0.0228137 -11.2297 -0.865943 -0.499595 0.0233894 -62.9737 0.031658 -0.00808076 0.999466 0.305296
-0.504222 0.863276 0.0226882 -11.7318 -0.863056 -0.504655 0.0213676 -63.8387 0.0298959 -0.00880717 0.999514 0.350244
-0.509909 0.860052 0.0173997 -12.2352 -0.85984 -0.510182 0.0197421 -64.6999 0.0258562 -0.00489428 0.999654 0.394543
-0.515634 0.856584 0.0196315 -12.7335 -0.856444 -0.515947 0.0173763 -65.5644 0.0250131 -0.00785348 0.999656 0.44116
-0.520671 0.853537 0.0193955 -13.2725 -0.853337 -0.520993 0.019545 -66.3704 0.0267873 -0.00637441 0.999621 0.467712
-0.525833 0.85033 0.0209579 -13.7806 -0.850085 -0.52621 0.0214133 -67.2372 0.0292366 -0.00655616 0.999551 0.517373
-0.53065 0.847295 0.0224188 -14.2757 -0.847025 -0.531076 0.0224912 -68.0871 0.0309628 -0.00705434 0.999496 0.553564
-0.53407 0.845093 0.0242274 -14.8063 -0.844838 -0.534552 0.0224406 -68.8868 0.0319152 -0.00848335 0.999455 0.595685
-0.537272 0.843079 0.023598 -15.3204 -0.842859 -0.537721 0.0210635 -69.6856 0.0304474 -0.008573 0.9995 0.652309
-0.53985 0.841562 0.0183139 -15.8735 -0.841467 -0.540109 0.0146786 -70.5145 0.0222445 -0.0074863 0.999725 0.697606
-0.54156 0.840589 0.0110646 -16.4117 -0.840569 -0.541649 0.00776665 -71.3336 0.0125217 -0.00509446 0.999909 0.720469
-0.544539 0.838696 0.00816123 -16.9029 -0.838682 -0.544588 0.00593481 -72.1254 0.00942201 -0.00361294 0.999949 0.722384
-0.54482 0.838461 0.0124746 -17.4471 -0.838419 -0.544938 0.00980543 -72.9878 0.0150193 -0.00511673 0.999874 0.776327
-0.546269 0.837469 0.0153733 -17.9183 -0.837364 -0.546461 0.0141688 -73.7175 0.0202668 -0.00513306 0.999781 0.822969
-0.546555 0.837342 0.0116632 -18.4961 -0.837106 -0.546678 0.0199046 -74.5476 0.023043 0.0011156 0.999734 0.849931
-0.546954 0.837126 0.00783128 -18.9674 -0.83687 -0.546987 0.021288 -75.3448 0.0221044 0.00508982 0.999743 0.878891
-0.545699 0.837957 0.00632693 -19.5069 -0.837773 -0.545716 0.0181562 -76.1153 0.0186668 0.00460728 0.999815 0.909925
-0.545572 0.838046 0.00550445 -20.0369 -0.837942 -0.545593 0.0134832 -76.9545 0.0143027 0.00274363 0.999894 0.94756
-0.544601 0.838685 0.00416226 -20.5469 -0.838656 -0.544617 0.00703503 -77.7118 0.00816702 0.000340578 0.999967 0.983453
-0.543745 0.839178 0.0110835 -21.0978 -0.83923 -0.543776 -0.000222891 -78.5252 0.0058399 -0.00942281 0.999939 1.02364
-0.542877 0.839629 0.0175446 -21.5671 -0.839795 -0.54288 -0.0050471 -79.2916 0.00528693 -0.0174738 0.999833 1.02943
-0.540973 0.840917 0.0143818 -22.0712 -0.841031 -0.540968 -0.00459622 -80.0957 0.00391506 -0.014582 0.999886 1.04236
-0.538486 0.842575 0.00997413 -22.5876 -0.842625 -0.538499 -0.00159878 -80.918 0.00402397 -0.00926537 0.999949 1.07013
-0.533061 0.846 0.0114129 -23.0952 -0.846053 -0.533099 0.000424725 -81.6838 0.00644352 -0.0094295 0.999935 1.11223
-0.525899 0.850531 0.00509966 -23.5487 -0.850528 -0.525918 0.0034084 -82.474 0.00558096 -0.00254493 0.999981 1.12298
-0.517136 0.855903 -0.00104811 -24.0532 -0.855888 -0.517119 0.00655908 -83.2242 0.00507194 0.004289 0.999978 1.14791
-0.507876 0.86143 -0.00101306 -24.515 -0.861414 -0.507858 0.00681017 -84.0561 0.00535199 0.00433138 0.999976 1.14284
-0.496239 0.868182 0.00246359 -24.9737 -0.868172 -0.496245 0.00432676 -84.8545 0.00497896 8.28807e-06 0.999988 1.16723
-0.485209 0.874398 -0.000958872 -25.4279 -0.874398 -0.485208 0.000997249 -85.6265 0.00040674 0.00132231 0.999999 1.19035
-0.474013 0.880517 -0.00124337 -25.8466 -0.880517 -0.474014 -0.000437067 -86.4235 -0.000974222 0.000887637 0.999999 1.19732
-0.461857 0.886954 -0.000847426 -26.2964 -0.886951 -0.461858 -0.00214741 -87.2939 -0.00229604 -0.00024017 0.999997 1.21741
-0.450923 0.892552 -0.00438906 -26.6719 -0.892562 -0.450925 0.000470612 -88.088 -0.00155909 0.00412971 0.99999 1.24111
-0.437243 0.899344 -0.000392468 -27.097 -0.899341 -0.43724 0.00258206 -88.9185 0.00215056 0.00148195 0.999997 1.26493
-0.426146 0.904651 0.00255598 -27.5296 -0.904579 -0.426145 0.0117487 -89.7767 0.0117177 0.00269459 0.999928 1.27574
-0.413335 0.910572 0.00347964 -27.8721 -0.910408 -0.413328 0.017792 -90.5452 0.0176391 0.00418614 0.999836 1.28311
-0.401846 0.915688 0.00591804 -28.2585 -0.915593 -0.401889 0.0132052 -91.3984 0.0144702 -0.000112084 0.999895 1.31942
-0.391156 0.920314 0.00434563 -28.6066 -0.920276 -0.391179 0.00845529 -92.2676 0.00948145 -0.000691838 0.999955 1.36847
-0.380276 0.924846 0.00711754 -28.9763 -0.924806 -0.380329 0.00913748 -93.1392 0.0111578 -0.00310759 0.999933 1.38822
-0.373256 0.927634 0.0132401 -29.3057 -0.927549 -0.373427 0.0143561 -93.9665 0.0182614 -0.00692227 0.999809 1.42773
-0.367566 0.929788 0.0197309 -29.5899 -0.929614 -0.367941 0.0209166 -94.7983 0.0267078 -0.0106539 0.999587 1.39765
-0.363896 0.931097 0.0252387 -29.9482 -0.930938 -0.364456 0.0229285 -95.6158 0.030547 -0.0151521 0.999418 1.45238
-0.36018 0.932578 0.0238644 -30.2627 -0.932395 -0.360701 0.0231309 -96.4748 0.0301793 -0.0139198 0.999448 1.46802
-0.354988 0.934526 0.0253788 -30.5859 -0.934392 -0.355544 0.0223775 -97.3134 0.0299357 -0.01577 0.999427 1.50349
-0.349926 0.936465 0.024172 -30.8613 -0.936376 -0.350415 0.0202415 -98.1823 0.0274257 -0.015551 0.999503 1.52527
-0.344904 0.938347 0.0233788 -31.1887 -0.938356 -0.345304 0.0159208 -99.1029 0.023012 -0.0164465 0.9996 1.59716
-0.338314 0.940696 0.0252011 -31.4996 -0.940808 -0.338698 0.0128188 -99.9248 0.0205941 -0.0193727 0.9996 1.61901
-0.332478 0.942596 0.0311777 -31.7857 -0.942891 -0.332932 0.0105831 -100.727 0.0203556 -0.0258786 0.999458 1.6662
-0.327205 0.944125 0.0395569 -32.0138 -0.944668 -0.327848 0.0108776 -101.59 0.0232385 -0.0338089 0.999158 1.67892
-0.31928 0.946668 0.0433666 -32.3254 -0.9473 -0.320087 0.0129585 -102.489 0.0261485 -0.0369437 0.998975 1.74052
-0.312228 0.949184 0.0395375 -32.6209 -0.949544 -0.313105 0.0182028 -103.354 0.0296572 -0.0318592 0.999052 1.78559
-0.306295 0.951231 0.0366498 -32.856 -0.95152 -0.307073 0.0177676 -104.132 0.0281553 -0.0294308 0.99917 1.77903
-0.299015 0.953648 0.0338527 -33.1211 -0.953987 -0.299575 0.0127768 -105.012 0.022326 -0.0284746 0.999345 1.7913
-0.292457 0.955631 0.0351906 -33.3785 -0.956055 -0.292986 0.0108483 -105.873 0.0206773 -0.0304715 0.999322 1.8354
-0.286039 0.957612 0.0340627 -33.6432 -0.957916 -0.286661 0.0149242 -106.733 0.0240561 -0.0283603 0.999308 1.83086
-0.279323 0.959452 0.0378108 -33.8784 -0.95983 -0.280088 0.0166205 -107.586 0.0265369 -0.0316494 0.999147 1.89728
-0.272238 0.961634 0.0338554 -34.1295 -0.961833 -0.272968 0.0191303 -108.451 0.0276378 -0.0273552 0.999244 1.8886
-0.265289 0.963502 0.035849 -34.3462 -0.963796 -0.266037 0.0179324 -109.293 0.026815 -0.0297938 0.999196 1.94157
-0.257265 0.965782 0.0328667 -34.6 -0.966015 -0.257913 0.0172237 -110.158 0.0251111 -0.0273187 0.999311 1.96771
-0.250309 0.967645 0.0317646 -34.8184 -0.967843 -0.250938 0.0176163 -111.025 0.0250173 -0.0263336 0.99934 2.03672
-0.243055 0.969641 0.0268447 -35.0565 -0.969674 -0.243609 0.019688 -112.029 0.0256299 -0.0212454 0.999446 2.07698
-0.236479 0.970987 0.035522 -35.2417 -0.971299 -0.237202 0.0177061 -112.827 0.0256183 -0.0303153 0.999212 2.11891
-0.229902 0.972391 0.0400177 -35.458 -0.972924 -0.230643 0.0149383 -113.717 0.0237557 -0.0354998 0.999087 2.18154
-0.225901 0.973462 0.0366114 -35.6367 -0.973866 -0.226583 0.0156354 -114.495 0.023516 -0.0321225 0.999207 2.18203
-0.221572 0.974525 0.0347459 -35.8324 -0.974868 -0.222216 0.0158717 -115.402 0.0231884 -0.030356 0.99927 2.2181
-0.216592 0.975639 0.034876 -36.043 -0.975947 -0.217292 0.0176714 -116.307 0.0248191 -0.0302096 0.999235 2.25751
-0.211034 0.977057 0.0287015 -36.2246 -0.977218 -0.211565 0.0168868 -117.145 0.0225716 -0.0244839 0.999445 2.2758
-0.205785 0.978292 0.0244565 -36.4231 -0.978416 -0.206164 0.0140789 -117.934 0.0188153 -0.0210314 0.999602 2.32498
-0.200653 0.979416 0.0219476 -36.6027 -0.979509 -0.200968 0.0131685 -118.853 0.0173082 -0.0188556 0.999672 2.36446
-0.197118 0.980163 0.0205978 -36.7597 -0.980173 -0.197464 0.0163713 -119.698 0.0201139 -0.0169623 0.999654 2.36119
-0.193796 0.980885 0.0175627 -36.9313 -0.980808 -0.194109 0.0183568 -120.582 0.021415 -0.0136682 0.999677 2.3607
-0.192152 0.981247 0.0152635 -37.0764 -0.981129 -0.192423 0.0189433 -121.475 0.0215251 -0.0113355 0.999704 2.39703
-0.191534 0.981304 0.0188985 -37.2189 -0.981261 -0.191867 0.0177044 -122.282 0.0209994 -0.0151534 0.999665 2.43255
-0.189719 0.981687 0.0172382 -37.4239 -0.981692 -0.189965 0.0139338 -123.198 0.0169533 -0.0142791 0.999754 2.45529
-0.188976 0.981781 0.0198526 -37.5832 -0.981909 -0.189169 0.00831693 -124.005 0.0119209 -0.0179218 0.999768 2.48991
-0.187936 0.981928 0.022295 -37.7572 -0.982135 -0.188098 0.00539933 -124.884 0.0094954 -0.020882 0.999737 2.49754
-0.186679 0.982004 0.0286105 -37.8983 -0.982309 -0.187018 0.0096531 -125.718 0.0148301 -0.0263023 0.999544 2.52028
-0.186723 0.981928 0.0308436 -38.0527 -0.982243 -0.187182 0.0126932 -126.5 0.0182371 -0.0279258 0.999444 2.5804
-0.186216 0.982133 0.027173 -38.2348 -0.982347 -0.186616 0.0130176 -127.445 0.017856 -0.0242692 0.999546 2.5932
-0.18577 0.981966 0.0351196 -38.3925 -0.982435 -0.186262 0.0112951 -128.33 0.0176329 -0.0324045 0.999319 2.63356
-0.185609 0.982238 0.0275311 -38.5323 -0.982488 -0.185976 0.0114116 -129.106 0.016329 -0.0249309 0.999556 2.63924
-0.18424 0.982352 0.0322602 -38.6947 -0.982688 -0.184755 0.0137476 -130.003 0.0194652 -0.0291688 0.999385 2.68346
-0.184116 0.98234 0.0333095 -38.841 -0.982677 -0.184696 0.015249 -130.784 0.0211319 -0.0299249 0.999329 2.68253
-0.184013 0.982101 0.0401994 -38.9684 -0.982652 -0.18477 0.0159677 -131.679 0.0231096 -0.0365638 0.999064 2.71927
-0.18376 0.982053 0.0424858 -39.1134 -0.982615 -0.184686 0.0189698 -132.484 0.0264759 -0.0382612 0.998917 2.7492
-0.182627 0.982342 0.0406432 -39.2741 -0.982787 -0.18357 0.0208008 -133.388 0.0278944 -0.0361448 0.998957 2.8188
-0.181441 0.982634 0.0388524 -39.4159 -0.982986 -0.182371 0.0218712 -134.171 0.0285769 -0.0342231 0.999006 2.86476
-0.179094 0.98323 0.0344017 -39.6118 -0.983467 -0.17987 0.0209466 -134.999 0.0267831 -0.0300815 0.999189 2.89467
-0.176408 0.983944 0.0271088 -39.7438 -0.984054 -0.176931 0.0182593 -135.77 0.0227625 -0.0234554 0.999466 2.94491
-0.174877 0.984354 0.0215664 -39.9183 -0.984433 -0.175199 0.0140267 -136.659 0.0175856 -0.0187778 0.999669 2.97415
-0.171043 0.985035 0.0212426 -40.0685 -0.985128 -0.171337 0.0128731 -137.448 0.0163201 -0.0187248 0.999691 2.9896
-0.165789 0.985897 0.0228244 -40.1732 -0.985919 -0.166217 0.018318 -138.29 0.0218534 -0.0194661 0.999572 3.02413
-0.16103 0.986626 0.0252614 -40.2853 -0.986645 -0.161563 0.0206931 -139.082 0.0244977 -0.0215919 0.999467 3.05096
-0.15259 0.988138 0.0173004 -40.4245 -0.987969 -0.152963 0.0227878 -139.813 0.0251638 -0.013615 0.999591 3.02256
-0.142442 0.989615 0.0192845 -40.526 -0.989605 -0.142776 0.0172289 -140.557 0.0198033 -0.0166299 0.999666 3.08848
-0.131551 0.991291 0.00603274 -40.6575 -0.991157 -0.131635 0.0167363 -141.444 0.0173847 -0.00377771 0.999842 3.10215
-0.117429 0.993054 0.00731786 -40.7255 -0.992878 -0.117551 0.0193764 -142.246 0.020102 -0.0049904 0.999785 3.13895
-0.10325 0.994627 0.00758167 -40.8071 -0.994428 -0.103386 0.0205948 -142.885 0.021268 -0.00541301 0.999759 3.14863
-0.0891266 0.995994 0.00725484 -40.8953 -0.995805 -0.0892566 0.0201637 -143.836 0.0207305 -0.00542728 0.99977 3.18819
-0.076 0.997108 -0.000698544 -40.9531 -0.996866 -0.075966 0.0220946 -144.529 0.0219776 0.00237554 0.999756 3.19187
-0.0617865 0.998089 0.000126956 -41.0003 -0.997691 -0.0617655 0.0282431 -145.323 0.028197 0.00161838 0.999601 3.2065
-0.0480274 0.998845 0.00130036 -41.0224 -0.998122 -0.0480421 0.0380064 -146.171 0.038025 0.000527428 0.999277 3.2495
-0.0356332 0.999334 0.00792326 -41.0087 -0.998294 -0.0359608 0.0459941 -146.826 0.0462484 -0.00627082 0.99891 3.25133
-0.0220207 0.999628 0.0160698 -41.0455 -0.998648 -0.0227504 0.0467358 -147.62 0.047084 -0.015019 0.998778 3.33499
-0.0111984 0.99982 0.0153289 -41.0101 -0.998999 -0.0118506 0.0431394 -148.393 0.0433133 -0.0148304 0.998951 3.36819
0.00110493 0.999957 0.00922444 -41.0041 -0.999159 0.000725892 0.0409933 -149.12 0.0409848 -0.00926197 0.999117 3.40193
0.0102672 0.999898 0.00989364 -40.9795 -0.998848 0.00979163 0.046974 -149.894 0.0468723 -0.0103645 0.998847 3.44992
0.0172782 0.999644 0.0203385 -40.9648 -0.998286 0.0161102 0.0562548 -150.677 0.0559071 -0.0212756 0.998209 3.47766
0.0205173 0.999545 0.0221139 -40.9809 -0.998101 0.0191928 0.0585285 -151.421 0.0580774 -0.0232728 0.998041 3.52492
0.0210387 0.999563 0.0207755 -40.9382 -0.998286 0.0198677 0.0550483 -152.255 0.0546114 -0.021898 0.998268 3.5612
0.0192885 0.999548 0.0230728 -40.8884 -0.998607 0.0181265 0.0495535 -152.975 0.0491128 -0.0239965 0.998505 3.6484
0.0158412 0.999505 0.0271871 -40.9011 -0.998776 0.014544 0.0472673 -153.69 0.0468485 -0.0279026 0.998512 3.68561
0.0131157 0.999633 0.0236842 -40.8972 -0.998853 0.012007 0.0463607 -154.486 0.0460594 -0.0242651 0.998644 3.75439
0.00934148 0.999691 0.0230357 -40.8751 -0.998856 0.00824846 0.0470959 -155.183 0.0468913 -0.0234493 0.998625 3.77909
0.00472963 0.999755 0.0216339 -40.8859 -0.998939 0.00373265 0.0458944 -156.045 0.0458024 -0.0218281 0.998712 3.83852
-0.00143171 0.999591 0.0285649 -40.8726 -0.99894 -0.00274362 0.045941 -156.709 0.0460005 -0.0284689 0.998536 3.88579
-0.00694648 0.999447 0.0325291 -40.8719 -0.999018 -0.00835971 0.0435127 -157.392 0.0437606 -0.0321949 0.998523 3.93196
-0.0135281 0.999412 0.0314924 -40.8788 -0.999036 -0.0148249 0.0413176 -158.171 0.0417602 -0.0309031 0.99865 3.98232
-0.0191239 0.99957 0.0222115 -40.8812 -0.999003 -0.0199999 0.039912 -158.935 0.0403391 -0.0214261 0.998956 3.99936
-0.0243111 0.999425 0.0236261 -40.917 -0.998766 -0.0253052 0.04273 -159.627 0.0433033 -0.0225581 0.998807 4.00636
-0.0279882 0.999028 0.0340653 -40.9206 -0.998556 -0.0295058 0.0448945 -160.358 0.045856 -0.0327596 0.998411 4.07384
-0.0301533 0.999193 0.0265503 -40.9332 -0.998453 -0.0313512 0.0459215 -161.141 0.0467169 -0.0251246 0.998592 4.10994
-0.0326994 0.999264 0.0200327 -40.974 -0.998294 -0.0336246 0.0477375 -161.821 0.0483759 -0.0184375 0.998659 4.14435
-0.0320766 0.999369 0.0152754 -41.0117 -0.998469 -0.0327292 0.0445881 -162.493 0.0450599 -0.0138218 0.998889 4.1824
-0.0288174 0.999561 0.00694247 -41.0415 -0.998706 -0.0290825 0.0417202 -163.215 0.0419038 -0.00573122 0.999105 4.20835
-0.0210567 0.999681 0.0139307 -41.0652 -0.998884 -0.021625 0.0419863 -163.979 0.0422742 -0.0130311 0.999021 4.29144
-0.0104196 0.999829 0.0152743 -41.0377 -0.999002 -0.011072 0.0432729 -164.651 0.0434346 -0.0148082 0.998947 4.33221
0.00331721 0.999958 0.00858005 -41.0286 -0.999055 0.00294219 0.043358 -165.248 0.0433309 -0.00871577 0.999023 4.35121
0.0187131 0.99979 0.00837838 -41.0203 -0.998971 0.0183502 0.0414766 -165.991 0.0413141 -0.00914592 0.999104 4.3997
0.0353461 0.999233 0.0168602 -41.0021 -0.998696 0.034695 0.0374581 -166.742 0.0368444 -0.0181622 0.999156 4.43527
0.0514522 0.998453 0.021095 -40.9449 -0.998214 0.050775 0.0314727 -167.366 0.0303529 -0.0226767 0.999282 4.49176
0.0688628 0.99742 0.0203013 -40.8741 -0.99735 0.0683511 0.0249082 -168.063 0.0234563 -0.0219628 0.999484 4.50788
0.0860608 0.99613 0.0178423 -40.8288 -0.996176 0.0857658 0.0166888 -168.768 0.015094 -0.0192103 0.999702 4.55471
0.103307 0.994525 0.0157472 -40.7216 -0.99461 0.10315 0.0105018 -169.393 0.00881999 -0.0167472 0.999821 4.56575
0.121349 0.99252 0.0133276 -40.6446 -0.992587 0.121244 0.00843251 -170.068 0.00675355 -0.0142521 0.999876 4.56452
0.13907 0.990199 0.0128568 -40.5573 -0.990268 0.138985 0.00730573 -170.713 0.00544723 -0.0137477 0.999891 4.56416
0.156767 0.987417 0.0207528 -40.4373 -0.987627 0.156642 0.00756249 -171.35 0.00421659 -0.0216815 0.999756 4.61737
0.173026 0.984637 0.0234822 -40.3216 -0.984914 0.172915 0.00670843 -172.006 0.00254495 -0.0242887 0.999702 4.59203
0.187123 0.982009 0.0253828 -40.1952 -0.982335 0.187103 0.00319047 -172.603 -0.00161613 -0.0255315 0.999673 4.60595
0.199442 0.979663 0.0219874 -40.0706 -0.979893 0.199519 -0.00135853 -173.236 -0.00571782 -0.0212744 0.999757 4.606
0.210081 0.977494 0.0192644 -39.9441 -0.977661 0.210171 -0.00276611 -173.879 -0.00675267 -0.0182529 0.999811 4.60093
0.219834 0.975283 0.0222594 -39.7702 -0.97553 0.219863 0.00116802 -174.458 -0.00375487 -0.0219715 0.999752 4.6357
0.229699 0.972914 0.0260299 -39.6076 -0.97326 0.22957 0.00785785 -175.056 0.00166932 -0.0271388 0.99963 4.66747
0.238501 0.970889 0.0221921 -39.4846 -0.971068 0.238139 0.0177777 -175.638 0.0119754 -0.0257901 0.999596 4.67078
0.246691 0.968949 0.0167751 -39.299 -0.968896 0.246254 0.0244697 -176.238 0.019579 -0.0222898 0.99956 4.68153
0.253451 0.967131 0.020512 -39.1576 -0.967182 0.252958 0.0239064 -176.847 0.017932 -0.025898 0.999504 4.69453
0.258841 0.96562 0.0240697 -38.9877 -0.965865 0.25848 0.0171138 -177.452 0.0103039 -0.0276778 0.999564 4.70925
0.263296 0.964118 0.0339331 -38.7946 -0.964713 0.263211 0.00702661 -178.104 -0.00215707 -0.0345858 0.999399 4.74204
0.264853 0.963758 0.0319808 -38.6217 -0.964233 0.265049 -0.00198078 -178.678 -0.0103855 -0.0303123 0.999487 4.75931
0.266288 0.963345 0.0325054 -38.477 -0.963825 0.266519 -0.00291134 -179.24 -0.0114679 -0.0305542 0.999467 4.78324
0.267654 0.963064 0.0294878 -38.3037 -0.963483 0.267768 8.32425e-05 -179.86 -0.0078157 -0.0284333 0.999565 4.75607
0.269278 0.962692 0.0266904 -38.139 -0.963036 0.269373 6.05141e-05 -180.462 -0.00713141 -0.0257201 0.999644 4.75601
0.270652 0.962231 0.0293219 -37.9566 -0.96263 0.270814 -0.00163411 -181.114 -0.00951316 -0.0277839 0.999569 4.75011
0.273446 0.961451 0.0289646 -37.7727 -0.961792 0.273719 -0.0058313 -181.688 -0.0135347 -0.0262634 0.999563 4.78563
0.276849 0.960443 0.0300757 -37.5915 -0.960726 0.277278 -0.0110792 -182.368 -0.0189803 -0.0258272 0.999486 4.80032
0.280618 0.959345 0.0301812 -37.4185 -0.959568 0.281126 -0.0140406 -182.978 -0.0219545 -0.0250209 0.999446 4.79649
0.286957 0.957521 0.0284418 -37.24 -0.957644 0.287483 -0.0164753 -183.555 -0.023952 -0.0225095 0.99946 4.78129
0.295146 0.955064 0.0272395 -37.0212 -0.955091 0.295699 -0.0190661 -184.246 -0.026264 -0.0203889 0.999447 4.7656
0.30458 0.952135 0.0258822 -36.8408 -0.952066 0.305141 -0.0214327 -184.846 -0.0283046 -0.0181136 0.999435 4.76425
0.315466 0.948598 0.0253644 -36.6472 -0.948547 0.31599 -0.0202174 -185.447 -0.0271931 -0.0176814 0.999474 4.76294
0.327233 0.944599 0.0255374 -36.4181 -0.944662 0.327676 -0.0155724 -186.063 -0.0230777 -0.0190284 0.999553 4.75345
0.338577 0.940581 0.0259373 -36.1962 -0.940717 0.338967 -0.012347 -186.658 -0.0204052 -0.0202193 0.999587 4.75017
0.350164 0.936338 0.0256338 -35.9457 -0.936487 0.350525 -0.0111649 -187.288 -0.0194394 -0.0200962 0.999609 4.71968
0.361764 0.931868 0.0273641 -35.7049 -0.931987 0.362221 -0.0140088 -187.926 -0.0229662 -0.0204351 0.999527 4.72352
0.372079 0.92777 0.0282904 -35.4342 -0.927866 0.372591 -0.0155116 -188.57 -0.024932 -0.0204782 0.999479 4.70894
0.383598 0.922992 0.0306211 -35.1409 -0.92313 0.384172 -0.0155849 -189.19 -0.0261485 -0.0222889 0.99941 4.7024
0.392918 0.918967 0.0333961 -34.8933 -0.919114 0.393611 -0.0173471 -189.787 -0.0290864 -0.0238789 0.999292 4.68926
0.399963 0.915728 0.0383708 -34.5996 -0.916036 0.400773 -0.0161244 -190.449 -0.0301435 -0.0286999 0.999133 4.66782
0.404684 0.913648 0.0384515 -34.291 -0.913866 0.405576 -0.0189045 -191.062 -0.032867 -0.0274891 0.999082 4.65687
0.406301 0.912982 0.0371778 -34.0178 -0.913016 0.407262 -0.0232283 -191.732 -0.0363482 -0.0245063 0.999039 4.66328
0.407496 0.912622 0.0326928 -33.7298 -0.912576 0.408284 -0.0225604 -192.365 -0.0339371 -0.0206414 0.999211 4.63283
0.40684 0.912981 0.0307551 -33.4196 -0.912896 0.407564 -0.022627 -193.023 -0.0331927 -0.0188706 0.999271 4.6273
0.405308 0.913799 0.0264118 -33.145 -0.913698 0.405863 -0.0207521 -193.686 -0.0296828 -0.0157215 0.999436 4.61554
0.405342 0.91386 0.0236189 -32.8509 -0.913681 0.405833 -0.0220761 -194.356 -0.0297598 -0.0126317 0.999477 4.58104
0.404427 0.914273 0.0232948 -32.5464 -0.913902 0.404974 -0.0278977 -195.069 -0.0349399 -0.0100066 0.999339 4.55998
0.403862 0.914533 0.0229344 -32.2275 -0.914053 0.404423 -0.0308155 -195.731 -0.037457 -0.00851806 0.999262 4.55151
0.401965 0.915341 0.0239759 -31.9191 -0.914776 0.402589 -0.0332628 -196.44 -0.0400992 -0.00856206 0.999159 4.51707
0.400543 0.915941 0.0248518 -31.622 -0.915373 0.401205 -0.0335562 -197.126 -0.0407061 -0.00930795 0.999128 4.50521
0.398425 0.916819 0.0264673 -31.3259 -0.916258 0.399158 -0.0338199 -197.802 -0.0415713 -0.0107762 0.999077 4.46953
0.396507 0.917638 0.0268748 -31.0286 -0.917126 0.397246 -0.0327872 -198.5 -0.0407627 -0.0116473 0.999101 4.4647
0.395756 0.918025 0.0246605 -30.7278 -0.917607 0.396375 -0.0297296 -199.194 -0.0370673 -0.010863 0.999254 4.43823
0.395444 0.918184 0.0236988 -30.4247 -0.917968 0.395958 -0.0235079 -199.861 -0.0309683 -0.0124587 0.999443 4.42578
0.394112 0.918755 0.0237461 -30.1597 -0.918629 0.394588 -0.0205205 -200.547 -0.0282233 -0.0137265 0.999507 4.40986
0.392803 0.919267 0.0255627 -29.8536 -0.91906 0.393383 -0.02404 -201.219 -0.0321551 -0.0140507 0.999384 4.39692
0.391333 0.919783 0.0292765 -29.5206 -0.919567 0.39207 -0.02604 -201.924 -0.0354296 -0.0167314 0.999232 4.39018
0.388255 0.920969 0.0327629 -29.2277 -0.920831 0.389112 -0.0257169 -202.613 -0.0364329 -0.0201843 0.999132 4.37248
0.384158 0.922581 0.0355806 -28.9184 -0.922521 0.385112 -0.0253683 -203.287 -0.0371068 -0.0230784 0.999045 4.33877
0.377524 0.925246 0.0373536 -28.6688 -0.925198 0.378568 -0.0263519 -203.957 -0.0385229 -0.024611 0.998955 4.32671
0.369231 0.928671 0.0352022 -28.3858 -0.92854 0.370218 -0.0274163 -204.66 -0.0384933 -0.0225637 0.999004 4.29225
0.359037 0.932755 0.0325782 -28.1227 -0.932625 0.3599 -0.0261258 -205.382 -0.0360938 -0.0210031 0.999128 4.28499
0.348379 0.936831 0.0313119 -27.8763 -0.936771 0.349146 -0.0235883 -206.019 -0.0330307 -0.0211144 0.999231 4.28129
0.337211 0.940853 0.0329161 -27.6368 -0.940811 0.338051 -0.0244175 -206.715 -0.0341006 -0.022734 0.99916 4.2419
0.32599 0.944842 0.0316867 -27.3636 -0.944538 0.326927 -0.0310888 -207.434 -0.0397333 -0.0197946 0.999014 4.21457
0.31733 0.947803 0.0311653 -27.1566 -0.947145 0.3184 -0.0392224 -208.128 -0.0470981 -0.0170716 0.998744 4.21133
0.309823 0.950207 0.0334101 -26.9153 -0.949374 0.311089 -0.0437262 -208.885 -0.0519425 -0.0181714 0.998485 4.19308
0.305166 0.951582 0.0369516 -26.674 -0.950728 0.306661 -0.0455484 -209.53 -0.0546747 -0.0212311 0.998278 4.17024
0.302773 0.952353 0.0367794 -26.4465 -0.951382 0.304305 -0.0476576 -210.244 -0.056579 -0.0205618 0.998186 4.14362
0.301648 0.952726 0.0363447 -26.2133 -0.951691 0.303177 -0.0486644 -210.953 -0.0573827 -0.0199094 0.998154 4.10701
0.300605 0.953015 0.037413 -25.9949 -0.952082 0.302167 -0.0472696 -211.673 -0.0563536 -0.0214107 0.998181 4.09116
0.300127 0.953102 0.038999 -25.7563 -0.952298 0.301741 -0.0456251 -212.353 -0.0552529 -0.0234453 0.998197 4.04562
0.300207 0.953003 0.0407506 -25.5371 -0.952251 0.301914 -0.0454612 -213.1 -0.0556278 -0.0251571 0.998135 4.00942
0.301681 0.952523 0.0410973 -25.295 -0.951695 0.303442 -0.0469053 -213.801 -0.057149 -0.0249616 0.998054 3.97824
0.303002 0.952142 0.0402027 -25.0517 -0.951212 0.304743 -0.0482453 -214.524 -0.0581878 -0.0236228 0.998026 3.93913
0.304909 0.951618 0.038137 -24.8557 -0.950565 0.306555 -0.0495007 -215.283 -0.0587968 -0.0211585 0.998046 3.92937
0.307378 0.950839 0.0377326 -24.6241 -0.949707 0.309021 -0.0506192 -216.012 -0.0597909 -0.0202757 0.998005 3.89008
0.312006 0.949275 0.0390959 -24.364 -0.948065 0.313759 -0.0522293 -216.757 -0.0618467 -0.0207696 0.99787 3.85632
0.316436 0.947759 0.0402606 -24.1278 -0.946302 0.318342 -0.056314 -217.481 -0.0661888 -0.0202789 0.997601 3.80642
0.321147 0.945865 0.0469391 -23.867 -0.944422 0.323545 -0.0581872 -218.202 -0.0702242 -0.0256437 0.997202 3.78176
0.325727 0.944227 0.0483359 -23.5844 -0.942706 0.328254 -0.0596186 -218.905 -0.07216 -0.0261471 0.99705 3.74286
0.329349 0.942872 0.0502202 -23.3222 -0.941725 0.331873 -0.0548969 -219.696 -0.0684275 -0.0292134 0.997228 3.70451
0.3338 0.941099 0.0539477 -23.0615 -0.940423 0.336394 -0.0494369 -220.427 -0.0646727 -0.0342316 0.997319 3.65564
0.339251 0.939259 0.0519736 -22.7997 -0.938561 0.341684 -0.0485299 -221.111 -0.0633407 -0.0323166 0.997469 3.60541
0.34301 0.937689 0.0555252 -22.5275 -0.937127 0.345654 -0.0481308 -221.865 -0.0643243 -0.0355248 0.997297 3.56942
0.347527 0.936082 0.0545421 -22.2259 -0.935542 0.350068 -0.0470504 -222.62 -0.0631365 -0.0346751 0.997402 3.52125
0.351282 0.934549 0.0567321 -21.9578 -0.934311 0.35382 -0.0432809 -223.34 -0.0605211 -0.0378016 0.997451 3.50079
0.355568 0.932826 0.0583661 -21.6363 -0.932739 0.35814 -0.0416454 -224.106 -0.0597512 -0.0396326 0.997426 3.45608
0.359755 0.931425 0.0549837 -21.4065 -0.931002 0.362242 -0.0448989 -224.789 -0.0617374 -0.0350373 0.997477 3.41325
0.364336 0.929834 0.0516558 -21.1154 -0.929253 0.366635 -0.0454773 -225.533 -0.0612252 -0.0314322 0.997629 3.38526
0.368535 0.928369 0.0480838 -20.8071 -0.92769 0.370606 -0.0451955 -226.305 -0.0597783 -0.0279507 0.99782 3.33052
0.373144 0.926392 0.050619 -20.4789 -0.925926 0.375287 -0.0426585 -227.046 -0.0585151 -0.0309517 0.997807 3.32794
0.377034 0.92458 0.0547478 -20.1733 -0.924197 0.379445 -0.0433666 -227.79 -0.0608697 -0.0342471 0.997558 3.28248
0.381938 0.922428 0.0570108 -19.8529 -0.922101 0.384493 -0.0435366 -228.546 -0.0620796 -0.0359414 0.997424 3.22932
0.386537 0.920862 0.0510177 -19.5665 -0.92046 0.388654 -0.0412518 -229.242 -0.0578155 -0.0310143 0.997845 3.1681
0.390348 0.919341 0.0494017 -19.2298 -0.91926 0.392155 -0.0342834 -229.95 -0.0508913 -0.0320306 0.99819 3.14921
0.393894 0.917613 0.0532254 -18.934 -0.917932 0.395697 -0.0287258 -230.689 -0.0474203 -0.0375424 0.998169 3.14356
0.397144 0.915777 0.0602397 -18.5291 -0.916385 0.399282 -0.0284902 -231.529 -0.0501433 -0.0438881 0.997777 3.08592
0.398262 0.914847 0.0666523 -18.251 -0.915236 0.401166 -0.0375344 -232.156 -0.0610769 -0.0460541 0.99707 3.05547
0.39978 0.914471 0.0626047 -17.9133 -0.913666 0.403035 -0.0526994 -232.965 -0.0734239 -0.0361316 0.996646 3.01112
0.400386 0.91347 0.0725529 -17.6029 -0.912588 0.404656 -0.0586239 -233.631 -0.0829101 -0.0427388 0.99564 2.98875
0.402412 0.912764 0.0701884 -17.2658 -0.911404 0.406659 -0.0630228 -234.412 -0.0860677 -0.0386089 0.995541 2.93825
0.406235 0.910854 0.0729179 -16.9128 -0.910085 0.410466 -0.0571281 -235.143 -0.0819657 -0.043154 0.9957 2.89855
0.410474 0.909162 0.0702497 -16.5833 -0.908724 0.414237 -0.051258 -235.832 -0.0757018 -0.0427976 0.996212 2.84915
0.414627 0.907437 0.0681272 -16.2679 -0.907176 0.418069 -0.0474343 -236.609 -0.0715256 -0.0421358 0.996548 2.80959
0.419502 0.905902 0.0579581 -15.9091 -0.905156 0.422275 -0.0487498 -237.306 -0.0686368 -0.0320105 0.997128 2.72358
0.423649 0.903702 0.0620006 -15.6259 -0.90339 0.426536 -0.0442094 -237.986 -0.0663976 -0.0372815 0.997097 2.70638
0.426828 0.902342 0.0599773 -15.2462 -0.901816 0.429648 -0.0461551 -238.733 -0.0674167 -0.0343882 0.997132 2.6801
0.430551 0.900488 0.0612126 -14.8979 -0.899658 0.433616 -0.0509311 -239.456 -0.0724056 -0.0331419 0.996824 2.62141
0.433111 0.899382 0.0593928 -14.5896 -0.897991 0.436239 -0.0575094 -240.108 -0.0776324 -0.0284263 0.996577 2.56625
0.435801 0.898097 0.0591556 -14.1859 -0.896133 0.43909 -0.0643948 -240.89 -0.0838074 -0.024948 0.99617 2.53043
0.436736 0.897779 0.0570478 -13.8689 -0.895177 0.439993 -0.0711683 -241.583 -0.088994 -0.0199861 0.995832 2.47523
0.438154 0.89719 0.0554141 -13.514 -0.893809 0.441396 -0.0792189 -242.342 -0.095534 -0.0148195 0.995316 2.40571
0.44057 0.896045 0.0547778 -13.1355 -0.892461 0.443768 -0.0811431 -243.081 -0.0970165 -0.0131378 0.995196 2.32536
0.441913 0.895215 0.0574774 -12.7637 -0.892582 0.445197 -0.0713962 -243.793 -0.0895037 -0.0197524 0.995791 2.27546
0.443804 0.894319 0.0568395 -12.3919 -0.892972 0.446668 -0.0555703 -244.499 -0.075086 -0.0260938 0.996836 2.23784
0.444757 0.893939 0.0553538 -12.0407 -0.893094 0.447307 -0.0479549 -245.216 -0.0676289 -0.0281078 0.997315 2.20498
0.444691 0.894116 0.0529734 -11.6558 -0.893076 0.44713 -0.0498984 -245.967 -0.068301 -0.02512 0.997348 2.1485
0.444557 0.894067 0.0549 -11.2907 -0.892642 0.447283 -0.0559313 -246.686 -0.0745622 -0.0241414 0.996924 2.08207
0.445871 0.893278 0.0570443 -10.9254 -0.891951 0.448739 -0.0552849 -247.352 -0.0749828 -0.0262308 0.99684 2.03264
0.447535 0.892584 0.0548367 -10.5564 -0.891204 0.450233 -0.0551791 -248.138 -0.0739412 -0.0241761 0.99697 2.00815
0.448902 0.891997 0.0531801 -10.1781 -0.890483 0.451504 -0.0564239 -248.851 -0.0743409 -0.0220272 0.99699 1.95041
