1 -5.41254053295498e-19 -5.86828820449564e-38 4.65661287307739e-10 5.41254053295498e-19 1 1.0842021724855e-19 0 0 -1.0842021724855e-19 1 3.63797880709171e-12
1 -5.41254053295498e-19 -5.86828820449564e-38 4.65661287307739e-10 5.41254053295498e-19 1 1.0842021724855e-19 0 0 -1.0842021724855e-19 1 3.63797880709171e-12
1 -5.41254053295498e-19 -5.86828820449564e-38 4.65661287307739e-10 5.41254053295498e-19 1 1.0842021724855e-19 0 0 -1.0842021724855e-19 1 3.63797880709171e-12
1 -5.41254053295498e-19 -5.86828820449564e-38 4.65661287307739e-10 5.41254053295498e-19 1 1.0842021724855e-19 0 0 -1.0842021724855e-19 1 3.63797880709171e-12
1 -5.41254053295498e-19 -5.86828820449564e-38 4.65661287307739e-10 5.41254053295498e-19 1 1.0842021724855e-19 0 0 -1.0842021724855e-19 1 3.63797880709171e-12
1 -5.41254053295498e-19 -5.86828820449564e-38 4.65661287307739e-10 5.41254053295498e-19 1 1.0842021724855e-19 0 0 -1.0842021724855e-19 1 3.63797880709171e-12
1 -5.41254053295498e-19 -5.86828820449564e-38 4.65661287307739e-10 5.41254053295498e-19 1 1.0842021724855e-19 0 0 -1.0842021724855e-19 1 3.63797880709171e-12
1 -5.41254053295498e-19 -5.86828820449564e-38 4.65661287307739e-10 5.41254053295498e-19 1 1.0842021724855e-19 0 0 -1.0842021724855e-19 1 3.63797880709171e-12
1 -5.41254053295498e-19 -5.86828820449564e-38 4.65661287307739e-10 5.41254053295498e-19 1 1.0842021724855e-19 0 0 -1.0842021724855e-19 1 3.63797880709171e-12
1 -5.41254053295498e-19 -5.86828820449564e-38 4.65661287307739e-10 5.41254053295498e-19 1 1.0842021724855e-19 0 0 -1.0842021724855e-19 1 3.63797880709171e-12
1 -5.41254053295498e-19 -5.86828820449564e-38 4.65661287307739e-10 5.41254053295498e-19 1 1.0842021724855e-19 0 0 -1.0842021724855e-19 1 3.63797880709171e-12
1 -5.41254053295498e-19 -5.86828820449564e-38 4.65661287307739e-10 5.41254053295498e-19 1 1.0842021724855e-19 0 0 -1.0842021724855e-19 1 3.63797880709171e-12
1 -5.41254053295498e-19 -5.86828820449564e-38 4.65661287307739e-10 5.41254053295498e-19 1 1.0842021724855e-19 0 0 -1.0842021724855e-19 1 3.63797880709171e-12
1 -5.41254053295498e-19 -5.86828820449564e-38 4.65661287307739e-10 5.41254053295498e-19 1 1.0842021724855e-19 0 0 -1.0842021724855e-19 1 3.63797880709171e-12
1 -5.41254053295498e-19 -5.86828820449564e-38 4.65661287307739e-10 5.41254053295498e-19 1 1.0842021724855e-19 0 0 -1.0842021724855e-19 1 3.63797880709171e-12
1 -5.41254053295498e-19 -5.86828820449564e-38 4.65661287307739e-10 5.41254053295498e-19 1 1.0842021724855e-19 0 0 -1.0842021724855e-19 1 3.63797880709171e-12
1 -5.41254053295498e-19 -5.86828820449564e-38 4.65661287307739e-10 5.41254053295498e-19 1 1.0842021724855e-19 0 0 -1.0842021724855e-19 1 3.63797880709171e-12
1 -5.41254053295498e-19 -5.86828820449564e-38 4.65661287307739e-10 5.41254053295498e-19 1 1.0842021724855e-19 0 0 -1.0842021724855e-19 1 3.63797880709171e-12
1 -5.41254053295498e-19 -5.86828820449564e-38 4.65661287307739e-10 5.41254053295498e-19 1 1.0842021724855e-19 0 0 -1.0842021724855e-19 1 3.63797880709171e-12
1 -5.41254053295498e-19 -5.86828820449564e-38 4.65661287307739e-10 5.41254053295498e-19 1 1.0842021724855e-19 0 0 -1.0842021724855e-19 1 3.63797880709171e-12
1 -5.41254053295498e-19 -5.86828820449564e-38 4.65661287307739e-10 5.41254053295498e-19 1 1.0842021724855e-19 0 0 -1.0842021724855e-19 1 3.63797880709171e-12
1 -5.41254053295498e-19 -5.86828820449564e-38 4.65661287307739e-10 5.41254053295498e-19 1 1.0842021724855e-19 0 0 -1.0842021724855e-19 1 3.63797880709171e-12
1 -5.41254053295498e-19 -5.86828820449564e-38 4.65661287307739e-10 5.41254053295498e-19 1 1.0842021724855e-19 0 0 -1.0842021724855e-19 1 3.63797880709171e-12
1 -5.41254053295498e-19 -5.86828820449564e-38 4.65661287307739e-10 5.41254053295498e-19 1 1.0842021724855e-19 0 0 -1.0842021724855e-19 1 3.63797880709171e-12
1 -5.41254053295498e-19 -5.86828820449564e-38 4.65661287307739e-10 5.41254053295498e-19 1 1.0842021724855e-19 0 0 -1.0842021724855e-19 1 3.63797880709171e-12
1 -5.41254053295498e-19 -5.86828820449564e-38 4.65661287307739e-10 5.41254053295498e-19 1 1.0842021724855e-19 0 0 -1.0842021724855e-19 1 3.63797880709171e-12
1 -5.41254053295498e-19 -5.86828820449564e-38 4.65661287307739e-10 5.41254053295498e-19 1 1.0842021724855e-19 0 0 -1.0842021724855e-19 1 3.63797880709171e-12
1 -5.41254053295498e-19 -5.86828820449564e-38 4.65661287307739e-10 5.41254053295498e-19 1 1.0842021724855e-19 0 0 -1.0842021724855e-19 1 3.63797880709171e-12
1 -5.41254053295498e-19 -5.86828820449564e-38 4.65661287307739e-10 5.41254053295498e-19 1 1.0842021724855e-19 0 0 -1.0842021724855e-19 1 3.63797880709171e-12
1 -5.41254053295498e-19 -5.86828820449564e-38 4.65661287307739e-10 5.41254053295498e-19 1 1.0842021724855e-19 0 0 -1.0842021724855e-19 1 3.63797880709171e-12
1 -5.41254053295498e-19 -5.86828820449564e-38 4.65661287307739e-10 5.41254053295498e-19 1 1.0842021724855e-19 0 0 -1.0842021724855e-19 1 3.63797880709171e-12
1 -5.41254053295498e-19 -5.86828820449564e-38 4.65661287307739e-10 5.41254053295498e-19 1 1.0842021724855e-19 0 0 -1.0842021724855e-19 1 3.63797880709171e-12
1 -5.41254053295498e-19 -5.86828820449564e-38 4.65661287307739e-10 5.41254053295498e-19 1 1.0842021724855e-19 0 0 -1.0842021724855e-19 1 3.63797880709171e-12
1 -5.41254053295498e-19 -5.86828820449564e-38 4.65661287307739e-10 5.41254053295498e-19 1 1.0842021724855e-19 0 0 -1.0842021724855e-19 1 3.63797880709171e-12
1 -5.41254053295498e-19 -5.86828820449564e-38 4.65661287307739e-10 5.41254053295498e-19 1 1.0842021724855e-19 0 0 -1.0842021724855e-19 1 3.63797880709171e-12
1 -5.41254053295498e-19 -5.86828820449564e-38 4.65661287307739e-10 5.41254053295498e-19 1 1.0842021724855e-19 0 0 -1.0842021724855e-19 1 3.63797880709171e-12
1 -5.41254053295498e-19 -5.86828820449564e-38 4.65661287307739e-10 5.41254053295498e-19 1 1.0842021724855e-19 0 0 -1.0842021724855e-19 1 3.63797880709171e-12
1 -5.41254053295498e-19 -5.86828820449564e-38 4.65661287307739e-10 5.41254053295498e-19 1 1.0842021724855e-19 0 0 -1.0842021724855e-19 1 3.63797880709171e-12
1 -5.41254053295498e-19 -5.86828820449564e-38 4.65661287307739e-10 5.41254053295498e-19 1 1.0842021724855e-19 0 0 -1.0842021724855e-19 1 3.63797880709171e-12
1 -5.41254053295498e-19 -5.86828820449564e-38 4.65661287307739e-10 5.41254053295498e-19 1 1.0842021724855e-19 0 0 -1.0842021724855e-19 1 3.63797880709171e-12
1 -5.41254053295498e-19 -5.86828820449564e-38 4.65661287307739e-10 5.41254053295498e-19 1 1.0842021724855e-19 0 0 -1.0842021724855e-19 1 3.63797880709171e-12
1 -5.41254053295498e-19 -5.86828820449564e-38 4.65661287307739e-10 5.41254053295498e-19 1 1.0842021724855e-19 0 0 -1.0842021724855e-19 1 3.63797880709171e-12
1 -5.41254053295498e-19 -5.86828820449564e-38 4.65661287307739e-10 5.41254053295498e-19 1 1.0842021724855e-19 0 0 -1.0842021724855e-19 1 3.63797880709171e-12
1 -5.41254053295498e-19 -5.86828820449564e-38 4.65661287307739e-10 5.41254053295498e-19 1 1.0842021724855e-19 0 0 -1.0842021724855e-19 1 3.63797880709171e-12
1 -5.41254053295498e-19 -5.86828820449564e-38 4.65661287307739e-10 5.41254053295498e-19 1 1.0842021724855e-19 0 0 -1.0842021724855e-19 1 3.63797880709171e-12
1 -5.41254053295498e-19 -5.86828820449564e-38 4.65661287307739e-10 5.41254053295498e-19 1 1.0842021724855e-19 0 0 -1.0842021724855e-19 1 3.63797880709171e-12
1 -5.41254053295498e-19 -5.86828820449564e-38 4.65661287307739e-10 5.41254053295498e-19 1 1.0842021724855e-19 0 0 -1.0842021724855e-19 1 3.63797880709171e-12
1 -5.41254053295498e-19 -5.86828820449564e-38 4.65661287307739e-10 5.41254053295498e-19 1 1.0842021724855e-19 0 0 -1.0842021724855e-19 1 3.63797880709171e-12
1 -5.41254053295498e-19 -5.86828820449564e-38 4.65661287307739e-10 5.41254053295498e-19 1 1.0842021724855e-19 0 0 -1.0842021724855e-19 1 3.63797880709171e-12
1 -5.41254053295498e-19 -5.86828820449564e-38 4.65661287307739e-10 5.41254053295498e-19 1 1.0842021724855e-19 0 0 -1.0842021724855e-19 1 3.63797880709171e-12
1 -5.41254053295498e-19 -5.86828820449564e-38 4.65661287307739e-10 5.41254053295498e-19 1 1.0842021724855e-19 0 0 -1.0842021724855e-19 1 3.63797880709171e-12
1 -5.41254053295498e-19 -5.86828820449564e-38 4.65661287307739e-10 5.41254053295498e-19 1 1.0842021724855e-19 0 0 -1.0842021724855e-19 1 3.63797880709171e-12
1 -5.41254053295498e-19 -5.86828820449564e-38 4.65661287307739e-10 5.41254053295498e-19 1 1.0842021724855e-19 0 0 -1.0842021724855e-19 1 3.63797880709171e-12
1 -5.41254053295498e-19 -5.86828820449564e-38 4.65661287307739e-10 5.41254053295498e-19 1 1.0842021724855e-19 0 0 -1.0842021724855e-19 1 3.63797880709171e-12
1 -5.41254053295498e-19 -5.86828820449564e-38 4.65661287307739e-10 5.41254053295498e-19 1 1.0842021724855e-19 0 0 -1.0842021724855e-19 1 3.63797880709171e-12
1 -5.41254053295498e-19 -5.86828820449564e-38 4.65661287307739e-10 5.41254053295498e-19 1 1.0842021724855e-19 0 0 -1.0842021724855e-19 1 3.63797880709171e-12
1 -5.41254053295498e-19 -5.86828820449564e-38 4.65661287307739e-10 5.41254053295498e-19 1 1.0842021724855e-19 0 0 -1.0842021724855e-19 1 3.63797880709171e-12
1 -5.41254053295498e-19 -5.86828820449564e-38 4.65661287307739e-10 5.41254053295498e-19 1 1.0842021724855e-19 0 0 -1.0842021724855e-19 1 3.63797880709171e-12
1 -5.41254053295498e-19 -5.86828820449564e-38 4.65661287307739e-10 5.41254053295498e-19 1 1.0842021724855e-19 0 0 -1.0842021724855e-19 1 3.63797880709171e-12
1 -5.41254053295498e-19 -5.86828820449564e-38 4.65661287307739e-10 5.41254053295498e-19 1 1.0842021724855e-19 0 0 -1.0842021724855e-19 1 3.63797880709171e-12
1 -5.41254053295498e-19 -5.86828820449564e-38 4.65661287307739e-10 5.41254053295498e-19 1 1.0842021724855e-19 0 0 -1.0842021724855e-19 1 3.63797880709171e-12
1 -5.41254053295498e-19 -5.86828820449564e-38 4.65661287307739e-10 5.41254053295498e-19 1 1.0842021724855e-19 0 0 -1.0842021724855e-19 1 3.63797880709171e-12
1 -5.41254053295498e-19 -5.86828820449564e-38 4.65661287307739e-10 5.41254053295498e-19 1 1.0842021724855e-19 0 0 -1.0842021724855e-19 1 3.63797880709171e-12
1 -5.41254053295498e-19 -5.86828820449564e-38 4.65661287307739e-10 5.41254053295498e-19 1 1.0842021724855e-19 0 0 -1.0842021724855e-19 1 3.63797880709171e-12
1 -5.41254053295498e-19 -5.86828820449564e-38 4.65661287307739e-10 5.41254053295498e-19 1 1.0842021724855e-19 0 0 -1.0842021724855e-19 1 3.63797880709171e-12
1 -5.41254053295498e-19 -5.86828820449564e-38 4.65661287307739e-10 5.41254053295498e-19 1 1.0842021724855e-19 0 0 -1.0842021724855e-19 1 3.63797880709171e-12
1 -5.41254053295498e-19 -5.86828820449564e-38 4.65661287307739e-10 5.41254053295498e-19 1 1.0842021724855e-19 0 0 -1.0842021724855e-19 1 3.63797880709171e-12
1 -5.41254053295498e-19 -5.86828820449564e-38 4.65661287307739e-10 5.41254053295498e-19 1 1.0842021724855e-19 0 0 -1.0842021724855e-19 1 3.63797880709171e-12
1 -5.41254053295498e-19 -5.86828820449564e-38 4.65661287307739e-10 5.41254053295498e-19 1 1.0842021724855e-19 0 0 -1.0842021724855e-19 1 3.63797880709171e-12
1 -5.41254053295498e-19 -5.86828820449564e-38 4.65661287307739e-10 5.41254053295498e-19 1 1.0842021724855e-19 0 0 -1.0842021724855e-19 1 3.63797880709171e-12
1 -5.41254053295498e-19 -5.86828820449564e-38 4.65661287307739e-10 5.41254053295498e-19 1 1.0842021724855e-19 0 0 -1.0842021724855e-19 1 3.63797880709171e-12
1 -5.41254053295498e-19 -5.86828820449564e-38 4.65661287307739e-10 5.41254053295498e-19 1 1.0842021724855e-19 0 0 -1.0842021724855e-19 1 3.63797880709171e-12
1 -5.41254053295498e-19 -5.86828820449564e-38 4.65661287307739e-10 5.41254053295498e-19 1 1.0842021724855e-19 0 0 -1.0842021724855e-19 1 3.63797880709171e-12
1 -5.41254053295498e-19 -5.86828820449564e-38 4.65661287307739e-10 5.41254053295498e-19 1 1.0842021724855e-19 0 0 -1.0842021724855e-19 1 3.63797880709171e-12
1 -5.41254053295498e-19 -5.86828820449564e-38 4.65661287307739e-10 5.41254053295498e-19 1 1.0842021724855e-19 0 0 -1.0842021724855e-19 1 3.63797880709171e-12
1 -5.41254053295498e-19 -5.86828820449564e-38 4.65661287307739e-10 5.41254053295498e-19 1 1.0842021724855e-19 0 0 -1.0842021724855e-19 1 3.63797880709171e-12
1 -5.41254053295498e-19 -5.86828820449564e-38 4.65661287307739e-10 5.41254053295498e-19 1 1.0842021724855e-19 0 0 -1.0842021724855e-19 1 3.63797880709171e-12
1 -5.41254053295498e-19 -5.86828820449564e-38 4.65661287307739e-10 5.41254053295498e-19 1 1.0842021724855e-19 0 0 -1.0842021724855e-19 1 3.63797880709171e-12
1 -5.41254053295498e-19 -5.86828820449564e-38 4.65661287307739e-10 5.41254053295498e-19 1 1.0842021724855e-19 0 0 -1.0842021724855e-19 1 3.63797880709171e-12
1 -5.41254053295498e-19 -5.86828820449564e-38 4.65661287307739e-10 5.41254053295498e-19 1 1.0842021724855e-19 0 0 -1.0842021724855e-19 1 3.63797880709171e-12
1 -5.41254053295498e-19 -5.86828820449564e-38 4.65661287307739e-10 5.41254053295498e-19 1 1.0842021724855e-19 0 0 -1.0842021724855e-19 1 3.63797880709171e-12
1 -5.41254053295498e-19 -5.86828820449564e-38 4.65661287307739e-10 5.41254053295498e-19 1 1.0842021724855e-19 0 0 -1.0842021724855e-19 1 3.63797880709171e-12
1 -5.41254053295498e-19 -5.86828820449564e-38 4.65661287307739e-10 5.41254053295498e-19 1 1.0842021724855e-19 0 0 -1.0842021724855e-19 1 3.63797880709171e-12
1 -5.41254053295498e-19 -5.86828820449564e-38 4.65661287307739e-10 5.41254053295498e-19 1 1.0842021724855e-19 0 0 -1.0842021724855e-19 1 3.63797880709171e-12
0.999999999336204 -3.20612025472306e-06 -3.62948162699692e-05 -0.0140056232921779 3.20706956013129e-06 0.999999999652806 2.61553712099567e-05 0.000100896810181439 3.62947324001025e-05 -2.61554875925953e-05 0.999999998999291 -3.77806354663335e-05
0.999999977950327 5.31486573407104e-05 -0.000203161426954273 -0.163042757194489 -5.31669067576642e-05 0.99999999455257 -8.98228292547679e-05 0.000117849092930555 0.000203156651884792 8.98336287388475e-05 0.999999975328647 -0.000405705413868418
0.999999834362999 5.26053136343698e-05 -0.00057315500139196 -0.31908271741122 -5.2415097399734e-05 0.999999943552269 0.000331885696893258 0.000185247277840972 0.000573172427989837 -0.000331855599945484 0.99999978067259 -0.000796135478594806
0.999999062930781 -5.11310799901275e-05 -0.00136803624690084 -0.483123391866684 5.19510823269193e-05 0.999999819027003 0.00059937220978903 0.0001817163429223 0.00136800535277482 -0.000599442719099471 0.999998884614269 -0.00126803882449167
0.999998347954089 4.23181449609995e-05 -0.00181722267974926 -0.653167473617941 -4.0805068765863e-05 0.999999652505954 0.000832660145915038 0.000249925476964563 0.00181725728490795 -0.000832584618425838 0.999998002187411 -0.00185007641266566
0.99999795616008 0.000189255620007208 -0.00201292274398395 -0.830212350469083 -0.00018802644720193 0.999999795777028 0.000610812538417719 0.000268585456069559 0.00201303793260455 -0.000610432807302626 0.999997787522587 -0.00247993729863083
0.999997136342908 0.000160949151732857 -0.00238776074073627 -0.994253556244075 -0.000160050283917653 0.999999916265241 0.000376634330212778 0.000264963309746236 0.00238782115977366 -0.000376251089876725 0.999997078368345 -0.00308101950940909
0.999995148370572 9.13815204627774e-05 -0.0031136609860948 -1.18030130630359 -9.16867453243595e-05 0.999999991006029 -9.78850474454839e-05 0.000291273696348071 0.00311365201320615 9.81700539853656e-05 0.999995147755118 -0.00385124520835234
0.999992002084086 0.000103665775263343 -0.00399812722011632 -1.37035090941936 -0.000105638005973758 0.999999872856054 -0.000493080609612039 0.00033203448401764 0.00399807559619498 0.000493499020181947 0.999991885892203 -0.00476650252312538
0.999987352762352 0.000145603066679605 -0.00502723732191574 -1.56340060150251 -0.000149309428031089 0.999999717350862 -0.000736888656140453 0.000308598857372999 0.0050271286077233 0.00073762995046361 0.999987091856699 -0.00586332908278564
0.999984239915906 9.20497855961484e-05 -0.00561350573573527 -1.75845266133547 -9.54751978620471e-05 0.999999809426278 -0.000609944172538244 0.000342313200235367 0.00561344852071828 0.000610470510337611 0.999984058133659 -0.00712332655166392
0.999982939841178 9.65128036614314e-05 -0.00584043764409947 -1.93649748712778 -9.8546624534211e-05 0.999999934611722 -0.000347944124456602 0.000239244662225246 0.00584040368114035 0.000348513743890206 0.999982883965027 -0.00831302105507348
0.99998196921916 0.000142256725421576 -0.00600341566065712 -2.1355490735732 -0.000142382511354362 0.999999989652972 -2.05250050684268e-05 0.000187465047929436 0.0060034126787196 2.13794163850271e-05 0.999981979127189 -0.00967131877405336
0.999979359236955 -1.25467527405124e-05 -0.00642502471803776 -2.33760242862627 1.59403077850696e-05 0.999999860413982 0.000528126804908051 0.000171544321347028 0.00642501719491771 -0.000528218320839346 0.999979219853818 -0.0111006684746826
0.999982888374887 -1.61605559000778e-05 -0.00585001677382692 -2.54065337916836 2.19382012530587e-05 0.999999512115907 0.000987566029730234 3.42988641932607e-05 0.00584999796008077 -0.000987677469715877 0.999982400853676 -0.0125178267808224
0.99998789412301 0.000112457586039778 -0.00491924391736924 -2.7457053414546 -0.000103723758663314 0.999998418135043 0.00177566010092968 -4.55642002634704e-05 0.00491943582223825 -0.00177512836253803 0.999986323941726 -0.0137687188653217
0.999990506156459 8.918343616539e-05 -0.00435656324001904 -2.93174966191873 -7.97485804287969e-05 0.999997651493014 0.00216579053014603 -0.000219352659769356 0.00435674616124133 -0.00216542253873565 0.999988164784021 -0.0147435192375269
0.99999180550754 1.71938164198437e-05 -0.0040482863217821 -3.14080179715529 -5.33534838739368e-06 0.999995709727199 0.00292924883374826 -0.000284477020613849 0.0040483193184961 -0.00292920323102288 0.99998751536163 -0.0157309164969774
0.999992632243028 -4.14577307631669e-05 -0.00383845553796368 -3.35285300761461 5.34101978262636e-05 0.999995150612276 0.00311382390029992 -0.000413624104112387 0.00383830783173162 -0.0031140059710718 0.999987785105299 -0.0166537751574651
0.999992549170369 -7.4136923062363e-05 -0.00385954757245667 -3.56590173766017 8.6589369576827e-05 0.99999479162377 0.00322633346293624 -0.0006640829378739 0.00385928828004512 -0.00322664361986642 0.999987347252415 -0.0175460525861126
0.999993723089785 -0.000251618757416949 -0.00353418576652901 -3.78095205174759 0.000262446840715866 0.999995272472348 0.00306368317727943 -0.000857257458847016 0.00353339817841388 -0.00306459148270413 0.999989061628355 -0.0184109425717907
0.99999447237144 -0.000384298715082269 -0.0033026566675447 -3.97599541116506 0.000393973675559939 0.999995631993183 0.00292929672406085 -0.0011230813106522 0.00330151651655071 -0.00293058169178304 0.999990255792345 -0.0191134495798906
0.999993338787344 -0.000441965666265996 -0.00362312672826322 -4.19504446256906 0.000452201496540901 0.999995907986812 0.00282480502657291 -0.00140161445597187 0.00362186343554523 -0.0028264245932746 0.99998944665895 -0.0198851814930094
0.999990889396442 -0.000673314692505137 -0.00421518344066606 -4.41409170720726 0.000685684450276909 0.999995461274033 0.00293381461033263 -0.00178018095903099 0.0042131889286213 -0.00293667816725113 0.99998681239324 -0.0207364309353579
0.99998798650282 -0.000873902518555463 -0.00482318820124881 -4.61113533563912 0.000889157391775895 0.999994606885054 0.00316158187304397 -0.00208883860614151 0.00482039927487896 -0.00316583246483012 0.999983370489547 -0.0216110969959118
0.999985640362928 -0.00101834016465957 -0.00526137351409808 -4.83018134115264 0.00103280748617696 0.999995691611837 0.00274773842660908 -0.00256753596477211 0.00525855271365691 -0.00275313295603543 0.999982383785977 -0.0226801927674387
0.999986543170979 -0.00126245219812255 -0.00503186758591965 -5.04822765383869 0.00127493156870643 0.999996117937632 0.00247763176455552 -0.00302489235764369 0.00502872016022856 -0.00248401371032333 0.999984270701013 -0.0237706080770295
0.999986695725109 -0.00171235752945101 -0.00486582002030646 -5.24426523176953 0.00172502842915876 0.999995129370093 0.00260105997803171 -0.00361214886652306 0.00486134237606001 -0.00260941905068095 0.999984779025421 -0.0246782382528181
0.999985936122506 -0.00216430730602307 -0.00484183137682131 -5.46230465499684 0.00217542235938967 0.999995008172823 0.00229154249240869 -0.00436935405014083 0.00483684760507747 -0.00230204329267333 0.999985652648039 -0.0256511492661957
0.999984597915686 -0.00249286909844192 -0.0049587836272967 -5.68034402048215 0.00250545999435373 0.999993649418364 0.00253452030156518 -0.00512654928024858 0.00495243390879731 -0.00254690529866865 0.999984493215659 -0.0266101604029245
0.999981103578741 -0.00316197067242239 -0.00527204200564976 -5.89837961178273 0.00318015062525101 0.999989014205861 0.00344356059799418 -0.00608378410106525 0.00526109565046202 -0.00346026141470311 0.999980173535205 -0.0276897269395704
0.999982381736169 -0.0035315034154596 -0.00477123682982672 -6.11741633713245 0.00355207124072629 0.999984406582182 0.00430922062350228 -0.00706260721199214 0.00475594440258745 -0.00432609247564235 0.999979332744798 -0.029098340884957
0.999985568828588 -0.00377411858689444 -0.00382337069327854 -6.33645232953131 0.00378948808317572 0.99998473698286 0.00402064439968966 -0.00804130465257913 0.00380813794834595 -0.00403507499476088 0.99998460800912 -0.0303288063842047
0.999984928500674 -0.00439851764134154 -0.00328569841301141 -6.53447891259566 0.00440937307870236 0.99998482059159 0.00330393938473606 -0.00917118001962081 0.0032711161023836 -0.00331837745954291 0.999989144026314 -0.031265577992599
0.9999814629713 -0.00532722363801428 -0.00294862715316737 -6.75350731378421 0.00533419365414771 0.999982985831257 0.00236102224962494 -0.0104496058193035 0.00293599929118935 -0.00237670703153661 0.999992865560474 -0.0322080506812199
0.999978007262014 -0.00616473998187935 -0.00244560283915654 -6.97253100061789 0.00616856658212038 0.999979757012597 0.00156024079835693 -0.0119279099744745 0.00243593485401808 -0.00157529234833662 0.99999579232885 -0.0330427407679963
0.999970586142589 -0.00742224645135053 -0.00193315991654634 -7.19254756858572 0.00742500597362942 0.999971420028433 0.00142422351140041 -0.0137274172739126 0.00192253372898747 -0.00143853534342146 0.999997117235908 -0.0337574168515857
0.999962678692445 -0.00851293349127709 -0.00147349435115393 -7.39055965980515 0.00851481391587093 0.999962935940515 0.00127463296805853 -0.0154568679863587 0.00146258887178877 -0.00128713192729567 0.999998102060796 -0.0342863313744601
0.999957058571074 -0.00922141258882328 -0.000920088991380512 -7.63156649144366 0.00922236412581955 0.9999569370955 0.00103535236399215 -0.0179046611301601 0.000910501958352959 -0.00104379330018886 0.999999040740405 -0.0347932715412753
0.999947353912946 -0.010220721799038 -0.00090898206995823 -7.82856949884444 0.010221855205269 0.999946972786603 0.00125111593013563 -0.0200125339324586 0.000896146561311772 -0.00126034154688076 0.999998804229548 -0.0351369703093951
0.999932742966909 -0.0115844278919855 -0.000557290847211117 -8.0475655128248 0.0115854091409971 0.999931282984006 0.00179097878133511 -0.0226902132853866 0.000536505087298603 -0.00179731476789142 0.999998240909411 -0.0354736634544679
0.999924305766884 -0.0123001389107103 0.000298863501851669 -8.26555689238012 0.0122994006881902 0.999921579865114 0.00235772406497131 -0.0255463910289109 -0.000327840398447813 -0.00235386975689596 0.999997175904933 -0.0356687440144015
0.999913164194673 -0.0131181830590662 0.00125592333591115 -8.48254329618067 0.0131152483457446 0.999911306735658 0.00231709365749208 -0.0285810084897093 -0.0012862080027347 -0.00230042070434462 0.999996526860747 -0.035639172703668
0.999894667705881 -0.0143916568485613 0.00187981554900866 -8.69652535347268 0.0143887031396381 0.999895236083211 0.00157546185600302 -0.0317513861227781 -0.00190229211857849 -0.00154824780109947 0.999996992102197 -0.035431058575341
0.999880644061478 -0.015277773220316 0.00229940788738659 -8.88950309017673 0.0152756357295728 0.999882874772265 0.000944293496792225 -0.0348731277626939 -0.00231356527061154 -0.000909055872474251 0.999996910511807 -0.0351283723648521
0.999870845268993 -0.0159094378047988 0.0022765258191411 -9.10247391089797 0.015908210448899 0.999873301696601 0.000556232550742499 -0.0385219018207863 -0.00228508673435321 -0.000519945258853781 0.999997254014002 -0.0347310007455235
0.99985488847329 -0.0168942582277202 0.00218770084791036 -9.31544262031093 0.0168925072770839 0.999856978131466 0.000816382084292509 -0.0422706570243463 -0.00220118012859182 -0.00077930786534847 0.99999727373893 -0.0343393373041181
0.999838415012564 -0.0178688612189843 0.00196154630341268 -9.52640756266192 0.0178669904208262 0.999839904818165 0.00096715381705984 -0.0461766657535918 -0.00197851420663501 -0.00093195061050938 0.999997608471937 -0.0339634896190546
0.999824991250705 -0.0186086050059681 0.00192527667112373 -9.73736834153533 0.0186069701270377 0.999826502358642 0.000863622588880183 -0.0502826471347362 -0.00194101345179303 -0.000827647881865158 0.999997773730404 -0.0336136281621293
0.999805245522948 -0.0196062184889689 0.00225104894654898 -9.94832460908219 0.0196047446290642 0.999807580699265 0.000674955044083085 -0.05458854167955 -0.00226384911734929 -0.000630692353821824 0.999997238603352 -0.0332052236735763
0.999787585114989 -0.0205255491933162 0.00186721189270893 -10.1362796458416 0.0205247942430287 0.999789254913109 0.000422589129464038 -0.0587031992035918 -0.00187549226094174 -0.000384175225336709 0.999998167467409 -0.0328274272287672
0.999769658253645 -0.0214318274101907 0.00114333251942313 -10.3452282194048 0.0214319622748918 0.999770303515773 -0.000105834905807583 -0.0633663605549373 -0.00114080166452788 0.000130314387034488 0.999999340794644 -0.0325183842214756
0.999747498887302 -0.0224574525323316 0.000775431712952324 -10.5531731694937 0.0224575628291028 0.999747788175906 -0.000133825112268342 -0.0682081936392933 -0.000772230768799139 0.000151205627691893 0.999999690398201 -0.0323131664881657
0.999725976333454 -0.0234086169705801 9.43167399254001e-05 -10.7601144351065 0.0234086061465352 0.999725974504498 0.000114277333489778 -0.0732286876882426 -9.69659690620893e-05 -0.000112038195377913 0.999999989022522 -0.0321970141594647
0.999706279254767 -0.0242271394116412 -0.000633193903746396 -10.966052156873 0.0242272671114632 0.999706457709343 0.000194788467267948 -0.0784278673818335 0.00062828886720518 -0.000210071811693594 0.999999780561443 -0.0322041869258101
0.999684699269776 -0.0250723911720661 -0.00137012656780523 -11.1509949881583 0.0250723825710638 0.999685638129319 -2.34560404395022e-05 -0.0831786542548798 0.00137028395127555 -1.09036927459678e-05 0.999999061101061 -0.0323325728277268
0.999662492462671 -0.025907533087135 -0.00192377042813385 -11.3539259266108 0.0259059444083621 0.99966402655907 -0.000846196204737092 -0.0887138629332185 0.00194504694853598 0.000796073517374248 0.999997791527223 -0.0326069053444371
0.999638139430686 -0.0267899472544509 -0.00242671004841625 -11.5548555101268 0.0267856258868841 0.99963958720461 -0.00179608998782756 -0.0943063952145167 0.00247395258710225 0.00173043910618921 0.999995442559163 -0.0329641848038591
0.99960807546326 -0.0278552647171071 -0.00278921067270765 -11.7547835311852 0.027849441545403 0.999609912131023 -0.00210527314569456 -0.099977608944755 0.00284676557623535 0.00202677007790483 0.999993894045761 -0.0334070314784185
0.999581760132465 -0.0288320480629474 -0.00224004798588057 -11.9527054694481 0.0288269459616277 0.999581822593957 -0.00227752634871997 -0.10590602242155 0.00230477699757535 0.00221200005416114 0.999994897516358 -0.0338219925215526
0.999557649874318 -0.0296719739193766 -0.00201953991249406 -12.1486233649775 0.0296682288131383 0.999558071015972 -0.00185980265653846 -0.111991641926579 0.00207383143519232 0.00179906380037846 0.999996231289209 -0.0341855699043663
0.999532402340276 -0.0304935732109428 -0.00226244661953081 -12.3235507025383 0.0304888308679577 0.999532897703158 -0.00210180908574613 -0.117428925062995 0.00232548149474997 0.00203184693240579 0.999995231855563 -0.0346854838389845
0.999507950588735 -0.0312690509369648 -0.0024704581373512 -12.5164638343267 0.031262567869029 0.999507770823306 -0.00262067053630306 -0.123750576691236 0.00255118798626486 0.00254214817172202 0.999993514440235 -0.0352881029903074
0.999496292285097 -0.0316755242509729 -0.00195521655346131 -12.7093768939376 0.0316691689936354 0.999493283396661 -0.00320002815836182 -0.13007221580483 0.00205558838230453 0.00313649619603983 0.999992968449286 -0.0358731122978497
0.999493916213186 -0.0317966544520202 -0.000940328925706056 -12.9022871442139 0.0317937884275832 0.99949018392052 -0.0029201479325252 -0.136493716621771 0.00103270046565902 0.00288877347408522 0.99999529424771 -0.036294471261499
0.999489007241089 -0.0319618536343341 0.000405359691622843 -13.0931969056837 0.0319625100889094 0.999487567549446 -0.00173212670092627 -0.142872346099466 -0.000349789992071581 0.00174419790995772 0.999998417709054 -0.0364903816334845
0.999483605534832 -0.032092749282093 0.00160552502609613 -13.2651140019298 0.0320937340037606 0.999484688487032 -0.000591369324027515 -0.148645065375604 -0.00158571901311669 0.000642591237305627 0.999998536284785 -0.0364172626359505
0.999481643174204 -0.0321374719701966 0.00190469240517552 -13.4550221711397 0.0321371766575608 0.999483450329464 0.000185456170762831 -0.155002027982846 -0.00190966862943074 -0.00012414860198739 0.999998168874749 -0.0361728165698878
0.999476268701059 -0.0323160761686677 0.00169101285342668 -13.6439305385575 0.0323151099879687 0.999477552984439 0.000595606164317285 -0.161337630997878 -0.00170937704298074 -0.000540648960377638 0.999998392863122 -0.0359232502742088
0.999470569604618 -0.032485714662113 0.00180522494763095 -13.8328389506787 0.0324857049497193 0.999472199597947 3.47096631328127e-05 -0.167673241579905 -0.00180539971739035 2.39527182344749e-05 0.999998369977735 -0.0356845838796289
0.999466616367355 -0.0325954390470398 0.00200502382068448 -14.0207452885807 0.0325976834270556 0.999467952204778 -0.0010970646185072 -0.174087446124759 -0.00196819774927811 0.00116183859396611 0.99999738816094 -0.035407425773883
0.99945973661796 -0.0328108525616987 0.0019190710596843 -14.2096513370052 0.032815918464187 0.999457844482933 -0.00267069221030433 -0.180522994720377 -0.00183040293637167 0.00273222541251998 0.999994592270071 -0.0351132280920865
0.999454000173408 -0.0330013309874701 0.00161669119745863 -14.3785663242452 0.0330070272324301 0.999448515065216 -0.00363344013467878 -0.186331514501944 -0.00149589125611134 0.00368481844737626 0.999992092179913 -0.0348864778316056
0.999452618275362 -0.0330666214037592 0.00103071405506917 -14.5454820194282 0.0330714285011122 0.999440180139968 -0.00506032989864 -0.192097368126269 -0.000862809027934676 0.00509164715271016 0.999986665256019 -0.0347249364567688
0.999450006463863 -0.0331595233889702 -0.000361369616656892 -14.7243936178274 0.0331568521090284 0.999433111366227 -0.00583772755814884 -0.198219587677158 0.000554741023831491 0.00582253496678994 0.999982895028188 -0.0347270551937982
0.999431441778078 -0.0336670351194871 -0.0018231652848708 -14.8983073714189 0.0336547042504518 0.999412915999817 -0.006417492855997 -0.204235207987949 0.00203815289106427 0.00635248604920758 0.999977745679266 -0.0349860603128036
0.999418481648911 -0.0340173976560713 -0.00234844529279137 -15.0642214370891 0.034000788009901 0.999398786477007 -0.00678321479773176 -0.210180075257085 0.00257778069088433 0.00669942124329445 0.999974236068967 -0.0354130199775682
0.999400379023932 -0.034567464355196 -0.00199319213148878 -15.2231412949041 0.0345520523621818 0.999376179834811 -0.00730799947600629 -0.215775492833927 0.0022445677494387 0.00723474856733229 0.999971309752828 -0.0358362812876294
0.99937129338275 -0.0354358476552328 -0.00114833072109494 -15.3610672992654 0.0354262022442507 0.999343805768133 -0.00754599678059376 -0.220822352392133 0.00141497598542348 0.00750057156611526 0.99997086921027 -0.03611401982198
0.99933589507288 -0.0364370307866715 -0.000334075345590156 -15.5099840415642 0.0364336716281626 0.999309978762525 -0.00722176691211378 -0.226403984823264 0.000596984569817638 0.00720479930968463 0.999973866896696 -0.0362844270166534
0.999291240646801 -0.0376406760679429 -0.000442573976525737 -15.6558989780024 0.0376369545521945 0.99926981249415 -0.00658038676243976 -0.232021469913889 0.000689941021064438 0.00655906571513373 0.999978251082658 -0.0363749123098387
0.999229650755776 -0.0392209548035141 -0.00134972396820701 -15.7968131401576 0.0392123757716646 0.999213574333229 -0.00588408485268445 -0.237632196745835 0.00157944193670253 0.00582662616893588 0.999981777729302 -0.0365294638831983
0.999168256011638 -0.0406949892580271 -0.00259114413941531 -15.9327247040346 0.0406793313328499 0.9991552260966 -0.0058331951934468 -0.243336196115706 0.00282633702420368 0.00572293745743326 0.999979629695467 -0.0368235293062753
0.999108452606929 -0.0420804222481445 -0.00339676210621062 -16.0506469588727 0.0420605606583211 0.999098683640417 -0.00572097763438642 -0.248355911171529 0.00363444170348186 0.00557300739308051 0.999977865966093 -0.037198594363872
0.999025674646854 -0.0440139483091419 -0.00323631745029353 -16.1755594476126 0.0439956065303965 0.999016387784938 -0.00553566104073286 -0.253925081458874 0.00347678046782135 0.00538788375668388 0.999979441141768 -0.0376496036078606
0.998929080774409 -0.0462180673425365 -0.00214052197270971 -16.2964681535959 0.0462075567527018 0.998920690874381 -0.00472387997246099 -0.259608714724891 0.00235654029049624 0.0046199127880447 0.999986551471414 -0.0380056990215962
0.998818395284516 -0.0485898156412804 -0.000918181469449693 -16.4163721492514 0.0485860380213129 0.998811902167967 -0.00376576645572317 -0.265470833226573 0.00110006847786813 0.00371670600853653 0.99999248794468 -0.0382015620125458
0.998694663298211 -0.0510774926239165 -0.00024340691749724 -16.5362692158669 0.0510764301745709 0.998689425938749 -0.00326018385286676 -0.271632793650497 0.000409609931402252 0.00324349585880348 0.99999465596288 -0.0382702607857937
0.998568008332026 -0.053496605185517 -0.000214404840844992 -16.6451706257649 0.0534955084160381 0.99856177227412 -0.00355211656320577 -0.277459824457765 0.000404122655213081 0.00353556026591572 0.999993668229197 -0.038288978728815
0.998412489967498 -0.0563226989005962 -0.00050345352678023 -16.7660524263047 0.0563201762234578 0.998404365779133 -0.00409391540293177 -0.284342964645475 0.000733230563668122 0.00405906167980881 0.999991493159427 -0.0383337655803189
0.998242449799583 -0.0592604658634404 -0.000456731622139176 -16.8879298069514 0.0592575133460832 0.998230616303741 -0.00491770128123206 -0.291447427414823 0.000747348757556447 0.00488199339416515 0.999987803730792 -0.0383956290097558
0.998052373021652 -0.0623813303703942 -0.000174146686045653 -17.0087966565043 0.0623796338921659 0.998039466577676 -0.00509945377731214 -0.299030407506507 0.000491915976438337 0.00507865873704155 0.999986982537325 -0.0384395534565556
0.997836670323587 -0.0657416744948067 -0.000107666877753313 -17.1296569835395 0.0657403204324066 0.997824289880439 -0.00498966873064985 -0.306913299136795 0.000435461803365142 0.0049717963771659 0.999987545729346 -0.0384549928276101
0.997634943234946 -0.0687350889938626 -8.70494815126535e-05 -17.2385220741853 0.0687337607961165 0.997622100181897 -0.00508088136881411 -0.314439939509612 0.000436077319619095 0.00506288155772064 0.999987088450098 -0.0384692106636066
0.997389614167889 -0.0722077378692862 1.19092258362028e-05 -17.3613648288883 0.0722067259219185 0.997374735634052 -0.00546126821729355 -0.323165352398064 0.000382467862898208 0.00544787212631967 0.999985087092617 -0.0384724265095429
0.99711137060318 -0.0759532844567201 -0.00011486550936805 -17.4851945536211 0.0759513798209703 0.997095037614921 -0.00573357366658945 -0.332511985150632 0.000550015581036021 0.00570828730321696 0.999983556334265 -0.0384760719935002
0.996826615438741 -0.079603145782404 -0.000194767784566111 -17.6120108701289 0.0796007233432133 0.996810317872378 -0.00573716187728893 -0.342522560094949 0.000650842670539726 0.00570345199982668 0.999983523383812 -0.0384947875281796
0.996529719060819 -0.083237652234228 0.000110811095919548 -17.7388186207972 0.083236798180858 0.996511442558228 -0.00604816328476791 -0.352933039772324 0.00039301038710709 0.00603639801983098 0.999981703553511 -0.0385077860264573
0.996168749630814 -0.0874458852781399 0.00101951307170708 -17.8666109233163 0.0874509839246732 0.996142663675765 -0.00721935007866597 -0.364064667839557 -0.0003842780081408 0.00728084836225665 0.999973420435533 -0.0384522229869617
0.995782967891154 -0.0917247714434612 0.00168735340993695 -17.9844114813022 0.0917362221461917 0.995743581451304 -0.00889862601051998 -0.374682743975427 -0.000863946890608906 0.00901589164616211 0.999958982805592 -0.0383127832246828
0.995350594825024 -0.0962999891941827 0.0018722880844285 -18.1171724162996 0.0963145479583051 0.995293915359055 -0.0106550410993637 -0.38732076913584 -0.000837396595498652 0.0107858300766362 0.99994148060599 -0.0381659975355433
0.994875559831968 -0.101096005909755 0.00148930793403948 -18.2559096179903 0.101106194293663 0.99481783505384 -0.0107243896909554 -0.401186864532065 -0.000397397131094322 0.0108200114549875 0.999941382995841 -0.0382802417261701
0.994316718060874 -0.106460596617066 0.000636830112090528 -18.4006202141754 0.106461868260921 0.994272388554765 -0.00939616751643739 -0.416380880400538 0.000367139003061969 0.00941056457079218 0.999955652258345 -0.0384756555940839
0.993742087667504 -0.111698964457992 -6.73590550439244e-05 -18.5523019265383 0.111694031459426 0.993703518444828 -0.00881820654731276 -0.433024163823575 0.00105191946970779 0.00875549937939669 0.999961116592064 -0.0387715774668322
0.993173401126946 -0.116646200138782 -0.000509202432389839 -18.6929884231649 0.11663549058749 0.99312543686364 -0.00990095903532371 -0.449332593067084 0.00166061113731944 0.00977397808402089 0.999950854653899 -0.0391242475707259
0.992437637850649 -0.122746811662504 -0.000869024806469153 -18.8556087873876 0.122726145435145 0.992360050399562 -0.0126421358010126 -0.469010302331299 0.00241416736292489 0.0124398793269586 0.999919707375684 -0.0396281310240738
0.991652763477807 -0.128932291472564 -0.00112289913244368 -19.0241941795684 0.128901996158748 0.991548000813617 -0.0147254021612147 -0.490415871259756 0.00301198823339034 0.0144577418068337 0.999890944867853 -0.0402558466812479
0.990851769149643 -0.13494907393906 -0.0012324836768351 -19.198742272798 0.134916015775023 0.990745077522888 -0.0148949673232252 -0.513649244385306 0.00323113918257348 0.0145924229364574 0.99988830422824 -0.0409613831834577
0.990000247216869 -0.141061038810325 -0.00113747100651994 -19.3802504884079 0.14103319813597 0.989913380926235 -0.0134586509996852 -0.538831716345157 0.00302448906077092 0.0131636466430575 0.999908781276061 -0.0416899195006408
0.989138794844848 -0.1469837666068 -0.00046571124029845 -19.5487694977783 0.146967856915007 0.989069485941613 -0.011916417792405 -0.563336546823848 0.00221214074862719 0.0117185465511193 0.999928888521598 -0.0422722405819513
0.988094755762829 -0.153846208860561 0.00031249516550511 -19.7431884310208 0.153841079323642 0.988040641954082 -0.010421715765739 -0.592795563105028 0.00129458353644807 0.0103457172877222 0.999945643616327 -0.0427543217192579
0.986956165755507 -0.160985429095612 0.00110385510337408 -19.9465470737778 0.160988367648306 0.986905551784912 -0.0100088629750392 -0.625146055535879 0.000521880370909882 0.0100560168566294 0.999949300797724 -0.0430757588619599
0.985747815653082 -0.168222394040547 0.00157164832051202 -20.158845547121 0.168229693005236 0.985697901211668 -0.0099205815493565 -0.660388045303989 0.00011969352753569 0.0100435895067584 0.999949554719276 -0.0432661417653435
0.984411637274963 -0.175866592007226 0.00216106765069245 -20.3780801193789 0.175879220476425 0.98436706605629 -0.0093797157919006 -0.698678791697603 -0.000477705172543372 0.0096135882736793 0.9999536742861 -0.0433496761070273
