1 5.01443504774546e-19 8.69865819608493e-37 0 -5.01443504774546e-19 1 1.73472347597681e-18 -5.82076609134674e-11 0 -1.73472347597681e-18 1 7.27595761418343e-12
1 5.01443504774546e-19 8.69865819608493e-37 0 -5.01443504774546e-19 1 1.73472347597681e-18 -5.82076609134674e-11 0 -1.73472347597681e-18 1 7.27595761418343e-12
1 5.01443504774546e-19 8.69865819608493e-37 0 -5.01443504774546e-19 1 1.73472347597681e-18 -5.82076609134674e-11 0 -1.73472347597681e-18 1 7.27595761418343e-12
1 5.01443504774546e-19 8.69865819608493e-37 0 -5.01443504774546e-19 1 1.73472347597681e-18 -5.82076609134674e-11 0 -1.73472347597681e-18 1 7.27595761418343e-12
1 5.01443504774546e-19 8.69865819608493e-37 0 -5.01443504774546e-19 1 1.73472347597681e-18 -5.82076609134674e-11 0 -1.73472347597681e-18 1 7.27595761418343e-12
1 5.01443504774546e-19 8.69865819608493e-37 0 -5.01443504774546e-19 1 1.73472347597681e-18 -5.82076609134674e-11 0 -1.73472347597681e-18 1 7.27595761418343e-12
1 5.01443504774546e-19 8.69865819608493e-37 0 -5.01443504774546e-19 1 1.73472347597681e-18 -5.82076609134674e-11 0 -1.73472347597681e-18 1 7.27595761418343e-12
1 5.01443504774546e-19 8.69865819608493e-37 0 -5.01443504774546e-19 1 1.73472347597681e-18 -5.82076609134674e-11 0 -1.73472347597681e-18 1 7.27595761418343e-12
1 5.01443504774546e-19 8.69865819608493e-37 0 -5.01443504774546e-19 1 1.73472347597681e-18 -5.82076609134674e-11 0 -1.73472347597681e-18 1 7.27595761418343e-12
1 5.01443504774546e-19 8.69865819608493e-37 0 -5.01443504774546e-19 1 1.73472347597681e-18 -5.82076609134674e-11 0 -1.73472347597681e-18 1 7.27595761418343e-12
1 5.01443504774546e-19 8.69865819608493e-37 0 -5.01443504774546e-19 1 1.73472347597681e-18 -5.82076609134674e-11 0 -1.73472347597681e-18 1 7.27595761418343e-12
1 5.01443504774546e-19 8.69865819608493e-37 0 -5.01443504774546e-19 1 1.73472347597681e-18 -5.82076609134674e-11 0 -1.73472347597681e-18 1 7.27595761418343e-12
1 5.01443504774546e-19 8.69865819608493e-37 0 -5.01443504774546e-19 1 1.73472347597681e-18 -5.82076609134674e-11 0 -1.73472347597681e-18 1 7.27595761418343e-12
1 5.01443504774546e-19 8.69865819608493e-37 0 -5.01443504774546e-19 1 1.73472347597681e-18 -5.82076609134674e-11 0 -1.73472347597681e-18 1 7.27595761418343e-12
1 5.01443504774546e-19 8.69865819608493e-37 0 -5.01443504774546e-19 1 1.73472347597681e-18 -5.82076609134674e-11 0 -1.73472347597681e-18 1 7.27595761418343e-12
1 5.01443504774546e-19 8.69865819608493e-37 0 -5.01443504774546e-19 1 1.73472347597681e-18 -5.82076609134674e-11 0 -1.73472347597681e-18 1 7.27595761418343e-12
1 5.01443504774546e-19 8.69865819608493e-37 0 -5.01443504774546e-19 1 1.73472347597681e-18 -5.82076609134674e-11 0 -1.73472347597681e-18 1 7.27595761418343e-12
1 5.01443504774546e-19 8.69865819608493e-37 0 -5.01443504774546e-19 1 1.73472347597681e-18 -5.82076609134674e-11 0 -1.73472347597681e-18 1 7.27595761418343e-12
1 5.01443504774546e-19 8.69865819608493e-37 0 -5.01443504774546e-19 1 1.73472347597681e-18 -5.82076609134674e-11 0 -1.73472347597681e-18 1 7.27595761418343e-12
1 5.01443504774546e-19 8.69865819608493e-37 0 -5.01443504774546e-19 1 1.73472347597681e-18 -5.82076609134674e-11 0 -1.73472347597681e-18 1 7.27595761418343e-12
1 5.01443504774546e-19 8.69865819608493e-37 0 -5.01443504774546e-19 1 1.73472347597681e-18 -5.82076609134674e-11 0 -1.73472347597681e-18 1 7.27595761418343e-12
1 5.01443504774546e-19 8.69865819608493e-37 0 -5.01443504774546e-19 1 1.73472347597681e-18 -5.82076609134674e-11 0 -1.73472347597681e-18 1 7.27595761418343e-12
1 5.01443504774546e-19 8.69865819608493e-37 0 -5.01443504774546e-19 1 1.73472347597681e-18 -5.82076609134674e-11 0 -1.73472347597681e-18 1 7.27595761418343e-12
1 5.01443504774546e-19 8.69865819608493e-37 0 -5.01443504774546e-19 1 1.73472347597681e-18 -5.82076609134674e-11 0 -1.73472347597681e-18 1 7.27595761418343e-12
1 5.01443504774546e-19 8.69865819608493e-37 0 -5.01443504774546e-19 1 1.73472347597681e-18 -5.82076609134674e-11 0 -1.73472347597681e-18 1 7.27595761418343e-12
1 5.01443504774546e-19 8.69865819608493e-37 0 -5.01443504774546e-19 1 1.73472347597681e-18 -5.82076609134674e-11 0 -1.73472347597681e-18 1 7.27595761418343e-12
1 5.01443504774546e-19 8.69865819608493e-37 0 -5.01443504774546e-19 1 1.73472347597681e-18 -5.82076609134674e-11 0 -1.73472347597681e-18 1 7.27595761418343e-12
1 5.01443504774546e-19 8.69865819608493e-37 0 -5.01443504774546e-19 1 1.73472347597681e-18 -5.82076609134674e-11 0 -1.73472347597681e-18 1 7.27595761418343e-12
1 5.01443504774546e-19 8.69865819608493e-37 0 -5.01443504774546e-19 1 1.73472347597681e-18 -5.82076609134674e-11 0 -1.73472347597681e-18 1 7.27595761418343e-12
1 5.01443504774546e-19 8.69865819608493e-37 0 -5.01443504774546e-19 1 1.73472347597681e-18 -5.82076609134674e-11 0 -1.73472347597681e-18 1 7.27595761418343e-12
1 5.01443504774546e-19 8.69865819608493e-37 0 -5.01443504774546e-19 1 1.73472347597681e-18 -5.82076609134674e-11 0 -1.73472347597681e-18 1 7.27595761418343e-12
1 5.01443504774546e-19 8.69865819608493e-37 0 -5.01443504774546e-19 1 1.73472347597681e-18 -5.82076609134674e-11 0 -1.73472347597681e-18 1 7.27595761418343e-12
1 5.01443504774546e-19 8.69865819608493e-37 0 -5.01443504774546e-19 1 1.73472347597681e-18 -5.82076609134674e-11 0 -1.73472347597681e-18 1 7.27595761418343e-12
1 5.01443504774546e-19 8.69865819608493e-37 0 -5.01443504774546e-19 1 1.73472347597681e-18 -5.82076609134674e-11 0 -1.73472347597681e-18 1 7.27595761418343e-12
1 5.01443504774546e-19 8.69865819608493e-37 0 -5.01443504774546e-19 1 1.73472347597681e-18 -5.82076609134674e-11 0 -1.73472347597681e-18 1 7.27595761418343e-12
1 5.01443504774546e-19 8.69865819608493e-37 0 -5.01443504774546e-19 1 1.73472347597681e-18 -5.82076609134674e-11 0 -1.73472347597681e-18 1 7.27595761418343e-12
1 5.01443504774546e-19 8.69865819608493e-37 0 -5.01443504774546e-19 1 1.73472347597681e-18 -5.82076609134674e-11 0 -1.73472347597681e-18 1 7.27595761418343e-12
1 5.01443504774546e-19 8.69865819608493e-37 0 -5.01443504774546e-19 1 1.73472347597681e-18 -5.82076609134674e-11 0 -1.73472347597681e-18 1 7.27595761418343e-12
1 5.01443504774546e-19 8.69865819608493e-37 0 -5.01443504774546e-19 1 1.73472347597681e-18 -5.82076609134674e-11 0 -1.73472347597681e-18 1 7.27595761418343e-12
1 5.01443504774546e-19 8.69865819608493e-37 0 -5.01443504774546e-19 1 1.73472347597681e-18 -5.82076609134674e-11 0 -1.73472347597681e-18 1 7.27595761418343e-12
1 5.01443504774546e-19 8.69865819608493e-37 0 -5.01443504774546e-19 1 1.73472347597681e-18 -5.82076609134674e-11 0 -1.73472347597681e-18 1 7.27595761418343e-12
1 5.01443504774546e-19 8.69865819608493e-37 0 -5.01443504774546e-19 1 1.73472347597681e-18 -5.82076609134674e-11 0 -1.73472347597681e-18 1 7.27595761418343e-12
1 5.01443504774546e-19 8.69865819608493e-37 0 -5.01443504774546e-19 1 1.73472347597681e-18 -5.82076609134674e-11 0 -1.73472347597681e-18 1 7.27595761418343e-12
1 5.01443504774546e-19 8.69865819608493e-37 0 -5.01443504774546e-19 1 1.73472347597681e-18 -5.82076609134674e-11 0 -1.73472347597681e-18 1 7.27595761418343e-12
1 5.01443504774546e-19 8.69865819608493e-37 0 -5.01443504774546e-19 1 1.73472347597681e-18 -5.82076609134674e-11 0 -1.73472347597681e-18 1 7.27595761418343e-12
1 5.01443504774546e-19 8.69865819608493e-37 0 -5.01443504774546e-19 1 1.73472347597681e-18 -5.82076609134674e-11 0 -1.73472347597681e-18 1 7.27595761418343e-12
1 5.01443504774546e-19 8.69865819608493e-37 0 -5.01443504774546e-19 1 1.73472347597681e-18 -5.82076609134674e-11 0 -1.73472347597681e-18 1 7.27595761418343e-12
1 5.01443504774546e-19 8.69865819608493e-37 0 -5.01443504774546e-19 1 1.73472347597681e-18 -5.82076609134674e-11 0 -1.73472347597681e-18 1 7.27595761418343e-12
1 5.01443504774546e-19 8.69865819608493e-37 0 -5.01443504774546e-19 1 1.73472347597681e-18 -5.82076609134674e-11 0 -1.73472347597681e-18 1 7.27595761418343e-12
1 5.01443504774546e-19 8.69865819608493e-37 0 -5.01443504774546e-19 1 1.73472347597681e-18 -5.82076609134674e-11 0 -1.73472347597681e-18 1 7.27595761418343e-12
1 5.01443504774546e-19 8.69865819608493e-37 0 -5.01443504774546e-19 1 1.73472347597681e-18 -5.82076609134674e-11 0 -1.73472347597681e-18 1 7.27595761418343e-12
1 5.01443504774546e-19 8.69865819608493e-37 0 -5.01443504774546e-19 1 1.73472347597681e-18 -5.82076609134674e-11 0 -1.73472347597681e-18 1 7.27595761418343e-12
1 5.01443504774546e-19 8.69865819608493e-37 0 -5.01443504774546e-19 1 1.73472347597681e-18 -5.82076609134674e-11 0 -1.73472347597681e-18 1 7.27595761418343e-12
1 5.01443504774546e-19 8.69865819608493e-37 0 -5.01443504774546e-19 1 1.73472347597681e-18 -5.82076609134674e-11 0 -1.73472347597681e-18 1 7.27595761418343e-12
1 5.01443504774546e-19 8.69865819608493e-37 0 -5.01443504774546e-19 1 1.73472347597681e-18 -5.82076609134674e-11 0 -1.73472347597681e-18 1 7.27595761418343e-12
1 5.01443504774546e-19 8.69865819608493e-37 0 -5.01443504774546e-19 1 1.73472347597681e-18 -5.82076609134674e-11 0 -1.73472347597681e-18 1 7.27595761418343e-12
1 5.01443504774546e-19 8.69865819608493e-37 0 -5.01443504774546e-19 1 1.73472347597681e-18 -5.82076609134674e-11 0 -1.73472347597681e-18 1 7.27595761418343e-12
1 5.01443504774546e-19 8.69865819608493e-37 0 -5.01443504774546e-19 1 1.73472347597681e-18 -5.82076609134674e-11 0 -1.73472347597681e-18 1 7.27595761418343e-12
1 5.01443504774546e-19 8.69865819608493e-37 0 -5.01443504774546e-19 1 1.73472347597681e-18 -5.82076609134674e-11 0 -1.73472347597681e-18 1 7.27595761418343e-12
1 5.01443504774546e-19 8.69865819608493e-37 0 -5.01443504774546e-19 1 1.73472347597681e-18 -5.82076609134674e-11 0 -1.73472347597681e-18 1 7.27595761418343e-12
1 5.01443504774546e-19 8.69865819608493e-37 0 -5.01443504774546e-19 1 1.73472347597681e-18 -5.82076609134674e-11 0 -1.73472347597681e-18 1 7.27595761418343e-12
1 5.01443504774546e-19 8.69865819608493e-37 0 -5.01443504774546e-19 1 1.73472347597681e-18 -5.82076609134674e-11 0 -1.73472347597681e-18 1 7.27595761418343e-12
1 5.01443504774546e-19 8.69865819608493e-37 0 -5.01443504774546e-19 1 1.73472347597681e-18 -5.82076609134674e-11 0 -1.73472347597681e-18 1 7.27595761418343e-12
1 5.01443504774546e-19 8.69865819608493e-37 0 -5.01443504774546e-19 1 1.73472347597681e-18 -5.82076609134674e-11 0 -1.73472347597681e-18 1 7.27595761418343e-12
1 5.01443504774546e-19 8.69865819608493e-37 0 -5.01443504774546e-19 1 1.73472347597681e-18 -5.82076609134674e-11 0 -1.73472347597681e-18 1 7.27595761418343e-12
1 5.01443504774546e-19 8.69865819608493e-37 0 -5.01443504774546e-19 1 1.73472347597681e-18 -5.82076609134674e-11 0 -1.73472347597681e-18 1 7.27595761418343e-12
1 5.01443504774546e-19 8.69865819608493e-37 0 -5.01443504774546e-19 1 1.73472347597681e-18 -5.82076609134674e-11 0 -1.73472347597681e-18 1 7.27595761418343e-12
1 5.01443504774546e-19 8.69865819608493e-37 0 -5.01443504774546e-19 1 1.73472347597681e-18 -5.82076609134674e-11 0 -1.73472347597681e-18 1 7.27595761418343e-12
1 5.01443504774546e-19 8.69865819608493e-37 0 -5.01443504774546e-19 1 1.73472347597681e-18 -5.82076609134674e-11 0 -1.73472347597681e-18 1 7.27595761418343e-12
1 5.01443504774546e-19 8.69865819608493e-37 0 -5.01443504774546e-19 1 1.73472347597681e-18 -5.82076609134674e-11 0 -1.73472347597681e-18 1 7.27595761418343e-12
0.999999948771464 0.000272207662436272 -0.00016840444819827 -0.162008312530816 -0.00027207524999463 0.999999654246428 0.000785800282019278 -0.00167734507704154 0.000168618290829741 -0.000785754423081536 0.999999677078877 0.000857958613778464
0.999999710085267 0.000617086645006179 -0.000446131656841575 -0.332016855943948 -0.000616576429485179 0.999999156831562 0.00114287780252696 -0.00329418096225709 0.000446836535306257 -0.00114260239692579 0.999999247398153 0.00166100700880634
0.999999056251132 0.00101534929893023 -0.000925506696797841 -0.511025783605874 -0.00101461879145043 0.999999173671368 0.000789433523792272 -0.00475582398939878 0.000926307482800093 -0.000788493742279093 0.999999260115759 0.00236859795404598
0.99999830558026 0.00127788751921235 -0.00132508116611768 -0.698034388478845 -0.00127735889817237 0.999999104294906 0.000399704429656085 -0.00615764624672011 0.00132559075653776 -0.000398011148170668 0.999999042197677 0.00296100514970021
0.999998255032865 0.00142237421414947 -0.00121110809568043 -0.873042560648173 -0.00142171206375809 0.999998839534291 0.000547416550242007 -0.00730247236788273 0.00121188532141647 -0.000545693748027974 0.999999116775761 0.00343801062990678
0.999998385647738 0.00168853593974885 -0.000614449590168844 -1.07505286345258 -0.00168781274104399 0.99999788461538 0.00117560746687426 -0.00847745826467872 0.000616433345830485 -0.00117456849318267 0.999999120199005 0.00400411667214939
0.999997579407675 0.00209007495363801 -0.000687579433850937 -1.28406476927921 -0.00208863022596666 0.999995623808643 0.00209522966332863 -0.00948594807414338 0.000691955611913203 -0.0020937884924435 0.999997568620634 0.00461363016802352
0.999996759060446 0.00233870811438822 -0.00100613764513963 -1.50207704212517 -0.00233626050577906 0.999994325729631 0.00242701367738228 -0.0103392659802921 0.00101180801262363 -0.00242465521193394 0.999996548639869 0.00512583641102538
0.999995997615223 0.00269070292197054 -0.000874569220154424 -1.72708933474496 -0.00268907901680666 0.99999466814918 0.00185270808631883 -0.0111274417722598 0.000879549644143227 -0.00185034888532952 0.999997901298511 0.00556338949536439
0.999995254741559 0.00305392337870149 -0.000405026371228917 -1.93510172702372 -0.00305344712398545 0.999994652229605 0.00117131244888071 -0.0117328726337291 0.000408601303712281 -0.00117007016409206 0.999999231990098 0.00601345840550493
0.999994485736281 0.00330872156456627 -0.000284356533984523 -2.17411753861234 -0.00330846004148846 0.999994108139303 0.000915302591399171 -0.0121876691118814 0.000287383340017702 -0.000914356761949076 0.999999540681158 0.0065717027609935
0.999992754332798 0.00366116672689201 -0.00104266010908257 -2.42113344371319 -0.00365996671473082 0.999992640462871 0.0011505058638636 -0.0124827366089448 0.00104686462937466 -0.00114668142638698 0.999998794597351 0.00700625761965057
0.999989826123968 0.00406065118017045 -0.0019643728134505 -2.67514827102423 -0.0040568942332116 0.999989941425485 0.00191276162531621 -0.0126146338297985 0.00197212011241141 -0.00190477291237779 0.999996241284143 0.00719303129153559
0.999987936529785 0.00412575976752698 -0.0026655020622944 -2.9381619640626 -0.00411959740372912 0.999988838799389 0.00231326476660031 -0.0125932199880481 0.00267501628679683 -0.00230225606522424 0.999993771933043 0.00711959524051053
0.999984896372712 0.00408634444084147 -0.00367543406520983 -3.18217282742262 -0.00407660341146146 0.999988168974725 0.00265390565062953 -0.0124822919606231 0.00368623535365848 -0.00263888227997889 0.999989723931816 0.00680103929335019
0.999979713364874 0.0041343582078294 -0.00484561047886937 -3.45918245380744 -0.00412235343559603 0.999988415849249 0.00248482785340405 -0.0122362950351089 0.00485582751501787 -0.00246480212560291 0.999985172734889 0.00607863403274678
0.999978147885655 0.00412558377443033 -0.00516558899781957 -3.7441902323626 -0.00411688685407803 0.999990092229602 0.0016931288380625 -0.0119323668186553 0.00517252296321215 -0.00167182569417884 0.99998522489337 0.00507560285041109
0.999976161271773 0.00394718850077748 -0.0056653853451093 -4.03619724093005 -0.00394267228625821 0.999991901116729 0.00080810654785059 -0.0115642757155001 0.00566852921068779 -0.000785750525827081 0.99998362505228 0.00391216772550251
0.999970682860119 0.00382770336558812 -0.00663190072391713 -4.33520218683407 -0.00382430236865534 0.999992549289928 0.000525429371957355 -0.0111336225527339 0.00663386249932303 -0.000500051574223796 0.999977870663528 0.00244816378108226
0.999963168771332 0.00394531454368815 -0.00762204657219583 -4.61020417325199 -0.00393726929265579 0.999991676212886 0.00107024084179683 -0.010688528418541 0.00762620556466118 -0.00104019137359576 0.999970379056596 0.000794995219621342
0.999957505647478 0.00387624207156174 -0.00836430790181187 -4.92320424830541 -0.00385709893706882 0.999989908083751 0.00230358816661204 -0.0100342890946195 0.00837315275528402 -0.00227122831400703 0.999962365209252 -0.00140525854658335
0.999961065911144 0.00361997180169185 -0.00804751303217212 -5.24320318363607 -0.00359356783491039 0.999988120969457 0.00329305180486329 -0.00931634532753378 0.00805933819019413 -0.00326400430890828 0.999962195957331 -0.00380606192629784
0.999968135263435 0.00375118695479653 -0.00704677615642363 -5.56820349302143 -0.00371852211246575 0.999982308216062 0.00464282760555256 -0.00862117728684098 0.00706406760072974 -0.00461647607011474 0.999964392914881 -0.00607401427259902
0.999974656047059 0.00382647879558133 -0.00600377577795962 -5.90120761236176 -0.00379449076522352 0.999978594319186 0.00533036051861563 -0.00766228290740401 0.00602404377454892 -0.00530744415446355 0.999967770447203 -0.00811614039412234
0.999977245583467 0.00380304461161505 -0.00557181900133977 -6.20521360635757 -0.0037725808033521 0.999977935012825 0.00546782603671286 -0.00675786210922524 0.00559249044557114 -0.00544668148211748 0.999969528391465 -0.0097522738360567
0.999975379560415 0.00385006790666887 -0.00586662169547942 -6.54922042228281 -0.00382221362811594 0.999981405544988 0.00475176254157243 -0.00565070001175627 0.00588480721730764 -0.00472922206969439 0.999971501345229 -0.0116454036033247
0.999971447813233 0.00396365498828378 -0.00643373899379198 -6.89922627899796 -0.0039378145658888 0.999984149978127 0.00402410349854749 -0.00437532382784411 0.00644958717679359 -0.00399865373046995 0.99997120638226 -0.0137700913619483
0.99996849706066 0.00371621301869007 -0.0070138895803015 -7.25623033428565 -0.00368881935178091 0.999985534407968 0.00391453529823412 -0.00303706160048023 0.00702833536727369 -0.003888539007251 0.999967740362835 -0.0161669910303317
0.999962574189154 0.00351601162342193 -0.0079049277836064 -7.61923101497814 -0.00348412041995179 0.99998575135024 0.00404450261393534 -0.00173236028058454 0.0079190356672606 -0.00401680952483644 0.999960576280556 -0.0189499287371291
0.999961276760124 0.00359367208160643 -0.0080330879014038 -7.95023043639958 -0.00355239150834661 0.999980443268756 0.00514719288482235 -0.000471330422442406 0.00805142812383148 -0.00511845689559084 0.999954486916367 -0.0216572634089971
0.999960151318477 0.00309012558582983 -0.00837537455836318 -8.31922922376543 -0.00304796879781239 0.999982646329255 0.00504152026146878 0.000801647140178829 0.00839080814562218 -0.0050157914832096 0.99995221694562 -0.0246653964713914
0.999956439722172 0.00272589911571042 -0.00892682094411176 -8.69422485958785 -0.00267035994834207 0.999977042657406 0.00622762682681495 0.00184256205102429 0.00894359189048527 -0.00620351772454499 0.999940762511429 -0.0279274484419147
0.999963433238412 0.00233247513055238 -0.00822749936577941 -9.07522009219974 -0.0022892806014735 0.999983569134792 0.00525553563118099 0.00285360083216801 0.00823962258700379 -0.00523650839856583 0.999952342664097 -0.031252923203283
0.999972177670228 0.00195540598629957 -0.00719862993147341 -9.4612175761722 -0.00192543944632434 0.999989462712124 0.00416739098915304 0.00364417210221291 0.00720670301872495 -0.0041534145165971 0.999965405691344 -0.0342425254202681
0.999977919730195 0.00145375317573061 -0.00648433911640764 -9.81321730511263 -0.00143354829242141 0.999994106776904 0.00311951130058961 0.00420642958488315 0.00648883590221056 -0.00311014680767062 0.999974110662606 -0.0366617546605994
0.999984475028454 0.00104275791076616 -0.0054737882684265 -10.2092194496654 -0.00102758516445033 0.999995624563636 0.00277397229866763 0.00475504016503692 0.00547665689977294 -0.00276830444920864 0.999981171182577 -0.0390703354205471
0.999988739734605 0.000834774234710538 -0.00467156889855 -10.6092242137529 -0.000819167283802413 0.999994080805275 0.00334175393682878 0.00508853641804308 0.00467433085670922 -0.00333788951138684 0.999983504426274 -0.0410997433718876
0.999993278771186 0.000529446896318885 -0.00362796064422004 -11.0162319410592 -0.0005141391550904 0.999990967752398 0.00421901345713727 0.00539143377682194 0.00363016161916162 -0.00421711982356213 0.999984518793672 -0.0428304580127588
0.999997483955572 1.54800666077758e-06 -0.00224322984341958 -11.4262436195277 6.71300768353857e-06 0.999993219070257 0.00368263064143846 0.00548576511209831 0.00224322033297238 -0.00368263643459533 0.999990703032497 -0.0440340608547558
0.999998374425416 -0.000192367523136008 -0.00179280262764521 -11.799256907776 0.000197836814792751 0.999995326070622 0.00305101581519196 0.00546507147373632 0.00179220733185692 -0.00305136553789961 0.999993738561014 -0.044780440395698
0.999997617109962 -0.000322449768453785 -0.00215912031719068 -12.219271577429 0.00032688077661763 0.999997840829924 0.0020521901588862 0.00531537132337689 0.00215845392704114 -0.00205289104366881 0.999995563347662 -0.0455843322342844
0.999996481078091 -0.000571180696511503 -0.00259067250862779 -12.6412847423926 0.000574434052750652 0.999999047216357 0.00125522583474769 0.00515401357552037 0.00258995307951083 -0.00125670958821448 0.999995856403444 -0.0465580956588383
0.999992682625091 -0.000752979669002398 -0.00375069565429669 -13.0682944916189 0.000757023196179209 0.999999133739752 0.00107677092541426 0.00486455112695694 0.00374988161860314 -0.00107960240988982 0.999992386394258 -0.0478651212106342
0.999985921347529 -0.000867716454253721 -0.00523489970195912 -13.5002990080975 0.000875163273135157 0.99999860826096 0.00142041028865185 0.00454411952523515 0.00523365990296558 -0.00142497168314673 0.999985289021655 -0.0497566584963351
0.999975050829295 -0.000926318217415519 -0.00700283182063143 -13.8942962069996 0.000933766095688356 0.999999001860786 0.00106035763357603 0.00410249101696536 0.00700184260223742 -0.00106687018546033 0.999974917679529 -0.0521567335963482
0.999961027709642 -0.000811016665939273 -0.00879120662053073 -14.3352871001698 0.000810884428870395 0.999999671060069 -1.86063555985097e-05 0.00382049469044432 0.00879121881881632 1.14769779066461e-05 0.999961356423316 -0.0556104437928298
0.999958303975985 -0.0010145840076166 -0.00907529221363907 -14.7812724048272 0.00100005962345128 0.999998212204841 -0.00160482643028604 0.00340769829927012 0.00907690422010676 0.00159568368209078 0.999957530899871 -0.0596333807043266
0.999961408480192 -0.0013094998120237 -0.00868716067270274 -15.2312573334202 0.00128610819525373 0.999995534145252 -0.00269770555499803 0.00287546194158494 0.00869065452202217 0.00268642881790602 0.999958626956228 -0.063656340680609
0.999976729865865 -0.00149668347436453 -0.00665579937714846 -15.686245569028 0.0014839462349103 0.999997059139826 -0.00191823232971519 0.00222345604561269 0.00665865079000102 0.00190831084376553 0.999976010071932 -0.0672827813250478
0.999990624286824 -0.00140171614622075 -0.00409713684104683 -16.0992440283298 0.0014016911747535 0.999999017590245 -8.96632538372928e-06 0.00119341909885406 0.0040971453842227 3.22332076618147e-06 0.999991606659431 -0.0693385938502615
0.999995665259505 -0.000877962161211091 -0.00281045274706592 -16.5672488571145 0.000882659884801797 0.999998214810306 0.00167071473557542 -0.00198640511371195 0.00280898090555463 -0.00167318816735857 0.99999465501953 -0.0698588662198745
0.999992510903253 -0.000435474976654562 -0.00384558174439581 -17.0392557331361 0.000433765559427166 0.999999806760976 -0.000445337455476711 -0.00478571513667703 0.00384577493459737 0.000443666039384741 0.999992506559723 -0.0703855143146939
0.999982359567944 -0.000157135915672547 -0.00593766462775415 -17.5132573260926 0.000126501231610454 0.999986682174567 -0.00515940606456371 -0.00720380758866668 0.00593839627896944 0.00515856392852328 0.99996906185533 -0.0717077233202872
0.999970586096754 -5.88545027032852e-05 -0.00766964650171416 -17.9922503610142 -1.1284850501001e-05 0.999958186359876 -0.00914469269686864 -0.00935882230987772 0.00766986401221651 0.00914451026657661 0.999928773022368 -0.0741370578180067
0.999962534888469 -9.00574807581266e-05 -0.00865567496372642 -18.4712382638827 1.08263030831778e-05 0.999958107802835 -0.00915327931211411 -0.0113214220618829 0.00865613667975976 0.00915284267452326 0.999920645235789 -0.0772314140776871
0.999951617826201 -0.00017518476749118 -0.00983520803338175 -18.9082227759063 0.000112130717592885 0.999979441506546 -0.00641123942444815 -0.0129832053207792 0.00983612898780969 0.00640982640581359 0.999931079971006 -0.0806104091971065
0.999947029076101 4.90444406790587e-06 -0.010292668158685 -19.3962017646991 -2.69265223081394e-05 0.999997711008748 -0.00213945138463614 -0.0146033616620116 0.010292634106038 0.00213961520167845 0.999944740338159 -0.0849174259928986
0.999950018177987 0.000667752950640863 -0.00997573314801326 -19.8861812558025 -0.000677348440051252 0.999999311204167 -0.000958535488549247 -0.0159345166757703 0.00997508621186906 0.000965244626485239 0.999949781718 -0.0893380304405582
0.999951856704301 0.00132042917335562 -0.00972320628287537 -20.3761642309837 -0.00134318957531928 0.999996372560736 -0.00233467495257835 -0.0167644036118872 0.00972008823961744 0.00234762266294958 0.999950003026374 -0.0936499599338276
0.999947196849949 0.00174124076022571 -0.010127763452246 -20.8161503570154 -0.0017963359319135 0.999983625192319 -0.00543346339338172 -0.0170474162441678 0.0101181366441375 0.00545136935479805 0.999933950760253 -0.0976180398283759
0.999929734330712 0.0016460543408893 -0.011739544557585 -21.3091313517652 -0.00172403777533604 0.999976496812915 -0.00663577542719632 -0.0171987168723717 0.0117283457939259 0.0066555485782772 0.999909070654957 -0.102531906020886
0.999895188577806 0.00122391076426248 -0.0144261533817901 -21.8061016434804 -0.00127641216280198 0.999992594456773 -0.00363067536461937 -0.0171840931288898 0.0144216029256274 0.00364870854600984 0.99988934602535 -0.108728597180743
0.9998345902553 0.000892324605486491 -0.0181657888850095 -22.2530618789606 -0.000808191126327991 0.999988916721241 0.00463823908212201 -0.0172353116213344 0.0181697263633665 -0.00462279044279996 0.999824229978651 -0.115692009188933
0.999774269743707 -0.000331758514411326 -0.0212438107392549 -22.7499972991645 0.000545381287689175 0.999949341095156 0.010050761295311 -0.0175620974041522 0.0212394001254321 -0.0100600785112443 0.999723803208996 -0.125512840240845
0.999804097032308 -0.00274289219124822 -0.0196021452866255 -23.2479247925803 0.0028551553024328 0.999979670895111 0.00570139322489976 -0.0185993371997029 0.0195861084856021 -0.00575624347410119 0.999791603293135 -0.135820297145983
0.999826057723859 -0.00550817966941846 -0.0178189296282618 -23.7448571897112 0.00549385364509228 0.999984545007556 -0.000852829500753288 -0.020619499089662 0.0178233517749566 0.000754786566158898 0.999840866552646 -0.145053228072356
0.999819877381825 -0.00853580886597243 -0.016951482507332 -24.1937947995029 0.00848916533834589 0.999959985395851 -0.00282164473106402 -0.02359087014338 0.0169748892205818 0.00267723255129268 0.999852331877971 -0.152916729617573
0.999775834644064 -0.0134692852475479 -0.0163358139278694 -24.6887187943794 0.0134725196161743 0.999909237620734 8.79540409571378e-05 -0.0289909134153277 0.0163331465724637 -0.000308018898297634 0.999866557820293 -0.161223083654477
0.999743795487276 -0.01898673261166 -0.0123226364641932 -25.183639283292 0.0190681968522145 0.999796877438188 0.00652745996959933 -0.0369794409489259 0.0121961983216302 -0.00676075806273601 0.9999027677214 -0.168509044080565
0.999678964057329 -0.023324846005187 -0.00989547270720748 -25.6755648581311 0.023393234631124 0.999702855286946 0.00685256919853346 -0.0476304994081147 0.00973269719851369 -0.00708185639234668 0.999927558333742 -0.17377799674432
0.99958226789765 -0.027226407973032 -0.00969599986986995 -26.1774852192029 0.0272431700125528 0.999627554089874 0.00160087225062177 -0.0594302719109692 0.0096488026333657 -0.00186435328778749 0.999951711231378 -0.179052984713053
0.999397401925634 -0.0337834554804305 -0.00796938894112273 -26.6793954954483 0.0337487936711878 0.999420464679426 -0.00444451411280152 -0.0738266847329214 0.00811492144340994 0.00417287859409625 0.999958366700437 -0.184021672219387
0.999189465321824 -0.0398087396538281 -0.0059729923037776 -27.1283081639558 0.0397830207792925 0.999198809597233 -0.0043646485709406 -0.0897496634861454 0.00614195795830903 0.00412348719498006 0.999972636228508 -0.187587449254352
0.998936631365131 -0.0457710993006503 -0.00553290029687109 -27.62620307412 0.0457527208865619 0.998946996674212 -0.00340387529867111 -0.110506496857852 0.00568287324875974 0.00314711048146558 0.999978900101025 -0.190762443220592
0.9986660730817 -0.0510623434192934 -0.00766234690592376 -28.1280796700157 0.0510542282672572 0.998695098864347 -0.00125111165231324 -0.134187929215841 0.00771623299359075 0.000858247552804474 0.999969861125588 -0.194376036270114
0.998335079719992 -0.0567218875354484 -0.0104735893986989 -28.6309298621491 0.0567147371640355 0.998389944229141 -0.000978698394783358 -0.160888692829758 0.0105122399559259 0.000383062070066637 0.999944671506659 -0.199242729249818
0.99799222263512 -0.0622108103994585 -0.0118885924001101 -29.1347551583312 0.0621739659177397 0.998059384153118 -0.00344436727971441 -0.190507527790032 0.0120797980890858 0.00269829081835952 0.9999233959183 -0.205252680672857
0.997703366713592 -0.0666135250954455 -0.012273154554664 -29.5905811507255 0.0665400710289254 0.997763867080569 -0.00629956315106074 -0.219592326844577 0.0126653462577926 0.00546843878882186 0.999904838062794 -0.211192042945186
0.997350720678154 -0.0716530724220432 -0.0125450059883453 -30.0973733630963 0.0715635406411719 0.99740824601083 -0.00744650525402621 -0.254435145470779 0.0130460573992887 0.006529012335746 0.999893580529575 -0.218001356261084
0.996985551898376 -0.0766844487966517 -0.0118027377605614 -30.6031532385387 0.0765649379857395 0.997011751265646 -0.0102653840380913 -0.291872502479237 0.0125546635610335 0.00933076368596587 0.999877651151333 -0.22474570821214
0.996617499218244 -0.081535182271267 -0.0102749357157811 -31.1109236623161 0.0814504098451813 0.99664186362635 -0.00841584240874086 -0.332014897838235 0.01092661832518 0.0075504780900309 0.9999117957563 -0.23106778539659
0.996178090187572 -0.0868935590355324 -0.0088725435124508 -31.6216884283349 0.0868444034301847 0.996205099517863 -0.00578353589604673 -0.375061301980168 0.00934142511061487 0.00499090099520795 0.999943912769191 -0.236451114978991
0.995791249883757 -0.0912253384718453 -0.00881613722908317 -32.0804694718681 0.0912112764229284 0.995829585237103 -0.00198499869008328 -0.416242695355322 0.00896045245760029 0.00117251319683127 0.999959166918609 -0.240759540516592
0.995366654503072 -0.0958261541500625 -0.00791020127246526 -32.5942157562822 0.0958332403417515 0.995397266812555 0.000520833653313222 -0.464494976389688 0.00782388324060018 -0.00127648067074679 0.999968578230404 -0.24535692264908
0.994961539782782 -0.100060962415378 -0.00627201351914137 -33.1069557149895 0.100053907210318 0.994980990840242 -0.00142951688347797 -0.515234951570164 0.00638357306098851 0.000794774860864692 0.999979308949888 -0.249290584542905
0.99461076260147 -0.103603970306908 -0.00395578740166587 -33.6206930601038 0.103585458918051 0.994609786332873 -0.00462878295164971 -0.568269030191004 0.00441402515382901 0.00419407528807319 0.999981462885397 -0.252271830482641
0.994269675514097 -0.106873352905907 -0.00242874283158584 -34.1344319581985 0.106854716452467 0.994251261221486 -0.00681902715549737 -0.622692640696187 0.0031435529191513 0.00652042929061312 0.999973800695254 -0.254330012394348
0.993972758814981 -0.109616777662996 -0.00152210003537193 -34.6481686392799 0.109606552092416 0.993958847261838 -0.00567571038116074 -0.678709238767624 0.00213505787950674 0.00547466936898031 0.999982734612529 -0.255766744478024
0.993741609592143 -0.11167798905149 -0.00237489507806203 -35.1629003547132 0.11167070829237 0.993740722689718 -0.00300482571816105 -0.736128346819896 0.00269560284484004 0.00272081413022198 0.999992665420988 -0.256991300957452
0.993618115144787 -0.112735807197098 -0.00369851750575041 -35.6286492436193 0.112728870553208 0.993623703913368 -0.00203390395007489 -0.788813715975266 0.00390422846662521 0.00160399410811444 0.999991092061815 -0.258616312785307
0.993591008961888 -0.112916085394517 -0.00518310421230045 -36.1503570629284 0.11290863165857 0.993603903742669 -0.00170978487492343 -0.848085744888522 0.00534301479378991 0.00111360967462833 0.999985105922286 -0.261488126408949
0.993584274725827 -0.112899863429056 -0.00662645118083781 -36.6720576048829 0.112888512396404 0.993605517289246 -0.00206392376255046 -0.907565576839261 0.00681709516424821 0.00130263197843092 0.999975914891679 -0.265042193248519
0.993565200913408 -0.112969992457566 -0.00812233575007447 -37.1957508712076 0.112962089361902 0.993598274329606 -0.00142675023127849 -0.967263001424726 0.00823151874766602 0.000500053363366182 0.999965995444716 -0.269284842492198
0.99356922560078 -0.112806580224754 -0.00974009225125991 -37.7234339583665 0.112820512037398 0.993614984710152 0.000891191934678726 -1.02758897165768 0.0095773692988361 -0.00198434307547904 0.99995216704594 -0.274322395882336
0.993619193733896 -0.11215554022734 -0.0119177447495963 -38.2511116834357 0.112218263179278 0.993672327491027 0.00472937496831722 -1.08762342069531 0.011311907559266 -0.00603658635969828 0.999917796807564 -0.280103699216852
0.993688074253434 -0.111465919549523 -0.0126237817424921 -38.7278167433105 0.111550707860257 0.993739263709607 0.00622216503833316 -1.14160967065254 0.0118511882264282 -0.0075910829838767 0.999900957493668 -0.285876278809155
0.993759423164756 -0.110887927382722 -0.0120862083390431 -39.259488852229 0.11097653110731 0.993798914750639 0.00692290284781115 -1.20157127804123 0.0112435943825254 -0.0082209854163737 0.99990299378697 -0.292334305697295
0.993820254818637 -0.110341706790115 -0.012083412384907 -39.7951617352664 0.11043674419865 0.993854852000594 0.00750057902293583 -1.26184967812151 0.0111815313361591 -0.00878868007846018 0.999898861115191 -0.298559627364739
0.99391986604489 -0.109526050839094 -0.0112846829330684 -40.334837411996 0.109627537347102 0.993933747613491 0.00880388608574874 -1.32204480841756 0.0102519723232854 -0.00998746927871702 0.99989756851434 -0.30454865086358
0.993994242503069 -0.108940796935413 -0.0103609185803284 -40.8765178383328 0.109068290690651 0.99395366186266 0.0126580423300159 -1.38224384165369 0.00891929574410416 -0.0137120688769374 0.999866203714549 -0.310028609019355
0.994083391910953 -0.108142338776988 -0.0101707664734868 -41.3652315712534 0.108287380644173 0.994006563210117 0.014993181398066 -1.43657625786727 0.00848841092542884 -0.0160058382802832 0.999835866540557 -0.314737142332888
0.994244948228701 -0.106628538925232 -0.0103603864975141 -41.9119156515226 0.106776121530662 0.994171093569451 0.0149230218719582 -1.49669584946241 0.00870877675547961 -0.0159433809962641 0.999834969287348 -0.319890586964902
0.994355141617396 -0.10560624865959 -0.010255368501294 -42.4606009777635 0.105735727700297 0.994308886016352 0.0130305439874721 -1.55622734880308 0.00882089716169807 -0.0140413472633335 0.999862506717945 -0.325238620542223
0.994384788859374 -0.105318572411866 -0.010338761542141 -43.0132857854478 0.105425940211324 0.994372196623697 0.0104549372222684 -1.61587846564362 0.00917947796212234 -0.0114862041985043 0.999891896305522 -0.330602205511241
0.994434193367727 -0.104847485050376 -0.0103749669728835 -43.5699690179899 0.104952990392561 0.994424796006869 0.0102075900366873 -1.67565050866688 0.00924688427181573 -0.0112396603733897 0.999894076973133 -0.336095939521329
0.994457998198761 -0.10466565176563 -0.00991923177418536 -44.0736843799241 0.104771179768765 0.994437785943068 0.0107930430606604 -1.7295573950978 0.00873439799729849 -0.0117724776119586 0.999892553758903 -0.340946094926039
0.994422280713009 -0.105073708443371 -0.00915660502014837 -44.633372399956 0.105190895508752 0.994361425206204 0.0134250349703342 -1.78953696950339 0.00769435660757005 -0.014313345375741 0.999867953792175 -0.345822116898489
0.994349705813329 -0.105726777929534 -0.0095137257467435 -45.1970597892068 0.105858907446215 0.994273066794958 0.0146615265386167 -1.85023263766197 0.00790912531440452 -0.015585797213741 0.999847252665112 -0.350402373733232
0.994277481753306 -0.106361634291416 -0.0099745691216442 -45.7647416424006 0.10650125880422 0.994203853178473 0.0147030676456696 -1.91174987470731 0.00835291275064302 -0.0156812332402697 0.999842151428236 -0.355165767228755
0.994177407777687 -0.107272920565378 -0.0101883451949628 -46.2774493009783 0.107404361129885 0.994125482413515 0.0133726746156714 -1.96769817377208 0.00869396772014422 -0.0143890836910984 0.999858674611473 -0.359803886443842
0.994073761504983 -0.108369733251308 -0.00856490527530189 -46.8521091891453 0.108446718289398 0.994060595479437 0.00910174748755323 -2.03235800360562 0.00752768089084466 -0.00997664423078661 0.999921897245129 -0.365304198370723
0.993930175499879 -0.109718193469389 -0.00804513844467568 -47.4307704572566 0.109780129202088 0.993926002815365 0.00770870675560303 -2.09793021483347 0.00715048691720268 -0.0085451125963788 0.999937923867058 -0.370182786922669
0.99374439508478 -0.111361820182803 -0.00840370413313962 -47.952462148387 0.111431919201515 0.993736635216484 0.00839209221159691 -2.15781858027913 0.00741651000479567 -0.00927603547826652 0.999929472785533 -0.374482116843865
0.993523725008077 -0.113158338564391 -0.0102858280863456 -48.5341094988398 0.11329406806897 0.993466490153751 0.0137399811488762 -2.22550992347533 0.0086638320885537 -0.0148163205599324 0.99985269648014 -0.379749778236146
0.993269656751517 -0.115218677131094 -0.0118340786242159 -49.1177463480271 0.115410291812087 0.993171818402818 0.0170353653993204 -2.29431736940751 0.00979048112057988 -0.0182864860101676 0.999784852310149 -0.385571376493317
0.993070955303332 -0.116829544131677 -0.0126860297536804 -49.7083666706458 0.117009673298297 0.993024501622647 0.0145284387227353 -2.36516737559577 0.0109001875007964 -0.0159121587183833 0.999813977256454 -0.392132186294475
0.992813242916526 -0.119163752941558 -0.0110392334178643 -50.3049787483178 0.119271480645147 0.992814544143163 0.00967444274971737 -2.43754782777978 0.00980706858777233 -0.0109215805946932 0.999892264438038 -0.398799304195563
0.992534781759676 -0.121642431694803 -0.00882189371095371 -50.8416319917887 0.121708385269892 0.992538551724209 0.00736833062542603 -2.50391825824045 0.00785976795252679 -0.00838702286782315 0.99993393876553 -0.403872947877971
0.992087640010264 -0.125400081947403 -0.00607733382737102 -51.4392520980909 0.125445486622515 0.992070047186189 0.0077750473974421 -2.57937473757192 0.00505414927610201 -0.00847590252283831 0.999951306140213 -0.408001267220243
0.991644291710495 -0.128894053098969 -0.00528410765508781 -52.0388723649085 0.128938893224135 0.991609204072646 0.00927082588274602 -2.65722616616404 0.00404481546249384 -0.0098746885587912 0.999943063375981 -0.410825376740831
0.991217457134775 -0.132099627266788 -0.00613523815725766 -52.6404910292476 0.132146486402933 0.991197998659974 0.00798959221871637 -2.73568571300711 0.00502581362867003 -0.00873017344830663 0.999949261347261 -0.413506681463332
0.99071925900204 -0.135725025175929 -0.00735305266146469 -53.248087765649 0.135762777826341 0.990729244242446 0.00490232186496414 -2.81698474194854 0.00661951654762505 -0.00585509554027059 0.999960949165961 -0.417079353064764
0.990223569257265 -0.139227897085148 -0.00853671837716218 -53.7977039008401 0.139252064129245 0.990254291812601 0.00230221251582893 -2.89270808850415 0.00813298980375839 -0.00346846074952276 0.99996091136448 -0.421212421795644
0.989697935605724 -0.14285052134139 -0.00957730704637842 -54.4072589366697 0.142864547862885 0.989741931884315 0.000793242609489546 -2.97903810971184 0.00936574725801606 -0.00215332821397117 0.999953821911743 -0.426624411760713
