1 1.07552855510562e-16 1.38777878078145e-17 9.31322574615479e-10 -1.07552855510562e-16 1 -1.38777878078145e-17 0 -1.38777878078145e-17 1.38777878078145e-17 1 0
1 1.07552855510562e-16 1.38777878078145e-17 9.31322574615479e-10 -1.07552855510562e-16 1 -1.38777878078145e-17 0 -1.38777878078145e-17 1.38777878078145e-17 1 0
1 1.07552855510562e-16 1.38777878078145e-17 9.31322574615479e-10 -1.07552855510562e-16 1 -1.38777878078145e-17 0 -1.38777878078145e-17 1.38777878078145e-17 1 0
1 1.07552855510562e-16 1.38777878078145e-17 9.31322574615479e-10 -1.07552855510562e-16 1 -1.38777878078145e-17 0 -1.38777878078145e-17 1.38777878078145e-17 1 0
1 1.07552855510562e-16 1.38777878078145e-17 9.31322574615479e-10 -1.07552855510562e-16 1 -1.38777878078145e-17 0 -1.38777878078145e-17 1.38777878078145e-17 1 0
1 1.07552855510562e-16 1.38777878078145e-17 9.31322574615479e-10 -1.07552855510562e-16 1 -1.38777878078145e-17 0 -1.38777878078145e-17 1.38777878078145e-17 1 0
1 1.07552855510562e-16 1.38777878078145e-17 9.31322574615479e-10 -1.07552855510562e-16 1 -1.38777878078145e-17 0 -1.38777878078145e-17 1.38777878078145e-17 1 0
1 1.07552855510562e-16 1.38777878078145e-17 9.31322574615479e-10 -1.07552855510562e-16 1 -1.38777878078145e-17 0 -1.38777878078145e-17 1.38777878078145e-17 1 0
1 1.07552855510562e-16 1.38777878078145e-17 9.31322574615479e-10 -1.07552855510562e-16 1 -1.38777878078145e-17 0 -1.38777878078145e-17 1.38777878078145e-17 1 0
1 1.07552855510562e-16 1.38777878078145e-17 9.31322574615479e-10 -1.07552855510562e-16 1 -1.38777878078145e-17 0 -1.38777878078145e-17 1.38777878078145e-17 1 0
1 1.07552855510562e-16 1.38777878078145e-17 9.31322574615479e-10 -1.07552855510562e-16 1 -1.38777878078145e-17 0 -1.38777878078145e-17 1.38777878078145e-17 1 0
1 1.07552855510562e-16 1.38777878078145e-17 9.31322574615479e-10 -1.07552855510562e-16 1 -1.38777878078145e-17 0 -1.38777878078145e-17 1.38777878078145e-17 1 0
1 1.07552855510562e-16 1.38777878078145e-17 9.31322574615479e-10 -1.07552855510562e-16 1 -1.38777878078145e-17 0 -1.38777878078145e-17 1.38777878078145e-17 1 0
1 1.07552855510562e-16 1.38777878078145e-17 9.31322574615479e-10 -1.07552855510562e-16 1 -1.38777878078145e-17 0 -1.38777878078145e-17 1.38777878078145e-17 1 0
1 1.07552855510562e-16 1.38777878078145e-17 9.31322574615479e-10 -1.07552855510562e-16 1 -1.38777878078145e-17 0 -1.38777878078145e-17 1.38777878078145e-17 1 0
1 1.07552855510562e-16 1.38777878078145e-17 9.31322574615479e-10 -1.07552855510562e-16 1 -1.38777878078145e-17 0 -1.38777878078145e-17 1.38777878078145e-17 1 0
1 1.07552855510562e-16 1.38777878078145e-17 9.31322574615479e-10 -1.07552855510562e-16 1 -1.38777878078145e-17 0 -1.38777878078145e-17 1.38777878078145e-17 1 0
1 1.07552855510562e-16 1.38777878078145e-17 9.31322574615479e-10 -1.07552855510562e-16 1 -1.38777878078145e-17 0 -1.38777878078145e-17 1.38777878078145e-17 1 0
1 1.07552855510562e-16 1.38777878078145e-17 9.31322574615479e-10 -1.07552855510562e-16 1 -1.38777878078145e-17 0 -1.38777878078145e-17 1.38777878078145e-17 1 0
1 1.07552855510562e-16 1.38777878078145e-17 9.31322574615479e-10 -1.07552855510562e-16 1 -1.38777878078145e-17 0 -1.38777878078145e-17 1.38777878078145e-17 1 0
1 1.07552855510562e-16 1.38777878078145e-17 9.31322574615479e-10 -1.07552855510562e-16 1 -1.38777878078145e-17 0 -1.38777878078145e-17 1.38777878078145e-17 1 0
1 1.07552855510562e-16 1.38777878078145e-17 9.31322574615479e-10 -1.07552855510562e-16 1 -1.38777878078145e-17 0 -1.38777878078145e-17 1.38777878078145e-17 1 0
1 1.07552855510562e-16 1.38777878078145e-17 9.31322574615479e-10 -1.07552855510562e-16 1 -1.38777878078145e-17 0 -1.38777878078145e-17 1.38777878078145e-17 1 0
1 1.07552855510562e-16 1.38777878078145e-17 9.31322574615479e-10 -1.07552855510562e-16 1 -1.38777878078145e-17 0 -1.38777878078145e-17 1.38777878078145e-17 1 0
1 1.07552855510562e-16 1.38777878078145e-17 9.31322574615479e-10 -1.07552855510562e-16 1 -1.38777878078145e-17 0 -1.38777878078145e-17 1.38777878078145e-17 1 0
1 1.07552855510562e-16 1.38777878078145e-17 9.31322574615479e-10 -1.07552855510562e-16 1 -1.38777878078145e-17 0 -1.38777878078145e-17 1.38777878078145e-17 1 0
1 1.07552855510562e-16 1.38777878078145e-17 9.31322574615479e-10 -1.07552855510562e-16 1 -1.38777878078145e-17 0 -1.38777878078145e-17 1.38777878078145e-17 1 0
1 1.07552855510562e-16 1.38777878078145e-17 9.31322574615479e-10 -1.07552855510562e-16 1 -1.38777878078145e-17 0 -1.38777878078145e-17 1.38777878078145e-17 1 0
1 1.07552855510562e-16 1.38777878078145e-17 9.31322574615479e-10 -1.07552855510562e-16 1 -1.38777878078145e-17 0 -1.38777878078145e-17 1.38777878078145e-17 1 0
1 1.07552855510562e-16 1.38777878078145e-17 9.31322574615479e-10 -1.07552855510562e-16 1 -1.38777878078145e-17 0 -1.38777878078145e-17 1.38777878078145e-17 1 0
1 1.07552855510562e-16 1.38777878078145e-17 9.31322574615479e-10 -1.07552855510562e-16 1 -1.38777878078145e-17 0 -1.38777878078145e-17 1.38777878078145e-17 1 0
1 1.07552855510562e-16 1.38777878078145e-17 9.31322574615479e-10 -1.07552855510562e-16 1 -1.38777878078145e-17 0 -1.38777878078145e-17 1.38777878078145e-17 1 0
1 1.07552855510562e-16 1.38777878078145e-17 9.31322574615479e-10 -1.07552855510562e-16 1 -1.38777878078145e-17 0 -1.38777878078145e-17 1.38777878078145e-17 1 0
1 1.07552855510562e-16 1.38777878078145e-17 9.31322574615479e-10 -1.07552855510562e-16 1 -1.38777878078145e-17 0 -1.38777878078145e-17 1.38777878078145e-17 1 0
1 1.07552855510562e-16 1.38777878078145e-17 9.31322574615479e-10 -1.07552855510562e-16 1 -1.38777878078145e-17 0 -1.38777878078145e-17 1.38777878078145e-17 1 0
1 1.07552855510562e-16 1.38777878078145e-17 9.31322574615479e-10 -1.07552855510562e-16 1 -1.38777878078145e-17 0 -1.38777878078145e-17 1.38777878078145e-17 1 0
1 1.07552855510562e-16 1.38777878078145e-17 9.31322574615479e-10 -1.07552855510562e-16 1 -1.38777878078145e-17 0 -1.38777878078145e-17 1.38777878078145e-17 1 0
1 1.07552855510562e-16 1.38777878078145e-17 9.31322574615479e-10 -1.07552855510562e-16 1 -1.38777878078145e-17 0 -1.38777878078145e-17 1.38777878078145e-17 1 0
1 1.07552855510562e-16 1.38777878078145e-17 9.31322574615479e-10 -1.07552855510562e-16 1 -1.38777878078145e-17 0 -1.38777878078145e-17 1.38777878078145e-17 1 0
1 1.07552855510562e-16 1.38777878078145e-17 9.31322574615479e-10 -1.07552855510562e-16 1 -1.38777878078145e-17 0 -1.38777878078145e-17 1.38777878078145e-17 1 0
1 1.07552855510562e-16 1.38777878078145e-17 9.31322574615479e-10 -1.07552855510562e-16 1 -1.38777878078145e-17 0 -1.38777878078145e-17 1.38777878078145e-17 1 0
1 1.07552855510562e-16 1.38777878078145e-17 9.31322574615479e-10 -1.07552855510562e-16 1 -1.38777878078145e-17 0 -1.38777878078145e-17 1.38777878078145e-17 1 0
1 1.07552855510562e-16 1.38777878078145e-17 9.31322574615479e-10 -1.07552855510562e-16 1 -1.38777878078145e-17 0 -1.38777878078145e-17 1.38777878078145e-17 1 0
1 1.07552855510562e-16 1.38777878078145e-17 9.31322574615479e-10 -1.07552855510562e-16 1 -1.38777878078145e-17 0 -1.38777878078145e-17 1.38777878078145e-17 1 0
1 1.07552855510562e-16 1.38777878078145e-17 9.31322574615479e-10 -1.07552855510562e-16 1 -1.38777878078145e-17 0 -1.38777878078145e-17 1.38777878078145e-17 1 0
1 1.07552855510562e-16 1.38777878078145e-17 9.31322574615479e-10 -1.07552855510562e-16 1 -1.38777878078145e-17 0 -1.38777878078145e-17 1.38777878078145e-17 1 0
1 1.07552855510562e-16 1.38777878078145e-17 9.31322574615479e-10 -1.07552855510562e-16 1 -1.38777878078145e-17 0 -1.38777878078145e-17 1.38777878078145e-17 1 0
1 1.07552855510562e-16 1.38777878078145e-17 9.31322574615479e-10 -1.07552855510562e-16 1 -1.38777878078145e-17 0 -1.38777878078145e-17 1.38777878078145e-17 1 0
1 1.07552855510562e-16 1.38777878078145e-17 9.31322574615479e-10 -1.07552855510562e-16 1 -1.38777878078145e-17 0 -1.38777878078145e-17 1.38777878078145e-17 1 0
1 1.07552855510562e-16 1.38777878078145e-17 9.31322574615479e-10 -1.07552855510562e-16 1 -1.38777878078145e-17 0 -1.38777878078145e-17 1.38777878078145e-17 1 0
1 1.07552855510562e-16 1.38777878078145e-17 9.31322574615479e-10 -1.07552855510562e-16 1 -1.38777878078145e-17 0 -1.38777878078145e-17 1.38777878078145e-17 1 0
1 1.07552855510562e-16 1.38777878078145e-17 9.31322574615479e-10 -1.07552855510562e-16 1 -1.38777878078145e-17 0 -1.38777878078145e-17 1.38777878078145e-17 1 0
1 1.07552855510562e-16 1.38777878078145e-17 9.31322574615479e-10 -1.07552855510562e-16 1 -1.38777878078145e-17 0 -1.38777878078145e-17 1.38777878078145e-17 1 0
1 1.07552855510562e-16 1.38777878078145e-17 9.31322574615479e-10 -1.07552855510562e-16 1 -1.38777878078145e-17 0 -1.38777878078145e-17 1.38777878078145e-17 1 0
1 1.07552855510562e-16 1.38777878078145e-17 9.31322574615479e-10 -1.07552855510562e-16 1 -1.38777878078145e-17 0 -1.38777878078145e-17 1.38777878078145e-17 1 0
1 1.07552855510562e-16 1.38777878078145e-17 9.31322574615479e-10 -1.07552855510562e-16 1 -1.38777878078145e-17 0 -1.38777878078145e-17 1.38777878078145e-17 1 0
1 1.07552855510562e-16 1.38777878078145e-17 9.31322574615479e-10 -1.07552855510562e-16 1 -1.38777878078145e-17 0 -1.38777878078145e-17 1.38777878078145e-17 1 0
1 1.07552855510562e-16 1.38777878078145e-17 9.31322574615479e-10 -1.07552855510562e-16 1 -1.38777878078145e-17 0 -1.38777878078145e-17 1.38777878078145e-17 1 0
1 1.07552855510562e-16 1.38777878078145e-17 9.31322574615479e-10 -1.07552855510562e-16 1 -1.38777878078145e-17 0 -1.38777878078145e-17 1.38777878078145e-17 1 0
1 1.07552855510562e-16 1.38777878078145e-17 9.31322574615479e-10 -1.07552855510562e-16 1 -1.38777878078145e-17 0 -1.38777878078145e-17 1.38777878078145e-17 1 0
1 1.07552855510562e-16 1.38777878078145e-17 9.31322574615479e-10 -1.07552855510562e-16 1 -1.38777878078145e-17 0 -1.38777878078145e-17 1.38777878078145e-17 1 0
1 1.07552855510562e-16 1.38777878078145e-17 9.31322574615479e-10 -1.07552855510562e-16 1 -1.38777878078145e-17 0 -1.38777878078145e-17 1.38777878078145e-17 1 0
1 1.07552855510562e-16 1.38777878078145e-17 9.31322574615479e-10 -1.07552855510562e-16 1 -1.38777878078145e-17 0 -1.38777878078145e-17 1.38777878078145e-17 1 0
1 1.07552855510562e-16 1.38777878078145e-17 9.31322574615479e-10 -1.07552855510562e-16 1 -1.38777878078145e-17 0 -1.38777878078145e-17 1.38777878078145e-17 1 0
1 1.07552855510562e-16 1.38777878078145e-17 9.31322574615479e-10 -1.07552855510562e-16 1 -1.38777878078145e-17 0 -1.38777878078145e-17 1.38777878078145e-17 1 0
1 1.07552855510562e-16 1.38777878078145e-17 9.31322574615479e-10 -1.07552855510562e-16 1 -1.38777878078145e-17 0 -1.38777878078145e-17 1.38777878078145e-17 1 0
1 1.07552855510562e-16 1.38777878078145e-17 9.31322574615479e-10 -1.07552855510562e-16 1 -1.38777878078145e-17 0 -1.38777878078145e-17 1.38777878078145e-17 1 0
0.999997244885964 -0.000398120858871142 -0.00231337853859758 -0.164350974373519 0.00039608374064818 0.999999533502118 -0.000880972881132185 -0.00105479825288057 0.00231372819309147 0.000880054162326332 0.999996936078566 0.0116598217209685
0.999988047202519 -0.000969686887401827 -0.00479219776648784 -0.382546349894255 0.000960996772320115 0.999997890477455 -0.00181535832389832 -0.00232293736189604 0.00479394798640123 0.001810731338702 0.999986869571157 0.0250159797433298
0.999971673599993 -0.00149316919148549 -0.00737715686396678 -0.613925133366138 0.00147489235337831 0.999995831405502 -0.00248231024753117 -0.00374602293595672 0.00738083262077659 0.00247135942036982 0.999969707387398 0.036965785016946
0.999947411378098 -0.00208666260745751 -0.0100409320983115 -0.833049837499857 0.00205799143085391 0.999993778446084 -0.0028649154253078 -0.00475890748202801 0.0100468477400026 0.00284410061113761 0.999945484485131 0.0464029118520557
0.999915023864149 -0.00269930547605425 -0.0127537759390981 -1.08837592229247 0.00265837920600913 0.999991266749101 -0.00322481713040058 -0.00644935248419642 0.0127623693237123 0.00319063872514741 0.999913467132917 0.0552646058422397
0.999876224655992 -0.00325229321978968 -0.0153934387481253 -1.35568207455799 0.00319294608111422 0.999987381627153 -0.00387836070961467 -0.00829237699508667 0.0154058580742156 0.00382873024425795 0.999873992241879 0.0623469304919126
0.999828584414221 -0.00391381327198147 -0.0180965149663214 -1.63596759457141 0.0038083159530083 0.999975575367396 -0.00586049471012535 -0.00999288586899638 0.0181190098475688 0.00579057288335156 0.999819069005901 0.0675839157120208
0.999741355354509 -0.00431906815147983 -0.0223286373124596 -1.92836559610441 0.00412843107920664 0.99995469589167 -0.00857684213571879 -0.0120637943036854 0.0223646696991646 0.00848244154118808 0.999713893939035 0.0706796495869639
0.99961328189141 -0.0042126525527831 -0.0274870919661213 -2.20291388686746 0.00392299413382341 0.999936298747283 -0.0105834098763454 -0.0142985116690397 0.0275299252325622 0.0104714853795566 0.999566131484373 0.071034991509805
0.999465898827007 -0.00380126822176773 -0.0324571631820848 -2.48897859500721 0.00342627120943844 0.99992683130025 -0.0116014098901873 -0.0160055682063103 0.0324988884044005 0.0114840065198058 0.999405793382614 0.0687258027974167
0.999288781971052 -0.00343690040428769 -0.0375515371512682 -2.81786052975804 0.00301095472250982 0.999930557220244 -0.0113936336991894 -0.0176619775593281 0.0375880882524113 0.0112724643633642 0.999229736931756 0.0631660747530987
0.999163652456366 -0.00363157637279021 -0.0407284576568246 -3.15850241528824 0.00316213115210752 0.999927894930056 -0.0115847256041864 -0.0191791583783925 0.0407675917443259 0.0114462480226497 0.999103091212099 0.0545941017044242
0.999007446083436 -0.00409231287705416 -0.0443551084449987 -3.51141093764454 0.00352487211982563 0.999911044975505 -0.012863802413464 -0.0213322592899203 0.044403805539505 0.012694688310867 0.998933004231164 0.0431479313629097
0.998835425443882 -0.00441691971325868 -0.0480446011387895 -3.87696652067825 0.00371083986351871 0.999883948614207 -0.014775620838697 -0.0228792326524854 0.0481042882272055 0.0145801277054847 0.998735899690326 0.0285974148500827
0.998678711964856 -0.00484330179249281 -0.0511602648152172 -4.21411568112671 0.00397687515226853 0.999847176020943 -0.0170237794560726 -0.0248020845465362 0.0512348976015331 0.0167978281540373 0.998545351116847 0.0128482194631943
0.998446289385525 -0.0052150541253194 -0.0554780174731147 -4.60354174301028 0.00419979134895291 0.99982186394019 -0.0184011450673249 -0.0266251126304269 0.05556409780517 0.0181395589150746 0.998290332236802 -0.00810592781635933
0.998236886070282 -0.00586065597910577 -0.0590658276857366 -5.00489642610773 0.00474362576382976 0.99980758162701 -0.0190341203044027 -0.0285905753262341 0.059166014766243 0.0187203747997821 0.998072607711501 -0.0326429513734183
0.997982116213603 -0.00628329431221459 -0.0631839847619943 -5.4180614692159 0.00514914090569624 0.999822979399205 -0.0180968564461208 -0.0305199162103236 0.0632865077702279 0.0177349958523906 0.997837806387574 -0.0608568777533947
0.997771492811421 -0.00682075064000126 -0.0663741327142936 -5.84113401826471 0.00560955033787393 0.999814649526426 -0.0184173705331967 -0.0331568471156061 0.0664874505292134 0.0180039982519752 0.997624816736767 -0.0927734885262907
0.997583848054002 -0.00711315875858386 -0.0691076629198677 -6.23280188674107 0.00571346907154954 0.999774953282287 -0.0204303465602055 -0.035177739802748 0.0692374347657343 0.0199861392439069 0.997399985895921 -0.124651349440683
0.997618695808666 -0.00760458324313493 -0.0685500407491884 -6.67607192602009 0.00602484488106634 0.999712169250568 -0.0232224007476008 -0.037684213835746 0.0687069066191766 0.0227540977852631 0.997377366906229 -0.156196698611893
0.997662016573091 -0.00818154725179166 -0.0678495613241613 -7.12941565178335 0.0065277817440019 0.999677045134697 -0.0245599978881166 -0.0409654127433896 0.0680285877614485 0.0240596698923389 0.997393224125698 -0.186515939931269
0.997671997769948 -0.00883938412453445 -0.0676198946614085 -7.59556812606752 0.00720011166105293 0.999675177010502 -0.0244478805030127 -0.043796737678349 0.0678140343718719 0.0239040949906109 0.997411575521805 -0.217517545795999
0.997665621545376 -0.0093165344964946 -0.067649905923469 -8.07078130263835 0.00775638008614809 0.999698700620138 -0.0232883349848485 -0.0477532553486526 0.0678464896250188 0.0227092528142812 0.997437288094936 -0.249222489917884
0.99770516865101 -0.00952727940299135 -0.0670345238980416 -8.50747437402606 0.00803790524893841 0.999715592352115 -0.0224527612392968 -0.0510546956211329 0.0672293724964681 0.0218624187874333 0.997497993039833 -0.278272153067519
0.997726192919069 -0.00972655606101578 -0.0666921140046744 -9.00175860337913 0.00822601502989306 0.999707630153881 -0.0227373456858845 -0.0550344856455922 0.0668937713090579 0.0221370350160846 0.997514498661923 -0.310961407391005
0.997609235382346 -0.0103109367536305 -0.0683337256639331 -9.50702105695382 0.0087006865368344 0.999678392018023 -0.0238203817359717 -0.0594355948269367 0.0685573594418483 0.0231688824832425 0.997378108517948 -0.344778358223266
0.997496787510799 -0.0109932321366114 -0.0698520418658371 -10.0231528175063 0.00925233750679502 0.999639676198121 -0.0251974606096683 -0.064113387838006 0.0701038740462782 0.0244880913446925 0.99723907876998 -0.380326682039595
0.997410631978509 -0.0113092833894336 -0.0710220481642799 -10.5488412445411 0.00949254162989753 0.999620359099459 -0.0258656012354862 -0.0688733807764947 0.0712876067043667 0.0251244459259504 0.997139327951354 -0.417359074694104
0.997372317763802 -0.0116203184551683 -0.0715082369903036 -11.0844344845973 0.00983979936568019 0.999633962039908 -0.0252015929027937 -0.0742438547313213 0.0717749127962139 0.024431744419821 0.99712158323732 -0.455667695612647
0.997422918089083 -0.0120635222693065 -0.0707247757233381 -11.5746499411762 0.0103593552748135 0.999648276895287 -0.0244132394117209 -0.0793950324878097 0.0709944098429497 0.0236176614155965 0.997197071716674 -0.490735752166074
0.997486970465628 -0.0123674124417397 -0.0697623885829542 -12.1284277872182 0.010681726787644 0.999643134835522 -0.0244847644269631 -0.0852564168162644 0.0700403059968853 0.0236780507159194 0.997263107434621 -0.52992915820505
0.997512960680243 -0.0124146520025891 -0.0693813353185919 -12.6907001659274 0.010675012328289 0.999620665249407 -0.0253883776189926 -0.0913546439260244 0.0696702044401131 0.0245845891157102 0.997267095913269 -0.569400798565766
0.997474353841528 -0.0128405307605991 -0.069857241558857 -13.2635956765153 0.0110330521695316 0.999595873506458 -0.0261985005045216 -0.0973146567121148 0.0701654130483872 0.0253615937718262 0.997212918274278 -0.609671485086437
0.997314176034844 -0.0133520077026491 -0.0720149857338592 -13.8441567304544 0.0115083069040919 0.999596838997757 -0.0259560847951731 -0.104113625362515 0.0723325179441499 0.0250576007630695 0.99706575685451 -0.651320859971747
0.997170353621946 -0.0134883420525699 -0.0739550572047391 -14.4340644390322 0.0116373579527712 0.999609564837976 -0.0254025546808002 -0.110690690111369 0.0742688208965407 0.0244700329608451 0.996937991918019 -0.694960055931006
0.99708754460219 -0.0131557382682955 -0.0751222666710206 -14.976115679834 0.0112795646302104 0.999615131257272 -0.0253448374084375 -0.116916609928012 0.075426784506094 0.024423675237837 0.996852187772564 -0.735681503021624
0.997059714143292 -0.0127071017450531 -0.0755675591622376 -15.587626628112 0.0107162462344239 0.999586243727061 -0.026692759660013 -0.12382593145594 0.0758754802234596 0.0258044747449913 0.996783346863296 -0.782454668144055
0.997102162190568 -0.0118012394123063 -0.0751532361460676 -16.2071788781323 0.00979966500282285 0.999588840613469 -0.026946544989164 -0.130303442012519 0.0754403388163496 0.0261319817341513 0.996807842470112 -0.830274716347049
0.997167454293921 -0.0106585683150762 -0.0744544358547786 -16.8313253349625 0.00869525927841062 0.999607172079764 -0.0266438359246086 -0.136523205321282 0.0747091732189675 0.0259209654173818 0.996868418091761 -0.878438978899794
0.997156602591749 -0.00977504043064786 -0.0747205359473616 -17.4683924992569 0.00784601548552606 0.999629417013836 -0.0260666200643674 -0.142299938946962 0.074947648053042 0.0254062438223047 0.996863768438877 -0.922963065422664
0.997050904278824 -0.00879856037970236 -0.0762369963470808 -18.1146960658953 0.00680036387802932 0.999627525177995 -0.026430398363327 -0.147661593277007 0.0764411494412955 0.0258340132724766 0.996739361332907 -0.96886729747348
0.996948599474216 -0.00760644362715449 -0.0776893301666736 -18.7040877537802 0.00553703598238669 0.99962500515648 -0.0268177235878881 -0.151599850039929 0.0778641845711445 0.0263057233554513 0.99661686604222 -1.0123195582637
0.996847278005053 -0.00655852133586996 -0.0790726889121894 -19.368190899957 0.00445667869726599 0.999632798395947 -0.0267283816584198 -0.155171018559486 0.079218951955364 0.0262917129334655 0.996510463307896 -1.06298423804401
0.996830779287029 -0.0057412998553625 -0.0793437769581509 -20.0368229295127 0.00366064032603085 0.999646234984834 -0.0263439669193932 -0.158435331657529 0.0794669565191559 0.0259700280442179 0.996499152265051 -1.11533767778747
0.996803273062527 -0.00449720143704581 -0.0797684774272915 -20.7131149079651 0.00235453009991322 0.999634417502712 -0.0269348757565833 -0.160702629946172 0.0798604470300679 0.0266609550325679 0.996449448028805 -1.16931711520738
0.996721568513723 -0.00340763301075198 -0.0808362721605114 -21.3970556086861 0.00118526869644905 0.999620433722292 -0.027524237009859 -0.161960429511964 0.0808993819362142 0.0273381879816806 0.996347285578787 -1.22504808249505
0.996539126509435 -0.00271021259026543 -0.083080828616037 -22.0186440725811 0.000406737482599183 0.999615363872095 -0.0277301077437276 -0.162565021310002 0.0831240272149515 0.0276003452618633 0.996156923903555 -1.27743279100832
0.996281909026767 -0.00142844073899129 -0.0861412636489373 -22.7171139991842 -0.000850595652566637 0.999650715424485 -0.0264144588880912 -0.162544090300798 0.0861489073234036 0.0263895189113029 0.995932708097597 -1.33893022104894
0.996104344226698 -0.000202926127727633 -0.0881821650544312 -23.4241512566805 -0.00207576525519488 0.99966630350908 -0.0257482587197065 -0.161152371671051 0.0881579639698286 0.0258309978413205 0.995771526475434 -1.4037615167108
0.996027843077921 0.000902272648033414 -0.0890377544506422 -24.1384709589183 -0.00318416272510211 0.999670015375039 -0.0254896345169918 -0.15991481859237 0.0889853747605993 0.0256718963876524 0.995702042186606 -1.46749942406313
0.99602927127113 0.00239705744796236 -0.0889940721997436 -24.8613015590236 -0.00462644036389025 0.999680408643507 -0.0248531008912563 -0.157126084435731 0.0889060561528931 0.0251661417373177 0.995722038768549 -1.5321314907851
0.996076415481554 0.00334719482395798 -0.088433991249008 -25.5907603297383 -0.00556306836202743 0.999676402045542 -0.0248222372818887 -0.153552259318531 0.0883222893261863 0.0252168094748215 0.995772707864647 -1.59745845240832
0.996077056760807 0.00431527052614488 -0.0883848145046119 -26.2511372347362 -0.00656814124674636 0.999660489345756 -0.0252143919531196 -0.149879860226065 0.0882459999959843 0.0256960012704105 0.995767221293923 -1.6568079813369
0.996110132629122 0.00564597185346332 -0.0879359236911923 -26.9922899394296 -0.0079386295154807 0.999637045197699 -0.0257440484351249 -0.144169536884874 0.0877586567525348 0.0263419982204088 0.995793410951663 -1.72361353332963
0.996123071454532 0.00646539180879411 -0.0877326918813474 -27.7369059212506 -0.00881640579660449 0.99961161606099 -0.0264364904018196 -0.138303142506629 0.0875276956443973 0.0271074850307933 0.995793194770123 -1.79094082516531
0.995945296449895 0.00765410323698844 -0.0896347096998093 -28.4865383193828 -0.0100734571996012 0.999596197093914 -0.0265700623904552 -0.131030469667166 0.0893951449429966 0.0273652600759138 0.995620234126245 -1.85960356936266
0.995655155239701 0.00890485933372318 -0.0926904273636332 -29.2402154607698 -0.0114798965943491 0.999561773491786 -0.0272850315766632 -0.122747919522226 0.0924068385931983 0.0282305588716033 0.995321059621973 -1.93106932492083
0.995401675990165 0.00999740095336216 -0.0952657095189454 -30.0003952989355 -0.0127865352795745 0.99950593833376 -0.0287120837121649 -0.113587819505483 0.0949315961706879 0.0297981746039565 0.995037718299541 -2.00586120190565
0.99537965847407 0.0111101455566178 -0.0953724287294528 -30.6922901342623 -0.0140481835949348 0.999445453057165 -0.0301899801431088 -0.103738369885832 0.0949841251669288 0.0313903015128728 0.994983751092049 -2.07516267266328
0.995534745902342 0.0122418210393242 -0.0935986512659255 -31.4656118806452 -0.0152150602541015 0.999399891416063 -0.0311184668488982 -0.0926926205866039 0.0931615352096736 0.032403624106002 0.995123577000452 -2.14771070019196
0.995637569201618 0.0134125934454943 -0.0923359796144407 -32.2406415366568 -0.0163397710570965 0.999385237097625 -0.0310187000553701 -0.0805452256463468 0.0918631736665689 0.0323921318901555 0.995244646866044 -2.21872779996193
0.995589720403817 0.0149460879478438 -0.0926159979771528 -33.0211209366098 -0.017771280222913 0.999399228355546 -0.0297550661497858 -0.0676145474426448 0.0921156350761767 0.0312697428418391 0.995257209447446 -2.28992010223737
0.99535707988156 0.0158298594855256 -0.0949405028337296 -33.8122096485458 -0.0186540434393423 0.999407264991335 -0.0289334641185968 -0.052747595589608 0.0944262156025329 0.0305701526199578 0.995062387780674 -2.36347902987472
0.995170817679785 0.0163426294534979 -0.0967882332780846 -34.5245235608891 -0.0191593794815532 0.999417410082622 -0.0282446207555553 -0.0394016313366592 0.0962702540581934 0.0299626248230853 0.994904155834763 -2.43152945219481
0.994880598463834 0.0164792592983941 -0.0997047080795099 -35.3221477889456 -0.0192482476192029 0.999453499798489 -0.0268739037756287 -0.023764209356159 0.0992073574077742 0.0286554663812717 0.99465409287985 -2.50988995743683
0.994722684007624 0.0161045470667977 -0.101328305445432 -36.1245754379779 -0.0188990601790719 0.999465372460313 -0.0266794823247317 -0.00828989641740918 0.100844471563974 0.0284536960084477 0.994495238670574 -2.59116855292086
0.994718053778931 0.0160934617891651 -0.101375509734335 -36.8529565772042 -0.0188548232347479 0.99947521597218 -0.026339861392026 0.00577208632603288 0.100898409933169 0.0281121529770563 0.994499481009393 -2.66578365705209
0.994907119536549 0.0155771655579957 -0.0995850159846649 -37.6692938823253 -0.0183625337011533 0.99946366499357 -0.0271145664486024 0.0217842753045261 0.0991092369638733 0.0288051084150097 0.994659552247722 -2.74913105161249
0.995059875202179 0.0152257944516859 -0.0981020894065892 -38.4850618368946 -0.017970824295442 0.999469585885399 -0.0271587253790043 0.0368821290321648 0.0976365415035055 0.0287875332980238 0.994805701476348 -2.83128999985638
0.995066951777453 0.0151007958931495 -0.0980496172543392 -39.2175696692429 -0.0177801083971243 0.999490413393545 -0.0265100222517041 0.0501978192478418 0.0975993300474726 0.0281225798566343 0.994828372774164 -2.90330806173733
0.994995935687659 0.0147369492003106 -0.0988226203523675 -40.0302912900224 -0.0173684033068207 0.999515695266912 -0.0258207955274881 0.0645583528093994 0.0983942403375945 0.0274079777321894 0.994770011723825 -2.98335406952538
0.994965493841857 0.0147705610877522 -0.099123642937407 -40.8464542846195 -0.0173399199513878 0.999534313111215 -0.0251094422353789 0.0790993105620146 0.0987066018061054 0.0267018246276419 0.99475827180348 -3.06416670652834
0.994847856678787 0.0143462941959905 -0.100358985170565 -41.6607908396982 -0.0169805643073465 0.999532031430098 -0.0254436353736344 0.0927645340561867 0.0999469984413121 0.0270166983190856 0.994625907321194 -3.14537901210133
0.99469444515507 0.0139656137864767 -0.101921157809427 -42.4760233480483 -0.0166266802748414 0.999541464967038 -0.0253063888096535 0.106839766260237 0.101521004135525 0.0268667348800357 0.994470544700144 -3.22781282827782
0.994439143058839 0.0137303278166477 -0.104413930346722 -43.2115720347501 -0.0164043522585572 0.999557972010738 -0.0247943101690284 0.118998533114791 0.104027342460432 0.0263692754513318 0.994224810258118 -3.30366275731649
0.994138356943254 0.0133852653762742 -0.107283558502571 -44.0309698679484 -0.0160458196024309 0.999583790727196 -0.023974507059264 0.132002171128988 0.106918000951449 0.0255554296824602 0.993939364894202 -3.39043727166427
0.994043079551734 0.0132284186588663 -0.108182091563674 -44.8513533398509 -0.0159462807517538 0.999577606029572 -0.0242966181674929 0.145245511084795 0.107814990263375 0.0258769871502936 0.993834145826421 -3.47927293443354
0.99429981569789 0.0128408952588941 -0.105844168058954 -45.6729557118379 -0.0155837086411707 0.999562783210348 -0.0251274838726259 0.158469183836132 0.105475231823064 0.0266336972599015 0.994065199894926 -3.56756160974328
0.994766939472969 0.0124976643496952 -0.101402882194668 -46.4914797018282 -0.0152572955822665 0.999532777826885 -0.0264847310952271 0.171038229484111 0.101024507240069 0.0278932686409014 0.994492842860836 -3.65286740472948
0.995202881770661 0.0122361234338265 -0.0970644188087709 -47.2265033982694 -0.0148836503419763 0.999535377968047 -0.02659896882909 0.18223333498463 0.0966938522754684 0.0279160433010352 0.994922606768257 -3.72703287417971
0.995154751163297 0.0119545760711324 -0.0975915434250147 -48.0417295903899 -0.0145621897076479 0.999554538333915 -0.0260512480889499 0.194556426256895 0.0972366385064575 0.0273461698786695 0.994885532674454 -3.80751012673863
0.994785279726078 0.0120671137039367 -0.10127503150908 -48.851550470572 -0.014654928978652 0.999583834608904 -0.0248473468440815 0.205976243596524 0.100933048586375 0.0262019532748169 0.994548127215393 -3.88915778917726
0.994412884291414 0.0118059958055188 -0.104898207888744 -49.66181765683 -0.0145272080325889 0.999576482999834 -0.0252153695285448 0.218423683196306 0.104556089167528 0.0265983664295996 0.994163241686831 -3.97398383668769
0.994194503048969 0.0118489661413716 -0.106943406101518 -50.4666066034697 -0.0146013311173516 0.99958105215351 -0.0249904242717718 0.230048939585686 0.106602491700781 0.0264068585231627 0.993950998080953 -4.06079572312592
0.99427166525947 0.0116562717632257 -0.106244938659412 -51.1866132593714 -0.0143327942695002 0.999597977308319 -0.0244633352089626 0.240343023091555 0.105917074499764 0.0258459878839969 0.994039012433472 -4.1389480484213
0.994428206528683 0.0114270555489729 -0.104794868488999 -51.981059551239 -0.0140607597018168 0.999602711699245 -0.0244277260530747 0.251424083020538 0.104474097731226 0.0257651152723404 0.994193804918462 -4.2242813818084
0.994637609612226 0.0116830572250946 -0.102759582126208 -52.7753167049959 -0.0142246356091857 0.999609905857571 -0.0240353043085222 0.262856620363891 0.102438690379483 0.0253681352348284 0.994415794538705 -4.30804465705296
0.99483720389776 0.0113474883596253 -0.10084727189575 -53.5651817130856 -0.0139287926266851 0.999592183987873 -0.024928988072451 0.273783206474036 0.100523263361522 0.0262049655272006 0.994589550168746 -4.3898185851067
0.995076367668501 0.011200629521017 -0.0984762326959899 -54.3524468266405 -0.0138275289519822 0.999565432629236 -0.0260335425136414 0.285117590799928 0.0981418460736496 0.0272670458807037 0.994798816976677 -4.46958575362805
0.995091265202662 0.011364512909965 -0.09830677374263 -55.1330476570874 -0.0140045261287565 0.999558446073922 -0.0262066047056046 0.295730567537248 0.0979655407032207 0.0274547032146786 0.994811033365694 -4.54844767224859
0.994961582416707 0.0111201661202346 -0.0996383029778241 -55.8320781574585 -0.0138303357736481 0.999551789523963 -0.0265507414554007 0.305542000103742 0.0992983953910154 0.0277949989189022 0.994669425843515 -4.61952520989144
0.994639190429491 0.0115657792384249 -0.102757547714876 -56.603839033749 -0.0142538074073756 0.999574135119154 -0.0254632553926111 0.316870014183223 0.1024192844935 0.0267914380241881 0.994380464918954 -4.69951454514376
0.994343518818499 0.0115672810455821 -0.105580133514116 -57.3743936135434 -0.0143697195844137 0.999563292484024 -0.0258212214575998 0.328133095055819 0.105235344550732 0.0271923211166243 0.994075500115348 -4.78175237122196
0.994369886910451 0.0116403618884394 -0.10532345408694 -58.1391766984016 -0.0144068761921601 0.999569874066816 -0.0255442513382702 0.339088297914714 0.104980807408218 0.0269178162776091 0.994109883887472 -4.86434184292739
0.994484168323487 0.0118559689154926 -0.104214562106345 -58.9004831174389 -0.014540654439196 0.999580715178552 -0.0250392334470251 0.349925845861435 0.103874002148864 0.0264164691851429 0.994239589753581 -4.94594514225173
0.994801571771254 0.0116747396008797 -0.101160927519943 -59.5826993486844 -0.0143645326776867 0.999561284326458 -0.0259017195682931 0.359898963011801 0.100814150804315 0.0272202007871815 0.994532838908153 -5.01758250186685
0.995133013686666 0.0121238083739002 -0.0977921179922378 -60.3367913682014 -0.0149190674367586 0.999499289458433 -0.02790325785468 0.371026773937047 0.0974048586966393 0.0292264202837135 0.994815616011172 -5.0939910887173
0.995330529820011 0.0127312692373047 -0.0956820317082749 -61.0918615269475 -0.0156240709735969 0.999441324557854 -0.0295453409568092 0.38256732467562 0.0952524268164757 0.0309023227225618 0.99497337735033 -5.16824568084121
0.995412663264582 0.013315066414699 -0.0947435423598088 -61.8380834688433 -0.0162694061570121 0.999403000853824 -0.0304786533112721 0.394973274320364 0.0942811552528442 0.031880258636697 0.995035030978029 -5.2400352398181
0.99523843490967 0.0144425483131334 -0.0963943487802753 -62.5794416121207 -0.0174318518513014 0.999390607903104 -0.0302414182223372 0.407468295190483 0.0958988436822094 0.0317777537482881 0.994883704835459 -5.31326664427615
0.99501763285218 0.0151902600360824 -0.0985351019346955 -63.2460802956484 -0.0183261230378865 0.999351423091445 -0.0309981673571712 0.419558067340404 0.0980003241201012 0.0326494895080942 0.994650665966306 -5.38060337219213
0.994979856058023 0.0161528527522131 -0.0987632086696307 -63.9828193448484 -0.0193697593077196 0.999309715285435 -0.0317002422783224 0.43358217831701 0.0981829845905935 0.0334541220794786 0.994605913542029 -5.45579602912767
0.995091659972115 0.0172829309568551 -0.0974365873349467 -64.717970373109 -0.0204208711890021 0.999301399743295 -0.0313001675869959 0.448248143773526 0.096827559474678 0.0331362757206121 0.994749421189852 -5.53013558753446
0.995225439863611 0.0180015832529788 -0.0959284465039875 -65.4501592800952 -0.0211075428311931 0.999282048111424 -0.0314620399508267 0.463865847326815 0.0952932079631685 0.0333366363423807 0.994890885069043 -5.60283367502416
0.995267538778523 0.0189927421792129 -0.0952984889610243 -66.1798584149219 -0.022164362293692 0.999231349802569 -0.0323334287672859 0.479698314331472 0.0946111372823225 0.0342926423048609 0.994923488206956 -5.67413612559176
0.995179781520551 0.0197826000309615 -0.0960512945707858 -66.8386879051104 -0.023061996567162 0.999184184523399 -0.0331528235998985 0.49475769046694 0.0953170853889536 0.0352081543725993 0.994824124706789 -5.73820026212343
0.995035465479921 0.0199842756423088 -0.0974938519303146 -67.5711231511086 -0.0235104099791503 0.999105329473645 -0.0351539647830936 0.511860648635775 0.0967041005323463 0.0372715621407386 0.994615075089765 -5.81017118044838
0.994897989657585 0.020794857468448 -0.0987196235718285 -68.3031661780551 -0.0244034973757917 0.999072081000271 -0.0354886782173949 0.529540894087404 0.0978900377521958 0.0377167186888653 0.99448227215985 -5.88284271150042
0.994916415005643 0.0213598659992739 -0.0984128206933002 -69.0359272346832 -0.0249712839546023 0.999053658575997 -0.0356121083842868 0.547946627717465 0.0975590187013851 0.0378885656947928 0.994508267667803 -5.95565444113163
0.994999850525028 0.0217392792697653 -0.0974817992858355 -69.7672863253392 -0.0253223453544509 0.999042725581771 -0.0356708745042355 0.566622639540583 0.0966130233504918 0.0379609825871006 0.994597852159404 -6.02983176275302
0.995163642137479 0.0223814075780644 -0.0956472579977737 -70.4963045320474 -0.0260385207919014 0.998970041729868 -0.0371598057206366 0.585277279373258 0.0947170565560281 0.0394706007181333 0.994721443860698 -6.10279113955039
0.995275376011808 0.0225865512055598 -0.0944286694240309 -71.2247104207054 -0.0263108833321408 0.998916639549431 -0.0383833902821884 0.604942166712135 0.0934594207281254 0.0406865449001381 0.994791406145656 -6.17399896934512
0.995125266918887 0.0227797544591183 -0.0959519980323301 -71.9523433642462 -0.0265795904956047 0.998904608977803 -0.0385111351687777 0.623966156039387 0.094969618872037 0.0408737684791136 0.994640692180657 -6.24506648350507
0.994877510560537 0.0233803115886129 -0.0983468352865955 -72.680719553493 -0.0271811064837979 0.998927415412926 -0.0374860799066531 0.643640537746251 0.0973649137584264 0.0399672336604739 0.994445923015597 -6.31722052588884
0.994529375912786 0.0237511633623656 -0.10172120076689 -73.3372250166722 -0.0276424387417632 0.998932248364966 -0.0370170063203511 0.662178125698119 0.100733390824153 0.0396263222548758 0.994124005623856 -6.38393260545854
0.994106694604627 0.0246359935699686 -0.105569633716726 -74.0652581541799 -0.0284340728368283 0.998995835517586 -0.0346240396318695 0.682210424914956 0.104610626822389 0.037421764246756 0.993808949605752 -6.46053651224065
0.994005559495482 0.0251968879191799 -0.106386392603861 -74.7959227412939 -0.0289319038912215 0.999012747380492 -0.0337116524144157 0.703629587311298 0.105431933631626 0.0365875308058571 0.9937532188427 -6.53897909668012
0.994319481741065 0.0256696375891223 -0.103294907600635 -75.5280911810696 -0.0292993713728422 0.998999836964183 -0.033776805394995 0.72459459817037 0.102324557498857 0.0366114114939346 0.994077104394365 -6.61675931162608
0.995088733435817 0.0262637668619137 -0.0954391279262543 -76.2655668063089 -0.0297360654845461 0.998939774598195 -0.0351438918619799 0.746713161468506 0.0944149299560174 0.037809274998746 0.994814696174855 -6.69078142010403
0.995781323331868 0.0262911894423402 -0.0879109177584917 -76.93179897964 -0.0295822743141364 0.998901340992035 -0.0363455638382216 0.767020985484123 0.0868587655325385 0.0387928385404064 0.995465052389154 -6.75173378903128
0.996215237541789 0.0263176662762532 -0.0828406961060099 -77.6696019791998 -0.0294779056145078 0.998874490414597 -0.037159191050957 0.7890814114362 0.0817695149193065 0.0394605225605429 0.995869777425297 -6.81411165789177
0.996185141826624 0.0267599021916018 -0.0830606455462807 -78.4073686292395 -0.0299341888117338 0.998859057547396 -0.0372092393863716 0.811276367865503 0.0819701625230331 0.0395536444619803 0.995849587872447 -6.87443937976786
0.995694796684657 0.0269426287458868 -0.088690284763104 -79.1480007423088 -0.0305051419679422 0.998771099381356 -0.0390605600839708 0.834480343852192 0.0875288990483421 0.0415979061590739 0.995293075447913 -6.93705996561766
0.995370479639185 0.0272123297164532 -0.0921797015305562 -79.8885661973618 -0.031143151583572 0.998654005050166 -0.0414762860765707 0.857640793547034 0.0909269617456893 0.0441550371833827 0.994878193709678 -7.00349656242906
0.995399266617089 0.0276097327175017 -0.0917496739908656 -80.5566136636771 -0.0316208518372272 0.998593578360746 -0.0425556927539438 0.878813218791038 0.0904456839614259 0.0452611082050369 0.994872358816347 -7.06478804247308
0.996084940296491 0.02798289744023 -0.0838555255507146 -81.3024946781807 -0.0314801665478355 0.998676279001999 -0.0406778671127388 0.903000268153846 0.0826062396472416 0.0431583967446737 0.995647308017137 -7.13044361404172
0.997250913575813 0.0289598251251788 -0.0682051603687401 -82.0466000777669 -0.031470549900193 0.998855101449115 -0.036029027159473 0.926608001347631 0.0670836780535024 0.0380764341528673 0.997020544071694 -7.1867184716466
0.997844255637981 0.0305740692036908 -0.0580695082001903 -82.7929748422466 -0.0323024491655879 0.999055527724609 -0.029062076677484 0.950787202920765 0.0571261172161092 0.0308752136062453 0.99788943671961 -7.23272811331844
