1 2.8162151430311e-17 -0 0 -2.8162151430311e-17 1 0 0 0 0 1 0
1 2.8162151430311e-17 -0 0 -2.8162151430311e-17 1 0 0 0 0 1 0
1 2.8162151430311e-17 -0 0 -2.8162151430311e-17 1 0 0 0 0 1 0
1 2.8162151430311e-17 -0 0 -2.8162151430311e-17 1 0 0 0 0 1 0
1 2.8162151430311e-17 -0 0 -2.8162151430311e-17 1 0 0 0 0 1 0
1 2.8162151430311e-17 -0 0 -2.8162151430311e-17 1 0 0 0 0 1 0
1 2.8162151430311e-17 -0 0 -2.8162151430311e-17 1 0 0 0 0 1 0
1 2.8162151430311e-17 -0 0 -2.8162151430311e-17 1 0 0 0 0 1 0
1 2.8162151430311e-17 -0 0 -2.8162151430311e-17 1 0 0 0 0 1 0
1 2.8162151430311e-17 -0 0 -2.8162151430311e-17 1 0 0 0 0 1 0
1 2.8162151430311e-17 -0 0 -2.8162151430311e-17 1 0 0 0 0 1 0
1 2.8162151430311e-17 -0 0 -2.8162151430311e-17 1 0 0 0 0 1 0
1 2.8162151430311e-17 -0 0 -2.8162151430311e-17 1 0 0 0 0 1 0
1 2.8162151430311e-17 -0 0 -2.8162151430311e-17 1 0 0 0 0 1 0
1 2.8162151430311e-17 -0 0 -2.8162151430311e-17 1 0 0 0 0 1 0
1 2.8162151430311e-17 -0 0 -2.8162151430311e-17 1 0 0 0 0 1 0
1 2.8162151430311e-17 -0 0 -2.8162151430311e-17 1 0 0 0 0 1 0
1 2.8162151430311e-17 -0 0 -2.8162151430311e-17 1 0 0 0 0 1 0
1 2.8162151430311e-17 -0 0 -2.8162151430311e-17 1 0 0 0 0 1 0
1 2.8162151430311e-17 -0 0 -2.8162151430311e-17 1 0 0 0 0 1 0
1 2.8162151430311e-17 -0 0 -2.8162151430311e-17 1 0 0 0 0 1 0
1 2.8162151430311e-17 -0 0 -2.8162151430311e-17 1 0 0 0 0 1 0
1 2.8162151430311e-17 -0 0 -2.8162151430311e-17 1 0 0 0 0 1 0
1 2.8162151430311e-17 -0 0 -2.8162151430311e-17 1 0 0 0 0 1 0
1 2.8162151430311e-17 -0 0 -2.8162151430311e-17 1 0 0 0 0 1 0
1 2.8162151430311e-17 -0 0 -2.8162151430311e-17 1 0 0 0 0 1 0
1 2.8162151430311e-17 -0 0 -2.8162151430311e-17 1 0 0 0 0 1 0
1 2.8162151430311e-17 -0 0 -2.8162151430311e-17 1 0 0 0 0 1 0
1 2.8162151430311e-17 -0 0 -2.8162151430311e-17 1 0 0 0 0 1 0
1 2.8162151430311e-17 -0 0 -2.8162151430311e-17 1 0 0 0 0 1 0
1 2.8162151430311e-17 -0 0 -2.8162151430311e-17 1 0 0 0 0 1 0
1 2.8162151430311e-17 -0 0 -2.8162151430311e-17 1 0 0 0 0 1 0
1 2.8162151430311e-17 -0 0 -2.8162151430311e-17 1 0 0 0 0 1 0
1 2.8162151430311e-17 -0 0 -2.8162151430311e-17 1 0 0 0 0 1 0
1 2.8162151430311e-17 -0 0 -2.8162151430311e-17 1 0 0 0 0 1 0
1 2.8162151430311e-17 -0 0 -2.8162151430311e-17 1 0 0 0 0 1 0
1 2.8162151430311e-17 -0 0 -2.8162151430311e-17 1 0 0 0 0 1 0
1 2.8162151430311e-17 -0 0 -2.8162151430311e-17 1 0 0 0 0 1 0
1 2.8162151430311e-17 -0 0 -2.8162151430311e-17 1 0 0 0 0 1 0
1 2.8162151430311e-17 -0 0 -2.8162151430311e-17 1 0 0 0 0 1 0
1 2.8162151430311e-17 -0 0 -2.8162151430311e-17 1 0 0 0 0 1 0
1 2.8162151430311e-17 -0 0 -2.8162151430311e-17 1 0 0 0 0 1 0
1 2.8162151430311e-17 -0 0 -2.8162151430311e-17 1 0 0 0 0 1 0
1 2.8162151430311e-17 -0 0 -2.8162151430311e-17 1 0 0 0 0 1 0
1 2.8162151430311e-17 -0 0 -2.8162151430311e-17 1 0 0 0 0 1 0
1 2.8162151430311e-17 -0 0 -2.8162151430311e-17 1 0 0 0 0 1 0
1 2.8162151430311e-17 -0 0 -2.8162151430311e-17 1 0 0 0 0 1 0
1 2.8162151430311e-17 -0 0 -2.8162151430311e-17 1 0 0 0 0 1 0
1 2.8162151430311e-17 -0 0 -2.8162151430311e-17 1 0 0 0 0 1 0
1 2.8162151430311e-17 -0 0 -2.8162151430311e-17 1 0 0 0 0 1 0
1 2.8162151430311e-17 -0 0 -2.8162151430311e-17 1 0 0 0 0 1 0
1 2.8162151430311e-17 -0 0 -2.8162151430311e-17 1 0 0 0 0 1 0
1 2.8162151430311e-17 -0 0 -2.8162151430311e-17 1 0 0 0 0 1 0
1 2.8162151430311e-17 -0 0 -2.8162151430311e-17 1 0 0 0 0 1 0
1 2.8162151430311e-17 -0 0 -2.8162151430311e-17 1 0 0 0 0 1 0
1 2.8162151430311e-17 -0 0 -2.8162151430311e-17 1 0 0 0 0 1 0
1 2.8162151430311e-17 -0 0 -2.8162151430311e-17 1 0 0 0 0 1 0
1 2.8162151430311e-17 -0 0 -2.8162151430311e-17 1 0 0 0 0 1 0
1 2.8162151430311e-17 -0 0 -2.8162151430311e-17 1 0 0 0 0 1 0
1 2.8162151430311e-17 -0 0 -2.8162151430311e-17 1 0 0 0 0 1 0
1 2.8162151430311e-17 -0 0 -2.8162151430311e-17 1 0 0 0 0 1 0
1 2.8162151430311e-17 -0 0 -2.8162151430311e-17 1 0 0 0 0 1 0
1 2.8162151430311e-17 -0 0 -2.8162151430311e-17 1 0 0 0 0 1 0
1 2.8162151430311e-17 -0 0 -2.8162151430311e-17 1 0 0 0 0 1 0
1 2.8162151430311e-17 -0 0 -2.8162151430311e-17 1 0 0 0 0 1 0
1 2.8162151430311e-17 -0 0 -2.8162151430311e-17 1 0 0 0 0 1 0
1 2.8162151430311e-17 -0 0 -2.8162151430311e-17 1 0 0 0 0 1 0
1 2.8162151430311e-17 -0 0 -2.8162151430311e-17 1 0 0 0 0 1 0
1 2.8162151430311e-17 -0 0 -2.8162151430311e-17 1 0 0 0 0 1 0
1 2.8162151430311e-17 -0 0 -2.8162151430311e-17 1 0 0 0 0 1 0
1 2.8162151430311e-17 -0 0 -2.8162151430311e-17 1 0 0 0 0 1 0
1 2.8162151430311e-17 -0 0 -2.8162151430311e-17 1 0 0 0 0 1 0
1 2.8162151430311e-17 -0 0 -2.8162151430311e-17 1 0 0 0 0 1 0
0.999999884503773 0.000129290261159719 0.000462900064163621 -0.0805113655515015 -0.000129309700932837 0.999999990758931 4.19659330811462e-05 -6.35161995887756e-05 -0.000462894634099481 -4.2025785703098e-05 0.99999989198119 -0.000753355496271979
0.99999144524524 0.000533868882241337 0.00410175820249819 -0.358667388558388 -0.000534404793150454 0.999999848812973 0.00012955905613734 -0.000166617799550295 -0.00410168841481708 -0.000131749947035147 0.999991579361596 -0.00263928873027908
0.999963771907117 0.00123347986391556 0.00842219690554084 -0.648745313752443 -0.00125036884542349 0.999997217638754 0.00200032309916057 -0.000432883854955435 -0.00841970611368243 -0.00201078148389025 0.999962531951464 -0.00329232968215365
0.999914765316005 0.00165893998228076 0.0129502903895206 -0.921747787389904 -0.00172256951981671 0.999986492852406 0.0049037604952743 8.03829170763493e-05 -0.0129419804236877 -0.00492565030029586 0.999904116959137 -0.00248725785058923
0.999854965347939 0.00258622416045915 0.0168332918249461 -1.23486555786803 -0.00271042540539818 0.999969243861566 0.00735968240140206 0.000747392885386944 -0.0168137403094526 -0.0074042403742445 0.999831223437879 -3.22950145346113e-05
0.999787050164325 0.00368577063102449 0.0203044186957721 -1.55974380997941 -0.003899099298754 0.999937513170853 0.0104769641762044 0.00150075508281589 -0.0202645342501672 -0.010553902053103 0.99973894782742 0.0039729655982228
0.999742245153576 0.00435908251648694 0.0222809706903053 -1.86399789433926 -0.00465988580512957 0.999898465423013 0.0134664141101573 0.00304465088993311 -0.022220007191064 -0.0135667698557007 0.99966104957436 0.00872769978741417
0.999737400922028 0.00528822381950196 0.0222971721638412 -2.21504283277318 -0.00564683099283954 0.999855230320919 0.0160509096203253 0.00541846826672554 -0.0222090634068038 -0.0161726030290859 0.999622530965492 0.0148185843863757
0.999752284107557 0.0062893225542124 0.0213498206908576 -2.58002404123545 -0.00665393210595495 0.999832497072234 0.0170500142471939 0.0082040554843843 -0.0212390114942301 -0.0171878509450498 0.999626671398197 0.02113683965581
0.99977521983348 0.00718023299057695 0.0199487859559704 -2.91294059995562 -0.00749568289886774 0.999847336657428 0.0157834760723951 0.0111839221790433 -0.0198324114720252 -0.0159294580337587 0.999676411556237 0.0268736358411843
0.999871491680963 0.00854596768784524 0.0135634272941341 -3.29376618145034 -0.00871466363146356 0.999884798339498 0.0124275776952933 0.0151277179829776 -0.0134556590873655 -0.0125441813547321 0.999830780058638 0.0322199122456368
0.999957997855189 0.00907228740381884 0.0013023542930053 -3.6873734286055 -0.00908468429664783 0.999910205606194 0.00985135705419315 0.0194988371804357 -0.00121286300637776 -0.00986277475366191 0.999950626099852 0.0344100894217263
0.999887330513607 0.00906128605036985 -0.0119674296942191 -4.09366153366864 -0.00896002523228379 0.999923832560497 0.00848805191803764 0.02448963932693 0.0120434308321816 -0.00837986710156177 0.999892361007499 0.0316116912654252
0.999752747167983 0.00955644888454987 -0.020077818974906 -4.5140624451451 -0.0093219745553961 0.999887635071478 0.0117395920523711 0.0297004608437419 0.0201877517435859 -0.0115495244873775 0.999729494995349 0.0241849010562873
0.99971250622058 0.00977337352735154 -0.0218948869844498 -4.90378068713471 -0.00943147521084846 0.999832818931139 0.0156646565094337 0.0348037448711693 0.0220443231130855 -0.0154536519342923 0.999637550545386 0.0154895033410867
0.999741437322461 0.0105516250465408 -0.0201425348279843 -5.34729273058474 -0.0101896957531804 0.999786291466752 0.0179872592580644 0.0409314730204642 0.0203280250117163 -0.0177773621225541 0.999635301895189 0.00581647265062202
0.999776476724634 0.0115003836642244 -0.0177408501389333 -5.80685707321391 -0.0112354122326961 0.999824910884049 0.0149637257280715 0.0478568146936595 0.0179098324960853 -0.0147610552224157 0.999730638296478 -0.00305922066036146
0.999848765657274 0.0120445940366611 -0.0125448622199498 -6.2825780371204 -0.0119408375109393 0.999894148281133 0.0083131602104511 0.0554008409380913 0.0126436629646174 -0.00816210681376515 0.999886752487099 -0.0103602991221123
0.999905844414985 0.0131053632975231 -0.00406838513365969 -6.76702702604234 -0.0130944940868307 0.999910653492287 0.00268686755102365 0.0640527829527855 0.00410323401304446 -0.00263334112236187 0.99998811442195 -0.0143706364178797
0.999899227879657 0.0140001582712389 0.00235152164480851 -7.25575123727322 -0.0140036663675301 0.999900845497595 0.00148205987106853 0.0733525613322854 -0.00233053940808751 -0.00151484044532277 0.999996136914785 -0.0141507153603015
0.999884475059973 0.0145132909597219 0.00451673771228139 -7.70886290865019 -0.0145275497813223 0.999889538461285 0.00314025047232762 0.0809351373463869 -0.00447066341769243 -0.00320550482704448 0.999984868839229 -0.0124270054438966
0.999877095071739 0.015288405483099 0.00347266593337824 -8.22806591913104 -0.0153056702711622 0.999870356427433 0.00500067947662395 0.0887929103337228 -0.00339576330903067 -0.0050532163482098 0.999981466726303 -0.010883792063396
0.99986578566195 0.0162884803790085 0.00175956516046692 -8.75860905367881 -0.0162967414732929 0.999855738380496 0.00478734215884858 0.0974410106427968 -0.00168133279392524 -0.00481537480741525 0.999986992558153 -0.00997660050052218
0.999851632963074 0.0171217405409037 0.00188628256760417 -9.29810621961951 -0.0171271044544077 0.999849215188072 0.00286516680223954 0.106905526481569 -0.00183694150224761 -0.00289704826449668 0.999994116361327 -0.00943772168830037
0.999838429247534 0.0177483368514952 0.00284814656063157 -9.79059307696298 -0.0177543420080055 0.999840179786446 0.00209719442844952 0.11585665633902 -0.00281046965608081 -0.00214742255129402 0.999993744898786 -0.00854278913175222
0.999824751678566 0.018147374321092 0.00459768813045205 -10.3439691951498 -0.0181562346939658 0.999833370379606 0.00189278025551354 0.125802698079497 -0.0045625730276198 -0.00197592525369706 0.999987639246986 -0.00661671237321571
0.999806595574062 0.0189710862105469 0.00518356388941382 -10.906134956982 -0.0189864415469784 0.999815449991182 0.00292933376629187 0.13680333411321 -0.00512703461923253 -0.0030271846529678 0.999982274677451 -0.00385083998116897
0.999788632881675 0.019968187325595 0.00489500311752263 -11.4726426689886 -0.0199833603401511 0.999795597383011 0.0030706290990167 0.14841801347211 -0.00483268766901865 -0.00316779868015622 0.999983304951346 -0.00084016196342418
0.999776940631397 0.0206940159603204 0.00422216593200234 -12.0446059796959 -0.0207049009280747 0.999782376478201 0.00255083538477546 0.160763468593359 -0.0041684600612179 -0.00263768592436912 0.999987833202826 0.00204607400519308
0.999768477040541 0.0213445122843409 0.00272104968363792 -12.6210740320385 -0.0213557501993626 0.999763243103862 0.00417009254931688 0.173478688579053 -0.00263139686471485 -0.00422723713447247 0.999987603031532 0.00444827572209761
0.999751617966656 0.0222008059231991 0.00195616702112409 -13.2007756223902 -0.0222147614921414 0.999725632281803 0.00742728285417569 0.186711233574897 -0.00179073864685983 -0.00746889383437121 0.999970504004988 0.0058922368043568
0.999728050991552 0.0233124067557407 0.00059644940134225 -13.7266903333366 -0.0233171597006279 0.999679422659184 0.00986721720123493 0.198945789132267 -0.000366229612236806 -0.00987844132724535 0.999951139942755 0.0062353907560464
0.999697366198318 0.0245585652651889 -0.0014327903758791 -14.3163569015451 -0.0245430083097929 0.999648576094125 0.0100182361767807 0.213296596426517 0.00167832036607845 -0.009980039333779 0.999948789716576 0.00567852603126084
0.99967058884309 0.0256415114601631 -0.00110756135173179 -14.9103141957894 -0.0256329348867957 0.99964573921073 0.0071658026014383 0.228354491759092 0.00129091099569921 -0.0071350520581011 0.999973711944934 0.00469666254502954
0.999644752108917 0.0266506368868914 0.000336354908241624 -15.5083980411291 -0.0266516409297398 0.999638812593819 0.00345461890409725 0.244358469732106 -0.000244165627089073 -0.00346235606825649 0.999993976218659 0.00443380425713258
0.999622053752059 0.0274459395198023 0.00157164130480263 -16.1129395999014 -0.0274492981151791 0.99962087012206 0.00215686100590038 0.26136131817475 -0.00151184837190602 -0.00219918627908152 0.999996438940765 0.00506571140431333
0.999595092566567 0.0283576827914517 0.00234366028583367 -16.717211203184 -0.028369648004137 0.999583764247785 0.00524035536486601 0.278776509221643 -0.0021940804354803 -0.00530472232337533 0.999983522830309 0.00650295710511273
0.999556696088706 0.0296925213927771 0.00218299738199636 -17.3178774868138 -0.0297109164056511 0.999518537047274 0.00894178646656503 0.296275181230158 -0.0019164421636829 -0.0090026813903807 0.999957638591364 0.00817747938708635
0.999496892761333 0.0317003310366553 0.00102487687373455 -17.9267498021945 -0.0317093503561825 0.999442062916015 0.0104919004079206 0.315774935297668 -0.000691708340785475 -0.0105191200367392 0.999944433282782 0.00937315561168361
0.999443308681706 0.0333400093859314 0.00123146478218366 -18.4771156935021 -0.0333485630965336 0.999413804198371 0.00774088606924894 0.334241244476289 -0.000972661688494306 -0.0077776443661681 0.999969280616836 0.0102477939653909
0.999393005382832 0.034767357450682 0.002202645629088 -19.0874643591233 -0.0347764630476484 0.99938612120597 0.0042400894780292 0.355147857684642 -0.00205387676514002 -0.00431411599086677 0.999988584931574 0.0114798249051091
0.999348935429433 0.0358093774939406 0.00440383237152153 -19.6968483659439 -0.0358161356730163 0.999357321967874 0.00146541961624164 0.377566356677562 -0.00434852636097417 -0.00162219379114812 0.999989229344893 0.0134542893210892
0.999300874384431 0.0366581164552175 0.00734472276312566 -20.3050075457431 -0.0366636953830861 0.999327464418048 0.0006263390868219 0.400020842440426 -0.00731682276454271 -0.000895185875182729 0.999972831004363 0.0170801257627318
0.999249589788094 0.037627996626015 0.00918646712496674 -20.910562125966 -0.0376461363460507 0.999289494326313 0.00180968154013828 0.42282157856971 -0.00911184539706682 -0.00215415853055527 0.999956165976532 0.0223809000381152
0.999208495332416 0.0388802629082712 0.00840880560567922 -21.4554919879884 -0.0388976138816677 0.999241376467917 0.0019097614548471 0.444194376468658 -0.00832817446041351 -0.00223533234339733 0.999962821708623 0.0274702709139092
0.999172619552702 0.0402745853211805 0.00565986867328545 -22.0610383381136 -0.0402785969116164 0.999188309964182 0.000596541492984796 0.468889301177114 -0.00563124915302247 -0.000824019495081448 0.999983804881283 0.0322000856758677
0.999117014059044 0.0419846037854995 0.00157647160290835 -22.6615536394529 -0.041983922650592 0.999118179263801 -0.000462713146055256 0.494091138709337 -0.00159450826566235 0.000396118115015235 0.999998650316004 0.0349397453246638
0.999019763622685 0.044181576392385 -0.00273864907556658 -23.2614893717691 -0.0441864097237641 0.999021805385511 -0.00173019074034758 0.520254909992218 0.00265952758942182 0.00184950581458679 0.999994753106856 0.0351472482798272
0.99891925960624 0.0461772547984263 -0.00528903838174035 -23.8627482214943 -0.0461881852682032 0.998930826727529 -0.00196340395363096 0.548106352332979 0.00519271887862647 0.00220557310833547 0.999984085432319 0.0332497542476631
0.998842502360991 0.047775722926322 -0.00557994409472568 -24.4026453387924 -0.0477865662528397 0.998855899858643 -0.00182630866621502 0.573830859735608 0.00548630686308311 0.00209084108641553 0.999982764261742 0.0307743045996176
0.998762057361895 0.0496415818566961 -0.00317271571363112 -25.0003974847496 -0.0496478485621372 0.998764924498195 -0.00192788103001455 0.603490693494678 0.00307309410621759 0.00208301293316737 0.999993108551121 0.0285620006980025
0.99868200627293 0.051309243568329 0.00126959486462044 -25.5970204113983 -0.0513058848453718 0.998679730192886 -0.0025500357052959 0.634899928700179 -0.00139875905996438 0.00248153708630802 0.99999594271516 0.0283523541438626
0.998583740992335 0.0529429914704728 0.00524898846541473 -26.192201632075 -0.0529228473293517 0.998590968216159 -0.00390517959490813 0.666671536397189 -0.00544834436381783 0.00362185743394162 0.999978598617201 0.0307124207465677
0.998472038363806 0.0545369071118781 0.00890586145730619 -26.7866266514175 -0.0544951161330024 0.998502161814075 -0.00486982240633042 0.699596460908651 -0.00915810697016227 0.00437705555013814 0.999948483903763 0.0354250908640097
0.998374627889478 0.0560745492677271 0.010185642393502 -27.3179412628524 -0.0560261782659891 0.998416910268967 -0.00497399616787676 0.72939088055864 -0.010448432200798 0.00439524895673569 0.9999357539618 0.0410400976325036
0.998281203740662 0.0578810078254176 0.00918842702588183 -27.9077939260751 -0.0578345899330823 0.998312428455523 -0.00523978992979315 0.763902083504945 -0.00947620521982435 0.00469937488929017 0.999944057140339 0.04744647602638
0.998200603486736 0.0596325724154756 0.00628581783296159 -28.4961104849353 -0.0595992857515308 0.998208012121915 -0.00535627422020307 0.798992512747645 -0.00659396213391447 0.0049720059058384 0.99996589882888 0.0526658379749279
0.998107648680006 0.0613463863460347 0.00421218811928948 -29.0803462667391 -0.061319865487304 0.998099154018911 -0.00616058790643008 0.834948628209531 -0.00458211120425791 0.00589063910089136 0.99997215192619 0.0564303118371754
0.997991358431792 0.063317064596869 0.00204885975670796 -29.6648966907524 -0.0633041214169206 0.997977061989456 -0.00586275997510616 0.872300012037158 -0.00241592779248758 0.00572128252491085 0.999980714923629 0.0589802359609166
0.997899278958911 0.0647756881480169 0.00106736977464669 -30.1912208488211 -0.0647692591577209 0.997886526826067 -0.00523666374409319 0.906318960245699 -0.00140432241488472 0.00515653022482966 0.999985718935323 0.0603823344645207
0.99778011938702 0.0665942486904924 -0.000198487714565297 -30.7725901850499 -0.0665945382254467 0.997774300582281 -0.00340772300507671 0.94499030103907 -2.88888126938258e-05 0.00341337646453824 0.999994173996303 0.0611501198000042
0.997636750949953 0.0687024120046575 -0.00094431920684307 -31.3480796879157 -0.0687038341964495 0.997635869929 -0.0015665879211029 0.983620021492243 0.000834458344612418 0.00162776403390201 0.999998327030361 0.0610205268167192
0.997492459311016 0.0707717342323288 -0.000394019555187019 -31.9248860063963 -0.0707722224671814 0.997491511152241 -0.00140630945166019 1.02391333132982 0.000293504202765727 0.00143066871310496 0.999998933520589 0.0606779431036557
0.997373293532673 0.0724186037966651 0.00143498150844628 -32.502160964068 -0.0724138907254132 0.997369844940822 -0.00310174672220019 1.06532401684672 -0.00165583145152463 0.00298968674987936 0.999994159980618 0.0610328312104684
0.997262719394943 0.0738201128970766 0.0042023132756125 -33.022367594298 -0.0737972854731285 0.997258910521214 -0.00535033109621926 1.10339945415035 -0.0045857564044658 0.00502556642623105 0.999976856992348 0.0626224302395713
0.997123892603928 0.0753582183522329 0.00806732453583112 -33.5409214710817 -0.0752949190552992 0.997130154215843 -0.00788230410132715 1.14218593016267 -0.00863816895210904 0.00725220520028501 0.999936391755439 0.065949645031651
0.996972728359046 0.0768236865239531 0.0119791526072717 -34.1134503185749 -0.0767447940587067 0.997026805770149 -0.00691268114841939 1.18538527935743 -0.0124745939094475 0.00597241698497294 0.999904352796882 0.0720185164464056
0.99685649895592 0.0781370308746641 0.0131043845882792 -34.6819419325329 -0.0780906998496929 0.996938187863167 -0.00401150558879045 1.22932792128995 -0.0133777085605463 0.0029755648531855 0.999906087053916 0.0796082145752735
0.996694739299902 0.0804062216810709 0.0115946611367316 -35.2507985946722 -0.0804009867308178 0.996762177856832 -0.000917674678945237 1.27456966135651 -0.011630906439827 -1.75806713092443e-05 0.999932358565472 0.0868988260990591
0.996501737262287 0.0829046707068772 0.0105405506605973 -35.8191769826226 -0.082876396204646 0.996555036488133 -0.00309228107818147 1.32058284012601 -0.0107606033926963 0.00220790061374833 0.999939665474625 0.0933431897210539
0.996306774464306 0.0852972851849941 0.00985820960423365 -36.3898782068864 -0.0852478085960862 0.996345495084366 -0.00533531204850372 1.36854262836277 -0.0102772703621278 0.00447521677236348 0.999937173100762 0.099421131562849
0.996145702193152 0.0871212187448763 0.0101800415775308 -36.9035711144097 -0.0870691009222847 0.996187332818596 -0.00545615215665374 1.41310770390555 -0.010616575092648 0.00454875545385543 0.999933296353873 0.104765287025657
0.995916024382974 0.0893416703304857 0.0130130057930946 -37.4706559730694 -0.0892850401444095 0.995994205271538 -0.00487079787384382 1.46303440211341 -0.0133960435809786 0.00368903890945569 0.999903463844536 0.11135485277191
0.995660680308483 0.0914840764343377 0.0170432815679619 -38.0357664502226 -0.0914163697600841 0.995801609588479 -0.00471186596615092 1.51417581131682 -0.0174027879242418 0.00313338474363819 0.999843650213628 0.119952286804619
0.995407382590721 0.0938408615833571 0.0189218228821647 -38.6034060688689 -0.0937667022034762 0.995582765363764 -0.00477104480436527 1.56689704116434 -0.0192859597058433 0.00297489628959744 0.99980958274578 0.130439283209853
0.995228805268082 0.095833406928569 0.0183189323141253 -39.1157910451293 -0.0957302876018497 0.995386557598472 -0.00642751802256152 1.6153205963783 -0.0188503899252334 0.00464317442344293 0.999811534105773 0.140252936551406
0.995065137339218 0.0979922052911315 0.015585254385571 -39.6843203320168 -0.097923928535403 0.995180900957794 -0.00508710025715826 1.67038343660533 -0.016008643673825 0.00353582677938882 0.99986560159689 0.150379806167621
0.994924201325193 0.100050182473791 0.0107607901376906 -40.2511031143367 -0.10002754843411 0.994981211213482 -0.00262276312589195 1.72637664200738 -0.0109691919341445 0.00153307505160608 0.999938661373385 0.158293258777121
0.994712390433788 0.102590852821011 0.004730458218566 -40.8190524424426 -0.102586397558179 0.994723403167781 -0.00117568122515155 1.78432556707412 -0.00482611163724892 0.000684184014416456 0.999988120198785 0.162962955902913
0.994479048240271 0.10493529804372 7.63910999014123e-05 -41.3898683344014 -0.104935045520478 0.994477810736897 -0.00158750545290838 1.84341099951416 -0.000242554611636711 0.00157072480833905 0.999998736994621 0.164509863287094
0.994217776999829 0.107337886758339 -0.00309676666422781 -41.9651309126057 -0.107347760183698 0.994216318109692 -0.00322043288259047 1.90485877450556 0.00273318149088908 0.00353424258672265 0.999990019374332 0.163912028830964
0.994026033504779 0.109112534197769 -0.00258835772182732 -42.4856202499941 -0.109120314245764 0.994023767268608 -0.00308336245513694 1.9612493859604 0.00223645560235934 0.00334738495912358 0.999991896607305 0.162548270491243
0.993841314518038 0.110810308264386 0.000719124057118229 -43.0629368396476 -0.11080914180553 0.993840575504109 -0.0014981902358008 2.02506043482572 -0.000880709588653009 0.00140927783372537 0.999998619142351 0.16204977221787
0.993644076073203 0.112486119827461 0.00428052926560564 -43.6428355658427 -0.112489296460753 0.993652806643022 0.000507968710152651 2.0903650270775 -0.0041962204894878 -0.000986253825241371 0.999990709475341 0.163579036699957
0.993485303630048 0.113805534536235 0.00593732094747336 -44.2280240673572 -0.113812368327124 0.993501919571461 0.000824999147894257 2.15663308743387 -0.00580485028940859 -0.00149536508749045 0.999982033636791 0.166622910248407
0.993330220397999 0.115147730897911 0.00600610631977802 -44.8158531091176 -0.115151169790039 0.993347953012982 0.000228781347660158 2.22432908928022 -0.00593980976527499 -0.000918865595100003 0.999981937009849 0.170208347524749
0.993190980552076 0.116387279499998 0.00506727940775805 -45.3480096049607 -0.116383618811929 0.993203820126439 -0.00101240233451922 2.28651512600482 -0.00515067201890747 0.000415760552328298 0.999986648771331 0.173239771575027
0.993044252704275 0.11765543184337 0.0045068313434431 -45.9417667817324 -0.117644864022273 0.993052475032548 -0.00254318715603903 2.35607417393476 -0.00477473980326272 0.0019952918282852 0.999986610245523 0.176227949923486
0.992907182925624 0.118808661542705 0.00445286841621815 -46.539278741926 -0.118794970519034 0.992913573744537 -0.00322336054984083 2.42718016030267 -0.00480427664515748 0.00267151947086628 0.999984890840673 0.17921036973712
0.992749190471748 0.12014544060702 0.00375738193890847 -47.1374761555344 -0.120139887209429 0.992755566458429 -0.00167115741599797 2.49907690100372 -0.00393094377923052 0.00120762872953963 0.999991544621181 0.18199050865951
0.992588010668702 0.121499816647727 0.00261450402910122 -47.7384251044132 -0.121497172073134 0.992591113606134 -0.00114820223260676 2.57224815990776 -0.00273463982650953 0.000822036923998889 0.999995922991846 0.184085422180942
0.992422898993608 0.122845796653193 0.00238742492347712 -48.2818508641794 -0.1228449323001 0.992425748678752 -0.000505932409609686 2.63909380091354 -0.00243149363700726 0.000208815855543547 0.999997022112882 0.185623218421824
0.992230021878012 0.124398908450443 0.00212020289085223 -48.8875084780157 -0.124400811443696 0.992231733926656 0.000790127237963227 2.71418456593528 -0.00200544162472703 -0.00104774292665795 0.999997440216049 0.187163844209863
0.992021785210459 0.126051467249391 0.00195071067279861 -49.5010509700514 -0.126054244517385 0.992022400668893 0.00137259253862572 2.79178190277889 -0.00176213138121077 -0.00160753706066567 0.999997155354751 0.188353108802403
0.99183869172989 0.127448734577028 0.00358184899953241 -50.1163359829225 -0.127455516812425 0.991842774175258 0.00173278688979535 2.87035928620026 -0.00333178955197702 -0.0021751714972008 0.999992083872337 0.189910221182799
0.991637846482666 0.128942582320602 0.00530960334811879 -50.7312430618331 -0.128952019724175 0.991649738899301 0.00147375371219514 2.94951396808028 -0.00507523716446584 -0.00214611403308118 0.999984817965894 0.192593329666124
0.991457528341008 0.130295735218498 0.00591530893612736 -51.2884633732028 -0.130310869607008 0.991470637061206 0.00224791185593536 3.02258430887014 -0.00557196179134056 -0.00299953818407499 0.999979977805795 0.195684050340788
0.991307461827443 0.131462078476201 0.00521900833020554 -51.9110379875638 -0.131477617664311 0.991315314616624 0.00275373561930029 3.10457016387954 -0.00481167107675732 -0.00341598144913801 0.999982589294528 0.199074316631595
0.991135463798865 0.132803714496497 0.00369673046650359 -52.5375302131288 -0.132817681217984 0.991133086026246 0.00383005743662304 3.18785881856456 -0.00315530602115448 -0.00428709692247255 0.999985832321584 0.201718925469322
0.990942592550647 0.13426543640845 0.00236026588555576 -53.1687860004604 -0.134273583919521 0.990937313280946 0.00372099569301899 3.27298797899857 -0.00183927442466414 -0.00400421447836658 0.999990291620875 0.203375686462095
0.990796248077867 0.135323444511332 0.00321872030637761 -53.8072946690954 -0.135333042375076 0.990795690226018 0.00297789708590654 3.35974844545126 -0.00278611491653677 -0.00338608847149473 0.999990385938052 0.204882759549946
0.990757476739545 0.135596735578141 0.00362595990620544 -54.3866935148835 -0.135609796488432 0.990755648105986 0.00363714757110721 3.4389325780794 -0.00309925491942078 -0.00409524683503528 0.999986811699187 0.206809498260554
0.990822817664643 0.135114913874505 0.00375553508608618 -55.0324519532733 -0.135128419427905 0.990821516922466 0.00360996764258792 3.52731245290488 -0.00323330450373343 -0.00408431783159602 0.999986431952872 0.209101642569294
0.990872453350564 0.134763483131625 0.00325342976974839 -55.681976001244 -0.134772259149738 0.990873063816414 0.00264755863941816 3.61535500595346 -0.0028669416998189 -0.00306186500448376 0.999991202775296 0.211178965379077
0.990923894578361 0.134395968103614 0.0027493474034915 -56.3369022817351 -0.134402462171396 0.990924085570703 0.00233126535018168 3.70421318802983 -0.00241108189807693 -0.00267962560049141 0.999993503124256 0.213105446076952
0.99098785010277 0.133925484849571 0.00265432788037925 -56.9995631580241 -0.133931005298766 0.9909885927457 0.00202357791034678 3.79394438583404 -0.00235939999808864 -0.00236083792430175 0.999994429822459 0.214695536182262
0.991020076459573 0.133637582098571 0.00449496439464084 -57.601156859193 -0.133642131322564 0.991029390871677 0.00072606065591683 3.8754534041509 -0.00435761283549716 -0.00132025730865982 0.999989634011781 0.216641638398869
0.991047192725198 0.133336069035274 0.00685233432668646 -58.271757460665 -0.133336856629345 0.991070716170589 -0.000343821642855636 3.96568632870913 -0.00683699171489708 -0.000572925245743491 0.99997646337349 0.220504801458446
0.991109648758257 0.132852895536203 0.00719529609746848 -58.9469110094942 -0.132851598201939 0.991135720844831 -0.000660091348110619 4.05618443945423 -0.00721921003117131 -0.000301683681910583 0.999973895656023 0.22546001621231
0.991156410579531 0.132546147364832 0.00636306418649298 -59.6275740014389 -0.132551874038201 0.991175950812984 0.000484993749483919 4.14733029529452 -0.00624263214214111 -0.00132414074643699 0.999979637890303 0.230173791394918
0.991201080510901 0.13220198147696 0.00656156136808783 -60.3139607510529 -0.132215213240277 0.991219703869686 0.00162359117989186 4.23878771532327 -0.00628930694510857 -0.00247684356728768 0.999977154671092 0.23449739926582
0.991230651402171 0.131993530880092 0.00628518310258846 -61.0058025633916 -0.132004709148728 0.991248105639239 0.00139636283921762 4.33097386406735 -0.00604586498249848 -0.00221379141411516 0.999979273107292 0.238857301192184
0.991237724873677 0.131912253172668 0.00685056568227912 -61.6322363680229 -0.13191165181298 0.991261329246589 -0.000541531399899713 4.41432806104422 -0.00686213547143159 -0.000366883082218506 0.999976387968024 0.242992768653494
0.991291993183499 0.131447428896175 0.00785860591140044 -62.3296904563904 -0.131439780503643 0.991323045888586 -0.00148418035633858 4.50697733741254 -0.00798550884038644 0.000438322667619558 0.999968019249515 0.248335319760372
0.991359053243021 0.131013050096248 0.00654280196697681 -63.1004986427724 -0.131008451422858 0.991380609209652 -0.00112842318502165 4.60898461658508 -0.00663424516322859 0.000261510186700474 0.999977958958864 0.254264313676686
0.991389497572591 0.130843915667993 0.00517047729254048 -63.7372657977976 -0.13084122843387 0.991402965541144 -0.000856071340750984 4.69284323789179 -0.00523803824740279 0.000172188535847984 0.99998626655891 0.258143700797518
0.991412871239148 0.130698881987343 0.00428030239672034 -64.4482889887877 -0.130695823588489 0.991422022107282 -0.000987814372071169 4.78652272792533 -0.00437269229142786 0.000419914235919227 0.999990351570533 0.261606978448981
0.99138171619795 0.130919260610208 0.00473708662406451 -65.1646615094505 -0.130911997858453 0.991392334231517 -0.00181340665371904 4.8811044767499 -0.00493372122397875 0.00117763672654393 0.999987135700567 0.26475357599702
0.991347778297378 0.131099605898922 0.00651734593225478 -65.8844212116674 -0.13108115826548 0.991366530020666 -0.00318325345572046 4.97592431446537 -0.00687840189532506 0.00230140998746915 0.999973695203747 0.268959615343192
0.991328061818845 0.1311713623248 0.00792133551548816 -66.5361703634262 -0.131152423066286 0.991358069387787 -0.00286708624944801 5.06226630415767 -0.00822895949285005 0.00180332070795546 0.99996451550047 0.27399916149443
0.991309454652469 0.131304269811336 0.00804697744102639 -67.2611651862971 -0.131291822566489 0.991341626575125 -0.00205833587016148 5.15812954027206 -0.00824757199385847 0.000983945474557609 0.999965504108771 0.280080326352618
0.991288787085172 0.131506280975029 0.00725525074169257 -67.9916162807494 -0.131497317534573 0.991315066974802 -0.00170102026883054 5.25472612399608 -0.007415934224337 0.000732156308523022 0.999972233547872 0.285834906651871
0.991268237805456 0.131669212207271 0.00710628417544428 -68.7283152192831 -0.131657286293341 0.9912930206876 -0.00212275809418802 5.35267474409193 -0.007323911792109 0.00116862858514471 0.999972496933436 0.291298515614471
0.991229846605154 0.131901642718767 0.00808380153233506 -69.469569997862 -0.131897043846176 0.991262808734215 -0.00110174633896458 5.45089960563928 -0.00815849396416121 2.58543294154663e-05 0.999966718600069 0.296985611443233
0.99121582490215 0.131910781594261 0.00952544816485621 -70.138473557774 -0.131919972684145 0.991260311401815 0.000340362442125171 5.54003748111427 -0.00939730123837115 -0.00159396950054888 0.999954573963571 0.3028759417939
0.991219145941983 0.131910500536178 0.00917739431107887 -70.8806763007306 -0.131935047049314 0.991256096382301 0.0021200813706428 5.6386122982949 -0.00881748706498226 -0.00331228519575837 0.999955639360387 0.30979102467245
0.991232769693892 0.13190423866595 0.00767255543681747 -71.6312465048395 -0.131931591400165 0.991253744632829 0.00317315962639304 5.73893870785832 -0.00718689610296339 -0.00415759225403573 0.999965530881467 0.315907876152778
0.991344454146773 0.131126837087842 0.00647501565833903 -72.3856389676221 -0.13115178134595 0.991355802812481 0.00358921715786405 5.83885548403487 -0.00594840165266394 -0.00440736036201105 0.999972595470705 0.320850791504199
0.991456890858261 0.13028754991125 0.00619579759135436 -73.1435846975073 -0.13031847997882 0.991460173256006 0.00488043268371291 5.93877865513787 -0.0055070269365156 -0.00564616553899877 0.999968896250792 0.325135564344237
0.991585699206228 0.129289265473933 0.00648744656296245 -73.8285499787889 -0.129324984317327 0.991587422226974 0.00542517396838149 6.02875015279278 -0.00573145365676283 -0.0062185138477676 0.99996423962285 0.328994196919666
0.991773892394417 0.127767282182919 0.00775035279314996 -74.5930714793503 -0.127809672583728 0.991784850533657 0.00524383885831472 6.12762012006715 -0.0070166914474053 -0.00619127252850077 0.999956216134291 0.333868485242419
0.991916819511476 0.126623771884271 0.00821240306105875 -75.3644254421815 -0.126667585656211 0.991932354435006 0.00505242209757365 6.22689948882908 -0.00750639156077904 -0.00605182772603475 0.999953513652965 0.339467740130203
0.992086613047288 0.125236917593006 0.0089368162207567 -76.1378520722501 -0.125280580486055 0.992111130203857 0.00450349627539898 6.3247621525079 -0.00830231084927654 -0.00558746789056524 0.999949924664797 0.345648467322462
0.992255599767024 0.123920369201102 0.00851861655705867 -76.9127645241097 -0.123964214976649 0.992274955195603 0.00482562915960905 6.42214223137125 -0.00785481611539757 -0.00584426117020398 0.999952072089042 0.352063731043017
0.992397885925662 0.122890568570689 0.00665914158504406 -77.6135338339955 -0.12292135797758 0.992406531804032 0.00442892601435716 6.50955527694896 -0.00606430236914371 -0.00521380754016781 0.999968019712485 0.357098044434679
0.992582349622814 0.121469129689451 0.00505269727376104 -78.3897364786826 -0.121490485378569 0.992583885839197 0.00415830913225215 6.60493472591043 -0.00451011970268449 -0.00474131889320904 0.999978589128497 0.361327843660547
0.992741503670282 0.120205344579039 0.00387066210130355 -79.1663705883548 -0.120223337131928 0.992735218560212 0.00480988971512909 6.69965265272185 -0.00326436813651604 -0.00524032106301427 0.999980941286296 0.36440848113125
0.992906250807405 0.118854756529307 0.00327474547745605 -79.9437557393685 -0.118870978722514 0.992895520842493 0.00530802302795825 6.79319754242897 -0.00262059633182539 -0.00565964144386172 0.99998055027765 0.366685840992432
0.993031177353647 0.117821826593638 0.00266420377762335 -80.7215165519156 -0.117836610546637 0.9930128910572 0.00631913040706831 6.88615644909441 -0.00190105720853909 -0.00658903425094295 0.999976485028088 0.368519605675829
0.993152910343108 0.116795230119813 0.00248412927884287 -81.423805099912 -0.116807339835134 0.993139524815379 0.00547079611421183 6.96936334483325 -0.00182812408047202 -0.00572350161559145 0.999981949582893 0.369838385326148
0.993306775895131 0.11547226065083 0.00279391857572908 -82.206026379019 -0.115484642075491 0.99329779851669 0.00477293479866705 7.06088597606868 -0.00222405159936549 -0.00506364316312778 0.999984706439253 0.371473877625249
0.993446554125331 0.114255483685807 0.0031029895628747 -82.9879895653576 -0.114269354153149 0.993438511841772 0.00473686510540715 7.15094064734876 -0.00254141651983008 -0.00506039892961691 0.999983966653839 0.373394662434293
0.993572195749184 0.113144040405176 0.00356622418484415 -83.6928847753443 -0.113161810821022 0.993562687889453 0.00525259988891384 7.23188353562728 -0.00294896691264664 -0.00562239759157073 0.999979845916642 0.375461143499706
0.993706469916465 0.111984283599143 0.00264043044691952 -84.4745902167633 -0.111998168332485 0.993691009785322 0.00588110210720502 7.32047157827765 -0.0019651809908186 -0.0061398125878333 0.999979220166629 0.377562689864135
0.993830368481765 0.110894888383748 0.00187680946178414 -85.2546614697203 -0.110904198795995 0.993813389778568 0.00593337899092196 7.40791597077623 -0.00120721697224742 -0.00610491827854185 0.999980636112517 0.378869480089634
0.993958250554313 0.109737684581586 0.00215330854297219 -86.0341560360976 -0.109748129553597 0.993943927640813 0.00555128502611949 7.49440767290071 -0.00153108278540552 -0.00575406713783306 0.999982273091317 0.379820604197448
0.994074589124306 0.108627113272565 0.00398265230865849 -86.8087804880925 -0.108648228321534 0.994064843742858 0.00553614641054693 7.57922927197069 -0.00335763904165675 -0.00593605058575285 0.999976744511346 0.381652300748101
0.994160776473102 0.107750365617189 0.00584886585248146 -87.5048470874317 -0.107783931960293 0.994157637827429 0.00576325954353468 7.65540617145598 -0.00519370133690986 -0.0063600203419052 0.999966287235562 0.384612971647584
0.99420123230322 0.107312305364163 0.00692667338534374 -88.2734297583811 -0.107352417886545 0.994204667141477 0.00570422720595924 7.73850801493973 -0.00627439723568093 -0.00641474485332927 0.999959740683491 0.389064707364014
0.994162430538601 0.107718832565574 0.00614123898665634 -89.0387814580463 -0.107748413634304 0.994167046772129 0.00470770343950144 7.82110234163702 -0.00559830910831796 -0.00534193065223105 0.999970060907843 0.393703980429564
0.994115172354969 0.108231697050984 0.00457425918747811 -89.8037615790963 -0.10824830021368 0.994117541777608 0.00355227123040082 7.90429825661704 -0.00416288295525771 -0.00402652250824283 0.999983228620356 0.397560944758879
0.99410442860137 0.108388372664538 0.00288889360758088 -90.5623381752521 -0.108396160388356 0.994104135231764 0.00269086011672183 7.98641358455643 -0.00258020313242138 -0.0029881409336122 0.999992206752411 0.400302945054136
0.994077440593373 0.108657494307397 0.00189500241873334 -91.2432097271085 -0.108662399496331 0.99407500978646 0.00271253640534045 8.06044812127948 -0.00158903713892582 -0.0029023867572081 0.999994525541057 0.40187321745907
0.994050050168687 0.108906638922246 0.00196004037990486 -91.9979191608727 -0.108910542479759 0.99404952494517 0.0020089034438064 8.14309028256685 -0.0017295942865335 -0.00221041963015747 0.999996061266574 0.403221553766343
0.993990010955805 0.109457247483813 0.00172310572703904 -92.7460610661656 -0.109460062175223 0.993989851817842 0.00163379060501068 8.2248915056698 -0.00153391938369663 -0.00181258280139023 0.999997180813482 0.404547614431067
0.9939364049543 0.109935375480319 0.0021531661625944 -93.4929300076328 -0.109936496283439 0.993938529066072 0.000408928959432146 8.30683356476948 -0.00209515904978397 -0.000643160923651377 0.999997598323407 0.405927812986192
