1 2.46655994240452e-17 4.33680868994202e-19 0 -2.46655994240452e-17 1 -1.06969985924828e-35 0 -4.33680868994202e-19 0 1 7.27595761418343e-12
1 2.46655994240452e-17 4.33680868994202e-19 0 -2.46655994240452e-17 1 -1.06969985924828e-35 0 -4.33680868994202e-19 0 1 7.27595761418343e-12
1 2.46655994240452e-17 4.33680868994202e-19 0 -2.46655994240452e-17 1 -1.06969985924828e-35 0 -4.33680868994202e-19 0 1 7.27595761418343e-12
1 2.46655994240452e-17 4.33680868994202e-19 0 -2.46655994240452e-17 1 -1.06969985924828e-35 0 -4.33680868994202e-19 0 1 7.27595761418343e-12
1 2.46655994240452e-17 4.33680868994202e-19 0 -2.46655994240452e-17 1 -1.06969985924828e-35 0 -4.33680868994202e-19 0 1 7.27595761418343e-12
1 2.46655994240452e-17 4.33680868994202e-19 0 -2.46655994240452e-17 1 -1.06969985924828e-35 0 -4.33680868994202e-19 0 1 7.27595761418343e-12
1 2.46655994240452e-17 4.33680868994202e-19 0 -2.46655994240452e-17 1 -1.06969985924828e-35 0 -4.33680868994202e-19 0 1 7.27595761418343e-12
1 2.46655994240452e-17 4.33680868994202e-19 0 -2.46655994240452e-17 1 -1.06969985924828e-35 0 -4.33680868994202e-19 0 1 7.27595761418343e-12
1 2.46655994240452e-17 4.33680868994202e-19 0 -2.46655994240452e-17 1 -1.06969985924828e-35 0 -4.33680868994202e-19 0 1 7.27595761418343e-12
1 2.46655994240452e-17 4.33680868994202e-19 0 -2.46655994240452e-17 1 -1.06969985924828e-35 0 -4.33680868994202e-19 0 1 7.27595761418343e-12
1 2.46655994240452e-17 4.33680868994202e-19 0 -2.46655994240452e-17 1 -1.06969985924828e-35 0 -4.33680868994202e-19 0 1 7.27595761418343e-12
1 2.46655994240452e-17 4.33680868994202e-19 0 -2.46655994240452e-17 1 -1.06969985924828e-35 0 -4.33680868994202e-19 0 1 7.27595761418343e-12
1 2.46655994240452e-17 4.33680868994202e-19 0 -2.46655994240452e-17 1 -1.06969985924828e-35 0 -4.33680868994202e-19 0 1 7.27595761418343e-12
1 2.46655994240452e-17 4.33680868994202e-19 0 -2.46655994240452e-17 1 -1.06969985924828e-35 0 -4.33680868994202e-19 0 1 7.27595761418343e-12
1 2.46655994240452e-17 4.33680868994202e-19 0 -2.46655994240452e-17 1 -1.06969985924828e-35 0 -4.33680868994202e-19 0 1 7.27595761418343e-12
1 2.46655994240452e-17 4.33680868994202e-19 0 -2.46655994240452e-17 1 -1.06969985924828e-35 0 -4.33680868994202e-19 0 1 7.27595761418343e-12
1 2.46655994240452e-17 4.33680868994202e-19 0 -2.46655994240452e-17 1 -1.06969985924828e-35 0 -4.33680868994202e-19 0 1 7.27595761418343e-12
1 2.46655994240452e-17 4.33680868994202e-19 0 -2.46655994240452e-17 1 -1.06969985924828e-35 0 -4.33680868994202e-19 0 1 7.27595761418343e-12
1 2.46655994240452e-17 4.33680868994202e-19 0 -2.46655994240452e-17 1 -1.06969985924828e-35 0 -4.33680868994202e-19 0 1 7.27595761418343e-12
1 2.46655994240452e-17 4.33680868994202e-19 0 -2.46655994240452e-17 1 -1.06969985924828e-35 0 -4.33680868994202e-19 0 1 7.27595761418343e-12
1 2.46655994240452e-17 4.33680868994202e-19 0 -2.46655994240452e-17 1 -1.06969985924828e-35 0 -4.33680868994202e-19 0 1 7.27595761418343e-12
1 2.46655994240452e-17 4.33680868994202e-19 0 -2.46655994240452e-17 1 -1.06969985924828e-35 0 -4.33680868994202e-19 0 1 7.27595761418343e-12
1 2.46655994240452e-17 4.33680868994202e-19 0 -2.46655994240452e-17 1 -1.06969985924828e-35 0 -4.33680868994202e-19 0 1 7.27595761418343e-12
1 2.46655994240452e-17 4.33680868994202e-19 0 -2.46655994240452e-17 1 -1.06969985924828e-35 0 -4.33680868994202e-19 0 1 7.27595761418343e-12
1 2.46655994240452e-17 4.33680868994202e-19 0 -2.46655994240452e-17 1 -1.06969985924828e-35 0 -4.33680868994202e-19 0 1 7.27595761418343e-12
1 2.46655994240452e-17 4.33680868994202e-19 0 -2.46655994240452e-17 1 -1.06969985924828e-35 0 -4.33680868994202e-19 0 1 7.27595761418343e-12
1 2.46655994240452e-17 4.33680868994202e-19 0 -2.46655994240452e-17 1 -1.06969985924828e-35 0 -4.33680868994202e-19 0 1 7.27595761418343e-12
1 2.46655994240452e-17 4.33680868994202e-19 0 -2.46655994240452e-17 1 -1.06969985924828e-35 0 -4.33680868994202e-19 0 1 7.27595761418343e-12
1 2.46655994240452e-17 4.33680868994202e-19 0 -2.46655994240452e-17 1 -1.06969985924828e-35 0 -4.33680868994202e-19 0 1 7.27595761418343e-12
1 2.46655994240452e-17 4.33680868994202e-19 0 -2.46655994240452e-17 1 -1.06969985924828e-35 0 -4.33680868994202e-19 0 1 7.27595761418343e-12
1 2.46655994240452e-17 4.33680868994202e-19 0 -2.46655994240452e-17 1 -1.06969985924828e-35 0 -4.33680868994202e-19 0 1 7.27595761418343e-12
1 2.46655994240452e-17 4.33680868994202e-19 0 -2.46655994240452e-17 1 -1.06969985924828e-35 0 -4.33680868994202e-19 0 1 7.27595761418343e-12
1 2.46655994240452e-17 4.33680868994202e-19 0 -2.46655994240452e-17 1 -1.06969985924828e-35 0 -4.33680868994202e-19 0 1 7.27595761418343e-12
1 2.46655994240452e-17 4.33680868994202e-19 0 -2.46655994240452e-17 1 -1.06969985924828e-35 0 -4.33680868994202e-19 0 1 7.27595761418343e-12
1 2.46655994240452e-17 4.33680868994202e-19 0 -2.46655994240452e-17 1 -1.06969985924828e-35 0 -4.33680868994202e-19 0 1 7.27595761418343e-12
1 2.46655994240452e-17 4.33680868994202e-19 0 -2.46655994240452e-17 1 -1.06969985924828e-35 0 -4.33680868994202e-19 0 1 7.27595761418343e-12
1 2.46655994240452e-17 4.33680868994202e-19 0 -2.46655994240452e-17 1 -1.06969985924828e-35 0 -4.33680868994202e-19 0 1 7.27595761418343e-12
1 2.46655994240452e-17 4.33680868994202e-19 0 -2.46655994240452e-17 1 -1.06969985924828e-35 0 -4.33680868994202e-19 0 1 7.27595761418343e-12
1 2.46655994240452e-17 4.33680868994202e-19 0 -2.46655994240452e-17 1 -1.06969985924828e-35 0 -4.33680868994202e-19 0 1 7.27595761418343e-12
1 2.46655994240452e-17 4.33680868994202e-19 0 -2.46655994240452e-17 1 -1.06969985924828e-35 0 -4.33680868994202e-19 0 1 7.27595761418343e-12
1 2.46655994240452e-17 4.33680868994202e-19 0 -2.46655994240452e-17 1 -1.06969985924828e-35 0 -4.33680868994202e-19 0 1 7.27595761418343e-12
1 2.46655994240452e-17 4.33680868994202e-19 0 -2.46655994240452e-17 1 -1.06969985924828e-35 0 -4.33680868994202e-19 0 1 7.27595761418343e-12
1 2.46655994240452e-17 4.33680868994202e-19 0 -2.46655994240452e-17 1 -1.06969985924828e-35 0 -4.33680868994202e-19 0 1 7.27595761418343e-12
1 2.46655994240452e-17 4.33680868994202e-19 0 -2.46655994240452e-17 1 -1.06969985924828e-35 0 -4.33680868994202e-19 0 1 7.27595761418343e-12
1 2.46655994240452e-17 4.33680868994202e-19 0 -2.46655994240452e-17 1 -1.06969985924828e-35 0 -4.33680868994202e-19 0 1 7.27595761418343e-12
1 2.46655994240452e-17 4.33680868994202e-19 0 -2.46655994240452e-17 1 -1.06969985924828e-35 0 -4.33680868994202e-19 0 1 7.27595761418343e-12
1 2.46655994240452e-17 4.33680868994202e-19 0 -2.46655994240452e-17 1 -1.06969985924828e-35 0 -4.33680868994202e-19 0 1 7.27595761418343e-12
1 2.46655994240452e-17 4.33680868994202e-19 0 -2.46655994240452e-17 1 -1.06969985924828e-35 0 -4.33680868994202e-19 0 1 7.27595761418343e-12
1 2.46655994240452e-17 4.33680868994202e-19 0 -2.46655994240452e-17 1 -1.06969985924828e-35 0 -4.33680868994202e-19 0 1 7.27595761418343e-12
1 2.46655994240452e-17 4.33680868994202e-19 0 -2.46655994240452e-17 1 -1.06969985924828e-35 0 -4.33680868994202e-19 0 1 7.27595761418343e-12
1 2.46655994240452e-17 4.33680868994202e-19 0 -2.46655994240452e-17 1 -1.06969985924828e-35 0 -4.33680868994202e-19 0 1 7.27595761418343e-12
1 2.46655994240452e-17 4.33680868994202e-19 0 -2.46655994240452e-17 1 -1.06969985924828e-35 0 -4.33680868994202e-19 0 1 7.27595761418343e-12
1 2.46655994240452e-17 4.33680868994202e-19 0 -2.46655994240452e-17 1 -1.06969985924828e-35 0 -4.33680868994202e-19 0 1 7.27595761418343e-12
1 2.46655994240452e-17 4.33680868994202e-19 0 -2.46655994240452e-17 1 -1.06969985924828e-35 0 -4.33680868994202e-19 0 1 7.27595761418343e-12
1 2.46655994240452e-17 4.33680868994202e-19 0 -2.46655994240452e-17 1 -1.06969985924828e-35 0 -4.33680868994202e-19 0 1 7.27595761418343e-12
1 2.46655994240452e-17 4.33680868994202e-19 0 -2.46655994240452e-17 1 -1.06969985924828e-35 0 -4.33680868994202e-19 0 1 7.27595761418343e-12
1 2.46655994240452e-17 4.33680868994202e-19 0 -2.46655994240452e-17 1 -1.06969985924828e-35 0 -4.33680868994202e-19 0 1 7.27595761418343e-12
1 2.46655994240452e-17 4.33680868994202e-19 0 -2.46655994240452e-17 1 -1.06969985924828e-35 0 -4.33680868994202e-19 0 1 7.27595761418343e-12
1 2.46655994240452e-17 4.33680868994202e-19 0 -2.46655994240452e-17 1 -1.06969985924828e-35 0 -4.33680868994202e-19 0 1 7.27595761418343e-12
1 2.46655994240452e-17 4.33680868994202e-19 0 -2.46655994240452e-17 1 -1.06969985924828e-35 0 -4.33680868994202e-19 0 1 7.27595761418343e-12
1 2.46655994240452e-17 4.33680868994202e-19 0 -2.46655994240452e-17 1 -1.06969985924828e-35 0 -4.33680868994202e-19 0 1 7.27595761418343e-12
1 2.46655994240452e-17 4.33680868994202e-19 0 -2.46655994240452e-17 1 -1.06969985924828e-35 0 -4.33680868994202e-19 0 1 7.27595761418343e-12
1 2.46655994240452e-17 4.33680868994202e-19 0 -2.46655994240452e-17 1 -1.06969985924828e-35 0 -4.33680868994202e-19 0 1 7.27595761418343e-12
1 2.46655994240452e-17 4.33680868994202e-19 0 -2.46655994240452e-17 1 -1.06969985924828e-35 0 -4.33680868994202e-19 0 1 7.27595761418343e-12
1 2.46655994240452e-17 4.33680868994202e-19 0 -2.46655994240452e-17 1 -1.06969985924828e-35 0 -4.33680868994202e-19 0 1 7.27595761418343e-12
1 2.46655994240452e-17 4.33680868994202e-19 0 -2.46655994240452e-17 1 -1.06969985924828e-35 0 -4.33680868994202e-19 0 1 7.27595761418343e-12
1 2.46655994240452e-17 4.33680868994202e-19 0 -2.46655994240452e-17 1 -1.06969985924828e-35 0 -4.33680868994202e-19 0 1 7.27595761418343e-12
1 2.46655994240452e-17 4.33680868994202e-19 0 -2.46655994240452e-17 1 -1.06969985924828e-35 0 -4.33680868994202e-19 0 1 7.27595761418343e-12
1 2.46655994240452e-17 4.33680868994202e-19 0 -2.46655994240452e-17 1 -1.06969985924828e-35 0 -4.33680868994202e-19 0 1 7.27595761418343e-12
1 2.46655994240452e-17 4.33680868994202e-19 0 -2.46655994240452e-17 1 -1.06969985924828e-35 0 -4.33680868994202e-19 0 1 7.27595761418343e-12
1 2.46655994240452e-17 4.33680868994202e-19 0 -2.46655994240452e-17 1 -1.06969985924828e-35 0 -4.33680868994202e-19 0 1 7.27595761418343e-12
1 2.46655994240452e-17 4.33680868994202e-19 0 -2.46655994240452e-17 1 -1.06969985924828e-35 0 -4.33680868994202e-19 0 1 7.27595761418343e-12
1 2.46655994240452e-17 4.33680868994202e-19 0 -2.46655994240452e-17 1 -1.06969985924828e-35 0 -4.33680868994202e-19 0 1 7.27595761418343e-12
1 2.46655994240452e-17 4.33680868994202e-19 0 -2.46655994240452e-17 1 -1.06969985924828e-35 0 -4.33680868994202e-19 0 1 7.27595761418343e-12
1 2.46655994240452e-17 4.33680868994202e-19 0 -2.46655994240452e-17 1 -1.06969985924828e-35 0 -4.33680868994202e-19 0 1 7.27595761418343e-12
1 2.46655994240452e-17 4.33680868994202e-19 0 -2.46655994240452e-17 1 -1.06969985924828e-35 0 -4.33680868994202e-19 0 1 7.27595761418343e-12
1 2.46655994240452e-17 4.33680868994202e-19 0 -2.46655994240452e-17 1 -1.06969985924828e-35 0 -4.33680868994202e-19 0 1 7.27595761418343e-12
1 2.46655994240452e-17 4.33680868994202e-19 0 -2.46655994240452e-17 1 -1.06969985924828e-35 0 -4.33680868994202e-19 0 1 7.27595761418343e-12
1 2.46655994240452e-17 4.33680868994202e-19 0 -2.46655994240452e-17 1 -1.06969985924828e-35 0 -4.33680868994202e-19 0 1 7.27595761418343e-12
1 2.46655994240452e-17 4.33680868994202e-19 0 -2.46655994240452e-17 1 -1.06969985924828e-35 0 -4.33680868994202e-19 0 1 7.27595761418343e-12
1 2.46655994240452e-17 4.33680868994202e-19 0 -2.46655994240452e-17 1 -1.06969985924828e-35 0 -4.33680868994202e-19 0 1 7.27595761418343e-12
1 2.46655994240452e-17 4.33680868994202e-19 0 -2.46655994240452e-17 1 -1.06969985924828e-35 0 -4.33680868994202e-19 0 1 7.27595761418343e-12
1 2.46655994240452e-17 4.33680868994202e-19 0 -2.46655994240452e-17 1 -1.06969985924828e-35 0 -4.33680868994202e-19 0 1 7.27595761418343e-12
1 2.46655994240452e-17 4.33680868994202e-19 0 -2.46655994240452e-17 1 -1.06969985924828e-35 0 -4.33680868994202e-19 0 1 7.27595761418343e-12
1 2.46655994240452e-17 4.33680868994202e-19 0 -2.46655994240452e-17 1 -1.06969985924828e-35 0 -4.33680868994202e-19 0 1 7.27595761418343e-12
0.999999998263093 4.99145614348312e-05 -3.13424618303483e-05 -0.0349318133667111 -4.9914545355985e-05 0.999999998754137 5.13787223649698e-07 -6.51734881103039e-05 3.13424874367639e-05 -5.12222778024698e-07 0.999999999508693 8.86106827238109e-05
0.999997386477934 0.00227500079589265 -0.000226734824712071 -0.386715394444764 -0.00227500799727454 0.999997411669567 -3.15084023197119e-05 -0.00113015668466687 0.000226662556207069 3.20241435112878e-05 0.99999997379927 0.000939093177294126
0.999989780153084 0.00443105044531779 -0.000897430408679432 -0.749126486014575 -0.00443168091270808 0.999989933818491 -0.000701759202442999 -0.000973055139183998 0.000894311844555556 0.000705729155784007 0.999999351076131 0.0015537674225925
0.999975668241256 0.00666884395470974 -0.0020468135627303 -1.11917827883735 -0.00667216115008105 0.999976431672416 -0.0016181363633434 -0.000346729531884193 0.00203597422385317 0.0016317536611745 0.999996596088681 0.0017565651833138
0.999960928032719 0.00866792553769761 -0.00173478379508419 -1.45947416452691 -0.00867288967278807 0.999958257495151 -0.00287476120473878 0.00122269475832582 0.00170979316480188 0.00288969447062395 0.999994363120713 0.00173445605832967
0.999937906975727 0.0109523712521414 -0.00205615100536373 -1.84630979876965 -0.0109601147641062 0.999932741095388 -0.00379330592239924 0.0042286622337997 0.00201446701616433 0.00381560603555365 0.999990691493287 0.0016732490985305
0.999910309544934 0.0130504581588098 -0.00300971885711446 -2.23971434915438 -0.0130620361622884 0.999907238100894 -0.00385984517017537 0.00759834563359618 0.00295906692198464 0.00389881203545553 0.99998802152209 0.00128008778119693
0.999881200129268 0.0150796848331989 -0.00319197954024131 -2.64239868242294 -0.0150891958494777 0.99988172027272 -0.00297684952305413 0.0126200723461807 0.0031467120411683 0.00302466027814583 0.999990474771401 0.00060459262385848
0.999844659093494 0.0172359825795542 -0.00368491339548588 -3.05254044709727 -0.0172427232556957 0.999849703244934 -0.00180538520676347 0.0184631329029799 0.00365324197698668 0.00186864269848843 0.999991580963321 -0.000310417926812079
0.999805378575036 0.01930992968219 -0.00404123596169214 -3.47116562258452 -0.0193172497383858 0.999811819648796 -0.00178021153500261 0.0253209858201444 0.00400609972092925 0.00185793063202068 0.999990249581861 -0.00149772645454505
0.999766907909147 0.0212557677675387 -0.00378446646104468 -3.85467557236552 -0.0212646606603413 0.999771177383376 -0.00232531298071704 0.0325971120037138 0.00373417417682157 0.00240524636372703 0.999990135317918 -0.00265348498214735
0.999710236111058 0.0235227772830497 -0.00511104330484108 -4.28999255364761 -0.0235391941224464 0.999717869983421 -0.00317596849447414 0.0420134803280234 0.00503489372655525 0.0032953580540129 0.999981895066335 -0.00416726040202775
0.999655505666709 0.0253212288362498 -0.00690690672143829 -4.73258169228211 -0.025342394808555 0.999674345448075 -0.0029943410511623 0.0526174320839345 0.00682883706085447 0.00316834707467878 0.999971663879137 -0.00649365334902541
0.999625491116676 0.0264611132150736 -0.00697760683643168 -5.1837451281026 -0.0264777088610036 0.999646765327589 -0.00229684643822679 0.0640654070302844 0.00691436499012704 0.00248073729119363 0.999973018385634 -0.00945719369337894
0.99959559154345 0.0275958745440655 -0.00686447922628807 -5.64134036051109 -0.0276073359646762 0.99961759533329 -0.00158053820744695 0.0761388288810849 0.00681823788331259 0.00176940900865264 0.999975190104198 -0.012499440319516
0.999564203739822 0.0287896221034928 -0.00652382258441714 -6.06069709639996 -0.0287976518607633 0.99958461127451 -0.00114024141894461 0.0881347428075969 0.00648828554251031 0.00132761527758597 0.999978069553725 -0.0151878220858634
0.999522660540722 0.0301800696283275 -0.00660412468286509 -6.53186093922704 -0.0301883326352263 0.999543561014479 -0.00115507887155402 0.102270359639078 0.00656624994212487 0.00135389501952089 0.999977525412433 -0.0182057059791987
0.999484635148415 0.0310186500404965 -0.00826483223698825 -7.01290085352957 -0.0310239897537656 0.999518505625752 -0.000518624548260968 0.116909034084529 0.00824476573339712 0.00077476533803454 0.999965711200475 -0.0218219820671948
0.999476504022879 0.0313083496879671 -0.00815506873175139 -7.50340356398374 -0.0313073244669244 0.999509773456733 0.000253375597515061 0.132849462330341 0.00815900367240632 2.07042642594892e-06 0.99996671477344 -0.0259889754815958
0.999459006107274 0.0315185472655493 -0.0093955462496321 -8.00163888372481 -0.0315048325559006 0.999502312204486 0.00160418936227585 0.149081145878881 0.00944143191916926 -0.00130731639426221 0.999954574111825 -0.0305530744481075
0.999476235661101 0.0310301939713875 -0.00918593548931838 -8.4560304293409 -0.0310193339449847 0.999517909882126 0.00132240178307142 0.163012700155377 0.00922254142443237 -0.00103676755563549 0.999956933994015 -0.0347915298916632
0.999491041744618 0.0305404837724164 -0.0092160904512371 -8.9693503328599 -0.0305292156812346 0.999532948397782 0.00136090305547775 0.178373539820313 0.00925334869910731 -0.00107885039950931 0.999956604868265 -0.0392698973191727
0.999510909227215 0.0301413321786851 -0.00833321248254029 -9.49142997525632 -0.0301321848385682 0.999545176736563 0.0012211058629279 0.194210967980325 0.00836622810108391 -0.000969410732494778 0.999964532606128 -0.0437497714956407
0.999527538841753 0.0298377291099337 -0.00737624691219133 -10.0203101700172 -0.0298307220568375 0.99955440486559 0.00105817548819208 0.20995398145169 0.00740453364602449 -0.000837636769915115 0.999972235237622 -0.0478283854463371
0.999548349539436 0.0294991825428452 -0.00573543043666445 -10.5571551732719 -0.0294931737744723 0.999564343626401 0.00112944740108601 0.225526148919016 0.00576624953489656 -0.000959781239107189 0.999982914447179 -0.0513615887794003
0.999558425365898 0.0292019897201751 -0.0054952776479663 -11.1005715974607 -0.0291925175249471 0.999572193958872 0.00179610267025464 0.241444346029311 0.00554537650670399 -0.00163488856783251 0.999983287829736 -0.0542942075626343
0.999566177678641 0.0287981418469124 -0.00617442038394755 -11.5973106715828 -0.0287836903513996 0.999582742106251 0.00241678569639628 0.256191122345626 0.00624144299560144 -0.00223801463638433 0.999978017598297 -0.0571133876110252
0.999570295295619 0.0283102671451146 -0.00759957477759593 -12.1543694310822 -0.0282873700588679 0.999595013768407 0.00310373073749684 0.27186486357823 0.00768436450077008 -0.00288742506577391 0.999966306091715 -0.0609948528108362
0.99957303836616 0.0280962582023613 -0.00802129954986587 -12.7190681667998 -0.028074316838993 0.999601818401639 0.00283502771769694 0.288012949749827 0.00809775928675744 -0.00260862476460721 0.999963810030829 -0.0655581949686166
0.999576649988387 0.0276380997882772 -0.00909154761786713 -13.2927091945894 -0.0276181952831761 0.999615881184725 0.00230767688072677 0.304290589410812 0.00915183518727577 -0.00205560778815597 0.999956008227025 -0.0705629758631403
0.999589500571796 0.0271285299029002 -0.00921266584295683 -13.8764101616107 -0.0271060693595338 0.999629299816257 0.0025542029550243 0.320714959874749 0.00927854247727954 -0.00230343529684635 0.999954300373437 -0.0761161608570546
0.999606373618672 0.026895935341946 -0.00798163410645192 -14.409469333943 -0.0268769383746575 0.999635678736646 0.00247789836962029 0.334915725048631 0.00804537162176385 -0.00226240111544358 0.999965076158493 -0.0808017955860123
0.999626651970798 0.0266250578980629 -0.00613701568981568 -15.0080742491409 -0.0266093770619473 0.999642467115787 0.00262278307094043 0.350802753120661 0.00620465325601348 -0.00245850169552448 0.999977728775689 -0.0851158079349261
0.999646862382435 0.0262780879410513 -0.00395128119926608 -15.6157632609829 -0.0262692575581549 0.999652325353208 0.00227035751950126 0.366524511482567 0.00400956809352583 -0.00216575854734758 0.999989616372899 -0.088379787208396
0.999621876203499 0.0262374155071963 0.00822816157471685 -16.2333856313489 -0.026262456589146 0.999650728898066 0.00295018431084593 0.38258030731231 -0.00814788250407028 -0.00316516051211842 0.999961796155049 -0.0880151423916686
0.999301671602353 0.0261789872710856 0.0266613907777447 -16.8608667012304 -0.0263326104047959 0.999638503975896 0.00542724590402137 0.399026309605688 -0.026509672989543 -0.00612551992028595 0.999629789093789 -0.0776149825651373
0.998939306364298 0.0267388630747844 0.0374872698643591 -17.4935043402947 -0.0271552063523696 0.999574587787281 0.0106413447386469 0.416251271031797 -0.0371867848620391 -0.0116480320807609 0.999240444728029 -0.057449187446764
0.998793302587618 0.0272074144006276 0.0408863706845184 -18.0606029201299 -0.0278805504727152 0.999483452542537 0.0159844611729428 0.431742772925645 -0.0404303550745934 -0.0171051072865229 0.999035936137064 -0.0351667012364487
0.99914433493 0.0277663405416716 0.0306533572421145 -18.6771370642819 -0.0282973701015224 0.999454505635226 0.0170279185687612 0.449595205951482 -0.0301638330227814 -0.0178807577683613 0.999385021740371 -0.012422357860487
0.999614915298672 0.0277230480326791 0.00120570320029535 -19.3149710050784 -0.0277367091127822 0.999525769327546 0.0133757772772506 0.467789573594928 -0.000834314102924261 -0.0134040687089957 0.999909813364196 -0.00190009286961867
0.999343781636558 0.0268725825991749 -0.0242872478637371 -19.9677494750358 -0.0266007911532748 0.999580612384452 0.0114454032320474 0.485631070099771 0.0245846296365013 -0.0107918325401584 0.999639501188334 -0.00923277844412951
0.998722437456328 0.025201112211749 -0.0437995075837777 -20.6311446139589 -0.0247148968540102 0.999627152724196 0.0116072998588464 0.502749634440988 0.0440756939229118 -0.0105099704951241 0.998972909405158 -0.0321565446065506
0.99848352295349 0.023934668099939 -0.0495760633101655 -21.2385184844024 -0.0232566452019725 0.999628554748033 0.01420848289958 0.51726210815832 0.0498977238392429 -0.013033963146482 0.998669281073749 -0.0614608667747234
0.998764688371614 0.0228045682270145 -0.0441480342702978 -21.9198497515172 -0.0221327163919296 0.999632579183409 0.0156476675654933 0.532489742618054 0.0444886516660862 -0.0146512218980268 0.998902448475239 -0.094497844685975
0.999261546584055 0.0215327158562249 -0.0318230052996015 -22.6282538864762 -0.0211245615008801 0.999690934147308 0.0131068335259919 0.547546532005072 0.0320953956174234 -0.0124249077074081 0.999407578142483 -0.122781104855676
0.999732695770154 0.0200867024960289 -0.0114482047053587 -23.35005766619 -0.020010683579068 0.999777205309019 0.00671656811065218 0.562659532763064 0.0115805678115621 -0.00648568634167883 0.999911909280932 -0.139760410365852
0.999811784355548 0.0186379954091857 0.00538711341103043 -24.075667438563 -0.01865324927513 0.999822105454746 0.00279530597923562 0.576744485646486 -0.00533405617293169 -0.00289526702824864 0.999981582467187 -0.142299563696724
0.999778416005902 0.0169107165497535 0.0125358108833901 -24.7382210805081 -0.0169373531808716 0.999854508766436 0.0020217236840767 0.588559246156365 -0.0124997982366376 -0.00223359915880841 0.999919379789611 -0.136247424641624
0.999828010661918 0.0156031481133266 0.0100245131944105 -25.4827584032901 -0.0156446968186664 0.999869291029435 0.00407974481390992 0.60071972059086 -0.00995954603801439 -0.00423587361098111 0.999941430693552 -0.127595860543806
0.999885414110568 0.0151127913983012 0.000873032123460505 -26.2353388294578 -0.0151176160673021 0.999868825554588 0.00581286233536312 0.612627500202507 -0.000785069028054499 -0.00582539442781917 0.999982724073962 -0.12345184512742
0.999867834063137 0.0150939565737526 -0.00604043713994482 -26.9984211856499 -0.0150673256415801 0.999876666624214 0.00443026392687432 0.62391603924334 0.00610656236376363 -0.00433866516348683 0.999971942546738 -0.126313520901022
0.999841141453949 0.0157860569216292 -0.00827600525202337 -27.7710765935481 -0.015768600144595 0.999873312382961 0.00217035338253394 0.634177232161164 0.00830921810667612 -0.00203950758573745 0.999963397981778 -0.134199559124681
0.999851790300691 0.0162557242698651 -0.00566999655777692 -28.5511905951425 -0.0162441268723586 0.9998658805411 0.00208549081152458 0.645251547452062 0.00570313726450611 -0.00199307757810812 0.999981750767038 -0.141892202158488
0.999864567882571 0.016353400444262 -0.00184721057539876 -29.2586477752775 -0.0163473906015103 0.999861177856425 0.00322301661231547 0.655278193764389 0.00189966142296676 -0.00319238303955187 0.999993099964698 -0.146259382439894
0.999856465475878 0.016932631810526 0.000578295817478756 -30.0541059863754 -0.0169354826017855 0.999842305574203 0.0053435393801695 0.667082972824574 -0.000487724438562421 -0.00535256611654304 0.999985555976105 -0.148494439043134
0.999850954452811 0.0172215857723093 0.00121895992114419 -30.8614516300149 -0.0172283143782099 0.999835086111758 0.00574332339146703 0.679828888736665 -0.00111984976131973 -0.00576346799942538 0.999982764038027 -0.14940668935742
0.999857548082785 0.0168662977807175 0.0006415146556612 -31.6778327240609 -0.0168697244082239 0.99984101623909 0.00577534798731484 0.692517543677241 -0.000544003926307244 -0.0057853474533663 0.999983116764764 -0.150279283050622
0.999872047439179 0.0157880363774863 0.00257422942405545 -32.5032507129945 -0.0157987575632987 0.999866374595139 0.00419907292496504 0.705138742923737 -0.00250759032551539 -0.00423920526941418 0.999987870491159 -0.150574748720828
0.999889562590558 0.0140583509302446 0.0048192729310729 -33.337097057607 -0.0140725805810886 0.999896678848592 0.0029315701159661 0.716670915018767 -0.00477756195677784 -0.00299906596762168 0.999984090125973 -0.148757093193126
0.999907257735192 0.0126266207805714 0.00510336909817137 -34.0911894449964 -0.0126389315562748 0.999917275744326 0.0023872740022268 0.725673966575414 -0.00507280372223586 -0.00245155373376732 0.999984128147385 -0.146044325130788
0.99993309044363 0.0110672235401581 0.00336618463011001 -34.9339670767076 -0.0110717723789585 0.999937813929239 0.00133571359343225 0.735156310256571 -0.00335119265939026 -0.0013728938514384 0.999993442313615 -0.142982998870139
0.999954484746092 0.0095407595387436 -4.84107501178804e-05 -35.790522955358 -0.00954072282686749 0.999954234872339 0.000709061926917998 0.744141005445272 5.51735239365239e-05 -0.000708567780235642 0.99999974744376 -0.141573894525209
0.999966555206275 0.00800868529291801 -0.00165814015546356 -36.6535353884101 -0.00800929415259012 0.999967859969856 -0.000360880149991447 0.75155474152416 0.00165519668723924 0.0003741486126806 0.999998560167335 -0.142344940446492
0.999976324624042 0.00650981070092586 -0.00222992287570919 -37.5238043456338 -0.00651061592229349 0.999978743045727 -0.000354029659473994 0.758009369019419 0.0022275708082749 0.000368539449068785 0.999997451050236 -0.143967078191054
0.999981805905714 0.00525844202602019 -0.00295578162360256 -38.3138103359379 -0.00525903190757124 0.999986152796103 -0.000191831812964748 0.762938595376909 0.00295473195782452 0.000207372872628995 0.999995613268153 -0.146087427787279
0.999985924770994 0.00392927834603677 -0.00356525336818408 -39.199941127561 -0.00392942359868682 0.999992279216181 -3.3737355887967e-05 0.767037574667484 0.00356509327817163 4.7746271747197e-05 0.999993643894906 -0.148971175862243
0.999993059178664 0.00259389464261709 -0.00267456633485102 -40.096822058782 -0.00259362317353256 0.999996631045058 0.000104963650276878 0.769942158367485 0.00267482958900767 -9.80261045177148e-05 0.99999641783236 -0.151957502523146
0.999997924760186 0.00134040859770299 -0.00153420341329307 -40.908927179873 -0.00134040021299033 0.999999101642149 6.49340099128375e-06 0.771315499674529 0.0015342107388399 -4.43694093397097e-06 0.999998823088169 -0.15364448278342
0.999998051173651 -0.000199671880164057 -0.00196412322421126 -41.8159500611946 0.000200522528226019 0.999999886191709 0.000432905630466711 0.772001638077199 0.00196403656159659 -0.000433298637763478 0.999997977404292 -0.155066878796788
0.999992838001047 -0.00174844589476535 -0.00335661787583295 -42.7258495017886 0.00175006206375401 0.999998354105992 0.000478610572319948 0.771491048391908 0.00335577552650534 -0.000484481434118544 0.999994252007658 -0.157375136732298
0.999979425890866 -0.00332726541727376 -0.00548425927704608 -43.6378736672923 0.00332607525696318 0.999994443031079 -0.000226120205619025 0.769067485351115 0.00548498116312802 0.000207874494313084 0.999984935771452 -0.161078533637919
0.999962951885316 -0.00494289888371911 -0.00704717017180437 -44.4570632502437 0.00493755792853576 0.999987509805709 -0.000775083401587255 0.765476030763239 0.00705091331016022 0.00074025887525297 0.999974868003336 -0.164809105095628
0.99994372558997 -0.00695050715973614 -0.00801474288248073 -45.3616547132842 0.00694148863040506 0.999975243419488 -0.00115251192132107 0.760034943930805 0.0080225550072141 0.00109681281779829 0.999967217269046 -0.170385838508082
0.999924536312556 -0.00869087664976734 -0.00868276126457358 -46.2649267311208 0.00868818629238912 0.999962196608964 -0.000347522551025672 0.752802537754178 0.00868545330237821 0.000272058878293547 0.999962243729681 -0.176799282075081
0.999905456605344 -0.0107826823540312 -0.00853297205610708 -47.1642776485533 0.0107791108041935 0.999941795839395 -0.000464439185186725 0.744447383563966 0.00853748330183772 0.00037241742424768 0.999963485675418 -0.183422505451745
0.999872787988658 -0.0124080302052103 -0.0100224062087983 -47.9686506250873 0.012417861073906 0.999922472844913 0.000919252991949392 0.734711801167578 0.0100102230812675 -0.00104359289985446 0.999949351891246 -0.189832863849006
0.999827028171694 -0.0146250047887005 -0.0114901249901449 -48.8618689570576 0.0146288985433336 0.999892959447792 0.000254900264105349 0.723009852226824 0.0114851671632378 -0.000422944046271681 0.999933953845736 -0.198907275404054
0.99982888965732 -0.0166607864389494 -0.00803800981879575 -49.751719805412 0.0166477963987589 0.999860003946981 -0.00168029229871641 0.709101973567158 0.00806487952029091 0.00154618963241084 0.999966282939552 -0.207292779803538
0.999818536179259 -0.0189574042245127 -0.00187390966468382 -50.6425005514175 0.0189530799138707 0.999817730895735 -0.00229907552751665 0.693337927572429 0.00191715261296558 0.00226314196886113 0.99999560134747 -0.211498764616408
0.999769634845698 -0.0212869371078975 0.00274655221417161 -51.5218709893525 0.0212913124578871 0.999772075689103 -0.00157374906585677 0.675618678797036 -0.00271242591076235 0.00163186423028421 0.999994989869856 -0.210404572611878
0.999734798669405 -0.0230206258322078 -0.000618963437788065 -52.3998800618574 0.0230201510511477 0.99973470963398 -0.000763543478504783 0.656168609391898 0.000636376481476383 0.000749092353925298 0.999999516942693 -0.20865256678735
0.999671953655421 -0.0249532421205576 -0.00577241564914957 -53.2822464304045 0.0249437163607489 0.999687383660987 -0.00171638083343787 0.634859159588814 0.00581344036420993 0.00157183228231082 0.999981866462791 -0.209524034497008
0.999610927303445 -0.0264977941583851 -0.00870981746569262 -54.0733156218193 0.0264770769547857 0.999646331083394 -0.00248538677875405 0.613811573013663 0.00877259434125309 0.00225380927531678 0.999958980124822 -0.213943987961102
0.999574274828252 -0.0282710389249589 -0.00721231306017288 -54.9527123472653 0.0282477848150792 0.999595484724828 -0.00330599013556117 0.58960647135973 0.0073028593451787 0.00310085082500016 0.999968525989466 -0.219919749273686
0.999549028951666 -0.0298122242808657 -0.00360138934439051 -55.8273527780548 0.0298020276038807 0.999551750533915 -0.00285256994368802 0.563679999671876 0.00368481647847781 0.00274395481257622 0.999989446364064 -0.223447732092609
0.999510651049529 -0.0312638277444047 -0.00101563443935642 -56.699152097106 0.0312610633167792 0.999507787107812 -0.00263238126987362 0.536678372882307 0.00109743284557055 0.00259934330434654 0.999996019519846 -0.224211947039294
0.999480761058545 -0.0321699031281455 -0.00181813271142437 -57.5693144197576 0.0321645113764416 0.999478320435859 -0.00292081951317478 0.508479208685458 0.00191114670953755 0.00286082355966209 0.999994081585894 -0.224329726996075
0.999453631739143 -0.0328251361452292 -0.00386632131167723 -58.3538369624875 0.0328116945578708 0.999455457396452 -0.003490183475094 0.482632013503462 0.00397878168274581 0.0033614159956773 0.999986434997408 -0.225665211986779
0.999414313267597 -0.0338081441906725 -0.005295264133154 -59.2225357904099 0.0337882579670348 0.999421785907486 -0.00380098369430875 0.452952183317393 0.00542070654161222 0.00361983975805432 0.999978756124707 -0.228945740804193
0.999376974006044 -0.0346199994110875 -0.0068643621188395 -60.085916754324 0.0345994154908946 0.999396468232006 -0.00309511438921819 0.422690321691334 0.00696737211656574 0.00285568313546975 0.999971649997948 -0.233637954876031
0.999344149174704 -0.0354307666566182 -0.00747878896687162 -60.9480379163288 0.0354084919152928 0.999368145317922 -0.00309011716619741 0.392708563245833 0.00758354867930378 0.00282327787163404 0.999967258909755 -0.239844141669892
0.99931806373728 -0.0361746609131984 -0.00740279651131113 -61.8092241310515 0.0361612591295744 0.999344091888277 -0.00193632284452296 0.362361554987729 0.00746798677934903 0.00166730795282991 0.999970724200291 -0.246328555174841
0.999282164528987 -0.0370068228127569 -0.00810251316366979 -62.5835191258229 0.0370079818237204 0.999314969983853 -6.89251224660401e-06 0.334587572608143 0.00809721776892589 -0.000292970095330718 0.999967174077692 -0.252431607579638
0.99924204593404 -0.0378225484159525 -0.00920806542527423 -63.4408739218488 0.0378386719627172 0.999282607037841 0.00158309057020043 0.302955559454858 0.00914158310420479 -0.00193031162730415 0.999956351725099 -0.259939397976268
0.99922819471691 -0.0386007413197902 -0.00727994865007152 -64.3007400222123 0.0386053453084555 0.99925441422874 0.000492907692256269 0.27082194853574 0.0072554942216192 -0.000773572194959146 0.9999733793405 -0.267509216013423
0.999204548487428 -0.0398449897288874 -0.00162698357073379 -65.1601854558103 0.0398421502503458 0.999204468019449 -0.00174188214269111 0.237282155547291 0.0016950945293559 0.00167567403602597 0.999997159381496 -0.272001866334904
0.999137821214089 -0.0413107284924052 0.00412770287080762 -66.0154945361428 0.0413207885983475 0.999143091219835 -0.00238237219676079 0.202962054405361 -0.00402574827498747 0.00255087810371404 0.999988643121374 -0.271338020109397
0.999059015996714 -0.0428193622695116 0.00689817153374208 -66.7804739470594 0.0428297762545477 0.999081446153368 -0.0013690208475054 0.171296239364892 -0.00683321459212119 0.0016631797641434 0.999975270199924 -0.267604674703762
0.998932138475592 -0.0439859612367417 0.0141356971762813 -67.6325698210858 0.0440078799092682 0.999030410500198 -0.00124314186526665 0.134387329220772 -0.0140673105628294 0.00186389642566692 0.999899313262912 -0.260117871257535
0.998619978388641 -0.0451102178807716 0.0268925083586244 -68.4885035129264 0.0450916982265563 0.998982012726199 0.00129499056299781 0.0964611466042697 -0.0269235494338051 -8.0574576572136e-05 0.999637492290892 -0.243443180199392
0.998241493266486 -0.0466334728271336 0.0365956327063312 -69.3311871346086 0.0464852855801344 0.998907004524583 0.00489024909978468 0.057893552351743 -0.0367836831438759 -0.00318049112647464 0.999318190132935 -0.21658745195964
0.998495233609906 -0.0479340809832256 0.0266381744605799 -70.1569685516879 0.047818961992071 0.998843791912721 0.00494229009856453 0.019332692027092 -0.0268442793216654 -0.00366104325446548 0.999632923342358 -0.188013679882715
0.998775687115844 -0.0493917360198102 -0.00275376818619701 -70.9052140065469 0.0493984064851279 0.998776247603918 0.00240928598685018 -0.0170865966938436 0.00263139943832217 -0.00254236802720244 0.9999933060285 -0.176763439962087
0.997911762911871 -0.0515191108592536 -0.0389601675868379 -71.7399732046761 0.0516167613930508 0.998665833907818 0.00150403739830799 -0.0593406269326806 0.038830701582838 -0.00351189428579399 0.999239632527208 -0.192258877777931
0.99657250368683 -0.0539050864397669 -0.062749394828038 -72.585024965927 0.0538937261268867 0.998544917013919 -0.00187483061253032 -0.103699073195457 0.0627591521574652 -0.00151339406197211 0.99802755395775 -0.235622835942195
0.996943669573222 -0.0554140200711266 -0.0550691027476808 -73.4392531006597 0.055192896905888 0.998460400112996 -0.00552933425753049 -0.150424935854971 0.0552907210028398 0.00247301147434688 0.998467235509125 -0.28910383812763
0.99823466623016 -0.0572030524831152 -0.0159800476524932 -74.296275683213 0.05708727289687 0.998340186609673 -0.00761019535633777 -0.198474236298352 0.0163888501597969 0.00668450348023728 0.9998433492321 -0.322737851503916
0.998136402339276 -0.0586499227175046 0.0168495961506051 -75.0634324550629 0.0587392012080191 0.998261566190921 -0.00485301014763102 -0.24300359049812 -0.0165356755728817 0.00583369790783668 0.999846257882715 -0.323197653033276
0.997768368861832 -0.0606762666528207 0.027868849346109 -75.918441364076 0.0607686198926873 0.998148803285402 -0.00247817195875207 -0.294438276905566 -0.0276668924011791 0.00416619310580345 0.999608516320198 -0.302528367090417
0.997996354640531 -0.0622109189449495 0.0115359303151694 -76.7833065763116 0.062263917447112 0.998050486710277 -0.00429308298535624 -0.347487404476851 -0.0112463642280847 0.00500275338237416 0.999924243005561 -0.284035065269563
0.997964554369218 -0.0637434478559856 -0.00187645359088232 -77.6584073933773 0.0637231422767314 0.997923349210466 -0.00939948078063697 -0.402709767222404 0.00247171216506516 0.00926077512940292 0.999954063286397 -0.28041373187807
0.997845577817844 -0.0656034987119577 -0.00061950473991172 -78.5263100159355 0.0655888768841754 0.997752601264809 -0.013705688540907 -0.459170981775969 0.00151725358628268 0.0136355280813775 0.99990588072853 -0.282645034469169
0.997742111911465 -0.0670023978306515 0.00462134216354132 -79.3017545794137 0.0670588893421087 0.997659016420513 -0.0134012057314504 -0.511039060540497 -0.00371261075959223 0.0136808493814143 0.9998995203927 -0.281775888626726
0.99758095071041 -0.0690087267123069 0.00836913479757545 -80.1630921862088 0.069113058900372 0.99752551281521 -0.0128932684834202 -0.570148610975593 -0.00745867743957033 0.0134404955376649 0.999881853625994 -0.276441665344464
0.997529330835429 -0.0701490729084769 0.00378704279128043 -81.0319643411785 0.0701855382117531 0.997478125083885 -0.0105536820619477 -0.630767441820353 -0.00303716133064239 0.0107934030416415 0.999937137075043 -0.271056778394268
0.997425362510368 -0.0716029821290527 -0.00395716707846549 -81.9052315740846 0.0715591814482927 0.997383374604792 -0.0102804480644978 -0.693276944104582 0.00468292339363579 0.00997080800051164 0.999939324767411 -0.271329736457119
0.997295199232204 -0.0729306682683473 -0.00913253602953458 -82.7835512324236 0.0728266147823723 0.997281156340531 -0.011250750527542 -0.75676468713209 0.00992823084634991 0.0105552278054678 0.999895003186953 -0.277726437227102
0.997206238310528 -0.0739220197439754 -0.010735607646388 -83.5747127030045 0.0737971952045587 0.997205892881716 -0.0115922897617279 -0.814950200263411 0.0115625366812884 0.0107676459335783 0.999875174982629 -0.28631018523447
0.997117739548897 -0.0753587090477455 -0.00879081609154947 -84.4544476922601 0.0752559095109546 0.997098037550939 -0.0114913704902791 -0.881131333764642 0.00963128031869199 0.0107966885072729 0.999895329500393 -0.295912131521618
0.99707130096534 -0.0762325612652797 -0.00611697590480453 -85.3369754818268 0.0761664169314372 0.997040857602679 -0.0104021729817067 -0.948388759512454 0.00689185919118123 0.00990580001061194 0.999927186050584 -0.303381387184345
0.997071888862354 -0.0763269872437843 -0.00467327066890087 -86.2229095017537 0.0762889044886813 0.997054874527038 -0.00784730742282955 -1.01573543529958 0.00525846863397221 0.00746781093485469 0.999958289283841 -0.308433439411601
