1 3.00866102864727e-18 8.67361737988404e-19 4.65661287307739e-10 -3.00866102864727e-18 1 -3.46944695195361e-18 0 -8.67361737988404e-19 3.46944695195361e-18 1 -7.27595761418343e-12
1 3.00866102864727e-18 8.67361737988404e-19 4.65661287307739e-10 -3.00866102864727e-18 1 -3.46944695195361e-18 0 -8.67361737988404e-19 3.46944695195361e-18 1 -7.27595761418343e-12
1 3.00866102864727e-18 8.67361737988404e-19 4.65661287307739e-10 -3.00866102864727e-18 1 -3.46944695195361e-18 0 -8.67361737988404e-19 3.46944695195361e-18 1 -7.27595761418343e-12
1 3.00866102864727e-18 8.67361737988404e-19 4.65661287307739e-10 -3.00866102864727e-18 1 -3.46944695195361e-18 0 -8.67361737988404e-19 3.46944695195361e-18 1 -7.27595761418343e-12
1 3.00866102864727e-18 8.67361737988404e-19 4.65661287307739e-10 -3.00866102864727e-18 1 -3.46944695195361e-18 0 -8.67361737988404e-19 3.46944695195361e-18 1 -7.27595761418343e-12
1 3.00866102864727e-18 8.67361737988404e-19 4.65661287307739e-10 -3.00866102864727e-18 1 -3.46944695195361e-18 0 -8.67361737988404e-19 3.46944695195361e-18 1 -7.27595761418343e-12
1 3.00866102864727e-18 8.67361737988404e-19 4.65661287307739e-10 -3.00866102864727e-18 1 -3.46944695195361e-18 0 -8.67361737988404e-19 3.46944695195361e-18 1 -7.27595761418343e-12
1 3.00866102864727e-18 8.67361737988404e-19 4.65661287307739e-10 -3.00866102864727e-18 1 -3.46944695195361e-18 0 -8.67361737988404e-19 3.46944695195361e-18 1 -7.27595761418343e-12
1 3.00866102864727e-18 8.67361737988404e-19 4.65661287307739e-10 -3.00866102864727e-18 1 -3.46944695195361e-18 0 -8.67361737988404e-19 3.46944695195361e-18 1 -7.27595761418343e-12
1 3.00866102864727e-18 8.67361737988404e-19 4.65661287307739e-10 -3.00866102864727e-18 1 -3.46944695195361e-18 0 -8.67361737988404e-19 3.46944695195361e-18 1 -7.27595761418343e-12
1 3.00866102864727e-18 8.67361737988404e-19 4.65661287307739e-10 -3.00866102864727e-18 1 -3.46944695195361e-18 0 -8.67361737988404e-19 3.46944695195361e-18 1 -7.27595761418343e-12
1 3.00866102864727e-18 8.67361737988404e-19 4.65661287307739e-10 -3.00866102864727e-18 1 -3.46944695195361e-18 0 -8.67361737988404e-19 3.46944695195361e-18 1 -7.27595761418343e-12
1 3.00866102864727e-18 8.67361737988404e-19 4.65661287307739e-10 -3.00866102864727e-18 1 -3.46944695195361e-18 0 -8.67361737988404e-19 3.46944695195361e-18 1 -7.27595761418343e-12
1 3.00866102864727e-18 8.67361737988404e-19 4.65661287307739e-10 -3.00866102864727e-18 1 -3.46944695195361e-18 0 -8.67361737988404e-19 3.46944695195361e-18 1 -7.27595761418343e-12
1 3.00866102864727e-18 8.67361737988404e-19 4.65661287307739e-10 -3.00866102864727e-18 1 -3.46944695195361e-18 0 -8.67361737988404e-19 3.46944695195361e-18 1 -7.27595761418343e-12
1 3.00866102864727e-18 8.67361737988404e-19 4.65661287307739e-10 -3.00866102864727e-18 1 -3.46944695195361e-18 0 -8.67361737988404e-19 3.46944695195361e-18 1 -7.27595761418343e-12
1 3.00866102864727e-18 8.67361737988404e-19 4.65661287307739e-10 -3.00866102864727e-18 1 -3.46944695195361e-18 0 -8.67361737988404e-19 3.46944695195361e-18 1 -7.27595761418343e-12
1 3.00866102864727e-18 8.67361737988404e-19 4.65661287307739e-10 -3.00866102864727e-18 1 -3.46944695195361e-18 0 -8.67361737988404e-19 3.46944695195361e-18 1 -7.27595761418343e-12
1 3.00866102864727e-18 8.67361737988404e-19 4.65661287307739e-10 -3.00866102864727e-18 1 -3.46944695195361e-18 0 -8.67361737988404e-19 3.46944695195361e-18 1 -7.27595761418343e-12
1 3.00866102864727e-18 8.67361737988404e-19 4.65661287307739e-10 -3.00866102864727e-18 1 -3.46944695195361e-18 0 -8.67361737988404e-19 3.46944695195361e-18 1 -7.27595761418343e-12
1 3.00866102864727e-18 8.67361737988404e-19 4.65661287307739e-10 -3.00866102864727e-18 1 -3.46944695195361e-18 0 -8.67361737988404e-19 3.46944695195361e-18 1 -7.27595761418343e-12
1 3.00866102864727e-18 8.67361737988404e-19 4.65661287307739e-10 -3.00866102864727e-18 1 -3.46944695195361e-18 0 -8.67361737988404e-19 3.46944695195361e-18 1 -7.27595761418343e-12
1 3.00866102864727e-18 8.67361737988404e-19 4.65661287307739e-10 -3.00866102864727e-18 1 -3.46944695195361e-18 0 -8.67361737988404e-19 3.46944695195361e-18 1 -7.27595761418343e-12
1 3.00866102864727e-18 8.67361737988404e-19 4.65661287307739e-10 -3.00866102864727e-18 1 -3.46944695195361e-18 0 -8.67361737988404e-19 3.46944695195361e-18 1 -7.27595761418343e-12
1 3.00866102864727e-18 8.67361737988404e-19 4.65661287307739e-10 -3.00866102864727e-18 1 -3.46944695195361e-18 0 -8.67361737988404e-19 3.46944695195361e-18 1 -7.27595761418343e-12
1 3.00866102864727e-18 8.67361737988404e-19 4.65661287307739e-10 -3.00866102864727e-18 1 -3.46944695195361e-18 0 -8.67361737988404e-19 3.46944695195361e-18 1 -7.27595761418343e-12
1 3.00866102864727e-18 8.67361737988404e-19 4.65661287307739e-10 -3.00866102864727e-18 1 -3.46944695195361e-18 0 -8.67361737988404e-19 3.46944695195361e-18 1 -7.27595761418343e-12
1 3.00866102864727e-18 8.67361737988404e-19 4.65661287307739e-10 -3.00866102864727e-18 1 -3.46944695195361e-18 0 -8.67361737988404e-19 3.46944695195361e-18 1 -7.27595761418343e-12
1 3.00866102864727e-18 8.67361737988404e-19 4.65661287307739e-10 -3.00866102864727e-18 1 -3.46944695195361e-18 0 -8.67361737988404e-19 3.46944695195361e-18 1 -7.27595761418343e-12
1 3.00866102864727e-18 8.67361737988404e-19 4.65661287307739e-10 -3.00866102864727e-18 1 -3.46944695195361e-18 0 -8.67361737988404e-19 3.46944695195361e-18 1 -7.27595761418343e-12
1 3.00866102864727e-18 8.67361737988404e-19 4.65661287307739e-10 -3.00866102864727e-18 1 -3.46944695195361e-18 0 -8.67361737988404e-19 3.46944695195361e-18 1 -7.27595761418343e-12
1 3.00866102864727e-18 8.67361737988404e-19 4.65661287307739e-10 -3.00866102864727e-18 1 -3.46944695195361e-18 0 -8.67361737988404e-19 3.46944695195361e-18 1 -7.27595761418343e-12
1 3.00866102864727e-18 8.67361737988404e-19 4.65661287307739e-10 -3.00866102864727e-18 1 -3.46944695195361e-18 0 -8.67361737988404e-19 3.46944695195361e-18 1 -7.27595761418343e-12
1 3.00866102864727e-18 8.67361737988404e-19 4.65661287307739e-10 -3.00866102864727e-18 1 -3.46944695195361e-18 0 -8.67361737988404e-19 3.46944695195361e-18 1 -7.27595761418343e-12
1 3.00866102864727e-18 8.67361737988404e-19 4.65661287307739e-10 -3.00866102864727e-18 1 -3.46944695195361e-18 0 -8.67361737988404e-19 3.46944695195361e-18 1 -7.27595761418343e-12
1 3.00866102864727e-18 8.67361737988404e-19 4.65661287307739e-10 -3.00866102864727e-18 1 -3.46944695195361e-18 0 -8.67361737988404e-19 3.46944695195361e-18 1 -7.27595761418343e-12
1 3.00866102864727e-18 8.67361737988404e-19 4.65661287307739e-10 -3.00866102864727e-18 1 -3.46944695195361e-18 0 -8.67361737988404e-19 3.46944695195361e-18 1 -7.27595761418343e-12
1 3.00866102864727e-18 8.67361737988404e-19 4.65661287307739e-10 -3.00866102864727e-18 1 -3.46944695195361e-18 0 -8.67361737988404e-19 3.46944695195361e-18 1 -7.27595761418343e-12
1 3.00866102864727e-18 8.67361737988404e-19 4.65661287307739e-10 -3.00866102864727e-18 1 -3.46944695195361e-18 0 -8.67361737988404e-19 3.46944695195361e-18 1 -7.27595761418343e-12
1 3.00866102864727e-18 8.67361737988404e-19 4.65661287307739e-10 -3.00866102864727e-18 1 -3.46944695195361e-18 0 -8.67361737988404e-19 3.46944695195361e-18 1 -7.27595761418343e-12
1 3.00866102864727e-18 8.67361737988404e-19 4.65661287307739e-10 -3.00866102864727e-18 1 -3.46944695195361e-18 0 -8.67361737988404e-19 3.46944695195361e-18 1 -7.27595761418343e-12
1 3.00866102864727e-18 8.67361737988404e-19 4.65661287307739e-10 -3.00866102864727e-18 1 -3.46944695195361e-18 0 -8.67361737988404e-19 3.46944695195361e-18 1 -7.27595761418343e-12
1 3.00866102864727e-18 8.67361737988404e-19 4.65661287307739e-10 -3.00866102864727e-18 1 -3.46944695195361e-18 0 -8.67361737988404e-19 3.46944695195361e-18 1 -7.27595761418343e-12
1 3.00866102864727e-18 8.67361737988404e-19 4.65661287307739e-10 -3.00866102864727e-18 1 -3.46944695195361e-18 0 -8.67361737988404e-19 3.46944695195361e-18 1 -7.27595761418343e-12
1 3.00866102864727e-18 8.67361737988404e-19 4.65661287307739e-10 -3.00866102864727e-18 1 -3.46944695195361e-18 0 -8.67361737988404e-19 3.46944695195361e-18 1 -7.27595761418343e-12
1 3.00866102864727e-18 8.67361737988404e-19 4.65661287307739e-10 -3.00866102864727e-18 1 -3.46944695195361e-18 0 -8.67361737988404e-19 3.46944695195361e-18 1 -7.27595761418343e-12
1 3.00866102864727e-18 8.67361737988404e-19 4.65661287307739e-10 -3.00866102864727e-18 1 -3.46944695195361e-18 0 -8.67361737988404e-19 3.46944695195361e-18 1 -7.27595761418343e-12
1 3.00866102864727e-18 8.67361737988404e-19 4.65661287307739e-10 -3.00866102864727e-18 1 -3.46944695195361e-18 0 -8.67361737988404e-19 3.46944695195361e-18 1 -7.27595761418343e-12
1 3.00866102864727e-18 8.67361737988404e-19 4.65661287307739e-10 -3.00866102864727e-18 1 -3.46944695195361e-18 0 -8.67361737988404e-19 3.46944695195361e-18 1 -7.27595761418343e-12
1 3.00866102864727e-18 8.67361737988404e-19 4.65661287307739e-10 -3.00866102864727e-18 1 -3.46944695195361e-18 0 -8.67361737988404e-19 3.46944695195361e-18 1 -7.27595761418343e-12
1 3.00866102864727e-18 8.67361737988404e-19 4.65661287307739e-10 -3.00866102864727e-18 1 -3.46944695195361e-18 0 -8.67361737988404e-19 3.46944695195361e-18 1 -7.27595761418343e-12
1 3.00866102864727e-18 8.67361737988404e-19 4.65661287307739e-10 -3.00866102864727e-18 1 -3.46944695195361e-18 0 -8.67361737988404e-19 3.46944695195361e-18 1 -7.27595761418343e-12
1 3.00866102864727e-18 8.67361737988404e-19 4.65661287307739e-10 -3.00866102864727e-18 1 -3.46944695195361e-18 0 -8.67361737988404e-19 3.46944695195361e-18 1 -7.27595761418343e-12
1 3.00866102864727e-18 8.67361737988404e-19 4.65661287307739e-10 -3.00866102864727e-18 1 -3.46944695195361e-18 0 -8.67361737988404e-19 3.46944695195361e-18 1 -7.27595761418343e-12
1 3.00866102864727e-18 8.67361737988404e-19 4.65661287307739e-10 -3.00866102864727e-18 1 -3.46944695195361e-18 0 -8.67361737988404e-19 3.46944695195361e-18 1 -7.27595761418343e-12
1 3.00866102864727e-18 8.67361737988404e-19 4.65661287307739e-10 -3.00866102864727e-18 1 -3.46944695195361e-18 0 -8.67361737988404e-19 3.46944695195361e-18 1 -7.27595761418343e-12
1 3.00866102864727e-18 8.67361737988404e-19 4.65661287307739e-10 -3.00866102864727e-18 1 -3.46944695195361e-18 0 -8.67361737988404e-19 3.46944695195361e-18 1 -7.27595761418343e-12
1 3.00866102864727e-18 8.67361737988404e-19 4.65661287307739e-10 -3.00866102864727e-18 1 -3.46944695195361e-18 0 -8.67361737988404e-19 3.46944695195361e-18 1 -7.27595761418343e-12
1 3.00866102864727e-18 8.67361737988404e-19 4.65661287307739e-10 -3.00866102864727e-18 1 -3.46944695195361e-18 0 -8.67361737988404e-19 3.46944695195361e-18 1 -7.27595761418343e-12
1 3.00866102864727e-18 8.67361737988404e-19 4.65661287307739e-10 -3.00866102864727e-18 1 -3.46944695195361e-18 0 -8.67361737988404e-19 3.46944695195361e-18 1 -7.27595761418343e-12
1 3.00866102864727e-18 8.67361737988404e-19 4.65661287307739e-10 -3.00866102864727e-18 1 -3.46944695195361e-18 0 -8.67361737988404e-19 3.46944695195361e-18 1 -7.27595761418343e-12
1 3.00866102864727e-18 8.67361737988404e-19 4.65661287307739e-10 -3.00866102864727e-18 1 -3.46944695195361e-18 0 -8.67361737988404e-19 3.46944695195361e-18 1 -7.27595761418343e-12
1 3.00866102864727e-18 8.67361737988404e-19 4.65661287307739e-10 -3.00866102864727e-18 1 -3.46944695195361e-18 0 -8.67361737988404e-19 3.46944695195361e-18 1 -7.27595761418343e-12
1 3.00866102864727e-18 8.67361737988404e-19 4.65661287307739e-10 -3.00866102864727e-18 1 -3.46944695195361e-18 0 -8.67361737988404e-19 3.46944695195361e-18 1 -7.27595761418343e-12
1 3.00866102864727e-18 8.67361737988404e-19 4.65661287307739e-10 -3.00866102864727e-18 1 -3.46944695195361e-18 0 -8.67361737988404e-19 3.46944695195361e-18 1 -7.27595761418343e-12
1 3.00866102864727e-18 8.67361737988404e-19 4.65661287307739e-10 -3.00866102864727e-18 1 -3.46944695195361e-18 0 -8.67361737988404e-19 3.46944695195361e-18 1 -7.27595761418343e-12
1 3.00866102864727e-18 8.67361737988404e-19 4.65661287307739e-10 -3.00866102864727e-18 1 -3.46944695195361e-18 0 -8.67361737988404e-19 3.46944695195361e-18 1 -7.27595761418343e-12
1 3.00866102864727e-18 8.67361737988404e-19 4.65661287307739e-10 -3.00866102864727e-18 1 -3.46944695195361e-18 0 -8.67361737988404e-19 3.46944695195361e-18 1 -7.27595761418343e-12
1 3.00866102864727e-18 8.67361737988404e-19 4.65661287307739e-10 -3.00866102864727e-18 1 -3.46944695195361e-18 0 -8.67361737988404e-19 3.46944695195361e-18 1 -7.27595761418343e-12
1 3.00866102864727e-18 8.67361737988404e-19 4.65661287307739e-10 -3.00866102864727e-18 1 -3.46944695195361e-18 0 -8.67361737988404e-19 3.46944695195361e-18 1 -7.27595761418343e-12
1 3.00866102864727e-18 8.67361737988404e-19 4.65661287307739e-10 -3.00866102864727e-18 1 -3.46944695195361e-18 0 -8.67361737988404e-19 3.46944695195361e-18 1 -7.27595761418343e-12
1 3.00866102864727e-18 8.67361737988404e-19 4.65661287307739e-10 -3.00866102864727e-18 1 -3.46944695195361e-18 0 -8.67361737988404e-19 3.46944695195361e-18 1 -7.27595761418343e-12
1 3.00866102864727e-18 8.67361737988404e-19 4.65661287307739e-10 -3.00866102864727e-18 1 -3.46944695195361e-18 0 -8.67361737988404e-19 3.46944695195361e-18 1 -7.27595761418343e-12
1 3.00866102864727e-18 8.67361737988404e-19 4.65661287307739e-10 -3.00866102864727e-18 1 -3.46944695195361e-18 0 -8.67361737988404e-19 3.46944695195361e-18 1 -7.27595761418343e-12
1 3.00866102864727e-18 8.67361737988404e-19 4.65661287307739e-10 -3.00866102864727e-18 1 -3.46944695195361e-18 0 -8.67361737988404e-19 3.46944695195361e-18 1 -7.27595761418343e-12
1 3.00866102864727e-18 8.67361737988404e-19 4.65661287307739e-10 -3.00866102864727e-18 1 -3.46944695195361e-18 0 -8.67361737988404e-19 3.46944695195361e-18 1 -7.27595761418343e-12
1 3.00866102864727e-18 8.67361737988404e-19 4.65661287307739e-10 -3.00866102864727e-18 1 -3.46944695195361e-18 0 -8.67361737988404e-19 3.46944695195361e-18 1 -7.27595761418343e-12
1 3.00866102864727e-18 8.67361737988404e-19 4.65661287307739e-10 -3.00866102864727e-18 1 -3.46944695195361e-18 0 -8.67361737988404e-19 3.46944695195361e-18 1 -7.27595761418343e-12
1 3.00866102864727e-18 8.67361737988404e-19 4.65661287307739e-10 -3.00866102864727e-18 1 -3.46944695195361e-18 0 -8.67361737988404e-19 3.46944695195361e-18 1 -7.27595761418343e-12
1 3.00866102864727e-18 8.67361737988404e-19 4.65661287307739e-10 -3.00866102864727e-18 1 -3.46944695195361e-18 0 -8.67361737988404e-19 3.46944695195361e-18 1 -7.27595761418343e-12
1 3.00866102864727e-18 8.67361737988404e-19 4.65661287307739e-10 -3.00866102864727e-18 1 -3.46944695195361e-18 0 -8.67361737988404e-19 3.46944695195361e-18 1 -7.27595761418343e-12
1 3.00866102864727e-18 8.67361737988404e-19 4.65661287307739e-10 -3.00866102864727e-18 1 -3.46944695195361e-18 0 -8.67361737988404e-19 3.46944695195361e-18 1 -7.27595761418343e-12
1 3.00866102864727e-18 8.67361737988404e-19 4.65661287307739e-10 -3.00866102864727e-18 1 -3.46944695195361e-18 0 -8.67361737988404e-19 3.46944695195361e-18 1 -7.27595761418343e-12
1 3.00866102864727e-18 8.67361737988404e-19 4.65661287307739e-10 -3.00866102864727e-18 1 -3.46944695195361e-18 0 -8.67361737988404e-19 3.46944695195361e-18 1 -7.27595761418343e-12
1 3.00866102864727e-18 8.67361737988404e-19 4.65661287307739e-10 -3.00866102864727e-18 1 -3.46944695195361e-18 0 -8.67361737988404e-19 3.46944695195361e-18 1 -7.27595761418343e-12
1 3.00866102864727e-18 8.67361737988404e-19 4.65661287307739e-10 -3.00866102864727e-18 1 -3.46944695195361e-18 0 -8.67361737988404e-19 3.46944695195361e-18 1 -7.27595761418343e-12
1 3.00866102864727e-18 8.67361737988404e-19 4.65661287307739e-10 -3.00866102864727e-18 1 -3.46944695195361e-18 0 -8.67361737988404e-19 3.46944695195361e-18 1 -7.27595761418343e-12
0.999999588417293 -0.000793541114936137 0.000439838314321095 -0.219815104268491 0.000793213144381786 0.999999407644015 0.000745335178089695 0.00127595290541649 -0.00044042950788846 -0.000744985985790303 0.999999625508795 -0.00129817812558031
0.999998388429556 -0.00156638642364499 0.000877252450894256 -0.506585075054318 0.00156548172493622 0.999998243125149 0.00103102550129062 0.00276155211031437 -0.00087886589401914 -0.00102965051704037 0.999999083706857 -0.00270365883625345
0.999997588161345 -0.00212953074032066 0.000537373537913722 -0.776545602828264 0.00212896316536545 0.999997177692115 0.00105457273105226 0.0038425549864769 -0.000539617766328829 -0.00105342613912472 0.999999299552773 -0.00387548992148368
0.999995500428612 -0.00299978711066142 -1.99955268006644e-05 -1.08902667323127 0.00299979865185459 0.999995317834944 0.000604579388544359 0.00445473194122314 1.81818237211806e-05 -0.00060463665075058 0.999999817041954 -0.00523738819174469
0.9999921037177 -0.00396891274222453 0.000200583882553511 -1.41296251071617 0.00396879562214701 0.999991955541495 0.000580959211648268 0.00429549952968955 -0.000202888045382614 -0.000580158547795376 0.999999811126232 -0.00654182929429226
0.999986948690778 -0.00510833387461687 -8.58669484565205e-05 -1.74860248155892 0.00510841277406541 0.999986505241972 0.000945226362584384 0.00353082315996289 8.10372578556578e-05 -0.000945652669959206 0.999999549586894 -0.00776356575806858
0.999977400578336 -0.00659062053376863 -0.00132742366024605 -2.09414560673758 0.00659224101761983 0.999977526579655 0.001220120486649 0.00216605421155691 0.00131935247736318 -0.00122884360933247 0.999998374624891 -0.00915202363103162
0.9999623936968 -0.00846926005909618 -0.0018662331625205 -2.45122883003205 0.00847152352206582 0.999963385976995 0.00120830237905916 9.29050147533417e-05 0.00185593140513828 -0.00122406677740749 0.999997528586518 -0.0107731308526127
0.999949005752614 -0.00986724389617277 -0.00215020749042452 -2.78290551993996 0.00986898252150951 0.999950980806249 0.000799480212296768 -0.00210870476439595 0.00214221342274204 -0.00082065980354566 0.999997368716107 -0.0123109698906774
0.999931923714586 -0.0115038399233475 -0.00195182055171125 -3.16231717728078 0.0115039924426113 0.999933824649351 6.69328086971485e-05 -0.0061092865653336 0.00195092140498496 -8.93819810363796e-05 0.999998092956448 -0.0139781168545596
0.999911030522027 -0.0132944144716897 -0.00109068062830567 -3.55254345573485 0.0132950130068621 0.999911469770676 0.000543369298067855 -0.0101114604622126 0.00108336029343983 -0.000557821567924716 0.999999257582511 -0.0153307212167419
0.999886154422371 -0.0150851472554791 -0.00034136010802186 -3.95402829162776 0.0150852812250095 0.999886133301535 0.00039334675121552 -0.0162259833887219 0.000335387544808822 -0.000398451483655928 0.999999864375796 -0.0162734923360404
0.999863299497315 -0.0165326770730337 0.000230015526447177 -4.3250282057561 0.0165323774825044 0.999862551387568 0.00124853014376525 -0.0222593247890472 -0.000250625456815048 -0.00124455676555691 0.999999194132344 -0.0167747669984237
0.999831270080222 -0.0182981130847157 0.00161568168569995 -4.74908430641517 0.0182967590098569 0.999832239896514 0.000848924764188137 -0.0301581150852144 -0.00163094436010869 -0.000819219786740887 0.999998334448331 -0.0168552587929298
0.999797724414277 -0.0199384647076686 0.00263967443735449 -5.18475683452561 0.0199374061298295 0.999801139093275 0.000426737159469362 -0.038733662571758 -0.00264765799309595 -0.000374022579652414 0.99999642500074 -0.016242155150394
0.999756439859699 -0.0217664278145219 0.00364466449147852 -5.63096529152244 0.0217678841405008 0.999762986584653 -0.000360382269170419 -0.0487048313952982 -0.00363595642245207 0.00043963112879588 0.999993293250192 -0.0150569374745828
0.999713149724643 -0.0236322820662312 0.00389018148356675 -6.08746098121628 0.0236356975319529 0.999720289716761 -0.000834344541620689 -0.0602352493442595 -0.00386937589425413 0.00092605236254917 0.999992085147283 -0.0134154106490314
0.999666399746981 -0.0255063315554495 0.00406402109884174 -6.5546615133062 0.0255089442228013 0.999674418449374 -0.00059233651227641 -0.073041336145252 -0.00404758959707609 0.000695807796196684 0.999991566399419 -0.0115455681007006
0.999627259429081 -0.0269694983404037 0.00424126933497892 -6.9857219918631 0.0269746899110589 0.999635430217365 -0.00117164770558893 -0.0859260219149292 -0.00420812434548795 0.00128561791009457 0.999990319391184 -0.00962543260538951
0.999578746321097 -0.0286976201475513 0.00433318601163986 -7.47491399710998 0.0287073602038594 0.999585432175191 -0.00220255607461522 -0.100896429736167 -0.00426818149455753 0.00232602257143227 0.999988186053079 -0.00723100104369223
0.999527014349845 -0.0304541082645531 0.00427725083376007 -7.97820310108364 0.0304674213798089 0.999531006799958 -0.00308264171258097 -0.116055037360638 -0.00418136572774839 0.00321150047078566 0.999986101126099 -0.00581450424215291
0.999473704109964 -0.0321813003531743 0.00408395645010762 -8.49253212846816 0.0321938685998293 0.999476989514579 -0.00304995990969976 -0.132258986122906 -0.00398366882214302 0.0031798330856567 0.999987009437754 -0.00448626207798952
0.999423821674497 -0.0337017651667834 0.00402687151338782 -9.01936979684979 0.0337138173130051 0.999427134054932 -0.0029634839177599 -0.149734117090702 -0.00392469001676075 0.00309753763310381 0.999987500956329 -0.00306129075761419
0.999373699525982 -0.0351064032232591 0.00444400140403411 -9.50426979223266 0.0351211839085561 0.999377636274924 -0.00329280342660555 -0.166349627077579 -0.00432563713393671 0.00344681973285958 0.999984704031574 -0.00152463187259855
0.999320105222918 -0.0365822278843873 0.00458997824300942 -10.0538198594004 0.0366023494414999 0.999320314528421 -0.00437915359186441 -0.186711744870991 -0.00442665930684447 0.00454418021578877 0.999979877354313 0.000492714760184754
0.99927207038498 -0.0378462379939317 0.00479495758304258 -10.6152389757335 0.0378699813198904 0.99927035710072 -0.00496164636294278 -0.207573295105249 -0.00460367932719611 0.00513961958771543 0.999976194940232 0.0027889830089407
0.999237837712667 -0.0386923011124549 0.00516231710920611 -11.1882502371445 0.0387192724268267 0.999236434803345 -0.00523118573921801 -0.230322075542063 -0.00495596872973042 0.00542707988923456 0.999972992224203 0.0053803113696631
0.999207964466636 -0.039543761724889 0.00444237043554595 -11.7736037867144 0.0395677576178345 0.99920202565135 -0.00545018268816547 -0.254453059285879 -0.00422330481231325 0.00562164058645544 0.999975280121253 0.00806615197507199
0.999163299730317 -0.0406835528892022 0.00418915222174086 -12.3684440818615 0.040707846166807 0.999153749231019 -0.00588699057727803 -0.279463530052453 -0.00394610345594291 0.00605259629488637 0.999973896832115 0.0106511530830176
0.999128458336156 -0.0414923172859608 0.00455097232001189 -12.9138315515593 0.0415201843914327 0.999118366432687 -0.00621000362160429 -0.302614356856793 -0.00428929258943608 0.00639354855460264 0.99997036181377 0.0131245118827792
0.999094440297778 -0.0422697838423379 0.00485435268514087 -13.5350279356353 0.0423020775418169 0.999082033951543 -0.00675452965750085 -0.32925116783008 -0.00456438404560945 0.0069537622313377 0.999965405196157 0.0148414860595949
0.999048228681379 -0.0432722527026177 0.00549080273180991 -14.1677602799609 0.0433082322389394 0.999039876485945 -0.00661227731457642 -0.356610792223364 -0.00519940274809993 0.00684378089856506 0.999963063754895 0.0168848592584254
0.998999161090342 -0.0442037171635166 0.00683429072551051 -14.8105280539021 0.0442485116529264 0.99899909393015 -0.00654824734115792 -0.385704129934311 -0.00653799336905493 0.00684410079323606 0.999955205460244 0.0196885153854964
0.998963215834515 -0.0447952966771218 0.00811632953819487 -15.3977901497856 0.0448540022330802 0.998967596662926 -0.00720134023440901 -0.412186046130955 -0.0077853640402216 0.00755792386211431 0.999941131214061 0.023209810256958
0.998918753210315 -0.0456752927947535 0.00866557054457247 -16.0614841151983 0.045746272956301 0.998919618780447 -0.00817763573004275 -0.442983726039529 -0.00828269251856087 0.00856521124311652 0.999929014561036 0.0280401075142436
0.998899365114751 -0.0461136837629945 0.00857825991406925 -16.736048467923 0.0461921932066538 0.998890288980142 -0.00919085784503553 -0.474948871415108 -0.0081449162123348 0.0095769907055935 0.999920967671405 0.0332100281011662
0.998939747379228 -0.045299824629167 0.00820408401289316 -17.4214292694815 0.0453824238859811 0.998917832371724 -0.0101783973203004 -0.506909233052284 -0.00773412620513916 0.0105399268661356 0.999914542965297 0.0384475603277679
0.998988680467169 -0.044224830449921 0.00811052835152905 -18.1185971684754 0.0443057295637372 0.998967145222016 -0.0100819192022728 -0.539420269429684 -0.00765628018623888 0.010431066036217 0.999916283613312 0.0437975753084174
0.999022507304362 -0.0434532763768712 0.00811434972258939 -18.7539707524702 0.0435269235044024 0.999010522065457 -0.009131469364007 -0.568686675280333 -0.00770952849058459 0.00947573609906637 0.999925384014144 0.0488336046328186
0.999064492550778 -0.0424415116441303 0.00829806083482182 -19.4702441315167 0.0425153489227876 0.999055869430816 -0.00893391637577824 -0.600479361135513 -0.00791105746603244 0.00927835358223294 0.999925660899135 0.0547465219424339
0.999113111341316 -0.0412296684762147 0.00855015691182524 -20.2002000189386 0.0413076280042566 0.999104568507781 -0.00915101390793588 -0.632733295205981 -0.00816520756241755 0.00949608467857717 0.999921573805286 0.0595015550206881
0.999169567977677 -0.039765839987773 0.00887988723848898 -20.9408317925408 0.0398501370287261 0.999160250027502 -0.00952687481658754 -0.663877737242728 -0.00849358617388471 0.00987282811792061 0.999915189533023 0.0645169815761619
0.99924183637212 -0.0378211818662856 0.00923637623261301 -21.6932751317509 0.0379177317232265 0.999225573044846 -0.0105118882302417 -0.694361730478704 -0.00883165129737649 0.0108541409350082 0.999902089986777 0.0700182553482591
0.999307349330361 -0.0359654274441798 0.00955560584606953 -22.4537845696323 0.0360715874130203 0.999286671483931 -0.0111798379269076 -0.72308014659211 -0.00914670191013332 0.011516780076242 0.999891844961665 0.0760976424062392
0.999371915753918 -0.0342139348696318 0.00922933708780098 -23.1481459112838 0.034318295469767 0.9993459726641 -0.0113965572035103 -0.749054111074656 -0.00883337978315439 0.0117061343226404 0.999892463128324 0.0817915777370217
0.99943184520467 -0.0323138688796477 0.00958126655599215 -23.9290089551359 0.0324233208766082 0.999408096780745 -0.0114971454031251 -0.776219840161502 -0.0092040781244263 0.011801269724781 0.999888001217518 0.0883852376573486
0.999498858769283 -0.0303261023385022 0.00907517690489484 -24.7189943939447 0.0304227527090704 0.999479757121926 -0.0107084649273022 -0.802111313678324 -0.00874570960546918 0.0109791903367781 0.999901480118439 0.0952688709658105
0.999562954357559 -0.0282429002825528 0.00873148667854263 -25.5207949676551 0.0283339266350895 0.999543540229226 -0.0104833099478383 -0.827329889405519 -0.00843142202864694 0.0107261255658723 0.999906926345107 0.102156205379288
0.999615596001528 -0.0264807009002125 0.00821174222337933 -26.3302502515726 0.0265651423876889 0.999593499420262 -0.0103503201243182 -0.851044760085642 -0.00793432041397135 0.010564487521292 0.999912715272179 0.10900888973265
0.999651693346703 -0.025190760333482 0.00786877264198891 -27.067763293162 0.0252711128343431 0.999627728286841 -0.0102847312169086 -0.871064849663526 -0.0076067631213376 0.0104800016179018 0.999916149845028 0.115068506092939
0.99967581399183 -0.0242883025621078 0.00763840810790659 -27.8877058895305 0.0243635596189441 0.999653957742594 -0.00991875658847399 -0.891372590325773 -0.00739485513486119 0.0101016398777004 0.999921633423998 0.121301332910662
0.999683414791056 -0.0241103685976462 0.00719446438440974 -28.7147788694128 0.0241701095240093 0.99967310796921 -0.00833564687222588 -0.911723605822772 -0.00699113705274749 0.00850689892185693 0.999939376499117 0.127227715405752
0.999678226465238 -0.0242152409749485 0.00755418002447235 -29.5527515048161 0.0242717382703615 0.999677420705221 -0.00747912117112306 -0.932014220859855 -0.00737063448096783 0.0076600676682681 0.999943496959036 0.133218659480917
0.999671595645208 -0.0244634553367837 0.0076315275762965 -30.399319708813 0.024515159378348 0.999676624614374 -0.0067567122379847 -0.95258627505973 -0.00746376720006616 0.00694158141909484 0.999948051963993 0.139565400932042
0.999662801410384 -0.0246987171166418 0.00801603699686344 -31.1698111509904 0.02475186507603 0.999671837916053 -0.00660012521084147 -0.971028545405716 -0.00785039181194057 0.00679631152411992 0.999946089295851 0.145460916814045
0.999662999236723 -0.0248397017763552 0.00754169561185577 -32.0347940456122 0.0248843048923116 0.999673050300035 -0.00587910485109184 -0.992540630046278 -0.0073931946455252 0.00606479344128006 0.999954278431493 0.152111364026496
0.999661829534376 -0.0251705382969733 0.00653227172001733 -32.9094336200505 0.0252054512735687 0.999668144048306 -0.00531855253917892 -1.01480868272483 -0.00639623311639709 0.00548140281833491 0.999964520583137 0.158179093246872
0.999660563278282 -0.0253944543450927 0.00582064555379796 -33.7943966588937 0.0254225920182363 0.999665211248744 -0.00481219638809017 -1.03738382691517 -0.00569649376566453 0.0049585388491209 0.999971481018964 0.163487229219754
0.999646341710733 -0.0259445313504835 0.00583719087860055 -34.6869885516353 0.0259691644374506 0.99965398613763 -0.00418455464389929 -1.05967123154551 -0.0057266048204928 0.00433466171124174 0.999974208019926 0.168574833063758
0.999621965109499 -0.0267264306292942 0.0064517266247413 -35.500590567477 0.0267557301191325 0.999631879199064 -0.00449855473890406 -1.08177849650383 -0.00632912129880738 0.00466947478462993 0.999969068636036 0.173435430137033
0.999590195586202 -0.0278010575106736 0.00682217628226803 -36.4242152106017 0.027830682190977 0.99960346058717 -0.00428657333288631 -1.10861623380333 -0.00670029974873954 0.00447468249617705 0.999967541073127 0.179259247386653
0.999551000942771 -0.02917231787944 0.00683903383857937 -37.3596817674115 0.0292026936321604 0.999563894171089 -0.00438453579683275 -1.13717383192852 -0.00670814422403926 0.0045822853543216 0.99996700118654 0.185348991857609
0.999504369379392 -0.0309075340523938 0.00597828824194469 -38.3045526202768 0.0309303652519763 0.999514450736829 -0.00376500645863985 -1.16666388418525 -0.0058590184231659 0.00394805104505711 0.999975042086583 0.191238273902854
0.999432041295626 -0.0332354623455986 0.00556766327396001 -39.2594420476817 0.0332502840614697 0.999443697895962 -0.00259101251947718 -1.19907221617177 -0.00547845247213807 0.00277466731678138 0.999981143712116 0.196485895379737
0.999330737940142 -0.0360098009341707 0.00643198606134479 -40.2228999263607 0.036021063947482 0.999349678845513 -0.00164388061029105 -1.23298234865069 -0.00636860739120761 0.00187446740459266 0.999977963363116 0.202073700762412
0.999227524421332 -0.0385932412979715 0.00741054417250082 -41.0982658113353 0.0386008764853439 0.999254312082149 -0.000890011120018382 -1.26679009618238 -0.00737066980533394 0.00117537710845531 0.999972145469699 0.208084236146533
0.999106378469737 -0.0414668131139986 0.00818217032669162 -42.0778799122199 0.041466964487888 0.999139864077525 0.000151219391967778 -1.30679531209171 -0.00818140313433576 0.00018820550730745 0.999966514050066 0.215864108446112
0.998984618527258 -0.0443967471097116 0.00765903336098741 -43.066034946125 0.044393433011456 0.999013944044044 0.000602254947444058 -1.34952408820391 -0.00767821928612219 -0.000261632644485055 0.999970487812992 0.224022791640891
0.998854528611574 -0.0473737974736637 0.00673453673790971 -44.0606027264148 0.0473645497538441 0.998876503963661 0.00152619001132182 -1.3951739417389 -0.00679927192908077 -0.00120546350393873 0.999976158095269 0.231563853609259
0.998688493564735 -0.0508039977657499 0.00634402336198685 -45.0529876160435 0.0507872318806664 0.998705636100335 0.00277659851683506 -1.44346366636455 -0.00647687419201414 -0.00245076160447049 0.999976021646649 0.238140533707337
0.998502141348599 -0.0543115356621395 0.00661292796591309 -46.0647065378726 0.0542934157266561 0.998520843731679 0.00288957472777806 -1.49929132545367 -0.00676008365293649 -0.00252620810604944 0.999973959431749 0.244839905608387
0.998289727974007 -0.0579421092669373 0.00776730296058247 -46.9808737919666 0.057924782098398 0.998317974070182 0.002437676611135 -1.55157151864842 -0.00789548228015786 -0.00198358818953458 0.999966862819693 0.251601865165867
0.998028062803086 -0.0622395839383327 0.00813757019647602 -48.0068390015513 0.0622202858642453 0.998059044566253 0.00260376390431486 -1.61476011341438 -0.00828383271746388 -0.00209230750155486 0.999963499516271 0.260046381190477
0.997735435205691 -0.0668578332082086 0.00735061042455648 -49.0402401643805 0.0668429382624383 0.997760963983399 0.00225396436563239 -1.68260230356827 -0.0074848473166866 -0.00175752371848248 0.999970443648723 0.268376601583441
0.997406698296698 -0.0717052920770989 0.00618298318101137 -50.0829417114146 0.0716945964368891 0.997424754809398 0.0019347700543035 -1.75624250201508 -0.00630579373515676 -0.0014864661278875 0.999979013471693 0.275828537618509
0.997031652245978 -0.0768023660969838 0.0054111904013659 -51.1325034266338 0.0767894397564882 0.99704405122101 0.00255770730927721 -1.83490236755461 -0.00559163317284214 -0.00213459286519369 0.999982088415468 0.282286983012455
0.996637358206151 -0.081857718373909 0.00364556860876647 -52.1885107620619 0.0818437881452229 0.996637851375962 0.00381936470455757 -1.91885480144992 -0.00394595614563759 -0.00350815440429132 0.999986061044239 0.287566320359474
0.996233359572722 -0.0866791500476754 0.00241209897397689 -53.1465116669424 0.0866696242283714 0.996229832300626 0.00380755438301292 -1.99965794291347 -0.00273304053401737 -0.00358415698306858 0.999989842102489 0.291079208029259
0.995782582435087 -0.0917205232510616 0.00209621884849323 -54.1044942317531 0.0917141662985036 0.995781002661288 0.00295066756010875 -2.0852627614513 -0.00235801167930319 -0.00274597039884377 0.999993449692291 0.293591339126579
0.995229651797368 -0.0975439235346574 0.00176724779084716 -55.1751194228418 0.0975403161092428 0.995229516225839 0.00202404698361116 -2.18705433188006 -0.00195625064813592 -0.00184201366655826 0.999996390028011 0.295971995641594
0.994676814448227 -0.103026345691001 0.00189918210982456 -56.2588654384017 0.103021468003606 0.994675968945258 0.00250877125200955 -2.29572215070948 -0.00214754033956242 -0.00229976006816784 0.999995049574806 0.29849175039999
0.994088588952825 -0.108513213383326 0.00357209112509352 -57.3532316363417 0.108505431207638 0.994093183269713 0.00230529285202489 -2.4129502014257 -0.00380114617263654 -0.00190407403055121 0.999990962854095 0.301840958447428
0.993454620140001 -0.114084774731887 0.00570805543608893 -58.4533525779843 0.114080623565081 0.993470941479765 0.00104869552858419 -2.53600374562666 -0.00579042740125082 -0.000390652894499052 0.999983159028604 0.307443229743512
0.992916219401356 -0.118620305132545 0.00682674592902253 -59.4500369066373 0.11862650642169 0.992938816129949 -0.000509309965295124 -2.6523750484921 -0.00671812651729322 0.00131553514503271 0.999976567797156 0.314011126472906
0.992378482691082 -0.12299512626128 0.00755949784821995 -60.5640401677229 0.123015407979768 0.992402147601688 -0.00227746243168312 -2.78785833250731 -0.00722194512002363 0.00319003942426059 0.99996883309289 0.322099621698726
0.991933565832176 -0.12652993218677 0.0076142784474551 -61.6867813272402 0.12656315314183 0.991950284025716 -0.0040499738393662 -2.92833354044706 -0.00704054275335078 0.00498099208121934 0.999962809546248 0.330313337712141
0.99155464346349 -0.129487216775866 0.00724221772873061 -62.8145738639869 0.129516124399697 0.991570508844428 -0.00367416799895479 -3.07385031785816 -0.00670541173028794 0.00458112231251255 0.999967024842262 0.33833969632542
0.991247174094581 -0.131876319648846 0.00613809134686262 -63.9481978830881 0.131897061460746 0.991258555361376 -0.00310509273593988 -3.22267335932702 -0.00567494735898308 0.00388751061143083 0.999976340836981 0.345609641699411
0.991005128486208 -0.133716065385698 0.005371142504247 -64.9723841850646 0.13373034187796 0.991014871866926 -0.00239152666401014 -3.35914414795116 -0.00500309656484892 0.00308829991231376 0.999982715564831 0.351160888181766
0.990768891439141 -0.135449534954634 0.00551608892514009 -66.1175036686473 0.135457878845106 0.990782419268636 -0.00116650202468727 -3.51469473727047 -0.0053072417733837 0.00190293162318138 0.999984105891687 0.357070654237759
0.990582378962146 -0.136779739334847 0.00615251145366433 -67.2719905423 0.136786049945654 0.990600423205805 -0.000614885961605424 -3.67243229784071 -0.0060105765082294 0.00145067293762966 0.999980884076324 0.36408729730465
0.990447713407227 -0.137765712225186 0.00582542200043686 -68.4332154500298 0.137769037832106 0.99046436724191 -0.000171577676768995 -3.8328947648406 -0.00574623539473778 0.000972501501593745 0.999983017365604 0.37149271168164
0.990357169172103 -0.138439012760181 0.00522658735739159 -69.6038207993843 0.13844781102909 0.990368798193575 -0.00135911216110255 -3.99549867073074 -0.00498809489398025 0.00206961605124008 0.999985417693043 0.378241479025746
0.990379527511548 -0.138305152961883 0.00448064171664662 -70.6627401439473 0.138315928941713 0.990385736332416 -0.00219022151585016 -4.1436459813267 -0.00413464472401274 0.00278889467130628 0.999987563312424 0.383382496445847
0.99056833909899 -0.136953064108964 0.00426893497666901 -71.846590296831 0.136970326173773 0.990566859496918 -0.00405297597621852 -4.30819057999179 -0.00367359803453243 0.00459946709733987 0.999982674639867 0.388236981722002
0.990866502697896 -0.134785363838156 0.00405949827635172 -73.0380162312649 0.134805926026458 0.990857805380345 -0.00530771372584457 -4.47127216961235 -0.00330698342736443 0.00580648016119564 0.999977674075151 0.392481935392425
0.991154147916818 -0.1326611874204 0.00380321173430585 -74.2360445144586 0.132680193613821 0.99114485017625 -0.00527751756971009 -4.6323450030759 -0.00306941197715736 0.0057354442991841 0.999978841470561 0.396448550687637
0.99141404528703 -0.130688269631268 0.0043320882252012 -75.4443333065137 0.130713003011647 0.991401938419348 -0.0060255574046185 -4.7925841351971 -0.00350737099309464 0.00654008250284949 0.999972462455628 0.400601851688407
0.991670662897291 -0.128686817413409 0.00538510657782844 -76.6599380639382 0.128720187505318 0.991660356808994 -0.00639140532696542 -4.95156267657876 -0.00451770710009753 0.00703134108587128 0.999965074672657 0.405532264398062
0.991932046238046 -0.126598096756565 0.00661343659665076 -77.7607037662528 0.126634082473915 0.99193513494931 -0.00533827772641737 -5.09342963108793 -0.00588428432285508 0.00613269522396845 0.999963881971393 0.411258300940972
0.992255158119883 -0.123951838878491 0.00810202586555329 -78.9880965179764 0.123989812219032 0.992273894879104 -0.00436394401222431 -5.2482180162333 -0.00749850987694583 0.00533471462153965 0.999957655688246 0.419658593120403
0.992569740450909 -0.121343971197067 0.00899727710703856 -80.2226581797004 0.121370185227463 0.992604350640214 -0.0024251243207018 -5.40066375071183 -0.00863646218464153 0.00349910620658425 0.999956582945824 0.429905962497287
0.992850928298504 -0.118919003386076 0.0102618132150995 -81.464971459005 0.11892902720423 0.992902688882691 -0.000369996996954896 -5.55037661036476 -0.0101449822599505 0.00158777932491763 0.999947277756063 0.441944171427167
0.993161736544656 -0.116340002925386 0.00973492593315069 -82.7118249018677 0.116327279421955 0.993209185138182 0.0018651057435879 -5.69828262971714 -0.00988580426111032 -0.000719914209963511 0.999950875092192 0.455029091521283
0.993451652547386 -0.114048558933892 0.00683668457448557 -83.8401792277582 0.114032659658215 0.993473404978781 0.00267322485781201 -5.82903440436348 -0.00709694174571981 -0.00187611432735121 0.999973056443467 0.465022116542968
0.99374356765051 -0.111565635679058 0.00517983482017492 -85.1033226139843 0.111560586010513 0.993756842198104 0.00125468459933906 -5.97196785081178 -0.00528747597890679 -0.000668969342046974 0.99998579743804 0.472868097480386
