1 0 0 0 0 1 0 0 -0 0 1 0
0.999995 -0.00255923 -0.00180031 0.710282 0.00255896 0.999997 -0.000150913 0.00306229 0.00180069 0.000146305 0.999998 0.104361
0.999977 -0.00618753 -0.00288248 1.41677 0.00618507 0.999981 -0.000862851 0.0238381 0.00288776 0.000845003 0.999995 0.0997123
0.999939 -0.0101859 -0.00427253 2.11948 0.0101811 0.999948 -0.00112893 0.0219305 0.0042838 0.00108536 0.99999 0.0936712
0.999876 -0.0148845 -0.00520357 2.84219 0.0148871 0.999889 0.000468619 0.0423745 0.00519601 -0.000546027 0.999986 0.102065
0.999791 -0.0198203 -0.00503784 3.56661 0.0198186 0.999804 -0.000378994 0.0689603 0.00504436 0.000279072 0.999987 0.103448
0.999686 -0.0242749 -0.00621156 4.34637 0.0242817 0.999705 0.00101168 0.0824119 0.00618516 -0.00116219 0.99998 0.120423
0.999542 -0.0294726 -0.00681193 5.13439 0.0294964 0.999559 0.00343359 0.115881 0.00670773 -0.00363294 0.999971 0.131856
0.999414 -0.0336723 -0.00616826 5.91756 0.0337051 0.999418 0.00530227 0.145886 0.00598613 -0.00550707 0.999967 0.140789
0.999278 -0.0377898 -0.0039094 6.72696 0.03781 0.999271 0.00522651 0.191419 0.00370904 -0.00537055 0.999979 0.151914
0.999131 -0.0416427 -0.00197183 7.54319 0.0416506 0.999124 0.00412878 0.217586 0.00179817 -0.00420732 0.99999 0.156362
0.999029 -0.0440025 -0.002233 8.36997 0.0440125 0.99902 0.00464742 0.275028 0.00202631 -0.00474119 0.999987 0.170087
0.998929 -0.0461835 -0.00281906 9.1682 0.0461947 0.998924 0.00403495 0.304435 0.00262967 -0.00416085 0.999988 0.169507
0.998838 -0.0481072 -0.00302055 9.9793 0.0481157 0.998838 0.00278989 0.346287 0.00288283 -0.00293198 0.999992 0.187307
0.998749 -0.0499544 -0.00231625 10.8615 0.0499612 0.998747 0.00296322 0.413077 0.00216532 -0.00307523 0.999993 0.191541
0.998685 -0.0512095 -0.00254379 11.7258 0.0512099 0.998688 9.26253e-05 0.449431 0.00253571 -0.000222771 0.999997 0.201131
0.998573 -0.0531314 -0.00531962 12.5546 0.0531507 0.99858 0.00354727 0.503122 0.00512359 -0.00382495 0.99998 0.22003
0.998477 -0.054685 -0.00727071 13.4291 0.0547056 0.998499 0.00266636 0.55118 0.00711399 -0.00306005 0.99997 0.231182
0.998368 -0.0563897 -0.00907682 14.3083 0.0564596 0.998376 0.00763883 0.610587 0.00863133 -0.00813883 0.99993 0.237298
0.998302 -0.0575347 -0.00906173 15.2151 0.0576059 0.998309 0.00781117 0.670843 0.00859699 -0.00831992 0.999928 0.252207
0.998241 -0.0587678 -0.00777312 16.1091 0.0588341 0.998231 0.00858899 0.715321 0.00725461 -0.00903121 0.999933 0.269067
0.998188 -0.0597934 -0.00681222 17.0021 0.0598442 0.998179 0.00751939 0.794425 0.00635021 -0.00791344 0.999949 0.291401
0.998096 -0.0613862 -0.00605704 17.9022 0.0614347 0.998078 0.00817507 0.831821 0.00554356 -0.00853162 0.999948 0.29755
0.997984 -0.0630218 -0.00747549 18.8114 0.063079 0.997979 0.00768926 0.887697 0.00697579 -0.00814531 0.999942 0.30499
0.997925 -0.0638866 -0.0079601 19.7543 0.0639485 0.997923 0.0077791 0.93946 0.00744659 -0.00827199 0.999938 0.334301
0.997883 -0.0647384 -0.006132 20.6614 0.0647814 0.997874 0.00709504 1.00806 0.00565964 -0.00747726 0.999956 0.342675
0.997917 -0.0644688 -0.00241572 21.588 0.0644854 0.99789 0.00759249 1.07867 0.00192115 -0.00773245 0.999968 0.328829
0.997972 -0.0636379 0.00134171 22.5476 0.0636272 0.99795 0.00688695 1.15063 -0.00177723 -0.00678761 0.999975 0.318666
0.998062 -0.0620839 0.00421358 23.4634 0.0620531 0.998048 0.00708185 1.18981 -0.00464502 -0.00680666 0.999966 0.327543
0.998178 -0.0601237 0.00509487 24.4276 0.0600931 0.998175 0.00595307 1.26225 -0.00544349 -0.00563605 0.999969 0.316783
0.998277 -0.0586265 0.00237726 25.3374 0.0586113 0.998263 0.00599202 1.33303 -0.00272442 -0.00584236 0.999979 0.318599
0.998321 -0.0579095 -0.00156971 26.3152 0.0579214 0.99828 0.0090686 1.38453 0.00104185 -0.00914429 0.999958 0.343147
0.998367 -0.0569232 -0.0047739 27.2499 0.0569766 0.998305 0.0119005 1.4239 0.00408839 -0.0121531 0.999918 0.358202
0.998413 -0.0561601 -0.00407131 28.2266 0.0561949 0.998379 0.00898952 1.51974 0.00355986 -0.00920404 0.999951 0.359694
0.998419 -0.0562017 0.00122314 29.2033 0.056197 0.998413 0.00354996 1.55597 -0.00142071 -0.00347561 0.999993 0.345668
0.998354 -0.0570656 0.00575246 30.159 0.0570755 0.998369 -0.00156733 1.62311 -0.00565364 0.00189308 0.999982 0.345855
0.998311 -0.0578867 0.00494817 31.1598 0.0579444 0.998242 -0.0124292 1.672 -0.00421999 0.0126949 0.999911 0.336646
0.998248 -0.0591452 0.0014937 32.1614 0.0591589 0.998177 -0.0119949 1.72454 -0.00078154 0.0120622 0.999927 0.359931
0.998141 -0.0608902 -0.00255375 33.0966 0.0608597 0.998089 -0.0106888 1.78435 0.00319971 0.0105135 0.99994 0.379304
0.997996 -0.0631862 -0.00349937 34.1467 0.063156 0.99797 -0.00817329 1.84569 0.0040087 0.0079359 0.99996 0.378124
0.997955 -0.0639018 -0.00182863 35.1153 0.0638732 0.997876 -0.0128118 1.91578 0.00264344 0.0126688 0.999916 0.386064
0.997893 -0.0648845 0.000425457 36.1097 0.0648857 0.997852 -0.00906163 1.9952 0.000163417 0.00907014 0.999959 0.386794
0.997818 -0.0660084 0.00153121 37.1393 0.0660176 0.997794 -0.00703972 2.07369 -0.00106315 0.00712544 0.999974 0.402628
0.997742 -0.067049 0.00396872 38.1278 0.0670755 0.997723 -0.00698888 2.15192 -0.00349108 0.0072393 0.999968 0.401798
0.99771 -0.0672822 0.00697236 39.1006 0.0673273 0.99771 -0.0064459 2.20135 -0.0065227 0.00690057 0.999955 0.420364
0.997657 -0.0678079 0.00904815 40.1659 0.0678284 0.997695 -0.00198141 2.29423 -0.00889294 0.00259049 0.999957 0.420533
0.997639 -0.0681171 0.00874996 41.1174 0.0681292 0.997676 -0.00108109 2.354 -0.00865598 0.00167467 0.999961 0.422791
0.997671 -0.0678438 0.00704898 42.1432 0.0678505 0.997695 -0.000708695 2.41969 -0.00698465 0.00118532 0.999975 0.42728
0.997691 -0.0678061 0.00385885 43.1081 0.0677943 0.997694 0.00310767 2.50364 -0.00406067 -0.00283889 0.999988 0.433288
0.997605 -0.0690651 0.00376199 44.0958 0.0690464 0.997601 0.00489897 2.55443 -0.00409131 -0.00462748 0.999981 0.450745
0.997535 -0.0699632 0.00539312 45.0732 0.0699489 0.997547 0.00278977 2.64289 -0.00557507 -0.00240565 0.999982 0.473137
0.997491 -0.070538 0.00605121 46.1181 0.0705241 0.997507 0.00248401 2.71622 -0.00621134 -0.00205102 0.999979 0.467535
0.997467 -0.0710364 0.00362145 47.0643 0.0710248 0.997469 0.0032281 2.79263 -0.0038416 -0.00296271 0.999988 0.481489
0.997405 -0.0719865 -0.00144351 48.0034 0.0719947 0.997381 0.00688755 2.87913 0.000943922 -0.0069736 0.999975 0.483599
0.99741 -0.0718971 -0.00209743 48.9803 0.0719061 0.997401 0.00457247 2.94394 0.00176323 -0.00471145 0.999987 0.491569
0.997373 -0.072432 0.000831092 49.9557 0.0724284 0.997366 0.00379211 3.01666 -0.00110357 -0.00372195 0.999992 0.483162
0.997366 -0.0723785 0.00483723 50.9522 0.0723797 0.997377 -7.01834e-05 3.09292 -0.00481946 0.000420116 0.999988 0.511902
0.997311 -0.073091 0.00527375 51.8941 0.0730999 0.997323 -0.00150981 3.16383 -0.00514928 0.00189126 0.999985 0.503717
0.997346 -0.0727084 0.00376371 52.8943 0.0727188 0.997349 -0.00270709 3.23782 -0.0035569 0.0029736 0.999989 0.518465
0.997304 -0.0733287 0.00287437 53.848 0.0733456 0.997287 -0.00629889 3.30221 -0.00240468 0.00649273 0.999976 0.529802
0.997239 -0.0741602 0.00377262 54.7892 0.0741831 0.997225 -0.00632692 3.38296 -0.00329295 0.00658931 0.999973 0.529847
0.997154 -0.0750093 0.00757682 55.7656 0.0750798 0.997132 -0.00949989 3.44756 -0.00684252 0.0100417 0.999926 0.532959
0.997047 -0.075719 0.0127936 56.7013 0.0758421 0.997075 -0.00943271 3.52282 -0.0120419 0.0103751 0.999874 0.549532
0.996978 -0.0761801 0.0151849 57.6387 0.0763205 0.997044 -0.00889343 3.61299 -0.0144625 0.0100255 0.999845 0.549844
0.996932 -0.0773546 0.0119167 58.5596 0.0774296 0.99698 -0.00596663 3.68342 -0.0114192 0.00687103 0.999911 0.552754
0.996883 -0.078786 0.00421517 59.4989 0.0788065 0.996878 -0.00496668 3.76032 -0.00381071 0.00528338 0.999979 0.552205
0.996839 -0.0794466 -0.00079419 60.4133 0.0794417 0.996827 -0.00497907 3.8343 0.00118724 0.00490024 0.999987 0.560224
0.996753 -0.0805205 -0.000606363 61.3166 0.0805194 0.996752 -0.00159736 3.91413 0.000733014 0.00154335 0.999999 0.542213
0.996663 -0.081623 0.00120637 62.2341 0.0816203 0.996661 0.00212095 4.00033 -0.00137546 -0.00201541 0.999997 0.569249
0.996572 -0.0826707 0.00298647 63.1536 0.0826608 0.996572 0.00328617 4.07747 -0.00324791 -0.00302804 0.99999 0.578753
0.996457 -0.084078 0.00212072 63.9734 0.0840732 0.996457 0.00228262 4.15061 -0.00230512 -0.00209624 0.999995 0.600692
0.996327 -0.0855755 0.00310748 64.8269 0.0855639 0.996326 0.00368045 4.23235 -0.00341102 -0.00340104 0.999988 0.585982
0.996225 -0.0867502 0.00306966 65.6672 0.0867371 0.996223 0.00417035 4.32632 -0.00341984 -0.00388835 0.999987 0.605956
0.996081 -0.0883645 0.00388452 66.4855 0.0883448 0.996078 0.00497181 4.37701 -0.00430862 -0.00460914 0.99998 0.615377
0.995972 -0.0895676 0.00424614 67.291 0.0895329 0.995954 0.00775603 4.4577 -0.00492365 -0.00734462 0.999961 0.629171
0.995832 -0.0909006 0.00743062 68.0879 0.0908392 0.995832 0.00823104 4.52729 -0.00814786 -0.00752174 0.999939 0.613509
0.995706 -0.0919163 0.0110001 68.867 0.0918125 0.99573 0.00959074 4.62327 -0.0118347 -0.00853961 0.999894 0.611594
0.99557 -0.093362 0.0111316 69.6674 0.0931795 0.995522 0.0159221 4.70125 -0.0125683 -0.0148144 0.999811 0.601264
0.995441 -0.0949972 0.00850671 70.4077 0.0948413 0.995344 0.01716 4.77839 -0.0100973 -0.016275 0.999817 0.633148
0.995358 -0.0962381 0.000760614 71.1531 0.096199 0.995125 0.0217151 4.85756 -0.00284673 -0.0215411 0.999764 0.646169
0.99523 -0.0974567 -0.00432494 71.8605 0.0975216 0.995054 0.0188998 4.93761 0.00246164 -0.0192314 0.999812 0.66802
0.995155 -0.098141 -0.00583115 72.5322 0.0982383 0.994966 0.0197811 5.00729 0.00386046 -0.0202581 0.999787 0.672706
0.995089 -0.0989324 -0.00323513 73.2426 0.0989791 0.994861 0.0213335 5.08713 0.00110793 -0.0215489 0.999767 0.677124
0.995001 -0.0998679 -0.00062408 73.8583 0.0998598 0.994793 0.0203731 5.14971 -0.00141379 -0.0203336 0.999792 0.671441
0.994883 -0.100969 -0.00373073 74.5215 0.101023 0.994695 0.0194037 5.21578 0.00175176 -0.0196813 0.999805 0.696714
0.994881 -0.100796 -0.00718771 75.1156 0.100873 0.994834 0.0113606 5.2749 0.00600547 -0.0120275 0.99991 0.716715
0.994951 -0.0997147 -0.0113932 75.702 0.0998148 0.994969 0.00858057 5.3257 0.0104803 -0.00967446 0.999898 0.745526
0.995245 -0.0966802 -0.0118188 76.286 0.0967913 0.995262 0.00921916 5.40016 0.0108715 -0.0103193 0.999888 0.754775
0.995643 -0.0927227 -0.00989799 76.8627 0.092855 0.995583 0.0138647 5.45281 0.0085687 -0.0147234 0.999855 0.749547
0.996101 -0.0879608 -0.00673482 77.433 0.0880428 0.996031 0.0130415 5.51221 0.00556095 -0.0135836 0.999892 0.76121
0.996586 -0.0824958 -0.00336091 77.9788 0.0825244 0.996544 0.00948986 5.55693 0.00256642 -0.00973482 0.999949 0.779771
0.997223 -0.0744611 0.00134567 78.4753 0.0744541 0.997214 0.00463939 5.57672 -0.00168738 -0.00452632 0.999988 0.787252
0.997962 -0.0638099 0.000928944 79.0126 0.0638012 0.997934 0.0075242 5.62104 -0.00140714 -0.0074496 0.999971 0.801963
0.998803 -0.0489184 0.000611138 79.5063 0.0489068 0.998724 0.0126133 5.65489 -0.00122738 -0.0125683 0.99992 0.821233
0.999532 -0.0305827 0.000489013 79.9931 0.0305694 0.999378 0.017587 5.68295 -0.00102657 -0.0175638 0.999845 0.813416
0.99996 -0.00881461 0.00121861 80.4714 0.00879276 0.999819 0.0169007 5.67514 -0.00136736 -0.0168894 0.999856 0.828284
0.999838 0.0177639 0.00282305 80.9426 -0.0177989 0.999759 0.0128818 5.6646 -0.00259354 -0.01293 0.999913 0.843992
0.998887 0.0469185 0.0047885 81.3991 -0.0469723 0.998826 0.0118236 5.62975 -0.00422813 -0.0120353 0.999919 0.845249
0.996778 0.0799042 0.00697809 81.8487 -0.0799831 0.996726 0.0118663 5.57017 -0.00600707 -0.0123862 0.999905 0.844191
0.99306 0.117331 0.00813299 82.3011 -0.117421 0.993014 0.0116236 5.49817 -0.00671237 -0.0124979 0.999899 0.846391
0.987245 0.15894 0.00922931 82.7162 -0.159045 0.987198 0.0120362 5.42831 -0.00719812 -0.0133505 0.999885 0.852434
0.978914 0.204043 0.00964679 83.1332 -0.204151 0.978865 0.0120358 5.34077 -0.00698708 -0.0137515 0.999881 0.858275
0.967496 0.252727 0.00899397 83.5579 -0.252833 0.967411 0.0138387 5.20651 -0.00520344 -0.0156629 0.999864 0.857089
0.952145 0.305534 0.00833729 83.9153 -0.305627 0.952039 0.0145999 5.09341 -0.00347665 -0.0164494 0.999859 0.868083
0.93267 0.360654 0.00739809 84.3131 -0.360727 0.932551 0.0149986 4.8911 -0.0014898 -0.0166574 0.99986 0.879233
0.908628 0.417554 0.00659336 84.6582 -0.417605 0.908498 0.0154251 4.71924 0.00045076 -0.0167691 0.999859 0.882281
0.879952 0.475028 0.00576336 85.0003 -0.475058 0.879822 0.0152499 4.51914 0.00217338 -0.0161571 0.999867 0.866194
0.84691 0.531723 0.0038521 85.3561 -0.531721 0.846808 0.0137423 4.24868 0.0040451 -0.0136867 0.999898 0.903307
0.810346 0.585946 0.00256745 85.6147 -0.585925 0.810259 0.0131113 4.01789 0.00560222 -0.012129 0.999911 0.902123
0.770727 0.637153 0.00394367 85.9403 -0.637151 0.770654 0.0114193 3.71806 0.00423667 -0.0113139 0.999927 0.906517
0.728062 0.685478 0.00676708 86.156 -0.685506 0.727982 0.0110855 3.47334 0.00267254 -0.0127098 0.999916 0.901599
0.683078 0.730302 0.00789143 86.3803 -0.730342 0.683006 0.0101633 3.18907 0.00203236 -0.0127057 0.999917 0.899569
0.636526 0.771236 0.00555882 86.6258 -0.771251 0.636479 0.00822236 2.83015 0.00280331 -0.00952099 0.999951 0.921495
0.589896 0.807479 0.000992836 86.8082 -0.807471 0.589884 0.00529907 2.54787 0.00369323 -0.00392759 0.999985 0.950303
0.543103 0.839663 0.00243457 87.0298 -0.839656 0.54308 0.00650529 2.18196 0.00414009 -0.00557725 0.999976 0.940817
0.495986 0.868311 0.00579779 87.1496 -0.868314 0.495924 0.00945116 1.89212 0.00533129 -0.00972195 0.999939 0.948567
0.450539 0.892734 0.00632531 87.3191 -0.892728 0.450457 0.0112095 1.54548 0.00715785 -0.0106971 0.999917 0.948837
0.407597 0.913162 -6.53534e-05 87.4695 -0.913126 0.407582 0.0088774 1.17841 0.00813314 -0.00355873 0.999961 0.933145
0.368224 0.929671 -0.0110755 87.5243 -0.929726 0.368252 0.000530938 0.823553 0.00457216 0.0101016 0.999939 0.97327
0.332688 0.942925 -0.0145136 87.6227 -0.943036 0.332673 -0.00351316 0.464076 0.00151564 0.0148556 0.999889 0.981151
0.299037 0.954165 -0.0121348 87.7557 -0.954235 0.299057 -0.000163705 0.0856473 0.00347279 0.0116284 0.999926 0.98511
0.268301 0.963329 -0.00342298 87.8595 -0.963302 0.268319 0.00729322 -0.257995 0.00794422 0.00134059 0.999968 0.984169
0.239947 0.970785 0.00105834 87.9568 -0.970714 0.239915 0.0124733 -0.644117 0.011855 -0.00402027 0.999922 0.97606
0.21373 0.976893 -0.00015641 88.0405 -0.976802 0.213712 0.0136023 -1.02888 0.0133214 -0.00275443 0.999907 0.986762
0.190327 0.98169 -0.00772332 88.1021 -0.981594 0.190423 0.0145947 -1.43552 0.0157982 0.0048034 0.999864 1.00435
0.169396 0.985442 -0.0144449 88.1435 -0.985314 0.169657 0.0193068 -1.81847 0.0214764 0.0109622 0.999709 1.0221
0.149516 0.988606 -0.0174202 88.1898 -0.988343 0.149941 0.0263675 -2.25807 0.028679 0.0132748 0.999501 1.00724
0.131998 0.991147 -0.0143153 88.2521 -0.990825 0.13235 0.0273582 -2.71296 0.0290106 0.0105727 0.999523 1.00761
0.116367 0.993135 -0.0119117 88.3247 -0.992904 0.116619 0.023292 -3.16196 0.0245212 0.00911676 0.999658 1.01819
0.101623 0.994754 -0.0117452 88.3653 -0.994611 0.101838 0.0194642 -3.60735 0.0205582 0.00970386 0.999742 1.05271
0.0884846 0.99593 -0.0171409 88.4078 -0.995905 0.0887768 0.0171079 -4.10811 0.01856 0.0155569 0.999707 1.07381
0.0766477 0.996832 -0.0212375 88.4486 -0.996899 0.0769988 0.0162396 -4.6069 0.0178234 0.0199269 0.999643 1.07746
0.0663747 0.997536 -0.0227374 88.4606 -0.997624 0.0667682 0.0170049 -5.11951 0.0184812 0.0215547 0.999597 1.08834
0.0584404 0.998057 -0.0216034 88.4935 -0.998108 0.0588298 0.0178525 -5.61847 0.0190887 0.0205193 0.999607 1.09696
0.0524671 0.998333 -0.0240385 88.5163 -0.998432 0.052912 0.0182591 -6.20805 0.0195006 0.0230428 0.999544 1.0994
0.0463722 0.998651 -0.023374 88.5483 -0.998724 0.0468182 0.0189115 -6.75671 0.0199803 0.0224672 0.999548 1.11527
0.0407269 0.99885 -0.0253111 88.5939 -0.998959 0.0412256 0.0195031 -7.33543 0.0205241 0.0244905 0.999489 1.12403
0.0364352 0.998978 -0.0267411 88.5903 -0.999129 0.0369595 0.0193793 -7.96506 0.0203478 0.0260117 0.999455 1.14516
0.0333765 0.999104 -0.0260101 88.6206 -0.999242 0.0338797 0.0191549 -8.57598 0.020019 0.0253511 0.999478 1.16403
0.0299878 0.999163 -0.0278165 88.6346 -0.999353 0.0305225 0.0190011 -9.21535 0.0198342 0.0272287 0.999432 1.18724
0.0279689 0.999111 -0.0315397 88.6496 -0.999419 0.0285642 0.018584 -9.88211 0.0194684 0.0310016 0.99933 1.18952
0.026993 0.998957 -0.036826 88.6565 -0.999455 0.0276693 0.017981 -10.5575 0.0189812 0.0363206 0.99916 1.22072
0.0281339 0.998778 -0.0406216 88.6774 -0.999434 0.0288566 0.017314 -11.2697 0.018465 0.0401115 0.999025 1.25501
0.0301934 0.998714 -0.0407378 88.6994 -0.99936 0.0309439 0.0179187 -11.9611 0.0191563 0.0401707 0.999009 1.24706
0.0341285 0.998469 -0.0435332 88.7158 -0.999231 0.0349309 0.0178045 -12.6988 0.0192979 0.0428921 0.998893 1.2722
0.038493 0.998268 -0.044497 88.7509 -0.999072 0.0393087 0.0176051 -13.4576 0.0193237 0.043778 0.998854 1.29066
0.043031 0.997962 -0.0471125 88.7806 -0.998915 0.043817 0.0157777 -14.1916 0.0178098 0.0463825 0.998765 1.30142
0.0463451 0.997671 -0.0500441 88.8264 -0.998792 0.0471005 0.014022 -14.9594 0.0163465 0.0493338 0.998649 1.31366
0.0509884 0.997619 -0.0464323 88.8673 -0.998596 0.0515979 0.0120227 -15.75 0.0143899 0.045754 0.998849 1.3079
0.055448 0.997506 -0.0436762 88.917 -0.998366 0.0559957 0.0114173 -16.5699 0.0138345 0.0429717 0.99898 1.31731
0.0594607 0.997353 -0.0418589 88.9748 -0.998122 0.0600201 0.0122362 -17.3381 0.0147162 0.0410528 0.999049 1.32918
0.0618691 0.997348 -0.0383381 89.0429 -0.997921 0.0625081 0.0156964 -18.1584 0.0180512 0.0372872 0.999142 1.36767
0.0634432 0.997443 -0.032891 89.1025 -0.997728 0.0641414 0.0206259 -18.9813 0.0226829 0.0315077 0.999246 1.39422
0.0633626 0.997543 -0.0298832 89.1711 -0.997666 0.0640772 0.0235922 -19.8112 0.0254491 0.0283185 0.999275 1.42531
0.0641546 0.997546 -0.0280281 89.2005 -0.99761 0.0648303 0.0239022 -20.6363 0.0256607 0.0264277 0.999321 1.43042
0.0638117 0.99762 -0.0261183 89.282 -0.997681 0.0643926 0.0220372 -21.4703 0.0236666 0.0246515 0.999416 1.46924
0.0636074 0.997534 -0.0296698 89.3256 -0.997719 0.0642358 0.0207265 -22.2973 0.0225813 0.0282838 0.999345 1.49805
0.0639097 0.997607 -0.0263972 89.3753 -0.997715 0.0644525 0.0202497 -23.0991 0.0219026 0.0250427 0.999446 1.52382
0.0641494 0.997653 -0.0239314 89.4157 -0.997718 0.0646226 0.019554 -23.8922 0.0210547 0.0226224 0.999522 1.5641
0.0647692 0.997569 -0.0257252 89.4809 -0.997653 0.0653057 0.020593 -24.7343 0.0222229 0.024331 0.999457 1.59259
0.0637137 0.997755 -0.020627 89.5596 -0.99768 0.0641782 0.0226962 -25.5103 0.023969 0.0191331 0.99953 1.61513
0.0613039 0.997978 -0.0167854 89.5998 -0.99785 0.0616694 0.0222021 -26.3566 0.0231924 0.0153883 0.999613 1.6543
0.0574722 0.998203 -0.0169594 89.6312 -0.998107 0.0578226 0.0209492 -27.1913 0.0218922 0.0157233 0.999637 1.68018
0.0521596 0.998539 -0.0141359 89.6949 -0.998445 0.0524232 0.0189651 -27.9907 0.0196784 0.0131247 0.99972 1.7143
0.0459367 0.998888 -0.0105808 89.7567 -0.998801 0.0461067 0.0164267 -28.7805 0.0168962 0.00981357 0.999809 1.72211
0.0387655 0.999187 -0.0110843 89.804 -0.999101 0.038948 0.0167456 -29.6429 0.0171637 0.0104252 0.999798 1.76599
0.0298423 0.999464 -0.0134512 89.8205 -0.999396 0.0300746 0.0174139 -30.4112 0.0178091 0.0129234 0.999758 1.7756
0.0203197 0.999702 -0.0135271 89.8395 -0.999626 0.0205623 0.0180492 -31.2627 0.018322 0.0131553 0.999746 1.79374
0.0101973 0.999851 -0.0139149 89.8444 -0.999795 0.0104385 0.017367 -32.0671 0.0175097 0.013735 0.999752 1.82012
-0.000774289 0.999894 -0.0145476 89.8684 -0.999868 -0.00053826 0.0162216 -32.8362 0.016212 0.0145582 0.999763 1.84984
-0.011954 0.999819 -0.0148011 89.853 -0.999805 -0.0117185 0.0158984 -33.6539 0.0157221 0.0149883 0.999764 1.8719
-0.0229129 0.999625 -0.0149693 89.8353 -0.999621 -0.0226795 0.0155769 -34.384 0.0152315 0.0153206 0.999767 1.9003
-0.0338578 0.999322 -0.0144765 89.8038 -0.99931 -0.0336286 0.0157943 -35.1983 0.0152968 0.0150013 0.99977 1.90401
-0.0448854 0.998905 -0.0132304 89.7974 -0.99886 -0.0446602 0.0168565 -35.9921 0.0162471 0.0139719 0.99977 1.93751
-0.0550973 0.998382 -0.0140274 89.7277 -0.998332 -0.0548412 0.0180272 -36.7503 0.0172288 0.0149973 0.999739 1.95631
-0.0649493 0.997785 -0.0143635 89.7034 -0.997735 -0.0646803 0.0184627 -37.4551 0.0174927 0.0155301 0.999726 1.97381
-0.0744081 0.997098 -0.0161164 89.6513 -0.997064 -0.074093 0.0193435 -38.2421 0.0180932 0.0175084 0.999683 1.99574
-0.0828 0.996471 -0.0137426 89.5643 -0.996392 -0.0825201 0.0198168 -38.99 0.0186128 0.0153338 0.999709 2.00914
-0.0920234 0.995646 -0.01487 89.4991 -0.9956 -0.0917341 0.0190946 -39.7221 0.0176474 0.0165618 0.999707 2.03555
-0.100013 0.994824 -0.0179866 89.4196 -0.99485 -0.0996846 0.0183203 -40.5208 0.0164325 0.0197262 0.99967 2.04413
-0.105328 0.994196 -0.0219165 89.3299 -0.994345 -0.104991 0.0159839 -41.2124 0.0135901 0.0234761 0.999632 2.06659
-0.109406 0.993732 -0.0229562 89.2597 -0.993921 -0.109083 0.0148683 -41.9222 0.012271 0.0244434 0.999626 2.07789
-0.111468 0.993388 -0.0274961 89.1936 -0.99372 -0.111149 0.0128714 -42.6071 0.00973008 0.0287582 0.999539 2.09485
-0.113484 0.993234 -0.0246519 89.1198 -0.993491 -0.113197 0.0127419 -43.2899 0.00986511 0.0259374 0.999615 2.10466
-0.114498 0.993053 -0.0271258 89.06 -0.993375 -0.11418 0.0129952 -43.9634 0.00980772 0.028434 0.999548 2.12667
-0.113431 0.993175 -0.0271303 88.956 -0.993491 -0.113094 0.0136422 -44.6227 0.0104808 0.0285012 0.999539 2.13385
-0.110623 0.993501 -0.0268157 88.8652 -0.993792 -0.110252 0.0149172 -45.2918 0.0118637 0.0282994 0.999529 2.15017
-0.105007 0.994078 -0.0279783 88.8318 -0.994391 -0.1046 0.0156457 -45.8431 0.0126265 0.0294643 0.999486 2.16786
-0.0975735 0.994787 -0.0296476 88.7707 -0.995137 -0.097117 0.0164676 -46.4791 0.0135024 0.0311103 0.999425 2.18378
-0.0864452 0.995795 -0.0303301 88.7296 -0.996157 -0.0859649 0.0167979 -47.0596 0.01412 0.0316656 0.999399 2.20066
-0.0732321 0.996854 -0.0303231 88.7 -0.99719 -0.0727076 0.0180541 -47.6401 0.0157926 0.03156 0.999377 2.22599
-0.0564538 0.998004 -0.0282882 88.6804 -0.998241 -0.0559087 0.0197036 -48.1491 0.0180828 0.0293508 0.999406 2.24157
-0.035167 0.999 -0.0276195 88.677 -0.999146 -0.0345454 0.0226708 -48.7213 0.021694 0.0283932 0.999361 2.2706
-0.0110051 0.999568 -0.0272597 88.6857 -0.999622 -0.0103112 0.0254665 -49.2278 0.0251744 0.0275296 0.999304 2.29515
0.0176044 0.999495 -0.0264677 88.7062 -0.999453 0.0183322 0.0275106 -49.7501 0.0279819 0.0259689 0.999271 2.31767
0.0497274 0.998437 -0.0255146 88.7452 -0.998357 0.0504192 0.0272288 -50.2611 0.0284726 0.0241187 0.999304 2.35156
0.0874844 0.995826 -0.0260247 88.8138 -0.995782 0.0881461 0.0254673 -50.7856 0.027655 0.023687 0.999337 2.36183
0.129752 0.991201 -0.0261677 88.914 -0.991201 0.130358 0.0229599 -51.2747 0.026169 0.0229584 0.999394 2.37529
0.17431 0.984415 -0.0233109 89.0461 -0.984433 0.174757 0.0187342 -51.7851 0.0225159 0.0196825 0.999553 2.40607
0.222522 0.974759 -0.0181391 89.1703 -0.974743 0.222804 0.0153472 -52.284 0.0190013 0.0142659 0.999718 2.42124
0.273804 0.961659 -0.0156061 89.3174 -0.961621 0.274021 0.0140569 -52.7675 0.0177943 0.0111583 0.999779 2.44516
0.327217 0.944833 -0.0148424 89.5331 -0.944777 0.327417 0.01396 -53.2147 0.0180496 0.0094548 0.999792 2.45481
0.384628 0.922899 -0.0178672 89.7203 -0.922851 0.384888 0.0144352 -53.673 0.0201991 0.0109366 0.999736 2.49264
0.444556 0.895452 -0.0231424 89.9238 -0.895356 0.444979 0.0181921 -54.0648 0.026588 0.0126333 0.999567 2.5235
0.503021 0.863806 -0.0284408 90.2031 -0.863629 0.503645 0.0220624 -54.455 0.0333817 0.0134645 0.999352 2.54231
0.561473 0.827009 -0.0283555 90.4641 -0.826624 0.562124 0.0266216 -54.8294 0.0379556 0.00849201 0.999243 2.56128
0.616553 0.786786 -0.0288024 90.8026 -0.786257 0.617208 0.0292258 -55.1874 0.0407715 0.00462685 0.999158 2.56913
0.669239 0.742377 -0.0315594 91.13 -0.741768 0.669975 0.0302228 -55.5123 0.0435807 0.00318347 0.999045 2.59264
0.718559 0.69469 -0.032864 91.4834 -0.694092 0.719307 0.0288792 -55.8064 0.0437014 0.00205927 0.999043 2.61558
0.764216 0.644273 -0.0297581 91.8701 -0.643739 0.764795 0.0262419 -56.1284 0.0396658 -0.000898053 0.999213 2.64578
0.805865 0.591501 -0.0266042 92.2607 -0.591112 0.806302 0.0215061 -56.3549 0.0341719 -0.00160493 0.999415 2.67489
0.842923 0.537619 -0.0211247 92.6378 -0.537321 0.843177 0.0183978 -56.5724 0.0277029 -0.00415712 0.999608 2.70108
0.874855 0.48413 -0.015741 93.0922 -0.483916 0.874976 0.0155769 -56.7914 0.0213142 -0.00601022 0.999755 2.69294
0.900864 0.433975 -0.0104209 93.5222 -0.433806 0.900878 0.0152275 -56.962 0.0159963 -0.00919725 0.99983 2.71967
0.921707 0.387834 -0.00645067 93.9293 -0.387684 0.921634 0.0170752 -57.1127 0.0125675 -0.0132375 0.999833 2.73877
0.937628 0.347631 -0.0026145 94.4319 -0.347496 0.93743 0.021727 -57.259 0.0100039 -0.0194633 0.999761 2.73807
0.949711 0.313108 -0.00354467 94.8449 -0.312917 0.949424 0.0260196 -57.3783 0.0115124 -0.0236019 0.999655 2.75751
0.95958 0.281392 -0.0048742 95.3639 -0.28114 0.959224 0.0291343 -57.5134 0.0128736 -0.0265864 0.999564 2.73472
0.965462 0.26046 -0.0065986 95.8203 -0.260249 0.965265 0.0231049 -57.5909 0.0123873 -0.0205896 0.999711 2.7787
0.969621 0.244505 -0.00719924 96.2749 -0.244325 0.96949 0.0198403 -57.7256 0.0118306 -0.0174786 0.999777 2.77441
0.972864 0.231283 -0.00654012 96.8079 -0.231071 0.972645 0.0238362 -57.8368 0.0118741 -0.0216782 0.999694 2.7793
0.975163 0.221425 -0.00535796 97.3267 -0.221197 0.97483 0.0278926 -57.959 0.0113992 -0.0260146 0.999597 2.77412
0.976515 0.215355 -0.00630456 97.8397 -0.215042 0.976055 0.032754 -58.0448 0.0132074 -0.0306291 0.999444 2.78718
0.977127 0.212505 -0.00808408 98.3356 -0.211959 0.97629 0.0439541 -58.1526 0.0172329 -0.0412352 0.999001 2.78707
0.977249 0.211901 -0.00910928 98.8663 -0.211263 0.976314 0.0466742 -58.2224 0.0187838 -0.0436879 0.998869 2.80732
0.976652 0.21441 -0.0134174 99.4303 -0.213634 0.975902 0.0444553 -58.3818 0.0226257 -0.0405509 0.998921 2.8279
0.975549 0.218755 -0.0212039 99.9994 -0.217644 0.97498 0.04523 -58.5045 0.0305676 -0.0395092 0.998752 2.85676
0.97462 0.222467 -0.0249996 100.535 -0.221153 0.974117 0.0467607 -58.6333 0.0347552 -0.0400452 0.998593 2.86568
0.973556 0.227204 -0.0237969 101.097 -0.225737 0.972771 0.0525231 -58.7542 0.0350824 -0.0457624 0.998336 2.866
0.97241 0.232406 -0.0201455 101.737 -0.23111 0.971521 0.0523064 -58.88 0.0317281 -0.0462074 0.998428 2.89296
0.971317 0.237236 -0.016191 102.322 -0.236295 0.970596 0.0459082 -59.0212 0.026606 -0.0407655 0.998814 2.8978
0.970478 0.240905 -0.0117255 102.929 -0.240291 0.969911 0.0391636 -59.177 0.0208074 -0.0351899 0.999164 2.92157
0.969649 0.244428 -0.00605387 103.556 -0.24398 0.968898 0.0413593 -59.3299 0.0159749 -0.038627 0.999126 2.91343
0.968823 0.247645 -0.00738576 104.177 -0.24727 0.96836 0.0337034 -59.4784 0.0154986 -0.0308264 0.999405 2.93248
0.968716 0.247871 -0.0122222 104.83 -0.247469 0.968504 0.0275682 -59.6458 0.0186706 -0.0236811 0.999545 2.94678
0.96852 0.248194 -0.0191836 105.472 -0.247613 0.968445 0.0283342 -59.8215 0.0256106 -0.0226922 0.999414 2.95338
0.968576 0.24746 -0.0249969 106.139 -0.246535 0.968499 0.0350874 -59.974 0.0328922 -0.0278222 0.999072 2.97503
0.969192 0.244791 -0.0272752 106.817 -0.243684 0.969092 0.0384506 -60.1306 0.0358446 -0.0306195 0.998888 3.02099
0.969781 0.242739 -0.0245649 107.513 -0.241817 0.969678 0.0353521 -60.285 0.0324014 -0.0283436 0.999073 3.03976
0.970482 0.24046 -0.0185559 108.218 -0.239983 0.970462 0.0247167 -60.4637 0.0239512 -0.019534 0.999522 3.0817
0.971091 0.238442 -0.0112653 108.941 -0.237961 0.970704 0.0332937 -60.6373 0.0188739 -0.0296505 0.999382 3.07251
0.971516 0.236651 -0.0123285 109.689 -0.236134 0.971141 0.033566 -60.8126 0.0199161 -0.0296988 0.99936 3.10488
0.971993 0.234542 -0.0148338 110.394 -0.233893 0.971589 0.0361798 -60.9792 0.022898 -0.031697 0.999235 3.13031
0.972957 0.230169 -0.0194132 111.135 -0.229317 0.972594 0.0384007 -61.1597 0.0277198 -0.0329104 0.999074 3.20092
0.973682 0.226847 -0.0220061 111.899 -0.225848 0.973321 0.0404843 -61.3342 0.0306028 -0.0344488 0.998938 3.19895
0.974548 0.223167 -0.0212636 112.661 -0.222248 0.974223 0.0386684 -61.485 0.029345 -0.0329584 0.999026 3.22368
0.975462 0.21925 -0.0201 113.468 -0.218499 0.975244 0.0340246 -61.6697 0.0270623 -0.0287978 0.999219 3.26728
0.975848 0.217693 -0.0181786 114.22 -0.217019 0.975601 0.0332416 -61.8384 0.0249715 -0.0284937 0.999282 3.27064
0.976202 0.216252 -0.0162738 115.016 -0.215651 0.97593 0.0324757 -62.0238 0.022905 -0.0281934 0.99934 3.28251
0.976291 0.21576 -0.0174006 115.833 -0.215331 0.976255 0.023626 -62.2018 0.022085 -0.019319 0.999569 3.32518
0.976569 0.214634 -0.0156261 116.633 -0.214266 0.97652 0.0223432 -62.3697 0.0200549 -0.0184715 0.999628 3.33366
0.976395 0.215367 -0.0164457 117.495 -0.214866 0.976248 0.0278003 -62.542 0.0220424 -0.0236104 0.999478 3.37217
0.97621 0.215983 -0.0190924 118.318 -0.215359 0.976066 0.0302628 -62.6999 0.0251717 -0.0254311 0.99936 3.38555
0.975971 0.217023 -0.0195287 119.118 -0.216245 0.975686 0.0356903 -62.8827 0.0267995 -0.0306097 0.999172 3.41172
0.975403 0.219686 -0.018102 119.947 -0.218869 0.974979 0.0388949 -63.0457 0.0261937 -0.0339762 0.999079 3.44593
0.974766 0.22269 -0.0154972 120.798 -0.221854 0.974119 0.0432687 -63.2307 0.0247316 -0.0387388 0.998943 3.46816
0.974184 0.225253 -0.0150685 121.619 -0.224338 0.973375 0.0470546 -63.4167 0.0252664 -0.0424594 0.998779 3.49513
0.973613 0.227451 -0.0185308 122.478 -0.226433 0.972963 0.0455076 -63.6006 0.0283805 -0.0401108 0.998792 3.51991
0.97336 0.228412 -0.0199801 123.335 -0.227602 0.973079 0.0362698 -63.8135 0.0277266 -0.0307561 0.999142 3.57361
0.973354 0.228209 -0.0224025 124.154 -0.227465 0.973276 0.0315105 -64.0079 0.0289948 -0.0255751 0.999252 3.5985
0.972958 0.229839 -0.0229595 125.009 -0.229164 0.972965 0.0286954 -64.197 0.0289341 -0.022658 0.999324 3.65817
0.972781 0.230919 -0.0193319 125.828 -0.230258 0.972623 0.0313906 -64.4021 0.0260513 -0.0260848 0.99932 3.70381
0.972755 0.231458 -0.013221 126.681 -0.23095 0.972443 0.031893 -64.591 0.0202385 -0.0279707 0.999404 3.74328
0.97257 0.232474 -0.00798776 127.518 -0.232047 0.972029 0.0362343 -64.7894 0.0161879 -0.0333869 0.999311 3.73306
0.971954 0.234677 -0.0152039 128.342 -0.23406 0.971618 0.034278 -64.9802 0.0228167 -0.029758 0.999297 3.76454
0.971467 0.235337 -0.0294528 129.17 -0.234376 0.971595 0.03272 -65.1671 0.0363165 -0.0248833 0.99903 3.80663
0.971239 0.235081 -0.0378391 129.973 -0.234044 0.971766 0.0298953 -65.3611 0.0437986 -0.0201795 0.998837 3.88233
0.971743 0.233979 -0.0311346 130.832 -0.23312 0.972019 0.0288838 -65.565 0.0370216 -0.0208096 0.999098 3.87101
0.972477 0.232624 -0.0132509 131.638 -0.23229 0.972379 0.0228065 -65.7627 0.0181902 -0.0191007 0.999652 3.88013
0.973004 0.230789 -0.00078564 132.451 -0.230744 0.97287 0.0167759 -65.973 0.00463601 -0.0161417 0.999859 3.8465
0.973178 0.230042 -0.00246046 133.288 -0.229929 0.972943 0.0226652 -66.1468 0.00760785 -0.0214916 0.99974 3.90241
0.973327 0.228936 -0.0149041 134.092 -0.228366 0.973028 0.0326356 -66.3128 0.0219736 -0.0283615 0.999356 3.96362
0.973325 0.228154 -0.0241667 134.878 -0.227337 0.973276 0.0324348 -66.5074 0.0309209 -0.0260756 0.999182 3.97113
0.973637 0.22669 -0.0253331 135.704 -0.225861 0.973638 0.0318809 -66.6802 0.0318924 -0.0253187 0.999171 4.00702
0.974419 0.223419 -0.0243078 136.493 -0.222697 0.97445 0.0292126 -66.865 0.0302134 -0.0230521 0.999278 4.04463
0.975217 0.219824 -0.0250764 137.326 -0.219029 0.975226 0.0309835 -67.0449 0.0312661 -0.0247232 0.999205 4.06995
0.976316 0.214698 -0.0266953 138.131 -0.213828 0.976345 0.0320661 -67.2116 0.0329483 -0.0255985 0.999129 4.1075
0.977003 0.211588 -0.0263648 138.929 -0.210549 0.976867 0.0374136 -67.3672 0.0336711 -0.0310022 0.998952 4.13478
0.977459 0.209738 -0.0241722 139.712 -0.208579 0.977046 0.0433075 -67.5003 0.0327006 -0.0372895 0.998769 4.1685
0.977821 0.20827 -0.0221171 140.547 -0.207146 0.97729 0.044662 -67.6735 0.0309165 -0.03909 0.998757 4.22165
0.97813 0.207166 -0.0185363 141.341 -0.206163 0.977461 0.0454515 -67.8507 0.0275345 -0.0406359 0.998795 4.24362
0.97857 0.205094 -0.018376 142.146 -0.204103 0.977901 0.0452959 -68.0307 0.0272598 -0.0405746 0.998805 4.28086
0.979071 0.202438 -0.0209363 142.915 -0.201451 0.97861 0.0417114 -68.173 0.0289325 -0.0366208 0.99891 4.30822
0.979798 0.198264 -0.0262089 143.724 -0.197212 0.979623 0.038032 -68.3477 0.0332152 -0.032095 0.998933 4.35478
0.981084 0.191554 -0.0279454 144.511 -0.190515 0.981022 0.0360576 -68.4988 0.0343221 -0.0300515 0.998959 4.3831
0.982445 0.185158 -0.0227616 145.289 -0.184339 0.982276 0.0339711 -68.6453 0.0286482 -0.0291789 0.999164 4.42707
0.983704 0.179121 -0.0155579 146.074 -0.178581 0.983435 0.0310535 -68.7717 0.0208625 -0.0277691 0.999397 4.44223
0.984574 0.174776 -0.00820736 146.871 -0.174435 0.984151 0.0319119 -68.9183 0.0136547 -0.029988 0.999457 4.44998
0.985363 0.170424 -0.00395683 147.683 -0.170164 0.984718 0.0370829 -69.0455 0.0102162 -0.0358668 0.999304 4.44849
0.986074 0.166088 -0.00855348 148.5 -0.16564 0.985419 0.038901 -69.1746 0.0148898 -0.0369425 0.999206 4.49807
0.987114 0.159033 -0.0177295 149.277 -0.158267 0.986646 0.0384868 -69.2807 0.0236134 -0.0351849 0.999102 4.53619
0.987921 0.153077 -0.0240537 150.08 -0.152074 0.987594 0.0391433 -69.4152 0.0297473 -0.0350126 0.998944 4.56349
0.988848 0.146996 -0.0239179 150.897 -0.145991 0.988501 0.0394079 -69.5298 0.0294357 -0.0354766 0.998937 4.60888
0.990159 0.138526 -0.0198861 151.698 -0.137579 0.989558 0.0429826 -69.642 0.0256326 -0.0398237 0.998878 4.61374
0.991107 0.131467 -0.0205764 152.491 -0.130333 0.990251 0.0491653 -69.7274 0.0268394 -0.0460463 0.998579 4.65223
0.992139 0.122334 -0.0263701 153.299 -0.120885 0.99136 0.0509116 -69.7963 0.0323704 -0.0473237 0.998355 4.68719
0.993087 0.113705 -0.0291289 154.128 -0.112168 0.992437 0.0498746 -69.8876 0.0345796 -0.0462625 0.998331 4.73152
0.994064 0.105308 -0.0273486 154.979 -0.103884 0.993377 0.0490915 -69.9779 0.0323372 -0.0459589 0.99842 4.75447
0.995037 0.0972134 -0.021238 155.783 -0.0960419 0.994092 0.0505646 -70.0318 0.0260281 -0.0482739 0.998495 4.77405
0.995943 0.0887549 -0.0148105 156.592 -0.087844 0.994685 0.053716 -70.0898 0.0194993 -0.052197 0.998446 4.82126
0.996654 0.0807575 -0.0126477 157.436 -0.0799754 0.995365 0.0534056 -70.1585 0.016902 -0.0522154 0.998493 4.85037
0.997114 0.0750873 -0.0112281 158.263 -0.0743802 0.995776 0.0538387 -70.215 0.0152233 -0.0528482 0.998487 4.862
0.997425 0.0707664 -0.011651 159.083 -0.0700463 0.996102 0.0536089 -70.2753 0.0153993 -0.0526547 0.998494 4.90711
0.99768 0.0661259 -0.0161709 159.92 -0.0650965 0.996219 0.0575325 -70.3107 0.0199141 -0.0563464 0.998213 4.94486
0.997766 0.0628877 -0.0225535 160.734 -0.0613761 0.996162 0.0624011 -70.3487 0.0263912 -0.0608775 0.997796 4.93898
0.997874 0.0601346 -0.0251238 161.509 -0.0584082 0.996203 0.0645667 -70.3886 0.0289111 -0.062962 0.997597 4.98127
0.998194 0.0567974 -0.0195399 162.372 -0.0554102 0.996319 0.0654147 -70.4263 0.0231834 -0.0642138 0.997667 5.02651
0.998471 0.0541408 -0.0111982 163.183 -0.0532883 0.996397 0.0659836 -70.46 0.0147302 -0.0652859 0.997758 4.99565
0.998736 0.0501176 -0.00385559 164.034 -0.0497501 0.996537 0.0666288 -70.4892 0.00718151 -0.0663528 0.99777 4.99784
0.998948 0.0454788 -0.00594699 164.787 -0.0450079 0.996947 0.0638002 -70.5167 0.0088304 -0.0634654 0.997945 5.02009
0.99904 0.0409214 -0.0156232 165.612 -0.0399873 0.997628 0.0560275 -70.546 0.0178789 -0.055349 0.998307 5.07993
0.999199 0.0341329 -0.0208926 166.443 -0.0329816 0.998041 0.0531672 -70.575 0.0226664 -0.0524355 0.998367 5.09165
0.999415 0.0274268 -0.0204537 167.279 -0.0262493 0.998098 0.0557713 -70.5912 0.0219444 -0.0552017 0.998234 5.09836
0.999699 0.0195722 -0.0147847 168.046 -0.0188216 0.998606 0.0493048 -70.6019 0.0157291 -0.0490117 0.998674 5.0949
0.999857 0.0119759 -0.0119076 168.918 -0.011448 0.99899 0.0434534 -70.6144 0.0124159 -0.0433109 0.998984 5.1136
0.999947 0.00585833 -0.00847933 169.728 -0.00553694 0.999283 0.0374426 -70.6519 0.00869261 -0.0373937 0.999263 5.11246
0.999964 -0.00054431 -0.0084708 170.619 0.000830038 0.999429 0.033764 -70.6258 0.00844759 -0.0337698 0.999394 5.14236
0.999857 -0.00657407 -0.0155761 171.416 0.00702019 0.999562 0.0287614 -70.6298 0.0153802 -0.0288666 0.999465 5.16995
0.999595 -0.0137232 -0.0249259 172.195 0.0143531 0.999578 0.0252718 -70.6228 0.0245686 -0.0256193 0.99937 5.20892
0.999358 -0.0200867 -0.0296603 173.072 0.0207204 0.99956 0.0212146 -70.62 0.0292211 -0.0218156 0.999335 5.22922
0.999373 -0.0272061 -0.0226799 173.924 0.0276864 0.999393 0.0211352 -70.5949 0.0220911 -0.0217498 0.999519 5.25564
0.99941 -0.032489 -0.0111693 174.825 0.032738 0.999202 0.0228813 -70.5552 0.010417 -0.0232335 0.999676 5.23357
0.999328 -0.036496 -0.00333317 175.642 0.0365593 0.999101 0.0214753 -70.5132 0.00254641 -0.0215827 0.999764 5.23348
0.999166 -0.0404048 -0.00588232 176.491 0.040511 0.998994 0.0192172 -70.4705 0.00509994 -0.0194395 0.999798 5.24236
0.998967 -0.0426108 -0.0157765 177.333 0.0429522 0.998835 0.0219717 -70.4164 0.0148219 -0.0226266 0.999634 5.29601
0.998656 -0.0447368 -0.0261785 178.169 0.0455889 0.998418 0.0329147 -70.3345 0.0246646 -0.0340639 0.999115 5.3091
0.998485 -0.0467315 -0.0290646 178.983 0.0476068 0.99841 0.0301929 -70.284 0.0276075 -0.0315308 0.999121 5.3444
0.998526 -0.0487313 -0.0238822 179.83 0.0492833 0.998518 0.0230938 -70.2294 0.0227215 -0.0242368 0.999448 5.36678
0.99863 -0.049586 -0.0167089 180.712 0.0499184 0.998551 0.0200968 -70.2039 0.0156882 -0.0209033 0.999658 5.36139
0.9987 -0.0498103 -0.0107879 181.539 0.0500267 0.998531 0.0208153 -70.1642 0.00973519 -0.021328 0.999725 5.37396
0.998611 -0.0516496 -0.0104511 182.423 0.0518416 0.998474 0.0190188 -70.1289 0.00945284 -0.0195342 0.999765 5.40477
0.998392 -0.0533005 -0.0192834 183.245 0.05355 0.998485 0.0126615 -70.0342 0.0185793 -0.0136738 0.999734 5.4593
0.997999 -0.0557087 -0.029911 184.058 0.0558404 0.998433 0.00358469 -70.0252 0.0296645 -0.00524776 0.999546 5.4986
0.997737 -0.0582223 -0.0336242 184.95 0.0582081 0.998303 -0.0014024 -69.974 0.0336488 -0.000557976 0.999434 5.51716
0.997861 -0.0583189 -0.0295206 185.767 0.0583739 0.998294 0.0010035 -69.9145 0.0294117 -0.00272458 0.999564 5.55263
0.997996 -0.0599512 -0.0202328 186.664 0.0600241 0.998192 0.00301267 -69.8577 0.0200156 -0.00422109 0.999791 5.54618
0.997976 -0.0614777 -0.0162816 187.494 0.0614411 0.998107 -0.00273962 -69.7816 0.0164192 0.00173372 0.999864 5.58028
0.997859 -0.0626467 -0.0188031 188.304 0.0624857 0.998005 -0.00902938 -69.7206 0.0193312 0.00783512 0.999782 5.64128
0.997734 -0.0626199 -0.0246279 189.142 0.0626057 0.998037 -0.00134593 -69.6987 0.0246639 -0.000198966 0.999696 5.67702
0.997716 -0.0626257 -0.0253026 189.995 0.0626848 0.998032 0.00154584 -69.5948 0.025156 -0.0031284 0.999679 5.72318
0.997751 -0.0627556 -0.0235476 190.804 0.0629011 0.998005 0.00548992 -69.5442 0.0231561 -0.00695874 0.999708 5.71883
0.997754 -0.0638478 -0.0202628 191.669 0.0640767 0.997886 0.010857 -69.4668 0.0195268 -0.0121309 0.999736 5.73627
0.997799 -0.0637332 -0.0182833 192.515 0.0639789 0.997864 0.0131812 -69.4221 0.0174042 -0.0143219 0.999746 5.75873
0.997748 -0.0644007 -0.0187723 193.365 0.064749 0.997729 0.018577 -69.3626 0.0175333 -0.0197506 0.999651 5.78072
0.997656 -0.064754 -0.0221391 194.19 0.0652192 0.99765 0.0209779 -69.3103 0.0207287 -0.0223727 0.999535 5.79409
0.997501 -0.0653209 -0.026914 194.957 0.0659277 0.997575 0.0223104 -69.25 0.0253914 -0.024029 0.999389 5.84134
0.99742 -0.0668748 -0.0261119 195.821 0.0674929 0.997442 0.0235509 -69.1742 0.0244701 -0.0252525 0.999382 5.88807
0.997419 -0.0694488 -0.0182256 196.632 0.0699594 0.997126 0.0290598 -69.1529 0.0161551 -0.0302599 0.999412 5.88026
0.997396 -0.0715496 -0.00905989 197.399 0.0717778 0.997026 0.0280378 -69.0976 0.00702685 -0.0286151 0.999566 5.88616
0.997356 -0.0723558 -0.00677805 198.183 0.0724859 0.997138 0.0214737 -69.0502 0.00520491 -0.0219082 0.999746 5.9157
