1 0 0 0 0 1 0 0 -0 0 1 0
0.998947 0.0458618 -0.00154465 0.974377 -0.0458636 0.998947 -0.0011949 -0.0142731 0.00148822 0.00126449 0.999998 0.0738701
0.995882 0.0904303 -0.00646535 2.07377 -0.0904604 0.99589 -0.00450982 -0.0826608 0.00603095 0.00507611 0.999969 0.0839495
0.99066 0.136009 -0.00975513 3.01143 -0.136057 0.990691 -0.00441759 -0.210092 0.00906348 0.00570359 0.999943 0.113916
0.983168 0.182305 -0.0120699 4.01475 -0.18235 0.98323 -0.00270234 -0.365297 0.0113749 0.00485781 0.999924 0.107422
0.973681 0.227561 -0.012728 4.9727 -0.227637 0.973734 -0.00487462 -0.58588 0.0112844 0.0076437 0.999907 0.141148
0.961903 0.273016 -0.0142932 5.92315 -0.273123 0.96196 -0.00612703 -0.832871 0.0120767 0.00979741 0.999879 0.161062
0.948283 0.316899 -0.0182806 6.91789 -0.31709 0.948356 -0.00864093 -1.14832 0.0145983 0.0139907 0.999796 0.172335
0.933112 0.359 -0.0205315 7.79571 -0.359254 0.933183 -0.010301 -1.49855 0.0154616 0.016988 0.999736 0.24383
0.915484 0.401762 -0.0218296 8.70136 -0.40204 0.915565 -0.010173 -1.87156 0.0158993 0.0180896 0.99971 0.226635
0.895778 0.443981 -0.0215101 9.59316 -0.444267 0.895829 -0.0108457 -2.31422 0.0144541 0.0192715 0.99971 0.264742
0.873943 0.485585 -0.0207848 10.4506 -0.485856 0.873973 -0.0107225 -2.78139 0.0129587 0.0194693 0.999726 0.30435
0.849617 0.526982 -0.0209781 11.3286 -0.527259 0.849636 -0.010755 -3.26935 0.012156 0.0201986 0.999722 0.315073
0.823833 0.566426 -0.0214689 12.1198 -0.566718 0.823838 -0.0110262 -3.81262 0.0114414 0.0212506 0.999709 0.335819
0.796437 0.604266 -0.0234518 12.8977 -0.604622 0.79641 -0.0127899 -4.3905 0.0109488 0.0243659 0.999643 0.384679
0.767082 0.641053 -0.0252321 13.7031 -0.641449 0.767064 -0.0125213 -4.98487 0.0113278 0.02579 0.999603 0.37919
0.736488 0.675895 -0.0274296 14.3496 -0.67638 0.736392 -0.0153754 -5.62324 0.00980683 0.0298766 0.999505 0.419544
0.704335 0.709335 -0.0274862 15.0498 -0.709814 0.704231 -0.0149413 -6.30677 0.00875825 0.0300338 0.999511 0.441098
0.669462 0.742264 -0.0294102 15.7412 -0.742789 0.669377 -0.0140954 -7.00219 0.00922397 0.0312819 0.999468 0.43282
0.634033 0.772611 -0.0327666 16.339 -0.77325 0.633927 -0.0148755 -7.73501 0.00927861 0.0347684 0.999352 0.477257
0.596872 0.801624 -0.0337887 16.9559 -0.802284 0.596784 -0.0137584 -8.51057 0.0091355 0.0353202 0.999334 0.490424
0.559493 0.82801 -0.0369669 17.4704 -0.828778 0.559422 -0.0132022 -9.2692 0.00974852 0.0380239 0.999229 0.516451
0.520298 0.852964 -0.0417384 17.9649 -0.853904 0.520299 -0.0117021 -10.0819 0.011735 0.0417292 0.99906 0.540844
0.480924 0.875662 -0.0439191 18.4603 -0.876686 0.480938 -0.0109368 -10.9331 0.0115454 0.043763 0.998975 0.543889
0.442598 0.895465 -0.0474362 18.8611 -0.896668 0.442525 -0.0125952 -11.7779 0.00971315 0.0481091 0.998795 0.558683
0.405294 0.912761 -0.0510386 19.2772 -0.914149 0.405148 -0.013647 -12.6725 0.00822171 0.0521879 0.998603 0.589755
0.369059 0.927937 -0.0522405 19.6381 -0.929371 0.368947 -0.0121356 -13.5829 0.00801292 0.0530296 0.998561 0.604148
0.336009 0.940391 -0.0525566 19.9742 -0.941839 0.335836 -0.0123581 -14.476 0.00602898 0.0536523 0.998541 0.612153
0.302207 0.951734 -0.0536028 20.26 -0.953238 0.301895 -0.0140228 -15.4408 0.00283641 0.055334 0.998464 0.611809
0.269308 0.961509 -0.0545266 20.5299 -0.963054 0.268925 -0.0143717 -16.3491 0.000845017 0.0563825 0.998409 0.634127
0.237026 0.970093 -0.0523216 20.8097 -0.971503 0.236722 -0.0120184 -17.3664 0.000726697 0.0536793 0.998558 0.652776
0.20494 0.977398 -0.0518917 21.0097 -0.978774 0.204701 -0.00992571 -18.3617 0.000920916 0.0528244 0.998603 0.637027
0.174497 0.983214 -0.0533064 21.1778 -0.984657 0.174199 -0.0102135 -19.3139 -0.000756087 0.0542708 0.998526 0.636297
0.144019 0.988038 -0.0551303 21.3545 -0.989572 0.143648 -0.0106541 -20.3631 -0.00260734 0.0560898 0.998422 0.65741
0.11322 0.992113 -0.0537803 21.477 -0.993556 0.112766 -0.01142 -21.385 -0.00526538 0.0547267 0.998487 0.658089
0.0839138 0.994999 -0.0541848 21.6028 -0.996449 0.08341 -0.0114976 -22.423 -0.00692052 0.0549572 0.998465 0.650841
0.0561135 0.996803 -0.0568688 21.6758 -0.998391 0.0555516 -0.0114145 -23.5117 -0.00821887 0.0574178 0.998316 0.645755
0.0310218 0.997674 -0.0606978 21.6998 -0.999476 0.0303987 -0.0111626 -24.5815 -0.00929146 0.0610122 0.998094 0.640529
0.00818752 0.997844 -0.0651113 21.7093 -0.999918 0.00753055 -0.0103291 -25.6827 -0.00981652 0.0651905 0.997825 0.621475
-0.0126659 0.997395 -0.0710086 21.6968 -0.999847 -0.0134912 -0.0111557 -26.8016 -0.0120847 0.0708564 0.997413 0.636756
-0.0301845 0.996691 -0.0754678 21.664 -0.999451 -0.0311294 -0.0113756 -27.9177 -0.0136872 0.075083 0.997083 0.617786
-0.0457858 0.99585 -0.0786527 21.6462 -0.998838 -0.0468216 -0.0113751 -29.0496 -0.0150105 0.0780405 0.996837 0.610249
-0.0597541 0.994938 -0.0807978 21.5652 -0.998069 -0.0609255 -0.0121087 -30.1813 -0.0169701 0.0799182 0.996657 0.595781
-0.073424 0.993937 -0.0818438 21.5186 -0.997121 -0.0747197 -0.0128789 -31.3176 -0.0189162 0.0806626 0.996562 0.587738
-0.0852028 0.992963 -0.0822449 21.4145 -0.996168 -0.0865292 -0.0126936 -32.4844 -0.0197209 0.0808483 0.996531 0.57706
-0.0977328 0.991854 -0.0816978 21.2979 -0.995041 -0.0989121 -0.0105048 -33.6217 -0.0185001 0.080266 0.996602 0.550366
-0.107626 0.990812 -0.0818978 21.1804 -0.994063 -0.108572 -0.00717614 -34.815 -0.016002 0.0806392 0.996615 0.539734
-0.117289 0.989657 -0.0825977 21.024 -0.992989 -0.118102 -0.00501588 -36.0224 -0.014719 0.0814303 0.99657 0.522578
-0.124485 0.988797 -0.0823615 20.9059 -0.992121 -0.125223 -0.00383221 -37.2107 -0.0141028 0.0812356 0.996595 0.503199
-0.130155 0.988066 -0.0823745 20.7313 -0.991399 -0.13084 -0.00295298 -38.4568 -0.0136956 0.0812816 0.996597 0.478441
-0.135395 0.987329 -0.0827582 20.5686 -0.990708 -0.135998 -0.00165903 -39.7456 -0.0128929 0.0817646 0.996568 0.465921
-0.139964 0.986755 -0.0820081 20.4145 -0.990092 -0.140421 0.000205034 -40.9916 -0.0113133 0.0812243 0.996632 0.450079
-0.144698 0.986089 -0.081803 20.2283 -0.989416 -0.145105 0.000984062 -42.3214 -0.0108996 0.0810795 0.996648 0.441721
-0.147682 0.985628 -0.0820176 20.0184 -0.988964 -0.148159 0.000270067 -43.6442 -0.0118855 0.0811523 0.996631 0.423423
-0.149512 0.985294 -0.0827219 19.8339 -0.98866 -0.15016 -0.00164252 -44.9944 -0.0140399 0.0815383 0.996571 0.40743
-0.151486 0.98492 -0.0835742 19.6258 -0.988347 -0.1522 -0.00220491 -46.3922 -0.0148917 0.0822663 0.996499 0.383194
-0.153864 0.984467 -0.0845622 19.3956 -0.987978 -0.154582 -0.00196542 -47.8166 -0.0150066 0.0832431 0.996416 0.381942
-0.154829 0.984249 -0.0853318 19.2008 -0.987828 -0.155542 -0.00172697 -49.1536 -0.0149725 0.0840257 0.996351 0.334218
-0.156626 0.98384 -0.0867564 19.0016 -0.98755 -0.157303 -0.000980211 -50.6265 -0.0146114 0.0855227 0.996229 0.3388
-0.156415 0.983853 -0.0869899 18.779 -0.987595 -0.157022 -0.000133007 -52.0574 -0.0137902 0.08589 0.996209 0.298747
-0.15534 0.984143 -0.0856235 18.5068 -0.987784 -0.155824 0.0010386 -53.558 -0.0123201 0.0847389 0.996327 0.292179
-0.154314 0.984319 -0.0854571 18.2801 -0.987946 -0.154796 0.000997716 -55.0151 -0.0122464 0.084581 0.996341 0.271068
-0.152696 0.984554 -0.0856536 18.0418 -0.988192 -0.153218 0.000485475 -56.5579 -0.0126457 0.0847164 0.996325 0.242264
-0.151396 0.984728 -0.0859683 17.8207 -0.988398 -0.151887 0.000839157 -58.106 -0.0122311 0.0850979 0.996298 0.239859
-0.15081 0.984851 -0.0855791 17.6043 -0.988498 -0.151222 0.00168955 -59.6783 -0.0112775 0.0848496 0.99633 0.211077
-0.149344 0.985008 -0.0863445 17.3592 -0.988726 -0.149718 0.00216724 -61.2393 -0.0107926 0.0856948 0.996263 0.198247
-0.149382 0.985006 -0.086302 17.1253 -0.988719 -0.149768 0.00202524 -62.7927 -0.0109304 0.085631 0.996267 0.17844
-0.148191 0.985016 -0.0882179 16.871 -0.988879 -0.14872 0.000585593 -64.4652 -0.0125429 0.0873237 0.996101 0.169125
-0.147105 0.984964 -0.0905897 16.6301 -0.989018 -0.147791 -0.000876196 -66.0686 -0.0142514 0.089466 0.995888 0.131974
-0.146001 0.984946 -0.0925419 16.3595 -0.98919 -0.146638 -8.39083e-05 -67.7417 -0.0136528 0.0915293 0.995709 0.114966
-0.146082 0.984986 -0.0919908 16.1499 -0.989194 -0.146608 0.00104921 -69.3641 -0.0124532 0.0911501 0.995759 0.123729
-0.14549 0.984967 -0.0931318 15.9142 -0.989283 -0.146006 0.00128551 -71.0878 -0.0123316 0.0923207 0.995653 0.0924091
-0.144977 0.985064 -0.0929052 15.6612 -0.989353 -0.145532 0.000815634 -72.7608 -0.0127172 0.0920344 0.995675 0.091385
-0.143984 0.98523 -0.0926846 15.4175 -0.989495 -0.144569 0.000406471 -74.4942 -0.0129989 0.0917694 0.995695 0.0506946
-0.14431 0.985043 -0.0941486 15.1366 -0.989438 -0.144957 -3.10358e-05 -76.2385 -0.0136781 0.0931498 0.995558 0.0455839
-0.143519 0.985064 -0.0951376 14.9093 -0.989556 -0.144147 0.000273074 -77.9249 -0.0134448 0.0941832 0.995464 0.026349
-0.144072 0.984985 -0.0951195 14.6779 -0.989483 -0.144646 0.000875086 -79.6616 -0.0128967 0.0942452 0.995465 0.015343
-0.144378 0.985004 -0.0944613 14.4181 -0.989451 -0.144861 0.00176052 -81.4511 -0.0119496 0.093719 0.995527 -0.0133569
-0.145909 0.984813 -0.0940936 14.1729 -0.989231 -0.146349 0.00225199 -83.2346 -0.0115527 0.0934088 0.995561 -0.0245122
-0.146744 0.984829 -0.0926169 13.8948 -0.989114 -0.147123 0.00275967 -85.0493 -0.0109082 0.0920136 0.995698 -0.0272499
-0.148342 0.984695 -0.0914923 13.6385 -0.988871 -0.148761 0.00226481 -86.8465 -0.0113803 0.09081 0.995803 -0.0486294
-0.148896 0.984656 -0.0910103 13.3595 -0.988782 -0.149357 0.00176533 -88.7139 -0.0118548 0.0902522 0.995848 -0.049591
-0.149801 0.984731 -0.0886807 13.0915 -0.988639 -0.150308 0.000965867 -90.5341 -0.0123783 0.0878179 0.99606 -0.0795806
-0.151347 0.984504 -0.088577 12.8144 -0.988408 -0.15181 0.00152207 -92.3977 -0.0119484 0.0877806 0.996068 -0.0836534
-0.153864 0.984189 -0.0877323 12.5581 -0.988028 -0.15426 0.00228879 -94.2433 -0.011281 0.0870341 0.996141 -0.109026
-0.158181 0.983527 -0.0874895 12.2529 -0.987348 -0.158543 0.00283258 -96.1305 -0.011085 0.0868306 0.996161 -0.124675
-0.162354 0.982992 -0.0858419 11.9499 -0.986664 -0.16275 0.00240199 -98.0203 -0.0116097 0.0850871 0.996306 -0.151672
-0.167031 0.982358 -0.0841025 11.6368 -0.985875 -0.167473 0.00181871 -99.9452 -0.0122983 0.0832183 0.996455 -0.172315
-0.17235 0.981431 -0.084198 11.361 -0.984961 -0.172757 0.00248481 -101.794 -0.0121071 0.08336 0.996446 -0.175464
-0.176939 0.980588 -0.084495 11.0372 -0.984158 -0.177251 0.00386084 -103.719 -0.0111909 0.0838396 0.996416 -0.191727
-0.182114 0.979715 -0.0836248 10.6777 -0.983228 -0.182297 0.00550964 -105.682 -0.00984668 0.0832256 0.996482 -0.204457
-0.187404 0.978865 -0.0818678 10.3256 -0.982236 -0.187559 0.00587262 -107.594 -0.0096065 0.081514 0.996626 -0.220888
-0.192229 0.978038 -0.0805556 9.96141 -0.9813 -0.192396 0.00575187 -109.545 -0.00987303 0.0801549 0.996734 -0.231197
-0.198551 0.976971 -0.0781341 9.59971 -0.980033 -0.198775 0.00497203 -111.491 -0.0106736 0.0775612 0.99693 -0.241232
-0.203132 0.976063 -0.077711 9.18915 -0.979085 -0.203402 0.00451268 -113.486 -0.0114019 0.0770023 0.996966 -0.259514
-0.208596 0.974873 -0.0781739 8.78279 -0.977926 -0.20891 0.00423439 -115.457 -0.0122033 0.0773316 0.996931 -0.26962
-0.214558 0.973611 -0.07776 8.3732 -0.976647 -0.214774 0.00568022 -117.444 -0.0111705 0.0771628 0.996956 -0.271469
-0.219877 0.972469 -0.0771841 7.93604 -0.97547 -0.220034 0.00657586 -119.384 -0.0105883 0.0767366 0.996995 -0.294274
-0.22608 0.97104 -0.0772602 7.50567 -0.974041 -0.226287 0.00617568 -121.385 -0.0114861 0.0766508 0.996992 -0.289239
-0.231773 0.969726 -0.0768987 7.03898 -0.972697 -0.231997 0.00613045 -123.364 -0.0118954 0.07622 0.99702 -0.307298
-0.236989 0.968509 -0.0763348 6.57818 -0.971447 -0.237152 0.00705795 -125.365 -0.0112672 0.0758279 0.997057 -0.322509
-0.242428 0.967287 -0.0747331 6.07185 -0.970104 -0.242586 0.00709157 -127.408 -0.0112697 0.0742181 0.997178 -0.342526
-0.246405 0.966125 -0.0767298 5.59969 -0.969089 -0.246614 0.00687837 -129.406 -0.0122773 0.0760529 0.997028 -0.353284
-0.249904 0.965021 -0.0792626 5.06853 -0.968173 -0.250201 0.00632425 -131.445 -0.0137285 0.0783204 0.996834 -0.36333
-0.254396 0.963777 -0.080106 4.54736 -0.967008 -0.254639 0.00733967 -133.499 -0.0133243 0.0793303 0.996759 -0.380313
-0.257541 0.962934 -0.0801881 4.01053 -0.966175 -0.257773 0.00763141 -135.5 -0.0133218 0.0794412 0.996751 -0.394388
-0.259948 0.962338 -0.0795744 3.48264 -0.96553 -0.260178 0.00764769 -137.53 -0.0133438 0.0788195 0.9968 -0.41745
-0.264419 0.961189 -0.0787318 2.9408 -0.964322 -0.2646 0.00832509 -139.647 -0.0128304 0.0781241 0.996861 -0.436609
-0.268486 0.960251 -0.0763788 2.39794 -0.963202 -0.268648 0.00833432 -141.632 -0.012516 0.0758059 0.997044 -0.445766
-0.273764 0.958803 -0.0758325 1.83447 -0.961713 -0.273927 0.00844206 -143.685 -0.0126783 0.0752402 0.997085 -0.472406
-0.277505 0.957742 -0.0756369 1.22696 -0.960643 -0.277643 0.00888834 -145.813 -0.0124873 0.0751266 0.997096 -0.476442
-0.282124 0.956412 -0.0753765 0.663247 -0.959301 -0.282222 0.00956716 -147.863 -0.0121228 0.0750079 0.997109 -0.498395
-0.287161 0.955076 -0.0732661 0.0399847 -0.957803 -0.287282 0.00909805 -149.961 -0.0123587 0.0727871 0.997271 -0.506715
-0.291032 0.953786 -0.0747901 -0.571885 -0.956622 -0.291193 0.00899 -152.068 -0.0132038 0.0741622 0.997159 -0.525579
-0.295366 0.952362 -0.0759272 -1.20383 -0.955285 -0.295547 0.00910252 -154.15 -0.0137712 0.0752207 0.997072 -0.540952
-0.299478 0.951023 -0.0766006 -1.87234 -0.954007 -0.299622 0.00987282 -156.275 -0.0135619 0.0760342 0.997013 -0.558852
-0.302972 0.949938 -0.0763275 -2.49708 -0.95291 -0.303069 0.0105941 -158.357 -0.0130688 0.075943 0.997027 -0.573368
-0.306318 0.948939 -0.0753978 -3.18998 -0.951858 -0.306301 0.0120704 -160.477 -0.0116403 0.0754654 0.99708 -0.582086
-0.310443 0.947523 -0.0763277 -3.85585 -0.95053 -0.310336 0.0135636 -162.619 -0.0108355 0.0767625 0.996991 -0.597301
-0.313533 0.946549 -0.075779 -4.53308 -0.94952 -0.313388 0.0141074 -164.703 -0.0103949 0.0763768 0.997025 -0.609265
-0.316722 0.945567 -0.0747723 -5.2473 -0.948461 -0.316583 0.0140241 -166.874 -0.0104109 0.0753604 0.997102 -0.630285
-0.320613 0.94422 -0.0752109 -5.95616 -0.947149 -0.320484 0.0141046 -168.994 -0.0107861 0.075758 0.997068 -0.639517
-0.324118 0.942938 -0.0762583 -6.66868 -0.94595 -0.323999 0.0142747 -171.105 -0.0112475 0.0767632 0.996986 -0.64785
-0.32814 0.941298 -0.0792611 -7.35459 -0.944558 -0.327986 0.0153371 -173.249 -0.0115597 0.0798994 0.996736 -0.664053
-0.331034 0.940211 -0.0801294 -8.11109 -0.94354 -0.330912 0.01518 -175.367 -0.0122434 0.0806303 0.996669 -0.689066
-0.333136 0.939453 -0.0803026 -8.85196 -0.942785 -0.333093 0.0143263 -177.547 -0.0132893 0.0804807 0.996668 -0.698225
-0.336677 0.938288 -0.0791422 -9.61274 -0.94153 -0.336615 0.0145254 -179.698 -0.0130114 0.0794051 0.996758 -0.720004
-0.339365 0.937428 -0.0778473 -10.3765 -0.940591 -0.339145 0.0164343 -181.845 -0.0109956 0.0787996 0.99683 -0.745852
-0.342452 0.936385 -0.0768721 -11.144 -0.939488 -0.342106 0.0180366 -184.003 -0.0094092 0.0783971 0.996878 -0.743428
-0.345869 0.935239 -0.0755215 -11.937 -0.93825 -0.345407 0.0195032 -186.277 -0.00784558 0.0776036 0.996953 -0.76386
-0.349042 0.934181 -0.0740003 -12.7419 -0.937082 -0.348525 0.0202092 -188.429 -0.00691192 0.0763982 0.997053 -0.77438
-0.353781 0.932359 -0.0744643 -13.5304 -0.935301 -0.35326 0.0204976 -190.587 -0.00719418 0.0768981 0.997013 -0.777192
-0.356329 0.931405 -0.0742665 -14.347 -0.934325 -0.355882 0.0196185 -192.758 -0.00815732 0.0763797 0.997045 -0.789641
-0.360309 0.92984 -0.0746603 -15.1689 -0.932787 -0.35993 0.0189446 -194.954 -0.00925701 0.076468 0.997029 -0.790758
-0.364585 0.928193 -0.0744044 -16.0054 -0.931116 -0.364259 0.0183848 -197.171 -0.0100379 0.0759819 0.997059 -0.797961
-0.368057 0.926936 -0.0729606 -16.8736 -0.929754 -0.367712 0.0185847 -199.36 -0.00960169 0.0746756 0.997162 -0.802358
-0.371605 0.925553 -0.0725414 -17.7413 -0.928347 -0.371208 0.0193759 -201.582 -0.00899458 0.0745437 0.997177 -0.812422
-0.375377 0.924028 -0.0725632 -18.6241 -0.926829 -0.374961 0.0197841 -203.779 -0.00892737 0.0746801 0.997168 -0.820293
-0.378059 0.92286 -0.0734879 -19.5253 -0.925737 -0.377624 0.0202689 -205.972 -0.00904536 0.0756933 0.99709 -0.821683
-0.380561 0.921773 -0.074216 -20.4272 -0.924708 -0.380127 0.0204431 -208.189 -0.0093676 0.076408 0.997033 -0.82951
-0.383051 0.920559 -0.076442 -21.3249 -0.923671 -0.382624 0.0207488 -210.431 -0.0101481 0.0785551 0.996858 -0.835696
-0.38587 0.919312 -0.0772705 -22.2042 -0.922491 -0.385459 0.020772 -212.621 -0.0106886 0.0792966 0.996794 -0.841255
-0.389098 0.918047 -0.0761031 -23.1632 -0.921143 -0.388638 0.0213727 -214.809 -0.0099554 0.0784179 0.996871 -0.852114
-0.391721 0.916984 -0.0754633 -24.0911 -0.920033 -0.391244 0.0216109 -217.016 -0.00970771 0.0778942 0.996914 -0.865322
-0.394764 0.91573 -0.0748411 -24.9827 -0.918744 -0.394183 0.0230003 -219.222 -0.00843908 0.0778395 0.99693 -0.861498
-0.397896 0.914401 -0.0745002 -25.9512 -0.9174 -0.39723 0.0241842 -221.437 -0.00747969 0.0779692 0.996928 -0.8584
-0.400552 0.913453 -0.0718411 -26.8629 -0.916249 -0.399887 0.0240387 -223.579 -0.00677013 0.075453 0.997126 -0.873101
-0.403598 0.911997 -0.0732885 -27.823 -0.914914 -0.402856 0.025296 -225.795 -0.00645485 0.0772621 0.99699 -0.863169
-0.406048 0.91079 -0.07474 -28.8033 -0.913821 -0.40534 0.0250917 -228.038 -0.00744185 0.0784875 0.996887 -0.855977
-0.407991 0.909907 -0.0749218 -29.7498 -0.912942 -0.407405 0.023647 -230.179 -0.00900688 0.078047 0.996909 -0.865472
-0.411852 0.908226 -0.0741804 -30.74 -0.9112 -0.411319 0.0230345 -232.415 -0.00959129 0.0770801 0.996979 -0.87301
-0.414128 0.907297 -0.0728763 -31.7244 -0.910173 -0.413577 0.0232146 -234.617 -0.00907744 0.0759439 0.997071 -0.863452
-0.417535 0.905857 -0.0713238 -32.7182 -0.908614 -0.417023 0.0226396 -236.809 -0.00923545 0.0742586 0.997196 -0.878082
-0.421096 0.904266 -0.0705773 -33.7253 -0.906964 -0.420632 0.0220319 -239.023 -0.00976435 0.0732886 0.997263 -0.877809
-0.423901 0.903002 -0.0699637 -34.7299 -0.905657 -0.423432 0.0221378 -241.239 -0.00963433 0.0727473 0.997304 -0.874281
-0.428101 0.901051 -0.0695463 -35.7072 -0.903676 -0.427652 0.0219831 -243.355 -0.00993376 0.0722583 0.997336 -0.891184
-0.431906 0.899296 -0.0687237 -36.8195 -0.901861 -0.431486 0.0216101 -245.622 -0.0102195 0.0713127 0.997402 -0.886001
-0.435487 0.897618 -0.0680632 -37.8298 -0.900135 -0.435086 0.0213846 -247.748 -0.0104182 0.0705788 0.997452 -0.896643
-0.439612 0.895643 -0.0675619 -38.839 -0.898129 -0.439199 0.0216471 -249.882 -0.0102851 0.0701956 0.99748 -0.904339
-0.443124 0.893917 -0.0674823 -39.9077 -0.896401 -0.442705 0.0218647 -252.065 -0.0103295 0.0701799 0.997481 -0.907171
-0.447158 0.891922 -0.0672724 -40.9677 -0.894393 -0.446747 0.0218752 -254.205 -0.0105428 0.0699496 0.997495 -0.905999
-0.450771 0.890207 -0.0658644 -42.0529 -0.892582 -0.450351 0.0219317 -256.387 -0.0101384 0.0686756 0.997588 -0.917656
-0.45374 0.888691 -0.0659421 -43.1402 -0.891079 -0.453294 0.0224366 -258.525 -0.00995193 0.0689399 0.997571 -0.937149
-0.457437 0.886749 -0.066535 -44.23 -0.889186 -0.456966 0.023031 -260.718 -0.00998148 0.0696972 0.997518 -0.944583
-0.461184 0.884763 -0.0671061 -45.3651 -0.887254 -0.460643 0.0242522 -262.896 -0.00945451 0.0707249 0.997451 -0.940973
-0.464811 0.882752 -0.0685616 -46.4427 -0.885366 -0.464164 0.0260586 -264.983 -0.00882053 0.0728144 0.997307 -0.941869
-0.467911 0.881038 -0.0695081 -47.5629 -0.883733 -0.467214 0.0269684 -267.16 -0.00871501 0.0740454 0.997217 -0.956017
-0.471086 0.879283 -0.0702776 -48.7062 -0.882054 -0.470267 0.028815 -269.361 -0.00771266 0.075563 0.997111 -0.968504
-0.473072 0.878159 -0.0709917 -49.8675 -0.881001 -0.472105 0.0308938 -271.464 -0.00638593 0.0771587 0.996998 -0.971264
-0.47676 0.876041 -0.0724662 -51.0033 -0.879009 -0.475743 0.031817 -273.638 -0.00660223 0.0788675 0.996863 -0.977175
-0.479969 0.874353 -0.0716647 -52.1885 -0.877266 -0.478897 0.0325859 -275.791 -0.00582842 0.0785093 0.996896 -0.979719
-0.483605 0.8724 -0.0710272 -53.2992 -0.875269 -0.482508 0.0330218 -277.98 -0.00546293 0.0781374 0.996928 -0.992447
-0.487138 0.870406 -0.0713442 -54.537 -0.87331 -0.485979 0.0339707 -280.175 -0.00510343 0.078854 0.996873 -0.9966
-0.490309 0.868719 -0.0701732 -55.6904 -0.871539 -0.489096 0.0347101 -282.323 -0.00416819 0.0781774 0.996931 -1.00453
-0.492812 0.867428 -0.0685916 -56.925 -0.870128 -0.491611 0.0345918 -284.524 -0.00371445 0.0767307 0.997045 -1.0122
-0.496247 0.865376 -0.0697364 -58.1412 -0.868171 -0.495038 0.0348917 -286.736 -0.00432769 0.077858 0.996955 -1.01105
-0.497798 0.864361 -0.0712609 -59.3968 -0.867277 -0.4966 0.034898 -288.927 -0.00522368 0.0791751 0.996847 -1.01507
-0.500183 0.862874 -0.0725599 -60.674 -0.865897 -0.499016 0.034717 -291.15 -0.00625214 0.0801943 0.99676 -1.01481
-0.502486 0.861521 -0.0727225 -61.9324 -0.864559 -0.501345 0.0345164 -293.396 -0.00672243 0.0802169 0.996755 -1.018
-0.504515 0.860347 -0.0725711 -63.2159 -0.863373 -0.503413 0.0340945 -295.602 -0.0072002 0.0798571 0.99678 -1.04095
-0.507362 0.858575 -0.0737079 -64.5169 -0.861692 -0.506315 0.0336593 -297.817 -0.00842033 0.080591 0.996712 -1.05766
-0.508707 0.857732 -0.0742482 -65.8224 -0.860895 -0.507663 0.0337369 -300.037 -0.00875584 0.0810821 0.996669 -1.06404
-0.510952 0.856435 -0.0738041 -67.1225 -0.859569 -0.509869 0.0342753 -302.282 -0.00827583 0.0809528 0.996684 -1.08533
-0.513819 0.854952 -0.0710379 -68.4401 -0.857877 -0.512628 0.0354952 -304.532 -0.00606928 0.0791799 0.996842 -1.08596
-0.516708 0.853353 -0.0692987 -69.7872 -0.856144 -0.515528 0.0353462 -306.773 -0.00556264 0.0775933 0.99697 -1.0967
-0.520945 0.850861 -0.06821 -71.1286 -0.853561 -0.51993 0.0332707 -309.013 -0.00715575 0.0755536 0.997116 -1.11474
-0.526267 0.847665 -0.0671277 -72.5039 -0.850272 -0.525427 0.0310472 -311.303 -0.00895306 0.0734159 0.997261 -1.12585
-0.530483 0.845056 -0.0668454 -73.8478 -0.847636 -0.529732 0.029964 -313.53 -0.0100889 0.0725559 0.997313 -1.14232
-0.535077 0.842103 -0.067494 -75.249 -0.844733 -0.534353 0.0298904 -315.828 -0.0108948 0.0730081 0.997272 -1.15508
-0.539763 0.838955 -0.0693545 -76.6814 -0.841742 -0.538979 0.0311651 -318.108 -0.0112345 0.0752004 0.997105 -1.1733
-0.543563 0.836499 -0.0693432 -78.1248 -0.839296 -0.542743 0.0318144 -320.329 -0.0110228 0.0754926 0.997085 -1.19239
-0.547625 0.83375 -0.0704835 -79.5413 -0.836638 -0.54683 0.0318297 -322.6 -0.0120045 0.0763999 0.997005 -1.20621
-0.550958 0.831432 -0.0718726 -80.9925 -0.834416 -0.550278 0.0307374 -324.866 -0.0139939 0.0769066 0.99694 -1.22933
-0.554707 0.828985 -0.0713002 -82.4647 -0.831901 -0.554169 0.0289364 -327.09 -0.0155245 0.0753659 0.997035 -1.25473
-0.558869 0.826222 -0.0708675 -83.9702 -0.829102 -0.558366 0.0285785 -329.365 -0.0159579 0.0747281 0.997076 -1.27283
-0.562655 0.823678 -0.0705226 -85.4789 -0.826523 -0.562214 0.0278393 -331.598 -0.0167182 0.0739525 0.997122 -1.30726
-0.566792 0.820665 -0.072495 -86.9294 -0.823667 -0.566368 0.0282695 -333.801 -0.017859 0.0757347 0.996968 -1.33219
-0.571081 0.817634 -0.0730827 -88.4783 -0.820667 -0.570749 0.0274196 -336.074 -0.0192926 0.0756354 0.996949 -1.35623
-0.574272 0.815458 -0.0723846 -90.0126 -0.818418 -0.574019 0.0263364 -338.282 -0.020074 0.0743651 0.997029 -1.38854
-0.577308 0.81331 -0.0724123 -91.5398 -0.816262 -0.577104 0.0258324 -340.447 -0.0207797 0.0740206 0.99704 -1.42835
-0.581031 0.810586 -0.0731645 -93.1023 -0.813582 -0.580902 0.0252252 -342.732 -0.0220542 0.074182 0.997001 -1.46317
-0.583268 0.809118 -0.0715938 -94.6646 -0.811972 -0.583205 0.0239671 -344.921 -0.0223616 0.0721114 0.997146 -1.49932
-0.586792 0.806896 -0.0677801 -96.2551 -0.809465 -0.586709 0.0232203 -347.165 -0.0210308 0.0684911 0.99743 -1.53638
-0.589374 0.805381 -0.0632417 -97.8214 -0.807617 -0.58931 0.0216521 -349.35 -0.0198308 0.0638363 0.997763 -1.5734
-0.59252 0.80319 -0.0616924 -99.4358 -0.805273 -0.592601 0.0189491 -351.585 -0.0213392 0.0609069 0.997915 -1.59762
-0.595542 0.800847 -0.0630326 -101.054 -0.802993 -0.595714 0.0180811 -353.79 -0.0230692 0.0613827 0.997848 -1.63292
-0.598089 0.798921 -0.0633629 -102.642 -0.80111 -0.598212 0.0191034 -355.954 -0.0226423 0.0621862 0.997808 -1.67936
-0.601571 0.796516 -0.0606207 -104.243 -0.798497 -0.60175 0.0173142 -358.107 -0.0226875 0.0588212 0.998011 -1.71512
-0.605137 0.79379 -0.0608784 -105.924 -0.795712 -0.605506 0.0142988 -360.399 -0.025512 0.0570945 0.998043 -1.77547
-0.607133 0.792332 -0.0599923 -107.56 -0.794136 -0.607626 0.0117527 -362.505 -0.0271409 0.0547775 0.99813 -1.8229
-0.61056 0.789818 -0.0583508 -109.193 -0.791502 -0.611074 0.0106607 -364.711 -0.0272366 0.0526938 0.998239 -1.86522
-0.613841 0.787269 -0.0583643 -110.85 -0.788949 -0.614368 0.0105598 -366.88 -0.0275438 0.0525285 0.998239 -1.91239
-0.615609 0.785919 -0.0579387 -112.491 -0.787557 -0.616162 0.00990814 -369 -0.0279126 0.0517296 0.998271 -1.96751
-0.618803 0.783384 -0.0582456 -114.169 -0.785007 -0.619424 0.00889269 -371.195 -0.0291123 0.051226 0.998263 -2.01371
-0.620554 0.782222 -0.0551509 -115.84 -0.783627 -0.621196 0.00669715 -373.317 -0.0290208 0.0473737 0.998456 -2.05446
-0.623736 0.780313 -0.0454434 -117.505 -0.781198 -0.624276 0.00287807 -375.438 -0.0261234 0.0372954 0.998963 -2.1006
-0.62779 0.777582 -0.0352922 -119.151 -0.778199 -0.627981 0.0067852 -377.555 -0.0168868 0.0317241 0.999354 -2.18053
-0.629971 0.775662 -0.0385451 -120.839 -0.776521 -0.629904 0.0153859 -379.67 -0.0123454 0.0396237 0.999138 -2.16493
-0.631189 0.774252 -0.0461893 -122.546 -0.775449 -0.631205 0.0160871 -381.793 -0.0166995 0.0459715 0.998803 -2.16282
-0.633108 0.772273 -0.0526204 -124.26 -0.773585 -0.633642 0.0079631 -383.912 -0.0271928 0.0457478 0.998583 -2.21363
-0.634859 0.770727 -0.0541656 -125.99 -0.771778 -0.635888 -0.00232414 -386.037 -0.0362345 0.0403283 0.998529 -2.28239
-0.638343 0.768001 -0.0518874 -127.659 -0.768721 -0.639525 -0.00863694 -388.125 -0.0398165 0.0343736 0.998616 -2.36953
-0.640812 0.766007 -0.0509242 -129.4 -0.766672 -0.641974 -0.00911697 -390.24 -0.0396757 0.0331999 0.998661 -2.4617
-0.643579 0.763525 -0.0532537 -131.114 -0.764449 -0.644668 -0.00445049 -392.311 -0.037729 0.0378455 0.998571 -2.52382
-0.646371 0.761107 -0.0540358 -132.857 -0.762254 -0.647277 0.00094941 -394.369 -0.0342535 0.0418027 0.998539 -2.56941
-0.64869 0.759183 -0.0533199 -134.587 -0.760421 -0.649413 0.00477009 -396.443 -0.0310052 0.0436399 0.998566 -2.63675
-0.6513 0.756945 -0.0533056 -136.34 -0.758188 -0.652017 0.00500829 -398.498 -0.0309652 0.0436776 0.998566 -2.70343
-0.65464 0.753943 -0.054912 -138.084 -0.755242 -0.655429 0.00465363 -400.549 -0.0324823 0.0445183 0.99848 -2.76312
-0.656653 0.752134 -0.0556942 -139.857 -0.753448 -0.657494 0.00414203 -402.614 -0.0335033 0.0446826 0.998439 -2.82684
-0.65849 0.750479 -0.0563345 -141.615 -0.751816 -0.65936 0.00403213 -404.63 -0.0341187 0.0450083 0.998404 -2.88935
-0.660322 0.748877 -0.0561994 -143.363 -0.750222 -0.66117 0.00450748 -406.652 -0.0337818 0.0451384 0.998409 -2.9621
-0.661035 0.74819 -0.0569566 -145.139 -0.749581 -0.661895 0.0048432 -408.691 -0.0340757 0.0458951 0.998365 -3.02115
-0.662764 0.746527 -0.0586646 -146.924 -0.747983 -0.663702 0.00451868 -410.73 -0.0355625 0.046875 0.998268 -3.08578
-0.662634 0.746361 -0.0621449 -148.688 -0.747979 -0.663708 0.00434609 -412.731 -0.0380023 0.0493629 0.998058 -3.15587
-0.663722 0.745224 -0.0641478 -150.469 -0.746915 -0.66491 0.00368999 -414.754 -0.0399026 0.0503621 0.997934 -3.23745
-0.665841 0.743506 -0.0620851 -152.263 -0.745112 -0.666926 0.00421704 -416.793 -0.0382708 0.0490683 0.998062 -3.31104
-0.666831 0.743014 -0.0571571 -154.066 -0.744375 -0.667751 0.00390927 -418.798 -0.0352621 0.0451531 0.998358 -3.38473
-0.668042 0.742168 -0.053903 -155.838 -0.743378 -0.668862 0.00370368 -420.796 -0.0333049 0.0425445 0.998539 -3.46292
-0.670087 0.740307 -0.054119 -157.63 -0.7415 -0.670946 0.00302152 -422.822 -0.034074 0.0421539 0.99853 -3.53425
-0.670119 0.740373 -0.0528038 -159.419 -0.741463 -0.670992 0.00159817 -424.833 -0.0342477 0.040223 0.998604 -3.58658
-0.671247 0.739554 -0.0498771 -161.206 -0.740505 -0.67205 0.000898195 -426.831 -0.0328556 0.0375372 0.998755 -3.6652
-0.672777 0.738209 -0.0491916 -162.998 -0.739104 -0.673591 2.22709e-05 -428.808 -0.0331186 0.0363727 0.998789 -3.72491
-0.672292 0.738523 -0.0510719 -164.795 -0.739449 -0.673212 -0.00111808 -430.816 -0.0352079 0.0370134 0.998694 -3.78408
-0.672694 0.737885 -0.0548461 -166.602 -0.738921 -0.673789 -0.00202087 -432.803 -0.0384458 0.0391675 0.998493 -3.86471
-0.671278 0.73863 -0.0617392 -168.398 -0.739897 -0.672712 -0.00338906 -434.787 -0.044036 0.0434056 0.998087 -3.94294
-0.669236 0.740054 -0.0666598 -170.178 -0.741481 -0.670956 -0.00476221 -436.75 -0.0482501 0.0462399 0.997764 -4.01078
-0.668661 0.740947 -0.0623715 -171.978 -0.74208 -0.670275 -0.00703112 -438.751 -0.0470157 0.0415832 0.998028 -4.11665
-0.667574 0.74265 -0.053069 -173.754 -0.743401 -0.668802 -0.00774354 -440.775 -0.0412434 0.0342822 0.998561 -4.23922
-0.666107 0.744314 -0.047928 -175.532 -0.744818 -0.667194 -0.00988113 -442.764 -0.039332 0.0291158 0.998802 -4.33062
-0.664334 0.745991 -0.0464408 -177.294 -0.746447 -0.665368 -0.0100954 -444.776 -0.0384313 0.0279588 0.99887 -4.40452
-0.660993 0.748876 -0.0476807 -179.05 -0.749388 -0.66206 -0.00966021 -446.779 -0.0388018 0.0293461 0.998816 -4.48082
-0.658072 0.751383 -0.0486317 -180.82 -0.751942 -0.659163 -0.00929262 -448.805 -0.0390385 0.030453 0.998774 -4.55329
-0.656773 0.752765 -0.0446673 -182.556 -0.753195 -0.657726 -0.00973429 -450.789 -0.0367065 0.02725 0.998954 -4.62982
-0.654939 0.754634 -0.0397864 -184.309 -0.754802 -0.655809 -0.0137308 -452.84 -0.036454 0.0210381 0.999114 -4.70601
-0.654611 0.755169 -0.034691 -186.071 -0.755049 -0.655388 -0.0191831 -454.898 -0.0372225 0.013636 0.999214 -4.79434
-0.653912 0.756049 -0.0280939 -187.776 -0.755726 -0.654485 -0.0229471 -456.912 -0.0357361 0.00622591 0.999342 -4.86879
-0.653195 0.756743 -0.0260107 -189.524 -0.756379 -0.6537 -0.0238028 -458.964 -0.0350158 0.00412611 0.999378 -4.93776
-0.652561 0.757198 -0.0285616 -191.27 -0.75683 -0.65316 -0.0243024 -460.988 -0.037057 0.00575744 0.999297 -4.99422
-0.651181 0.758277 -0.0312803 -192.974 -0.757896 -0.651891 -0.0251357 -463.006 -0.0394512 0.00733935 0.999195 -5.06261
-0.649383 0.759819 -0.0312536 -194.716 -0.759358 -0.650107 -0.0271531 -465.04 -0.0409496 0.00609989 0.999143 -5.15251
-0.648676 0.760525 -0.0286639 -196.458 -0.760023 -0.649298 -0.0278615 -467.07 -0.0398008 0.00371219 0.999201 -5.24085
-0.647786 0.761354 -0.0267051 -198.172 -0.760888 -0.648329 -0.0268148 -469.144 -0.0377293 0.00294932 0.999284 -5.3229
-0.646789 0.762211 -0.0264218 -199.865 -0.76181 -0.647316 -0.0250522 -471.151 -0.0361983 0.00392491 0.999337 -5.3916
-0.64593 0.762872 -0.0282973 -201.557 -0.76249 -0.646526 -0.0247865 -473.157 -0.0372039 0.00556601 0.999292 -5.45909
-0.644487 0.764012 -0.0303697 -203.269 -0.763634 -0.645164 -0.0250397 -475.195 -0.0387241 0.00705357 0.999225 -5.53231
-0.643698 0.764671 -0.0305164 -204.958 -0.764289 -0.644382 -0.0251885 -477.248 -0.0389251 0.00710952 0.999217 -5.61064
-0.642701 0.765518 -0.0302784 -206.672 -0.765112 -0.64338 -0.0258062 -479.301 -0.0392356 0.00658066 0.999208 -5.68371
-0.64169 0.766353 -0.0305943 -208.398 -0.765916 -0.642388 -0.0266479 -481.343 -0.0400751 0.00633303 0.999177 -5.77065
-0.641274 0.766691 -0.0308538 -210.118 -0.766216 -0.641989 -0.0276303 -483.414 -0.0409917 0.00592211 0.999142 -5.8511
-0.64054 0.767358 -0.0294961 -211.777 -0.766899 -0.641197 -0.0270661 -485.448 -0.0396822 0.00528359 0.999198 -5.9374
-0.639952 0.767869 -0.0289673 -213.488 -0.767449 -0.640583 -0.0259957 -487.517 -0.0385172 0.00559492 0.999242 -6.01558
-0.640004 0.7678 -0.0296098 -215.177 -0.767358 -0.640664 -0.0266781 -489.583 -0.0394534 0.00564723 0.999205 -6.09066
-0.639177 0.768476 -0.0299686 -216.842 -0.768 -0.639856 -0.0275652 -491.635 -0.0403588 0.00539688 0.999171 -6.17395
-0.639026 0.768623 -0.0293956 -218.532 -0.7681 -0.639688 -0.0286768 -493.688 -0.0408456 0.00425353 0.999156 -6.25575
-0.639518 0.768218 -0.0292974 -220.212 -0.767669 -0.640178 -0.0292735 -495.724 -0.041244 0.00376974 0.999142 -6.33628
-0.639581 0.768178 -0.0289477 -221.935 -0.767638 -0.640226 -0.0290394 -497.786 -0.0408405 0.00364823 0.999159 -6.42223
-0.640279 0.76758 -0.0293829 -223.634 -0.767051 -0.640939 -0.0288021 -499.85 -0.0409406 0.0040968 0.999153 -6.50018
-0.639804 0.76796 -0.0298088 -225.34 -0.767384 -0.640487 -0.0299535 -501.91 -0.0420953 0.00371045 0.999107 -6.58693
-0.640243 0.767593 -0.0298353 -227.021 -0.766967 -0.640931 -0.0311319 -503.969 -0.043019 0.00295074 0.99907 -6.66809
-0.641081 0.766896 -0.029763 -228.718 -0.766227 -0.641768 -0.0321071 -506.024 -0.0437237 0.00222194 0.999041 -6.74547
-0.640712 0.767235 -0.0289786 -230.422 -0.766564 -0.641364 -0.0321105 -508.07 -0.0432221 0.00164041 0.999064 -6.85085
-0.640748 0.767217 -0.0286254 -232.116 -0.766565 -0.641385 -0.0316691 -510.117 -0.042657 0.00165132 0.999088 -6.95071
-0.640966 0.767011 -0.029277 -233.822 -0.766391 -0.641629 -0.0309563 -512.184 -0.0425288 0.0025957 0.999092 -7.0244
-0.640099 0.767735 -0.0292512 -235.499 -0.767115 -0.640762 -0.0309701 -514.228 -0.0425198 0.00261509 0.999092 -7.12272
-0.640649 0.767287 -0.0289748 -237.218 -0.76665 -0.6413 -0.0313454 -516.295 -0.0426325 0.00213207 0.999089 -7.1997
-0.6401 0.767776 -0.028135 -238.888 -0.76714 -0.640716 -0.0312848 -518.349 -0.0420463 0.00155805 0.999114 -7.28162
-0.640225 0.767679 -0.0279439 -240.566 -0.767002 -0.640834 -0.0322288 -520.389 -0.0426488 0.000799327 0.99909 -7.38112
-0.640889 0.767084 -0.0290402 -242.278 -0.766372 -0.641546 -0.0330713 -522.458 -0.0439991 0.00106055 0.999031 -7.4674
-0.639592 0.768137 -0.029783 -243.962 -0.767396 -0.640284 -0.0337554 -524.517 -0.0449983 0.00126565 0.998986 -7.55971
-0.639342 0.768348 -0.029701 -245.687 -0.767632 -0.64003 -0.0332109 -526.568 -0.0445271 0.00156631 0.999007 -7.65521
-0.639893 0.767863 -0.0303807 -247.382 -0.767183 -0.640609 -0.0324049 -528.617 -0.0443446 0.00257186 0.999013 -7.74432
-0.639216 0.768395 -0.0311768 -249.049 -0.767721 -0.639968 -0.0323317 -530.666 -0.0447956 0.0032681 0.998991 -7.83517
-0.638883 0.768675 -0.0311048 -250.758 -0.76796 -0.639634 -0.0332502 -532.722 -0.0454543 0.00264421 0.998963 -7.92837
-0.639782 0.767953 -0.0304534 -252.44 -0.767224 -0.640503 -0.0335102 -534.755 -0.0452398 0.00192541 0.998974 -8.03496
-0.639748 0.767997 -0.0300472 -254.136 -0.767273 -0.640451 -0.0333956 -536.825 -0.0448915 0.00168962 0.99899 -8.11894
-0.639592 0.768091 -0.0309589 -255.844 -0.767314 -0.640339 -0.0345788 -538.883 -0.0463838 0.00163888 0.998922 -8.22101
-0.640325 0.767451 -0.0316737 -257.534 -0.766615 -0.641107 -0.0358277 -540.96 -0.0478022 0.00134014 0.998856 -8.31133
-0.640087 0.767667 -0.0312349 -259.227 -0.766772 -0.640849 -0.0370586 -542.98 -0.0484655 0.000229303 0.998825 -8.42704
-0.641024 0.766962 -0.0292916 -260.905 -0.76611 -0.641693 -0.0361357 -545.036 -0.0465109 -0.000723216 0.998918 -8.53027
-0.640671 0.767331 -0.0272722 -262.594 -0.76658 -0.641251 -0.0339391 -547.088 -0.0435308 -0.000837476 0.999052 -8.62477
-0.64115 0.766926 -0.027399 -264.312 -0.76617 -0.641735 -0.0340625 -549.176 -0.0437063 -0.000846855 0.999044 -8.70743
-0.641456 0.766589 -0.0295791 -265.997 -0.765777 -0.642138 -0.0352733 -551.205 -0.046034 2.47584e-05 0.99894 -8.80865
-0.64087 0.767017 -0.031147 -267.706 -0.766161 -0.641627 -0.0362313 -553.284 -0.0477747 0.00064408 0.998858 -8.9122
-0.641027 0.766874 -0.0314362 -269.394 -0.766051 -0.641796 -0.0355425 -555.334 -0.0474323 0.00129803 0.998874 -9.0036
-0.641363 0.76662 -0.0307591 -271.106 -0.765842 -0.642099 -0.0345639 -557.383 -0.0462478 0.00138856 0.998929 -9.10699
-0.641312 0.766641 -0.0313129 -272.794 -0.765883 -0.642072 -0.034141 -559.44 -0.0462791 0.00208697 0.998926 -9.20214
-0.641549 0.766402 -0.0322886 -274.489 -0.765664 -0.642354 -0.0337539 -561.504 -0.0466098 0.00306745 0.998908 -9.29168
-0.640731 0.767032 -0.0335668 -276.186 -0.766259 -0.6416 -0.0345932 -563.532 -0.0480705 0.00355591 0.998838 -9.40441
-0.64047 0.767248 -0.0336016 -277.893 -0.766449 -0.641343 -0.0351394 -565.622 -0.0485108 0.00324817 0.998817 -9.50529
-0.640824 0.766959 -0.0334456 -279.585 -0.766157 -0.641689 -0.0351855 -567.661 -0.0484475 0.00307686 0.998821 -9.60934
-0.640344 0.767322 -0.0342856 -281.294 -0.766539 -0.641249 -0.0348895 -569.722 -0.0487571 0.00393997 0.998803 -9.71442
-0.640021 0.767552 -0.0351763 -283.001 -0.766731 -0.640974 -0.0357181 -571.749 -0.0499626 0.00411044 0.998743 -9.82141
-0.639639 0.767902 -0.0344698 -284.666 -0.767034 -0.64056 -0.0366311 -573.803 -0.0502091 0.00300876 0.998734 -9.93147
-0.63909 0.768399 -0.0335544 -286.359 -0.767448 -0.639969 -0.0382526 -575.871 -0.0508671 0.00130436 0.998705 -10.0495
-0.639244 0.768305 -0.0327879 -288.045 -0.76738 -0.640083 -0.0376899 -577.913 -0.0499443 0.00106774 0.998751 -10.1479
-0.6382 0.769162 -0.0330125 -289.777 -0.768313 -0.639049 -0.0362153 -579.994 -0.048952 0.00225133 0.998799 -10.2652
-0.637605 0.769629 -0.0336431 -291.459 -0.768832 -0.638482 -0.0351724 -582.032 -0.0485503 0.00343981 0.998815 -10.3589
-0.637218 0.769908 -0.0345745 -293.121 -0.769078 -0.638144 -0.0359375 -584.11 -0.0497321 0.00369045 0.998756 -10.4557
-0.636538 0.770434 -0.0353688 -294.8 -0.769596 -0.637506 -0.0361623 -586.16 -0.0504085 0.00420099 0.99872 -10.5731
-0.636407 0.770575 -0.0346438 -296.504 -0.769738 -0.637339 -0.0360976 -588.223 -0.0498957 0.00369393 0.998748 -10.6723
-0.635178 0.771618 -0.0339921 -298.195 -0.770776 -0.636078 -0.036181 -590.279 -0.0495395 0.00321894 0.998767 -10.7818
-0.634811 0.771941 -0.0335031 -299.857 -0.771087 -0.635689 -0.0363913 -592.335 -0.0493894 0.0027322 0.998776 -10.8885
-0.634234 0.772421 -0.0333672 -301.534 -0.771542 -0.635106 -0.0369163 -594.403 -0.0497067 0.00233067 0.998761 -10.9933
-0.634196 0.772482 -0.0326648 -303.206 -0.771569 -0.635035 -0.0375825 -596.452 -0.0497751 0.00136844 0.99876 -11.1034
-0.633673 0.772951 -0.0317127 -304.876 -0.771984 -0.634466 -0.0386394 -598.531 -0.049987 -3.03149e-06 0.99875 -11.2029
-0.633287 0.773327 -0.030212 -306.519 -0.772327 -0.634005 -0.0393561 -600.549 -0.0495897 -0.00159018 0.998768 -11.3169
-0.633417 0.773275 -0.0287809 -308.228 -0.772292 -0.634065 -0.0390754 -602.63 -0.048465 -0.00252375 0.998822 -11.4288
-0.633348 0.773285 -0.0300125 -309.916 -0.772297 -0.634056 -0.0391032 -604.714 -0.0492676 -0.00158733 0.998784 -11.5321
-0.633818 0.772855 -0.0311445 -311.568 -0.771816 -0.634581 -0.0400765 -606.771 -0.050737 -0.0013634 0.998711 -11.6377
-0.633676 0.772989 -0.0307096 -313.229 -0.7719 -0.634415 -0.0410928 -608.815 -0.0512469 -0.00233483 0.998683 -11.7542
-0.633709 0.773015 -0.0293444 -314.932 -0.771955 -0.634381 -0.0405876 -610.905 -0.0499904 -0.00306818 0.998745 -11.8671
-0.63442 0.772467 -0.0283838 -316.56 -0.77147 -0.635047 -0.0393663 -612.945 -0.0484342 -0.00307752 0.998822 -11.9812
-0.634019 0.77282 -0.0277285 -318.26 -0.771888 -0.634619 -0.0380362 -615.041 -0.0469922 -0.00271236 0.998892 -12.0823
-0.634441 0.772463 -0.0280249 -319.932 -0.771541 -0.635055 -0.0378145 -617.072 -0.0470077 -0.00236868 0.998892 -12.1889
-0.633828 0.772935 -0.0288741 -321.627 -0.771962 -0.634482 -0.0388393 -619.159 -0.0483403 -0.00232779 0.998828 -12.2881
-0.634071 0.772688 -0.0301157 -323.313 -0.77168 -0.634783 -0.039491 -621.255 -0.0496312 -0.00180038 0.998766 -12.373
-0.634242 0.772532 -0.0305183 -324.961 -0.771504 -0.634974 -0.0398779 -623.295 -0.0501852 -0.00174723 0.998738 -12.4913
-0.633492 0.773171 -0.029928 -326.648 -0.772154 -0.634195 -0.0396852 -625.368 -0.0496636 -0.00203124 0.998764 -12.5968
-0.633509 0.773168 -0.0296205 -328.34 -0.77215 -0.634197 -0.0397404 -627.458 -0.0495113 -0.00230446 0.998771 -12.7031
-0.633222 0.773397 -0.0297769 -330.004 -0.772366 -0.633917 -0.0399912 -629.493 -0.0498052 -0.00232466 0.998756 -12.817
-0.632606 0.773898 -0.0298448 -331.663 -0.772857 -0.633305 -0.0401967 -631.555 -0.050009 -0.00236289 0.998746 -12.9151
-0.632529 0.773975 -0.0294876 -333.35 -0.772905 -0.633209 -0.0408062 -633.661 -0.0502548 -0.00301996 0.998732 -13.0184
