1 0 0 0 0 1 0 0 -0 0 1 0
0.999999 -0.00048554 0.00165257 1.53174 0.000487824 0.999999 -0.00138215 -0.0269303 -0.0016519 0.00138296 0.999998 0.0702932
0.999995 -0.00150392 0.00290386 3.06596 0.00151014 0.999997 -0.00214096 -0.00537462 -0.00290063 0.00214534 0.999993 0.09363
0.99999 -0.00361313 0.00280074 4.59009 0.00361642 0.999993 -0.00117149 0.0185201 -0.00279648 0.00118161 0.999995 0.100911
0.999984 -0.00499616 0.00247805 6.11064 0.00499801 0.999987 -0.000741281 0.0373839 -0.00247431 0.000753655 0.999997 0.105831
0.999975 -0.00649566 0.00270216 7.62699 0.00649769 0.999979 -0.000745268 0.0558133 -0.00269727 0.000762808 0.999996 0.116734
0.999959 -0.00854351 0.0028744 9.11883 0.00854736 0.999963 -0.00132955 0.0746027 -0.00286293 0.00135407 0.999995 0.130602
0.999953 -0.00929853 0.00264958 10.6386 0.0093053 0.999953 -0.00255442 0.0941237 -0.0026257 0.00257896 0.999993 0.151319
0.999939 -0.0107636 0.00263985 12.1326 0.0107727 0.999936 -0.00348418 0.122338 -0.00260217 0.00351241 0.99999 0.156039
0.999919 -0.0123857 0.00277673 13.6178 0.0123959 0.999916 -0.00368931 0.147428 -0.0027308 0.00372344 0.999989 0.178802
0.999916 -0.0126446 0.00274861 15.1134 0.0126525 0.999916 -0.00287543 0.187708 -0.00271202 0.00290997 0.999992 0.188312
0.999901 -0.0137526 0.00300446 16.5786 0.0137579 0.999904 -0.00174447 0.209757 -0.00298018 0.00178563 0.999994 0.207664
0.999883 -0.0147799 0.00389717 18.0888 0.0147803 0.999891 -6.80183e-05 0.227206 -0.00389574 0.000125612 0.999992 0.212606
0.99988 -0.0148484 0.00444305 19.5667 0.0148442 0.999889 0.000984849 0.252694 -0.00445718 -0.000918777 0.99999 0.218424
0.99986 -0.0160409 0.0046968 21.0331 0.0160357 0.999871 0.0011354 0.306895 -0.0047144 -0.00105993 0.999988 0.227501
0.99986 -0.0160854 0.00463616 22.4848 0.0160798 0.99987 0.00123969 0.339803 -0.0046555 -0.00116497 0.999988 0.241827
0.999859 -0.0158682 0.00556571 23.9689 0.015853 0.999871 0.00276481 0.367821 -0.00560886 -0.00267618 0.999981 0.249866
0.99985 -0.0161478 0.00626668 25.4221 0.0161276 0.999865 0.0032568 0.405736 -0.00631842 -0.00315524 0.999975 0.255096
0.999864 -0.0155784 0.00533866 26.8368 0.0155596 0.999873 0.00354705 0.408845 -0.00539324 -0.00346351 0.999979 0.260656
0.999866 -0.0160403 0.00333783 28.2788 0.0160285 0.999865 0.0035347 0.47021 -0.00339408 -0.00348072 0.999988 0.275737
0.999878 -0.0153529 0.00295902 29.7069 0.0153465 0.99988 0.00219732 0.499796 -0.0029924 -0.00215164 0.999993 0.286483
0.999877 -0.0148305 0.00501015 31.1208 0.0148255 0.99989 0.00103297 0.516484 -0.00502491 -0.000958562 0.999987 0.297099
0.999871 -0.0145962 0.00677035 32.5663 0.0145978 0.999893 -0.000177534 0.543905 -0.00676704 0.000276343 0.999977 0.300492
0.999882 -0.0142696 0.00573528 33.9307 0.0142776 0.999897 -0.0013506 0.572457 -0.00571542 0.00143233 0.999983 0.314239
0.99989 -0.0141242 0.00455382 35.3265 0.0141281 0.9999 -0.000838612 0.593163 -0.00454152 0.000902857 0.999989 0.328398
0.999906 -0.0132831 0.00333021 36.6854 0.0132842 0.999912 -0.000307339 0.63111 -0.00332583 0.000351549 0.999994 0.33257
0.999923 -0.012196 0.0024838 38.0573 0.0121953 0.999926 0.000277675 0.644279 -0.00248701 -0.000247363 0.999997 0.357446
0.999933 -0.0111364 0.00326909 39.391 0.0111329 0.999937 0.00108882 0.680114 -0.00328101 -0.00105236 0.999994 0.360624
0.999945 -0.00926322 0.00498272 40.7283 0.00925773 0.999957 0.0011238 0.707513 -0.00499291 -0.00107761 0.999987 0.370595
0.999953 -0.00742074 0.00621991 42.041 0.00741697 0.999972 0.000629806 0.734938 -0.00622441 -0.000583643 0.99998 0.394045
0.999964 -0.00517616 0.00670368 43.2756 0.00516942 0.999986 0.00102203 0.738327 -0.00670887 -0.000987338 0.999977 0.403391
0.999978 -0.00163186 0.00641079 44.5637 0.00162514 0.999998 0.001053 0.734981 -0.00641249 -0.00104256 0.999979 0.415183
0.999985 0.00222382 0.00495994 45.7999 -0.00222516 0.999997 0.000262845 0.746323 -0.00495935 -0.000273878 0.999988 0.431646
0.999979 0.00562132 0.00330438 47.039 -0.00562321 0.999984 0.000563529 0.758138 -0.00330116 -0.000582098 0.999994 0.435798
0.999948 0.00955787 0.00359173 48.2666 -0.00956125 0.999954 0.000925487 0.761099 -0.00358272 -0.00095978 0.999993 0.447777
0.99988 0.0150259 0.00366641 49.4713 -0.0150298 0.999887 0.00103725 0.743081 -0.00365041 -0.00109223 0.999993 0.464715
0.999763 0.0216078 0.00281963 50.6862 -0.0216151 0.999763 0.00255649 0.722569 -0.00276373 -0.00261683 0.999993 0.47678
0.999576 0.0289695 0.00283715 51.8761 -0.02898 0.999573 0.00375221 0.717927 -0.00272724 -0.00383284 0.999989 0.493233
0.999291 0.0374148 0.00418037 53.05 -0.0374349 0.999287 0.00483353 0.683474 -0.00399654 -0.00498659 0.99998 0.505479
0.998865 0.0473964 0.00468713 54.2382 -0.0474269 0.998853 0.00663322 0.641182 -0.00436736 -0.00684799 0.999967 0.51565
0.998186 0.0599913 0.00507724 55.3735 -0.0600366 0.998153 0.00927649 0.601827 -0.00451136 -0.00956448 0.999944 0.526931
0.997162 0.0750463 0.00597651 56.5232 -0.0751111 0.997109 0.0114686 0.507744 -0.00509856 -0.0118849 0.999916 0.540499
0.995767 0.0916123 0.00749568 57.6531 -0.0917057 0.995698 0.0132506 0.433823 -0.00624951 -0.0138819 0.999884 0.543051
0.994001 0.109007 0.00886152 58.733 -0.109121 0.993936 0.0135667 0.34173 -0.00732891 -0.0144523 0.999869 0.549421
0.991718 0.128142 0.00867343 59.82 -0.128251 0.991652 0.0133341 0.194151 -0.00689235 -0.0143361 0.999873 0.564088
0.988799 0.149049 0.00778946 60.9107 -0.149138 0.988737 0.0125026 0.034713 -0.00583824 -0.0135242 0.999891 0.564079
0.985558 0.169166 0.00765416 61.979 -0.169236 0.985528 0.00964684 -0.109698 -0.00591148 -0.0108029 0.999924 0.566274
0.981397 0.191788 0.0087521 63.0555 -0.191837 0.981414 0.00504202 -0.315409 -0.00762243 -0.0066272 0.999949 0.587574
0.976594 0.214866 0.00984837 64.0562 -0.214871 0.976642 -0.000519259 -0.548213 -0.00972991 -0.00160903 0.999951 0.581894
0.971042 0.238764 0.00826275 65.0671 -0.238722 0.971071 -0.00578564 -0.768084 -0.00940512 0.0036456 0.999949 0.593368
0.964473 0.264127 0.0054244 66.0543 -0.264049 0.964435 -0.0120165 -1.04219 -0.00840536 0.0101573 0.999913 0.613019
0.956994 0.290066 0.00492626 67.0237 -0.289963 0.956914 -0.0154029 -1.33064 -0.00918186 0.013312 0.999869 0.613457
0.948216 0.31757 0.00597841 68.0113 -0.317422 0.948113 -0.0180103 -1.66441 -0.0113878 0.01518 0.99982 0.605442
0.938778 0.344454 0.00685695 68.9103 -0.344224 0.938608 -0.0229101 -1.96202 -0.0143275 0.0191472 0.999714 0.609367
0.927641 0.373438 0.00509002 69.8317 -0.373191 0.927385 -0.0261673 -2.35684 -0.0144923 0.0223743 0.999645 0.626576
0.915321 0.402724 0.000639728 70.7925 -0.402581 0.915036 -0.0252706 -2.7722 -0.0107624 0.0228732 0.99968 0.612529
0.902115 0.431456 -0.00595093 71.6293 -0.431455 0.901752 -0.026279 -3.15593 -0.00597198 0.0262743 0.999637 0.622602
0.88791 0.459911 -0.00990155 72.4825 -0.459998 0.887469 -0.0282845 -3.5823 -0.00422104 0.0296688 0.999551 0.631931
0.872027 0.489389 -0.008278 73.3451 -0.489408 0.871571 -0.0290502 -4.04953 -0.00700199 0.0293839 0.999544 0.641753
0.854155 0.520012 -0.00264372 74.1494 -0.519868 0.853775 -0.0283711 -4.53594 -0.0124962 0.0256077 0.999594 0.635125
0.834119 0.551585 0.000241922 74.9637 -0.551357 0.833786 -0.0283934 -5.06565 -0.0158631 0.0235501 0.999597 0.617992
0.813051 0.582191 -0.00138651 75.718 -0.582061 0.812814 -0.0232104 -5.5794 -0.0123859 0.0196783 0.99973 0.630065
0.791204 0.611532 -0.00491694 76.4986 -0.611522 0.79106 -0.0163012 -6.1348 -0.00607913 0.0159044 0.999855 0.631641
0.768156 0.640235 -0.00589795 77.2204 -0.640248 0.768047 -0.0136185 -6.75042 -0.00418916 0.0142373 0.99989 0.624503
0.744897 0.667157 -0.00538509 77.9115 -0.667143 0.744749 -0.0164194 -7.31043 -0.0069438 0.0158234 0.999851 0.63808
0.720569 0.69336 -0.00567276 78.5672 -0.69334 0.72041 -0.016993 -7.93307 -0.00769555 0.0161778 0.99984 0.617816
0.694316 0.719628 -0.00782997 79.2008 -0.719646 0.694163 -0.0157203 -8.61668 -0.00587748 0.0165497 0.999846 0.651758
0.668012 0.744094 -0.0091626 79.7976 -0.744142 0.667896 -0.012946 -9.27965 -0.00351334 0.0154663 0.999874 0.647632
0.640776 0.767674 -0.00914491 80.3886 -0.767723 0.640683 -0.0112217 -9.94558 -0.00275559 0.0142113 0.999895 0.638038
0.613276 0.789802 -0.0102337 80.9464 -0.789868 0.6132 -0.00972722 -10.6387 -0.00140724 0.0140488 0.9999 0.649102
0.584026 0.811635 -0.01275 81.512 -0.811725 0.584026 -0.00411424 -11.3589 0.00410707 0.0127523 0.99991 0.662984
0.554098 0.832291 -0.0163508 82.0166 -0.832345 0.554234 0.00511384 -12.1258 0.0133184 0.0107759 0.999853 0.667118
0.523197 0.851992 -0.0193773 82.5079 -0.851946 0.523466 0.0130735 -12.8875 0.0212819 0.00966845 0.999727 0.697859
0.491152 0.870888 -0.0179795 82.975 -0.870731 0.491433 0.0178986 -13.6971 0.0244234 0.00686435 0.999678 0.71477
0.458475 0.888589 -0.0144779 83.4107 -0.888429 0.458678 0.0175413 -14.5065 0.0222277 0.00482032 0.999741 0.73324
0.425245 0.905044 -0.00787479 83.7982 -0.904897 0.425317 0.0163334 -15.3457 0.0181318 0.000180174 0.999836 0.756342
0.391051 0.920366 -0.002474 84.1985 -0.920223 0.391036 0.0167562 -16.2193 0.0163893 -0.00427592 0.999857 0.78326
0.355959 0.934491 0.0045811 84.5615 -0.934359 0.355815 0.019194 -17.0529 0.0163066 -0.0111127 0.999805 0.807791
0.320242 0.947279 0.0103494 84.8602 -0.947186 0.319977 0.0213058 -17.9501 0.0168709 -0.0166258 0.999719 0.812277
0.283827 0.958767 0.0144266 85.1708 -0.95875 0.283515 0.0204404 -18.8989 0.0155074 -0.019633 0.999687 0.836028
0.247611 0.968722 0.0163295 85.4048 -0.968743 0.247284 0.0196919 -19.7819 0.015038 -0.0206951 0.999673 0.857428
0.211246 0.977284 0.0170347 85.621 -0.977319 0.210923 0.0189453 -20.7318 0.0149219 -0.0206505 0.999675 0.88497
0.175993 0.984271 0.0154052 85.7949 -0.984277 0.175713 0.0180025 -21.6562 0.0150124 -0.0183313 0.999719 0.894117
0.14052 0.990035 0.00922569 85.9272 -0.989965 0.140357 0.0164212 -22.6166 0.0149627 -0.0114406 0.999823 0.933089
0.106226 0.994312 0.00773139 86.0344 -0.994181 0.106066 0.0188159 -23.5762 0.0178889 -0.00968514 0.999793 0.974863
0.0743266 0.99721 0.00694633 86.1615 -0.996946 0.0741361 0.0245324 -24.5297 0.023949 -0.00874853 0.999675 0.957524
0.0447426 0.998995 0.00269678 86.203 -0.998646 0.0446549 0.0266897 -25.4925 0.0265424 -0.0038873 0.99964 1.02458
0.0185966 0.999827 -0.000208699 86.2339 -0.999502 0.0185959 0.0255091 -26.4625 0.0255085 -0.000265787 0.999675 1.04334
-0.00386483 0.999992 -0.000716729 86.1913 -0.999732 -0.00384745 0.0228359 -27.4903 0.022833 0.000804794 0.999739 1.06801
-0.0230291 0.999733 -0.00202754 86.2155 -0.999526 -0.0229828 0.0204712 -28.436 0.0204192 0.00249801 0.999788 1.09102
-0.0403896 0.999181 -0.00225808 86.1566 -0.998929 -0.0403282 0.0226614 -29.455 0.0225518 0.00317095 0.999741 1.12797
-0.0548362 0.998485 -0.00459239 86.0947 -0.998124 -0.0546897 0.0275342 -30.4256 0.0272413 0.00609364 0.99961 1.13562
-0.0673252 0.997704 -0.00734484 86.0702 -0.997254 -0.0670637 0.0314052 -31.3783 0.0308405 0.00943904 0.99948 1.18183
-0.0765018 0.996991 -0.012482 86.0065 -0.996482 -0.0760209 0.0352872 -32.3694 0.0342321 0.0151376 0.999299 1.21523
-0.0817694 0.996532 -0.0154056 85.9084 -0.995908 -0.081102 0.0398619 -33.327 0.0384743 0.018602 0.999086 1.25415
-0.0863802 0.996123 -0.0166777 85.8162 -0.9953 -0.0855491 0.0453775 -34.3817 0.0437748 0.020519 0.998831 1.28927
-0.0890513 0.995859 -0.0183078 85.7312 -0.994916 -0.0880692 0.0488398 -35.3424 0.0470252 0.022564 0.998639 1.34648
-0.0917829 0.995615 -0.0180803 85.6057 -0.994506 -0.0907326 0.0522086 -36.3905 0.0503392 0.0227728 0.998473 1.39369
-0.0942201 0.995378 -0.0185642 85.5312 -0.994132 -0.0930742 0.0551178 -37.3325 0.0531352 0.0236485 0.998307 1.44883
-0.0965439 0.995138 -0.0195097 85.437 -0.993694 -0.0952439 0.0591683 -38.3849 0.0570224 0.025099 0.998057 1.50802
-0.0985438 0.994906 -0.0212367 85.3564 -0.993445 -0.0971117 0.0603081 -39.3569 0.0579386 0.0270405 0.997954 1.57606
-0.100651 0.994677 -0.0220602 85.2491 -0.993284 -0.0991893 0.0595613 -40.3987 0.0570562 0.0279069 0.997981 1.63148
-0.103161 0.994414 -0.0223463 85.1623 -0.993063 -0.101694 0.0590328 -41.4119 0.0564305 0.0282811 0.998006 1.70266
-0.105654 0.994179 -0.0211009 85.052 -0.992736 -0.104225 0.0601084 -42.448 0.0575593 0.0272983 0.997969 1.76945
-0.108109 0.993957 -0.0190049 84.9319 -0.992332 -0.10674 0.0623261 -43.4871 0.0599209 0.0255972 0.997875 1.83161
-0.110289 0.99375 -0.0172658 84.8169 -0.991982 -0.108981 0.0639917 -44.4829 0.0617101 0.0241849 0.997801 1.89264
-0.11243 0.99355 -0.0147321 84.7168 -0.991473 -0.111187 0.0679657 -45.5147 0.0658893 0.0222478 0.997579 1.9563
-0.114359 0.99338 -0.0108499 84.6009 -0.990977 -0.1133 0.0716113 -46.5546 0.069908 0.0189414 0.997374 2.0267
-0.116711 0.993134 -0.00800689 84.4887 -0.990513 -0.115806 0.0739769 -47.6122 0.0725417 0.0165648 0.997228 2.10532
-0.12004 0.992755 -0.00520143 84.3536 -0.990204 -0.119352 0.0724607 -48.6707 0.071315 0.0138486 0.997358 2.19731
-0.122191 0.9925 -0.00374479 84.2449 -0.99018 -0.121646 0.0688959 -49.6904 0.0679237 0.0121265 0.997617 2.2582
-0.124534 0.992208 -0.00391878 84.1223 -0.990022 -0.123995 0.0669403 -50.7828 0.0659328 0.012216 0.997749 2.34815
-0.126938 0.991904 -0.00367183 84.0032 -0.989685 -0.126404 0.0674131 -51.8236 0.0664032 0.0121912 0.997718 2.42611
-0.127992 0.991767 -0.00412621 83.8744 -0.989376 -0.127392 0.0700525 -52.8752 0.0689501 0.0130485 0.997535 2.50362
-0.128128 0.991749 -0.00415006 83.7217 -0.989201 -0.127497 0.0722978 -53.9215 0.0711721 0.0133686 0.997374 2.58489
-0.128967 0.991645 -0.00263665 83.5813 -0.989006 -0.128429 0.0733009 -55.0042 0.0723499 0.0120611 0.997306 2.66654
-0.128113 0.99176 0.000188207 83.4437 -0.989183 -0.127794 0.0720168 -56.0769 0.0714474 0.00904013 0.997403 2.73769
-0.128558 0.991696 0.00356983 83.331 -0.989117 -0.128482 0.0716924 -57.1681 0.0715556 0.00568564 0.99742 2.81764
-0.127489 0.991813 0.00730444 83.1936 -0.989183 -0.127683 0.0722061 -58.2437 0.0725476 0.00198005 0.997363 2.90011
-0.127645 0.99175 0.0118133 83.0623 -0.989086 -0.128168 0.0726738 -59.3294 0.0735883 -0.00240791 0.997286 2.98716
-0.128102 0.991653 0.0146493 82.9635 -0.989059 -0.128829 0.0718712 -60.4018 0.0731586 -0.0052822 0.997306 3.07542
-0.128253 0.991638 0.0143014 82.8066 -0.98937 -0.128929 0.0672689 -61.5043 0.0685503 -0.00552193 0.997632 3.15039
-0.129027 0.99159 0.0100203 82.6881 -0.98981 -0.129396 0.059443 -62.6372 0.0602397 -0.00224848 0.998181 3.23312
-0.129499 0.991572 0.00395465 82.5235 -0.990077 -0.129521 0.054518 -63.7306 0.0545707 0.00314461 0.998505 3.28136
-0.128993 0.991643 -0.00238955 82.3386 -0.990099 -0.128657 0.0561322 -64.8094 0.0553556 0.00960653 0.99842 3.36423
-0.129023 0.991618 -0.00684106 82.2272 -0.989845 -0.128371 0.0610494 -65.9204 0.0596595 0.0146484 0.998111 3.44163
-0.128242 0.991699 -0.00934645 82.0954 -0.989613 -0.127343 0.0667144 -67.0375 0.0649704 0.0178049 0.997728 3.5
-0.127657 0.991778 -0.00897191 81.9272 -0.989474 -0.126728 0.069871 -68.133 0.0681595 0.017797 0.997516 3.62269
-0.127686 0.99178 -0.00828377 81.7933 -0.989506 -0.126814 0.0692539 -69.2735 0.0676342 0.0170396 0.997565 3.67219
-0.126997 0.991873 -0.00769117 81.6578 -0.989889 -0.126242 0.0646688 -70.401 0.0631723 0.0158262 0.997877 3.73325
-0.126213 0.991985 -0.00596663 81.5229 -0.99012 -0.1256 0.0623498 -71.5338 0.0611006 0.013777 0.998037 3.81434
-0.126366 0.991974 -0.00444329 81.4029 -0.990059 -0.125841 0.0628211 -72.6829 0.0617577 0.0123376 0.998015 3.87679
-0.125836 0.992045 -0.00333828 81.2477 -0.989812 -0.125325 0.0675717 -73.8017 0.0666158 0.0118072 0.997709 3.97356
-0.125304 0.992109 -0.00441415 81.1258 -0.989671 -0.124681 0.0707487 -74.9625 0.06964 0.0132336 0.997484 4.04822
-0.124875 0.992168 -0.00311187 80.9859 -0.989812 -0.124361 0.0693305 -76.0894 0.0684005 0.0117378 0.997589 4.14039
-0.124173 0.992235 -0.00715553 80.8281 -0.990306 -0.123472 0.0636252 -77.2632 0.0622476 0.0149867 0.997948 4.19839
-0.124839 0.992151 -0.00725719 80.7086 -0.990331 -0.124157 0.0618852 -78.433 0.0604984 0.0149127 0.998057 4.27451
-0.124502 0.992212 -0.00375385 80.5378 -0.990176 -0.124002 0.0646113 -79.6007 0.0636427 0.0117612 0.997903 4.35921
-0.124292 0.992241 -0.0029208 80.4092 -0.990015 -0.123814 0.0673884 -80.749 0.0665039 0.0112674 0.997723 4.43604
-0.123861 0.992297 -0.0022282 80.2655 -0.990081 -0.123434 0.0671171 -81.9207 0.066325 0.0105193 0.997743 4.52103
-0.123022 0.992401 -0.00239232 80.1405 -0.990373 -0.122616 0.0642468 -83.0941 0.0634652 0.010273 0.997931 4.58487
-0.123413 0.992349 -0.00345449 80.0121 -0.990432 -0.122956 0.0626593 -84.271 0.0617552 0.0111544 0.998029 4.66676
-0.121987 0.992522 -0.00439158 79.8319 -0.990593 -0.121471 0.0630055 -85.5097 0.0620009 0.0120361 0.998004 4.75941
-0.120305 0.992717 -0.00630501 79.6606 -0.990796 -0.11967 0.0632665 -86.6711 0.0620512 0.0138582 0.997977 4.83508
-0.119871 0.992766 -0.00682234 79.5346 -0.990835 -0.119201 0.0635317 -87.9039 0.0622588 0.0143754 0.997957 4.90725
-0.118986 0.992876 -0.00633347 79.4029 -0.990961 -0.118354 0.0631581 -89.0436 0.0619585 0.0137911 0.997983 4.99364
-0.11778 0.993 -0.00888114 79.2673 -0.99119 -0.11701 0.0620497 -90.2912 0.0605761 0.0161111 0.998034 5.06895
-0.116485 0.993165 -0.00736644 79.1535 -0.991385 -0.115822 0.0611684 -91.4813 0.0598972 0.0144282 0.9981 5.14423
-0.115546 0.993266 -0.0084533 78.9998 -0.991546 -0.114832 0.0604102 -92.702 0.0590327 0.015362 0.998138 5.22029
-0.112845 0.993586 -0.00732199 78.8734 -0.99179 -0.112189 0.0613722 -93.9397 0.0601571 0.0141874 0.998088 5.29312
-0.112254 0.993666 -0.00519696 78.7175 -0.991732 -0.111705 0.0631691 -95.1619 0.0621884 0.0122449 0.997989 5.38299
-0.110764 0.993841 -0.00338271 78.5673 -0.991918 -0.110336 0.0626507 -96.3858 0.0618916 0.0102948 0.99803 5.45452
-0.11011 0.993917 -0.00228669 78.4687 -0.992048 -0.109761 0.0615958 -97.6107 0.0609701 0.00905079 0.998099 5.53285
-0.109817 0.993949 0.00242596 78.3366 -0.992026 -0.109756 0.0619509 -98.8991 0.0618423 0.00439665 0.998076 5.62761
-0.110156 0.993904 0.0045783 78.2257 -0.991994 -0.110228 0.0616271 -100.11 0.0617561 0.00224693 0.998089 5.69983
-0.110912 0.993818 0.00484006 78.0883 -0.992026 -0.111003 0.0596877 -101.349 0.059856 0.0018186 0.998205 5.77259
-0.111567 0.993707 0.00991371 77.9491 -0.992066 -0.111953 0.0572026 -102.577 0.0579525 -0.00345312 0.998313 5.8464
-0.113411 0.993481 0.0115897 77.8203 -0.991881 -0.113888 0.0565751 -103.838 0.0575261 -0.00507939 0.998331 5.92167
-0.11509 0.993274 0.0126913 77.6752 -0.991684 -0.115628 0.0565138 -105.111 0.0576012 -0.00608154 0.998321 6.00594
-0.117404 0.99299 0.0136934 77.5404 -0.991495 -0.117984 0.0549285 -106.384 0.0561591 -0.00712808 0.998396 6.09553
-0.120227 0.992663 0.0128929 77.3876 -0.991333 -0.120739 0.0517744 -107.657 0.0529512 -0.00655643 0.998576 6.15563
-0.124569 0.992107 0.0143298 77.2326 -0.990812 -0.125147 0.0512888 -108.892 0.0526773 -0.00780914 0.998581 6.22693
-0.129544 0.991382 0.0195105 77.1269 -0.989889 -0.130445 0.055714 -110.076 0.0577789 -0.0120959 0.998256 6.31308
-0.137001 0.990214 0.0265898 76.9601 -0.988703 -0.138341 0.057688 -111.316 0.0608019 -0.0183861 0.997981 6.38495
-0.146306 0.98901 0.021281 76.7788 -0.987561 -0.147277 0.0550662 -112.592 0.0575953 -0.0129598 0.998256 6.46219
-0.157592 0.987329 0.0186049 76.6093 -0.985971 -0.158369 0.0527282 -113.809 0.0550065 -0.0100343 0.998436 6.53862
-0.170146 0.985217 0.0199452 76.3969 -0.983853 -0.170981 0.0529025 -115.036 0.0555307 -0.010622 0.9984 6.64042
-0.18463 0.982596 0.0204111 76.1881 -0.981233 -0.18547 0.0527581 -116.245 0.0556256 -0.0102873 0.998399 6.71089
-0.199074 0.979801 0.018953 75.9243 -0.978486 -0.199802 0.0514222 -117.414 0.0541703 -0.00830842 0.998497 6.75932
-0.214201 0.97665 0.0165096 75.7216 -0.975228 -0.214783 0.0529088 -118.615 0.0552194 -0.0047675 0.998463 6.85524
-0.23022 0.972988 0.0171465 75.4337 -0.971347 -0.230829 0.0565872 -119.802 0.0590165 -0.00362769 0.99825 6.92624
-0.245196 0.969216 0.0223307 75.1422 -0.967438 -0.246108 0.0591202 -121.039 0.062796 -0.00710753 0.998001 7.02495
-0.260472 0.965178 0.0241882 74.8807 -0.963486 -0.261461 0.0577223 -122.193 0.0620366 -0.00827003 0.99804 7.09979
-0.276366 0.960596 0.0296199 74.5314 -0.959277 -0.277597 0.0522219 -123.332 0.0583865 -0.0139814 0.998196 7.17064
-0.291709 0.955963 0.0322626 74.2438 -0.954844 -0.293025 0.0490953 -124.518 0.056387 -0.0164842 0.998273 7.23151
-0.307012 0.950967 0.0374922 73.8462 -0.949949 -0.3086 0.0486162 -125.668 0.0578025 -0.0206899 0.998114 7.32929
-0.321055 0.946292 0.0381352 73.4862 -0.945098 -0.322721 0.0513936 -126.857 0.0609404 -0.0195413 0.99795 7.40333
-0.334969 0.941387 0.0398301 73.0839 -0.940148 -0.336739 0.0522357 -127.949 0.0625863 -0.0199489 0.99784 7.48912
-0.348303 0.936549 0.0395154 72.6724 -0.935295 -0.35003 0.0519896 -129.093 0.0625224 -0.0188504 0.997866 7.57231
-0.362595 0.931124 0.0391623 72.2825 -0.929913 -0.364259 0.0507767 -130.207 0.0615446 -0.0180062 0.997942 7.65119
-0.376891 0.92539 0.0400853 71.8147 -0.924269 -0.378564 0.0491454 -131.327 0.0606535 -0.0185271 0.997987 7.73301
-0.392387 0.918777 0.0433799 71.3599 -0.917652 -0.394256 0.0497698 -132.435 0.0628301 -0.0202786 0.997818 7.8108
-0.406971 0.912374 0.0441515 70.8947 -0.911118 -0.408906 0.0515765 -133.493 0.0651108 -0.0192371 0.997693 7.89595
-0.421684 0.905643 0.0446522 70.3967 -0.904211 -0.423673 0.053878 -134.589 0.0677122 -0.0176556 0.997549 7.97714
-0.436494 0.898633 0.043944 69.889 -0.897001 -0.438447 0.0561513 -135.662 0.0697266 -0.0149081 0.997455 8.06236
-0.451101 0.891251 0.0466782 69.3779 -0.88938 -0.453273 0.0595594 -136.733 0.0742404 -0.0146473 0.997133 8.15619
-0.466237 0.883291 0.0491941 68.8422 -0.881361 -0.468577 0.0603109 -137.824 0.0763233 -0.0152386 0.996967 8.25413
-0.481361 0.875087 0.0501474 68.2733 -0.873226 -0.483723 0.0590662 -138.906 0.0759455 -0.0153578 0.996994 8.34791
-0.497049 0.866058 0.0537133 67.6496 -0.864566 -0.499566 0.0543991 -139.937 0.0739461 -0.0193997 0.997074 8.41956
-0.512817 0.85675 0.0547597 67.0526 -0.855231 -0.515384 0.0543925 -140.989 0.0748231 -0.0189388 0.997017 8.52996
-0.528386 0.847044 0.0576682 66.4099 -0.845667 -0.53111 0.052624 -142.043 0.0752029 -0.0209624 0.996948 8.62259
-0.543908 0.837039 0.0594217 65.7567 -0.835692 -0.546727 0.0520472 -143.077 0.076053 -0.0213493 0.996875 8.70992
-0.559251 0.82664 0.0624872 65.0602 -0.825393 -0.562257 0.0509218 -144.11 0.0772279 -0.0230984 0.996746 8.81092
-0.574571 0.815946 0.0640308 64.3715 -0.814757 -0.577651 0.0499029 -145.122 0.0777056 -0.0234968 0.996699 8.91906
-0.589896 0.804858 0.0650096 63.654 -0.803834 -0.592969 0.0473264 -146.146 0.0766397 -0.0243392 0.996762 9.00729
-0.605366 0.793335 0.064442 62.903 -0.792483 -0.608298 0.0440973 -147.136 0.0741839 -0.0243742 0.996947 9.09814
-0.619968 0.782019 0.0639237 62.1535 -0.781261 -0.622795 0.0419217 -148.125 0.0725949 -0.023951 0.997074 9.19294
-0.635039 0.769822 0.0640291 61.4298 -0.769046 -0.637847 0.0414615 -149.124 0.0727587 -0.0229117 0.997086 9.28492
-0.649589 0.757168 0.0687794 60.588 -0.756495 -0.652722 0.0408615 -150.096 0.0758329 -0.025488 0.996795 9.39286
-0.664285 0.743932 0.0727355 59.7947 -0.743338 -0.667699 0.040342 -151.023 0.0785771 -0.0272685 0.996535 9.48567
-0.679649 0.729688 0.0750533 58.9078 -0.729401 -0.68312 0.0363507 -151.961 0.0777951 -0.0300382 0.996517 9.59859
-0.696008 0.714098 0.0750734 58.0474 -0.714179 -0.699297 0.0305359 -152.9 0.0743042 -0.0323625 0.99671 9.67744
-0.712828 0.697114 0.0768658 57.1612 -0.697474 -0.716119 0.02651 -153.818 0.0735256 -0.0347148 0.996689 9.78029
-0.729725 0.679202 0.0786472 56.2479 -0.679738 -0.733066 0.0238852 -154.702 0.0738764 -0.0360298 0.996616 9.88422
-0.746801 0.659949 0.0821873 55.313 -0.660889 -0.750241 0.0190875 -155.551 0.0742571 -0.0400621 0.996434 9.97847
-0.763116 0.641038 0.0819939 54.3506 -0.641939 -0.766536 0.0183567 -156.408 0.0746187 -0.0386268 0.996464 10.0609
-0.779196 0.621183 0.0835831 53.3738 -0.622091 -0.782741 0.0178716 -157.212 0.0765254 -0.0380709 0.996341 10.1992
-0.794513 0.601789 0.0812314 52.3527 -0.602414 -0.797949 0.0193484 -158.012 0.0764622 -0.0335623 0.996507 10.2744
-0.809358 0.582019 0.0787013 51.34 -0.58246 -0.812623 0.0196151 -158.797 0.0753708 -0.0299647 0.996705 10.392
-0.823209 0.562038 0.0802486 50.2835 -0.562308 -0.826652 0.0213383 -159.549 0.0783306 -0.0275585 0.996546 10.4945
-0.8363 0.541748 0.0843278 49.2302 -0.54203 -0.840084 0.0215119 -160.239 0.0824965 -0.0277178 0.996206 10.6146
-0.849147 0.521481 0.0837145 48.1483 -0.521634 -0.852891 0.0217697 -160.952 0.0827519 -0.0251827 0.996252 10.7276
-0.860922 0.502174 0.0814506 47.0536 -0.502219 -0.864475 0.0214302 -161.593 0.0811737 -0.0224563 0.996447 10.8262
-0.87118 0.484011 0.0823319 45.9534 -0.483934 -0.874822 0.0222229 -162.219 0.0827819 -0.0204831 0.996357 10.921
-0.880673 0.466117 0.0845575 44.8045 -0.465848 -0.884536 0.0240968 -162.857 0.0860261 -0.0181696 0.996127 11.0732
-0.888993 0.449521 0.0873095 43.6831 -0.449408 -0.893054 0.0220537 -163.413 0.0878857 -0.0196321 0.995937 11.1765
-0.896946 0.433348 0.087734 42.5488 -0.433272 -0.901021 0.0208979 -164.027 0.0881062 -0.0192684 0.995925 11.2745
-0.904183 0.417939 0.0882033 41.4091 -0.418038 -0.908246 0.0182358 -164.552 0.0877318 -0.0203838 0.995936 11.4013
-0.910503 0.403921 0.088501 40.248 -0.404091 -0.914565 0.016794 -165.086 0.0877234 -0.0204715 0.995934 11.5247
-0.91659 0.389849 0.0887746 39.0829 -0.390292 -0.920599 0.0130369 -165.621 0.0868082 -0.0226986 0.995966 11.6478
-0.922457 0.376139 0.087133 37.8998 -0.376805 -0.926246 0.00929756 -166.123 0.0842038 -0.0242556 0.996153 11.7476
-0.927171 0.36488 0.0849522 36.6715 -0.365783 -0.930685 0.00524222 -166.634 0.0809766 -0.0262137 0.996371 11.8635
-0.931928 0.353347 0.0815853 35.5135 -0.354077 -0.935198 0.00582472 -167.087 0.0783565 -0.0234592 0.996649 11.9631
-0.935221 0.344757 0.0806446 34.2973 -0.345201 -0.938487 0.00882162 -167.524 0.0787253 -0.0195884 0.996704 12.0939
-0.937125 0.339391 0.0813067 33.0666 -0.339373 -0.940541 0.0144759 -167.958 0.0813853 -0.0140275 0.996584 12.203
-0.938972 0.334215 0.081439 31.875 -0.333986 -0.942428 0.0168345 -168.389 0.0823767 -0.0113923 0.996536 12.3192
-0.940912 0.328547 0.0821026 30.6711 -0.328477 -0.944397 0.0147435 -168.798 0.0823813 -0.0130965 0.996515 12.4368
-0.942642 0.323917 0.0806457 29.4634 -0.324342 -0.945905 0.00813204 -169.237 0.0789173 -0.0184912 0.99671 12.5293
-0.944632 0.318121 0.0804273 28.2748 -0.318909 -0.94778 0.00319878 -169.676 0.077245 -0.0226273 0.996755 12.6323
-0.945784 0.313801 0.0837936 27.0253 -0.315195 -0.94902 -0.00361626 -170.136 0.078387 -0.0298315 0.996477 12.7302
-0.946728 0.309815 0.0878709 25.8047 -0.311574 -0.950198 -0.00671664 -170.543 0.0814139 -0.0337371 0.996109 12.8471
-0.94753 0.306837 0.0896529 24.6127 -0.308653 -0.95115 -0.00681205 -170.938 0.0831832 -0.0341263 0.99595 12.9497
-0.947271 0.307088 0.0915121 23.4207 -0.308892 -0.951079 -0.00589496 -171.346 0.0852249 -0.0338515 0.995787 13.068
-0.947153 0.307132 0.0925771 22.1834 -0.308731 -0.951144 -0.00312445 -171.745 0.0870946 -0.0315408 0.995701 13.1939
-0.94683 0.307701 0.09399 20.9838 -0.309307 -0.950959 -0.00266204 -172.156 0.0885615 -0.0315922 0.99557 13.3032
-0.946053 0.30976 0.0950447 19.7268 -0.311342 -0.950296 -0.00191732 -172.565 0.0897267 -0.0314053 0.995471 13.4309
-0.945717 0.310929 0.0945617 18.5054 -0.312259 -0.949997 0.000770604 -172.958 0.0900729 -0.0287989 0.995519 13.5471
-0.94465 0.314282 0.0941484 17.3394 -0.315631 -0.948882 0.000589013 -173.376 0.0895208 -0.0291597 0.995558 13.6727
-0.943454 0.317538 0.0952056 16.1205 -0.319121 -0.947713 -0.00148476 -173.778 0.0897561 -0.0317829 0.995457 13.7994
-0.942111 0.322132 0.0930515 14.9304 -0.323648 -0.946177 -0.00127296 -174.204 0.0876331 -0.0313152 0.99566 13.9161
-0.940686 0.327093 0.0901143 13.786 -0.32868 -0.944437 -0.0029507 -174.598 0.0841421 -0.0323945 0.995927 14.0158
-0.938259 0.334451 0.0883866 12.5802 -0.336165 -0.941791 -0.00482433 -175.003 0.0816282 -0.0342389 0.996075 14.1233
-0.93532 0.342981 0.0868359 11.2919 -0.344491 -0.938786 -0.00256826 -175.501 0.0806395 -0.0323163 0.996219 14.2558
-0.932564 0.350318 0.0871849 10.1605 -0.351802 -0.936073 -0.00178443 -175.943 0.0809863 -0.0323359 0.996191 14.3474
-0.929106 0.359142 0.0881954 9.04174 -0.360602 -0.93272 -0.000661619 -176.335 0.082024 -0.0324181 0.996103 14.4724
-0.924454 0.371032 0.0878694 7.81517 -0.372299 -0.928111 0.00210866 -176.811 0.0823349 -0.0307643 0.99613 14.5773
-0.920037 0.381892 0.0876951 6.70681 -0.383003 -0.923736 0.00445758 -177.302 0.0827094 -0.0294863 0.996137 14.6845
-0.913922 0.395979 0.0891508 5.4785 -0.397104 -0.917757 0.00549667 -177.812 0.0839954 -0.0303787 0.996003 14.7997
-0.907875 0.409895 0.0880292 4.36293 -0.410858 -0.911667 0.00772402 -178.282 0.0834194 -0.029155 0.996088 14.9155
-0.902305 0.4227 0.0846766 3.22079 -0.423518 -0.905844 0.00894865 -178.852 0.0804864 -0.0277876 0.996368 15.0015
-0.895681 0.436783 0.0835228 2.0091 -0.437365 -0.899202 0.0121796 -179.49 0.0804237 -0.0256209 0.996431 15.1389
-0.889081 0.450223 0.0826739 0.918709 -0.450734 -0.892557 0.013431 -179.988 0.0798381 -0.0253227 0.996486 15.2398
-0.882276 0.464006 0.0792999 -0.201997 -0.464405 -0.885505 0.0144547 -180.524 0.0769275 -0.0240742 0.996746 15.3509
-0.874919 0.47856 0.0741386 -1.31387 -0.478551 -0.877853 0.019046 -181.153 0.0741974 -0.0188154 0.997066 15.441
-0.86704 0.493141 0.0710871 -2.41347 -0.492973 -0.869788 0.0211241 -181.799 0.0722479 -0.0167285 0.997246 15.5581
-0.858498 0.50843 0.0669326 -3.50436 -0.5079 -0.861024 0.0259858 -182.497 0.0708425 -0.0116863 0.997419 15.6588
-0.847538 0.526883 0.0638152 -4.65289 -0.526152 -0.849891 0.0291439 -183.18 0.0695914 -0.0088759 0.997536 15.7698
-0.837508 0.543068 0.060471 -5.62162 -0.542138 -0.839669 0.0322897 -183.77 0.0683111 -0.00574075 0.997648 15.8472
-0.82632 0.560173 0.0583215 -6.64698 -0.559186 -0.828361 0.0335959 -184.421 0.0671308 -0.00485154 0.997732 15.9476
-0.814991 0.576675 0.0568833 -7.64592 -0.575601 -0.816964 0.0353939 -185.114 0.0668824 -0.00389643 0.997753 16.0447
-0.802406 0.594201 0.0554032 -8.65933 -0.593052 -0.804311 0.0370615 -185.859 0.0665834 -0.00311852 0.997776 16.1323
-0.789251 0.611935 0.0511674 -9.65484 -0.610665 -0.790908 0.0394105 -186.588 0.0645854 -0.000141369 0.997912 16.2309
-0.774783 0.630454 0.0473256 -10.5971 -0.629185 -0.776226 0.04 -187.35 0.0619535 0.00121477 0.998078 16.3345
-0.758358 0.650227 0.0458057 -11.5076 -0.648796 -0.759733 0.0432351 -188.104 0.0629128 0.00306914 0.998014 16.4232
-0.740438 0.67064 0.044652 -12.4653 -0.668974 -0.741764 0.0475304 -188.94 0.064997 0.00532227 0.997871 16.5006
-0.723657 0.688703 0.0448099 -13.2905 -0.687047 -0.725033 0.0478931 -189.711 0.0654728 0.0038717 0.997847 16.5907
-0.704481 0.708397 0.0433581 -14.1351 -0.706795 -0.705808 0.0477066 -190.538 0.0643977 0.00296316 0.99792 16.6819
-0.685481 0.72683 0.0428112 -14.9579 -0.725301 -0.686816 0.0471417 -191.389 0.0636675 0.00126378 0.99797 16.7799
-0.665214 0.745435 0.04262 -15.7379 -0.743872 -0.666578 0.0482474 -192.31 0.0643749 0.000391015 0.997926 16.8674
-0.64334 0.764282 0.0445795 -16.527 -0.762798 -0.644874 0.0477185 -193.224 0.0652186 -0.00330593 0.997866 16.9613
-0.62382 0.780381 0.0430619 -17.2622 -0.778859 -0.625297 0.0488103 -194.114 0.0650171 -0.00309034 0.997879 17.0305
-0.60201 0.797438 0.0409516 -17.9751 -0.796014 -0.603389 0.0477835 -194.999 0.0628141 -0.00383194 0.998018 17.1188
-0.576525 0.816165 0.0386528 -18.6611 -0.814668 -0.577811 0.0494978 -196.08 0.0627324 -0.00295252 0.998026 17.2123
-0.553185 0.832181 0.038224 -19.3222 -0.83056 -0.554496 0.0520001 -196.977 0.0644686 -0.00298169 0.997915 17.3043
-0.525685 0.849949 0.0352413 -19.9613 -0.84826 -0.526863 0.0535829 -197.933 0.06411 -0.00172602 0.997941 17.375
-0.500406 0.865106 0.0344236 -20.5368 -0.863517 -0.501577 0.0525236 -198.905 0.0627046 -0.00344226 0.998026 17.4544
-0.471585 0.881222 0.0324843 -21.0893 -0.879776 -0.472679 0.0506907 -199.988 0.0600244 -0.00467399 0.998186 17.5451
-0.443429 0.895783 0.0307151 -21.673 -0.894304 -0.444468 0.0516553 -201.015 0.0599238 -0.00456314 0.998193 17.6311
-0.412609 0.910418 0.0298729 -22.1599 -0.908832 -0.41366 0.0539411 -202.079 0.0614662 -0.0048929 0.998097 17.7187
-0.381085 0.924137 0.0273035 -22.6003 -0.922466 -0.382041 0.0556833 -203.123 0.06189 -0.00396648 0.998075 17.7865
-0.34927 0.936748 0.0226534 -23.0475 -0.935047 -0.35 0.0564531 -204.225 0.0608111 -0.0014646 0.998148 17.8752
-0.317676 0.947979 0.0204588 -23.4582 -0.946318 -0.318331 0.0561095 -205.33 0.0597032 -0.00153588 0.998215 17.9574
-0.2841 0.958653 0.0164839 -23.8029 -0.957034 -0.284578 0.0556865 -206.392 0.058075 4.48858e-05 0.998312 18.0251
-0.251463 0.967771 0.0136456 -24.0842 -0.966265 -0.251833 0.0539569 -207.524 0.0556543 0.000382894 0.99845 18.1033
-0.215574 0.97644 0.00964211 -24.3337 -0.975015 -0.215781 0.0527717 -208.657 0.053609 0.00197501 0.99856 18.1683
-0.179671 0.983707 0.00618182 -24.5769 -0.982282 -0.179744 0.0530462 -209.866 0.0532931 0.00345858 0.998573 18.243
-0.145241 0.98939 0.00342659 -24.7505 -0.987983 -0.145217 0.0529241 -210.968 0.0528602 0.00430132 0.998593 18.3012
-0.108999 0.99404 0.00178892 -24.8986 -0.99265 -0.108941 0.0526977 -212.201 0.0525785 0.0039682 0.998609 18.3877
-0.0749315 0.997189 -0.000122553 -25.0468 -0.995755 -0.0748172 0.0536153 -213.299 0.0534554 0.00413951 0.998562 18.4453
-0.0401777 0.999192 -0.00112819 -25.0872 -0.997744 -0.0400586 0.0538757 -214.491 0.053787 0.00329024 0.998547 18.5226
-0.00647927 0.999972 -0.00374768 -25.0658 -0.998584 -0.00627228 0.0528317 -215.644 0.0528067 0.00408469 0.998596 18.5721
0.0270524 0.999623 -0.00479437 -25.0665 -0.998213 0.0272693 0.0531712 -216.829 0.0532818 0.0033474 0.998574 18.6412
0.060556 0.998135 -0.00768905 -25.0162 -0.996697 0.0608828 0.0537423 -218.009 0.0541102 0.00440924 0.998525 18.7022
0.0924049 0.995656 -0.0114092 -24.9211 -0.994347 0.0928731 0.051458 -219.176 0.0522941 0.00658972 0.99861 18.7608
0.123086 0.992294 -0.0142252 -24.8038 -0.991066 0.12365 0.0499808 -220.291 0.0513546 0.00794621 0.998649 18.8334
0.152149 0.988228 -0.0160031 -24.6184 -0.98696 0.152775 0.0506865 -221.415 0.0525347 0.00808255 0.998586 18.9073
0.183896 0.98274 -0.0201288 -24.4279 -0.981477 0.184701 0.0508772 -222.64 0.0537169 0.0103999 0.998502 18.9847
0.213029 0.97677 -0.0232076 -24.162 -0.975543 0.213959 0.0503831 -223.763 0.0541782 0.0119069 0.99846 19.048
0.244349 0.969262 -0.0287236 -23.8899 -0.968181 0.245513 0.0484635 -224.957 0.0540259 0.0159676 0.998412 19.1171
0.273025 0.961503 -0.0311197 -23.5885 -0.96049 0.274268 0.0472932 -226.06 0.0540077 0.0169779 0.998396 19.1924
0.303414 0.952215 -0.0350201 -23.2656 -0.951255 0.30483 0.0468202 -227.189 0.0552581 0.0191072 0.998289 19.273
0.332271 0.942432 -0.0376566 -22.8963 -0.941485 0.333803 0.0467109 -228.324 0.0565918 0.0199325 0.998198 19.3411
0.359564 0.932227 -0.0408105 -22.443 -0.931426 0.361203 0.0444841 -229.386 0.0562102 0.0220171 0.998176 19.4057
0.388244 0.920577 -0.0424785 -22.0379 -0.919858 0.389914 0.0427525 -230.483 0.0559199 0.0224758 0.998182 19.4851
0.416765 0.907894 -0.0451098 -21.503 -0.907052 0.418612 0.0449533 -231.589 0.0596963 0.022182 0.99797 19.565
0.44389 0.894654 -0.0505657 -21.0152 -0.893866 0.446053 0.0451834 -232.622 0.0629785 0.0251425 0.997698 19.6293
0.471494 0.880221 -0.0538862 -20.4637 -0.879511 0.47382 0.0442085 -233.683 0.0644456 0.0265495 0.997568 19.7018
0.49948 0.864524 -0.0558432 -19.8913 -0.863963 0.501839 0.0415472 -234.796 0.0639428 0.0274944 0.997575 19.7941
0.524775 0.849402 -0.0559273 -19.2559 -0.848886 0.527076 0.039796 -235.827 0.0632807 0.0265919 0.997641 19.8834
0.54827 0.83435 -0.057096 -18.6197 -0.833846 0.550613 0.0390823 -236.826 0.0640462 0.0261816 0.997603 19.9576
0.569776 0.819771 -0.05772 -17.9307 -0.819224 0.572144 0.0390274 -237.843 0.0650177 0.0250488 0.99757 20.0527
0.590071 0.805295 -0.0575906 -17.2 -0.804723 0.592403 0.0384693 -238.852 0.065096 0.0236449 0.997599 20.1425
0.607846 0.791953 -0.0577383 -16.4589 -0.79151 0.610111 0.035734 -239.764 0.0635265 0.0239797 0.997692 20.2207
0.625933 0.777751 -0.0575481 -15.7243 -0.77741 0.628117 0.0332152 -240.755 0.0619801 0.023948 0.99779 20.3161
0.642235 0.764226 -0.0590999 -14.8951 -0.764047 0.644441 0.0304681 -241.709 0.0613709 0.0255875 0.997787 20.3974
0.656988 0.751465 -0.0605548 -14.1373 -0.75139 0.659234 0.0286982 -242.566 0.0614855 0.0266459 0.997752 20.4744
0.671986 0.737981 -0.0617917 -13.3358 -0.737932 0.674291 0.0280632 -243.494 0.0623757 0.02674 0.997694 20.5599
0.687529 0.72344 -0.0627543 -12.4688 -0.72346 0.689854 0.0265907 -244.402 0.0625281 0.0271184 0.997675 20.6423
0.702636 0.70882 -0.0622616 -11.6191 -0.708925 0.704868 0.0242259 -245.292 0.061058 0.0271168 0.997766 20.7197
0.71704 0.694314 -0.0614879 -10.7457 -0.694542 0.719143 0.0210845 -246.153 0.0588578 0.0275875 0.997885 20.8082
0.73113 0.679443 -0.0617016 -9.85206 -0.679764 0.733188 0.0188632 -246.965 0.0580554 0.0281511 0.997916 20.8837
0.744939 0.663992 -0.0646575 -8.91519 -0.66439 0.747163 0.0182502 -247.816 0.0604277 0.0293626 0.997741 20.9685
0.757628 0.649283 -0.0665638 -7.99793 -0.649725 0.759962 0.0177486 -248.618 0.0621099 0.0298013 0.997624 21.0415
0.769211 0.635557 -0.0662002 -7.01742 -0.635983 0.771513 0.0171453 -249.441 0.0619711 0.0289138 0.997659 21.1289
0.780716 0.621383 -0.0660701 -6.0378 -0.621931 0.782939 0.0144267 -250.227 0.0606933 0.0298279 0.997711 21.2095
0.791447 0.607616 -0.0664401 -5.02182 -0.608319 0.793611 0.0114126 -250.994 0.059662 0.0313843 0.997725 21.29
0.801596 0.594049 -0.0674436 -4.00522 -0.594816 0.803797 0.0102724 -251.752 0.0603133 0.0318822 0.99767 21.3861
0.810683 0.581154 -0.0710809 -3.00618 -0.582072 0.813086 0.00917432 -252.5 0.0631265 0.0339367 0.997428 21.4601
0.81928 0.568856 -0.0719976 -1.93927 -0.569966 0.821646 0.00606842 -253.228 0.0626086 0.0360644 0.997386 21.5423
0.82725 0.557123 -0.072608 -0.913979 -0.558401 0.829565 0.00320878 -253.941 0.0620207 0.0378899 0.997355 21.6257
0.834637 0.545785 -0.0741567 0.169386 -0.547216 0.836991 0.00121784 -254.662 0.0627331 0.0395632 0.997246 21.7099
0.840405 0.536899 -0.0738893 1.2826 -0.538398 0.84269 -0.000444791 -255.38 0.062027 0.0401557 0.997266 21.8113
0.844715 0.530177 -0.0732741 2.37066 -0.531733 0.84691 -0.00205814 -256.052 0.0609654 0.0407008 0.99731 21.8876
0.847758 0.525479 -0.0719604 3.51707 -0.527055 0.849824 -0.00347335 -256.758 0.0593285 0.0408716 0.997401 21.9635
0.850276 0.521485 -0.0713042 4.58812 -0.523049 0.852293 -0.00389384 -257.433 0.0587416 0.0406065 0.997447 22.0509
0.852801 0.517329 -0.0714217 5.72483 -0.518954 0.854788 -0.00501725 -258.115 0.0584548 0.0413433 0.997434 22.1225
0.855143 0.513508 -0.0709953 6.87514 -0.515287 0.856979 -0.0081509 -258.818 0.0566559 0.0435531 0.997443 22.1976
0.857396 0.509739 -0.0709814 7.97915 -0.511611 0.859159 -0.00994543 -259.481 0.0559147 0.044842 0.997428 22.2764
0.859679 0.505704 -0.0722214 9.12528 -0.507669 0.861485 -0.0107412 -260.145 0.0567858 0.0458985 0.997331 22.3636
0.862035 0.501646 -0.0724299 10.3124 -0.503688 0.863801 -0.0120716 -260.846 0.0565093 0.0468882 0.9973 22.449
0.864347 0.497705 -0.0720768 11.4651 -0.499717 0.866106 -0.0119836 -261.495 0.0564619 0.046376 0.997327 22.5253
0.866287 0.494372 -0.0717232 12.5918 -0.496407 0.867996 -0.0127943 -262.151 0.0559303 0.0466874 0.997343 22.6031
0.86847 0.490562 -0.0714841 13.7731 -0.49259 0.870165 -0.0130064 -262.816 0.0558225 0.046508 0.997357 22.678
0.86954 0.488791 -0.0705929 14.9034 -0.490702 0.871248 -0.011722 -263.44 0.0557744 0.0448328 0.997436 22.7563
0.870652 0.487069 -0.0687663 16.136 -0.488771 0.872361 -0.0094372 -264.134 0.0553925 0.0418275 0.997588 22.8491
0.87106 0.48633 -0.0688234 17.2357 -0.488022 0.872782 -0.00924974 -264.744 0.0555694 0.0416445 0.997586 22.919
0.871597 0.485335 -0.0690642 18.4225 -0.486957 0.87339 -0.00787582 -265.389 0.0564976 0.0404959 0.997581 23.0014
0.872233 0.484136 -0.0694317 19.614 -0.4856 0.874168 -0.0048933 -266.05 0.0583259 0.0379841 0.997575 23.0837
0.872181 0.483998 -0.0710324 20.7604 -0.48551 0.874219 -0.00467521 -266.661 0.0598351 0.0385646 0.997463 23.1834
0.872365 0.483829 -0.0699181 21.9327 -0.485134 0.874438 -0.00194803 -267.302 0.0601965 0.0356191 0.997551 23.2711
