1 0 0 0 0 1 0 0 -0 0 1 0
0.99999 0.00241539 -0.00365491 0.967816 -0.00241376 0.999997 0.000448935 -0.000392274 0.00365599 -0.000440108 0.999993 0.14282
0.999984 0.00326784 -0.00465474 1.90981 -0.00327097 0.999994 -0.000666374 -0.0119041 0.00465254 0.000681589 0.999989 0.154052
0.999992 0.00328067 -0.00242683 2.87243 -0.00328332 0.999994 -0.00108964 -0.0256714 0.00242324 0.0010976 0.999996 0.162213
0.999995 0.00261396 0.00194956 3.8411 -0.00260806 0.999992 -0.00302544 -0.0287878 -0.00195745 0.00302034 0.999994 0.161913
0.999995 0.00131236 0.0027289 4.78163 -0.00129933 0.999988 -0.0047707 -0.0491054 -0.00273513 0.00476714 0.999985 0.183696
1 0.000417126 2.28046e-05 5.71578 -0.000416986 0.999983 -0.00582906 -0.0468642 -2.52357e-05 0.00582905 0.999983 0.195553
0.999995 -0.000275651 -0.00328426 6.63043 0.000259287 0.999988 -0.00498204 -0.0163666 0.0032856 0.00498116 0.999982 0.202695
0.99999 -0.00128426 -0.00432042 7.54337 0.00126149 0.999985 -0.00526874 -0.024356 0.00432712 0.00526323 0.999977 0.208329
0.999994 -0.0019985 -0.00277623 8.48026 0.00198655 0.999989 -0.00430182 -0.0172617 0.0027848 0.00429628 0.999987 0.219601
0.999994 -0.00350673 -5.2241e-05 9.41615 0.00350636 0.999977 -0.00587287 -0.0243078 7.28344e-05 0.00587265 0.999983 0.228673
0.999991 -0.00413722 0.00120589 10.3304 0.00414424 0.999974 -0.00587894 -0.016137 -0.00118153 0.00588388 0.999982 0.239439
0.999985 -0.00500093 0.00244545 11.2486 0.00502046 0.999955 -0.00804564 -0.00860381 -0.00240511 0.00805779 0.999965 0.245387
0.999984 -0.00515755 0.00217413 12.1415 0.00517422 0.999957 -0.00773169 -0.0115444 -0.00213416 0.00774282 0.999968 0.254098
0.99998 -0.00607303 0.00152819 13.0524 0.00608871 0.999927 -0.0104774 0.0263862 -0.00146445 0.0104865 0.999944 0.251897
0.999973 -0.00729986 -0.000815342 13.9573 0.00729184 0.999929 -0.00943371 0.0104855 0.000884148 0.00942751 0.999955 0.274175
0.999958 -0.00888351 -0.00208145 14.85 0.00886335 0.999916 -0.00950007 0.044193 0.00216567 0.00948123 0.999953 0.286454
0.999942 -0.0104777 -0.00239495 15.7688 0.0104555 0.999904 -0.00909144 0.056192 0.00248998 0.00906588 0.999956 0.302453
0.999928 -0.0115927 -0.00321683 16.6664 0.0115607 0.999885 -0.00976798 0.0855727 0.00332969 0.00973008 0.999947 0.307293
0.999906 -0.0132764 -0.00330065 17.5227 0.0132481 0.999877 -0.00845144 0.116121 0.00341245 0.00840692 0.999959 0.317842
0.999888 -0.0147314 -0.00246996 18.4287 0.014708 0.999849 -0.00924966 0.138469 0.00260584 0.0092123 0.999954 0.333486
0.999872 -0.0159045 -0.00172308 19.3277 0.0158878 0.999831 -0.00927662 0.146728 0.00187032 0.00924806 0.999955 0.338624
0.99984 -0.0178369 -0.00107975 20.1982 0.0178269 0.999804 -0.00864987 0.175671 0.00123382 0.00862925 0.999962 0.352327
0.999821 -0.0189048 -0.00121924 21.0809 0.0188914 0.999769 -0.0102246 0.195072 0.00141225 0.0101997 0.999947 0.364719
0.999788 -0.0204957 -0.00176039 21.935 0.0204765 0.999737 -0.01031 0.205022 0.00197123 0.0102717 0.999945 0.380769
0.999769 -0.0214337 -0.00148999 22.8134 0.0214159 0.999709 -0.0111295 0.235907 0.00172811 0.011095 0.999937 0.388537
0.999741 -0.0227524 0.000861209 23.6805 0.0227602 0.999685 -0.0105815 0.251785 -0.000620184 0.0105983 0.999944 0.41454
0.999724 -0.0231651 0.00380424 24.5162 0.0232086 0.999661 -0.0118347 0.285528 -0.0035288 0.0119197 0.999923 0.426136
0.999693 -0.0242421 0.00506853 25.3757 0.0243013 0.999633 -0.0119667 0.29277 -0.00477657 0.0120862 0.999916 0.428986
0.999685 -0.0246518 0.00475419 26.1941 0.0247041 0.999631 -0.0112755 0.321406 -0.00447447 0.0113894 0.999925 0.443661
0.999666 -0.0257686 0.00209924 27.013 0.0257884 0.999617 -0.0100139 0.346234 -0.00184039 0.0100647 0.999948 0.448659
0.999644 -0.0266911 0.000102098 27.8124 0.0266908 0.999595 -0.00987993 0.386514 0.00016165 0.00987914 0.999951 0.462301
0.999625 -0.027391 -6.38085e-05 28.6085 0.0273892 0.999583 -0.00918388 0.411505 0.000315337 0.00917869 0.999958 0.467542
0.999595 -0.0284499 -0.000823843 29.3748 0.0284408 0.99955 -0.00950919 0.439881 0.00109401 0.00948191 0.999954 0.478938
0.999529 -0.0306481 -0.00185003 30.1581 0.0306304 0.999491 -0.00891736 0.463523 0.00212238 0.00885648 0.999959 0.494374
0.999466 -0.0325958 -0.00206421 30.913 0.0325751 0.999426 -0.00934858 0.474181 0.00236775 0.00927635 0.999954 0.500348
0.999401 -0.0345901 -0.00125463 31.6608 0.0345774 0.999362 -0.00899859 0.492957 0.00156509 0.00894981 0.999959 0.497826
0.999319 -0.0368965 0.000857984 32.4334 0.0369028 0.999276 -0.00926757 0.543129 -0.000515422 0.00929292 0.999957 0.506647
0.999258 -0.0384224 0.00261584 33.1627 0.0384428 0.999227 -0.00825626 0.566408 -0.00229659 0.0083507 0.999962 0.52104
0.99918 -0.0403878 0.00270909 33.8811 0.0404074 0.999154 -0.00762614 0.60556 -0.00239879 0.00772936 0.999967 0.532802
0.999105 -0.0422639 0.00184114 34.6107 0.0422718 0.999096 -0.00444479 0.662945 -0.00165162 0.00451864 0.999988 0.547833
0.99902 -0.0442449 0.0010151 35.3105 0.0442472 0.999018 -0.00243138 0.682749 -0.000906523 0.00247391 0.999997 0.551967
0.998961 -0.0455219 0.00218305 36.0022 0.0455254 0.998962 -0.001567 0.711092 -0.00210945 0.00166476 0.999996 0.56164
0.998914 -0.0464573 0.00360127 36.6891 0.046458 0.99892 -0.000113128 0.754746 -0.00359212 0.000280313 0.999994 0.569561
0.998867 -0.0474142 0.00403144 37.3602 0.047403 0.998872 0.00282687 0.795524 -0.00416093 -0.00263256 0.999988 0.564563
0.998949 -0.0457764 0.00223293 38.0205 0.0457634 0.998937 0.00556478 0.831893 -0.0024853 -0.00545675 0.999982 0.581419
0.999037 -0.0438659 -0.000622811 38.682 0.043869 0.999017 0.00633195 0.869881 0.000344443 -0.00635318 0.99998 0.588289
0.999115 -0.0419739 -0.00268159 39.3158 0.0419924 0.999091 0.00728945 0.907287 0.00237319 -0.00739561 0.99997 0.592771
0.999254 -0.0385897 -0.00173792 39.9424 0.0386026 0.999221 0.0081673 0.944086 0.00142139 -0.00822829 0.999965 0.60134
0.99938 -0.0351947 0.000856988 40.5818 0.0351804 0.999294 0.0131753 0.967146 -0.00132008 -0.013137 0.999913 0.614955
0.999487 -0.0318078 0.00381421 41.2073 0.031738 0.999349 0.0171432 1.01089 -0.00435701 -0.0170134 0.999846 0.603598
0.999606 -0.0276349 0.00484582 41.8271 0.0275246 0.99939 0.0215049 1.02113 -0.00543715 -0.0213631 0.999757 0.614502
0.999741 -0.0220272 0.00575703 42.4049 0.0218697 0.99942 0.0261173 1.05303 -0.00632898 -0.0259846 0.999642 0.627783
0.999836 -0.0164932 0.00751984 42.955 0.0162669 0.999441 0.0292176 1.07707 -0.00799752 -0.0290905 0.999545 0.623767
0.999918 -0.00941803 0.00866573 43.5354 0.0091166 0.999374 0.0341893 1.07906 -0.0089823 -0.0341075 0.999378 0.627219
0.999956 -0.00212241 0.0091487 44.0485 0.00177899 0.999299 0.0373842 1.08792 -0.00922163 -0.0373663 0.999259 0.643057
0.999945 0.00485671 0.0093293 44.5658 -0.00523123 0.999164 0.0405493 1.07818 -0.00912456 -0.0405959 0.999134 0.648185
0.999877 0.0124299 0.00954152 45.0523 -0.012847 0.998905 0.0449779 1.08781 -0.00897201 -0.045095 0.998942 0.659004
0.999769 0.0202113 0.00724739 45.5503 -0.0205451 0.998568 0.0494022 1.08969 -0.00623853 -0.0495397 0.998753 0.657079
0.999592 0.0281189 0.00498374 45.9825 -0.0283378 0.998281 0.0513122 1.08074 -0.00353233 -0.0514325 0.99867 0.676412
0.999333 0.0361906 0.00478313 46.3954 -0.0363901 0.997993 0.0518169 1.08248 -0.00289825 -0.0519564 0.998645 0.666267
0.99902 0.0437722 0.00659866 46.8057 -0.0440532 0.997717 0.0511789 1.04143 -0.00434339 -0.0514194 0.998668 0.680765
0.998605 0.0521824 0.00809037 47.143 -0.0525361 0.99724 0.0524538 1.04256 -0.00533088 -0.0528056 0.998591 0.682556
0.998097 0.0610153 0.00894164 47.5328 -0.0614183 0.996575 0.0553691 1.02796 -0.00553265 -0.0558129 0.998426 0.686938
0.997535 0.0695986 0.00896369 47.8542 -0.0700101 0.995771 0.0594813 1.00721 -0.00478597 -0.0599622 0.998189 0.677375
0.996864 0.0784895 0.0101248 48.1675 -0.0789766 0.994846 0.0635915 0.982134 -0.00508139 -0.0641917 0.997925 0.675779
0.996053 0.08809 0.0109174 48.4565 -0.0886052 0.994074 0.0629691 0.961809 -0.0053058 -0.0636879 0.997956 0.689263
0.995108 0.0982595 0.0102986 48.6951 -0.0987103 0.993194 0.0618151 0.930951 -0.0041546 -0.0625293 0.998034 0.695391
0.993883 0.110208 0.00711962 48.9791 -0.110437 0.992019 0.0608405 0.898639 -0.000357686 -0.0612546 0.998122 0.703948
0.992234 0.124324 0.00388811 49.239 -0.124328 0.990348 0.061266 0.847668 0.00376626 -0.0612736 0.998114 0.70893
0.990225 0.139446 0.00298485 49.474 -0.139354 0.988216 0.0633167 0.81743 0.0058796 -0.0631138 0.997989 0.706006
0.987822 0.155555 0.00314168 49.7447 -0.155432 0.985737 0.0645218 0.771657 0.00693979 -0.0642244 0.997911 0.712623
0.984994 0.172558 0.00329782 50.0022 -0.172405 0.982879 0.0649949 0.727644 0.00797403 -0.0645882 0.99788 0.715905
0.981617 0.190829 0.00351164 50.2394 -0.190657 0.979553 0.0642296 0.659036 0.00881701 -0.0637184 0.997929 0.725149
0.977697 0.209979 0.00421029 50.4874 -0.209823 0.975709 0.0629824 0.582762 0.00911696 -0.0624611 0.998006 0.731533
0.97322 0.229836 0.00420362 50.7257 -0.229641 0.971242 0.0628814 0.520934 0.0103697 -0.0621628 0.998012 0.739407
0.968019 0.250836 0.00448493 50.96 -0.250596 0.965942 0.0644741 0.462807 0.0118402 -0.063536 0.997909 0.742096
0.96185 0.273545 0.00434228 51.2157 -0.27323 0.959698 0.0657655 0.386004 0.0138225 -0.064443 0.997826 0.742997
0.954562 0.297969 0.00518039 51.4409 -0.297643 0.952362 0.0664496 0.297154 0.0148663 -0.0649721 0.997776 0.751307
0.946125 0.323724 0.00705293 51.6749 -0.323427 0.943764 0.0685918 0.21771 0.0155485 -0.0671775 0.99762 0.760416
0.936299 0.351086 0.00906677 51.9367 -0.350823 0.933771 0.0706718 0.110637 0.0163456 -0.0693508 0.997458 0.770803
0.925214 0.3793 0.0104792 52.1692 -0.37905 0.92264 0.0711122 0.0265722 0.0173043 -0.0697661 0.997413 0.770013
0.912397 0.409182 0.0100563 52.402 -0.408858 0.909974 0.0691524 -0.115636 0.019145 -0.067206 0.997555 0.784932
0.897238 0.441459 0.00887548 52.6545 -0.441027 0.895023 0.0665546 -0.275228 0.0214373 -0.0636296 0.997743 0.808513
0.8797 0.475483 0.0066884 52.8776 -0.474861 0.877629 0.0653802 -0.414355 0.0252173 -0.060691 0.997838 0.815338
0.860241 0.509863 0.0050521 53.1231 -0.509032 0.858179 0.0664465 -0.59272 0.029543 -0.0597316 0.997777 0.821661
0.838334 0.545142 0.00402612 53.3259 -0.544113 0.836248 0.0680516 -0.74099 0.033731 -0.0592406 0.997674 0.829238
0.813905 0.580978 0.00493892 53.5715 -0.579825 0.811691 0.0704332 -0.936371 0.0369112 -0.0601896 0.997504 0.847812
0.786856 0.617093 0.00732079 53.8382 -0.615885 0.78445 0.0729622 -1.1274 0.0392816 -0.0619195 0.997308 0.862622
0.757292 0.65298 0.0111953 54.0744 -0.651716 0.754498 0.0774557 -1.35447 0.0421302 -0.0659527 0.996933 0.86595
0.724445 0.689196 0.0137056 54.3083 -0.687932 0.721564 0.0780675 -1.61181 0.0439143 -0.0659841 0.996854 0.88851
0.687624 0.725914 0.0148923 54.5544 -0.724701 0.684929 0.0753757 -1.88993 0.0445161 -0.0626226 0.997044 0.910612
0.648657 0.760916 0.0158295 54.7576 -0.759738 0.646137 0.0728389 -2.16394 0.0451963 -0.0592738 0.997218 0.929555
0.606152 0.795154 0.0175699 55.0063 -0.793967 0.60365 0.0722723 -2.51956 0.0468616 -0.0577579 0.99723 0.938214
0.560569 0.827919 0.0177001 55.1951 -0.826641 0.558176 0.0714472 -2.8652 0.0492727 -0.0546826 0.997287 0.970705
0.512442 0.858525 0.0184205 55.3888 -0.857245 0.510185 0.0695881 -3.23247 0.0503452 -0.0514508 0.997406 0.991274
0.463893 0.885653 0.0205376 55.5932 -0.88449 0.461732 0.0669433 -3.62645 0.0498057 -0.0492199 0.997545 1.01792
0.413963 0.909939 0.0253938 55.7572 -0.909028 0.411756 0.0642283 -4.03629 0.0479878 -0.0496719 0.997612 1.0508
0.364823 0.93054 0.0316068 55.9086 -0.929855 0.362396 0.0635512 -4.47164 0.0476827 -0.0525747 0.997478 1.05861
0.315015 0.948512 0.0330271 56.0567 -0.947775 0.31256 0.0634739 -4.93991 0.0498828 -0.0512975 0.997437 1.06185
0.266966 0.963347 0.0262969 56.1685 -0.962391 0.265078 0.059479 -5.41854 0.0503282 -0.0411867 0.997883 1.11738
0.222405 0.97481 0.0168089 56.2249 -0.973756 0.221244 0.0533984 -5.91501 0.0483344 -0.0282438 0.998432 1.14327
0.179113 0.983777 0.0100392 56.2969 -0.982647 0.178389 0.0508088 -6.44355 0.0481937 -0.0189655 0.998658 1.19344
0.140522 0.990047 0.0077282 56.364 -0.988746 0.139924 0.0529447 -6.93815 0.0513364 -0.0150811 0.998568 1.17972
0.107578 0.994193 0.00284987 56.4066 -0.992827 0.107279 0.0527762 -7.46969 0.052164 -0.00850699 0.998602 1.23112
0.0779402 0.996953 -0.00315014 56.4256 -0.995633 0.0779991 0.0512972 -8.0295 0.0513866 -0.000861732 0.998678 1.26661
0.0524685 0.998593 -0.00767079 56.43 -0.99738 0.0527848 0.049475 -8.59655 0.0498103 0.00505481 0.998746 1.28649
0.0319206 0.999407 -0.0128796 56.4526 -0.998306 0.0325073 0.0482615 -9.16098 0.0486516 0.0113172 0.998752 1.31036
0.0156623 0.999779 -0.0140039 56.4496 -0.998664 0.0163315 0.0490268 -9.74323 0.0492447 0.0132173 0.998699 1.33991
0.00249609 0.999896 -0.014216 56.4617 -0.998777 0.00319473 0.0493364 -10.3321 0.0493767 0.0140755 0.998681 1.3655
-0.00951066 0.999858 -0.0139153 56.4523 -0.998698 -0.00880043 0.05024 -10.972 0.0501104 0.014375 0.99864 1.38323
-0.0186288 0.999668 -0.0178248 56.438 -0.99846 -0.0176685 0.0525942 -11.5532 0.0522618 0.0187771 0.998457 1.42647
-0.0256781 0.999448 -0.0211021 56.405 -0.99821 -0.0244945 0.0545536 -12.2022 0.0540065 0.0224652 0.998288 1.47752
-0.0308048 0.999286 -0.021869 56.4 -0.998099 -0.0295852 0.0540565 -12.8336 0.0533709 0.0234926 0.998298 1.49992
-0.034074 0.999249 -0.0184751 56.375 -0.998137 -0.0330885 0.051253 -13.4742 0.0506031 0.0201871 0.998515 1.54507
-0.0361295 0.999198 -0.0172589 56.3592 -0.99837 -0.0353254 0.0448221 -14.1546 0.0441765 0.0188502 0.998846 1.56597
-0.037467 0.999127 -0.0184834 56.323 -0.998558 -0.0367212 0.0391607 -14.8245 0.0384478 0.019924 0.999062 1.5918
-0.0382107 0.99903 -0.0218782 56.3153 -0.998623 -0.0373892 0.0368005 -15.5065 0.0359468 0.0232543 0.999083 1.61901
-0.0382906 0.998941 -0.0254963 56.2833 -0.99856 -0.0372919 0.0385544 -16.2211 0.0375628 0.0269359 0.998931 1.66278
-0.0375394 0.998962 -0.0257872 56.2443 -0.998292 -0.0363331 0.045757 -16.9009 0.0447726 0.0274609 0.99862 1.69213
-0.0355445 0.999041 -0.0255544 56.2316 -0.998004 -0.0341486 0.0531277 -17.6013 0.0522041 0.0273918 0.998261 1.7344
-0.0330728 0.999129 -0.0254323 56.2012 -0.997995 -0.0316397 0.0548247 -18.337 0.0539723 0.0271945 0.998172 1.76979
-0.0310953 0.999165 -0.0265178 56.175 -0.998288 -0.0297311 0.0503763 -19.0732 0.0495458 0.0280388 0.998378 1.80593
-0.0281491 0.999229 -0.0273825 56.153 -0.99866 -0.0269222 0.0441888 -19.818 0.0434175 0.0285897 0.998648 1.82639
-0.0261716 0.999328 -0.0256608 56.1317 -0.99877 -0.0250581 0.0427932 -20.5329 0.0421214 0.0267492 0.998754 1.85475
-0.0229182 0.999224 -0.0320302 56.1239 -0.998639 -0.0213798 0.0475744 -21.266 0.0468527 0.0330769 0.998354 1.9237
-0.0198321 0.999222 -0.0340945 56.1199 -0.998444 -0.0180162 0.0527678 -22.0075 0.0521125 0.0350879 0.998025 1.98124
-0.0174496 0.999452 -0.0281353 56.1079 -0.998414 -0.0159113 0.0540029 -22.7431 0.0535256 0.029033 0.998144 2.01461
-0.0134566 0.999627 -0.023751 56.1085 -0.998621 -0.0122299 0.051058 -23.4931 0.0507485 0.0244053 0.998413 2.03612
-0.00922086 0.999529 -0.0292559 56.1251 -0.99886 -0.00783672 0.0470782 -24.1967 0.0468268 0.0296567 0.998463 2.06753
-0.00556708 0.999431 -0.033252 56.085 -0.998845 -0.00397038 0.0478926 -24.962 0.0477334 0.0334802 0.998299 2.12872
-0.00277009 0.99946 -0.0327445 56.119 -0.998636 -0.00105766 0.0521989 -25.692 0.0521361 0.0328444 0.9981 2.19569
0.000685926 0.99955 -0.0299837 56.1282 -0.998583 0.00227992 0.0531601 -26.4313 0.0532045 0.0299048 0.998136 2.21371
0.00460197 0.999581 -0.0285776 56.1139 -0.998603 0.00609786 0.0524806 -27.1831 0.0526329 0.0282962 0.998213 2.26434
0.00819049 0.999412 -0.0332895 56.1289 -0.99869 0.00985735 0.0502199 -27.9032 0.0505185 0.0328345 0.998183 2.29563
0.0115192 0.999215 -0.0379009 56.128 -0.998639 0.0134241 0.0503971 -28.6398 0.0508663 0.0372688 0.99801 2.34508
0.0149208 0.999059 -0.0407192 56.1463 -0.998551 0.0169945 0.0510666 -29.4074 0.0517105 0.0398982 0.997865 2.39495
0.0180181 0.998946 -0.0422101 56.145 -0.998493 0.0201665 0.0510374 -30.1563 0.0518348 0.0412269 0.997804 2.42961
0.0210059 0.998879 -0.0424253 56.1671 -0.998486 0.0231178 0.0499168 -30.8764 0.0508416 0.0413125 0.997852 2.47757
0.0240894 0.998666 -0.0456762 56.1582 -0.998462 0.0263165 0.048802 -31.6286 0.049939 0.0444303 0.997764 2.52645
0.0276934 0.998609 -0.0448635 56.1863 -0.998328 0.0299081 0.0494713 -32.3989 0.0507443 0.0434184 0.997767 2.55198
0.0303829 0.998662 -0.0418448 56.2446 -0.998191 0.032488 0.0505815 -33.0941 0.0518733 0.0402323 0.997843 2.58771
0.033233 0.998501 -0.0434825 56.2502 -0.998062 0.0354453 0.0511391 -33.8436 0.0526037 0.0416988 0.997744 2.63644
0.0362413 0.998474 -0.0416775 56.2989 -0.997977 0.0383404 0.0507213 -34.6027 0.0522419 0.0397549 0.997843 2.68584
0.0384121 0.998439 -0.040536 56.3303 -0.997877 0.040462 0.0510245 -35.3677 0.052585 0.03849 0.997874 2.71938
0.0414425 0.998367 -0.0393223 56.3741 -0.99772 0.0434493 0.0516338 -36.0891 0.053258 0.0370928 0.997892 2.75485
0.0446874 0.998321 -0.0368484 56.4053 -0.997497 0.0466133 0.053178 -36.8595 0.0548063 0.0343798 0.997905 2.80331
0.0481276 0.998177 -0.0364219 56.4517 -0.997146 0.0501373 0.0564398 -37.6593 0.058163 0.0336016 0.997741 2.86551
0.0510156 0.998017 -0.0368679 56.4768 -0.996865 0.0531228 0.0586372 -38.3806 0.0604794 0.0337609 0.997598 2.90173
0.0549424 0.998016 -0.0307594 56.5402 -0.996541 0.056733 0.0607317 -39.1806 0.0623563 0.0273162 0.99768 2.96563
0.0575439 0.997972 -0.0272313 56.6162 -0.9964 0.0591114 0.06077 -39.9441 0.0622564 0.0236363 0.99778 2.99551
0.0606814 0.997729 -0.029239 56.646 -0.996212 0.0623649 0.0605938 -40.726 0.0622797 0.0254513 0.997734 3.06358
0.06457 0.997464 -0.029954 56.7208 -0.995885 0.0663226 0.0617656 -41.529 0.0635956 0.0258425 0.997641 3.12623
0.0689771 0.997303 -0.0250642 56.7679 -0.995527 0.0704366 0.0629602 -42.3048 0.0645559 0.0206093 0.997701 3.1849
0.073229 0.997018 -0.0243509 56.8279 -0.995286 0.0746149 0.0619525 -43.1004 0.0635847 0.0196994 0.997782 3.21019
0.0775685 0.996608 -0.027472 56.8978 -0.995019 0.0791165 0.0606456 -43.8386 0.0626134 0.0226309 0.997781 3.27953
0.0829641 0.996278 -0.0234059 56.9788 -0.994311 0.084329 0.0650652 -44.6755 0.0667968 0.0178747 0.997606 3.32089
0.0886577 0.995826 -0.0216815 57.0732 -0.993272 0.0900166 0.0728591 -45.4263 0.0745067 0.0150762 0.997107 3.40553
0.0962767 0.995108 -0.0221334 57.1245 -0.992163 0.0977236 0.0778589 -46.2266 0.079641 0.0144639 0.996719 3.4508
0.103834 0.994433 -0.0179228 57.2569 -0.991172 0.104953 0.0810075 -47.045 0.0824376 0.00935328 0.996552 3.52822
0.111093 0.993696 -0.0150844 57.3332 -0.990531 0.111946 0.0794728 -47.8707 0.0806604 0.00611268 0.996723 3.59151
0.118807 0.992798 -0.0153942 57.44 -0.989748 0.119652 0.0779945 -48.6874 0.0792748 0.00597006 0.996835 3.6769
0.125951 0.991927 -0.0147533 57.5347 -0.98909 0.126708 0.0751459 -49.507 0.0764086 0.00512761 0.997063 3.7544
0.13413 0.990877 -0.0131215 57.6584 -0.988473 0.13472 0.0690763 -50.2939 0.0702138 0.00370502 0.997525 3.81683
0.141873 0.98983 -0.0104388 57.7929 -0.987828 0.14225 0.0629274 -51.0912 0.0637723 0.00138405 0.997964 3.85987
0.148831 0.98881 -0.0101817 57.9045 -0.987012 0.149175 0.0596147 -51.9294 0.0604665 0.00117696 0.99817 3.94167
0.155741 0.98774 -0.0107179 58.0334 -0.985823 0.156106 0.0615169 -52.6896 0.0624358 0.000985284 0.998048 3.99516
0.161084 0.986868 -0.0119877 58.1671 -0.984552 0.161526 0.0675703 -53.4642 0.0686193 0.000918066 0.997642 4.05641
0.166266 0.986006 -0.0121376 58.293 -0.983374 0.166709 0.0719998 -54.265 0.0730157 -3.53382e-05 0.997331 4.1218
0.171998 0.985028 -0.0117148 58.4441 -0.982213 0.172392 0.0744202 -55.0498 0.0753255 -0.00129374 0.997158 4.20257
0.176299 0.984283 -0.010259 58.5711 -0.981445 0.17657 0.0747624 -55.7712 0.0753988 -0.00311196 0.997149 4.24874
0.18188 0.983247 -0.0120286 58.699 -0.980611 0.182273 0.0719578 -56.531 0.0729448 -0.00129233 0.997335 4.3313
0.186144 0.982433 -0.0132825 58.8677 -0.9802 0.186616 0.0662005 -57.2971 0.0675162 0.000696682 0.997718 4.37035
0.190444 0.981632 -0.0114272 59.0206 -0.979827 0.190786 0.0594984 -58.0805 0.0605857 -0.000134423 0.998163 4.45115
0.193482 0.981072 -0.00794424 59.1877 -0.979487 0.193621 0.0558301 -58.7965 0.0563115 -0.00302081 0.998409 4.47774
0.196659 0.980451 -0.00644269 59.329 -0.978857 0.196708 0.0560807 -59.5246 0.0562517 -0.00472231 0.998405 4.55089
0.198693 0.980051 -0.00451399 59.4704 -0.978364 0.198618 0.0579271 -60.2158 0.0576681 -0.00709338 0.998311 4.59508
0.200497 0.979693 -0.00146986 59.6176 -0.977805 0.200203 0.0617811 -60.8968 0.0608208 -0.0109497 0.998089 4.65291
0.202589 0.979262 -0.00182025 59.788 -0.977063 0.202258 0.0666317 -61.6111 0.0656181 -0.0117204 0.997776 4.70457
0.204785 0.978807 -0.000515424 59.9257 -0.97625 0.204288 0.072131 -62.3058 0.0707076 -0.0142682 0.997395 4.77036
0.206066 0.978535 -0.00243732 60.094 -0.975855 0.205685 0.0734959 -62.9568 0.0724197 -0.0127666 0.997293 4.82451
0.207696 0.978193 0.00014192 60.2315 -0.975537 0.207122 0.0736777 -63.5926 0.0720416 -0.015441 0.997282 4.85922
0.207885 0.978153 0.00061813 60.3651 -0.97571 0.207321 0.0707667 -64.2809 0.0690925 -0.0153144 0.997493 4.92009
0.208725 0.977974 0.00047635 60.5375 -0.975669 0.208199 0.0687201 -64.9679 0.0671073 -0.0148083 0.997636 4.97108
0.208277 0.97807 0.000240332 60.6536 -0.975829 0.207783 0.067698 -65.5867 0.0661635 -0.0143345 0.997706 5.02197
0.207037 0.978333 0.000856567 60.7726 -0.976147 0.206516 0.0669961 -66.243 0.0653676 -0.0147068 0.997753 5.07597
0.205366 0.978685 0.000741985 60.9156 -0.976468 0.20485 0.0674256 -66.8469 0.0658364 -0.0145715 0.997724 5.12409
0.202906 0.979196 0.00216704 61.059 -0.976792 0.202252 0.070508 -67.464 0.0686028 -0.0164232 0.997509 5.1749
0.200926 0.979606 0.000683024 61.1886 -0.976926 0.200325 0.0740694 -68.0679 0.072422 -0.0155497 0.997253 5.23352
0.198597 0.980081 -0.00110817 61.3214 -0.977303 0.198119 0.0750247 -68.6896 0.0737498 -0.0138167 0.997181 5.28651
0.196215 0.98056 -0.00157204 61.4381 -0.977889 0.195798 0.0734643 -69.2403 0.0723439 -0.0128775 0.997297 5.32607
0.193829 0.981035 -0.00078983 61.5506 -0.978542 0.193394 0.0710949 -69.8064 0.0698993 -0.0130074 0.997469 5.36467
0.191978 0.981399 -0.000721762 61.6526 -0.979176 0.191593 0.0671256 -70.3985 0.0660153 -0.0121799 0.997744 5.4097
0.189904 0.981797 -0.00344317 61.7635 -0.979623 0.189714 0.0659295 -70.9625 0.0653826 -0.00914723 0.997818 5.45684
0.187488 0.982247 -0.00631546 61.8666 -0.979936 0.187482 0.0676452 -71.5057 0.0676283 -0.00649394 0.997689 5.51225
0.185141 0.982655 -0.0105793 61.967 -0.980207 0.185426 0.0693689 -72.0684 0.0701274 -0.00247316 0.997535 5.56656
0.183203 0.983017 -0.0106513 62.0991 -0.980399 0.183492 0.0717497 -72.641 0.0724856 -0.00270221 0.997366 5.59501
0.181751 0.983296 -0.00981483 62.1674 -0.980543 0.181977 0.0736116 -73.1388 0.0741681 -0.00375515 0.997239 5.65368
0.181072 0.9834 -0.0117354 62.2748 -0.98073 0.181444 0.0724349 -73.6988 0.0733618 -0.00160666 0.997304 5.68599
0.181022 0.983327 -0.0172869 62.3647 -0.980791 0.181798 0.0707051 -74.2639 0.072669 0.00415561 0.997347 5.73319
0.182527 0.98294 -0.0226312 62.489 -0.980551 0.183676 0.0691553 -74.801 0.0721323 0.00956828 0.997349 5.77802
0.184556 0.982496 -0.0253322 62.5563 -0.980211 0.185882 0.0680733 -75.3237 0.0715905 0.0122675 0.997359 5.82299
0.188365 0.981773 -0.0253078 62.673 -0.979503 0.189677 0.0677915 -75.8885 0.0713561 0.0120195 0.997378 5.86653
0.193171 0.980896 -0.0229844 62.7779 -0.978543 0.194314 0.0685323 -76.4181 0.0716892 0.00925275 0.997384 5.91561
0.199813 0.979498 -0.0256618 62.902 -0.977232 0.201121 0.0675797 -76.9946 0.0713553 0.0115743 0.997384 5.95237
0.207365 0.977954 -0.0245964 63.0184 -0.975658 0.208581 0.067709 -77.5664 0.0713467 0.00995723 0.997402 5.99473
0.215576 0.976168 -0.0249551 63.1759 -0.973943 0.216788 0.0666134 -78.1649 0.0704358 0.00994459 0.997467 6.02815
0.224841 0.974093 -0.0242801 63.3224 -0.971904 0.225978 0.0658485 -78.7313 0.0696293 0.00879249 0.997534 6.07769
0.234345 0.971929 -0.0209033 63.4597 -0.969669 0.235229 0.066404 -79.2806 0.0694571 0.00470781 0.997574 6.11085
0.244284 0.969533 -0.0181946 63.5974 -0.967031 0.24496 0.0696132 -79.8781 0.0719492 0.000589333 0.997408 6.16554
0.253994 0.967091 -0.0149126 63.7779 -0.96439 0.2544 0.0723394 -80.4869 0.0737525 -0.00399219 0.997269 6.21731
0.26507 0.964157 -0.0118382 63.9584 -0.961281 0.265199 0.0748855 -81.0889 0.0753408 -0.00847008 0.997122 6.26215
0.275271 0.961303 -0.0110807 64.1462 -0.958297 0.275294 0.076675 -81.7052 0.0767584 -0.0104878 0.996995 6.3199
0.285686 0.958279 -0.00921767 64.3342 -0.955211 0.285519 0.0777868 -82.3283 0.0771733 -0.0134178 0.996927 6.36379
0.295854 0.955186 -0.0094346 64.5701 -0.952093 0.295668 0.078098 -82.9443 0.0773877 -0.014123 0.996901 6.41442
0.30622 0.951935 -0.00707037 64.7616 -0.948816 0.305803 0.0789421 -83.581 0.0773099 -0.0174651 0.996854 6.46706
0.317004 0.948397 -0.00716384 65.0097 -0.945574 0.316628 0.0750772 -84.2658 0.0734713 -0.0170259 0.997152 6.50926
0.327183 0.94492 -0.00877586 65.2207 -0.942551 0.326997 0.0683353 -84.8909 0.0674411 -0.0140864 0.997624 6.55977
0.33836 0.940969 -0.00945659 65.4479 -0.938873 0.33825 0.0640641 -85.5787 0.0634811 -0.0127982 0.997901 6.61257
0.34853 0.937232 -0.0110717 65.7413 -0.935375 0.348547 0.0599066 -86.2489 0.0600054 -0.010523 0.998143 6.64075
0.357602 0.933754 -0.0149843 65.9678 -0.932025 0.357857 0.0571612 -86.9521 0.0587367 -0.00647524 0.998253 6.70959
0.366241 0.930277 -0.0212649 66.2497 -0.928769 0.366857 0.0529437 -87.6518 0.0570535 0.000359991 0.998371 6.74886
0.37335 0.927291 -0.0272183 66.507 -0.926279 0.374239 0.0441772 -88.3899 0.0511513 0.00871821 0.998653 6.78305
0.379658 0.924561 -0.0323615 66.7814 -0.923881 0.38073 0.0385914 -89.0853 0.0480011 0.0152466 0.998731 6.83756
0.387339 0.921219 -0.0364023 67.1369 -0.920617 0.388595 0.038192 -89.7901 0.0493289 0.0187193 0.998607 6.8608
0.394119 0.918097 -0.042061 67.4125 -0.917301 0.395782 0.0437707 -90.5148 0.0568327 0.0213317 0.998156 6.92265
0.400425 0.915187 -0.0457474 67.7188 -0.914054 0.402449 0.0504031 -91.2405 0.0645393 0.0216328 0.997681 6.98038
0.406454 0.912481 -0.0466174 68.068 -0.911256 0.408559 0.0518918 -91.9317 0.0663963 0.0213888 0.997564 7.03383
0.410878 0.910777 -0.0407929 68.3592 -0.90935 0.412617 0.0531923 -92.5983 0.0652781 0.0152395 0.997751 7.0644
0.414532 0.909316 -0.0361624 68.7119 -0.907607 0.416001 0.0565066 -93.2662 0.0664259 0.00939741 0.997747 7.11422
0.418266 0.907639 -0.0352834 69.0043 -0.905653 0.419698 0.0603825 -93.9513 0.0696139 0.00669855 0.997552 7.1893
0.423208 0.905339 -0.035453 69.3891 -0.903029 0.424665 0.0647904 -94.6781 0.0737129 0.00459526 0.997269 7.24131
0.426053 0.904097 -0.032963 69.682 -0.90156 0.427326 0.0676897 -95.2955 0.075284 0.000878699 0.997162 7.31015
0.429908 0.902269 -0.0330199 70.0118 -0.899829 0.431173 0.0663166 -95.9528 0.0740727 0.00120222 0.997252 7.35124
0.433803 0.900414 -0.03272 70.315 -0.898216 0.43503 0.0629115 -96.6082 0.0708805 0.00209845 0.997483 7.41896
0.436948 0.898915 -0.0320553 70.6285 -0.896879 0.438116 0.0605235 -97.2247 0.0684495 0.00230406 0.997652 7.46688
0.440818 0.897074 -0.0306148 70.9417 -0.89512 0.441878 0.0591885 -97.8672 0.0666245 0.00131253 0.997777 7.53179
0.444458 0.895306 -0.0297297 71.2755 -0.893226 0.445451 0.0609957 -98.4856 0.067853 -0.000554725 0.997695 7.58246
0.446717 0.894145 -0.0308035 71.589 -0.892021 0.447777 0.0615961 -99.0824 0.068869 -3.86477e-05 0.997626 7.64329
0.449119 0.892859 -0.0330892 71.8943 -0.890867 0.450328 0.0596756 -99.7044 0.0681829 0.00267661 0.997669 7.6932
0.44993 0.892387 -0.0347617 72.167 -0.89046 0.451248 0.0587821 -100.247 0.0681425 0.00450615 0.997665 7.74739
0.452082 0.891371 -0.0328476 72.4631 -0.889448 0.453266 0.0585931 -100.841 0.0671169 0.00272733 0.997741 7.79833
0.454014 0.890342 -0.0340966 72.7644 -0.888448 0.455276 0.0581771 -101.391 0.0673208 0.00387985 0.997724 7.84924
0.456459 0.88905 -0.0351504 73.0774 -0.887021 0.457796 0.0601357 -101.959 0.0695553 0.00372961 0.997571 7.89887
0.459081 0.887645 -0.0364805 73.3677 -0.885582 0.460507 0.0606445 -102.538 0.0706303 0.00446578 0.997493 7.9652
0.462157 0.885941 -0.0389675 73.6582 -0.883946 0.463748 0.0598134 -103.084 0.0710623 0.00680196 0.997449 8.02224
0.464618 0.884534 -0.0416002 73.9271 -0.882643 0.46638 0.0585766 -103.62 0.0712145 0.0095024 0.997416 8.06955
0.468312 0.882525 -0.0428254 74.2047 -0.8807 0.470145 0.0577205 -104.152 0.0710739 0.0106851 0.997414 8.12478
0.471857 0.88061 -0.0433253 74.4713 -0.878805 0.473715 0.0574174 -104.665 0.0710862 0.0109816 0.99741 8.17275
0.475548 0.878552 -0.0447186 74.7511 -0.876809 0.477489 0.0566641 -105.192 0.071135 0.0122632 0.997391 8.21987
0.478603 0.876781 -0.0468315 75.0375 -0.875098 0.480682 0.0561148 -105.709 0.0717115 0.0141254 0.997325 8.25738
0.482917 0.874442 -0.0462938 75.2959 -0.872613 0.484971 0.0578746 -106.211 0.0730591 0.012448 0.99725 8.31099
0.486974 0.871969 -0.0502609 75.5969 -0.87022 0.489306 0.0574099 -106.714 0.0746527 0.015781 0.997085 8.36156
0.490472 0.870054 -0.0494262 75.8576 -0.867962 0.492793 0.0616203 -107.217 0.0779699 0.0126771 0.996875 8.40574
0.496551 0.866548 -0.0503141 76.2108 -0.864039 0.498986 0.066701 -107.69 0.0829057 0.0103529 0.996504 8.45182
0.502342 0.863281 -0.0489746 76.519 -0.860158 0.504697 0.0735456 -108.168 0.0882079 0.00518086 0.996089 8.50973
0.508323 0.859874 -0.047163 76.778 -0.856119 0.510506 0.0802733 -108.615 0.0931019 -0.000427653 0.995656 8.55614
0.515339 0.85574 -0.0461971 77.097 -0.851494 0.517385 0.0852685 -109.128 0.0968694 -0.00460562 0.995286 8.60957
0.521678 0.852088 -0.0424125 77.4144 -0.847812 0.523326 0.0857019 -109.64 0.0952211 -0.00875093 0.995418 8.67065
0.527697 0.848681 -0.0357231 77.7457 -0.844522 0.528698 0.0852117 -110.112 0.0912043 -0.014797 0.995722 8.72051
0.534116 0.844964 -0.0274902 78.0642 -0.841154 0.534405 0.0828889 -110.604 0.0847291 -0.0211488 0.99618 8.77227
0.540216 0.841279 -0.0204183 78.3776 -0.837811 0.53995 0.0807882 -111.087 0.0789903 -0.0265364 0.996522 8.82045
0.546112 0.837552 -0.0164037 78.7624 -0.834317 0.545555 0.0792704 -111.603 0.0753422 -0.0296047 0.996718 8.86596
0.552986 0.833069 -0.0142389 79.1175 -0.829678 0.552141 0.0823125 -112.122 0.0764338 -0.0337039 0.996505 8.91646
0.558721 0.829255 -0.0129107 79.4744 -0.825598 0.557602 0.0864173 -112.644 0.078861 -0.0376241 0.996175 8.95963
0.565387 0.824725 -0.0128856 79.8361 -0.820748 0.564075 0.0905124 -113.173 0.0819163 -0.0405987 0.995812 9.01315
0.572053 0.820126 -0.0121732 80.2003 -0.816047 0.570577 0.092249 -113.688 0.0826016 -0.0428374 0.995662 9.05901
0.579327 0.815023 -0.010818 80.6606 -0.810936 0.577659 0.0932346 -114.299 0.0822376 -0.0452406 0.995585 9.12547
0.58581 0.810418 -0.00704003 81.061 -0.806425 0.583744 0.0944533 -114.812 0.0806562 -0.0496544 0.995504 9.1679
0.592305 0.805702 -0.00435561 81.4895 -0.801904 0.590021 0.0939426 -115.369 0.0782596 -0.0521499 0.995568 9.22299
0.599675 0.800235 -0.00373783 81.9286 -0.796666 0.597429 0.0916637 -115.94 0.0755856 -0.0519907 0.995783 9.28725
0.607744 0.794127 -0.00313155 82.3945 -0.790567 0.605384 0.0922774 -116.517 0.0751757 -0.0536053 0.995728 9.35705
0.615353 0.78825 -0.001559 82.8354 -0.784706 0.612771 0.0935338 -117.103 0.0746834 -0.0563329 0.995615 9.40734
0.623273 0.782003 -0.00143159 83.3251 -0.778383 0.620562 0.0949906 -117.686 0.0751713 -0.0580907 0.995477 9.46932
0.630585 0.776119 -0.00108832 83.8232 -0.772525 0.627799 0.0952543 -118.253 0.0746119 -0.0592252 0.995452 9.51707
0.635698 0.771937 -0.000958758 84.3001 -0.768439 0.632935 0.0943088 -118.863 0.0734073 -0.0592152 0.995543 9.58196
0.639487 0.768799 -0.00219288 84.8355 -0.765339 0.636874 0.0929954 -119.462 0.0728914 -0.057791 0.995664 9.63601
0.642535 0.766248 -0.00361282 85.3416 -0.762821 0.640093 0.0915695 -120.086 0.0724775 -0.0560806 0.995792 9.6976
0.646024 0.763281 -0.0075045 85.8754 -0.759907 0.644034 0.0881006 -120.68 0.0720786 -0.0512123 0.996083 9.75884
0.649714 0.760075 -0.0125249 86.4492 -0.756884 0.648343 0.0823236 -121.354 0.0706926 -0.0440069 0.996527 9.81971
0.652249 0.757854 -0.0151516 86.9756 -0.754921 0.651266 0.0771128 -121.995 0.068308 -0.0388585 0.996907 9.87282
0.655541 0.754962 -0.0172881 87.4532 -0.752321 0.654889 0.071654 -122.601 0.0654178 -0.033966 0.99728 9.9503
0.658701 0.752199 -0.0175669 88.0379 -0.749687 0.658126 0.0695655 -123.263 0.0638884 -0.0326532 0.997423 9.99574
0.661676 0.749572 -0.0180906 88.6223 -0.74693 0.661065 0.0713294 -123.9 0.0654256 -0.0336845 0.997289 10.0774
0.665831 0.745935 -0.015818 89.2193 -0.743098 0.664901 0.0755807 -124.532 0.0668957 -0.0385696 0.997014 10.1265
0.668993 0.743181 -0.0113731 89.8125 -0.740299 0.667609 0.0790943 -125.177 0.0663742 -0.0444941 0.996802 10.1849
0.67229 0.740246 -0.00786505 90.4087 -0.737645 0.670749 0.0773065 -125.834 0.0625013 -0.0461708 0.996976 10.2473
0.675884 0.737003 -0.00273468 91.0276 -0.734874 0.674205 0.0735456 -126.457 0.056047 -0.0476987 0.997288 10.2883
0.678917 0.734213 0.00130817 91.6553 -0.732568 0.677275 0.0681345 -127.147 0.0491393 -0.047216 0.997675 10.3506
0.683749 0.729716 0.00076845 92.2617 -0.728296 0.682352 0.0630868 -127.776 0.0455112 -0.0436952 0.998008 10.3961
0.688196 0.725514 -0.00393168 92.8885 -0.724014 0.687102 0.0607897 -128.436 0.0468052 -0.0389886 0.998143 10.4542
0.69292 0.720852 -0.0152914 93.5162 -0.719106 0.692472 0.0580385 -129.111 0.0524261 -0.0292198 0.998197 10.5144
0.697094 0.716645 -0.0219251 94.1126 -0.714439 0.696871 0.0628365 -129.734 0.0603104 -0.0281388 0.997783 10.5487
0.702708 0.710966 -0.0270081 94.7384 -0.708552 0.702752 0.0639849 -130.382 0.0644711 -0.025826 0.997585 10.6242
0.708315 0.705301 -0.028984 95.3662 -0.70318 0.708593 0.0586037 -131.035 0.0618711 -0.0211289 0.99786 10.6589
0.714221 0.699261 -0.0303792 96.0276 -0.697496 0.714685 0.0521967 -131.668 0.0582107 -0.0160906 0.998175 10.7384
0.719529 0.693565 -0.0352857 96.7152 -0.691961 0.72032 0.0482635 -132.328 0.0588909 -0.0103107 0.998211 10.7816
0.723675 0.688998 -0.0397025 97.3956 -0.687112 0.724689 0.0519918 -132.954 0.0645943 -0.0103451 0.997858 10.8628
0.727239 0.685106 -0.0418631 98.0495 -0.683112 0.728373 0.0531961 -133.593 0.0669369 -0.0100891 0.997706 10.9076
0.730514 0.681493 -0.0437783 98.7624 -0.679746 0.731798 0.049161 -134.208 0.0655398 -0.00615465 0.997831 10.9832
0.732873 0.678918 -0.044368 99.4524 -0.677599 0.734214 0.0423103 -134.882 0.0613008 -0.000944359 0.998119 11.0501
0.734776 0.677083 -0.0407877 100.063 -0.675824 0.735901 0.0413677 -135.532 0.0580251 -0.00283071 0.998311 11.1077
0.735459 0.676196 -0.0431284 100.807 -0.675295 0.736714 0.0350567 -136.118 0.0554785 0.00334164 0.998454 11.1737
0.735807 0.675908 -0.0416619 101.509 -0.675034 0.736981 0.0344794 -136.743 0.0540089 0.00275302 0.998537 11.2327
0.73594 0.67575 -0.0418779 102.141 -0.674937 0.737122 0.0333495 -137.349 0.053405 0.00372173 0.998566 11.2749
0.735073 0.676816 -0.0398596 102.883 -0.675779 0.736152 0.037449 -137.967 0.0546889 -0.000591452 0.998503 11.3432
0.733564 0.678437 -0.0400889 103.621 -0.677279 0.734656 0.0396706 -138.604 0.0563655 -0.00194957 0.998408 11.3968
0.732171 0.680101 -0.0372481 104.289 -0.678698 0.733084 0.0442462 -139.264 0.0573978 -0.00711557 0.998326 11.466
0.730207 0.68225 -0.0364959 105.05 -0.680796 0.731073 0.0452704 -139.915 0.0575669 -0.00821046 0.998308 11.525
0.72806 0.684683 -0.0337307 105.694 -0.683175 0.728758 0.0467281 -140.518 0.0565755 -0.0109769 0.998338 11.6014
0.725871 0.687106 -0.0315629 106.394 -0.685638 0.726456 0.0464942 -141.175 0.0548755 -0.0121081 0.99842 11.6576
0.723644 0.689552 -0.0292694 107.051 -0.688219 0.724135 0.0445347 -141.812 0.051904 -0.0120836 0.998579 11.6984
0.720761 0.692517 -0.0303924 107.702 -0.691366 0.721353 0.0407721 -142.419 0.050159 -0.00837471 0.998706 11.7412
0.717767 0.695413 -0.034806 108.421 -0.694136 0.718582 0.0426073 -143.072 0.0546406 -0.00642202 0.998485 11.8331
0.714412 0.698944 -0.0330771 109.036 -0.696877 0.714969 0.0564167 -143.711 0.0630812 -0.0172541 0.997859 11.8752
0.711152 0.702224 -0.0338418 109.744 -0.699624 0.711616 0.064261 -144.347 0.0692079 -0.0220229 0.997359 11.9746
0.707121 0.706205 -0.0354225 110.38 -0.703951 0.707812 0.0587789 -145.005 0.0665824 -0.0166281 0.997642 12.0222
0.703153 0.710496 -0.0277569 111.009 -0.708506 0.703407 0.0568989 -145.593 0.0599508 -0.0203427 0.997994 12.0865
0.700753 0.712985 -0.0244451 111.661 -0.711168 0.700857 0.0551276 -146.267 0.0564377 -0.0212463 0.99818 12.1296
0.697517 0.716231 -0.0219939 112.277 -0.714371 0.697453 0.0568623 -146.916 0.0560662 -0.0239506 0.99814 12.2067
0.694239 0.719344 -0.0240029 112.893 -0.71753 0.694332 0.0552643 -147.572 0.05642 -0.0211438 0.998183 12.2508
0.691009 0.722436 -0.0243647 113.504 -0.720533 0.691101 0.0566678 -148.212 0.0577773 -0.0216024 0.998096 12.3162
0.686524 0.726441 -0.0311305 114.172 -0.724586 0.687078 0.0538402 -148.884 0.0605008 -0.0144059 0.998064 12.3661
0.683143 0.72961 -0.0313845 114.779 -0.727542 0.683669 0.0572624 -149.497 0.0632359 -0.0162848 0.997866 12.4532
0.680292 0.732215 -0.0326123 115.358 -0.730182 0.680917 0.0564461 -150.216 0.0635369 -0.014587 0.997873 12.4965
0.674966 0.737161 -0.0318367 116.007 -0.735122 0.675552 0.0567933 -150.837 0.0633732 -0.0149297 0.997878 12.5616
0.670849 0.740877 -0.0326059 116.549 -0.738863 0.671502 0.0562754 -151.471 0.0635881 -0.0136609 0.997883 12.6203
0.665145 0.746073 -0.0309474 117.184 -0.743937 0.665673 0.0586221 -152.168 0.0643372 -0.0159693 0.9978 12.6717
0.658992 0.751473 -0.0319195 117.779 -0.748944 0.659506 0.0642997 -152.797 0.0693706 -0.018467 0.99742 12.761
0.652917 0.756728 -0.032588 118.4 -0.753799 0.653393 0.0697455 -153.506 0.0740712 -0.0209732 0.997032 12.8381
0.64614 0.762587 -0.0310524 119.011 -0.759397 0.646439 0.0737103 -154.157 0.076284 -0.0240461 0.996796 12.926
0.639708 0.768204 -0.0252139 119.6 -0.765528 0.639732 0.0686299 -154.875 0.0688519 -0.0246012 0.997324 12.9852
0.633773 0.773382 -0.0145862 120.165 -0.77124 0.63324 0.0647716 -155.567 0.0593298 -0.029801 0.997794 13.0223
0.626709 0.779159 -0.0121178 120.771 -0.777423 0.626226 0.0587705 -156.303 0.0533801 -0.0274113 0.998198 13.1032
0.61941 0.785056 -0.00425149 121.385 -0.783439 0.618465 0.0610288 -157.001 0.0505404 -0.0344711 0.998127 13.1346
0.611729 0.791049 -0.00541175 121.929 -0.789316 0.610815 0.0623332 -157.752 0.0526141 -0.0338594 0.998041 13.2103
0.605048 0.796084 -0.0129368 122.496 -0.794115 0.604565 0.0623087 -158.528 0.0574241 -0.0274264 0.997973 13.2513
0.596863 0.802158 -0.0172422 123.115 -0.799535 0.596433 0.0707934 -159.271 0.0670713 -0.0284682 0.997342 13.3505
0.589415 0.807502 -0.0230415 123.684 -0.804722 0.589407 0.0708651 -160.029 0.0708045 -0.0232269 0.99722 13.425
0.582614 0.812436 -0.0225459 124.202 -0.809917 0.582674 0.0672719 -160.801 0.067791 -0.0209332 0.99748 13.476
0.576129 0.817025 -0.0233483 124.706 -0.814851 0.576363 0.0618379 -161.571 0.0639802 -0.0166012 0.997813 13.538
0.568636 0.822286 -0.0223493 125.254 -0.820225 0.56885 0.0603312 -162.354 0.0623229 -0.015975 0.997928 13.6153
0.561985 0.826869 -0.0214814 125.766 -0.824747 0.562142 0.0615536 -163.114 0.0629724 -0.0168755 0.997873 13.6701
0.555965 0.830845 -0.0244677 126.282 -0.828805 0.556355 0.0595928 -163.858 0.0631251 -0.0128525 0.997923 13.7488
0.549779 0.834865 -0.027264 126.802 -0.83321 0.550418 0.0529221 -164.589 0.0591894 -0.00637887 0.998226 13.7979
0.545265 0.837823 -0.0272025 127.28 -0.836349 0.545925 0.0498699 -165.345 0.0566326 -0.00444155 0.998385 13.8476
0.540808 0.840804 -0.0239789 127.759 -0.839387 0.5413 0.049229 -166.091 0.0543717 -0.00649583 0.9985 13.8991
0.536285 0.843735 -0.0225636 128.242 -0.842222 0.536693 0.0512193 -166.827 0.0553253 -0.00846457 0.998433 13.9832
0.533189 0.845631 -0.0248651 128.699 -0.843913 0.533707 0.0544765 -167.59 0.0593376 -0.00806228 0.998205 14.0417
0.530238 0.847401 -0.0275351 129.137 -0.845311 0.530883 0.0600973 -168.286 0.0655444 -0.00859017 0.997813 14.1007
0.525865 0.85018 -0.0257146 129.631 -0.847932 0.526374 0.0627857 -169.011 0.0669146 -0.0112126 0.997696 14.1702
0.52322 0.851858 -0.0240517 130.032 -0.849935 0.523679 0.058062 -169.7 0.062056 -0.00993684 0.998023 14.2189
