1 0 0 0 0 1 0 0 -0 0 1 0
1 0.000566751 0.000781424 1.3021 -0.000566158 1 -0.000758299 -0.00800672 -0.000781853 0.000757856 0.999999 0.0701565
0.999999 0.00042797 0.00109529 2.62007 -0.000425926 0.999998 -0.00186526 0.01431 -0.00109609 0.0018648 0.999998 0.0914883
1 0.000163732 0.000235501 3.94852 -0.000163054 0.999996 -0.00287288 0.0185471 -0.000235971 0.00287285 0.999996 0.117476
1 0.000571377 0.000187123 5.24809 -0.000570828 0.999996 -0.00292011 0.0122903 -0.000188791 0.00292 0.999996 0.12628
0.999999 0.000266171 0.00110791 6.579 -0.00026229 0.999994 -0.00350209 0.0256035 -0.00110883 0.0035018 0.999993 0.136041
0.999998 0.000441331 0.00209495 7.91947 -0.000431919 0.99999 -0.00449102 0.021224 -0.00209692 0.00449011 0.999988 0.162517
0.999997 0.000329433 0.00226569 9.23387 -0.000319507 0.99999 -0.00437959 0.0199764 -0.00226711 0.00437886 0.999988 0.172825
1 0.000207869 0.00091711 10.5603 -0.000204405 0.999993 -0.0037757 0.0442108 -0.000917888 0.00377552 0.999992 0.189103
0.999999 0.000405015 -0.00106597 11.8873 -0.000406026 0.999999 -0.000947916 0.0374273 0.00106558 0.000948349 0.999999 0.199452
0.999997 -0.00023024 -0.00236472 13.2451 0.000235271 0.999998 0.00212744 0.0470177 0.00236423 -0.00212799 0.999995 0.229071
0.999998 4.41072e-05 -0.00220209 14.5717 -3.36201e-05 0.999989 0.00476218 0.0659496 0.00220227 -0.0047621 0.999986 0.233709
0.999998 0.000579002 -0.0018126 15.9053 -0.000569379 0.999986 0.00530528 0.0699686 0.00181565 -0.00530424 0.999984 0.247595
0.999999 0.00033137 0.00104955 17.2763 -0.000334626 0.999995 0.00310352 0.067595 -0.00104852 -0.00310387 0.999995 0.269924
0.999995 0.00115279 0.00291125 18.5939 -0.00114875 0.999998 -0.00138758 0.0675851 -0.00291285 0.00138422 0.999995 0.288057
0.999999 0.000627258 0.0011632 19.9634 -0.000623343 0.999994 -0.00336287 0.0764109 -0.0011653 0.00336214 0.999994 0.310555
0.999999 0.00064778 -0.00130696 21.3224 -0.000652991 0.999992 -0.00399039 0.0799652 0.00130437 0.00399123 0.999991 0.316578
0.999997 0.000915118 -0.00231764 22.6644 -0.000919908 0.999997 -0.00206661 0.0753272 0.00231575 0.00206873 0.999995 0.357193
0.999998 0.00173175 -0.000932751 24.0418 -0.00173173 0.999999 2.46395e-05 0.0807865 0.000932792 -2.30242e-05 1 0.347235
0.99999 0.00282794 0.00337142 25.3939 -0.00283037 0.999996 0.000715411 0.0848412 -0.00336938 -0.000724947 0.999994 0.360635
0.999986 0.00281525 0.00439039 26.7736 -0.00280944 0.999995 -0.00132863 0.0853052 -0.00439411 0.00131628 0.999989 0.367213
0.99999 0.0026339 0.00362332 28.1461 -0.00261652 0.999985 -0.00479172 0.0868796 -0.00363589 0.00478219 0.999982 0.412218
0.999997 0.00233491 0.00080725 29.5171 -0.00233068 0.999984 -0.00520435 0.0713752 -0.000819389 0.00520245 0.999986 0.400957
0.999993 0.00336376 -0.00138116 30.8963 -0.00337139 0.999979 -0.00555918 0.0882379 0.00136243 0.0055638 0.999984 0.445513
0.999991 0.00354809 -0.00229587 32.2861 -0.00355404 0.99999 -0.00259217 0.101314 0.00228665 0.00260031 0.999994 0.435511
0.999982 0.00418781 -0.00440877 33.6601 -0.00419037 0.999991 -0.000571925 0.0875209 0.00440633 0.000590389 0.99999 0.477444
0.999982 0.00434998 -0.00417513 35.0701 -0.00435098 0.999991 -0.000231178 0.0927019 0.00417409 0.000249339 0.999991 0.491264
0.999988 0.00370584 -0.00316159 36.4492 -0.00370895 0.999993 -0.000978564 0.0790602 0.00315794 0.000990278 0.999995 0.510835
0.999993 0.00372115 -0.0010361 37.8569 -0.00372071 0.999993 0.000428373 0.094282 0.00103769 -0.000424515 0.999999 0.532623
0.999993 0.00353565 -0.00092646 39.2262 -0.00353271 0.999989 0.00316187 0.0847632 0.000937629 -0.00315858 0.999995 0.556454
0.999993 0.00364433 -0.00114675 40.6064 -0.00363825 0.99998 0.00525872 0.085788 0.00116589 -0.00525451 0.999986 0.572139
0.999993 0.0036586 -0.000649619 42.0522 -0.00365354 0.999964 0.00763263 0.105751 0.00067752 -0.0076302 0.999971 0.578312
0.999994 0.00355906 -8.11952e-05 43.4489 -0.00355822 0.999956 0.00868836 0.106278 0.000112114 -0.00868801 0.999962 0.593001
0.999995 0.00327285 -0.000529585 44.8676 -0.00326888 0.999968 0.00732699 0.106819 0.000553548 -0.00732522 0.999973 0.615353
0.999997 0.00207735 -0.000880125 46.2943 -0.00207076 0.99997 0.00743078 0.111704 0.000895535 -0.00742894 0.999972 0.648055
0.999999 0.0013104 -0.000900386 47.6625 -0.0013046 0.999979 0.00642183 0.112643 0.000908782 -0.00642064 0.999979 0.66763
1 0.000282028 0.000190397 49.0657 -0.000283372 0.999975 0.00709777 0.126482 -0.000188391 -0.00709783 0.999975 0.686183
1 -0.000973666 0.000125412 50.5155 0.000972681 0.99997 0.0076265 0.137641 -0.000132833 -0.00762638 0.999971 0.705552
0.999998 -0.00190611 0.000112531 51.9878 0.00190504 0.999959 0.00882761 0.125294 -0.000129353 -0.00882738 0.999961 0.73958
0.999993 -0.00357523 0.000549041 53.3909 0.00357098 0.999965 0.0075579 0.132383 -0.000576043 -0.00755589 0.999971 0.748027
0.999991 -0.00397492 0.00174697 54.8096 0.00396369 0.999972 0.00638526 0.148343 -0.0017723 -0.00637828 0.999978 0.764043
0.999987 -0.00470754 0.00173532 56.224 0.00470012 0.99998 0.00425692 0.158944 -0.00175532 -0.00424871 0.999989 0.786466
0.999986 -0.00514279 0.00125263 57.6525 0.0051406 0.999985 0.00174691 0.15938 -0.0012616 -0.00174045 0.999998 0.796031
0.999987 -0.00497063 0.00125847 59.1118 0.00496979 0.999987 0.000671988 0.189764 -0.0012618 -0.000665725 0.999999 0.824466
0.999987 -0.00463371 0.00214435 60.5135 0.00463428 0.999989 -0.000263323 0.189059 -0.00214311 0.000273257 0.999998 0.838812
0.999988 -0.00408947 0.00281403 61.9346 0.00409671 0.999988 -0.00257118 0.204007 -0.00280348 0.00258268 0.999993 0.853905
0.999991 -0.00362357 0.00224799 63.3113 0.00363249 0.999985 -0.00397887 0.202487 -0.00223354 0.003987 0.99999 0.876629
0.999992 -0.00336226 0.00192693 64.7472 0.00336956 0.999987 -0.00379529 0.20539 -0.00191415 0.00380175 0.999991 0.892236
0.999996 -0.00230111 0.00144734 66.2011 0.00230635 0.999991 -0.00363 0.222641 -0.00143898 0.00363333 0.999992 0.916359
0.999998 -0.00185747 0.00123305 67.5979 0.00186091 0.999994 -0.00279521 0.225319 -0.00122785 0.00279749 0.999995 0.933189
0.999997 -0.000983086 0.00245598 69.0081 0.000980597 0.999999 0.0010144 0.249187 -0.00245697 -0.00101199 0.999996 0.971202
0.999993 -0.0010941 0.00360734 70.4143 0.00107826 0.99999 0.00439011 0.237802 -0.00361211 -0.00438619 0.999984 0.97991
0.99999 -7.77423e-05 0.00441834 71.8473 4.4208e-05 0.999971 0.00758938 0.253724 -0.0044188 -0.00758911 0.999961 0.997518
0.999993 0.000430047 0.00380097 73.2262 -0.000472533 0.999937 0.0111839 0.27824 -0.00379592 -0.0111856 0.99993 1.01027
0.999994 0.00130727 0.00325445 74.6463 -0.00135432 0.999894 0.014498 0.295481 -0.00323515 -0.0145023 0.99989 1.02907
0.999993 0.0022366 0.00312896 76.0579 -0.00228921 0.999854 0.0169128 0.316579 -0.00309068 -0.0169199 0.999852 1.05445
0.999991 0.00239959 0.00348171 77.428 -0.0024586 0.999852 0.0170453 0.310249 -0.0034403 -0.0170537 0.999849 1.0681
0.99999 0.00278042 0.00346304 78.8366 -0.00283004 0.999892 0.014407 0.317753 -0.00342261 -0.0144166 0.99989 1.08603
0.999993 0.00247842 0.00275229 80.1886 -0.00251966 0.999883 0.0150838 0.328021 -0.00271459 -0.0150906 0.999882 1.09956
0.999995 0.00207602 0.00248161 81.6355 -0.00211208 0.999891 0.0146195 0.334835 -0.00245098 -0.0146246 0.99989 1.13409
0.999995 0.00205379 0.00257957 82.9945 -0.00208921 0.999903 0.0138059 0.328887 -0.00255096 -0.0138112 0.999901 1.14689
0.999996 0.0014113 0.00253523 84.3819 -0.00144544 0.999908 0.013516 0.33484 -0.00251592 -0.0135196 0.999905 1.17095
0.999997 0.000824364 0.00250185 85.7395 -0.000858241 0.999908 0.01357 0.341981 -0.00249043 -0.0135721 0.999905 1.17997
0.999996 -0.000789442 0.0026795 87.146 0.000753785 0.999911 0.0132827 0.338406 -0.00268975 -0.0132806 0.999908 1.19747
0.999991 -0.00172244 0.00378219 88.4685 0.00168041 0.999937 0.0110884 0.336656 -0.00380105 -0.0110819 0.999931 1.21146
0.999987 -0.00275935 0.00425994 89.85 0.00272125 0.999956 0.00892412 0.337928 -0.00428438 -0.00891242 0.999951 1.22148
0.999986 -0.00342548 0.00413516 91.2077 0.00339415 0.999966 0.00755863 0.36069 -0.00416091 -0.00754448 0.999963 1.24121
0.999986 -0.00382592 0.003723 92.5656 0.00380262 0.999973 0.00624472 0.364655 -0.00374679 -0.00623048 0.999974 1.25565
0.999985 -0.00425619 0.00345975 93.9313 0.00423584 0.999974 0.00586744 0.376971 -0.00348464 -0.00585269 0.999977 1.2675
0.999987 -0.00411474 0.00299857 95.2745 0.00409679 0.999974 0.00597067 0.389365 -0.00302306 -0.0059583 0.999978 1.29033
0.999988 -0.00421491 0.00231801 96.6165 0.00420042 0.999972 0.00621946 0.394299 -0.00234416 -0.00620965 0.999978 1.3041
0.999991 -0.00406938 0.0014633 97.9623 0.0040586 0.999965 0.00729836 0.414441 -0.00149294 -0.00729235 0.999972 1.33095
0.999993 -0.00344143 0.00155205 99.3531 0.0034278 0.999956 0.00870048 0.426017 -0.00158192 -0.00869509 0.999961 1.34532
0.999989 -0.0034823 0.00315441 100.664 0.00345427 0.999955 0.00885075 0.435691 -0.00318509 -0.00883976 0.999956 1.36206
0.999986 -0.00332238 0.00417156 102 0.00327858 0.99994 0.0104639 0.455443 -0.00420608 -0.01045 0.999937 1.38388
0.999991 -0.00301317 0.00307871 103.363 0.00298327 0.999949 0.00967053 0.47052 -0.00310769 -0.00966126 0.999948 1.4018
0.999995 -0.00299328 0.000963723 104.695 0.00298399 0.99995 0.00950712 0.474661 -0.000992133 -0.0095042 0.999954 1.41116
0.999996 -0.00295309 5.18453e-05 106.011 0.00295248 0.999952 0.00932648 0.484328 -7.93848e-05 -0.00932628 0.999957 1.43272
0.999996 -0.00286226 0.000848325 107.337 0.00285648 0.999973 0.00673655 0.494655 -0.000867584 -0.0067341 0.999977 1.45566
0.999993 -0.00234659 0.00277195 108.707 0.00233508 0.999989 0.00414529 0.496011 -0.00278165 -0.00413879 0.999988 1.46365
0.999992 -0.001946 0.00349906 110.01 0.00194158 0.999997 0.00126541 0.498077 -0.00350151 -0.00125861 0.999993 1.48154
0.999997 -0.000541124 0.00239573 111.357 0.000540152 1 0.000406346 0.510638 -0.00239595 -0.000405051 0.999997 1.50111
1 0.000164777 -0.00011119 112.665 -0.000164482 0.999996 0.00265372 0.515772 0.000111627 -0.0026537 0.999996 1.51436
0.999997 0.00130807 -0.00212702 113.996 -0.00129611 0.999983 0.00561575 0.517343 0.00213433 -0.00561297 0.999982 1.53744
0.999993 0.00276226 -0.00254832 115.322 -0.00274325 0.999969 0.00743162 0.523954 0.00256877 -0.00742457 0.999969 1.55748
0.999992 0.00408393 -0.00053217 116.604 -0.0040788 0.999948 0.00930481 0.526146 0.000570143 -0.00930256 0.999957 1.57447
0.999985 0.00519088 0.00159893 117.975 -0.00520486 0.999947 0.00887017 0.533704 -0.0015528 -0.00887836 0.999959 1.59967
0.999979 0.00610323 0.00208019 119.331 -0.00612044 0.999946 0.00836979 0.536504 -0.002029 -0.00838235 0.999963 1.60958
0.999975 0.00692101 0.00149072 120.634 -0.00693457 0.999933 0.00929361 0.530028 -0.00142629 -0.00930372 0.999956 1.63245
0.999965 0.00834659 0.00108558 121.949 -0.00835805 0.999904 0.0110244 0.530323 -0.000993459 -0.0110331 0.999939 1.64797
0.999958 0.00912101 0.000850527 123.345 -0.00913002 0.999895 0.0112724 0.538624 -0.000747622 -0.0112797 0.999936 1.66348
0.999941 0.0108859 0.000266754 124.659 -0.0108884 0.99986 0.0127183 0.530628 -0.000128266 -0.0127205 0.999919 1.67847
0.999932 0.0116397 -0.000559241 126.002 -0.0116304 0.999827 0.0145227 0.526332 0.000728184 -0.0145152 0.999894 1.69928
0.999916 0.0128953 -0.00103291 127.361 -0.0128804 0.999829 0.0132626 0.515525 0.00120375 -0.0132482 0.999912 1.71524
0.9999 0.0141069 -1.84992e-06 128.669 -0.0141056 0.999808 0.013582 0.511303 0.000193451 -0.0135807 0.999908 1.73869
0.999892 0.0147217 0.000327361 130.028 -0.0147244 0.999837 0.0104376 0.493554 -0.000173648 -0.0104413 0.999945 1.75493
0.999881 0.0153812 0.00114329 131.31 -0.0153915 0.999835 0.00964996 0.472308 -0.000994679 -0.00966641 0.999953 1.76975
0.999887 0.0149874 0.000948749 132.702 -0.0149949 0.999851 0.00853337 0.469489 -0.000820715 -0.00854663 0.999963 1.79073
0.999888 0.0148477 0.00185898 134.045 -0.0148597 0.999868 0.00664308 0.44678 -0.0017601 -0.00666996 0.999976 1.80955
0.999898 0.0142172 0.00145253 135.368 -0.0142251 0.999884 0.00551663 0.419578 -0.00137393 -0.00553673 0.999984 1.83192
0.999912 0.013137 0.00172794 136.696 -0.0131434 0.999907 0.00376635 0.409591 -0.0016783 -0.00378873 0.999991 1.85237
0.999925 0.012025 0.00233799 138.006 -0.0120265 0.999927 0.000618093 0.408598 -0.00233039 -0.000646165 0.999997 1.8485
0.999936 0.0110021 0.00257412 139.362 -0.011006 0.999938 0.00151931 0.387277 -0.00255724 -0.00154755 0.999996 1.8743
0.99995 0.00976951 0.00226177 140.7 -0.00977213 0.999952 0.00114974 0.375888 -0.00225043 -0.00117178 0.999997 1.8904
0.999962 0.00854854 0.00186313 142.077 -0.00855101 0.999963 0.00131838 0.374826 -0.00185179 -0.00133426 0.999997 1.90247
0.999973 0.00721406 0.00115865 143.392 -0.0072151 0.999974 0.00089208 0.375364 -0.00115218 -0.000900416 0.999999 1.91342
0.999978 0.0066871 -0.000424011 144.688 -0.00668716 0.999978 -0.000140392 0.364313 0.000423063 0.000143224 1 1.93554
0.999984 0.00548812 -0.00168979 146.085 -0.00549316 0.99998 -0.00299102 0.356996 0.00167334 0.00300025 0.999994 1.97865
0.999988 0.00493622 0.00064444 147.438 -0.00492887 0.999928 -0.0109407 0.334408 -0.000698399 0.0109374 0.99994 1.98938
0.999993 0.00321143 0.00178673 148.812 -0.00317525 0.999797 -0.019901 0.322376 -0.00185028 0.0198952 0.9998 1.99201
0.999997 0.00205191 -0.000910864 150.125 -0.00207194 0.999743 -0.0225614 0.318281 0.000864336 0.0225632 0.999745 2.0225
0.999989 0.00252292 -0.00386307 151.449 -0.00260824 0.999749 -0.0222432 0.324286 0.00380598 0.0222531 0.999745 2.05045
0.999975 0.00314742 -0.00636526 152.782 -0.00327176 0.999802 -0.0196179 0.325762 0.00630226 0.0196382 0.999787 2.06999
0.999973 0.0040981 -0.00608159 154.141 -0.0042039 0.999838 -0.0174863 0.322746 0.00600895 0.0175114 0.999829 2.10806
0.999984 0.00480194 -0.0029036 155.501 -0.00486353 0.999755 -0.0215912 0.326747 0.00279921 0.021605 0.999763 2.11697
0.999986 0.00526791 -0.000378673 156.847 -0.00527603 0.999642 -0.0262474 0.309771 0.000240268 0.026249 0.999655 2.15351
0.999986 0.00531226 0.000569202 158.21 -0.00529248 0.999523 -0.0304332 0.298179 -0.000730599 0.0304297 0.999537 2.16751
0.999986 0.00524402 0.000882464 159.557 -0.00521319 0.999477 -0.0319103 0.283264 -0.00104934 0.0319052 0.99949 2.19365
0.999981 0.00604496 0.00141712 160.863 -0.00599768 0.999493 -0.0312813 0.287813 -0.0016055 0.0312722 0.99951 2.20603
0.999974 0.00714446 0.000490675 162.25 -0.00712748 0.999564 -0.0286382 0.28785 -0.000695066 0.0286339 0.99959 2.2134
0.999965 0.00824846 -0.00108114 163.571 -0.00827227 0.999671 -0.0242707 0.283476 0.000880584 0.0242788 0.999705 2.24756
0.999958 0.00898953 -0.0018804 164.903 -0.00902894 0.999715 -0.0221177 0.294674 0.00168104 0.0221338 0.999754 2.26566
0.999955 0.00947319 -0.000952254 166.285 -0.00949203 0.999707 -0.0222538 0.288414 0.000741161 0.0222618 0.999752 2.27214
0.999957 0.0092031 -0.00117108 167.64 -0.00922738 0.999698 -0.0227661 0.278239 0.00096121 0.022776 0.99974 2.28886
0.99996 0.00838633 -0.00311211 168.974 -0.00845051 0.999739 -0.0212163 0.279034 0.00293338 0.0212417 0.99977 2.29524
0.999947 0.00818643 -0.00628334 170.382 -0.008285 0.99984 -0.0158252 0.26977 0.00615279 0.0158765 0.999855 2.33441
0.999941 0.00804056 -0.00733653 171.804 -0.00811675 0.999913 -0.010415 0.279541 0.00725215 0.010474 0.999919 2.35048
0.999945 0.00814045 -0.00665599 173.103 -0.00816449 0.99996 -0.00359158 0.271853 0.00662648 0.00364572 0.999971 2.3879
0.999954 0.00857521 -0.00433201 174.487 -0.00857283 0.999963 0.000569644 0.277362 0.00433673 -0.00053248 0.99999 2.41213
0.999961 0.00858835 -0.0022508 175.855 -0.00858338 0.999961 0.00220593 0.272727 0.00226965 -0.00218652 0.999995 2.43381
0.99997 0.00769603 -0.00110598 177.215 -0.00769583 0.99997 0.000181929 0.262628 0.00110735 -0.000173413 0.999999 2.46586
0.999979 0.00638299 -0.000744433 178.603 -0.00638656 0.999968 -0.00489451 0.258201 0.000713167 0.00489916 0.999988 2.46493
0.999981 0.00420767 -0.00459816 179.995 -0.00422463 0.999984 -0.00368546 0.261966 0.00458258 0.00370481 0.999983 2.50281
0.999956 0.00295598 -0.00893574 181.369 -0.00298666 0.99999 -0.00342197 0.268226 0.00892553 0.0034485 0.999954 2.53244
0.999947 0.00240444 -0.0100393 182.738 -0.00239606 0.999997 0.00084701 0.265057 0.0100413 -0.00082291 0.999949 2.53697
0.999959 0.0022454 -0.00877945 184.184 -0.00220759 0.999988 0.00431297 0.273091 0.00878903 -0.00429341 0.999952 2.57173
0.999981 0.00200167 -0.0058941 185.543 -0.00197148 0.999985 0.0051237 0.27247 0.00590427 -0.00511198 0.99997 2.58854
0.99999 0.00263114 -0.00366913 186.99 -0.00261504 0.999987 0.00438629 0.27952 0.00368063 -0.00437665 0.999984 2.61276
0.999993 0.00255986 -0.00260572 188.39 -0.00254293 0.999976 0.00647911 0.276251 0.00262225 -0.00647244 0.999976 2.65433
0.999995 0.00250717 -0.00197924 189.761 -0.00250099 0.999992 0.00311808 0.2824 0.00198704 -0.00311312 0.999993 2.66109
0.999996 0.00248978 -0.00134577 191.226 -0.00248969 0.999997 7.04052e-05 0.274863 0.00134594 -6.70544e-05 0.999999 2.6923
0.999994 0.00296613 -0.00163581 192.664 -0.00296784 0.999995 -0.00104296 0.284252 0.00163271 0.00104781 0.999998 2.72166
0.999994 0.00329221 -0.000548333 194.02 -0.00329401 0.999989 -0.00332127 0.282308 0.000537393 0.00332306 0.999994 2.74008
0.999992 0.00388874 0.000566565 195.391 -0.00388415 0.999961 -0.00788375 0.2753 -0.000597201 0.00788149 0.999969 2.7588
0.999991 0.00429836 0.00019295 196.836 -0.00429574 0.999919 -0.0119739 0.266886 -0.000244402 0.011973 0.999928 2.75662
0.999984 0.00447228 -0.00335793 198.249 -0.00450091 0.999953 -0.00856676 0.263908 0.00331946 0.00858174 0.999958 2.79381
0.999954 0.00494832 -0.00821264 199.671 -0.00496719 0.999985 -0.00227825 0.27192 0.00820124 0.00231894 0.999964 2.82353
0.999944 0.00640727 -0.00841167 201.11 -0.00635491 0.99996 0.00623687 0.286703 0.0084513 -0.00618307 0.999945 2.83191
0.999959 0.00712932 -0.00554328 202.583 -0.00706302 0.999904 0.0118901 0.295102 0.00562752 -0.0118504 0.999914 2.84413
0.999961 0.00843059 -0.00262014 204.004 -0.00839244 0.999863 0.0142452 0.296924 0.00273987 -0.0142227 0.999895 2.87728
0.999967 0.00780124 -0.0020543 205.445 -0.00777269 0.999878 0.013555 0.29896 0.00215979 -0.0135386 0.999906 2.91143
0.999976 0.00654727 -0.00244577 206.863 -0.00652837 0.999949 0.00765563 0.30324 0.00249577 -0.00763948 0.999968 2.92152
0.99998 0.00570741 -0.00273016 208.306 -0.00568711 0.999957 0.00738644 0.273432 0.0027722 -0.00737077 0.999969 2.94666
0.99998 0.00523443 -0.00341907 209.738 -0.00520007 0.999937 0.00998384 0.271907 0.00347111 -0.00996587 0.999944 2.98495
0.999982 0.0050312 -0.00340788 211.2 -0.00498979 0.999915 0.0120511 0.276185 0.00346822 -0.0120338 0.999922 3.00462
0.999984 0.00492158 -0.00277837 212.733 -0.00488707 0.999912 0.0122968 0.270657 0.00283865 -0.012283 0.999921 3.03015
0.999984 0.00470318 -0.00303143 214.167 -0.00466539 0.999913 0.0123565 0.273143 0.00308928 -0.0123421 0.999919 3.06363
0.999982 0.00457377 -0.00390572 215.604 -0.00452059 0.999898 0.0135193 0.265728 0.00396716 -0.0135014 0.999901 3.09194
0.999982 0.00429494 -0.00418092 217.112 -0.00425002 0.999934 0.010693 0.282933 0.00422657 -0.0106751 0.999934 3.10631
0.999984 0.00376092 -0.00422 218.555 -0.0037143 0.999933 0.0110009 0.268733 0.00426109 -0.010985 0.999931 3.13254
0.999983 0.00343444 -0.00472358 219.989 -0.00338487 0.99994 0.0104618 0.285855 0.00475923 -0.0104457 0.999934 3.14789
0.999982 0.00361982 -0.00473819 221.491 -0.00356692 0.999932 0.0111258 0.282608 0.00477814 -0.0111087 0.999927 3.17966
0.999983 0.00290502 -0.00502336 222.971 -0.00284924 0.999935 0.0110778 0.287706 0.00505521 -0.0110633 0.999926 3.19536
0.999984 0.00266857 -0.00506465 224.467 -0.00260471 0.999918 0.0125748 0.283282 0.00509779 -0.0125614 0.999908 3.22942
0.999984 0.00211855 -0.00523878 225.973 -0.00204784 0.999907 0.0134654 0.279602 0.00526682 -0.0134544 0.999896 3.25421
0.999985 0.00220681 -0.00498598 227.482 -0.00213756 0.999902 0.0138511 0.289722 0.00501606 -0.0138402 0.999892 3.29721
0.999984 0.00209879 -0.00526476 228.938 -0.0020317 0.999917 0.0127156 0.292559 0.00529102 -0.0127047 0.999905 3.32337
0.999984 0.0025321 -0.00505806 230.49 -0.00246596 0.999912 0.0130396 0.292365 0.00509063 -0.0130269 0.999902 3.35515
0.999989 0.00237027 -0.00416505 231.892 -0.00233094 0.999953 0.00942295 0.301168 0.00418719 -0.00941313 0.999947 3.36873
0.999989 0.00263086 -0.00392499 233.403 -0.00259207 0.999948 0.00985652 0.282564 0.00395072 -0.00984624 0.999944 3.39803
0.999987 0.00248637 -0.00435753 234.963 -0.00244315 0.999948 0.00989635 0.293028 0.00438191 -0.00988558 0.999942 3.42481
0.999984 0.00293457 -0.00490914 236.463 -0.00288421 0.999943 0.0102339 0.30764 0.0049389 -0.0102196 0.999936 3.44897
0.999987 0.00315358 -0.00403737 237.955 -0.00310694 0.999929 0.0115071 0.312725 0.00407337 -0.0114944 0.999926 3.47979
0.99999 0.00387633 -0.00226874 239.489 -0.00385337 0.999942 0.010038 0.315128 0.00230752 -0.0100291 0.999947 3.49221
0.99999 0.00401366 -0.00195617 240.992 -0.00399653 0.999954 0.00868662 0.308495 0.00199095 -0.00867871 0.99996 3.50419
0.999983 0.0046667 -0.00346459 242.434 -0.004636 0.99995 0.00881578 0.311381 0.00350556 -0.00879957 0.999955 3.52902
0.999974 0.00551369 -0.00470735 243.982 -0.00547376 0.999949 0.00845413 0.321293 0.00475373 -0.00842814 0.999953 3.55274
0.999973 0.00563907 -0.00466871 245.515 -0.00559131 0.999933 0.0101816 0.330164 0.00472581 -0.0101552 0.999937 3.58175
0.999979 0.00567547 -0.00321715 247.035 -0.00564152 0.999929 0.0104668 0.338269 0.00327633 -0.0104484 0.99994 3.615
0.999983 0.00518739 -0.00247855 248.542 -0.00515805 0.999918 0.0116984 0.33355 0.00253903 -0.0116854 0.999928 3.64502
0.999983 0.00535878 -0.00235923 250.094 -0.00532596 0.999892 0.0137061 0.317211 0.00243242 -0.0136933 0.999903 3.67279
0.999982 0.00556401 -0.00217087 251.606 -0.00553212 0.999881 0.014427 0.319154 0.00225089 -0.0144147 0.999894 3.69361
0.999981 0.00562664 -0.00265561 253.157 -0.00558397 0.999859 0.0158078 0.320454 0.00274418 -0.0157926 0.999872 3.72748
0.999983 0.00549999 -0.00205462 254.692 -0.00546655 0.999858 0.0159395 0.312763 0.00214199 -0.015928 0.999871 3.73988
0.999984 0.00524137 -0.00212445 256.227 -0.00521043 0.999884 0.0143152 0.315053 0.00219924 -0.0143039 0.999895 3.77836
0.999984 0.005393 -0.00144203 257.706 -0.00537399 0.999903 0.0128783 0.315413 0.00151134 -0.0128704 0.999916 3.79136
0.999985 0.00546951 -0.000724766 259.282 -0.00546399 0.999958 0.00741319 0.312283 0.000765282 -0.00740912 0.999972 3.81388
0.999985 0.00529671 -0.00113688 260.797 -0.00528759 0.999955 0.00788177 0.290953 0.00117857 -0.00787564 0.999968 3.83331
0.999984 0.00515478 -0.0023946 262.297 -0.00513569 0.999956 0.00791245 0.294066 0.00243528 -0.00790002 0.999966 3.85222
0.999983 0.0058251 -0.000635665 263.854 -0.00582173 0.99997 0.00517161 0.280736 0.000665771 -0.00516782 0.999986 3.88513
0.999981 0.00608771 0.000788167 265.412 -0.00608973 0.999978 0.00259109 0.289378 -0.000772376 -0.00259584 0.999996 3.89378
0.999977 0.00683203 0.000535988 266.908 -0.00683295 0.999975 0.00173884 0.265137 -0.000524095 -0.00174247 0.999998 3.91878
0.999979 0.00645904 -0.000517846 268.397 -0.00645831 0.999978 0.00140885 0.272485 0.000526935 -0.00140548 0.999999 3.94852
0.999974 0.00713855 -0.000881904 269.961 -0.00713685 0.999973 0.00190575 0.266086 0.000895484 -0.00189941 0.999998 3.96084
0.999963 0.00855651 -0.000860819 271.474 -0.00855251 0.999953 0.00454229 0.254624 0.000899645 -0.00453476 0.999989 3.98674
0.999955 0.00938552 -0.00114949 273.127 -0.0093769 0.99993 0.00728363 0.247885 0.00121777 -0.00727252 0.999973 4.01834
0.999946 0.0103545 -0.00103627 274.647 -0.010345 0.999908 0.00878294 0.246821 0.00112712 -0.00877174 0.999961 4.04831
0.99994 0.0107932 -0.00172616 276.146 -0.0107775 0.999903 0.00885598 0.239156 0.00182157 -0.00883685 0.999959 4.06826
0.999928 0.0118676 -0.00192495 277.735 -0.0118492 0.999886 0.00931172 0.245376 0.00203524 -0.00928824 0.999955 4.1021
0.999911 0.0130883 -0.00242977 279.275 -0.013064 0.999867 0.00975769 0.22654 0.00255716 -0.00972508 0.999949 4.12829
0.999903 0.013726 -0.00226903 280.791 -0.0137046 0.999864 0.00920789 0.209542 0.00239511 -0.0091759 0.999955 4.15139
0.999892 0.0145937 -0.00149644 282.38 -0.0145822 0.999866 0.00743757 0.189711 0.00160478 -0.00741495 0.999971 4.17241
0.999894 0.0145292 -0.00117305 283.896 -0.0145205 0.999869 0.00713902 0.163115 0.00127662 -0.00712122 0.999974 4.18906
0.999885 0.014751 -0.00338484 285.484 -0.0147295 0.999872 0.00628918 0.15724 0.00347718 -0.0062386 0.999974 4.23123
0.999885 0.0140721 -0.0055713 287.01 -0.0140348 0.999879 0.00667363 0.140889 0.00566453 -0.00659468 0.999962 4.25473
0.999892 0.0136256 -0.00549123 288.56 -0.013601 0.999897 0.00449693 0.116186 0.00555194 -0.00442176 0.999975 4.26627
0.999903 0.012742 -0.00561001 290.058 -0.012731 0.999917 0.00197982 0.122526 0.00563477 -0.00190821 0.999982 4.29409
0.999909 0.0117937 -0.00659596 291.658 -0.0117885 0.99993 0.000828239 0.102369 0.00660527 -0.000750407 0.999978 4.32399
0.999906 0.0115778 -0.00732479 293.207 -0.0115636 0.999931 0.00198857 0.0876823 0.00734731 -0.00190368 0.999971 4.37244
0.999921 0.0107474 -0.00658807 294.813 -0.0107358 0.999941 0.00180305 0.0651879 0.00660706 -0.00173217 0.999977 4.39488
0.999932 0.00987905 -0.0062623 296.336 -0.00986544 0.999949 0.00220059 0.0751688 0.00628372 -0.00213866 0.999978 4.42679
0.999945 0.00900986 -0.00535415 297.951 -0.0089992 0.999957 0.00201189 0.0723254 0.00537205 -0.0019636 0.999984 4.46082
0.999959 0.0082164 -0.00379769 299.509 -0.0082059 0.999962 0.00277044 0.0427617 0.00382031 -0.00273916 0.999989 4.4892
0.999952 0.00895447 -0.00387806 301.108 -0.00894584 0.999957 0.00223552 0.0456702 0.00389792 -0.00220072 0.99999 4.50985
0.999945 0.0096897 -0.00393904 302.67 -0.00967034 0.999941 0.0049035 0.0407525 0.00398632 -0.00486514 0.99998 4.5319
0.999938 0.0103649 -0.00408074 304.237 -0.0103481 0.999938 0.00410586 0.028442 0.00412305 -0.00406337 0.999983 4.56227
0.999929 0.0107192 -0.00511768 305.848 -0.0107019 0.999937 0.00340528 0.011393 0.00515386 -0.00335028 0.999981 4.58107
0.999913 0.0111808 -0.00693062 307.438 -0.0111746 0.999937 0.000940282 0.0111171 0.00694069 -0.000862754 0.999976 4.61876
0.999904 0.0111482 -0.00823792 309.05 -0.0111421 0.999938 0.000792615 -0.0104286 0.00824624 -0.000700751 0.999966 4.64972
0.999922 0.00890044 -0.00880268 310.664 -0.00889325 0.99996 0.000856306 -0.030118 0.00880995 -0.000777954 0.999961 4.69808
0.999939 0.00681159 -0.00864641 312.252 -0.0067945 0.999975 0.00200486 -0.0362852 0.00865985 -0.00194599 0.999961 4.71895
0.999963 0.00655116 -0.00560056 313.896 -0.00653076 0.999972 0.00365337 -0.0175672 0.00562434 -0.00361666 0.999978 4.74838
0.999972 0.00683757 -0.00299704 315.493 -0.00682892 0.999973 0.00288451 -0.0560205 0.00301668 -0.00286396 0.999991 4.77771
0.999971 0.0072203 -0.00234012 317.126 -0.00721576 0.999972 0.00194172 -0.0591016 0.00235407 -0.00192477 0.999995 4.80066
0.999969 0.00707992 -0.00346319 318.746 -0.00707529 0.999974 0.00134722 -0.0789099 0.00347264 -0.00132268 0.999993 4.83422
0.999964 0.00758537 -0.00368748 320.392 -0.00758297 0.999971 0.000664309 -0.0861742 0.00369242 -0.000636323 0.999993 4.85218
0.999963 0.0078206 -0.00346851 322.022 -0.00781888 0.999969 0.000511125 -0.0904994 0.0034724 -0.000483986 0.999994 4.87398
0.999959 0.00837515 -0.00342378 323.649 -0.00837555 0.999965 -0.000101821 -0.0978257 0.00342281 0.000130492 0.999994 4.90691
0.999951 0.00889801 -0.00436921 325.264 -0.00889193 0.999959 0.001409 -0.107953 0.00438157 -0.00137008 0.999989 4.93026
0.999941 0.00971861 -0.00477563 326.915 -0.00971142 0.999952 0.0015262 -0.123435 0.00479023 -0.00147974 0.999987 4.96392
0.999939 0.010593 -0.00316388 328.501 -0.0105917 0.999944 0.000457395 -0.108828 0.00316855 -0.000423856 0.999995 4.98713
0.999942 0.0105543 -0.00214747 330.159 -0.0105563 0.999944 -0.000893311 -0.129208 0.00213792 0.000915929 0.999997 5.01905
0.999939 0.010605 -0.00295818 331.747 -0.010611 0.999942 -0.00199442 -0.139778 0.00293686 0.00202569 0.999994 5.05272
0.999938 0.0107029 -0.00308036 333.37 -0.010707 0.999942 -0.00131898 -0.140036 0.00306606 0.00135188 0.999994 5.08527
0.999929 0.0107537 -0.00516459 334.991 -0.0107525 0.999942 0.000253497 -0.143881 0.00516702 -0.000197947 0.999987 5.08896
0.999915 0.0103637 -0.00790524 336.547 -0.0103476 0.999944 0.00207328 -0.168606 0.00792628 -0.0019913 0.999967 5.13892
0.999932 0.00899746 -0.00747874 338.196 -0.00897237 0.999954 0.00338251 -0.156869 0.00750883 -0.00331518 0.999966 5.17
0.999956 0.00837082 -0.00414886 339.771 -0.00835387 0.999957 0.00408756 -0.173368 0.00418289 -0.00405272 0.999983 5.21328
0.99997 0.00757785 -0.00147045 341.396 -0.00757061 0.999959 0.00486859 -0.161415 0.00150729 -0.00485731 0.999987 5.23389
0.999978 0.00617057 -0.00223391 342.992 -0.00615782 0.999965 0.00566892 -0.169263 0.00226881 -0.00565504 0.999981 5.25507
0.999985 0.00437954 -0.00340338 344.602 -0.00436044 0.999975 0.00559936 -0.183526 0.00342782 -0.00558443 0.999979 5.2992
0.999993 0.00279247 -0.0026081 346.179 -0.00278255 0.999989 0.00380073 -0.174366 0.00261869 -0.00379344 0.999989 5.31532
0.999996 0.00163382 -0.00210268 347.794 -0.00162957 0.999997 0.00202332 -0.177213 0.00210598 -0.00201989 0.999996 5.34894
0.999995 0.00162462 -0.0026217 349.384 -0.00161933 0.999997 0.00201841 -0.192301 0.00262497 -0.00201416 0.999995 5.37716
0.999994 0.00129119 -0.00333325 350.966 -0.00128687 0.999998 0.00129762 -0.165943 0.00333492 -0.00129333 0.999994 5.41312
0.999992 0.00147605 -0.00380258 352.576 -0.00147092 0.999998 0.00135036 -0.187612 0.00380457 -0.00134475 0.999992 5.43604
0.999992 0.00136276 -0.00372348 354.161 -0.00136041 0.999999 0.000633062 -0.168305 0.00372434 -0.000627991 0.999993 5.46704
0.999991 0.00102915 -0.00414577 355.735 -0.00103063 0.999999 -0.000352882 -0.176337 0.00414541 0.000357151 0.999991 5.49919
0.999988 0.00134716 -0.00463663 357.342 -0.00134809 0.999999 -0.000199332 -0.15096 0.00463636 0.000205581 0.999989 5.5313
0.999988 0.00136582 -0.00463485 358.925 -0.00136997 0.999999 -0.000892182 -0.164047 0.00463363 0.000898521 0.999989 5.56356
0.999983 0.00163644 -0.00558046 360.545 -0.00164141 0.999998 -0.000886096 -0.152705 0.005579 0.000895241 0.999984 5.58323
0.999979 0.00146999 -0.00633551 362.111 -0.00148295 0.999997 -0.00204077 -0.158552 0.00633249 0.00205012 0.999978 5.63263
0.999987 0.000966934 -0.00510188 363.688 -0.000986314 0.999992 -0.00379752 -0.14372 0.00509817 0.0038025 0.99998 5.64883
0.999989 0.00176268 -0.00437259 365.285 -0.00178788 0.999982 -0.00576612 -0.152953 0.00436235 0.00577387 0.999974 5.69099
0.999986 0.000976139 -0.00520638 366.879 -0.00100761 0.999981 -0.00604645 -0.155795 0.00520038 0.00605161 0.999968 5.72096
0.99998 0.00235262 -0.00582313 368.454 -0.00238172 0.999985 -0.00499584 -0.157382 0.00581129 0.00500961 0.999971 5.74732
0.999985 0.00199421 -0.00507815 370.041 -0.00201006 0.999993 -0.00311709 -0.142185 0.0050719 0.00312725 0.999982 5.77625
0.999986 0.00274876 -0.00448619 371.685 -0.00275702 0.999995 -0.00183569 -0.149419 0.00448112 0.00184803 0.999988 5.80981
0.999984 0.00266035 -0.00490138 373.287 -0.00266926 0.999995 -0.00181251 -0.120172 0.00489654 0.00182557 0.999986 5.83965
0.999979 0.00327508 -0.00554 374.852 -0.00328479 0.999993 -0.00174455 -0.126375 0.00553425 0.00176272 0.999983 5.8682
0.999974 0.00411563 -0.00597081 376.458 -0.00412534 0.99999 -0.0016164 -0.129851 0.00596409 0.00164099 0.999981 5.89022
0.999977 0.0037061 -0.00572094 378.07 -0.00370789 0.999993 -0.00030206 -0.129489 0.00571978 0.000323266 0.999984 5.93113
0.999973 0.00484043 -0.00561841 379.68 -0.00483761 0.999988 0.000514847 -0.134615 0.00562084 -0.000487653 0.999984 5.96496
0.999974 0.0046791 -0.00557654 381.281 -0.00467097 0.999988 0.00147085 -0.129657 0.00558335 -0.00144477 0.999983 5.99225
0.999971 0.00476 -0.00590582 382.896 -0.004748 0.999987 0.00204422 -0.137056 0.00591547 -0.00201612 0.99998 6.02626
0.999961 0.00599627 -0.00642734 384.493 -0.00597089 0.999974 0.00396005 -0.134549 0.00645092 -0.00392152 0.999972 6.05819
0.999965 0.00557965 -0.00624625 386.095 -0.00555031 0.999974 0.00470365 -0.142691 0.00627233 -0.00466881 0.999969 6.08653
0.999961 0.00683749 -0.00565556 387.707 -0.00680091 0.999956 0.00646256 -0.146181 0.0056995 -0.00642384 0.999963 6.11537
0.999966 0.00671343 -0.0047951 389.361 -0.00667922 0.999952 0.0071149 -0.139343 0.00484264 -0.00708263 0.999963 6.14293
0.999964 0.00669675 -0.00525545 390.968 -0.00665559 0.999947 0.00780906 -0.130501 0.00530747 -0.0077738 0.999956 6.17179
0.999962 0.00722462 -0.00493512 392.563 -0.00718598 0.999944 0.00780336 -0.12711 0.00499121 -0.00776759 0.999957 6.20092
