1 0 0 0 0 1 0 0 -0 0 1 0
0.999999 -0.00104965 -0.000440883 0.58962 0.00104861 0.999997 -0.00234069 0.0064134 0.000443338 0.00234023 0.999997 0.0880772
0.999997 -0.00189572 -0.00163321 1.16321 0.00189047 0.999993 -0.00320697 -0.00190351 0.00163928 0.00320388 0.999994 0.0899298
0.999989 -0.00376883 -0.00261972 1.68952 0.00376025 0.999988 -0.00327099 0.00085935 0.00263202 0.00326111 0.999991 0.0948198
0.999974 -0.00584089 -0.00424142 2.25434 0.00582026 0.999971 -0.00485901 0.00552137 0.00426968 0.0048342 0.999979 0.106952
0.999955 -0.00745404 -0.00580185 2.81159 0.0074075 0.999941 -0.00800132 0.00485571 0.00586115 0.00795799 0.999951 0.11939
0.999938 -0.00893181 -0.00657955 3.38437 0.00887652 0.999925 -0.00838412 0.0239051 0.00665395 0.0083252 0.999943 0.130528
0.999929 -0.0102099 -0.00612806 3.95673 0.0101586 0.999914 -0.00833601 0.0246675 0.00621264 0.00827316 0.999946 0.14033
0.999912 -0.0116644 -0.00637447 4.54183 0.0116147 0.999902 -0.00777567 0.0399477 0.00646454 0.00770094 0.999949 0.162622
0.999884 -0.0124956 -0.00875638 5.13459 0.0124298 0.999894 -0.00752418 0.0487214 0.00884947 0.00741447 0.999933 0.178983
0.999829 -0.0138413 -0.0122816 5.73621 0.0137631 0.999885 -0.00642398 0.0676181 0.0123691 0.00625385 0.999904 0.192767
0.999752 -0.0151032 -0.0163647 6.34001 0.0150255 0.999875 -0.00486031 0.0807755 0.0164361 0.00461322 0.999854 0.203569
0.999725 -0.0167817 -0.0163944 6.95683 0.0167302 0.999855 -0.00327438 0.105609 0.0164469 0.0029992 0.99986 0.216102
0.999782 -0.0180095 -0.0106109 7.60736 0.017995 0.999837 -0.00145797 0.10605 0.0106354 0.00126671 0.999943 0.217899
0.999827 -0.0185585 -0.00117083 8.26365 0.0185576 0.999827 -0.000803429 0.116517 0.00118553 0.000781563 0.999999 0.236478
0.999789 -0.0198214 0.00547311 8.94666 0.019819 0.999803 0.000487409 0.135883 -0.00548169 -0.000378835 0.999985 0.250087
0.999765 -0.0210383 0.00519924 9.61303 0.0210288 0.999777 0.0018736 0.166439 -0.0052375 -0.00176383 0.999985 0.25485
0.999771 -0.0212412 -0.00249575 10.3049 0.0212535 0.999762 0.00501834 0.172665 0.00238856 -0.00507023 0.999984 0.256119
0.999713 -0.0225401 -0.00813424 11.0148 0.0225772 0.999735 0.00450359 0.212603 0.00803057 -0.00468594 0.999957 0.262429
0.9997 -0.0234889 -0.00699611 11.7389 0.0235115 0.999719 0.00316579 0.23722 0.00691978 -0.00332932 0.999971 0.272001
0.999706 -0.0241736 0.00193429 12.4875 0.0241699 0.999706 0.00192312 0.242447 -0.00198021 -0.00187581 0.999996 0.275567
0.999655 -0.0244153 0.00971566 13.2635 0.0244087 0.999702 0.000793393 0.261871 -0.00973213 -0.000555972 0.999952 0.272355
0.999605 -0.0252378 0.0124051 14.0449 0.0252389 0.999681 6.92873e-05 0.28552 -0.0124028 0.00024383 0.999923 0.264013
0.999607 -0.0253708 0.0119031 14.844 0.0253884 0.999677 -0.00132315 0.294809 -0.0118657 0.00162483 0.999928 0.283003
0.99966 -0.0244094 0.0091731 15.6755 0.0244352 0.999698 -0.00271825 0.315961 -0.00910398 0.00294147 0.999954 0.265972
0.999695 -0.0240752 0.00541323 16.4843 0.0240794 0.99971 -0.000711361 0.34213 -0.00539453 0.000841491 0.999985 0.243902
0.999731 -0.0231907 0.000598453 17.3696 0.0231925 0.999726 -0.0032098 0.353956 -0.000523851 0.00322282 0.999995 0.257527
0.999725 -0.0226225 -0.00620381 18.1893 0.0225853 0.999727 -0.0059994 0.374938 0.00633784 0.00585763 0.999963 0.270163
0.999722 -0.0208525 -0.0110212 19.1247 0.020795 0.99977 -0.00530759 0.412935 0.0111293 0.00507693 0.999925 0.283755
0.999714 -0.0206529 -0.0120452 19.9903 0.0206129 0.999782 -0.00343516 0.433383 0.0121135 0.00318589 0.999922 0.283903
0.999711 -0.0211265 -0.0115147 20.9166 0.0210819 0.99977 -0.00397303 0.461115 0.0115959 0.00372913 0.999926 0.300949
0.999705 -0.0207495 -0.0126071 21.8661 0.0207127 0.999781 -0.00304115 0.46883 0.0126674 0.00277913 0.999916 0.315334
0.99967 -0.0210636 -0.0146905 22.8161 0.0210547 0.999778 -0.000759173 0.509752 0.0147032 0.000449619 0.999892 0.325912
0.999661 -0.0207543 -0.0157128 23.7928 0.0208173 0.999776 0.00385896 0.52919 0.0156292 -0.00418475 0.999869 0.354547
0.999657 -0.0208892 -0.0158211 24.765 0.0209749 0.999766 0.00527191 0.563461 0.0157073 -0.00560195 0.999861 0.37333
0.999641 -0.0215375 -0.0159332 25.7478 0.0216576 0.999738 0.00740617 0.572104 0.0157695 -0.00774859 0.999846 0.410081
0.999641 -0.0215365 -0.0159468 26.7117 0.0216436 0.999744 0.00657889 0.607567 0.015801 -0.00692167 0.999851 0.422074
0.999653 -0.0216414 -0.0150499 27.6827 0.0217529 0.999737 0.00728335 0.655457 0.0148883 -0.0076082 0.99986 0.453183
0.999675 -0.0218244 -0.0131375 28.7255 0.0219383 0.999722 0.00859341 0.671423 0.0129463 -0.00887883 0.999877 0.484207
0.999674 -0.0224836 -0.0120604 29.7173 0.0225924 0.999705 0.00896876 0.683692 0.0118552 -0.00923831 0.999887 0.495266
0.999676 -0.0219715 -0.0128605 30.7424 0.0220681 0.999729 0.00741262 0.741938 0.0126941 -0.00769402 0.99989 0.520721
0.999649 -0.0227115 -0.0136655 31.7803 0.0228379 0.999697 0.00916943 0.769471 0.0134531 -0.0094783 0.999865 0.550591
0.999642 -0.0234584 -0.0128294 32.7942 0.0235828 0.999675 0.00963209 0.796539 0.0125993 -0.0099312 0.999871 0.57368
0.99967 -0.0236309 -0.0100368 33.8627 0.0237297 0.99967 0.00984001 0.822716 0.00980091 -0.0100749 0.999901 0.595838
0.999674 -0.0247597 -0.00617013 34.8864 0.02482 0.999643 0.00989766 0.838739 0.00592287 -0.0100476 0.999932 0.614093
0.999687 -0.0246644 -0.00419267 35.9793 0.0247101 0.999632 0.0112173 0.873047 0.00391446 -0.0113174 0.999928 0.644862
0.999668 -0.0255353 -0.00335821 37.0378 0.0255661 0.999628 0.00946956 0.923017 0.00311515 -0.00955228 0.99995 0.650589
0.999651 -0.0260686 -0.00438236 38.0962 0.0261118 0.999608 0.0100996 0.943237 0.00411736 -0.0102105 0.999939 0.668317
0.999636 -0.0264976 -0.00514996 39.1878 0.0265596 0.999571 0.0123777 0.987823 0.00481977 -0.01251 0.99991 0.67782
0.999611 -0.027605 -0.00392908 40.2109 0.0276498 0.999547 0.0118528 1.02188 0.00360011 -0.0119569 0.999922 0.690176
0.999601 -0.0282002 -0.00179107 41.3371 0.0282174 0.999548 0.0104105 1.04855 0.00149668 -0.0104569 0.999944 0.701538
0.999572 -0.0292707 0.000129778 42.3898 0.0292679 0.999521 0.0100958 1.07412 -0.000425228 -0.0100877 0.999949 0.720264
0.999573 -0.029224 0.000363575 43.471 0.0292192 0.999528 0.00948664 1.11891 -0.000640641 -0.00947196 0.999955 0.732496
0.999557 -0.0296003 -0.00310049 44.5821 0.029638 0.999477 0.012915 1.15493 0.00271658 -0.0130012 0.999912 0.751136
0.999534 -0.0297256 -0.00691809 45.6265 0.0298181 0.999462 0.0136678 1.19607 0.00650808 -0.0138678 0.999883 0.767545
0.999533 -0.0297631 -0.00699385 46.6805 0.029856 0.999462 0.0135881 1.24348 0.00658567 -0.0137905 0.999883 0.7791
0.999541 -0.0298426 -0.00518377 47.7808 0.0299087 0.999466 0.0131689 1.27524 0.00478801 -0.0133179 0.9999 0.795291
0.999561 -0.0294461 -0.00325418 48.8623 0.0294863 0.999479 0.0130948 1.30422 0.00286689 -0.0131851 0.999909 0.807964
0.99956 -0.0295968 -0.00208659 49.9353 0.0296221 0.999471 0.0133971 1.35122 0.00168898 -0.013453 0.999908 0.834375
0.999577 -0.028971 -0.00248046 51.0096 0.0290026 0.999484 0.013818 1.385 0.00207886 -0.0138841 0.999901 0.84651
0.999585 -0.0284925 -0.00418561 52.0825 0.0285423 0.999516 0.0123643 1.42922 0.0038313 -0.0124786 0.999915 0.86252
0.999584 -0.0280764 -0.00667199 53.1614 0.0281588 0.999524 0.0125821 1.46028 0.00631555 -0.0127647 0.999899 0.873627
0.999577 -0.0279122 -0.00816798 54.229 0.0280001 0.999549 0.0108455 1.507 0.00786158 -0.0110696 0.999908 0.900663
0.999544 -0.0279297 -0.011512 55.3219 0.0280388 0.999562 0.00942118 1.54445 0.0112439 -0.00973966 0.999889 0.934492
0.999544 -0.0270744 -0.0133529 56.3988 0.0271913 0.999593 0.00865771 1.57433 0.013113 -0.00901684 0.999873 0.979137
0.999552 -0.0276143 -0.0115547 57.3992 0.027719 0.999575 0.00900661 1.60353 0.0113011 -0.00932286 0.999893 0.998658
0.999618 -0.0269017 -0.00636023 58.513 0.0269499 0.999608 0.00760842 1.63109 0.00615305 -0.00777692 0.999951 1.01788
0.999635 -0.0270245 -0.000572534 59.6165 0.0270277 0.999614 0.00649125 1.67037 0.00039689 -0.00650436 0.999979 1.03224
0.999638 -0.0268783 0.00122292 60.6884 0.0268731 0.999631 0.00404851 1.69934 -0.00133128 -0.00401418 0.999991 1.0564
0.999652 -0.02627 -0.00225834 61.778 0.0262781 0.999648 0.00367753 1.72875 0.00216093 -0.00373559 0.999991 1.08131
0.99964 -0.0261853 -0.0058594 62.8516 0.0262023 0.999653 0.00283845 1.77509 0.00578304 -0.00299096 0.999979 1.09736
0.999592 -0.0268554 -0.00967793 63.9369 0.0269071 0.999624 0.00525075 1.78744 0.00953328 -0.00550902 0.999939 1.1213
0.999555 -0.0265065 -0.013656 65.007 0.0265827 0.999632 0.00543173 1.82163 0.013507 -0.00579233 0.999892 1.1539
0.999568 -0.0254077 -0.0147458 66.1064 0.0255428 0.999633 0.00904781 1.85589 0.0145105 -0.00942055 0.99985 1.17978
0.999627 -0.0246606 -0.0117121 67.1909 0.0247866 0.999635 0.0107393 1.8946 0.0114429 -0.0110256 0.999874 1.18987
0.999655 -0.0246068 -0.00918379 68.2878 0.0247248 0.99961 0.0129643 1.92942 0.0088612 -0.0131869 0.999874 1.2263
0.999671 -0.0241602 -0.00855761 69.3819 0.0242639 0.999631 0.0122256 1.96761 0.00825908 -0.0124292 0.999889 1.23565
0.999668 -0.0246338 -0.0076101 70.4842 0.0247162 0.999635 0.0109311 1.99158 0.00733804 -0.0111156 0.999911 1.26875
0.999672 -0.0249043 -0.00593695 71.5291 0.0249665 0.999632 0.0106372 2.01152 0.00566985 -0.0107819 0.999926 1.30511
0.999658 -0.0258205 -0.00417236 72.6446 0.0258544 0.999631 0.00828158 2.05146 0.00395699 -0.00838662 0.999957 1.31185
0.999652 -0.0262451 -0.00267064 73.7429 0.0262646 0.999626 0.00757059 2.08371 0.00247095 -0.0076381 0.999968 1.33203
0.999643 -0.0264692 -0.00362236 74.8246 0.0264918 0.999629 0.00632139 2.11086 0.00345369 -0.0064151 0.999973 1.35593
0.999611 -0.0269292 -0.00730536 75.8873 0.0269836 0.999608 0.00745054 2.14692 0.00710186 -0.00764477 0.999946 1.3878
0.99958 -0.0275773 -0.008903 76.944 0.0276501 0.999584 0.00815776 2.16634 0.00867433 -0.00840051 0.999927 1.40322
0.999579 -0.0280518 -0.00744385 77.9902 0.0281139 0.99957 0.00838546 2.21619 0.00720542 -0.00859121 0.999937 1.42418
0.999582 -0.0286692 -0.00365149 79.0726 0.0287012 0.999547 0.00903306 2.27209 0.00339087 -0.00913409 0.999953 1.44046
0.999572 -0.0292685 0.000147717 80.1227 0.0292655 0.999519 0.0102813 2.29411 -0.000448564 -0.0102725 0.999947 1.44608
0.999541 -0.0302908 0.00094869 81.1963 0.0302778 0.999475 0.0115327 2.33446 -0.00129753 -0.0114987 0.999933 1.47291
0.999532 -0.0305421 -0.00148187 82.2688 0.0305597 0.999438 0.0137691 2.3817 0.0010605 -0.013808 0.999904 1.49842
0.999521 -0.0308758 -0.00192452 83.3384 0.0308974 0.999445 0.0124352 2.40538 0.00153951 -0.0124887 0.999921 1.52022
0.999494 -0.0317317 -0.00225501 84.3505 0.0317573 0.999419 0.0123838 2.43518 0.00186074 -0.0124492 0.999921 1.53231
0.999478 -0.0322526 -0.00194049 85.337 0.0322721 0.999418 0.0110355 2.46672 0.00158344 -0.0110923 0.999937 1.55194
0.999464 -0.0327473 -0.000182353 86.3953 0.0327475 0.999414 0.00999559 2.50775 -0.000145083 -0.0099962 0.99995 1.57555
0.999442 -0.0333293 0.00204736 87.4167 0.0333114 0.999411 0.00821379 2.554 -0.00231992 -0.00814101 0.999964 1.58455
0.9994 -0.0344595 0.00344756 88.403 0.0344368 0.999386 0.00644511 2.58745 -0.00366754 -0.00632252 0.999973 1.60469
0.999343 -0.0360518 0.00363904 89.3439 0.0360268 0.999328 0.00673104 2.61961 -0.00387926 -0.00659551 0.999971 1.62525
0.99924 -0.0388571 0.00294525 90.2448 0.038838 0.999226 0.00629351 2.66207 -0.00318752 -0.00617434 0.999976 1.65205
0.999085 -0.0427088 0.00227263 91.1604 0.0426945 0.99907 0.00603392 2.7044 -0.00252822 -0.00593137 0.999979 1.66944
0.99895 -0.0457509 0.00237005 92.0674 0.0457341 0.998931 0.0067187 2.74541 -0.0026749 -0.00660326 0.999975 1.69036
0.998798 -0.0489042 0.00331045 92.9312 0.0488832 0.998785 0.00616301 2.80105 -0.00360783 -0.00599378 0.999976 1.70052
0.99865 -0.0517442 0.00450045 93.7801 0.0517136 0.99864 0.00667357 2.85931 -0.00483965 -0.00643182 0.999968 1.70849
0.998463 -0.0551126 0.0057926 94.5785 0.0550679 0.998454 0.00761067 2.89873 -0.00620309 -0.00727999 0.999954 1.72132
0.998298 -0.0579044 0.00692971 95.3718 0.0578388 0.998282 0.00932298 2.95632 -0.00745765 -0.00890631 0.999933 1.73841
0.998145 -0.060474 0.00696405 96.1356 0.0604001 0.99812 0.0103661 3.0061 -0.00757784 -0.00992625 0.999922 1.74012
0.997972 -0.0633784 0.00584763 96.8432 0.0633028 0.997918 0.0123162 3.07401 -0.00661604 -0.0119211 0.999907 1.75526
0.997842 -0.0656102 0.00252589 97.5335 0.0655691 0.997751 0.0138968 3.13217 -0.00343198 -0.0137012 0.9999 1.77045
0.997667 -0.0682553 -0.00115339 98.1964 0.0682651 0.997531 0.0164999 3.1897 2.43304e-05 -0.0165402 0.999863 1.7856
0.997501 -0.0705542 -0.00382067 98.8189 0.0706105 0.997351 0.0174408 3.22551 0.00258003 -0.017667 0.999841 1.79548
0.997425 -0.0715082 -0.00539424 99.4568 0.0715988 0.997252 0.0190412 3.28963 0.00401781 -0.0193784 0.999804 1.81181
0.997499 -0.0705095 -0.00494662 100.044 0.070599 0.997281 0.0211479 3.33861 0.00344204 -0.0214443 0.999764 1.82647
0.997699 -0.0677124 -0.00354237 100.602 0.0677781 0.997412 0.0239981 3.38236 0.00190823 -0.024183 0.999706 1.83702
0.998062 -0.0621951 -0.00204294 101.113 0.0622271 0.99773 0.025734 3.42256 0.000437776 -0.0258112 0.999667 1.85406
0.9985 -0.0547512 -0.000281566 101.665 0.0547366 0.998084 0.0288413 3.45079 -0.00129807 -0.0288134 0.999584 1.87249
0.998976 -0.0451599 0.00262481 102.155 0.0450654 0.998566 0.0288981 3.4744 -0.00392609 -0.0287503 0.999579 1.88131
0.999429 -0.0335185 0.00427716 102.621 0.0333856 0.999049 0.0280567 3.48129 -0.00521351 -0.0278978 0.999597 1.88891
0.999783 -0.0201958 0.00501636 103.036 0.0200477 0.999407 0.028001 3.49133 -0.00557889 -0.0278943 0.999595 1.89882
0.999976 -0.00517951 0.00468525 103.491 0.00505593 0.999649 0.026014 3.49973 -0.00481834 -0.0259897 0.999651 1.89503
0.999915 0.0128111 0.00258049 103.868 -0.0128702 0.999621 0.0243434 3.48755 -0.00226764 -0.0243745 0.9997 1.91116
0.999416 0.034142 -0.00126329 104.298 -0.0341014 0.999125 0.0242299 3.45666 0.00208944 -0.0241727 0.999706 1.91503
0.998259 0.0587541 -0.00519527 104.701 -0.0586201 0.998016 0.0229928 3.44274 0.00653588 -0.0226482 0.999722 1.92516
0.996278 0.0858787 -0.00736719 105.087 -0.0857042 0.996091 0.0214056 3.40412 0.00917667 -0.0206945 0.999744 1.93531
0.993231 0.115872 -0.00814305 105.499 -0.115706 0.993111 0.0185071 3.32237 0.0102314 -0.0174396 0.999796 1.9462
0.988919 0.148161 -0.0093026 105.865 -0.148004 0.988861 0.0158005 3.24656 0.01154 -0.0142486 0.999832 1.95692
0.98289 0.183878 -0.0107553 106.254 -0.183701 0.982857 0.0156865 3.15242 0.0134553 -0.0134423 0.999819 1.97269
0.975049 0.221666 -0.0119485 106.603 -0.221532 0.975084 0.0115725 3.0567 0.0142161 -0.0086368 0.999862 1.98143
0.96509 0.261626 -0.0123502 106.969 -0.261516 0.965149 0.00988222 2.90404 0.0145052 -0.00630748 0.999875 1.99903
0.952927 0.302929 -0.0128293 107.291 -0.302806 0.952992 0.0106588 2.80041 0.0154551 -0.00627228 0.999861 2.01722
0.937752 0.347096 -0.0120506 107.616 -0.34695 0.937797 0.0127248 2.68711 0.0157178 -0.00775178 0.999846 2.02324
0.919946 0.391898 -0.0107565 107.951 -0.391776 0.919985 0.0117852 2.49724 0.0145144 -0.00662755 0.999873 2.02887
0.899984 0.435831 -0.00899345 108.244 -0.435726 0.900005 0.0115665 2.35621 0.0131352 -0.00649098 0.999893 2.02947
0.877019 0.480357 -0.00970655 108.588 -0.480262 0.877061 0.0106127 2.12663 0.0136111 -0.00464588 0.999897 2.05353
0.852097 0.523268 -0.0109936 108.847 -0.523168 0.852161 0.0108201 1.96169 0.0150301 -0.00346826 0.999881 2.06745
0.824582 0.565593 -0.0130205 109.119 -0.565465 0.82468 0.0123753 1.71903 0.0177371 -0.00284186 0.999839 2.07563
0.794251 0.60742 -0.0143597 109.357 -0.607229 0.794372 0.0156799 1.51063 0.0209312 -0.00373408 0.999774 2.07925
0.760747 0.648899 -0.0139622 109.643 -0.648581 0.760839 0.021616 1.24759 0.0246496 -0.00738868 0.999669 2.1062
0.723963 0.689718 -0.0129001 109.876 -0.689292 0.724007 0.0262694 1.02001 0.0274582 -0.0101261 0.999572 2.09535
0.6848 0.728612 -0.0131754 110.104 -0.728187 0.684875 0.0262586 0.746954 0.0281559 -0.00838771 0.999568 2.10709
0.643864 0.765026 -0.0132387 110.346 -0.764696 0.643983 0.0229296 0.412089 0.0260672 -0.00464002 0.999649 2.13505
0.600283 0.799708 -0.0112747 110.503 -0.79943 0.600377 0.0214223 0.139627 0.0239006 -0.00384604 0.999707 2.13226
0.554225 0.832318 -0.00906697 110.743 -0.8321 0.55429 0.0193052 -0.216445 0.0210938 -0.00315482 0.999773 2.14828
0.506519 0.8622 -0.00702186 110.872 -0.862034 0.506561 0.0171038 -0.521771 0.0183039 -0.00261033 0.999829 2.14404
0.456287 0.889808 -0.00659597 111.081 -0.889723 0.456334 0.0123088 -0.918919 0.0139624 0.000252266 0.999902 2.19334
0.404896 0.914358 -0.00298846 111.181 -0.914279 0.404901 0.0121846 -1.25762 0.0123511 -0.0022012 0.999921 2.18641
0.354042 0.93523 0.000111311 111.306 -0.93511 0.353994 0.0160581 -1.63123 0.0149786 -0.00578931 0.999871 2.19457
0.303459 0.952843 0.00184654 111.415 -0.952647 0.303356 0.0209675 -2.03785 0.0194186 -0.00812188 0.999778 2.1981
0.256537 0.966534 0.000655947 111.51 -0.96628 0.256454 0.0231134 -2.421 0.0221717 -0.00656329 0.999733 2.19192
0.214636 0.976676 -0.00592474 111.611 -0.976421 0.214716 0.022332 -2.86479 0.0230832 0.000991791 0.999733 2.21223
0.179445 0.983695 -0.0119547 111.62 -0.983493 0.179669 0.0214706 -3.2701 0.0232684 0.00790457 0.999698 2.22663
0.147893 0.988891 -0.0148968 111.689 -0.988713 0.148198 0.0220103 -3.68966 0.0239734 0.0114735 0.999647 2.24454
0.120471 0.992656 -0.0109696 111.734 -0.992476 0.120678 0.0207109 -4.16394 0.0218826 0.00839196 0.999725 2.26958
0.0955704 0.995409 -0.0052386 111.774 -0.995261 0.0956485 0.0175285 -4.65773 0.0179491 0.00353857 0.999833 2.27569
0.0705694 0.997507 0.000482986 111.845 -0.997419 0.0705567 0.0133411 -5.17102 0.0132737 -0.00142321 0.999911 2.28156
0.0485586 0.998818 -0.00195331 111.845 -0.998767 0.0485761 0.0102166 -5.67393 0.0102994 0.0014548 0.999946 2.29399
0.0284582 0.999563 -0.00797417 111.831 -0.999537 0.0285414 0.010517 -6.23713 0.01074 0.00767119 0.999913 2.32385
0.0102483 0.99985 -0.0139865 111.845 -0.999861 0.0104303 0.013006 -6.76366 0.01315 0.0138513 0.999818 2.34142
-0.00398076 0.999892 -0.0141586 111.848 -0.999831 -0.00372563 0.0180004 -7.33262 0.0179457 0.0142278 0.999738 2.34322
-0.0153674 0.999808 -0.0121359 111.837 -0.999634 -0.0150923 0.0224445 -7.93517 0.022257 0.0124764 0.999674 2.33103
-0.0219499 0.999663 -0.0138657 111.83 -0.999511 -0.0216333 0.0225848 -8.54109 0.0222772 0.0143547 0.999649 2.34115
-0.0249141 0.999495 -0.0197111 111.798 -0.999511 -0.0245318 0.0194019 -9.17899 0.0189086 0.0201848 0.999617 2.37112
-0.0245361 0.99943 -0.0231937 111.794 -0.999553 -0.024129 0.0176703 -9.85433 0.0171006 0.0236169 0.999575 2.38616
-0.0225424 0.999461 -0.0238486 111.764 -0.999605 -0.0221317 0.01735 -10.538 0.0168128 0.0242303 0.999565 2.41123
-0.0210578 0.999632 -0.0171007 111.767 -0.99963 -0.0207569 0.017585 -11.2094 0.0172236 0.0174646 0.999699 2.42178
-0.0198309 0.999648 -0.0176283 111.783 -0.999629 -0.0194951 0.0190187 -11.8955 0.0186684 0.0179989 0.999664 2.44108
-0.0192393 0.999668 -0.0171503 111.771 -0.999621 -0.0188946 0.0200385 -12.6193 0.0197078 0.0175293 0.999652 2.45027
-0.0179612 0.999719 -0.0154429 111.733 -0.99966 -0.0176637 0.0191949 -13.3754 0.0189168 0.0157824 0.999696 2.48165
-0.0170076 0.999744 -0.0149091 111.738 -0.999691 -0.0167326 0.0183785 -14.1467 0.0181243 0.0152171 0.99972 2.492
-0.0168886 0.999746 -0.0149563 111.743 -0.999722 -0.0166379 0.0167295 -14.8927 0.0164764 0.0152347 0.999748 2.51855
-0.0173196 0.999734 -0.0152211 111.749 -0.999751 -0.017102 0.0143154 -15.6938 0.0140512 0.0154652 0.999782 2.54342
-0.0183391 0.999754 -0.0124975 111.717 -0.999748 -0.0181746 0.0131531 -16.4753 0.0129227 0.0127356 0.999835 2.55581
-0.0193352 0.999763 -0.0100172 111.698 -0.999739 -0.0192109 0.0123565 -17.2999 0.0121611 0.0102535 0.999873 2.56731
-0.0205967 0.999729 -0.0108851 111.689 -0.999749 -0.0204992 0.00899242 -18.0553 0.00876684 0.0110676 0.9999 2.59804
-0.0220099 0.999678 -0.0126623 111.674 -0.999733 -0.0219188 0.00729008 -18.8559 0.00701019 0.0128194 0.999893 2.62849
-0.023387 0.999652 -0.0121639 111.66 -0.999704 -0.0233023 0.00706183 -19.7153 0.00677593 0.0123254 0.999901 2.62573
-0.0244261 0.999661 -0.00899273 111.642 -0.999643 -0.0243266 0.011006 -20.5247 0.0107835 0.00925836 0.999899 2.64716
-0.0252238 0.999618 -0.0112618 111.628 -0.999571 -0.0250518 0.0151579 -21.3729 0.01487 0.0116393 0.999822 2.66533
-0.0262682 0.999578 -0.0124137 111.605 -0.999517 -0.0260564 0.0169259 -22.2072 0.0165953 0.0128524 0.99978 2.68433
-0.0274764 0.999575 -0.0097215 111.6 -0.999512 -0.0273278 0.0151027 -23.0335 0.0148306 0.0101317 0.999839 2.7024
-0.0280048 0.99958 -0.00741452 111.578 -0.999544 -0.0279187 0.0114662 -23.8876 0.0112544 0.00773225 0.999907 2.72257
-0.0291398 0.999562 -0.00508226 111.564 -0.999557 -0.0291077 0.00627356 -24.7016 0.00612288 0.00526282 0.999967 2.74843
-0.0287866 0.999585 -0.00143189 111.534 -0.999585 -0.0287856 0.000754955 -25.559 0.000713424 0.00145303 0.999999 2.7593
-0.0283528 0.999597 0.00139671 111.505 -0.999598 -0.0283516 -0.000867718 -26.4408 -0.000827769 -0.00142075 0.999999 2.76206
-0.0277109 0.999616 -0.000359147 111.492 -0.999603 -0.0277087 0.00520186 -27.2501 0.00518991 0.000503153 0.999986 2.80037
-0.0275289 0.999615 -0.00358168 111.469 -0.999495 -0.0274684 0.0159773 -28.0816 0.0158728 0.00401971 0.999866 2.82109
-0.0267743 0.999632 -0.00430877 111.459 -0.999426 -0.0266789 0.0208581 -28.9133 0.0207355 0.00486476 0.999773 2.83742
-0.0252836 0.999659 -0.00645953 111.427 -0.999547 -0.0251744 0.0164729 -29.7683 0.0163047 0.00687311 0.999843 2.84824
-0.0241514 0.999659 -0.00987946 111.415 -0.999667 -0.0240596 0.0093031 -30.5966 0.00906223 0.0101009 0.999908 2.8638
-0.0242946 0.999625 -0.0126449 111.386 -0.999688 -0.0242182 0.00616217 -31.4179 0.00585362 0.0127906 0.999901 2.88545
-0.0245672 0.999643 -0.0105262 111.384 -0.999678 -0.0244987 0.00659231 -32.2202 0.00633208 0.0106847 0.999923 2.91626
-0.025823 0.999647 -0.00622946 111.373 -0.999638 -0.025775 0.0076664 -33.0442 0.00750313 0.00642518 0.999951 2.94223
-0.0275364 0.999611 -0.00447353 111.357 -0.999596 -0.0275041 0.00711104 -33.8251 0.00698523 0.00466753 0.999965 2.94756
-0.0301831 0.99953 -0.00529149 111.361 -0.999516 -0.0301421 0.00767478 -34.6461 0.00751168 0.00552058 0.999957 2.96912
-0.0319208 0.999486 -0.0028267 111.344 -0.999461 -0.0318981 0.00775967 -35.4329 0.00766552 0.00307287 0.999966 2.99726
-0.03359 0.999433 -0.00218985 111.318 -0.999402 -0.0335709 0.00826289 -36.2292 0.00818469 0.00246609 0.999963 3.00895
-0.0361422 0.999347 0.000478196 111.283 -0.99932 -0.0361447 0.00725847 -37.0583 0.00727101 -0.000215534 0.999974 3.02547
-0.0380958 0.999274 3.77755e-05 111.266 -0.999257 -0.0380954 0.00591191 -37.8323 0.00590906 0.000187472 0.999983 3.04411
-0.0402782 0.999188 0.000342182 111.233 -0.999169 -0.0402796 0.00627176 -38.6292 0.00628045 -8.92825e-05 0.99998 3.06967
-0.0419173 0.999121 0.000377127 111.205 -0.999094 -0.0419189 0.00730717 -39.4248 0.00731656 -7.0489e-05 0.999973 3.09184
-0.0423121 0.999104 0.000247486 111.177 -0.999077 -0.0423128 0.00737254 -40.215 0.00737641 6.46906e-05 0.999973 3.10667
-0.0436782 0.999045 -0.00131503 111.15 -0.999028 -0.0436694 0.00606458 -40.9692 0.00600136 0.00157864 0.999981 3.12935
-0.0453257 0.998969 -0.00258373 111.135 -0.998957 -0.0453107 0.00562668 -41.7588 0.0055038 0.00283607 0.999981 3.15257
-0.0470739 0.998891 -0.000959098 111.096 -0.998879 -0.0470685 0.0050597 -42.4823 0.00500895 0.0011962 0.999987 3.14875
-0.0478239 0.998855 0.000878371 111.06 -0.998847 -0.0478271 0.0040885 -43.2364 0.00412583 -0.000681831 0.999991 3.15647
-0.0482036 0.998836 0.00158867 111.025 -0.998829 -0.0482096 0.00400178 -43.9901 0.00407372 -0.00139391 0.999991 3.18424
-0.0486922 0.998813 0.00128424 111.015 -0.998807 -0.0486967 0.00370109 -44.707 0.00375924 -0.0011025 0.999992 3.19564
-0.0494499 0.998774 0.00225313 110.976 -0.998765 -0.0494601 0.00473182 -45.3682 0.00483746 -0.00201636 0.999986 3.19855
-0.0490897 0.998791 0.00264348 110.96 -0.998763 -0.0491089 0.00775241 -46.0654 0.00787286 -0.00225965 0.999966 3.24909
-0.0496653 0.998755 0.00474457 110.907 -0.998718 -0.0497087 0.00951631 -46.7948 0.00974031 -0.00426586 0.999943 3.25169
-0.0495389 0.998764 0.00410077 110.873 -0.998718 -0.0495784 0.0101807 -47.486 0.0103714 -0.00359118 0.99994 3.28146
-0.0493508 0.998779 0.00224854 110.847 -0.998731 -0.0493709 0.00998951 -48.1428 0.0100883 -0.00175269 0.999948 3.30141
-0.0506839 0.998713 0.00173406 110.83 -0.998669 -0.0506981 0.0094605 -48.8033 0.00953624 -0.00125226 0.999954 3.31528
-0.0502726 0.998715 0.00636372 110.801 -0.998688 -0.0503313 0.00942194 -49.5176 0.00973013 -0.0058817 0.999935 3.31772
-0.0503706 0.998694 0.0085198 110.763 -0.998673 -0.0504572 0.0102848 -50.2029 0.0107013 -0.00799044 0.999911 3.33389
-0.0503612 0.998712 0.00610313 110.741 -0.998694 -0.0504109 0.0082943 -50.8415 0.00859128 -0.00567745 0.999947 3.34562
-0.0509692 0.998679 0.006498 110.724 -0.998666 -0.0510202 0.00794443 -51.543 0.00826547 -0.00608441 0.999947 3.37123
-0.0548886 0.998433 0.0108818 110.698 -0.998458 -0.0549736 0.00767288 -52.2228 0.00825907 -0.0104438 0.999911 3.39163
-0.0603677 0.998097 0.0126078 110.666 -0.998142 -0.0604651 0.00749377 -52.9562 0.00824183 -0.012132 0.999892 3.39529
-0.0664374 0.997738 0.0102406 110.618 -0.997727 -0.0665452 0.0105718 -53.5653 0.0112294 -0.00951499 0.999892 3.42846
-0.0730601 0.997288 0.0088589 110.567 -0.997237 -0.0731705 0.0128437 -54.2163 0.0134571 -0.00789606 0.999878 3.44313
-0.0805774 0.996704 0.00939059 110.522 -0.996641 -0.0807035 0.0139371 -54.9077 0.014649 -0.00823603 0.999859 3.4731
-0.0860672 0.996237 0.010203 110.471 -0.996176 -0.0862072 0.014185 -55.5577 0.0150112 -0.00894316 0.999847 3.47776
-0.0913512 0.995765 0.0103107 110.4 -0.995719 -0.091484 0.0132378 -56.2655 0.0141251 -0.00905728 0.999859 3.5008
-0.0962291 0.995278 0.0127485 110.344 -0.995249 -0.0964009 0.013622 -56.9263 0.0147866 -0.0113771 0.999826 3.52899
-0.100169 0.994795 0.0186763 110.265 -0.994864 -0.100415 0.012722 -57.667 0.0145311 -0.0173061 0.999745 3.53498
-0.102672 0.994579 0.0164896 110.192 -0.994645 -0.102848 0.0102214 -58.39 0.0118619 -0.0153518 0.999812 3.54386
-0.105002 0.994386 0.0130942 110.127 -0.994433 -0.105106 0.0074998 -59.0797 0.00883397 -0.0122338 0.999886 3.5808
-0.106405 0.994189 0.0162881 110.065 -0.994302 -0.106495 0.00475221 -59.7893 0.00645919 -0.0156896 0.999856 3.56137
-0.107947 0.994044 0.0149868 110.004 -0.99414 -0.108019 0.00408556 -60.5594 0.00568009 -0.014458 0.999879 3.58352
-0.108482 0.993958 0.0166937 109.912 -0.994056 -0.108618 0.00743753 -61.2435 0.00920584 -0.0157877 0.999833 3.61195
-0.108776 0.993999 0.0115423 109.841 -0.993989 -0.108906 0.0112377 -61.9435 0.0124272 -0.0102506 0.99987 3.6098
-0.10946 0.993978 0.0051383 109.759 -0.993877 -0.109525 0.014613 -62.6536 0.0150877 -0.0035073 0.99988 3.67293
-0.109941 0.993926 0.00488403 109.66 -0.9938 -0.110006 0.0161353 -63.4324 0.0165746 -0.00307982 0.999858 3.68513
-0.11023 0.993882 0.006904 109.578 -0.99378 -0.110324 0.0151786 -64.1762 0.0158474 -0.00518793 0.999861 3.69374
-0.110129 0.9939 0.00578657 109.496 -0.993845 -0.110189 0.011416 -64.9346 0.011984 -0.00449371 0.999918 3.69627
-0.110191 0.9939 0.00459679 109.4 -0.993865 -0.110229 0.00907142 -65.6872 0.00952278 -0.003569 0.999948 3.72171
-0.11126 0.993779 0.00493926 109.331 -0.993749 -0.111299 0.00864938 -66.4313 0.00914531 -0.00394606 0.99995 3.73875
-0.113394 0.993527 0.00671128 109.245 -0.993502 -0.113452 0.00909386 -67.1846 0.0097964 -0.00563648 0.999936 3.75239
-0.115538 0.993275 0.00752804 109.181 -0.993251 -0.115606 0.00939352 -67.9086 0.0102006 -0.00639192 0.999928 3.79628
-0.117559 0.993035 0.00778745 109.095 -0.993009 -0.117633 0.0097946 -68.6371 0.0106424 -0.00658156 0.999922 3.7925
-0.119535 0.992788 0.00913322 109.016 -0.992766 -0.119627 0.0102534 -69.4128 0.0112721 -0.0078415 0.999906 3.8013
-0.121507 0.992544 0.00963146 108.926 -0.992537 -0.121595 0.00921672 -70.1287 0.0103191 -0.00843968 0.999911 3.83959
-0.122698 0.992367 0.0123807 108.825 -0.992379 -0.122824 0.00992157 -70.8469 0.0113665 -0.011069 0.999874 3.84319
-0.123772 0.992222 0.0132856 108.729 -0.992243 -0.123909 0.0100276 -71.5858 0.0115958 -0.0119414 0.999861 3.85977
-0.124734 0.992108 0.0128029 108.645 -0.992115 -0.124873 0.0106798 -72.3463 0.0121943 -0.0113698 0.999861 3.8669
-0.126222 0.991922 0.0126128 108.547 -0.991929 -0.126357 0.0105352 -73.1354 0.0120438 -0.0111813 0.999865 3.90191
-0.127052 0.991822 0.0121356 108.452 -0.991832 -0.127173 0.00982678 -73.9027 0.0112897 -0.010788 0.999878 3.92115
-0.128241 0.991641 0.0141941 108.356 -0.9917 -0.128356 0.00752147 -74.6819 0.00928049 -0.0131117 0.999871 3.93418
-0.129832 0.991409 0.0158596 108.265 -0.99151 -0.129928 0.0051996 -75.4256 0.00721554 -0.0150499 0.999861 3.93906
-0.132342 0.991091 0.0149594 108.173 -0.991184 -0.132421 0.00441732 -76.2271 0.00635891 -0.0142429 0.999878 3.96906
-0.134259 0.990864 0.0128003 108.067 -0.990923 -0.134334 0.00512057 -77.0494 0.00679329 -0.0119966 0.999905 3.99413
-0.136656 0.990532 0.0130922 107.972 -0.990583 -0.136751 0.00670588 -77.8583 0.00843277 -0.0120525 0.999892 3.9829
-0.137793 0.990377 0.0129272 107.87 -0.990391 -0.137926 0.0100944 -78.6513 0.0117803 -0.0114121 0.999865 4.01468
-0.138816 0.990236 0.0127857 107.767 -0.990209 -0.138981 0.0130356 -79.4428 0.0146853 -0.010851 0.999833 4.0231
-0.139442 0.990155 0.0121994 107.64 -0.990055 -0.139639 0.0171151 -80.2662 0.0186501 -0.00969146 0.999779 4.04686
-0.139523 0.990171 0.00975528 107.533 -0.990034 -0.139681 0.0179511 -81.0644 0.0191373 -0.00715346 0.999791 4.05643
-0.139078 0.990263 0.00601474 107.411 -0.990112 -0.139164 0.0176664 -81.8645 0.0183315 -0.00349825 0.999826 4.09614
-0.139044 0.990268 0.00594756 107.288 -0.990148 -0.139122 0.0158944 -82.7043 0.0165671 -0.00367895 0.999856 4.10748
-0.13788 0.990422 0.00728636 107.172 -0.990335 -0.137972 0.0141653 -83.5663 0.0150349 -0.00526282 0.999873 4.13578
-0.136131 0.990663 0.00743007 107.061 -0.990612 -0.136211 0.0116089 -84.4274 0.0125126 -0.00577998 0.999905 4.14507
-0.134317 0.990921 0.00586461 106.939 -0.990883 -0.13437 0.00977115 -85.2363 0.0104705 -0.00449871 0.999935 4.17418
-0.133156 0.991076 0.00615766 106.837 -0.991075 -0.133191 0.00558001 -86.1044 0.00635035 -0.00535969 0.999965 4.19526
-0.131421 0.991306 0.00647319 106.74 -0.991303 -0.13146 0.00604115 -86.9564 0.00683959 -0.00562296 0.999961 4.22001
-0.129834 0.991525 0.00458442 106.641 -0.991478 -0.129875 0.0101698 -87.7677 0.0106791 -0.00322496 0.999938 4.23025
-0.128006 0.991752 0.00655403 106.533 -0.991646 -0.128093 0.015191 -88.6234 0.0159052 -0.00455474 0.999863 4.25153
-0.126534 0.991921 0.00908025 106.431 -0.991781 -0.12668 0.0179688 -89.4868 0.0189739 -0.00673197 0.999797 4.3011
-0.124462 0.992196 0.00749655 106.337 -0.992052 -0.124577 0.0176757 -90.3252 0.0184717 -0.00523701 0.999816 4.29263
-0.123493 0.99234 0.00332897 106.224 -0.992228 -0.12353 0.0149581 -91.1724 0.0152548 -0.00145587 0.999883 4.32336
-0.123364 0.992359 0.00227743 106.118 -0.992263 -0.123383 0.0138314 -92.0598 0.0140067 -0.000553512 0.999902 4.33651
-0.122374 0.992481 0.00243372 106.034 -0.992387 -0.122396 0.0136669 -92.9155 0.013862 -0.000742716 0.999904 4.36457
-0.121992 0.992529 0.00189618 105.922 -0.992429 -0.122007 0.0141111 -93.7949 0.0142371 -0.000160371 0.999899 4.39322
-0.121563 0.992582 0.00160499 105.809 -0.992502 -0.121573 0.0126649 -94.6711 0.0127661 -5.33688e-05 0.999919 4.41532
-0.120011 0.992772 -0.000427325 105.711 -0.992705 -0.119998 0.0117371 -95.5105 0.011601 0.00183279 0.999931 4.43634
-0.119552 0.992823 -0.0029978 105.613 -0.992754 -0.119506 0.0126032 -96.3624 0.0121545 0.00448282 0.999916 4.45824
-0.118819 0.992911 -0.0032443 105.509 -0.99281 -0.118758 0.0149751 -97.2149 0.0144836 0.0050003 0.999883 4.48582
-0.1184 0.992965 0.00140142 105.398 -0.992846 -0.118407 0.0154085 -98.0717 0.015466 0.000432965 0.99988 4.51522
-0.118001 0.992989 0.0069499 105.34 -0.99293 -0.118079 0.0121314 -98.9375 0.012867 -0.00546925 0.999902 4.53447
-0.117567 0.993009 0.010554 105.244 -0.993004 -0.11767 0.00983682 -99.7912 0.0110099 -0.00932368 0.999896 4.57323
-0.118572 0.992834 0.014862 105.152 -0.992878 -0.118725 0.0098568 -100.632 0.0115506 -0.0135874 0.999841 4.59494
-0.119387 0.992655 0.0195842 105.062 -0.992719 -0.119665 0.013728 -101.476 0.0159707 -0.0178027 0.999714 4.63007
-0.120871 0.992469 0.0198878 104.961 -0.992496 -0.121199 0.0162178 -102.338 0.018506 -0.0177783 0.999671 4.65496
-0.121148 0.99243 0.0201245 104.88 -0.992461 -0.121481 0.0162049 -103.144 0.0185269 -0.0180096 0.999666 4.67888
-0.121673 0.992389 0.0189426 104.766 -0.99242 -0.121965 0.0150986 -103.955 0.017294 -0.0169619 0.999707 4.70621
-0.122642 0.992284 0.0182168 104.672 -0.992273 -0.122947 0.0166934 -104.797 0.0188043 -0.0160287 0.999695 4.7259
-0.123294 0.992204 0.018136 104.575 -0.992163 -0.123621 0.0181848 -105.586 0.0202851 -0.0157518 0.99967 4.7536
-0.123205 0.992219 0.017943 104.479 -0.992114 -0.123571 0.0209866 -106.407 0.0230405 -0.0152159 0.999619 4.79452
-0.12482 0.991991 0.0193442 104.394 -0.991922 -0.125208 0.0203286 -107.228 0.0225879 -0.0166505 0.999606 4.82845
-0.127326 0.991654 0.0202786 104.283 -0.991615 -0.127723 0.0196404 -108.034 0.0220665 -0.0176078 0.999601 4.8601
-0.130712 0.991197 0.0210238 104.191 -0.991141 -0.131149 0.0209628 -108.817 0.0235355 -0.0180975 0.999559 4.89955
-0.134162 0.990711 0.0221741 104.091 -0.990617 -0.13467 0.023298 -109.608 0.0260678 -0.0188404 0.999483 4.93812
-0.137128 0.990274 0.0235136 104 -0.990157 -0.137706 0.0250303 -110.409 0.0280248 -0.0198498 0.99941 4.98049
-0.140194 0.989862 0.022781 103.903 -0.989745 -0.140739 0.0244297 -111.193 0.0273882 -0.0191225 0.999442 5.00669
-0.142938 0.989466 0.022927 103.773 -0.989386 -0.143463 0.0231175 -111.959 0.0261632 -0.0193793 0.99947 5.03035
-0.145549 0.989102 0.0221759 103.673 -0.989005 -0.146054 0.0231717 -112.689 0.0261581 -0.0185594 0.999486 5.06818
-0.147189 0.988794 0.0249218 103.567 -0.98862 -0.147861 0.0277134 -113.495 0.0310879 -0.0205591 0.999305 5.10752
-0.148399 0.98852 0.0283867 103.478 -0.988224 -0.149315 0.0334373 -114.244 0.037292 -0.0230903 0.999038 5.1274
-0.151834 0.988074 0.0256295 103.365 -0.987592 -0.15271 0.036629 -114.992 0.040106 -0.01975 0.999 5.16788
-0.154614 0.987662 0.0248737 103.247 -0.987234 -0.155424 0.0348083 -115.744 0.0382448 -0.0191743 0.999084 5.20561
-0.157398 0.987209 0.0253854 103.093 -0.986969 -0.158126 0.0298118 -116.519 0.0334446 -0.0203623 0.999233 5.22269
-0.159101 0.986912 0.0263053 103.002 -0.986806 -0.159782 0.0261632 -117.255 0.0300239 -0.0217957 0.999312 5.25935
-0.161971 0.986418 0.0272995 102.894 -0.98623 -0.162753 0.0293684 -117.983 0.0334126 -0.0221667 0.999196 5.30177
-0.164675 0.985851 0.0312925 102.768 -0.985702 -0.165632 0.0309437 -118.743 0.0356889 -0.0257494 0.999031 5.33064
-0.166664 0.985509 0.031545 102.647 -0.985253 -0.167707 0.0339257 -119.48 0.0387244 -0.0254256 0.998926 5.36777
-0.168827 0.985194 0.0298443 102.509 -0.984752 -0.169886 0.0374377 -120.211 0.0419535 -0.0230688 0.998853 5.38992
-0.170849 0.984835 0.0301663 102.389 -0.984219 -0.172014 0.0415241 -120.938 0.0460834 -0.0225959 0.998682 5.44035
-0.173424 0.984362 0.030927 102.273 -0.983643 -0.174679 0.0439675 -121.66 0.0486822 -0.0227961 0.998554 5.50046
-0.177028 0.98375 0.0299447 102.151 -0.983144 -0.178168 0.041031 -122.442 0.0456994 -0.0221763 0.998709 5.5327
-0.181154 0.983094 0.0266285 101.99 -0.982495 -0.182107 0.0392458 -123.167 0.0434315 -0.0190528 0.998875 5.57907
-0.185923 0.982228 0.0256924 101.877 -0.981671 -0.186805 0.0377657 -123.859 0.0418941 -0.0182 0.998956 5.61672
-0.192228 0.981065 0.0236688 101.751 -0.980526 -0.192999 0.036337 -124.572 0.040217 -0.0162229 0.999059 5.65804
-0.200597 0.979336 0.0257202 101.6 -0.978808 -0.201455 0.036757 -125.297 0.0411789 -0.0178018 0.998993 5.696
-0.210811 0.977131 0.0278115 101.466 -0.976641 -0.211746 0.0365599 -126.032 0.0416128 -0.0194546 0.998944 5.74351
-0.223354 0.974326 0.0283082 101.3 -0.973807 -0.224315 0.0371935 -126.72 0.0425885 -0.0192594 0.998907 5.78028
-0.235462 0.971542 0.0257757 101.127 -0.970924 -0.236325 0.0381789 -127.433 0.0431838 -0.0160365 0.998938 5.84
-0.247588 0.968521 0.0258263 100.954 -0.967922 -0.248435 0.037509 -128.094 0.0427444 -0.0157111 0.998963 5.86974
-0.258662 0.965724 0.0216885 100.753 -0.965033 -0.259334 0.0381683 -128.832 0.0424846 -0.0110575 0.999036 5.91876
-0.268691 0.963083 0.0165963 100.57 -0.962336 -0.269144 0.0383591 -129.519 0.0414098 -0.00566446 0.999126 5.97046
-0.277569 0.960609 0.0136541 100.356 -0.959848 -0.277893 0.0382934 -130.209 0.0405793 -0.00247679 0.999173 6.00274
-0.285738 0.958244 0.0110523 100.143 -0.957468 -0.285952 0.0385488 -130.899 0.0400996 0.000432694 0.999196 6.03125
-0.292135 0.956314 0.0109611 99.9229 -0.955563 -0.29234 0.0379078 -131.545 0.0394562 0.000600149 0.999221 6.08038
-0.297093 0.954807 0.00889254 99.7057 -0.954133 -0.297218 0.0359454 -132.249 0.0369639 0.00219446 0.999314 6.1107
-0.299404 0.954124 -0.00228828 99.4941 -0.953596 -0.299157 0.0340404 -132.912 0.0317942 0.012374 0.999418 6.13542
-0.300873 0.953638 -0.00707597 99.2685 -0.953233 -0.300505 0.0323072 -133.581 0.028683 0.0164654 0.999453 6.17001
-0.302034 0.953239 -0.0105087 99.0526 -0.95289 -0.301565 0.0325279 -134.246 0.0278378 0.0198381 0.999416 6.17193
-0.302102 0.953199 -0.0120984 98.8444 -0.95278 -0.301512 0.0360623 -134.929 0.0307267 0.0224216 0.999276 6.26196
-0.301686 0.953391 -0.00560894 98.6101 -0.952775 -0.301266 0.0381976 -135.596 0.0347274 0.0168677 0.999254 6.29134
-0.300176 0.953851 -0.00794728 98.4081 -0.953282 -0.299681 0.0380082 -136.233 0.0338725 0.0189852 0.999246 6.31649
-0.298111 0.954499 -0.00784765 98.2272 -0.953954 -0.297635 0.037208 -136.886 0.0331793 0.0185784 0.999277 6.33102
-0.296115 0.955042 -0.0145251 98.0255 -0.954677 -0.295454 0.0360266 -137.514 0.0301154 0.0245348 0.999245 6.34107
-0.294655 0.955514 -0.0130951 97.8163 -0.95515 -0.294065 0.0348589 -138.199 0.0294573 0.0227791 0.999306 6.38118
-0.291853 0.956317 -0.0167188 97.6342 -0.955939 -0.29107 0.0382029 -138.835 0.0316678 0.0271317 0.99913 6.44095
-0.288269 0.95737 -0.0185637 97.4564 -0.956996 -0.287389 0.0395705 -139.444 0.0325486 0.0291723 0.999044 6.47294
-0.283228 0.958831 -0.0206171 97.2532 -0.95854 -0.282308 0.038771 -140.077 0.0313544 0.0307434 0.999035 6.50779
-0.278268 0.960238 -0.0225824 97.0643 -0.960016 -0.2773 0.0384029 -140.701 0.0306138 0.0323658 0.999007 6.52085
-0.272922 0.961745 -0.0236637 96.894 -0.961619 -0.271997 0.0361538 -141.36 0.0283343 0.0326226 0.999066 6.55454
-0.269343 0.962736 -0.0243709 96.7485 -0.962662 -0.268436 0.0349949 -141.958 0.0271489 0.0328865 0.99909 6.58687
-0.265024 0.96392 -0.0249004 96.5572 -0.963886 -0.264137 0.0339939 -142.561 0.0261903 0.0330103 0.999112 6.61923
-0.26145 0.964829 -0.0273647 96.3974 -0.964917 -0.260557 0.0323226 -143.2 0.0240557 0.0348554 0.999103 6.66046
-0.257424 0.96588 -0.0284539 96.2323 -0.966028 -0.256544 0.0312112 -143.792 0.0228465 0.0355218 0.999108 6.68708
-0.253899 0.966794 -0.0290701 96.0877 -0.966976 -0.253028 0.0305647 -144.408 0.0221942 0.0358704 0.99911 6.71142
-0.249679 0.967983 -0.0258747 95.9473 -0.96805 -0.248876 0.0306728 -144.986 0.0232512 0.0327064 0.999195 6.73378
-0.245737 0.968973 -0.0265379 95.8051 -0.969011 -0.244853 0.0326388 -145.589 0.0251283 0.033736 0.999115 6.73835
-0.24014 0.970329 -0.028176 95.6545 -0.970318 -0.239081 0.0363725 -146.16 0.0285569 0.0360742 0.998941 6.76046
-0.233602 0.97198 -0.0261724 95.5242 -0.971886 -0.232594 0.0365762 -146.733 0.0294638 0.0339809 0.998988 6.82766
-0.224964 0.974082 -0.0235627 95.3814 -0.973928 -0.224072 0.0354274 -147.307 0.0292295 0.0309183 0.999094 6.82702
-0.214577 0.976403 -0.0243904 95.2589 -0.976313 -0.213714 0.0337616 -147.871 0.0277523 0.0310571 0.999132 6.83628
-0.201838 0.979047 -0.0269712 95.1677 -0.979046 -0.200926 0.033119 -148.433 0.0270059 0.0330908 0.999087 6.85896
-0.189066 0.98155 -0.0285276 95.068 -0.981623 -0.188155 0.0318385 -149.034 0.0258835 0.0340229 0.999086 6.88502
-0.17325 0.984482 -0.0279139 94.9591 -0.984539 -0.172377 0.0311428 -149.626 0.0258478 0.0328778 0.999125 6.92283
