1 0 0 0 0 1 0 0 -0 0 1 0
0.999997 0.00231253 -0.000378269 1.20575 -0.00231273 0.999997 -0.000533828 0.0172127 0.000377033 0.000534701 1 0.100634
0.999993 0.00374781 -0.000260281 2.40007 -0.00374784 0.999993 -0.000117641 0.0188256 0.000259839 0.000118616 1 0.112278
0.999987 0.00501223 -0.000179586 3.59597 -0.00501225 0.999987 -0.000102719 0.0204025 0.000179069 0.000103617 1 0.132286
0.999983 0.00584036 9.65394e-05 4.80406 -0.0058403 0.999983 -0.000569963 0.0146498 -9.98665e-05 0.00056939 1 0.154191
0.999976 0.00699237 -0.0001701 5.99298 -0.00699252 0.999975 -0.000875314 0.000280254 0.000163975 0.000876482 1 0.166925
0.99997 0.00771832 -0.000788572 7.19164 -0.00771926 0.999969 -0.0011967 0.00375262 0.000779312 0.00120275 0.999999 0.187465
0.999964 0.00843063 -0.00137614 8.39434 -0.00843106 0.999964 -0.00030388 -0.0100571 0.00137353 0.000315471 0.999999 0.208538
0.999962 0.00875887 1.43357e-05 9.59298 -0.00875886 0.999961 -0.000627038 -0.0123243 -1.98273e-05 0.000626889 1 0.223034
0.999969 0.0078863 0.000572913 10.7966 -0.00788586 0.999969 -0.000773346 -0.0158688 -0.000578994 0.000768804 1 0.240216
0.999984 0.00564693 6.61458e-05 11.9971 -0.00564678 0.999982 -0.00204714 -0.0103288 -7.77047e-05 0.00204674 0.999998 0.258739
0.999993 0.00366904 -0.000425913 13.1773 -0.00367002 0.999991 -0.00232398 -0.00691571 0.000417382 0.00232553 0.999997 0.280155
0.999998 0.00207082 -0.000417253 14.3665 -0.00207149 0.999997 -0.00162859 -0.0178656 0.000413879 0.00162945 0.999999 0.298695
0.999999 0.00114925 -0.000604711 15.5559 -0.0011496 0.999999 -0.000579307 0.000648388 0.000604045 0.000580002 1 0.305627
0.999999 0.00111074 -0.000420007 16.7468 -0.00111127 0.999999 -0.00125237 -0.00509205 0.000418615 0.00125283 0.999999 0.330719
1 0.000779315 -0.000160088 17.9795 -0.000779585 0.999998 -0.00169521 -0.0103482 0.000158766 0.00169534 0.999999 0.352035
1 -2.00013e-05 4.45218e-05 19.1541 2.00715e-05 0.999999 -0.00157634 0.00296979 -4.44902e-05 0.00157634 0.999999 0.367011
1 -0.000467516 -0.000693555 20.3583 0.000466061 0.999998 -0.00209624 -0.0069822 0.000694534 0.00209592 0.999998 0.385999
0.999999 -0.000903186 -0.001445 21.5393 0.000901641 0.999999 -0.00106953 0.0060238 0.00144597 0.00106823 0.999998 0.412994
0.999998 -0.00182211 -0.00100379 22.7382 0.00182051 0.999997 -0.00159672 0.0202507 0.00100669 0.00159489 0.999998 0.42506
0.999996 -0.00258205 -0.00062017 23.9538 0.00258034 0.999993 -0.0027439 0.037659 0.00062725 0.00274229 0.999996 0.439848
0.999994 -0.00331397 -0.00114447 25.1188 0.00331285 0.999994 -0.000977944 0.0353785 0.0011477 0.000974147 0.999999 0.459774
0.999991 -0.00420134 -0.000527584 26.3262 0.00420019 0.999989 -0.00216175 0.0521967 0.00053666 0.00215951 0.999998 0.461409
0.999987 -0.0050367 0.00105719 27.5143 0.00504076 0.99998 -0.00387121 0.0645724 -0.00103767 0.00387648 0.999992 0.473736
0.99998 -0.00616267 0.00139229 28.7417 0.00616826 0.999973 -0.00404355 0.0812605 -0.00136734 0.00405205 0.999991 0.500348
0.99998 -0.00630504 -1.49967e-05 29.9333 0.00630493 0.999972 -0.00402907 0.069675 4.03998e-05 0.00402889 0.999992 0.516614
0.999972 -0.00749168 -0.000873213 31.1153 0.00748755 0.999961 -0.00464601 0.092661 0.000907986 0.00463934 0.999989 0.529518
0.999969 -0.00778875 -0.000688 32.3261 0.00778577 0.999961 -0.00422942 0.113594 0.000720915 0.00422394 0.999991 0.541512
0.999961 -0.00887309 -9.76484e-05 33.5058 0.00887255 0.99995 -0.00459804 0.107487 0.000138442 0.00459699 0.999989 0.56142
0.999956 -0.00934285 0.000322993 34.6997 0.00934415 0.999947 -0.004278 0.134185 -0.000283007 0.00428083 0.999991 0.582021
0.999956 -0.00935819 0.000298448 35.8943 0.00935952 0.999945 -0.00480247 0.144952 -0.000253489 0.00480505 0.999988 0.603911
0.999947 -0.0102563 0.00045635 37.0955 0.0102584 0.999936 -0.00474733 0.166797 -0.00040763 0.00475176 0.999989 0.619831
0.99995 -0.00992958 0.000839896 38.3159 0.00993404 0.999936 -0.00548129 0.189103 -0.000785415 0.00548936 0.999985 0.649893
0.999943 -0.0105402 0.00162491 39.5001 0.0105493 0.999928 -0.00567387 0.190598 -0.00156499 0.00569068 0.999983 0.655088
0.999941 -0.0105252 0.00265155 40.7142 0.0105402 0.999928 -0.00572463 0.225315 -0.0025911 0.00575224 0.99998 0.664814
0.999946 -0.0100971 0.0023672 41.8972 0.0101082 0.999938 -0.00470895 0.228657 -0.00231951 0.00473262 0.999986 0.68567
0.999948 -0.00995244 0.0023806 43.1039 0.00996138 0.999943 -0.00377467 0.265545 -0.0023429 0.00379818 0.99999 0.701308
0.99995 -0.00910519 0.00407086 44.2918 0.00910957 0.999958 -0.00106004 0.279044 -0.00406103 0.00109707 0.999991 0.706532
0.999946 -0.00773762 0.00687182 45.5155 0.00774659 0.999969 -0.00127961 0.29795 -0.00686171 0.00133277 0.999976 0.719208
0.999933 -0.00600451 0.00988276 46.6991 0.00600275 0.999982 0.000207367 0.299397 -0.00988382 -0.000148029 0.999951 0.727893
0.999909 -0.00423648 0.0128448 47.9293 0.00423213 0.999991 0.000365682 0.322384 -0.0128463 -0.000311288 0.999917 0.727114
0.999882 -0.00317753 0.0150583 49.1239 0.00318023 0.999995 -0.000155062 0.315405 -0.0150577 0.000202933 0.999887 0.742172
0.999908 -0.0015059 0.0134501 50.3513 0.0015191 0.999998 -0.000971382 0.307032 -0.0134486 0.000991725 0.999909 0.740093
0.999933 0.0003246 0.0115495 51.517 -0.000325578 1 8.28314e-05 0.340141 -0.0115495 -8.65862e-05 0.999933 0.747973
0.99994 0.000594607 0.0109378 52.7235 -0.000598471 1 0.000350021 0.333049 -0.0109376 -0.000356546 0.99994 0.731251
0.999945 0.000635636 0.0104901 53.9554 -0.000635648 1 -2.23583e-06 0.35537 -0.0104901 -4.4323e-06 0.999945 0.740028
0.999954 5.45684e-06 0.00958292 55.1311 -3.53429e-06 1 -0.00020064 0.343423 -0.00958292 0.000200597 0.999954 0.750166
0.99995 -0.00167387 0.00989647 56.3589 0.00167907 0.999998 -0.000516742 0.363954 -0.00989559 0.000533333 0.999951 0.748686
0.999935 -0.00270268 0.0110625 57.5537 0.00271129 0.999996 -0.000762757 0.364925 -0.0110604 0.000792701 0.999939 0.758082
0.999927 -0.00402209 0.0114014 58.7257 0.00402792 0.999992 -0.000488071 0.365499 -0.0113993 0.000533959 0.999935 0.761725
0.999928 -0.00464277 0.0110375 59.9585 0.00464706 0.999989 -0.000363213 0.377067 -0.0110357 0.000414479 0.999939 0.762564
0.999926 -0.00570479 0.0107481 61.1323 0.00569495 0.999983 0.000945873 0.368777 -0.0107534 -0.000884593 0.999942 0.775527
0.999933 -0.00554444 0.0101773 62.3385 0.00553423 0.999984 0.00103155 0.381978 -0.0101829 -0.000975155 0.999948 0.780818
0.999942 -0.0053219 0.00941217 63.5483 0.00533172 0.999985 -0.0010182 0.408909 -0.00940661 0.00106832 0.999955 0.792468
0.999934 -0.00549871 0.0100676 64.7857 0.00552701 0.999981 -0.00278562 0.408438 -0.0100521 0.00284108 0.999945 0.794497
0.999908 -0.0059622 0.0121722 65.9577 0.00600113 0.999977 -0.00316426 0.422526 -0.0121531 0.00323701 0.999921 0.790352
0.99992 -0.00637754 0.0108993 67.1321 0.00640183 0.999977 -0.00219532 0.420244 -0.010885 0.00226492 0.999938 0.802407
0.999933 -0.00644901 0.00960768 68.3506 0.00645931 0.999979 -0.00104154 0.443436 -0.00960076 0.00110353 0.999953 0.814704
0.99994 -0.00555112 0.00944589 69.5331 0.00553266 0.999983 0.00197945 0.459651 -0.00945672 -0.00192707 0.999953 0.829542
0.999937 -0.00573781 0.00968251 70.7282 0.00571456 0.999981 0.00242733 0.478144 -0.00969625 -0.00237184 0.99995 0.829434
0.999937 -0.00568255 0.00968275 71.9296 0.00564261 0.999975 0.00414743 0.488696 -0.00970608 -0.00409253 0.999945 0.819383
0.99993 -0.00512057 0.0106561 73.1239 0.00508104 0.99998 0.00373309 0.512763 -0.010675 -0.00367869 0.999936 0.833361
0.999931 -0.00343571 0.0112273 74.3279 0.00338757 0.999985 0.00430407 0.526708 -0.0112419 -0.00426574 0.999928 0.816252
0.999951 -0.000280066 0.00986341 75.5075 0.000237825 0.999991 0.00428352 0.527355 -0.00986452 -0.00428097 0.999942 0.835191
0.999983 0.00226009 0.00530484 76.6449 -0.00226573 0.999997 0.00105683 0.522568 -0.00530244 -0.00106884 0.999985 0.856814
0.999979 0.00505433 0.00407784 77.8372 -0.00506382 0.999984 0.00232015 0.531659 -0.00406605 -0.00234075 0.999989 0.858932
0.999947 0.00728914 0.00721651 79.0172 -0.00730646 0.99997 0.00237666 0.538326 -0.00719897 -0.00242927 0.999971 0.868488
0.999894 0.0111262 0.00937606 80.1779 -0.0111374 0.999937 0.00114352 0.522698 -0.00936275 -0.00124783 0.999955 0.887683
0.999863 0.0147351 0.00750711 81.3713 -0.0147551 0.999888 0.00260899 0.495943 -0.00746782 -0.0027194 0.999968 0.88142
0.999827 0.0181016 0.00421227 82.5306 -0.0181086 0.999835 0.00162976 0.488416 -0.00418207 -0.00170575 0.99999 0.900194
0.999758 0.0219508 0.00116091 83.7124 -0.0219511 0.999759 0.000309772 0.471483 -0.00115383 -0.000335181 0.999999 0.90259
0.999674 0.025531 0.000246213 84.8226 -0.0255308 0.999674 -0.000710624 0.451285 -0.000264275 0.000704107 1 0.92079
0.999584 0.0288044 0.00148763 86.0043 -0.0288029 0.999585 -0.000980999 0.415998 -0.00151527 0.000937742 0.999998 0.931139
0.99946 0.0327886 0.00224072 87.1715 -0.032788 0.999462 -0.00033306 0.384949 -0.00225043 0.000259412 0.999997 0.947723
0.999351 0.0360074 0.000516592 88.3377 -0.0360071 0.999351 -0.000558164 0.347978 -0.000536355 0.000539201 1 0.969676
0.999208 0.0397613 -0.00153994 89.4931 -0.0397622 0.999209 -0.000548503 0.31317 0.00151691 0.0006093 0.999999 0.988296
0.999087 0.0426932 -0.00182267 90.6376 -0.042694 0.999088 -0.000399416 0.270889 0.00180396 0.000476868 0.999998 1.00849
0.998953 0.045733 -0.00102158 91.7847 -0.0457347 0.998952 -0.00170087 0.213641 0.000942721 0.00174581 0.999998 1.02104
0.998822 0.0485308 0.000363307 92.9505 -0.0485299 0.998819 -0.00224437 0.159885 -0.000471799 0.00222409 0.999997 1.04184
0.998696 0.0510347 0.00162512 94.0868 -0.0510303 0.998694 -0.00268262 0.108164 -0.0017599 0.00259619 0.999995 1.0564
0.998561 0.0535467 0.00278432 95.2823 -0.0535345 0.998557 -0.00428131 0.049101 -0.00300955 0.0041261 0.999987 1.07343
0.998446 0.0557275 0.000881619 96.4163 -0.0557226 0.998434 -0.00485673 -0.0100911 -0.00115089 0.00480006 0.999988 1.08877
0.998313 0.0580112 -0.00250697 97.5812 -0.0580262 0.998294 -0.00642209 -0.0554392 0.00213014 0.00655672 0.999976 1.10865
0.998157 0.0604576 -0.00525929 98.7184 -0.060489 0.998151 -0.00602191 -0.1357 0.0048855 0.00632894 0.999968 1.11634
0.998068 0.0618166 -0.00628777 99.9086 -0.0618528 0.998069 -0.00572954 -0.198359 0.00592144 0.00610739 0.999964 1.13858
0.998012 0.0627856 -0.00549171 101.062 -0.0628154 0.99801 -0.00542962 -0.263324 0.00513988 0.00576379 0.99997 1.16462
0.99807 0.0619802 -0.00382712 102.247 -0.0620007 0.998061 -0.00549881 -0.336111 0.00347888 0.00572548 0.999978 1.18193
0.998157 0.0606324 -0.0025733 103.434 -0.0606473 0.99814 -0.00615815 -0.401021 0.00219513 0.00630286 0.999978 1.20609
0.998277 0.0586441 -0.00201485 104.632 -0.0586554 0.99826 -0.00607786 -0.476855 0.00165491 0.00618557 0.999979 1.21734
0.998429 0.0560184 -0.00151803 105.807 -0.0560265 0.998412 -0.0059127 -0.557919 0.00118439 0.00598846 0.999981 1.24033
0.998558 0.0536596 -0.00161278 107.011 -0.0536675 0.998544 -0.00536166 -0.601736 0.00132272 0.00544048 0.999984 1.2521
0.998764 0.0496591 -0.00214966 108.243 -0.0496674 0.998758 -0.00401352 -0.645368 0.00194768 0.00411532 0.99999 1.26405
0.998946 0.0458665 -0.00163741 109.416 -0.0458728 0.998939 -0.00402764 -0.700926 0.00145094 0.00409851 0.999991 1.28182
0.999125 0.0418208 -0.000487949 110.654 -0.0418223 0.999119 -0.00346382 -0.753225 0.000342659 0.0034812 0.999994 1.29321
0.999298 0.0374554 0.000401852 111.848 -0.0374538 0.999292 -0.00347627 -0.798503 -0.000531772 0.00345878 0.999994 1.31728
0.999442 0.0333833 0.000737693 113.056 -0.0333805 0.999436 -0.00355764 -0.837282 -0.000856043 0.00353103 0.999993 1.33221
0.999596 0.0283932 0.00104215 114.282 -0.0283899 0.999592 -0.00307001 -0.850637 -0.00112889 0.00303918 0.999995 1.35032
0.999717 0.0237724 0.000724658 115.501 -0.0237706 0.999715 -0.00236015 -0.867707 -0.000780557 0.00234226 0.999997 1.36096
0.999828 0.0185156 0.000531965 116.737 -0.0185147 0.999827 -0.00174688 -0.900183 -0.000564218 0.00173674 0.999998 1.37508
0.999906 0.0136837 6.29779e-05 117.954 -0.0136836 0.999906 -0.000810685 -0.89663 -7.40651e-05 0.000809747 1 1.3982
0.999946 0.0103691 -1.77057e-06 119.198 -0.0103691 0.999946 0.000483915 -0.905655 6.78823e-06 -0.000483871 1 1.41065
0.999967 0.0081217 0.000174331 120.418 -0.00812226 0.999961 0.00353902 -0.928497 -0.000145581 -0.00354032 0.999994 1.42271
0.999974 0.00714204 -3.99938e-06 121.659 -0.00714196 0.999965 0.00425172 -0.905305 3.43652e-05 -0.00425158 0.999991 1.44575
0.999981 0.00617126 7.01458e-06 122.921 -0.00617119 0.999963 0.00599864 -0.924282 3.00049e-05 -0.00599857 0.999982 1.46451
0.999987 0.00498655 0.000677479 124.145 -0.00499145 0.99996 0.00743849 -0.908596 -0.000640359 -0.00744178 0.999972 1.47182
0.999988 0.00468883 0.0013173 125.393 -0.00469948 0.999955 0.00819762 -0.90152 -0.00127881 -0.00820371 0.999966 1.4996
0.999988 0.00381726 0.00306667 126.6 -0.00384964 0.999936 0.0106236 -0.89706 -0.00302592 -0.0106352 0.999939 1.50384
0.999978 0.0032788 0.00582751 127.866 -0.0033539 0.999911 0.0129243 -0.921238 -0.00578462 -0.0129436 0.999899 1.50086
0.999977 0.00297465 0.00606534 129.104 -0.00303926 0.999938 0.0106726 -0.907909 -0.00603322 -0.0106907 0.999925 1.52105
0.999988 0.00192119 0.00458515 130.406 -0.00197518 0.999928 0.0118003 -0.912403 -0.00456215 -0.0118092 0.99992 1.53581
0.999984 0.00182453 0.00540387 131.64 -0.00187201 0.99996 0.0087936 -0.912208 -0.00538761 -0.00880357 0.999947 1.53534
0.999972 0.000585392 0.00750631 132.917 -0.000629753 0.999982 0.00590893 -0.90124 -0.00750271 -0.00591349 0.999954 1.55791
0.999957 0.000318952 0.00927943 134.158 -0.000350574 0.999994 0.00340641 -0.910047 -0.00927829 -0.00340952 0.999951 1.56105
0.999948 0.000130961 0.0102289 135.444 -0.000144269 0.999999 0.00130029 -0.895573 -0.0102287 -0.0013017 0.999947 1.56453
0.999959 -0.000222556 0.00904981 136.694 0.000241911 0.999998 -0.00213767 -0.90868 -0.00904931 0.00213977 0.999957 1.584
0.999969 0.000439555 0.00791196 137.956 -0.000404736 0.99999 -0.00440185 -0.905297 -0.00791381 0.00439851 0.999959 1.58051
0.999968 0.000402035 0.00796415 139.221 -0.000349916 0.999979 -0.00654449 -0.885053 -0.00796661 0.0065415 0.999947 1.59293
0.999966 0.000675331 0.00818453 140.484 -0.000621899 0.999978 -0.00652924 -0.889556 -0.00818877 0.00652393 0.999945 1.59171
0.999954 0.00144301 0.00950414 141.794 -0.00137964 0.999977 -0.00667123 -0.878417 -0.00951355 0.00665781 0.999933 1.60267
0.999932 0.00176661 0.0115021 143.096 -0.00171995 0.99999 -0.00406483 -0.881509 -0.0115092 0.00404477 0.999926 1.59843
0.999947 0.0025448 0.00996929 144.343 -0.00249706 0.999985 -0.00479826 -0.872311 -0.00998135 0.00477311 0.999939 1.61147
0.999962 0.00347386 0.00802394 145.636 -0.00344961 0.999989 -0.00303326 -0.874124 -0.00803439 0.00300546 0.999963 1.61089
0.999976 0.00368366 0.00594083 146.885 -0.00366507 0.999988 -0.00313754 -0.868984 -0.00595231 0.00311569 0.999977 1.62437
0.999989 0.00444598 0.00170173 148.154 -0.00443945 0.999983 -0.0038245 -0.885677 -0.00171871 0.0038169 0.999991 1.64309
0.999988 0.00447556 -0.00192428 149.433 -0.00448247 0.999983 -0.00359709 -0.876307 0.00190815 0.00360567 0.999992 1.65421
0.999984 0.00468861 -0.00312315 150.703 -0.0047021 0.99998 -0.00432595 -0.877588 0.0031028 0.00434057 0.999986 1.67264
0.999985 0.00484546 -0.00258273 151.981 -0.0048582 0.999976 -0.00494781 -0.870555 0.0025587 0.00496029 0.999984 1.69453
0.999986 0.00478779 -0.00232484 153.236 -0.00479715 0.99998 -0.00403388 -0.874828 0.00230548 0.00404498 0.999989 1.70805
0.999986 0.00519054 -0.0011728 154.513 -0.00519477 0.99998 -0.00363315 -0.846864 0.00115392 0.00363919 0.999993 1.74115
0.999989 0.00456186 -0.000896573 155.773 -0.0045646 0.999985 -0.00307846 -0.872436 0.000882516 0.00308252 0.999995 1.75246
0.99999 0.00438376 -0.000977551 157.052 -0.00438661 0.999986 -0.00293691 -0.873681 0.000964662 0.00294117 0.999995 1.77833
0.999993 0.00380242 -0.000630102 158.29 -0.00380418 0.999989 -0.0028111 -0.861383 0.000619406 0.00281348 0.999996 1.79906
0.999995 0.00305254 0.000487873 159.566 -0.00305108 0.999991 -0.00296647 -0.874472 -0.000496923 0.00296497 0.999995 1.82237
0.999996 0.00261271 0.000764007 160.852 -0.00261079 0.999993 -0.00250912 -0.869114 -0.000770558 0.00250712 0.999997 1.83536
0.999998 0.00172215 0.000187973 162.093 -0.00172175 0.999996 -0.00211267 -0.876856 -0.000191611 0.00211234 0.999998 1.85728
0.999999 0.00134508 -0.00102596 163.322 -0.00134642 0.999998 -0.00129918 -0.883066 0.00102421 0.00130056 0.999999 1.87413
0.999998 0.00119468 -0.00136773 164.634 -0.00119626 0.999999 -0.0011565 -0.858624 0.00136634 0.00115814 0.999998 1.88712
0.999998 -4.8546e-05 -0.00208509 165.878 4.65592e-05 1 -0.000952894 -0.85473 0.00208513 0.000952795 0.999997 1.90755
0.999996 -0.000450446 -0.00285552 167.147 0.000448825 1 -0.000568306 -0.849264 0.00285578 0.000567022 0.999996 1.9339
0.999993 -0.00203326 -0.0031098 168.407 0.00203162 0.999998 -0.000527824 -0.83057 0.00311086 0.000521503 0.999995 1.95157
0.999995 -0.00266528 -0.00190108 169.69 0.00266429 0.999996 -0.000524695 -0.829906 0.00190247 0.000519627 0.999998 1.97088
0.999994 -0.00319366 -0.00111939 170.95 0.00319302 0.999995 -0.000576809 -0.822276 0.00112122 0.000573232 0.999999 1.99481
0.999991 -0.00401982 -0.000920065 172.208 0.00401967 0.999992 -0.000169669 -0.80094 0.000920739 0.00016597 1 2.0193
0.999991 -0.0041598 -0.00077329 173.469 0.00415986 0.999991 7.89582e-05 -0.808445 0.000772955 -8.21742e-05 1 2.04023
0.999986 -0.00506114 -0.00145211 174.748 0.00506181 0.999987 0.000457855 -0.793852 0.00144978 -0.000465199 0.999999 2.05233
0.999984 -0.00518726 -0.002117 176.007 0.0051904 0.999985 0.00148051 -0.776906 0.00210929 -0.00149147 0.999997 2.0777
0.999983 -0.00558805 -0.00186488 177.268 0.0055899 0.999984 0.000990238 -0.7625 0.00185931 -0.00100064 0.999998 2.08909
0.99998 -0.00572151 -0.00282463 178.545 0.00572384 0.999983 0.000818281 -0.741645 0.0028199 -0.000834432 0.999996 2.11196
0.999977 -0.00556765 -0.00383027 179.783 0.005566 0.999984 -0.000442288 -0.729541 0.00383268 0.000420958 0.999993 2.13272
0.999973 -0.00608095 -0.00402906 181.04 0.00606771 0.999976 -0.00328941 -0.728241 0.00404897 0.00326487 0.999986 2.17188
0.999981 -0.00606357 -0.000777948 182.307 0.00606148 0.999978 -0.00265956 -0.715036 0.000794057 0.00265479 0.999996 2.18526
0.999974 -0.00629265 0.0036402 183.595 0.00630881 0.99997 -0.00444501 -0.680364 -0.00361212 0.00446786 0.999983 2.19049
0.999972 -0.00671348 0.00321357 184.834 0.0067227 0.999973 -0.00286696 -0.68068 -0.00319424 0.00288848 0.999991 2.22204
0.999984 -0.0056883 -0.000127681 186.086 0.00568815 0.999983 -0.00117294 -0.662641 0.000134351 0.00117219 0.999999 2.23096
0.999979 -0.00624403 -0.00168168 187.324 0.00624363 0.99998 -0.000245822 -0.652527 0.00168318 0.000235317 0.999999 2.26153
0.999977 -0.00658938 -0.00150357 188.582 0.00658731 0.999977 -0.00137204 -0.639806 0.00151257 0.00136211 0.999998 2.27259
0.999979 -0.0064013 -0.000536457 189.856 0.00640046 0.999978 -0.00156332 -0.605015 0.000546452 0.00155985 0.999999 2.28984
0.999979 -0.00638878 0.00136846 191.071 0.00639154 0.999978 -0.0020189 -0.596715 -0.00135553 0.0020276 0.999997 2.29302
0.999981 -0.00563635 0.00235686 192.299 0.00564277 0.99998 -0.00272533 -0.597489 -0.00234145 0.00273857 0.999994 2.31721
0.999989 -0.00437652 0.00165396 193.544 0.00437924 0.999989 -0.00164255 -0.591685 -0.00164675 0.00164978 0.999997 2.34175
0.999997 -0.00252556 0.000592127 194.793 0.00252725 0.999993 -0.00286074 -0.574993 -0.000584898 0.00286223 0.999996 2.37239
0.999999 -0.001216 -0.00107509 196.01 0.001213 0.999995 -0.002783 -0.56603 0.00107847 0.0027817 0.999996 2.38655
0.999999 -0.000433756 -0.0016076 197.246 0.000427399 0.999992 -0.00395213 -0.566562 0.00160931 0.00395143 0.999991 2.4055
0.999999 0.00111514 -0.000973718 198.458 -0.00111883 0.999992 -0.00379529 -0.563768 0.000969478 0.00379637 0.999992 2.42409
0.999996 0.00265103 0.000803645 199.672 -0.00264768 0.999988 -0.00413917 -0.563643 -0.000814609 0.00413703 0.999991 2.43917
0.999995 0.00291094 0.0014062 200.883 -0.00290541 0.999988 -0.00391257 -0.588107 -0.00141757 0.00390846 0.999991 2.46427
0.999987 0.00481892 0.00148715 202.075 -0.0048135 0.999982 -0.00362359 -0.560763 -0.00150458 0.00361639 0.999992 2.48507
0.999982 0.00566621 0.0020043 203.283 -0.00566055 0.99998 -0.00281986 -0.56976 -0.00202023 0.00280846 0.999994 2.50927
0.999972 0.00710441 0.00222096 204.471 -0.00709778 0.99997 -0.00297616 -0.562022 -0.00224203 0.00296032 0.999993 2.52248
0.999966 0.00794059 0.00209726 205.621 -0.00793454 0.999964 -0.00287524 -0.559073 -0.00212002 0.0028585 0.999994 2.53922
0.999963 0.0083786 0.00198927 206.838 -0.00837196 0.999959 -0.00332358 -0.57754 -0.00201704 0.00330681 0.999992 2.55289
0.999954 0.00936233 0.00211067 208.001 -0.00935397 0.999949 -0.00393503 -0.57269 -0.0021474 0.00391511 0.99999 2.5748
0.999952 0.00946356 0.00266779 209.111 -0.0094544 0.999949 -0.00342549 -0.584336 -0.00270008 0.00340011 0.999991 2.5981
0.999948 0.00934586 0.00405889 210.258 -0.00932959 0.999948 -0.00400968 -0.609313 -0.00409615 0.0039716 0.999984 2.61648
0.999957 0.00853741 0.00369037 211.384 -0.00852402 0.999957 -0.0036287 -0.608055 -0.00372119 0.00359709 0.999987 2.63375
0.999962 0.00809437 0.00318796 212.456 -0.00808241 0.99996 -0.00374608 -0.598006 -0.00321815 0.00372017 0.999988 2.65252
0.999969 0.007545 0.00237285 213.553 -0.00753683 0.999966 -0.00343657 -0.625977 -0.0023987 0.00341857 0.999991 2.66466
0.999975 0.00671695 0.00200094 214.626 -0.00670959 0.999971 -0.00366561 -0.620556 -0.00202551 0.0036521 0.999991 2.68053
0.99998 0.00601387 0.00191955 215.69 -0.00600568 0.999973 -0.00424463 -0.612673 -0.00194502 0.00423302 0.999989 2.70869
0.999988 0.00402975 0.00261675 216.72 -0.00401882 0.999983 -0.0041695 -0.615898 -0.00263351 0.00415893 0.999988 2.72113
0.999989 0.00234211 0.00404874 217.772 -0.00232039 0.999983 -0.00536271 -0.603568 -0.00406123 0.00535326 0.999977 2.74265
0.999982 0.000561208 0.00599304 218.792 -0.000529785 0.999986 -0.00524363 -0.603699 -0.0059959 0.00524036 0.999968 2.75295
0.999979 -0.00243161 0.0060052 219.774 0.00246086 0.999985 -0.00486793 -0.606042 -0.00599327 0.00488261 0.99997 2.76838
0.999974 -0.00469147 0.00555072 220.781 0.00471521 0.99998 -0.00427166 -0.592516 -0.00553057 0.00429772 0.999975 2.78537
0.999958 -0.00743149 0.00536038 221.743 0.0074533 0.999964 -0.00406095 -0.597147 -0.00533001 0.00410074 0.999977 2.79571
0.99993 -0.0102408 0.0059938 222.692 0.0102629 0.999941 -0.00367897 -0.571961 -0.00595576 0.00374022 0.999975 2.80846
0.999899 -0.012956 0.00588026 223.616 0.0129788 0.999908 -0.00385745 -0.545565 -0.00582974 0.00393338 0.999975 2.81934
0.999855 -0.0161758 0.00522861 224.493 0.0161958 0.999862 -0.0038019 -0.5439 -0.00516638 0.00388604 0.999979 2.82835
0.999806 -0.0190947 0.00485898 225.381 0.0191137 0.99981 -0.00389035 -0.508943 -0.00478377 0.00398247 0.999981 2.84613
0.999745 -0.0221087 0.00462727 226.217 0.0221222 0.999751 -0.00288644 -0.489258 -0.00456231 0.00298806 0.999985 2.8551
0.999674 -0.0252059 0.00395832 227.049 0.025216 0.999679 -0.00251659 -0.468429 -0.00389362 0.00261558 0.999989 2.87516
0.999613 -0.0275989 0.0036184 227.866 0.0276033 0.999618 -0.00116091 -0.429637 -0.00358497 0.00126034 0.999993 2.88083
0.999582 -0.0286591 0.00392812 228.667 0.0286593 0.999589 2.27216e-06 -0.400765 -0.00392657 0.000110306 0.999992 2.89673
0.999583 -0.0284539 0.0049461 229.44 0.0284543 0.999595 -3.89535e-06 -0.38189 -0.00494399 0.000144632 0.999988 2.91087
0.999599 -0.0277784 0.00557632 230.213 0.0277809 0.999614 -0.000376348 -0.345448 -0.00556372 0.000531112 0.999984 2.91908
0.999618 -0.0270758 0.00553682 230.94 0.0270798 0.999633 -0.000653763 -0.333326 -0.00551708 0.000803449 0.999984 2.93763
0.999632 -0.0268363 0.00389005 231.69 0.0268372 0.99964 -0.000185761 -0.305934 -0.00388366 0.000290091 0.999992 2.94294
0.999659 -0.026077 0.00150069 232.412 0.0260771 0.99966 -5.11758e-05 -0.285688 -0.00149885 9.02921e-05 0.999999 2.95523
0.999705 -0.024277 0.000474903 233.126 0.0242771 0.999705 -8.69445e-05 -0.260605 -0.000472652 9.84482e-05 1 2.96453
0.999717 -0.0237909 -0.000106429 233.858 0.023791 0.999716 0.000987147 -0.25492 8.29133e-05 -0.000989399 1 2.97543
0.999757 -0.0220627 -0.000370949 234.598 0.0220628 0.999757 0.000252272 -0.229158 0.000365293 -0.000260394 1 2.98686
0.999807 -0.0196277 -0.000158527 235.282 0.0196277 0.999807 0.000102286 -0.203004 0.000156489 -0.000105378 1 2.99864
0.999844 -0.0176688 -0.00016022 236.01 0.0176688 0.999844 0.000136082 -0.185082 0.00015779 -0.000138892 1 3.01629
0.999879 -0.0155808 -0.000353246 236.733 0.0155809 0.999879 0.000217912 -0.18716 0.000349808 -0.00022339 1 3.02616
0.999918 -0.0127743 -0.000207295 237.41 0.0127743 0.999918 0.000133945 -0.171178 0.000205567 -0.000136582 1 3.03118
0.999952 -0.00982893 0.000192227 238.114 0.00982908 0.999951 -0.000759233 -0.164238 -0.000184755 0.000761086 1 3.04173
0.999978 -0.0065838 0.00102757 238.816 0.00658597 0.999976 -0.00212335 -0.145963 -0.00101357 0.00213007 0.999997 3.06105
0.999993 -0.00372463 0.000828644 239.507 0.00372669 0.99999 -0.00249498 -0.166025 -0.000819343 0.00249805 0.999997 3.07094
1 -0.00052163 0.000482438 240.185 0.000523082 0.999995 -0.00301557 -0.14671 -0.000480863 0.00301582 0.999995 3.07373
0.999998 0.002083 0.000377441 240.878 -0.00208186 0.999993 -0.00300963 -0.140919 -0.000383708 0.00300884 0.999995 3.08431
0.999987 0.00503821 -0.000648674 241.569 -0.00503959 0.999985 -0.00214391 -0.15431 0.000637863 0.00214715 0.999997 3.09176
0.999965 0.00827169 -0.000889473 242.271 -0.00827356 0.999964 -0.00212135 -0.142211 0.000871893 0.00212863 0.999997 3.1077
0.999943 0.0106679 5.08024e-05 242.98 -0.0106677 0.999941 -0.00206874 -0.151256 -7.28684e-05 0.00206808 0.999998 3.11644
0.999911 0.0133468 0.000411266 243.679 -0.013346 0.999909 -0.00171987 -0.164992 -0.000434183 0.00171423 0.999998 3.11802
0.999879 0.0155435 0.000252583 244.365 -0.0155432 0.999878 -0.00124534 -0.185906 -0.000271909 0.00124126 0.999999 3.14195
0.99984 0.0178502 -0.00101833 245.058 -0.0178522 0.999839 -0.00198353 -0.185658 0.000982761 0.0020014 0.999998 3.15082
0.999801 0.0196157 -0.00361001 245.779 -0.0196227 0.999806 -0.0019332 -0.182755 0.00357139 0.00200366 0.999992 3.159
0.999762 0.0212721 -0.00483223 246.488 -0.0212858 0.999769 -0.00281344 -0.195599 0.00477127 0.00291563 0.999984 3.16918
0.99976 0.0212251 -0.00544086 247.179 -0.02124 0.999771 -0.00268417 -0.223402 0.00538264 0.00279909 0.999982 3.17472
0.999759 0.0211791 -0.00574802 247.941 -0.0211985 0.99977 -0.00333264 -0.224956 0.00567611 0.00345368 0.999978 3.19164
0.999748 0.0215707 -0.00618645 248.681 -0.0215823 0.999765 -0.00180977 -0.245233 0.00614596 0.00194283 0.999979 3.21111
0.999739 0.0217924 -0.00686341 249.412 -0.0217995 0.999762 -0.000968936 -0.288985 0.00684067 0.0011183 0.999976 3.21375
0.999721 0.0220004 -0.00854894 250.179 -0.0220159 0.999756 -0.00172856 -0.260111 0.00850883 0.00191629 0.999962 3.23003
0.9997 0.0218147 -0.011098 250.93 -0.0218805 0.999744 -0.00583708 -0.28665 0.0109679 0.00607816 0.999921 3.25726
0.999681 0.0223667 -0.0117194 251.675 -0.0224482 0.999724 -0.00686595 -0.332243 0.0115626 0.00712684 0.999908 3.28441
0.999697 0.0232269 -0.00814774 252.454 -0.0232828 0.999706 -0.0068277 -0.33214 0.00798675 0.00701533 0.999943 3.28814
0.999725 0.0233808 -0.00205038 253.245 -0.0233866 0.999722 -0.00283651 -0.348001 0.00198349 0.00288368 0.999994 3.27742
0.999696 0.0246031 0.00172118 254.035 -0.0245947 0.999686 -0.00471531 -0.362233 -0.00183665 0.00467154 0.999987 3.29504
0.999656 0.0262094 0.000157439 254.82 -0.026208 0.99964 -0.00570296 -0.390146 -0.000306854 0.00569688 0.999984 3.30945
0.99952 0.0303019 -0.00648194 255.611 -0.0303257 0.999534 -0.00359588 -0.399282 0.00636996 0.00379072 0.999973 3.31856
0.999344 0.034854 -0.00987912 256.453 -0.0348613 0.999392 -0.000569447 -0.406603 0.00985326 0.000913473 0.999951 3.33887
0.99923 0.0378885 -0.0101671 257.239 -0.0378905 0.999282 -4.04149e-06 -0.436694 0.0101596 0.000389275 0.999948 3.34585
0.999139 0.0407811 -0.00757049 258.097 -0.0407841 0.999168 -0.000251206 -0.475449 0.00755395 0.000559745 0.999971 3.37487
0.999051 0.0433087 -0.00459502 258.968 -0.0433307 0.999049 -0.00479286 -0.522818 0.00438308 0.00498742 0.999978 3.37697
0.998897 0.0468584 -0.00299683 259.768 -0.0468815 0.998867 -0.00816018 -0.546147 0.00261106 0.00829167 0.999962 3.38288
0.998761 0.0496981 -0.0024321 260.595 -0.0497156 0.998733 -0.00776548 -0.576896 0.00204309 0.00787677 0.999967 3.39637
0.998618 0.0523917 -0.00408871 261.399 -0.0524122 0.998613 -0.0050834 -0.638672 0.0038167 0.00529067 0.999979 3.41168
0.998497 0.0544008 -0.00663109 262.274 -0.0544303 0.998508 -0.00434949 -0.671065 0.00638458 0.00470388 0.999969 3.43023
0.998338 0.0572154 -0.006934 263.107 -0.0572439 0.998352 -0.003987 -0.716562 0.00669446 0.0043773 0.999968 3.44021
0.998184 0.0600637 -0.00462257 263.956 -0.0600807 0.998187 -0.00363409 -0.779492 0.00439591 0.00390522 0.999983 3.44606
0.997979 0.0634835 -0.00277463 264.797 -0.0634933 0.997976 -0.00360193 -0.813594 0.00254035 0.00377083 0.99999 3.4501
0.997814 0.0660131 -0.00294077 265.624 -0.0660185 0.997817 -0.00177794 -0.860939 0.00281698 0.0019682 0.999994 3.47344
0.997637 0.0686258 -0.00339399 266.468 -0.068634 0.997639 -0.00234974 -0.903175 0.00322472 0.00257713 0.999991 3.48726
0.997448 0.0713025 -0.00375042 267.302 -0.0713145 0.997449 -0.00317565 -0.976724 0.00351442 0.003435 0.999988 3.50754
0.997333 0.0728979 -0.00353979 268.19 -0.0729186 0.997319 -0.0061079 -1.03728 0.00308505 0.00634973 0.999975 3.5275
0.99724 0.0741676 -0.00330446 268.988 -0.0741915 0.997213 -0.00781159 -1.09461 0.00271589 0.0080352 0.999964 3.53908
0.997223 0.0744031 -0.00326033 269.838 -0.0744272 0.997194 -0.00800648 -1.15152 0.00265548 0.0082269 0.999963 3.5546
0.997234 0.0742443 -0.00343287 270.732 -0.0742695 0.997207 -0.00792318 -1.22174 0.00283503 0.00815622 0.999963 3.56746
0.997232 0.0743044 -0.00278414 271.542 -0.074324 0.997204 -0.00775438 -1.27456 0.00220018 0.00793984 0.999966 3.58345
0.997265 0.0738806 -0.00226956 272.42 -0.0738963 0.997235 -0.00786395 -1.34334 0.00168229 0.00801015 0.999967 3.59845
0.997341 0.0728138 -0.00293885 273.277 -0.0728355 0.997311 -0.00810383 -1.39884 0.00234088 0.00829634 0.999963 3.61229
0.997476 0.0708895 -0.00400855 274.107 -0.0709195 0.997451 -0.00791568 -1.43839 0.00343719 0.00817998 0.999961 3.63469
0.997559 0.069676 -0.00453705 274.977 -0.0697018 0.997551 -0.00578661 -1.49634 0.00412275 0.00608873 0.999973 3.65722
0.997683 0.0678704 -0.00480135 275.835 -0.0678967 0.997677 -0.00554129 -1.55589 0.00441411 0.00585444 0.999973 3.6717
0.99781 0.0659614 -0.00491072 276.678 -0.06598 0.997814 -0.00371982 -1.59669 0.00465462 0.00403569 0.999981 3.69276
0.997953 0.0637932 -0.0045402 277.523 -0.0638056 0.997959 -0.00264371 -1.65987 0.00436228 0.00292799 0.999986 3.71351
0.998145 0.0607979 -0.00325573 278.383 -0.0608086 0.998144 -0.00330451 -1.70188 0.00304878 0.00349635 0.999989 3.72495
0.998378 0.0569261 -0.000597421 279.222 -0.0569284 0.998365 -0.00520242 -1.76092 0.000300291 0.00522799 0.999986 3.7348
0.998648 0.0519761 0.00127998 280.088 -0.0519672 0.99863 -0.00617465 -1.80304 -0.00159916 0.00609978 0.99998 3.76144
0.998879 0.0472759 0.00250549 280.923 -0.0472577 0.998859 -0.00688403 -1.84215 -0.00282808 0.00675791 0.999973 3.76187
0.999083 0.0426968 0.00325434 281.704 -0.0426728 0.999064 -0.00712819 -1.88503 -0.00355565 0.00698278 0.999969 3.78448
0.999266 0.0381291 0.00362962 282.538 -0.0381001 0.999244 -0.0077514 -1.88241 -0.00392243 0.00760742 0.999963 3.79317
0.999434 0.0334216 0.00375244 283.325 -0.0333898 0.999408 -0.00824247 -1.92118 -0.0040257 0.00811251 0.999959 3.81163
0.999568 0.0291966 0.00339153 284.154 -0.0291687 0.999542 -0.00800783 -1.94306 -0.00362378 0.00790545 0.999962 3.83093
0.999676 0.0252689 0.00306887 284.891 -0.0252447 0.999652 -0.00769652 -1.96675 -0.00326228 0.00761655 0.999966 3.8339
0.999777 0.020916 0.00302823 285.649 -0.0208928 0.999753 -0.00751347 -1.96766 -0.00318463 0.00744853 0.999967 3.8421
0.999839 0.0176714 0.00320367 286.371 -0.0176434 0.999808 -0.00856449 -1.97283 -0.0033544 0.00850658 0.999958 3.85354
0.999908 0.0133916 0.00226329 287.077 -0.0133691 0.999864 -0.00967683 -1.98117 -0.00239257 0.00964568 0.999951 3.86969
0.999963 0.00857384 0.000505368 287.769 -0.00856913 0.999926 -0.00867925 -1.97813 -0.000579745 0.0086746 0.999962 3.87612
0.999996 0.00238276 -0.00133445 288.417 -0.00239102 0.999978 -0.00622746 -1.98747 0.00131958 0.00623063 0.99998 3.89293
0.999976 -0.00628411 -0.0028442 289.109 0.00626865 0.999966 -0.00541281 -1.99118 0.00287812 0.00539485 0.999981 3.90901
0.999858 -0.0163354 -0.00419918 289.723 0.0163131 0.999853 -0.005294 -1.95261 0.00428504 0.00522475 0.999977 3.9223
0.99956 -0.0292768 -0.00483486 290.338 0.0292511 0.999558 -0.00531182 -1.92253 0.00498824 0.00516806 0.999974 3.9355
0.998927 -0.0460945 -0.00443897 290.947 0.0460779 0.998931 -0.00375688 -1.89254 0.00460739 0.00354831 0.999983 3.95194
0.997834 -0.0656612 -0.00402375 291.554 0.0656544 0.997841 -0.0017962 -1.84505 0.004133 0.00152814 0.99999 3.96194
0.996103 -0.0880861 -0.00440649 292.123 0.0880832 0.996113 -0.000843149 -1.78434 0.00446363 0.000451725 0.99999 3.96543
0.99349 -0.11381 -0.00496037 292.717 0.113811 0.993502 -0.00018541 -1.71615 0.00494924 -0.00038034 0.999988 3.97435
0.989974 -0.141153 -0.0051353 293.258 0.141162 0.989985 0.00143803 -1.61324 0.00488089 -0.00214852 0.999986 3.98833
0.985123 -0.17179 -0.00454288 293.805 0.171803 0.985128 0.00264191 -1.51078 0.00402147 -0.00338309 0.999986 4.00057
0.97864 -0.205558 -0.00327966 294.356 0.205566 0.97864 0.00260591 -1.38844 0.00267394 -0.00322443 0.999991 4.019
0.970476 -0.241189 -0.00191105 294.851 0.241194 0.970472 0.00323206 -1.23888 0.00107508 -0.00359757 0.999993 4.03826
0.960489 -0.278318 -8.1954e-05 295.352 0.278316 0.960482 0.00372509 -1.08318 -0.000958046 -0.00360072 0.999993 4.04403
0.948491 -0.316801 0.00131337 295.827 0.316791 0.948482 0.00506391 -0.884615 -0.00284996 -0.00438701 0.999986 4.05041
0.934199 -0.356744 0.00227342 296.263 0.356728 0.934193 0.00535846 -0.713929 -0.00403541 -0.00419487 0.999983 4.05693
0.917748 -0.397147 0.00357427 296.717 0.397124 0.917747 0.00567234 -0.498322 -0.00553303 -0.00378635 0.999978 4.07203
0.898665 -0.438613 0.0043621 297.153 0.438592 0.898672 0.00497586 -0.258324 -0.00610257 -0.00255845 0.999978 4.0739
0.876724 -0.480963 0.00539831 297.548 0.480947 0.876741 0.00400145 -0.041125 -0.00665747 -0.000911874 0.999977 4.08152
0.851797 -0.523832 0.00653965 297.974 0.523822 0.851821 0.0032049 0.252363 -0.00724944 0.000695691 0.999973 4.08877
0.82358 -0.567142 0.00814422 298.352 0.567137 0.823618 0.00311324 0.540686 -0.00847337 0.00205488 0.999962 4.09009
0.792655 -0.609626 0.00734307 298.673 0.60962 0.792687 0.00336851 0.813305 -0.00787428 0.00180641 0.999967 4.08857
0.758334 -0.651817 0.00794738 299.04 0.65182 0.758369 0.00266692 1.16619 -0.00776539 0.00315784 0.999965 4.08984
0.720136 -0.693748 0.0108805 299.316 0.693773 0.720191 0.00186129 1.46915 -0.00912734 0.00620825 0.999939 4.09423
0.677359 -0.735455 0.0170347 299.653 0.735548 0.677472 0.00115787 1.84222 -0.0123921 0.0117456 0.999854 4.10711
0.62982 -0.776459 0.0209208 299.901 0.77661 0.629981 0.00141378 2.19205 -0.0142775 0.0153569 0.99978 4.11941
0.580047 -0.814311 0.021054 300.088 0.814427 0.580248 0.00456808 2.52766 -0.0159364 0.0144972 0.999768 4.11933
0.527456 -0.849405 0.0173563 300.306 0.849415 0.527648 0.00907185 2.9544 -0.0168637 0.0099577 0.999808 4.10572
0.472611 -0.881156 0.0142606 300.491 0.881084 0.472782 0.0129457 3.35045 -0.0181493 0.00644649 0.999815 4.10027
0.416877 -0.908875 0.0126446 300.611 0.908749 0.41704 0.0158959 3.69419 -0.0197207 0.00486412 0.999794 4.10775
0.358544 -0.933426 0.0127558 300.756 0.933289 0.358724 0.0169772 4.13711 -0.0204227 0.00581778 0.999775 4.09831
0.300729 -0.953605 0.0141186 300.834 0.953416 0.300971 0.0203428 4.4823 -0.0236483 0.00734323 0.999693 4.10738
0.240844 -0.970455 0.0145658 300.923 0.97023 0.241128 0.0226287 4.91623 -0.0254723 0.00868216 0.999638 4.09198
0.179175 -0.9837 0.0152051 300.95 0.983396 0.17953 0.0264987 5.33891 -0.0287966 0.0102047 0.999533 4.11691
0.116046 -0.993152 0.0134867 300.982 0.992763 0.116402 0.0295335 5.71484 -0.0309011 0.0099618 0.999473 4.08222
0.0503606 -0.998653 0.0125205 300.959 0.998158 0.0507523 0.0332367 6.20205 -0.0338273 0.0108236 0.999369 4.08671
-0.0159552 -0.999809 0.0112591 300.934 0.999092 -0.0154969 0.0396824 6.64211 -0.0395004 0.011882 0.999149 4.07843
-0.0830518 -0.996497 0.00979147 300.864 0.995537 -0.082522 0.0457787 7.02514 -0.0448104 0.0135498 0.998904 4.06211
-0.150035 -0.988652 0.00757356 300.742 0.987439 -0.149458 0.0512497 7.53484 -0.0495361 0.0151677 0.998657 4.0401
-0.215861 -0.976403 0.00642227 300.625 0.974898 -0.215152 0.057304 7.95063 -0.05457 0.0186308 0.998336 4.03101
-0.280416 -0.959865 0.00519175 300.443 0.958125 -0.279573 0.0619346 8.45019 -0.0579974 0.0223418 0.998067 4.0155
-0.342616 -0.939467 0.00399805 300.242 0.937626 -0.341671 0.0641745 8.90206 -0.0589238 0.0257359 0.997931 3.98778
-0.401674 -0.915778 0.00279986 300.048 0.913978 -0.400689 0.0639648 9.32777 -0.0574557 0.028252 0.997948 3.97354
-0.457665 -0.889124 0.00127429 299.756 0.887366 -0.456669 0.0635217 9.80485 -0.0558968 0.0302024 0.99798 3.95039
-0.509824 -0.860279 -0.000236059 299.494 0.858548 -0.508816 0.0632532 10.2478 -0.0545355 0.0320453 0.997997 3.92233
-0.556402 -0.83091 -0.00242403 299.125 0.829155 -0.555412 0.0633961 10.7289 -0.0540227 0.0332638 0.997986 3.89844
-0.598158 -0.801364 -0.00477081 298.779 0.799563 -0.597193 0.0637217 11.1813 -0.0539134 0.0343011 0.997956 3.86482
-0.636051 -0.771629 -0.00526085 298.368 0.769602 -0.634847 0.068428 11.6513 -0.0561409 0.039475 0.997642 3.83093
-0.67324 -0.73941 -0.00457502 297.911 0.737129 -0.671625 0.0745653 12.1557 -0.058207 0.046828 0.997206 3.81167
-0.709472 -0.704714 -0.00523903 297.463 0.702143 -0.707482 0.0803991 12.5849 -0.0603649 0.0533624 0.996749 3.77563
-0.743029 -0.669224 -0.00681155 296.932 0.666548 -0.740896 0.082385 13.043 -0.0601807 0.0566742 0.996577 3.74016
-0.773705 -0.633505 -0.00726863 296.388 0.631091 -0.771665 0.0791033 13.478 -0.0557213 0.0566155 0.99684 3.69742
-0.801473 -0.597993 -0.00667211 295.769 0.595886 -0.799493 0.0757039 13.9154 -0.0506047 0.0566989 0.997108 3.68471
-0.826767 -0.562521 -0.00516 295.146 0.560818 -0.824913 0.0707257 14.3245 -0.0440413 0.0555799 0.997482 3.62348
-0.850079 -0.526638 -0.00434557 294.474 0.525135 -0.848222 0.0689386 14.7311 -0.0399917 0.0563212 0.997611 3.6082
-0.871249 -0.490809 -0.00566928 293.735 0.48936 -0.869458 0.0675933 15.1134 -0.0381046 0.0561162 0.997697 3.56481
-0.891034 -0.453861 -0.0082586 293.009 0.452447 -0.889437 0.0647622 15.4942 -0.0367385 0.0539687 0.997867 3.54331
-0.909069 -0.41655 -0.00887596 292.201 0.415269 -0.907592 0.0618692 15.8398 -0.0338274 0.0525575 0.998045 3.5321
-0.92606 -0.377247 -0.00985981 291.401 0.375855 -0.924357 0.0655495 16.1737 -0.0338423 0.0569969 0.997801 3.49322
-0.940361 -0.340007 -0.0108373 290.572 0.338525 -0.93845 0.0686478 16.4893 -0.033511 0.060885 0.997582 3.4883
-0.953393 -0.301428 -0.0135002 289.688 0.299822 -0.95144 0.0697729 16.7541 -0.0338761 0.0624733 0.997472 3.43185
-0.964388 -0.264024 -0.0157193 288.767 0.26223 -0.962207 0.0734337 17.0251 -0.0345134 0.0666965 0.997176 3.41529
-0.973486 -0.228109 -0.0170811 287.81 0.226296 -0.971267 0.0736876 17.2514 -0.0333991 0.0678685 0.997135 3.38392
-0.981056 -0.193114 -0.0153743 286.805 0.191582 -0.978915 0.0708595 17.4466 -0.0287341 0.0665717 0.997368 3.35568
-0.987009 -0.160013 -0.0144696 285.795 0.158655 -0.984899 0.0693078 17.604 -0.0253413 0.0661118 0.99749 3.34907
-0.99158 -0.128565 -0.0154711 284.773 0.127225 -0.989499 0.0686018 17.7401 -0.0241284 0.0660559 0.997524 3.32411
-0.995113 -0.0972556 -0.0170563 283.728 0.0959089 -0.993119 0.0671982 17.8626 -0.0234743 0.065234 0.997594 3.29317
-0.997519 -0.0683484 -0.0168442 282.61 0.0671036 -0.995573 0.0658205 17.9104 -0.0212683 0.064527 0.997689 3.28231
-0.99899 -0.0414278 -0.0174176 281.516 0.0402045 -0.997041 0.0655273 17.9918 -0.0200808 0.0647608 0.997699 3.2617
