1 0 0 0 0 1 0 0 -0 0 1 0
0.999984 -0.00570828 0.000214508 0.112234 0.00570823 0.999984 0.000237241 0.0112656 -0.000215859 -0.000236013 1 0.0971311
0.99992 -0.0126868 0.000149888 0.165536 0.0126866 0.999919 0.000906838 0.0113749 -0.000161381 -0.000904863 1 0.0976471
0.999785 -0.0207175 -7.21378e-05 0.243578 0.0207176 0.999785 0.000870105 0.0194737 5.40959e-05 -0.000871413 1 0.106622
0.999558 -0.0297101 -0.00064817 0.413919 0.0297106 0.999558 0.000780089 0.0335968 0.000624707 -0.000799002 0.999999 0.126757
0.99916 -0.0408733 -0.00283368 0.535928 0.0408755 0.999164 0.000722442 0.0483585 0.00280178 -0.000837663 0.999996 0.121238
0.998501 -0.0546189 -0.00341247 0.639019 0.0546215 0.998507 0.000679608 0.0641245 0.00337025 -0.000864983 0.999994 0.119474
0.997499 -0.0706045 -0.00337615 0.775537 0.0706075 0.997504 0.000799342 0.0842457 0.00331129 -0.00103572 0.999994 0.119997
0.996021 -0.0890529 -0.00352806 0.932161 0.0890522 0.996027 -0.000354193 0.107435 0.00354558 3.86022e-05 0.999994 0.129047
0.994005 -0.109265 -0.0039704 1.12854 0.109261 0.994012 -0.00124596 0.132954 0.00408277 0.000804681 0.999991 0.134189
0.991323 -0.131381 -0.0042051 1.28266 0.131378 0.991332 -0.00100861 0.173154 0.00430116 0.0004474 0.999991 0.136081
0.987841 -0.155363 -0.00562522 1.4557 0.155373 0.987855 0.00130695 0.230374 0.00535385 -0.00216507 0.999983 0.140287
0.983503 -0.18072 -0.00783258 1.63473 0.180759 0.983517 0.00451724 0.290575 0.00688712 -0.00585853 0.999959 0.146867
0.978226 -0.207314 -0.00973857 1.83016 0.207393 0.978226 0.00785391 0.354065 0.00789829 -0.00970261 0.999922 0.169666
0.971507 -0.236745 -0.0112507 2.01789 0.236842 0.971513 0.00826947 0.418678 0.00897249 -0.0106985 0.999903 0.163964
0.963364 -0.267957 -0.0113458 2.18546 0.268071 0.963346 0.0101034 0.472266 0.00822267 -0.0127748 0.999885 0.175075
0.954102 -0.299241 -0.011986 2.39559 0.299372 0.954071 0.0112084 0.581974 0.00808151 -0.0142823 0.999865 0.17994
0.942902 -0.332846 -0.012197 2.59539 0.332992 0.94284 0.0129844 0.684777 0.00717797 -0.0163045 0.999841 0.196032
0.930396 -0.366306 -0.0135555 2.77899 0.366486 0.930309 0.014635 0.756345 0.00724987 -0.0185842 0.999801 0.191455
0.916674 -0.39933 -0.0156183 2.9922 0.399568 0.916536 0.0175215 0.900378 0.00731787 -0.0223021 0.999724 0.18733
0.900854 -0.433819 -0.0162041 3.20549 0.434061 0.900725 0.0169175 1.03639 0.0072563 -0.0222738 0.999726 0.197125
0.882439 -0.470144 -0.0162891 3.3857 0.470351 0.882388 0.0127022 1.13905 0.00840145 -0.0188705 0.999787 0.184886
0.861353 -0.507781 -0.0151195 3.58547 0.507937 0.861346 0.00908871 1.29292 0.00840802 -0.0155083 0.999844 0.201889
0.836673 -0.547541 -0.0133414 3.75097 0.547675 0.836628 0.0102502 1.41064 0.00554935 -0.0158828 0.999858 0.220851
0.808188 -0.588739 -0.0147395 3.96454 0.588913 0.808075 0.0140333 1.62065 0.00364864 -0.0200218 0.999793 0.214655
0.776151 -0.630341 -0.0161342 4.13247 0.630544 0.775973 0.0167251 1.83108 0.00197719 -0.0231545 0.99973 0.219871
0.74041 -0.67193 -0.0173881 4.29472 0.672151 0.740248 0.0156703 1.98801 0.00234216 -0.0232899 0.999726 0.203038
0.70131 -0.712713 -0.0142717 4.50435 0.712855 0.701206 0.0121691 2.24138 0.00133434 -0.018708 0.999824 0.23194
0.659208 -0.751877 -0.0112568 4.66107 0.75196 0.65915 0.00878505 2.46294 0.000814649 -0.0142558 0.999898 0.228985
0.61483 -0.788606 -0.00918984 4.78642 0.78866 0.614781 0.00781126 2.6689 -0.00051027 -0.0120503 0.999927 0.222279
0.567305 -0.823472 -0.00761945 4.96473 0.823505 0.567256 0.00777879 2.98364 -0.00208344 -0.0106876 0.999941 0.219672
0.516884 -0.85603 -0.00655945 5.09989 0.856048 0.516833 0.00804648 3.26174 -0.00349788 -0.0097743 0.999946 0.215478
0.464296 -0.88566 -0.00598306 5.2191 0.885668 0.464243 0.00839699 3.53389 -0.00465928 -0.00919769 0.999947 0.213343
0.410183 -0.91199 -0.00498883 5.35096 0.911975 0.410121 0.0101568 3.89036 -0.00721686 -0.00871583 0.999936 0.224189
0.355098 -0.934817 -0.00481272 5.39544 0.934796 0.355037 0.0102982 4.20443 -0.0079182 -0.00815577 0.999935 0.216446
0.300121 -0.953893 -0.00399869 5.50848 0.953837 0.300049 0.0128284 4.58611 -0.0110372 -0.00766418 0.99991 0.216812
0.246526 -0.969134 -0.0021283 5.58451 0.969049 0.246474 0.0139281 4.9678 -0.0129736 -0.00549607 0.999901 0.221185
0.195582 -0.980687 -0.00105613 5.61807 0.980597 0.195549 0.0138182 5.33185 -0.0133448 -0.00373823 0.999904 0.233894
0.148073 -0.988969 -0.00378743 5.67908 0.988881 0.148005 0.014476 5.75551 -0.0137558 -0.00588883 0.999888 0.212903
0.105318 -0.99442 -0.00607698 5.66204 0.994343 0.105221 0.0145 6.16842 -0.0137796 -0.00756971 0.999876 0.209287
0.0672411 -0.997704 -0.00808602 5.70147 0.997662 0.0671345 0.0127975 6.64361 -0.0122253 -0.00892763 0.999885 0.198895
0.0322156 -0.99945 -0.00786554 5.68741 0.999433 0.0321357 0.0100802 7.11509 -0.00982188 -0.00818582 0.999918 0.205578
0.00137243 -0.999962 -0.00864759 5.68656 0.999968 0.00130435 0.00787345 7.55869 -0.00786187 -0.00865812 0.999932 0.210942
-0.0257477 -0.999612 -0.0106537 5.66306 0.999648 -0.0258145 0.00618078 8.0559 -0.0064534 -0.0104908 0.999924 0.218557
-0.0467155 -0.998852 -0.0106166 5.63191 0.998898 -0.0467606 0.00404074 8.54768 -0.00453253 -0.0104161 0.999935 0.204336
-0.062768 -0.997944 -0.0129921 5.58594 0.998021 -0.0628101 0.00286279 9.11079 -0.00367294 -0.0127867 0.999912 0.188507
-0.0763478 -0.996998 -0.012893 5.54455 0.997073 -0.0763933 0.00307673 9.65085 -0.00405244 -0.0126204 0.999912 0.198214
-0.085469 -0.996239 -0.0142559 5.49035 0.996327 -0.0855337 0.00399288 10.2053 -0.00519722 -0.0138623 0.99989 0.193579
-0.0922797 -0.99564 -0.0136386 5.42527 0.995713 -0.0923558 0.00505726 10.7798 -0.00629481 -0.0131135 0.999894 0.186376
-0.0970391 -0.995236 -0.00942567 5.37082 0.995255 -0.0971004 0.00628626 11.3556 -0.00717155 -0.00877093 0.999936 0.199339
-0.0986498 -0.995049 -0.0120973 5.30304 0.995094 -0.0987309 0.00629687 11.9837 -0.00746007 -0.0114167 0.999907 0.215387
-0.0979929 -0.995176 -0.00477484 5.25593 0.995148 -0.0980306 0.00844957 12.6195 -0.00887689 -0.00392368 0.999953 0.209126
-0.0965423 -0.995283 -0.00952774 5.174 0.995272 -0.0966348 0.00977679 13.2542 -0.0106514 -0.00853882 0.999907 0.188554
-0.0948885 -0.995451 -0.00856462 5.09748 0.995421 -0.0949782 0.0107606 13.8974 -0.0115251 -0.00750435 0.999905 0.203619
-0.0934398 -0.995494 -0.0161302 5.05119 0.995586 -0.0935678 0.00737524 14.5632 -0.00885128 -0.0153699 0.999843 0.188006
-0.0916676 -0.995667 -0.0156534 4.9797 0.995747 -0.0917975 0.00779271 15.2786 -0.00919588 -0.0148724 0.999847 0.184727
-0.0895243 -0.995893 -0.0135387 4.9045 0.995903 -0.0896833 0.0116236 15.9446 -0.0127901 -0.0124426 0.999841 0.174038
-0.0885029 -0.99584 -0.0216845 4.84775 0.995946 -0.0888218 0.014214 16.6557 -0.0160809 -0.0203386 0.999664 0.162422
-0.0862422 -0.996182 -0.013578 4.77895 0.996117 -0.0864626 0.0165767 17.3981 -0.0176874 -0.0120957 0.99977 0.176114
-0.0848906 -0.996233 -0.0177269 4.72254 0.996236 -0.0851774 0.0161043 18.1363 -0.0175535 -0.0162931 0.999713 0.165499
-0.0826799 -0.996355 -0.0210113 4.64085 0.99646 -0.0829736 0.0135097 18.8826 -0.0152039 -0.0198199 0.999688 0.155998
-0.0814001 -0.996489 -0.019599 4.5781 0.996577 -0.0816604 0.0128666 19.6584 -0.0144218 -0.0184846 0.999725 0.166416
-0.0797451 -0.996709 -0.014571 4.50124 0.996687 -0.0799609 0.0148827 20.4052 -0.0159988 -0.0133359 0.999783 0.152637
-0.0783317 -0.996889 -0.00877388 4.4307 0.996755 -0.0784787 0.0178953 21.2045 -0.0185282 -0.00734364 0.999801 0.166973
-0.0775908 -0.996932 -0.0103444 4.37396 0.996805 -0.0777701 0.018228 22.0039 -0.0189766 -0.00889702 0.99978 0.13217
-0.0765556 -0.996991 -0.0121434 4.29609 0.996945 -0.0767297 0.0145843 22.7984 -0.0154722 -0.0109898 0.99982 0.118869
-0.0761842 -0.997026 -0.0116423 4.24525 0.997044 -0.0762923 0.00914476 23.61 -0.0100058 -0.0109112 0.99989 0.142989
-0.0767536 -0.996982 -0.0116505 4.20062 0.997038 -0.0768039 0.00392732 24.427 -0.00481027 -0.0113145 0.999924 0.149533
-0.0770941 -0.99694 -0.0129336 4.12812 0.997007 -0.0771611 0.00475776 25.2472 -0.00574117 -0.0125281 0.999905 0.142192
-0.0771315 -0.996966 -0.0104785 4.05243 0.996963 -0.0772358 0.00994258 26.0948 -0.0107217 -0.00967984 0.999896 0.119479
-0.077264 -0.996942 -0.0116803 3.97249 0.996848 -0.0774578 0.0171666 26.9601 -0.0180188 -0.0103172 0.999784 0.115277
-0.0774023 -0.996906 -0.0136543 3.89979 0.996713 -0.0777014 0.0229346 27.7664 -0.0239246 -0.0118342 0.999644 0.0962209
-0.0773777 -0.996912 -0.0133615 3.80868 0.996686 -0.0776835 0.0241243 28.6133 -0.0250878 -0.0114505 0.99962 0.107164
-0.077907 -0.996854 -0.0145515 3.74795 0.996722 -0.0781995 0.0207511 29.4373 -0.0218238 -0.0128871 0.999679 0.123797
-0.0785187 -0.996775 -0.0165619 3.68616 0.996707 -0.0788289 0.0189875 30.2763 -0.0202319 -0.0150165 0.999683 0.128821
-0.0787459 -0.996757 -0.0165881 3.62502 0.996688 -0.0790578 0.0190745 31.1163 -0.0203241 -0.0150311 0.99968 0.108101
-0.078501 -0.99679 -0.0157227 3.51939 0.996667 -0.0788228 0.0210176 31.9636 -0.0221894 -0.0140204 0.999655 0.0983741
-0.07845 -0.996801 -0.0152717 3.45078 0.996686 -0.0787533 0.0203876 32.7869 -0.021525 -0.0136216 0.999676 0.106602
-0.0776138 -0.99684 -0.0169264 3.38528 0.99684 -0.0778791 0.0156242 33.6033 -0.016893 -0.0156603 0.999735 0.101846
-0.0778605 -0.996821 -0.0169252 3.2982 0.996866 -0.0780798 0.0127044 34.4369 -0.0139855 -0.015883 0.999776 0.100407
-0.0771835 -0.996855 -0.0179872 3.24501 0.996918 -0.0774175 0.0126943 35.2764 -0.0140468 -0.0169519 0.999758 0.0928545
-0.0764887 -0.996925 -0.0170485 3.1733 0.996949 -0.0767346 0.0142662 36.1015 -0.0155305 -0.0159053 0.999753 0.0768781
-0.0760268 -0.996968 -0.0165606 3.0972 0.996895 -0.0763416 0.0192874 36.9442 -0.0204931 -0.0150428 0.999677 0.0510735
-0.0755392 -0.997015 -0.0159536 3.03821 0.996812 -0.0759165 0.024544 37.7477 -0.0256818 -0.0140487 0.999571 0.0247491
-0.0758013 -0.996977 -0.0170362 2.97588 0.99671 -0.0762504 0.0274689 38.5939 -0.0286849 -0.014898 0.999477 0.0200724
-0.0755923 -0.996982 -0.0176862 2.91129 0.99673 -0.0760574 0.027292 39.4242 -0.0285548 -0.0155653 0.999471 0.00790713
-0.0752399 -0.99695 -0.0207348 2.85668 0.996855 -0.0757191 0.0233847 40.2636 -0.0248834 -0.0189101 0.999511 0.0110158
-0.075108 -0.996835 -0.0260485 2.78983 0.996948 -0.0756229 0.0193772 41.0774 -0.0212857 -0.0245136 0.999473 0.00334633
-0.0749091 -0.996801 -0.0278735 2.71205 0.997029 -0.0753712 0.015911 41.9146 -0.0179609 -0.0265988 0.999485 -0.0210209
-0.074421 -0.99681 -0.028841 2.6222 0.997098 -0.0748452 0.0139176 42.7416 -0.0160318 -0.0277215 0.999487 -0.0282756
-0.0760417 -0.996696 -0.0285448 2.58809 0.997011 -0.0763962 0.0115388 43.537 -0.0136814 -0.0275821 0.999526 -0.0306811
-0.0767416 -0.996647 -0.0283881 2.52242 0.996998 -0.0769996 0.00810915 44.3912 -0.0102678 -0.0276806 0.999564 -0.0295546
-0.0775716 -0.996722 -0.0229688 2.45038 0.996945 -0.0777578 0.00732519 45.1996 -0.00908718 -0.0223304 0.999709 -0.018683
-0.079356 -0.996559 -0.023948 2.39025 0.996782 -0.0796001 0.00941714 46.0129 -0.011291 -0.0231236 0.999669 -0.0405532
-0.081085 -0.996394 -0.0249902 2.31883 0.996558 -0.0814809 0.0152518 46.8651 -0.017233 -0.0236675 0.999571 -0.0470417
-0.083113 -0.996239 -0.0244932 2.2649 0.996322 -0.0835834 0.0188498 47.6385 -0.0208262 -0.0228365 0.999522 -0.0333739
-0.0847064 -0.996118 -0.0239454 2.18522 0.9962 -0.0851532 0.0182985 48.4608 -0.0202665 -0.0223044 0.999546 -0.0313883
-0.0855235 -0.996044 -0.0241244 2.10991 0.996179 -0.0859145 0.0156653 49.223 -0.0176759 -0.0226925 0.999586 -0.0144956
-0.0869789 -0.995849 -0.0268235 2.04782 0.996114 -0.0873127 0.0115335 50.0563 -0.0138276 -0.0257161 0.999574 -0.00268588
-0.0877491 -0.995764 -0.0274708 1.95404 0.996062 -0.0880595 0.0102962 50.8568 -0.0126717 -0.0264591 0.99957 -0.00256336
-0.0884664 -0.995648 -0.0293024 1.88636 0.995982 -0.0888304 0.0113623 51.6403 -0.0139158 -0.0281795 0.999506 0.00338941
-0.0894191 -0.995575 -0.0288753 1.79501 0.99587 -0.0898288 0.0132126 52.4039 -0.015748 -0.0275746 0.999496 0.0097554
-0.0902901 -0.995475 -0.0296047 1.71591 0.995798 -0.0906956 0.0126499 53.2026 -0.0152776 -0.0283381 0.999482 0.00541864
-0.091106 -0.995371 -0.0306146 1.6461 0.995728 -0.0915168 0.0122942 53.9981 -0.015039 -0.0293637 0.999456 0.0121072
-0.0914311 -0.995359 -0.0300087 1.58127 0.995676 -0.0918742 0.0137318 54.7612 -0.0164251 -0.0286234 0.999455 0.0182377
-0.0920349 -0.995388 -0.0270502 1.51205 0.995569 -0.09251 0.0168708 55.526 -0.0192954 -0.0253776 0.999492 0.0183514
-0.091762 -0.995433 -0.0263214 1.41753 0.995534 -0.092296 0.0198435 56.2692 -0.0221822 -0.024383 0.999457 -0.000295847
-0.0923739 -0.995375 -0.0263589 1.33104 0.995426 -0.0929619 0.0220273 57.0697 -0.0243758 -0.0242035 0.99941 -0.00469626
-0.0932181 -0.995266 -0.0274797 1.25583 0.995345 -0.0938324 0.0219818 57.7985 -0.0244562 -0.0253027 0.999381 -0.0068323
-0.0933689 -0.995285 -0.0262715 1.19413 0.995361 -0.0939262 0.0208422 58.5068 -0.0232116 -0.0242036 0.999438 -0.0132004
-0.0937718 -0.995235 -0.0267185 1.10898 0.995401 -0.094248 0.017156 59.2962 -0.0195924 -0.0249869 0.999496 -0.00984285
-0.0934172 -0.995218 -0.0285366 1.05474 0.995478 -0.093861 0.0146261 59.9739 -0.0172346 -0.0270412 0.999486 -0.0135496
-0.0922008 -0.995388 -0.0265037 0.977323 0.995628 -0.0925578 0.0125693 60.7427 -0.0149645 -0.0252289 0.99957 0.000923201
-0.0896199 -0.995576 -0.0282098 0.894423 0.995879 -0.08997 0.0113932 61.4553 -0.0138808 -0.0270725 0.999537 -0.00563551
-0.0859749 -0.995864 -0.0293815 0.828395 0.996189 -0.0863621 0.0121714 62.1104 -0.0146585 -0.0282231 0.999494 -0.0187203
-0.0802136 -0.996338 -0.0295952 0.7907 0.996648 -0.0806463 0.013726 62.756 -0.0160625 -0.028395 0.999468 -0.0222334
-0.0725018 -0.996911 -0.0301921 0.726316 0.997231 -0.0729609 0.0143927 63.3913 -0.0165511 -0.029065 0.99944 -0.0308705
-0.0638761 -0.997482 -0.0307985 0.676305 0.997796 -0.0643919 0.016055 64.0238 -0.0179978 -0.0297051 0.999397 -0.0303354
-0.051987 -0.99809 -0.0333661 0.636015 0.998453 -0.0526083 0.0180203 64.6637 -0.0197412 -0.0323776 0.999281 -0.0167057
-0.0375564 -0.99866 -0.0356099 0.614095 0.999085 -0.038255 0.0191427 65.2471 -0.0204793 -0.0348584 0.999182 -0.0208131
-0.0189565 -0.999103 -0.0378731 0.602972 0.999593 -0.0197469 0.020607 65.8441 -0.0213364 -0.037467 0.99907 -0.0297425
0.00273807 -0.999254 -0.0385321 0.599773 0.999776 0.00192725 0.0210642 66.377 -0.0209742 -0.0385811 0.999035 -0.0362892
0.0280322 -0.998885 -0.0379959 0.617036 0.999388 0.0272111 0.0219598 66.953 -0.0209014 -0.0385882 0.999037 -0.0298003
0.0569611 -0.997657 -0.0378902 0.652774 0.998162 0.056122 0.0228534 67.4775 -0.0206734 -0.0391223 0.999021 -0.0174346
0.091425 -0.995165 -0.035879 0.706973 0.99562 0.0906396 0.0229401 67.9516 -0.0195771 -0.0378192 0.999093 -0.0217947
0.128707 -0.99104 -0.0357 0.785739 0.991517 0.127944 0.0229136 68.4317 -0.0181407 -0.0383463 0.9991 -0.0424126
0.168231 -0.985162 -0.0339824 0.899803 0.985604 0.167518 0.022874 68.8827 -0.0168419 -0.0373413 0.999161 -0.0386946
0.213874 -0.976357 -0.0313906 0.986096 0.976738 0.213226 0.0227738 69.3504 -0.0155421 -0.0355311 0.999248 -0.064371
0.260813 -0.965053 -0.0254589 1.14638 0.965266 0.260268 0.0228431 69.7802 -0.0154187 -0.0305324 0.999415 -0.0504932
0.311208 -0.950187 -0.0171599 1.30886 0.950241 0.310862 0.02017 70.197 -0.0138309 -0.0225831 0.999649 -0.0258359
0.360785 -0.932588 -0.0107062 1.52481 0.932597 0.36062 0.0147166 70.6097 -0.00986364 -0.0152941 0.999834 -0.00091842
0.413544 -0.910468 -0.00546249 1.72091 0.910446 0.413465 0.0116373 70.9972 -0.00833686 -0.00978585 0.999917 0.0116271
0.463332 -0.886175 -0.004126 1.97901 0.88614 0.463257 0.0122113 71.3611 -0.00890992 -0.00931408 0.999917 0.00576083
0.511023 -0.859565 -0.00167009 2.20738 0.859528 0.51098 0.0105358 71.7157 -0.00820287 -0.00681955 0.999943 -0.0110677
0.556471 -0.830838 0.00697517 2.46523 0.830813 0.556511 0.00672373 72.0644 -0.00946808 0.00205351 0.999953 -0.0276987
0.600035 -0.799838 0.0147349 2.7943 0.799918 0.600109 0.000832769 72.3935 -0.00950861 0.011287 0.999891 -0.00829968
0.641771 -0.766749 0.0150236 3.07554 0.76686 0.641808 -0.00282779 72.672 -0.00747403 0.0133358 0.999883 -0.00605036
0.683289 -0.730087 0.0094549 3.38117 0.730147 0.683246 -0.00774577 73.009 -0.000804936 0.0121961 0.999925 -0.0357844
0.723922 -0.689881 -0.000611765 3.65553 0.689798 0.723848 -0.0149186 73.2827 0.0107349 0.0103779 0.999889 -0.0324119
0.762352 -0.647084 -0.0100834 4.05208 0.646903 0.762395 -0.016411 73.5363 0.0183068 0.00598797 0.999814 -0.0313347
0.799551 -0.600449 -0.0133905 4.41767 0.600233 0.799644 -0.0170529 73.8058 0.020947 0.00559726 0.999765 -0.0206196
0.833506 -0.552298 -0.0153159 4.842 0.552018 0.833613 -0.0191 74.0762 0.0233165 0.00746533 0.9997 -0.0127559
0.864106 -0.502986 -0.018078 5.28579 0.502742 0.864279 -0.0164705 74.3067 0.0239089 0.00514371 0.999701 0.0112426
0.890192 -0.455253 -0.0174312 5.74743 0.455052 0.890349 -0.0143528 74.5194 0.022054 0.00484464 0.999745 0.0455109
0.911788 -0.410236 -0.0186927 6.24761 0.41017 0.911979 -0.00743171 74.7415 0.0200961 -0.000891047 0.999798 0.0566642
0.929215 -0.368891 -0.0218929 6.74743 0.368887 0.929464 -0.00432837 74.9606 0.0219454 -0.00405404 0.999751 0.0524382
0.942917 -0.332324 -0.0216309 7.26803 0.332426 0.943129 0.00119508 75.1195 0.0200035 -0.00831752 0.999765 0.0894339
0.95306 -0.3021 -0.0203036 7.84881 0.302201 0.953242 0.00200479 75.2741 0.0187486 -0.00804644 0.999792 0.0757293
0.960628 -0.277259 -0.0179099 8.39539 0.277313 0.960779 0.000548969 75.4493 0.0170553 -0.00549401 0.999839 0.094986
0.966612 -0.255752 -0.0158614 8.993 0.25585 0.966706 0.00444209 75.6103 0.0141972 -0.0083519 0.999864 0.11432
0.971303 -0.237489 -0.0129896 9.59898 0.237558 0.971365 0.00404834 75.7741 0.0116562 -0.00701795 0.999907 0.103121
0.974941 -0.22208 -0.013043 10.2402 0.222189 0.974975 0.00753476 75.9293 0.0110432 -0.0102439 0.999887 0.116246
0.97802 -0.208201 -0.011384 10.8846 0.208305 0.978024 0.00882596 76.0905 0.00929629 -0.0110033 0.999896 0.124973
0.980578 -0.195784 -0.011663 11.5205 0.195909 0.980563 0.0107282 76.1927 0.00933586 -0.0128047 0.999874 0.135248
0.983298 -0.181641 -0.0114815 12.2054 0.1818 0.983224 0.0148217 76.3391 0.0085966 -0.0166615 0.999824 0.161584
0.985999 -0.166441 -0.0101577 12.9135 0.166585 0.985906 0.0154412 76.4642 0.00744446 -0.0169171 0.999829 0.19365
0.988163 -0.153095 -0.00977098 13.6238 0.153259 0.988 0.0191493 76.5534 0.00672207 -0.0204201 0.999769 0.208381
0.990126 -0.139668 -0.0119397 14.328 0.139897 0.98994 0.0211425 76.6554 0.00886666 -0.022604 0.999705 0.224526
0.991537 -0.128638 -0.0175357 15.0785 0.129026 0.991371 0.0231375 76.7644 0.014408 -0.0252042 0.999578 0.246122
0.99266 -0.118839 -0.0224146 15.8123 0.119308 0.992638 0.020888 76.8508 0.0197672 -0.0234089 0.999531 0.273084
0.993569 -0.111032 -0.0221756 16.5768 0.111522 0.993513 0.022236 76.9304 0.0195628 -0.0245661 0.999507 0.284373
0.994369 -0.104617 -0.0169043 17.3504 0.104972 0.994239 0.0216704 77.0311 0.0145398 -0.0233228 0.999622 0.296495
0.994953 -0.0998401 -0.0100583 18.1201 0.100091 0.994565 0.0286777 77.0897 0.00714048 -0.0295397 0.999538 0.295172
0.995516 -0.0944337 -0.00549933 18.8983 0.0945404 0.995223 0.0243515 77.2141 0.00317346 -0.0247622 0.999688 0.294365
0.995703 -0.0924408 -0.00544794 19.6638 0.0925391 0.995467 0.021974 77.2604 0.00339195 -0.0223837 0.999744 0.328752
0.996018 -0.0888724 -0.00701827 20.4215 0.0890231 0.995708 0.0253244 77.3295 0.00473751 -0.0258484 0.999655 0.344928
0.996245 -0.0864749 -0.00417899 21.2053 0.0865456 0.996012 0.0217013 77.3966 0.0022857 -0.0219815 0.999756 0.355208
0.996477 -0.083839 -0.00230699 21.9791 0.0838683 0.99628 0.019816 77.4737 0.000637053 -0.0199397 0.999801 0.373618
0.996775 -0.0802496 0.000494408 22.756 0.0802293 0.996629 0.0171558 77.553 -0.00186948 -0.0170608 0.999853 0.375191
0.996998 -0.0773614 -0.00314116 23.47 0.0774035 0.996858 0.0168103 77.6103 0.00183083 -0.017003 0.999854 0.390676
0.997034 -0.0762212 -0.0106292 24.2273 0.0763983 0.996926 0.0173955 77.675 0.00927064 -0.0181559 0.999792 0.390308
0.997053 -0.0746475 -0.0176807 25.025 0.0749808 0.997004 0.0190091 77.7026 0.0162087 -0.0202788 0.999663 0.41029
0.996997 -0.0737677 -0.0235657 25.7666 0.0742415 0.997042 0.0199052 77.777 0.0220277 -0.021595 0.999524 0.440259
0.997265 -0.0708893 -0.0209216 26.5141 0.0713149 0.997246 0.0203537 77.8352 0.0194212 -0.02179 0.999574 0.439676
0.997474 -0.0688777 -0.0173891 27.3005 0.0692878 0.997303 0.024202 77.9064 0.0156753 -0.0253457 0.999556 0.473775
0.997746 -0.0660442 -0.0118446 28.0456 0.0663635 0.997375 0.0289714 78.001 0.00990011 -0.0296921 0.99951 0.519022
0.997952 -0.0631576 -0.0101788 28.8158 0.0633933 0.997681 0.0247826 78.076 0.00859 -0.0253771 0.999641 0.540628
0.997952 -0.0631995 -0.00984206 29.5422 0.063404 0.997744 0.0220827 78.0798 0.00842423 -0.0226615 0.999708 0.549225
0.998043 -0.0617736 -0.00968003 30.308 0.0619793 0.997821 0.0226315 78.1365 0.0082609 -0.0231872 0.999697 0.574636
0.998115 -0.0604167 -0.0107413 31.0523 0.0606411 0.997918 0.0219598 78.204 0.00939217 -0.0225698 0.999701 0.58798
0.998101 -0.0604226 -0.0119416 31.8126 0.0606824 0.997898 0.0227355 78.2147 0.0105428 -0.023417 0.99967 0.622238
0.998213 -0.0586977 -0.0111861 32.5637 0.058917 0.998054 0.0203991 78.2855 0.00996698 -0.0210217 0.999729 0.643062
0.998221 -0.0585598 -0.0111679 33.3212 0.0588092 0.997993 0.0234897 78.3267 0.00976991 -0.0241047 0.999662 0.657557
0.998248 -0.0580665 -0.0113864 34.0971 0.0583117 0.998044 0.0225429 78.3815 0.0100551 -0.0231674 0.999681 0.675309
0.998153 -0.0595877 -0.0118161 34.8965 0.0598414 0.997956 0.0224315 78.4229 0.0104553 -0.0230971 0.999679 0.682858
0.998069 -0.0611198 -0.0110391 35.6498 0.0613625 0.997846 0.0231782 78.4702 0.00959863 -0.0238109 0.99967 0.713512
0.997834 -0.0647191 -0.0117455 36.4747 0.0649826 0.997606 0.0236406 78.5064 0.0101874 -0.0243526 0.999652 0.715048
0.997688 -0.0669216 -0.0118667 37.283 0.0671893 0.997456 0.0238148 78.5947 0.0102428 -0.0245571 0.999646 0.748357
0.997454 -0.069258 -0.0170141 38.0644 0.0696831 0.997235 0.0258119 78.6703 0.0151793 -0.0269318 0.999522 0.748973
0.997221 -0.0713757 -0.0213325 38.8398 0.0719453 0.997036 0.0272425 78.7194 0.0193248 -0.0287015 0.999401 0.776291
0.997034 -0.0735918 -0.0225477 39.6753 0.0741878 0.996883 0.0268477 78.784 0.0205016 -0.0284408 0.999385 0.800617
0.996883 -0.0757124 -0.0221851 40.5247 0.0762718 0.996759 0.0255569 78.8565 0.0201782 -0.0271693 0.999427 0.831093
0.996741 -0.0781516 -0.0200168 41.3054 0.0786282 0.996609 0.0242453 78.9101 0.0180541 -0.0257402 0.999506 0.858181
0.996647 -0.0798188 -0.0180191 42.1445 0.0802408 0.996485 0.0240542 78.9757 0.0160358 -0.0254194 0.999548 0.896407
0.996662 -0.0803855 -0.0142633 43.0065 0.0806828 0.996504 0.0216614 79.0857 0.0124722 -0.0227399 0.999664 0.907909
0.996573 -0.0821132 -0.0100225 43.8525 0.0823129 0.996375 0.0214698 79.1419 0.0082232 -0.0222212 0.999719 0.926027
0.996655 -0.0813888 -0.00744782 44.6892 0.0815253 0.996463 0.0203508 79.202 0.00576516 -0.0208899 0.999765 0.944907
0.996841 -0.0790567 -0.00759228 45.5577 0.0792099 0.996601 0.0226224 79.2801 0.00577803 -0.0231523 0.999715 0.947149
0.996971 -0.0773145 -0.00846304 46.4108 0.0774907 0.996728 0.0229734 79.3762 0.00665917 -0.0235596 0.9997 0.970283
0.997087 -0.0755338 -0.01057 47.2739 0.0757558 0.996873 0.0224696 79.4293 0.00883976 -0.0232049 0.999692 0.968646
0.997167 -0.0741844 -0.0124416 48.153 0.0744512 0.996969 0.0225625 79.4894 0.0107301 -0.0234249 0.999668 0.993461
0.99732 -0.072104 -0.0123867 49.0418 0.0723519 0.99716 0.0208865 79.5381 0.0108455 -0.0217267 0.999705 1.00744
0.997496 -0.0699551 -0.0104138 49.8872 0.0701394 0.997365 0.018528 79.6561 0.0090902 -0.019212 0.999774 1.00747
0.997524 -0.0698171 -0.00847476 50.7733 0.0699638 0.997379 0.0184555 79.6956 0.00716404 -0.0190027 0.999794 1.02895
0.99759 -0.0688835 -0.00835034 51.6589 0.0690424 0.997402 0.0205363 79.7525 0.00691404 -0.0210634 0.999754 1.05554
0.997592 -0.0683932 -0.0114841 52.4946 0.0686469 0.997367 0.0233856 79.7956 0.00985441 -0.0241176 0.999661 1.05468
0.997613 -0.0670151 -0.0166426 53.3645 0.0674331 0.997386 0.0259763 79.863 0.0148583 -0.0270366 0.999524 1.08369
0.997609 -0.0657174 -0.0213692 54.2325 0.066217 0.997527 0.023582 79.9548 0.0197666 -0.0249406 0.999493 1.12117
0.9975 -0.0647527 -0.0283086 55.067 0.0656372 0.997346 0.0315204 80.0284 0.0261924 -0.0332997 0.999102 1.14444
0.997539 -0.0641326 -0.0283535 55.9872 0.0649416 0.997479 0.0285968 80.0843 0.026448 -0.0303677 0.999189 1.18077
0.997673 -0.0640471 -0.0233923 56.83 0.0647483 0.997434 0.0305587 80.1212 0.021375 -0.0320022 0.999259 1.22414
0.997802 -0.0647778 -0.0139585 57.6282 0.0651527 0.997473 0.0283249 80.1751 0.0120884 -0.0291721 0.999501 1.2623
0.997787 -0.066058 -0.00757022 58.5046 0.0662259 0.997501 0.024628 80.226 0.00592443 -0.0250749 0.999668 1.25949
0.997607 -0.0685964 -0.00862417 59.3576 0.0688371 0.997125 0.0316882 80.2799 0.00642568 -0.0322061 0.999461 1.31754
0.997481 -0.0701307 -0.0106099 60.1622 0.0703743 0.997216 0.024653 80.3363 0.00885142 -0.0253375 0.99964 1.36284
0.997279 -0.0727145 -0.0121512 60.9714 0.0729868 0.997051 0.0237109 80.4074 0.0103912 -0.0245332 0.999645 1.36072
0.997069 -0.0750379 -0.014917 61.7785 0.0753935 0.996843 0.0249077 80.4792 0.0130009 -0.0259594 0.999578 1.40582
0.996798 -0.0778689 -0.0181825 62.6025 0.07838 0.996492 0.0293337 80.5415 0.0158345 -0.0306649 0.999404 1.44583
0.996441 -0.0817661 -0.020472 63.4307 0.0822717 0.996291 0.0252075 80.6359 0.018335 -0.0268021 0.999473 1.4592
0.996031 -0.0852777 -0.0254821 64.2725 0.0860208 0.995852 0.0296458 80.682 0.0228482 -0.0317201 0.999236 1.52406
0.995762 -0.0880578 -0.0265299 65.061 0.0888745 0.995549 0.031363 80.7836 0.02365 -0.033588 0.999156 1.52908
0.995545 -0.0913633 -0.0232986 65.8822 0.0919989 0.99537 0.0278458 80.8967 0.0206466 -0.0298652 0.999341 1.53658
0.995258 -0.0955893 -0.0179935 66.6577 0.096092 0.994935 0.0295234 80.9459 0.0150802 -0.0311124 0.999402 1.53169
0.994946 -0.0994438 -0.0138913 67.4738 0.0997853 0.994655 0.0265376 81.0338 0.0111781 -0.0277896 0.999551 1.55795
0.994579 -0.103469 -0.0102996 68.2238 0.103723 0.994203 0.0283016 81.125 0.00731157 -0.0292165 0.999546 1.57602
0.993778 -0.111026 -0.00887602 69.0374 0.111261 0.993244 0.0329679 81.2185 0.00515576 -0.0337503 0.999417 1.62687
0.993225 -0.116099 -0.00503961 69.7996 0.116187 0.992939 0.0239376 81.3147 0.0022249 -0.0243609 0.999701 1.62316
0.992383 -0.1231 -0.00474544 70.6035 0.123186 0.991955 0.0291706 81.4289 0.00111636 -0.029533 0.999563 1.64825
0.991654 -0.128796 -0.0058813 71.3955 0.128915 0.991206 0.0298485 81.5356 0.00198522 -0.0303575 0.999537 1.65672
0.990745 -0.135385 -0.00978244 72.1218 0.135654 0.990086 0.0364236 81.6259 0.00475426 -0.0374135 0.999289 1.69117
0.989906 -0.141174 -0.0125064 72.9272 0.141546 0.989244 0.0368816 81.7523 0.00716513 -0.0382796 0.999241 1.69953
0.989112 -0.146494 -0.0140281 73.6954 0.146932 0.988404 0.0383127 81.8874 0.00825285 -0.0399567 0.999167 1.73459
0.98861 -0.150193 -0.00965904 74.3804 0.150429 0.988101 0.0320534 82.0228 0.00472993 -0.0331413 0.999439 1.70706
0.987527 -0.157304 -0.00675955 75.1431 0.157446 0.98688 0.0357526 82.1533 0.00104682 -0.0363709 0.999338 1.74816
0.986491 -0.163761 -0.00423434 75.9735 0.163814 0.986054 0.0293613 82.2962 -0.000632942 -0.0296583 0.99956 1.76822
0.985237 -0.17104 -0.00727441 76.6733 0.171185 0.98474 0.0313562 82.4305 0.00180024 -0.0321385 0.999482 1.75949
0.983796 -0.178729 -0.0142101 77.4013 0.179095 0.983338 0.0311564 82.5626 0.00840479 -0.0331965 0.999414 1.78055
0.982059 -0.187769 -0.0174206 78.2013 0.188246 0.981609 0.0317424 82.6909 0.01114 -0.0344522 0.999344 1.78372
0.97995 -0.198682 -0.0149205 78.9217 0.199072 0.979454 0.0322359 82.8171 0.00820925 -0.0345599 0.999369 1.82017
0.977668 -0.20994 -0.00949803 79.6729 0.210142 0.977101 0.033383 83.0019 0.00227212 -0.0346334 0.999398 1.82199
0.975255 -0.221068 -0.0023571 80.3292 0.221023 0.974698 0.0333542 83.1564 -0.0050761 -0.0330498 0.999441 1.84835
0.972475 -0.233004 0.00157429 81.0571 0.232822 0.971944 0.0334413 83.3631 -0.00932205 -0.0321542 0.999439 1.87636
0.969722 -0.244176 -0.00415478 81.8331 0.24416 0.96903 0.0369626 83.5534 -0.00499926 -0.0368578 0.999308 1.87375
0.96686 -0.254872 -0.014866 82.4831 0.25527 0.966055 0.0396809 83.7375 0.00424786 -0.0421607 0.999102 1.90267
0.963511 -0.267009 -0.0188017 83.2017 0.267514 0.962969 0.0335793 83.93 0.00913948 -0.0373838 0.999259 1.89689
0.959832 -0.280117 -0.0160497 83.9272 0.280515 0.959247 0.0339997 84.1344 0.00587169 -0.0371362 0.999293 1.8937
0.956582 -0.291299 -0.00981299 84.5958 0.291454 0.955733 0.0403585 84.3474 -0.00237778 -0.0414662 0.999137 1.9407
0.952526 -0.304441 -0.00302673 85.4005 0.304338 0.951835 0.0372598 84.6299 -0.00846245 -0.0364121 0.999301 1.95529
0.948677 -0.316219 -0.00428291 86.0749 0.316169 0.948053 0.0350991 84.8454 -0.00703855 -0.0346518 0.999375 1.97359
0.944413 -0.328624 -0.00948523 86.8273 0.32875 0.94375 0.035487 85.0803 -0.0027102 -0.0366327 0.999325 1.97906
0.941173 -0.337566 -0.0156061 87.5775 0.337905 0.940626 0.0322836 85.3501 0.00378166 -0.0356578 0.999357 1.98598
0.938728 -0.343973 -0.0217243 88.2041 0.344514 0.938296 0.0301929 85.6118 0.00999822 -0.0358272 0.999308 1.98988
0.936085 -0.351004 -0.0232791 88.903 0.351571 0.935746 0.0278797 85.8654 0.0119974 -0.034282 0.99934 2.00472
0.93334 -0.358096 -0.0253684 89.5521 0.358775 0.932904 0.0311607 86.1562 0.0125077 -0.0381851 0.999192 1.98937
0.930174 -0.366438 -0.0223464 90.3188 0.366972 0.929798 0.0283957 86.4601 0.0103724 -0.0346135 0.999347 2.00662
0.927177 -0.374252 -0.0166608 90.9742 0.374602 0.926678 0.0306793 86.7216 0.00395738 -0.0346864 0.99939 2.01172
0.924476 -0.381122 -0.00948585 91.7039 0.381228 0.923966 0.0308598 87.0076 -0.00299673 -0.0321454 0.999479 2.00456
0.921771 -0.387719 -0.00347778 92.4228 0.387581 0.921117 0.0363857 87.3375 -0.010904 -0.0348872 0.999332 2.03115
0.91951 -0.392979 -0.00829788 93.0685 0.392961 0.918569 0.0425746 87.6464 -0.00910876 -0.0424085 0.999059 2.02218
0.917073 -0.398332 -0.0175857 93.7615 0.39872 0.916118 0.041837 87.9765 -0.000554477 -0.0453794 0.99897 2.01258
0.914986 -0.40285 -0.02263 94.4911 0.403434 0.914327 0.0353177 88.2631 0.00646348 -0.0414449 0.99912 2.04235
0.913282 -0.406671 -0.0231446 95.2018 0.407268 0.912652 0.0346183 88.588 0.00704474 -0.0410424 0.999133 2.05073
0.91148 -0.410837 -0.0204466 95.9116 0.411337 0.910644 0.0390981 88.946 0.0025566 -0.0440476 0.999026 2.06121
0.909067 -0.416328 -0.0163602 96.604 0.416643 0.908144 0.0410313 89.2607 -0.00222504 -0.0441166 0.999024 2.08262
0.906306 -0.422306 -0.0163296 97.3443 0.42262 0.905502 0.0381826 89.609 -0.00133832 -0.0415063 0.999137 2.10846
0.904317 -0.426113 -0.025258 98.0589 0.426823 0.903444 0.0401427 89.9295 0.00571389 -0.0470824 0.998875 2.10554
0.902003 -0.43047 -0.0329517 98.7068 0.431542 0.901231 0.039418 90.2539 0.0127288 -0.0497752 0.998679 2.11249
0.899539 -0.435513 -0.0340241 99.4534 0.436639 0.898754 0.0398356 90.6194 0.0132304 -0.05069 0.998627 2.15348
0.897989 -0.439044 -0.0292538 100.116 0.439929 0.897156 0.0396678 90.9531 0.00882929 -0.0484908 0.998785 2.18772
0.896401 -0.44245 -0.0265287 100.785 0.4432 0.895553 0.039483 91.2901 0.00628861 -0.0471501 0.998868 2.20472
0.893482 -0.448215 -0.0281661 101.452 0.449054 0.892527 0.0417952 91.6576 0.0064058 -0.0499913 0.998729 2.20349
0.891093 -0.452871 -0.0293357 102.136 0.453769 0.890103 0.0425634 92.0102 0.00683609 -0.0512396 0.998663 2.224
0.888747 -0.457454 -0.0294093 102.827 0.458336 0.887853 0.0405716 92.3822 0.00755154 -0.0495372 0.998744 2.25401
0.886902 -0.461122 -0.027793 103.438 0.461917 0.886022 0.0399773 92.7047 0.00619079 -0.0482939 0.998814 2.27069
0.884606 -0.46544 -0.0289492 104.143 0.466302 0.883618 0.04221 93.1064 0.00593379 -0.0508383 0.998689 2.28509
0.882749 -0.468896 -0.0298499 104.805 0.469811 0.881662 0.0441585 93.4185 0.00561184 -0.0530047 0.998578 2.31007
0.880402 -0.473059 -0.0332927 105.454 0.474134 0.879457 0.0418559 93.7654 0.00947922 -0.0526352 0.998569 2.31732
0.877887 -0.477502 -0.0361326 106.095 0.478672 0.877185 0.0376814 94.1262 0.0137021 -0.0503757 0.998636 2.3398
0.87557 -0.481624 -0.0376274 106.78 0.482823 0.875019 0.0349651 94.5129 0.0160847 -0.0487818 0.99868 2.35122
0.873765 -0.484884 -0.0377071 107.399 0.486158 0.87296 0.0398778 94.8833 0.0135807 -0.0531755 0.998493 2.36212
0.87219 -0.488391 -0.0275266 108.031 0.489141 0.87134 0.0388433 95.2577 0.00501424 -0.0473432 0.998866 2.39424
0.871304 -0.490354 -0.0195597 108.646 0.490725 0.870227 0.0435148 95.5757 -0.00431632 -0.0475131 0.998861 2.40662
0.869745 -0.493277 -0.0148708 109.255 0.493421 0.868663 0.0442812 95.9154 -0.00892518 -0.0458509 0.998908 2.41664
0.868145 -0.496119 -0.0137814 109.896 0.496225 0.86715 0.0425512 96.2664 -0.00915992 -0.0437793 0.998999 2.43477
0.866366 -0.499138 -0.0164591 110.456 0.499374 0.865436 0.0405732 96.6115 -0.00600735 -0.0433705 0.999041 2.44845
0.864649 -0.502055 -0.0179362 110.987 0.502364 0.863837 0.0376238 96.9364 -0.00339522 -0.0415419 0.999131 2.46825
0.862993 -0.504832 -0.0196689 111.578 0.505212 0.862184 0.0374096 97.2777 -0.0019274 -0.0422212 0.999106 2.46022
0.861851 -0.506893 -0.0164808 112.133 0.507152 0.861192 0.0338378 97.5892 -0.00295901 -0.0375214 0.999291 2.48282
0.860861 -0.508593 -0.0158292 112.617 0.508831 0.860242 0.0327913 97.8797 -0.00306049 -0.0362832 0.999337 2.47816
0.859239 -0.511425 -0.0123839 113.152 0.511551 0.858714 0.0304327 98.2142 -0.0049298 -0.0324839 0.99946 2.46335
0.857877 -0.513687 -0.0131365 113.605 0.513832 0.857317 0.0313773 98.4928 -0.00485599 -0.0336678 0.999421 2.48252
0.857086 -0.515026 -0.0122886 114.097 0.515146 0.856554 0.0306394 98.7391 -0.0052542 -0.032591 0.999455 2.50082
0.85575 -0.51725 -0.0120274 114.541 0.51737 0.855281 0.0286903 99.0128 -0.00455331 -0.0307743 0.999516 2.50122
0.854589 -0.519073 -0.0155464 114.994 0.519303 0.85412 0.0283478 99.309 -0.00143605 -0.0322991 0.999477 2.51158
0.853237 -0.521145 -0.0198615 115.337 0.521517 0.852785 0.0278708 99.5355 0.00241293 -0.0341385 0.999414 2.53456
0.850714 -0.52521 -0.0209701 115.706 0.525604 0.850382 0.0243134 99.7802 0.00506294 -0.0317057 0.999484 2.54184
0.848125 -0.529457 -0.0189615 116.15 0.529767 0.847912 0.0198257 100.026 0.00558081 -0.0268598 0.999624 2.54347
0.844903 -0.534648 -0.0170504 116.483 0.534907 0.844674 0.0200149 100.255 0.00370108 -0.026031 0.999654 2.55075
0.841754 -0.539589 -0.0171564 116.759 0.539858 0.841438 0.023155 100.45 0.00194183 -0.0287529 0.999585 2.55876
0.838183 -0.54515 -0.0161295 117.016 0.545384 0.837683 0.0290544 100.646 -0.00232762 -0.0331497 0.999448 2.57252
0.833961 -0.551683 -0.0124402 117.392 0.551751 0.833276 0.0349606 100.907 -0.00892111 -0.0360197 0.999311 2.57653
0.829981 -0.557727 -0.00855778 117.645 0.557642 0.829302 0.0359598 101.042 -0.0129587 -0.0346181 0.999317 2.5835
0.824915 -0.565234 -0.00499163 117.867 0.565047 0.824338 0.0344872 101.223 -0.0153785 -0.0312695 0.999393 2.59149
0.818079 -0.57509 -0.0043288 118.113 0.574918 0.817597 0.0316992 101.421 -0.0146907 -0.0284212 0.999488 2.58208
0.809656 -0.586903 -0.00140593 118.374 0.586693 0.809296 0.0288381 101.574 -0.0157874 -0.0241738 0.999583 2.58068
0.799958 -0.600055 -0.000790339 118.569 0.599812 0.799596 0.0295215 101.728 -0.0170826 -0.02409 0.999564 2.58632
0.788894 -0.614525 -0.00221923 118.767 0.614284 0.788471 0.0311352 101.909 -0.0173836 -0.0259256 0.999513 2.59838
0.775308 -0.631569 -0.00425376 118.987 0.631384 0.774876 0.0303532 102.082 -0.015874 -0.0262188 0.99953 2.605
0.760666 -0.64908 -0.00904356 119.148 0.649044 0.760234 0.0280214 102.254 -0.0113129 -0.0271846 0.999566 2.60421
0.746012 -0.665822 -0.0121605 119.269 0.665886 0.745618 0.0254883 102.4 -0.00790358 -0.0271121 0.999601 2.62637
0.731355 -0.681735 -0.0189011 119.393 0.68199 0.730944 0.0247129 102.563 -0.00303198 -0.0309642 0.999516 2.61198
0.716665 -0.696947 -0.0255995 119.513 0.697417 0.716126 0.0278134 102.717 -0.00105197 -0.0377864 0.999285 2.60342
0.700017 -0.713608 -0.0271897 119.656 0.714122 0.699382 0.0299035 102.89 -0.00232339 -0.0403498 0.999183 2.58403
0.681741 -0.731152 -0.025401 119.813 0.731585 0.681159 0.0283933 103.077 -0.00345773 -0.0379399 0.999274 2.60616
0.662436 -0.74877 -0.0228575 119.942 0.749101 0.661903 0.027051 103.253 -0.00512556 -0.0350421 0.999373 2.59694
0.641069 -0.767154 -0.0224597 120.052 0.767449 0.640492 0.0281417 103.359 -0.00720382 -0.0352775 0.999352 2.60596
0.618152 -0.78575 -0.0220303 120.142 0.785959 0.617385 0.0332438 103.553 -0.0125201 -0.0378647 0.999204 2.59403
0.594136 -0.804028 -0.0232744 120.258 0.804211 0.593208 0.0367268 103.756 -0.0157228 -0.0405383 0.999054 2.59748
0.570129 -0.821196 -0.0243099 120.371 0.821343 0.569058 0.0396207 103.937 -0.0187026 -0.0425557 0.998919 2.59467
0.544804 -0.838127 -0.027051 120.454 0.838303 0.543549 0.0424528 104.113 -0.0208773 -0.0458054 0.998732 2.59575
0.519209 -0.854122 -0.0299685 120.543 0.854307 0.517694 0.0463906 104.32 -0.0241088 -0.0496887 0.998474 2.58605
0.49234 -0.86986 -0.0307461 120.633 0.869944 0.490627 0.0498206 104.518 -0.0282521 -0.0512761 0.998285 2.57955
0.463246 -0.885702 -0.0305788 120.718 0.885717 0.461528 0.0499713 104.737 -0.0301467 -0.0502331 0.998282 2.60418
0.43189 -0.901311 -0.0333079 120.813 0.9015 0.430257 0.0466563 104.906 -0.0277209 -0.0501775 0.998356 2.60402
0.397506 -0.916891 -0.036046 120.874 0.917276 0.396015 0.0421616 105.169 -0.0243828 -0.0498236 0.99846 2.60006
0.359737 -0.932334 -0.0366334 120.937 0.932736 0.358312 0.0401992 105.404 -0.0243528 -0.0486305 0.99852 2.5988
0.319242 -0.946971 -0.0364865 121.009 0.947338 0.317868 0.0388805 105.686 -0.0252208 -0.0469773 0.998578 2.59411
0.276006 -0.96044 -0.0370991 121.07 0.960814 0.274674 0.037288 105.973 -0.0256227 -0.0459371 0.998616 2.58279
0.22996 -0.97247 -0.0376754 121.091 0.972888 0.228734 0.0342038 106.236 -0.0246446 -0.0445194 0.998704 2.58185
0.181655 -0.982632 -0.0379029 121.147 0.983065 0.180518 0.0315563 106.594 -0.024166 -0.0429934 0.998783 2.56264
0.13168 -0.990565 -0.0379716 121.171 0.990966 0.130557 0.0306717 106.924 -0.0254248 -0.0416674 0.998808 2.55365
0.0805088 -0.996033 -0.0379082 121.172 0.996366 0.079358 0.0309457 107.254 -0.0278146 -0.0402619 0.998802 2.53627
0.0275464 -0.999 -0.0352266 121.192 0.999115 0.0263946 0.0327543 107.647 -0.0317918 -0.0360976 0.998842 2.52269
-0.0259321 -0.999121 -0.0329246 121.11 0.999055 -0.027051 0.0340058 107.994 -0.0348665 -0.0320116 0.998879 2.51552
-0.0799052 -0.99635 -0.0300205 121.059 0.996101 -0.0809425 0.0350901 108.444 -0.0373919 -0.0270996 0.998933 2.50178
-0.132513 -0.990785 -0.0280277 121.01 0.99034 -0.133512 0.0374339 108.773 -0.0408309 -0.0227965 0.998906 2.49428
-0.183756 -0.98259 -0.0274127 120.874 0.982082 -0.184705 0.0374 109.164 -0.0418121 -0.020049 0.998924 2.46594
-0.233186 -0.972114 -0.0248571 120.772 0.971448 -0.234024 0.0390005 109.641 -0.0437301 -0.015053 0.99893 2.44761
-0.282716 -0.95894 -0.0224844 120.636 0.958166 -0.283422 0.0398624 110.044 -0.0445983 -0.010274 0.998952 2.43879
-0.328477 -0.944307 -0.0196551 120.454 0.943455 -0.329023 0.0404692 110.454 -0.0446824 -0.00525052 0.998987 2.41812
-0.374193 -0.927203 -0.0165781 120.271 0.926262 -0.37456 0.0417489 110.931 -0.0449191 0.000266447 0.998991 2.39818
-0.415985 -0.909267 -0.0138017 120.024 0.908265 -0.41618 0.043005 111.375 -0.0448469 0.00535385 0.99898 2.37213
-0.455399 -0.890192 -0.013061 119.778 0.889154 -0.45551 0.0437652 111.864 -0.0449088 0.00831734 0.998956 2.34901
-0.489592 -0.871867 -0.0121137 119.509 0.870804 -0.489613 0.0444896 112.289 -0.0447201 0.0112331 0.998936 2.32847
-0.517773 -0.855419 -0.0129833 119.236 0.854356 -0.517801 0.0442469 112.699 -0.0445724 0.0118176 0.998936 2.30133
-0.541422 -0.840647 -0.0132598 118.874 0.839604 -0.541439 0.0436917 113.236 -0.0439087 0.0125226 0.998957 2.28504
-0.559189 -0.828918 -0.0142004 118.544 0.827922 -0.559243 0.0423409 113.712 -0.0430386 0.0119198 0.999002 2.27457
-0.573363 -0.819159 -0.0152791 118.166 0.818169 -0.573451 0.0418579 114.218 -0.0430501 0.0114989 0.999007 2.23864
-0.585099 -0.810822 -0.0150489 117.79 0.809804 -0.585155 0.0425529 114.762 -0.0433088 0.0127111 0.998981 2.21358
