1 0 0 0 0 1 0 0 -0 0 1 0
0.999999 0.00116335 0.00107928 0.826477 -0.00116658 0.999995 0.00299827 0.0195567 -0.00107578 -0.00299952 0.999995 0.0724047
0.999999 0.00127195 0.00115366 1.59616 -0.00127872 0.999982 0.00588032 0.00609664 -0.00114616 -0.00588179 0.999982 0.0737818
0.999998 0.00191173 0.00114834 2.33382 -0.00192014 0.999971 0.00736853 0.0216956 -0.00113422 -0.00737072 0.999972 0.0967012
0.999997 0.00222134 0.000790627 3.06871 -0.00222824 0.999958 0.00883612 0.0258664 -0.000770966 -0.00883785 0.999961 0.102218
0.999997 0.00249814 0.000830919 3.77896 -0.00250555 0.999956 0.00904195 0.0404116 -0.000808294 -0.009044 0.999959 0.117179
0.999995 0.00283509 0.00170517 4.48321 -0.00285072 0.999953 0.00923269 0.0404706 -0.00167892 -0.0092375 0.999956 0.138977
0.999987 0.00308093 0.00417807 5.16333 -0.00312415 0.999941 0.0103769 0.0364392 -0.00414585 -0.0103898 0.999937 0.150108
0.999958 0.00441163 0.00806531 5.81362 -0.00449052 0.999942 0.00978954 0.0353487 -0.00802166 -0.00982534 0.99992 0.152822
0.999916 0.00556397 0.0117138 6.43479 -0.00567251 0.999941 0.00925297 0.0452257 -0.0116617 -0.00931864 0.999889 0.165301
0.999877 0.00667579 0.0141798 7.05698 -0.00680411 0.999936 0.0090204 0.0226295 -0.0141187 -0.00911577 0.999859 0.17479
0.999868 0.00816986 0.0140749 7.62644 -0.00829478 0.999927 0.0088405 0.0328625 -0.0140017 -0.00895608 0.999862 0.177334
0.999892 0.00879873 0.0117545 8.1794 -0.00891636 0.99991 0.00999222 0.0361317 -0.0116655 -0.0100959 0.999881 0.186598
0.999913 0.0099218 0.0087489 8.71879 -0.0100062 0.999903 0.00965133 0.0243658 -0.0086523 -0.00973803 0.999915 0.185844
0.999907 0.0115573 0.00722125 9.20526 -0.0116158 0.9999 0.00811325 0.0186674 -0.00712676 -0.00819638 0.999941 0.195301
0.999891 0.0138824 0.00495854 9.68315 -0.0139079 0.99989 0.00514454 -0.00226816 -0.00488657 -0.00521295 0.999974 0.213818
0.99987 0.0156714 0.00381083 10.1206 -0.0156828 0.999873 0.00298611 -0.00346582 -0.00376355 -0.00304549 0.999988 0.24178
0.999845 0.0175027 0.00199954 10.5167 -0.0175158 0.999824 0.00668891 -0.0037997 -0.00188211 -0.0067229 0.999976 0.226046
0.999787 0.0205954 0.00141088 10.9243 -0.0206091 0.999733 0.0104639 0.00240609 -0.001195 -0.0104907 0.999944 0.226009
0.999713 0.0238253 0.00239919 11.2615 -0.023851 0.999652 0.0113123 -0.00707887 -0.00212883 -0.0113663 0.999933 0.220022
0.999626 0.027231 0.00264943 11.5786 -0.0272497 0.999602 0.00730175 -0.0165587 -0.00244954 -0.00737121 0.99997 0.2381
0.999556 0.029678 0.00247986 11.8553 -0.0296852 0.999555 0.00291873 -0.0392843 -0.00239214 -0.00299106 0.999993 0.256133
0.999475 0.0321745 0.00375095 12.1243 -0.032172 0.999482 -0.000733462 -0.0462201 -0.0037726 0.000612401 0.999993 0.260899
0.999396 0.0344282 0.00464769 12.3632 -0.0344205 0.999406 -0.00171573 -0.0619983 -0.004704 0.00155472 0.999988 0.260911
0.999322 0.0366214 0.0038823 12.5636 -0.0366198 0.999329 -0.00047149 -0.0706917 -0.00389696 0.000329001 0.999992 0.261141
0.999234 0.0390465 0.00240762 12.7454 -0.039048 0.999237 0.000604658 -0.0679959 -0.00238217 -0.000698208 0.999997 0.269183
0.999151 0.0411624 0.00181602 12.9313 -0.041167 0.999149 0.00258656 -0.0763445 -0.00170801 -0.00265913 0.999995 0.272302
0.999075 0.0429728 0.00145429 13.0896 -0.0429798 0.999063 0.00516506 -0.0837434 -0.00123097 -0.00522279 0.999986 0.278235
0.999019 0.0442723 3.33695e-05 13.2374 -0.0442717 0.999 0.00621219 -0.0902803 0.000241692 -0.00620758 0.999981 0.27705
0.99893 0.0462069 -0.00183808 13.4014 -0.0461954 0.998915 0.00586028 -0.0950172 0.00210687 -0.0057691 0.999981 0.283252
0.998855 0.0477433 -0.00317164 13.5507 -0.0477288 0.99885 0.00447899 -0.0998594 0.00338184 -0.00432248 0.999985 0.290882
0.9988 0.048789 -0.00431058 13.6745 -0.0487733 0.998803 0.00368405 -0.120294 0.00448516 -0.00346939 0.999984 0.294032
0.998715 0.0503812 -0.00541911 13.8102 -0.0503577 0.998722 0.00438722 -0.119762 0.00563321 -0.00410869 0.999976 0.28969
0.998642 0.051593 -0.00727746 13.9423 -0.0515586 0.998658 0.00484079 -0.133029 0.00751745 -0.004459 0.999962 0.288612
0.998578 0.0525278 -0.00908544 14.0606 -0.0524799 0.998607 0.00543158 -0.157326 0.0093581 -0.00494705 0.999944 0.291178
0.998519 0.0531988 -0.0113864 14.1776 -0.0531514 0.998577 0.00442392 -0.136339 0.0116055 -0.00381217 0.999925 0.295586
0.998513 0.0528656 -0.013314 14.3107 -0.0528238 0.998598 0.00347147 -0.162805 0.0134789 -0.00276301 0.999905 0.297464
0.998607 0.0507546 -0.014448 14.4253 -0.0507117 0.998708 0.00332125 -0.152358 0.0145979 -0.00258394 0.99989 0.294372
0.998737 0.0477792 -0.015511 14.5552 -0.0477354 0.998855 0.00317831 -0.153395 0.0156451 -0.00243387 0.999875 0.295988
0.998898 0.0438377 -0.0167549 14.6738 -0.0437811 0.999034 0.00372907 -0.166305 0.0169022 -0.00299142 0.999853 0.296484
0.999116 0.0381421 -0.0176746 14.8044 -0.0380793 0.999267 0.00387737 -0.164629 0.0178095 -0.00320091 0.999836 0.296855
0.999326 0.0316438 -0.0186277 14.939 -0.0315849 0.999495 0.00344716 -0.157893 0.0187273 -0.00285648 0.999821 0.304256
0.999511 0.0246664 -0.0192161 15.0527 -0.024597 0.99969 0.00383838 -0.153674 0.0193048 -0.00336384 0.999808 0.304691
0.999651 0.0167034 -0.0204851 15.1892 -0.0166306 0.999855 0.00372263 -0.160567 0.0205444 -0.00338065 0.999783 0.302833
0.999739 0.00645267 -0.0219315 15.3524 -0.00638937 0.999975 0.00295519 -0.162065 0.02195 -0.00281429 0.999755 0.31007
0.999696 -0.00649431 -0.0238019 15.4855 0.00652507 0.999978 0.00121465 -0.154535 0.0237935 -0.00136959 0.999716 0.314784
0.999422 -0.0223894 -0.025569 15.6304 0.0224092 0.999749 0.000486466 -0.14564 0.0255517 -0.00105916 0.999673 0.319895
0.998767 -0.0417861 -0.0268194 15.8063 0.0418211 0.999125 0.000743551 -0.139151 0.0267649 -0.00186425 0.99964 0.329794
0.99763 -0.0633604 -0.0268234 15.9998 0.0634206 0.997986 0.00139777 -0.0927447 0.0266808 -0.00309561 0.999639 0.329128
0.995892 -0.0868612 -0.0255968 16.2069 0.086936 0.996212 0.00182173 -0.0621954 0.0253416 -0.00403953 0.999671 0.33026
0.99325 -0.113356 -0.0245735 16.4448 0.113455 0.99354 0.00264987 -0.0151687 0.0241144 -0.00541996 0.999695 0.341755
0.989403 -0.14333 -0.023214 16.6614 0.143445 0.989653 0.00335398 0.043585 0.022493 -0.00664836 0.999725 0.343666
0.984136 -0.176248 -0.0203291 16.9237 0.176358 0.984319 0.00369969 0.0994472 0.0193583 -0.00722619 0.999786 0.356965
0.976893 -0.213039 -0.0171757 17.1898 0.213142 0.977012 0.00435142 0.176885 0.0158538 -0.00791173 0.999843 0.360695
0.967425 -0.252858 -0.0123279 17.414 0.252937 0.967468 0.00525989 0.263207 0.0105969 -0.00820673 0.99991 0.379139
0.955794 -0.293875 -0.00973133 17.7292 0.293962 0.955773 0.00919159 0.401858 0.00659976 -0.0116459 0.99991 0.376467
0.941811 -0.336065 -0.00730921 18.0019 0.336134 0.94173 0.0126127 0.504597 0.00264461 -0.0143357 0.999894 0.386451
0.925389 -0.379001 -0.00361175 18.2892 0.379011 0.925271 0.0149977 0.652593 -0.00234232 -0.0152476 0.999881 0.385837
0.906298 -0.422633 0.00227023 18.5993 0.422531 0.906175 0.0176996 0.82557 -0.00953766 -0.0150819 0.999841 0.391538
0.884577 -0.466351 0.0063973 18.9149 0.466128 0.884452 0.0216521 0.989771 -0.0157556 -0.016171 0.999745 0.388663
0.860287 -0.509754 0.00760665 19.159 0.509426 0.860121 0.0260138 1.22034 -0.0198033 -0.0185043 0.999633 0.384342
0.832582 -0.553846 0.00793757 19.4846 0.553431 0.832379 0.0293081 1.45431 -0.0228392 -0.0200085 0.999539 0.38875
0.802135 -0.597116 0.00570686 19.7316 0.596663 0.801836 0.0324291 1.68162 -0.0239399 -0.0226074 0.999458 0.372551
0.768944 -0.639294 0.00528346 20.0397 0.63877 0.768603 0.0349664 1.97924 -0.0264147 -0.0235123 0.999375 0.3732
0.732491 -0.68076 0.00480423 20.3167 0.680136 0.732088 0.0382379 2.28589 -0.029548 -0.0247414 0.999257 0.361398
0.693817 -0.720127 0.00588953 20.5598 0.719431 0.693466 0.0390353 2.57286 -0.0321946 -0.0228463 0.99922 0.344327
0.653546 -0.75686 0.00629003 20.8802 0.756145 0.653251 0.0388175 2.9539 -0.0334884 -0.0206129 0.999227 0.34192
0.611372 -0.791296 0.00867866 21.1462 0.790576 0.611225 0.0373478 3.33251 -0.0348578 -0.0159722 0.999265 0.323742
0.566941 -0.823672 0.011885 21.3732 0.822903 0.566951 0.0373772 3.69136 -0.0375248 -0.0114104 0.999231 0.330278
0.52103 -0.853456 0.0118556 21.6236 0.852643 0.521069 0.0385702 4.14045 -0.0390955 -0.00998762 0.999186 0.304378
0.471354 -0.881888 0.00994077 21.8333 0.88113 0.471373 0.0376438 4.57626 -0.0378835 -0.00898447 0.999242 0.27584
0.419957 -0.907468 0.0117496 22.0135 0.906768 0.420098 0.0359134 5.09042 -0.0375263 -0.00442792 0.999286 0.25852
0.366231 -0.930409 0.0146356 22.202 0.929754 0.366522 0.0349161 5.5996 -0.0378505 0.000820173 0.999283 0.250759
0.312333 -0.949872 0.0138292 22.3537 0.949284 0.312627 0.0335309 6.05851 -0.0361735 0.00265503 0.999342 0.250297
0.25903 -0.965775 0.0135212 22.4762 0.965053 0.259361 0.0374698 6.66395 -0.0396943 0.00334282 0.999206 0.185181
0.207614 -0.978094 0.0151079 22.5822 0.977174 0.20808 0.0428255 7.24409 -0.045031 0.00587191 0.998968 0.153053
0.159306 -0.987063 0.0181364 22.6761 0.986136 0.159967 0.044112 7.80623 -0.0464425 0.0108576 0.998862 0.156587
0.11452 -0.993245 0.0186688 22.7452 0.992318 0.115258 0.0449433 8.45001 -0.0467914 0.0133785 0.998815 0.136873
0.0740403 -0.997119 0.0164579 22.7501 0.996253 0.0746956 0.0435994 9.07395 -0.0447031 0.0131681 0.998914 0.118682
0.0388802 -0.999175 0.011712 22.7459 0.99846 0.0393112 0.0391511 9.7446 -0.0395792 0.0101717 0.999165 0.0894251
0.00980209 -0.999917 0.00832987 22.7528 0.999206 0.0101161 0.0385345 10.4108 -0.0386156 0.00794553 0.999223 0.0414255
-0.0116653 -0.999915 0.00579018 22.7295 0.99904 -0.0114102 0.0422982 11.1419 -0.0422286 0.00627804 0.999088 0.0222245
-0.0247446 -0.999676 0.00599504 22.7129 0.998541 -0.0244277 0.048167 11.872 -0.0480049 0.00717816 0.998821 -0.00766928
-0.0327687 -0.999445 0.00601468 22.6834 0.998178 -0.0324209 0.0508883 12.6198 -0.050665 0.00767127 0.998686 -0.0331354
-0.0371379 -0.999291 0.00617256 22.6344 0.998173 -0.0368003 0.0479255 13.3888 -0.0476643 0.00794114 0.998832 -0.0661763
-0.0366041 -0.999237 0.0136005 22.6223 0.998391 -0.0359766 0.0438202 14.1644 -0.0432975 0.0151826 0.998947 -0.132594
-0.0329317 -0.99913 0.0255814 22.6161 0.998588 -0.0318246 0.0425433 14.9741 -0.0416922 0.0269463 0.998767 -0.119901
-0.0271423 -0.999271 0.0268402 22.6147 0.99876 -0.0259878 0.042464 15.7947 -0.0417355 0.0279595 0.998737 -0.162472
-0.0219277 -0.999445 0.0250915 22.5507 0.998938 -0.0208855 0.0410681 16.6526 -0.0405212 0.0259654 0.998841 -0.237355
-0.0183427 -0.999425 0.0285283 22.554 0.99921 -0.0173178 0.0357678 17.5049 -0.0352532 0.0291619 0.998953 -0.203497
-0.0162722 -0.999509 0.0267902 22.5512 0.999565 -0.0156026 0.0250156 18.37 -0.0245853 0.0271856 0.999328 -0.219057
-0.0150435 -0.999693 0.019668 22.5299 0.999754 -0.0147185 0.0165659 19.2724 -0.0162713 0.0199124 0.999669 -0.267728
-0.0162008 -0.999773 0.0138187 22.5062 0.99978 -0.0160136 0.0135516 20.1965 -0.0133273 0.0140352 0.999813 -0.260344
-0.0196124 -0.999797 0.00467954 22.4693 0.999627 -0.0195196 0.01911 21.149 -0.0190148 0.00505258 0.999806 -0.288657
-0.0236387 -0.99972 -0.000863825 22.4162 0.999362 -0.0236534 0.0267752 22.1232 -0.0267882 -0.000230341 0.999641 -0.332894
-0.028369 -0.999594 -0.00250428 22.3722 0.998932 -0.0284414 0.036417 23.109 -0.0364735 -0.00146849 0.999334 -0.331012
-0.0306342 -0.999522 -0.00421761 22.364 0.998469 -0.0307958 0.045959 24.1146 -0.0460669 -0.00280324 0.998934 -0.388655
-0.0315919 -0.999497 -0.00282685 22.3293 0.998042 -0.0316984 0.053923 25.1439 -0.0539855 -0.00111778 0.998541 -0.412156
-0.0334106 -0.999441 -0.0012495 22.2887 0.997887 -0.0334283 0.0557214 26.1559 -0.055732 0.00061483 0.998446 -0.439733
-0.0348678 -0.999389 -0.00257533 22.2541 0.998003 -0.0349551 0.0526091 27.1654 -0.0526669 -0.000735822 0.998612 -0.497211
-0.0374871 -0.999283 -0.00540084 22.1863 0.99816 -0.0377016 0.0474861 28.2293 -0.0476556 -0.00361079 0.998857 -0.544027
-0.0415997 -0.99912 -0.00531372 22.1453 0.998239 -0.041787 0.0421157 29.2318 -0.0423007 -0.00355236 0.999099 -0.564143
-0.0470409 -0.998881 -0.00483561 22.1025 0.998171 -0.0471904 0.0377831 30.2637 -0.037969 -0.00304941 0.999274 -0.602058
-0.053824 -0.998527 -0.0068912 22.0251 0.997929 -0.0540327 0.0349033 31.2966 -0.0352242 -0.00499829 0.999367 -0.632144
-0.0600971 -0.998173 -0.0062559 21.9564 0.997458 -0.0602921 0.0379801 32.3488 -0.0382879 -0.00395751 0.999259 -0.655806
-0.067109 -0.997713 -0.0080672 21.8869 0.996826 -0.0673921 0.0423859 33.4127 -0.0428326 -0.00519712 0.999069 -0.683489
-0.0729401 -0.997274 -0.0111344 21.804 0.996259 -0.0733756 0.0456583 34.4742 -0.0463508 -0.00776243 0.998895 -0.731719
-0.0770895 -0.996917 -0.0146381 21.7118 0.995851 -0.0777024 0.0473583 35.522 -0.0483497 -0.0109265 0.998771 -0.766604
-0.080012 -0.996606 -0.0193395 21.622 0.99552 -0.0808753 0.0489842 36.598 -0.050382 -0.0153336 0.998612 -0.807797
-0.0813861 -0.996407 -0.0234283 21.5073 0.995346 -0.0824714 0.0498473 37.6842 -0.0516004 -0.0192624 0.998482 -0.862481
-0.082872 -0.996251 -0.0248128 21.408 0.995216 -0.0840271 0.0498362 38.7595 -0.0517343 -0.020564 0.998449 -0.892332
-0.0845132 -0.996105 -0.0251382 21.3164 0.995105 -0.0856713 0.0492522 39.8363 -0.051214 -0.0208527 0.99847 -0.933922
-0.0851419 -0.996018 -0.026439 21.2201 0.995078 -0.0863521 0.0486197 40.9039 -0.0507092 -0.0221693 0.998467 -0.968931
-0.086707 -0.995829 -0.0283925 21.1167 0.994974 -0.0879951 0.0477902 41.9956 -0.0500893 -0.024106 0.998454 -1.01031
-0.0868964 -0.995687 -0.0325064 20.995 0.995051 -0.0883271 0.0455237 43.0787 -0.0481986 -0.0283897 0.998434 -1.05309
-0.0870889 -0.995492 -0.0375584 20.8931 0.995244 -0.0885952 0.0405011 44.1919 -0.0436461 -0.0338525 0.998473 -1.09442
-0.0862425 -0.995506 -0.039123 20.7751 0.99535 -0.087787 0.0396428 45.2616 -0.0428992 -0.0355222 0.998448 -1.13696
-0.0842469 -0.995639 -0.0400761 20.6831 0.995355 -0.085967 0.0433302 46.3861 -0.0465865 -0.0362395 0.998257 -1.18012
-0.0826749 -0.99578 -0.0398344 20.5879 0.995305 -0.0845221 0.0471618 47.4745 -0.0503297 -0.0357482 0.998093 -1.23761
-0.0814427 -0.99595 -0.0380983 20.4921 0.99543 -0.0831935 0.046881 48.6022 -0.0498607 -0.0341061 0.998174 -1.2574
-0.0786649 -0.996219 -0.0368843 20.3913 0.995704 -0.0803292 0.0460488 49.6856 -0.0488375 -0.0331034 0.998258 -1.30081
-0.074427 -0.996379 -0.0411011 20.3016 0.99599 -0.0763236 0.046682 50.81 -0.04965 -0.0374619 0.998064 -1.33741
-0.0683415 -0.996607 -0.0458675 20.1973 0.996379 -0.0705121 0.0475027 51.9475 -0.0505757 -0.042455 0.997817 -1.39181
-0.0628311 -0.996806 -0.0493014 20.1147 0.996736 -0.0651825 0.0476306 53.084 -0.0506921 -0.0461478 0.997648 -1.42743
-0.0563938 -0.997147 -0.0501754 20.053 0.997186 -0.0587394 0.0465711 54.1775 -0.0493856 -0.0474079 0.997654 -1.47943
-0.0507074 -0.997485 -0.0495278 19.98 0.997531 -0.0529981 0.0460877 55.3051 -0.0485967 -0.0470685 0.997709 -1.51903
-0.0456576 -0.997834 -0.0473474 19.9122 0.997796 -0.0478379 0.0459854 56.4502 -0.0481509 -0.0451434 0.997819 -1.55758
-0.0402718 -0.998114 -0.0463267 19.864 0.998017 -0.0424259 0.0464952 57.5962 -0.048373 -0.0443624 0.997844 -1.59809
-0.0347013 -0.998434 -0.0438877 19.8301 0.998167 -0.0368035 0.0480335 58.7219 -0.0495734 -0.0421405 0.997881 -1.63308
-0.0294139 -0.998521 -0.0457145 19.7823 0.998305 -0.0316441 0.048852 59.8761 -0.0502264 -0.0442001 0.997759 -1.68988
-0.0236555 -0.998706 -0.0450177 19.7332 0.998476 -0.0258484 0.0487694 61.0393 -0.0498699 -0.0437954 0.997795 -1.7236
-0.0193536 -0.998822 -0.0444888 19.7147 0.998754 -0.0213616 0.0451104 62.1616 -0.0460076 -0.0435603 0.997991 -1.75811
-0.0153245 -0.998921 -0.0438507 19.6833 0.99907 -0.0170652 0.0396006 63.3411 -0.0403061 -0.0432031 0.998253 -1.78867
-0.0114365 -0.998956 -0.0442353 19.6737 0.999159 -0.0131584 0.0388324 64.4766 -0.039374 -0.043754 0.998266 -1.82619
-0.0080525 -0.999052 -0.0427878 19.6599 0.999117 -0.00980298 0.0408597 65.628 -0.0412404 -0.042421 0.998248 -1.87637
-0.00605653 -0.999089 -0.0422384 19.6476 0.999134 -0.00778481 0.0408737 66.8203 -0.0411653 -0.0419542 0.998271 -1.90247
-0.00452394 -0.999002 -0.0444318 19.6388 0.999169 -0.00631589 0.0402732 67.9612 -0.0405136 -0.0442126 0.9982 -1.94186
-0.00375854 -0.998938 -0.0459243 19.616 0.999122 -0.00566712 0.0415001 69.1444 -0.0417162 -0.0457281 0.998083 -1.97557
-0.00270114 -0.998937 -0.0460261 19.6062 0.99914 -0.0046008 0.0412178 70.3041 -0.0413858 -0.0458751 0.99809 -2.00459
-0.00147461 -0.998894 -0.0469988 19.5943 0.999218 -0.00332893 0.0394007 71.4731 -0.0395136 -0.046904 0.998118 -2.03324
-0.00038771 -0.998957 -0.045651 19.596 0.999266 -0.00213548 0.0382429 72.6806 -0.0383005 -0.0456026 0.998225 -2.06777
-0.000113636 -0.999089 -0.0426727 19.5914 0.999272 -0.00174108 0.0381026 73.8151 -0.0381422 -0.0426373 0.998362 -2.08539
-0.000651785 -0.999206 -0.0398292 19.5824 0.999255 -0.00218746 0.0385251 75.0116 -0.0385816 -0.0397744 0.998464 -2.11607
-0.000188105 -0.999224 -0.0393758 19.5804 0.999159 -0.0018028 0.0409758 76.1799 -0.041015 -0.0393349 0.998384 -2.14414
0.000395168 -0.99914 -0.0414647 19.5679 0.998983 -0.00147485 0.0450588 77.3551 -0.0450812 -0.0414404 0.998123 -2.18179
0.00137205 -0.999064 -0.0432396 19.5559 0.998974 -0.000587981 0.0452844 78.5289 -0.0452674 -0.0432574 0.998038 -2.22415
0.001434 -0.999014 -0.044369 19.5519 0.99905 -0.000501485 0.0435806 79.6982 -0.0435599 -0.0443894 0.998064 -2.25915
0.00133838 -0.999017 -0.0443097 19.5444 0.999154 -0.000485319 0.0411216 80.8882 -0.0411027 -0.0443273 0.998171 -2.2961
0.00132149 -0.999079 -0.0428858 19.5455 0.999187 -0.00040851 0.0403059 82.0765 -0.0402863 -0.0429042 0.998267 -2.31215
0.00128423 -0.999163 -0.0408897 19.5431 0.999143 -0.000409322 0.0413822 83.241 -0.0413643 -0.0409078 0.998306 -2.34678
0.00154255 -0.999175 -0.0405824 19.5406 0.999028 -0.00024795 0.0440782 84.4192 -0.0440519 -0.0406109 0.998203 -2.37581
0.00221444 -0.999188 -0.0402303 19.5306 0.998913 0.000337007 0.046614 85.6137 -0.0465626 -0.0402898 0.998103 -2.41817
0.00264257 -0.999127 -0.0416806 19.5238 0.998889 0.000676467 0.0471144 86.7542 -0.0470451 -0.0417588 0.99802 -2.46214
0.00320861 -0.999154 -0.0409944 19.5231 0.998991 0.00136591 0.0448993 87.9277 -0.0448054 -0.0410971 0.99815 -2.4949
0.00282732 -0.999198 -0.0399333 19.5074 0.999055 0.00109066 0.0434439 89.0889 -0.0433656 -0.0400184 0.998257 -2.53098
0.00295253 -0.999265 -0.0382253 19.5177 0.99901 0.00125079 0.0444662 90.2233 -0.0443857 -0.0383188 0.998279 -2.55601
0.00325301 -0.999351 -0.0358791 19.5198 0.998888 0.00155987 0.0471174 91.4144 -0.0470308 -0.0359925 0.998245 -2.60119
0.00357252 -0.999404 -0.0343315 19.5404 0.99876 0.00186133 0.0497465 92.555 -0.049653 -0.0344666 0.998172 -2.62914
0.00400084 -0.999391 -0.0346586 19.5199 0.998685 0.00222153 0.0512256 93.7396 -0.0511174 -0.0348179 0.998086 -2.6742
0.00481223 -0.999309 -0.0368514 19.5205 0.998593 0.00285588 0.0529574 94.9005 -0.0528156 -0.0370544 0.997917 -2.73237
0.00467408 -0.999221 -0.0391754 19.5153 0.998636 0.00262707 0.0521421 96.0444 -0.0519986 -0.0393657 0.997871 -2.77741
0.00527014 -0.999129 -0.0414031 19.4968 0.998813 0.00325471 0.0485958 97.2117 -0.0484187 -0.0416101 0.99796 -2.80826
0.00550669 -0.999045 -0.0433472 19.5076 0.998908 0.00348464 0.0465857 98.3704 -0.0463901 -0.0435564 0.997973 -2.84483
0.00526059 -0.999027 -0.04379 19.4913 0.998956 0.00326262 0.0455734 99.5227 -0.0453862 -0.0439841 0.998001 -2.87253
0.00595139 -0.9991 -0.0420013 19.4909 0.998954 0.00403602 0.0455409 100.674 -0.0453304 -0.0422284 0.998079 -2.90847
0.00568235 -0.99911 -0.0418002 19.5045 0.998843 0.00367458 0.0479534 101.826 -0.0477571 -0.0420243 0.997975 -2.95554
0.00582296 -0.9992 -0.0395698 19.5118 0.998745 0.00384244 0.0499445 103.001 -0.0497525 -0.0398109 0.997968 -2.99294
0.00549619 -0.999028 -0.0437378 19.4881 0.998792 0.00334825 0.0490321 104.126 -0.048838 -0.0439545 0.997839 -3.03908
0.00546322 -0.998831 -0.0480377 19.5024 0.998765 0.00307792 0.0495892 105.303 -0.0493833 -0.0482493 0.997614 -3.08787
0.00592743 -0.998686 -0.0509012 19.4735 0.998784 0.00342167 0.0491745 106.476 -0.0489357 -0.0511308 0.997492 -3.1429
0.00520974 -0.99861 -0.0524416 19.4634 0.998953 0.00281413 0.0456522 107.647 -0.0454411 -0.0526246 0.99758 -3.1645
0.00442273 -0.998562 -0.0534349 19.4701 0.999144 0.00221548 0.0412961 108.813 -0.0411183 -0.0535718 0.997717 -3.20891
0.00393467 -0.998745 -0.0499341 19.4662 0.999185 0.00192013 0.040328 110.038 -0.0401815 -0.0500521 0.997938 -3.24923
0.0029983 -0.998958 -0.045537 19.4756 0.999194 0.00117047 0.0401134 111.223 -0.0400183 -0.0456206 0.998157 -3.26922
0.00292664 -0.998981 -0.0450432 19.4698 0.999139 0.0010573 0.0414691 112.417 -0.0413792 -0.0451258 0.998124 -3.3107
0.0021 -0.999037 -0.0438226 19.4651 0.998961 0.000100472 0.0455801 113.644 -0.0455318 -0.0438728 0.997999 -3.3532
0.00121057 -0.99912 -0.0419256 19.4862 0.998925 -0.000734668 0.0463509 114.87 -0.0463409 -0.0419367 0.998045 -3.39207
0.000935719 -0.99908 -0.0428717 19.4591 0.999128 -0.000855026 0.0417325 116.07 -0.0417308 -0.0428734 0.998209 -3.42606
-0.000130556 -0.999074 -0.0430306 19.4438 0.999289 -0.00175228 0.0376522 117.316 -0.0376927 -0.0429951 0.998364 -3.48523
-0.00102638 -0.99916 -0.0409706 19.4569 0.999333 -0.00251987 0.0364178 118.55 -0.0364904 -0.0409059 0.998496 -3.52795
-0.00182784 -0.999091 -0.0425972 19.4318 0.999304 -0.00341175 0.0371406 119.791 -0.0372522 -0.0424996 0.998402 -3.56372
-0.00165234 -0.998861 -0.0476919 19.4278 0.999129 -0.00363763 0.0415706 121.046 -0.0416968 -0.0475816 0.997997 -3.59896
-0.00148653 -0.998564 -0.0535544 19.4189 0.998973 -0.00390855 0.0451491 122.323 -0.0452935 -0.0534323 0.997544 -3.63046
-0.00167534 -0.998127 -0.0611549 19.3903 0.998971 -0.00444154 0.0451248 123.589 -0.0453119 -0.0610164 0.997108 -3.67242
-0.00117011 -0.997914 -0.0645435 19.3574 0.999068 -0.00395147 0.042982 124.829 -0.0431474 -0.0644331 0.996989 -3.71341
-0.00125314 -0.997773 -0.0666955 19.3401 0.999113 -0.00405725 0.0419245 126.099 -0.0421018 -0.0665837 0.996892 -3.75018
-0.00260658 -0.997733 -0.0672454 19.3437 0.999127 -0.00540153 0.0414151 127.366 -0.0416845 -0.0670787 0.996877 -3.78077
-0.00221012 -0.997906 -0.0646485 19.3151 0.999153 -0.00486053 0.0408687 128.609 -0.0410973 -0.0645034 0.997071 -3.81156
-0.00294756 -0.997877 -0.0650612 19.3111 0.999135 -0.00563678 0.041189 129.855 -0.0414683 -0.0648835 0.997031 -3.84395
-0.00370461 -0.997922 -0.0643225 19.2839 0.998928 -0.00666117 0.0458111 131.119 -0.0461444 -0.0640838 0.996877 -3.89563
-0.00387548 -0.998018 -0.0628103 19.2956 0.998701 -0.00705392 0.0504614 132.375 -0.0508044 -0.0625331 0.996749 -3.93055
-0.00400695 -0.998009 -0.0629397 19.2722 0.998763 -0.00711369 0.0492143 133.639 -0.049564 -0.0626647 0.996803 -3.97844
-0.00288907 -0.997958 -0.0638025 19.258 0.998864 -0.00591508 0.0472899 134.888 -0.0475707 -0.0635934 0.996841 -4.02165
-0.00206815 -0.998067 -0.0621099 19.2399 0.998878 -0.00499991 0.0470847 136.135 -0.0473042 -0.0619428 0.996958 -4.0599
-0.00114892 -0.99804 -0.0625697 19.2394 0.998936 -0.00402962 0.0459332 137.398 -0.0460953 -0.0624503 0.996983 -4.10441
-9.7252e-05 -0.998047 -0.0624628 19.234 0.998842 -0.0031017 0.0480045 138.647 -0.0481045 -0.0623859 0.996892 -4.15199
0.000946621 -0.998035 -0.0626579 19.2333 0.99864 -0.00232276 0.0520849 139.899 -0.0521281 -0.0626219 0.996675 -4.19877
0.00223198 -0.997972 -0.0636075 19.2288 0.998567 -0.00117629 0.0534951 141.13 -0.0534614 -0.0636358 0.99654 -4.24553
0.00325301 -0.997746 -0.067027 19.2151 0.998721 -0.000140599 0.0505637 142.377 -0.0504592 -0.0671058 0.996469 -4.29002
0.00326166 -0.997791 -0.0663519 19.2198 0.998878 0.000115984 0.0473576 143.609 -0.0472453 -0.0664319 0.996672 -4.3292
0.00261785 -0.997991 -0.0633067 19.2022 0.998962 -0.000269747 0.0455613 144.854 -0.0454868 -0.0633602 0.996954 -4.3716
0.00302974 -0.998062 -0.0621544 19.2069 0.998972 0.000209498 0.0453312 146.086 -0.0452303 -0.0622279 0.997037 -4.39728
0.00218978 -0.99819 -0.0601029 19.2134 0.99897 -0.000540682 0.045376 147.328 -0.0453263 -0.0601403 0.99716 -4.43943
0.00216673 -0.998347 -0.0574403 19.2017 0.999008 -0.000393819 0.0445289 148.566 -0.0444779 -0.0574798 0.997355 -4.46526
0.00162025 -0.998362 -0.0571924 19.192 0.999018 -0.000915738 0.0442872 149.795 -0.0442671 -0.0572081 0.99738 -4.50721
0.00164359 -0.998522 -0.0543228 19.1834 0.998917 -0.000886723 0.0465223 151.015 -0.0465018 -0.0543404 0.997439 -4.55139
0.00182806 -0.998668 -0.0515702 19.188 0.998825 -0.000673731 0.0484533 152.266 -0.0484235 -0.0515982 0.997493 -4.59298
0.00125576 -0.998779 -0.0493866 19.1859 0.998907 -0.0010552 0.0467393 153.49 -0.0467343 -0.0493913 0.997686 -4.63547
0.00120094 -0.9987 -0.0509653 19.1804 0.998901 -0.00118961 0.0468494 154.705 -0.0468491 -0.0509656 0.997601 -4.67208
0.00119594 -0.998702 -0.0509136 19.1728 0.998663 -0.0014383 0.0516714 155.978 -0.0516775 -0.0509073 0.997365 -4.71714
0.00216158 -0.998467 -0.0553136 19.1554 0.998313 -0.00105454 0.0580482 157.177 -0.0580175 -0.0553458 0.99678 -4.78336
0.00401754 -0.998151 -0.0606557 19.1444 0.998273 0.00044811 0.0587467 158.4 -0.0586108 -0.0607869 0.996428 -4.82784
0.00520174 -0.997923 -0.0642031 19.1388 0.998486 0.00166684 0.0549893 159.631 -0.054768 -0.0643919 0.996421 -4.88332
0.00650791 -0.997768 -0.0664551 19.1217 0.998766 0.00321303 0.0495677 160.841 -0.0492435 -0.0666956 0.996557 -4.9286
0.00782578 -0.997587 -0.0689835 19.1238 0.998856 0.00454328 0.0476129 162.064 -0.0471846 -0.0692771 0.996481 -4.97895
0.0084747 -0.997888 -0.0644028 19.1325 0.99898 0.00559159 0.044816 163.27 -0.0443612 -0.0647169 0.996917 -5.00471
0.00825825 -0.998143 -0.0603548 19.1264 0.999175 0.0058366 0.0401903 164.496 -0.0397634 -0.0606369 0.997368 -5.04094
0.00782994 -0.99841 -0.0558309 19.1484 0.999282 0.00574272 0.0374476 165.713 -0.0370674 -0.0560841 0.997738 -5.05102
0.00630839 -0.998592 -0.0526661 19.1445 0.999232 0.00425801 0.0389537 166.956 -0.0386746 -0.0528713 0.997852 -5.09234
0.00798743 -0.998562 -0.0530017 19.1572 0.998929 0.00555221 0.0459352 168.148 -0.0455748 -0.0533119 0.997537 -5.12765
0.00890584 -0.998509 -0.0538627 19.1519 0.99877 0.00625509 0.0491829 169.388 -0.0487727 -0.0542345 0.997336 -5.16445
0.0109396 -0.998402 -0.0554373 19.1598 0.998888 0.00836929 0.0463871 170.602 -0.045849 -0.0558831 0.997384 -5.20043
0.0120938 -0.9983 -0.0570078 19.1575 0.998912 0.00949391 0.0456585 171.798 -0.0450396 -0.0574979 0.997329 -5.25379
0.0127096 -0.99837 -0.0556418 19.1782 0.99883 0.010079 0.0473049 173.016 -0.0466669 -0.0561779 0.99733 -5.29975
0.0135326 -0.998391 -0.0550732 19.1818 0.998892 0.0110154 0.0457568 174.198 -0.0450765 -0.0556313 0.997433 -5.32994
0.0151851 -0.998336 -0.0556287 19.177 0.998953 0.0127465 0.0439325 175.398 -0.0431503 -0.0562376 0.997485 -5.35556
0.0167662 -0.998243 -0.056826 19.1909 0.998862 0.0141841 0.0455408 176.555 -0.0446548 -0.0575249 0.997345 -5.3905
0.0184457 -0.998235 -0.0564571 19.2083 0.998725 0.015742 0.0479649 177.691 -0.0469915 -0.0572698 0.997252 -5.41854
0.018416 -0.998202 -0.0570357 19.2155 0.998651 0.0155945 0.0495258 178.792 -0.0485473 -0.0578709 0.997143 -5.44586
0.0192176 -0.998131 -0.0580082 19.2253 0.998574 0.0162717 0.0508366 179.853 -0.0497977 -0.0589024 0.997021 -5.47675
0.0195459 -0.998214 -0.0564574 19.248 0.998513 0.0166146 0.0519301 180.901 -0.0508993 -0.0573885 0.997054 -5.50945
0.0196046 -0.998198 -0.0567083 19.2481 0.998546 0.0166999 0.0512511 181.905 -0.0502117 -0.0576306 0.997074 -5.5358
0.0212323 -0.998115 -0.057586 19.2808 0.998521 0.0182872 0.0511959 182.893 -0.0500463 -0.0585879 0.997027 -5.55917
0.0219382 -0.998038 -0.058641 19.291 0.99847 0.0188938 0.0519745 183.833 -0.0507645 -0.0596915 0.996925 -5.59322
0.0217067 -0.998119 -0.0573358 19.315 0.998545 0.0188131 0.050534 184.785 -0.0493602 -0.0583493 0.997075 -5.61839
0.0184118 -0.998302 -0.0552617 19.3228 0.998744 0.0157876 0.0475538 185.724 -0.0466006 -0.0560678 0.997339 -5.62918
0.0135413 -0.998382 -0.0552349 19.3356 0.998972 0.0111184 0.0439399 186.639 -0.0432546 -0.0557731 0.997506 -5.65553
0.00848319 -0.99829 -0.0578301 19.3315 0.999144 0.00612106 0.0409015 187.564 -0.0404775 -0.0581276 0.997488 -5.68306
0.00497122 -0.998192 -0.0599032 19.3088 0.999209 0.00259477 0.0396842 188.482 -0.039457 -0.060053 0.997415 -5.70841
0.00161568 -0.998081 -0.0619007 19.2915 0.999184 -0.000886694 0.0403768 189.404 -0.0403542 -0.0619154 0.997265 -5.73064
7.60372e-05 -0.998164 -0.0605738 19.3008 0.999113 -0.00247555 0.0420474 190.327 -0.0421201 -0.0605233 0.997278 -5.75926
-0.0016094 -0.998334 -0.0576699 19.3161 0.999033 -0.00413929 0.043776 191.227 -0.0439418 -0.0575437 0.997375 -5.78298
-0.00290162 -0.998431 -0.0559232 19.3002 0.999007 -0.00538029 0.0442233 192.135 -0.0444547 -0.0557393 0.997455 -5.80622
-0.00349669 -0.998417 -0.0561312 19.2954 0.99904 -0.00593887 0.0434008 193.05 -0.0436655 -0.0559256 0.99748 -5.82136
-0.00472329 -0.998296 -0.0581553 19.2819 0.999092 -0.00717391 0.0420028 193.956 -0.0423485 -0.057904 0.997424 -5.85679
-0.00477504 -0.998085 -0.0616806 19.2451 0.999117 -0.00733671 0.0413717 194.861 -0.0417449 -0.0614286 0.997238 -5.88794
-0.003833 -0.997969 -0.063579 19.2451 0.999183 -0.00637955 0.0398988 195.769 -0.0402234 -0.0633742 0.997179 -5.91631
-0.00302989 -0.997902 -0.0646746 19.2192 0.99927 -0.00548396 0.0378012 196.671 -0.0380765 -0.0645129 0.99719 -5.93678
-0.00252342 -0.997904 -0.0646628 19.2228 0.999388 -0.00477343 0.0346653 197.593 -0.0349013 -0.0645357 0.997305 -5.96161
-0.00181221 -0.997943 -0.0640846 19.2174 0.999399 -0.00402601 0.0344327 198.51 -0.0346199 -0.0639837 0.99735 -5.98556
-0.0013403 -0.998074 -0.0620169 19.207 0.999312 -0.00363531 0.0369081 199.44 -0.0370625 -0.0619247 0.997392 -6.01029
-0.00107221 -0.998117 -0.0613357 19.2136 0.999239 -0.00346021 0.0388402 200.363 -0.0389793 -0.0612474 0.997361 -6.02756
-0.000556006 -0.998385 -0.0568042 19.2076 0.99937 -0.00257006 0.0353892 201.321 -0.0354781 -0.0567488 0.997758 -6.04395
-0.000734808 -0.99848 -0.0551102 19.2174 0.999517 -0.00244618 0.0309927 202.248 -0.0310804 -0.0550607 0.997999 -6.06296
-0.000307142 -0.998226 -0.059539 19.1844 0.999493 -0.00220208 0.0317638 203.197 -0.0318386 -0.0594991 0.99772 -6.09599
0.00145549 -0.998174 -0.060381 19.1953 0.999379 -0.000673249 0.0352198 204.154 -0.0351962 -0.0603947 0.997554 -6.13782
0.0036728 -0.998279 -0.0585292 19.1843 0.999367 0.00159334 0.0355357 205.138 -0.0353813 -0.0586227 0.997653 -6.13887
0.00570674 -0.99835 -0.05714 19.1946 0.999344 0.00364965 0.0360407 206.093 -0.0357727 -0.0573082 0.997715 -6.16939
0.00753145 -0.998327 -0.0573277 19.1743 0.999168 0.00521576 0.0404368 207.092 -0.0400701 -0.0575846 0.997536 -6.2115
0.00921127 -0.998482 -0.0542997 19.1972 0.998981 0.00678927 0.0446213 208.058 -0.0441849 -0.0546554 0.997527 -6.23581
0.0103535 -0.99849 -0.0539444 19.2058 0.998917 0.00788053 0.0458562 209.061 -0.0453619 -0.0543608 0.99749 -6.25271
0.0131593 -0.998344 -0.0559981 19.1929 0.998873 0.010571 0.0462695 210.082 -0.0456009 -0.0565439 0.997358 -6.29826
0.0154185 -0.998153 -0.0587607 19.2005 0.998786 0.0126252 0.0476158 211.104 -0.046786 -0.0594235 0.997136 -6.34983
0.0191427 -0.998054 -0.0593484 19.2104 0.998704 0.016288 0.0482176 212.115 -0.0471571 -0.0601945 0.997072 -6.37942
0.0225558 -0.997785 -0.062575 19.2219 0.998751 0.019698 0.0459171 213.109 -0.0445828 -0.0635326 0.996983 -6.42177
0.0255292 -0.997695 -0.0628655 19.2498 0.998811 0.0228444 0.0430616 214.133 -0.0415262 -0.0638901 0.997093 -6.44696
0.0273433 -0.997682 -0.0623148 19.2848 0.998822 0.0247678 0.0417347 215.183 -0.0400946 -0.0633826 0.997184 -6.47283
0.0285846 -0.997683 -0.0617323 19.295 0.998696 0.025891 0.0440015 216.215 -0.0423012 -0.0629095 0.997122 -6.51255
0.0297846 -0.997558 -0.0631813 19.3095 0.998537 0.0268406 0.0469431 217.297 -0.0451327 -0.064487 0.996897 -6.54557
0.0310632 -0.9975 -0.0634786 19.3287 0.998503 0.0281078 0.046932 218.363 -0.0450304 -0.0648414 0.996879 -6.57389
0.0318222 -0.997539 -0.0624824 19.3582 0.998605 0.0290957 0.044071 219.421 -0.0421446 -0.0637977 0.997073 -6.60924
0.0321033 -0.997607 -0.0612338 19.4048 0.998705 0.0295989 0.0413769 220.516 -0.0394655 -0.0624829 0.997265 -6.63785
0.0317366 -0.997804 -0.0581375 19.4365 0.998756 0.0294216 0.0402526 221.571 -0.0384537 -0.0593427 0.997497 -6.67063
0.0317938 -0.997754 -0.0589501 19.4536 0.998787 0.0294966 0.0394377 222.687 -0.0376103 -0.0601325 0.997482 -6.71324
0.0324142 -0.997839 -0.0571489 19.4912 0.99877 0.0301917 0.0393332 223.756 -0.0375228 -0.0583536 0.997591 -6.73809
0.0322295 -0.997662 -0.0602679 19.5124 0.998745 0.0298342 0.0402308 224.876 -0.0383387 -0.0614889 0.997371 -6.77262
0.0321803 -0.997614 -0.0610796 19.5249 0.998674 0.029638 0.0420829 226.017 -0.0401722 -0.0623529 0.997245 -6.80057
0.031262 -0.997639 -0.0611477 19.5714 0.998623 0.028597 0.0439843 227.113 -0.0421318 -0.0624385 0.997159 -6.84203
0.0311121 -0.997585 -0.0621027 19.6162 0.998554 0.0282964 0.0457156 228.25 -0.0438479 -0.0634352 0.997022 -6.88693
0.0306873 -0.997539 -0.0630389 19.6079 0.998507 0.0277441 0.0470447 229.401 -0.0451799 -0.0643885 0.996902 -6.92278
0.0293135 -0.997348 -0.0666205 19.6381 0.998604 0.0262908 0.045804 230.543 -0.043931 -0.0678702 0.996726 -6.97401
0.0282202 -0.997486 -0.0650022 19.6614 0.998807 0.0255454 0.0416191 231.701 -0.0398539 -0.0660991 0.997017 -7.00195
0.0261572 -0.997688 -0.0627279 19.6925 0.999087 0.0239701 0.0353691 232.861 -0.0337837 -0.0635958 0.997404 -7.03289
0.0237879 -0.997975 -0.0589915 19.7115 0.999283 0.0219977 0.0308128 234.014 -0.0294528 -0.0596821 0.997783 -7.04522
0.0216599 -0.998336 -0.0534505 19.7297 0.999329 0.0200407 0.0306463 235.198 -0.0295241 -0.0540785 0.9981 -7.06921
0.0195818 -0.998629 -0.0485395 19.7633 0.999257 0.0179364 0.034105 236.388 -0.0331876 -0.0491713 0.998239 -7.08999
0.0173307 -0.998739 -0.0471101 19.7795 0.999219 0.0156265 0.0363058 237.563 -0.0355238 -0.0477025 0.99823 -7.11878
0.015636 -0.998838 -0.0455913 19.7855 0.999264 0.0140129 0.0357062 238.779 -0.0350258 -0.0461161 0.998322 -7.14492
0.0129657 -0.998912 -0.0447901 19.8051 0.999283 0.0113516 0.0361061 239.954 -0.0355584 -0.0452262 0.998344 -7.18838
0.0114236 -0.998976 -0.0437846 19.8106 0.999244 0.00977698 0.0376388 241.205 -0.0371722 -0.0441815 0.998332 -7.22529
0.00907031 -0.999039 -0.0428817 19.8322 0.999276 0.00747106 0.0373086 242.427 -0.0369523 -0.0431891 0.998383 -7.25736
0.00663635 -0.999068 -0.0426579 19.812 0.999346 0.00510968 0.0357986 243.628 -0.0355472 -0.0428676 0.998448 -7.28464
0.00443106 -0.999046 -0.0434343 19.8032 0.999374 0.00289986 0.0352532 244.879 -0.0350936 -0.0435633 0.998434 -7.31358
0.002259 -0.999083 -0.0427643 19.803 0.999337 0.000701953 0.0363901 246.118 -0.0363267 -0.0428181 0.998422 -7.36436
-6.58254e-05 -0.999052 -0.0435284 19.8159 0.999328 -0.00166142 0.0366213 247.379 -0.0366589 -0.0434967 0.998381 -7.39529
-0.00185105 -0.998958 -0.0456086 19.7798 0.999291 -0.00356234 0.0374685 248.617 -0.037592 -0.0455069 0.998256 -7.42746
-0.00388119 -0.998937 -0.0459273 19.7668 0.999219 -0.00567971 0.0390948 249.858 -0.0393141 -0.0457398 0.998179 -7.47064
-0.00597843 -0.998815 -0.0482944 19.7606 0.999169 -0.00791392 0.0399855 251.088 -0.0403203 -0.0480152 0.998032 -7.49992
-0.00643569 -0.998675 -0.0510654 19.726 0.999159 -0.00849013 0.0401173 252.414 -0.0404976 -0.0507642 0.997889 -7.53687
-0.00604133 -0.998617 -0.0522262 19.7186 0.999132 -0.00818069 0.0408471 253.646 -0.0412179 -0.0519341 0.9978 -7.56285
-0.00564344 -0.998694 -0.0507842 19.6885 0.999185 -0.00766147 0.0396308 254.886 -0.0399681 -0.0505192 0.997923 -7.59741
-0.00591608 -0.99879 -0.0488132 19.6941 0.999227 -0.00780228 0.0385416 256.131 -0.0388759 -0.0485474 0.998064 -7.62762
-0.0058381 -0.998856 -0.0474563 19.6704 0.999232 -0.00766568 0.0384204 257.399 -0.0387402 -0.0471955 0.998134 -7.65534
-0.00598577 -0.998873 -0.0470753 19.659 0.999225 -0.00780574 0.0385726 258.664 -0.0388966 -0.046808 0.998146 -7.68596
-0.00600897 -0.998896 -0.0465818 19.654 0.999229 -0.00780547 0.0384812 259.909 -0.0388023 -0.0463146 0.998173 -7.71387
-0.00482198 -0.9989 -0.0466487 19.625 0.999208 -0.00665497 0.0392184 261.19 -0.0394857 -0.0464227 0.998141 -7.73314
-0.00550866 -0.998987 -0.0446654 19.6201 0.999173 -0.00729864 0.0400117 262.406 -0.0402972 -0.044408 0.9982 -7.76342
-0.00590841 -0.999152 -0.0407554 19.6223 0.999077 -0.00763193 0.0422643 263.663 -0.0425395 -0.0404681 0.998275 -7.79572
-0.00525064 -0.999296 -0.0371507 19.6022 0.998918 -0.00695797 0.0459779 264.909 -0.046204 -0.0368691 0.998251 -7.83382
-0.00546212 -0.999387 -0.0345679 19.5997 0.998788 -0.00714353 0.0487058 266.149 -0.0489229 -0.03426 0.998215 -7.87563
-0.00543448 -0.999346 -0.0357512 19.5902 0.998864 -0.00711739 0.0471154 267.403 -0.047339 -0.0354546 0.998249 -7.89392
-0.00497782 -0.999238 -0.0387146 19.5663 0.99895 -0.00673249 0.0453256 268.64 -0.0455517 -0.0384484 0.998222 -7.93023
-0.00568788 -0.99904 -0.0434466 19.5407 0.998813 -0.00777744 0.0480784 269.872 -0.0483702 -0.0431216 0.997898 -7.98956
-0.00484754 -0.998833 -0.0480513 19.5274 0.998505 -0.0074508 0.0541465 271.095 -0.0544413 -0.047717 0.997376 -8.06882
-0.0046632 -0.998667 -0.0514143 19.4868 0.998511 -0.00744492 0.0540459 272.317 -0.0543566 -0.0510857 0.997214 -8.11809
-0.00450155 -0.998586 -0.0529617 19.4888 0.998848 -0.00702027 0.0474679 273.555 -0.0477726 -0.052687 0.997468 -8.14972
-0.00552439 -0.998759 -0.0494925 19.4802 0.999101 -0.00759358 0.0417182 274.801 -0.0420422 -0.0492175 0.997903 -8.1896
-0.00586304 -0.99901 -0.0441053 19.4681 0.999151 -0.00765096 0.0404786 276.011 -0.040776 -0.0438305 0.998206 -8.22977
-0.00482422 -0.999196 -0.0398009 19.4581 0.999099 -0.00649441 0.0419417 277.25 -0.0421665 -0.0395627 0.998327 -8.25881
-0.00336001 -0.999212 -0.0395588 19.4457 0.999033 -0.00508868 0.0436796 278.5 -0.0438464 -0.0393738 0.998262 -8.29205
-0.00179969 -0.999234 -0.0390847 19.4218 0.998928 -0.00360395 0.0461417 279.705 -0.0462472 -0.0389597 0.99817 -8.3444
-0.000418003 -0.999154 -0.0411231 19.4015 0.99887 -0.00237165 0.0474698 280.916 -0.0475272 -0.0410568 0.998026 -8.38082
0.00023195 -0.999161 -0.0409421 19.4064 0.998819 -0.00175776 0.0485554 282.145 -0.0485867 -0.040905 0.997981 -8.4307
0.0006004 -0.999152 -0.0411804 19.4036 0.998835 -0.00138777 0.0482339 283.36 -0.0482501 -0.0411614 0.997987 -8.46093
0.00124708 -0.999105 -0.0422706 19.3914 0.99892 -0.000718674 0.0464569 284.607 -0.0464457 -0.0422829 0.998026 -8.49735
0.00131774 -0.999112 -0.042123 19.3855 0.998997 -0.000570014 0.0447718 285.831 -0.0447561 -0.0421397 0.998109 -8.53265
0.00091358 -0.999091 -0.0426268 19.3784 0.998995 -0.000997999 0.0448017 287.037 -0.0448035 -0.0426249 0.998086 -8.58102
0.00188223 -0.999066 -0.0431791 19.3565 0.999005 -4.53199e-05 0.0445965 288.273 -0.0445568 -0.0432201 0.998071 -8.61805
0.00183013 -0.999011 -0.0444178 19.369 0.998983 -0.000174229 0.0450793 289.479 -0.0450425 -0.0444552 0.997995 -8.64524
0.00233584 -0.999069 -0.0430688 19.3511 0.998963 0.000372723 0.0455328 290.715 -0.0454744 -0.0431305 0.998034 -8.69028
0.00187394 -0.99908 -0.0428336 19.3567 0.999027 -1.69067e-05 0.0441011 291.939 -0.0440613 -0.0428746 0.998108 -8.72734
0.00204163 -0.999092 -0.0425515 19.3422 0.999157 0.00029332 0.0410529 293.176 -0.0410031 -0.0425994 0.99825 -8.77205
0.00144792 -0.999039 -0.0437997 19.3463 0.999272 -0.000224745 0.0381599 294.387 -0.038133 -0.043823 0.998311 -8.80242
0.00118587 -0.998978 -0.0451758 19.3427 0.999312 -0.000491274 0.0370957 295.614 -0.03708 -0.0451886 0.99829 -8.83465
0.00078938 -0.99889 -0.0470923 19.33 0.999319 -0.000948778 0.0368759 296.838 -0.0368796 -0.0470893 0.99821 -8.88666
0.00069467 -0.998739 -0.0501984 19.3251 0.999259 -0.00123851 0.0384695 298.077 -0.0384831 -0.050188 0.997998 -8.91896
0.000760641 -0.998557 -0.0536932 19.2901 0.999208 -0.00137684 0.0397609 299.305 -0.0397774 -0.0536809 0.997766 -8.94342
0.000669575 -0.998452 -0.0556205 19.2821 0.999212 -0.00153961 0.0396666 300.535 -0.0396908 -0.0556032 0.997664 -8.97648
-0.000329735 -0.99843 -0.0560111 19.2865 0.999277 -0.00245828 0.0379375 301.743 -0.0380156 -0.0559581 0.997709 -8.99682
-0.00093113 -0.99858 -0.0532627 19.255 0.999371 -0.00281796 0.0353609 302.993 -0.0354608 -0.0531963 0.997954 -9.03044
-0.00182086 -0.998685 -0.0512298 19.2723 0.999378 -0.00362141 0.0350756 304.224 -0.0352151 -0.051134 0.998071 -9.04311
