1 0 0 0 0 1 0 0 -0 0 1 0
0.999938 0.0110961 -4.08575e-05 0.266103 -0.0110961 0.999938 -8.20176e-05 -0.0774999 3.99449e-05 8.2466e-05 1 0.0481425
0.999847 0.017488 0.000616168 0.533759 -0.0174868 0.999846 -0.00177811 -0.0838385 -0.000647168 0.00176706 0.999998 0.0569945
0.999798 0.0200847 -0.000844237 0.913132 -0.0200893 0.999781 -0.00587137 -0.0639331 0.000726127 0.00588715 0.999982 0.0670518
0.999837 0.0179199 -0.00223735 1.17287 -0.0179335 0.99982 -0.00621413 -0.0819507 0.00212559 0.00625324 0.999978 0.0645672
0.999933 0.0110181 -0.00357672 1.48086 -0.0110527 0.999891 -0.00982039 -0.0754459 0.00346812 0.00985927 0.999945 0.0559247
0.999987 -0.000791284 -0.00509966 1.84247 0.000737418 0.999944 -0.010556 -0.0835204 0.00510773 0.0105521 0.999931 0.0714655
0.999853 -0.0162923 -0.00525183 2.15075 0.0162376 0.999815 -0.0102993 -0.0409134 0.00541866 0.0102125 0.999933 0.0780022
0.999346 -0.0357909 -0.00524229 2.50766 0.0357565 0.999339 -0.00652124 -0.00241176 0.00547223 0.00632953 0.999965 0.0775451
0.998451 -0.0552624 -0.00641281 2.84597 0.0552423 0.998468 -0.0032726 0.0369698 0.00658384 0.00291327 0.999974 0.0800533
0.997181 -0.0747121 -0.00688917 3.19917 0.0746948 0.997203 -0.00273424 0.0688009 0.00707418 0.00221195 0.999973 0.086714
0.995331 -0.0963087 -0.00641465 3.58007 0.096285 0.995346 -0.00391026 0.106852 0.00676139 0.00327437 0.999972 0.0885684
0.993259 -0.115777 -0.00571315 3.97225 0.115752 0.993268 -0.00443879 0.171134 0.0061886 0.00374755 0.999974 0.0982032
0.991107 -0.132966 -0.00513403 4.34777 0.132947 0.991116 -0.00383859 0.22629 0.00559882 0.0031219 0.999979 0.101639
0.988801 -0.149167 -0.00475617 4.77132 0.149154 0.98881 -0.00292857 0.293959 0.00513979 0.00218637 0.999984 0.107698
0.986782 -0.161979 -0.00486037 5.18461 0.161968 0.986793 -0.00262367 0.370805 0.00522116 0.00180177 0.999985 0.113646
0.984603 -0.174703 -0.0059083 5.61518 0.17468 0.984616 -0.00422055 0.469762 0.00655476 0.0031235 0.999974 0.116002
0.982841 -0.184308 -0.00738484 6.08819 0.18426 0.982855 -0.00670414 0.54414 0.00849385 0.00522837 0.99995 0.130476
0.981395 -0.191788 -0.00899725 6.53887 0.191736 0.981426 -0.00638078 0.643419 0.0100539 0.00453697 0.999939 0.136749
0.979723 -0.200044 -0.0111634 7.00066 0.19998 0.979778 -0.00658028 0.740147 0.012254 0.00421441 0.999916 0.128166
0.978173 -0.20735 -0.0135554 7.48955 0.20727 0.978258 -0.00705664 0.832277 0.0147239 0.00409297 0.999883 0.137929
0.976345 -0.215725 -0.0146246 7.98659 0.215575 0.976423 -0.0111583 0.941374 0.016687 0.00774167 0.999831 0.150798
0.974629 -0.223354 -0.0145496 8.50406 0.223107 0.974648 -0.0168955 1.06365 0.0179544 0.0132207 0.999751 0.155911
0.972705 -0.231426 -0.016922 9.00882 0.231127 0.972758 -0.017931 1.16579 0.0206107 0.0135305 0.999696 0.185813
0.970389 -0.240591 -0.0214941 9.54871 0.240328 0.970589 -0.014109 1.32403 0.0242564 0.00852554 0.999669 0.180718
0.9681 -0.249301 -0.0251289 10.0777 0.249076 0.968413 -0.0117665 1.5017 0.0272686 0.00513216 0.999615 0.190429
0.965731 -0.258186 -0.026532 10.6756 0.257898 0.966073 -0.0138247 1.64462 0.0292012 0.00650834 0.999552 0.216992
0.963553 -0.266024 -0.0282182 11.2232 0.265683 0.963939 -0.0152883 1.79127 0.0312677 0.00723403 0.999485 0.248685
0.961309 -0.273736 -0.0308744 11.7628 0.273382 0.961785 -0.0152358 1.96194 0.0338651 0.00620577 0.999407 0.260851
0.958852 -0.281798 -0.0345381 12.3769 0.281433 0.959462 -0.0150918 2.14353 0.0373908 0.00475068 0.999289 0.284336
0.956495 -0.289023 -0.0397874 13.0138 0.28856 0.95731 -0.017039 2.35943 0.0430135 0.00481662 0.999063 0.308476
0.954251 -0.295334 -0.0467275 13.5685 0.294841 0.95539 -0.0172691 2.5254 0.0497431 0.00270184 0.998758 0.336924
0.952637 -0.2991 -0.054966 14.2031 0.298557 0.954221 -0.0180323 2.74805 0.0578432 0.000767711 0.998325 0.367681
0.950899 -0.30267 -0.0646712 14.8284 0.302253 0.953087 -0.0163827 2.95228 0.0665958 -0.00396873 0.997772 0.402361
0.948804 -0.307078 -0.0739874 15.4711 0.306747 0.951655 -0.0160857 3.18861 0.07535 -0.00743316 0.997129 0.434911
0.946699 -0.311486 -0.0820779 16.1582 0.311343 0.950181 -0.0148544 3.42112 0.0826158 -0.0114917 0.996515 0.487978
0.944796 -0.315353 -0.0889575 16.7947 0.315416 0.948854 -0.0137209 3.66109 0.0887346 -0.0150952 0.995941 0.542085
0.942629 -0.31987 -0.0955733 17.4583 0.32019 0.947273 -0.0123838 3.92339 0.0944951 -0.0189282 0.995345 0.606632
0.940412 -0.324251 -0.102405 18.1403 0.324973 0.94567 -0.0100278 4.14151 0.100093 -0.0238487 0.994692 0.677336
0.938264 -0.328993 -0.106886 18.8435 0.330188 0.94389 -0.00682327 4.39271 0.103133 -0.0288904 0.994248 0.743076
0.936365 -0.333752 -0.108767 19.5202 0.334995 0.942192 -0.00717923 4.66195 0.104875 -0.0297139 0.994041 0.824627
0.934258 -0.339714 -0.108429 20.2501 0.341122 0.940001 -0.00586385 4.9393 0.103915 -0.031509 0.994087 0.907677
0.932062 -0.346091 -0.107154 20.9938 0.347463 0.937673 -0.0061954 5.20188 0.10262 -0.0314576 0.994223 0.992352
0.929647 -0.353017 -0.105523 21.7209 0.354337 0.935095 -0.00659804 5.49785 0.101003 -0.0312569 0.994395 1.07024
0.92694 -0.360986 -0.102325 22.4286 0.362222 0.932066 -0.00688488 5.75452 0.0978591 -0.0306826 0.994727 1.16786
0.923922 -0.369967 -0.0974281 23.2062 0.371246 0.928519 -0.00533465 6.04154 0.0924375 -0.031241 0.995228 1.244
0.921176 -0.377805 -0.0932675 23.9425 0.379247 0.925292 -0.00242593 6.34885 0.0872162 -0.0331367 0.995638 1.32892
0.917656 -0.386837 -0.0909118 24.7137 0.38856 0.921422 0.00136888 6.69397 0.0832386 -0.0365808 0.995858 1.3916
0.914141 -0.395386 -0.0895319 25.435 0.39714 0.917756 0.00194424 7.00836 0.0813998 -0.037334 0.995982 1.46639
0.910141 -0.40445 -0.0898006 26.2286 0.40636 0.913707 0.00329023 7.38396 0.0807207 -0.0394859 0.995954 1.54133
0.90666 -0.412389 -0.0888938 26.9469 0.414243 0.910163 0.00265757 7.71745 0.0798119 -0.0392331 0.996038 1.60407
0.902868 -0.42082 -0.0879746 27.7567 0.422734 0.906247 0.00348688 8.08708 0.0782593 -0.040338 0.996117 1.69038
0.898942 -0.429545 -0.0859956 28.5663 0.431389 0.90216 0.00320497 8.48093 0.0762051 -0.0399787 0.99629 1.75632
0.895959 -0.43668 -0.0810439 29.2973 0.438306 0.898822 0.00255619 8.86714 0.0717278 -0.0378123 0.996707 1.82426
0.892462 -0.44468 -0.0759707 30.1554 0.446188 0.894933 0.00324913 9.29161 0.0665439 -0.036797 0.997105 1.88586
0.889117 -0.451982 -0.0719931 30.9324 0.453409 0.891294 0.0039598 9.65802 0.0623773 -0.0361631 0.997397 1.95918
0.885546 -0.45925 -0.0699877 31.761 0.460594 0.887604 0.00350084 10.1014 0.0605136 -0.0353361 0.997542 2.02829
0.882161 -0.465952 -0.0684136 32.5926 0.467197 0.884149 0.00252177 10.5327 0.0593128 -0.0341872 0.997654 2.08401
0.878958 -0.472041 -0.0678914 33.4097 0.473395 0.880839 0.00445633 11.0019 0.0576978 -0.0360564 0.997683 2.13383
0.876203 -0.477428 -0.0658076 34.2233 0.47863 0.878012 0.00287203 11.4432 0.0564087 -0.0340139 0.997828 2.1953
0.873481 -0.482529 -0.0647798 35.06 0.48362 0.875277 0.00132341 11.937 0.0560617 -0.0324847 0.997899 2.24736
0.871489 -0.486061 -0.0652046 35.9282 0.487126 0.873332 0.000501084 12.4066 0.0567016 -0.0321995 0.997872 2.31397
0.86969 -0.489079 -0.0666431 36.7697 0.490292 0.871555 0.00214533 12.8761 0.0570339 -0.0345403 0.997775 2.37347
0.869603 -0.489417 -0.0652897 37.6401 0.49055 0.871412 0.00152631 13.3699 0.0561472 -0.0333551 0.997865 2.42811
0.869382 -0.490119 -0.062912 38.5074 0.491176 0.871059 0.00154097 13.8757 0.0540448 -0.0322406 0.998018 2.48761
0.868955 -0.490926 -0.0625213 39.4545 0.491935 0.870632 0.000849493 14.4156 0.054016 -0.0314946 0.998043 2.55007
0.868707 -0.491429 -0.0620043 40.353 0.492314 0.870417 -0.00114864 14.9332 0.054534 -0.0295278 0.998075 2.61855
0.867187 -0.494141 -0.0617389 41.2634 0.49495 0.868918 -0.00248807 15.4594 0.0548755 -0.0284 0.998089 2.67481
0.866063 -0.496375 -0.059556 42.1811 0.497096 0.86769 -0.0030787 15.9931 0.0532043 -0.0269387 0.99822 2.73775
0.863839 -0.500732 -0.055232 43.1162 0.501311 0.865259 -0.00380858 16.5381 0.049697 -0.0243984 0.998466 2.78942
0.861519 -0.505212 -0.0504555 44.0272 0.505693 0.862706 -0.00366101 17.0617 0.0453778 -0.022361 0.99872 2.86078
0.857877 -0.51154 -0.0487245 44.9026 0.512007 0.858975 -0.00330872 17.6045 0.0435457 -0.0221088 0.998807 2.92152
0.852349 -0.520715 -0.0485385 45.8316 0.521009 0.853519 -0.00739598 18.173 0.0452798 -0.0189851 0.998794 2.97644
0.84642 -0.530049 -0.0511917 46.7264 0.530238 0.847778 -0.0109427 18.7429 0.0491994 -0.0178817 0.998629 3.03426
0.840233 -0.539924 -0.049903 47.6401 0.540045 0.841548 -0.0121838 19.3221 0.0485741 -0.0167126 0.99868 3.08768
0.834309 -0.5493 -0.0468737 48.5262 0.549575 0.835406 -0.00796221 19.8942 0.0435322 -0.0191177 0.998869 3.14133
0.829905 -0.556221 -0.0433073 49.4196 0.556542 0.830802 -0.00537416 20.5205 0.038969 -0.0196423 0.999047 3.20347
0.825726 -0.562244 -0.0453603 50.3288 0.56264 0.826689 -0.00473347 21.1559 0.0401602 -0.021613 0.998959 3.26233
0.821956 -0.567395 -0.0495217 51.1824 0.567818 0.823129 -0.00641194 21.7496 0.0444008 -0.022849 0.998752 3.30429
0.818655 -0.57154 -0.0560876 52.0389 0.571966 0.82022 -0.00972644 22.3302 0.0515632 -0.0241176 0.998378 3.37702
0.815393 -0.576003 -0.0579166 52.9157 0.576474 0.817055 -0.00989719 22.9813 0.0530219 -0.0253173 0.998272 3.43012
0.812507 -0.580323 -0.0553026 53.7657 0.580829 0.813985 -0.00808533 23.6021 0.0497076 -0.025552 0.998437 3.49678
0.809264 -0.585339 -0.0497043 54.6326 0.585821 0.81042 -0.00575615 24.2349 0.0436506 -0.0244596 0.998747 3.5538
0.806298 -0.589645 -0.0469328 55.5097 0.590101 0.807315 -0.00494046 24.8688 0.0408027 -0.0237116 0.998886 3.6201
0.803494 -0.593323 -0.048635 56.3592 0.593899 0.804533 -0.00318187 25.4732 0.0410163 -0.0263276 0.998812 3.6715
0.799951 -0.597919 -0.0507062 57.2103 0.598525 0.801094 -0.00390716 26.1582 0.0429566 -0.0272234 0.998706 3.72026
0.795776 -0.603448 -0.0508984 58.0601 0.603914 0.797015 -0.00740749 26.8039 0.0450368 -0.0248435 0.998676 3.78559
0.79176 -0.608613 -0.0520176 58.9257 0.60908 0.793066 -0.00816887 27.462 0.0462251 -0.0252151 0.998613 3.83208
0.787021 -0.61489 -0.05008 59.7915 0.615293 0.78825 -0.00876391 28.1659 0.0448644 -0.0239165 0.998707 3.88978
0.782265 -0.621009 -0.0490838 60.6211 0.621392 0.783449 -0.00888109 28.8055 0.0439699 -0.0235529 0.998755 3.95685
0.77662 -0.628124 -0.0481922 61.4536 0.628366 0.777827 -0.0118368 29.5268 0.0449202 -0.0210896 0.998768 4.0096
0.771438 -0.63433 -0.0500873 62.3001 0.634613 0.772736 -0.0120897 30.1872 0.0463731 -0.0224596 0.998672 4.07412
0.765949 -0.641006 -0.0493253 63.1129 0.64117 0.767262 -0.0145185 30.9086 0.0471519 -0.0205055 0.998677 4.11705
0.760477 -0.647396 -0.0505365 63.9505 0.647584 0.761851 -0.0147645 31.606 0.0480598 -0.0214986 0.998613 4.18313
0.754468 -0.654373 -0.0507377 64.7724 0.654469 0.755898 -0.017008 32.3378 0.0494821 -0.0203743 0.998567 4.24906
0.747818 -0.661979 -0.0505218 65.6441 0.662065 0.749244 -0.017418 33.0705 0.0493835 -0.0204232 0.998571 4.31452
0.741738 -0.668964 -0.0480932 66.4204 0.668966 0.743065 -0.0184309 33.8087 0.048066 -0.0185018 0.998673 4.36581
0.735933 -0.675547 -0.0451465 67.2287 0.675411 0.737156 -0.0205225 34.568 0.0471439 -0.0153892 0.99877 4.42844
0.729355 -0.682666 -0.044819 68.0289 0.682484 0.73058 -0.0216407 35.3238 0.0475172 -0.0148045 0.998761 4.49534
0.723014 -0.689275 -0.0463794 68.831 0.689057 0.724339 -0.0230895 36.092 0.0495094 -0.015264 0.998657 4.56185
0.716649 -0.695866 -0.0467334 69.6609 0.695677 0.717991 -0.0228845 36.8702 0.0494787 -0.0161112 0.998645 4.62329
0.711263 -0.701379 -0.0466111 70.484 0.701229 0.712589 -0.0222338 37.689 0.0488089 -0.016871 0.998666 4.68864
0.706914 -0.705756 -0.0466912 71.2813 0.705627 0.708242 -0.0220226 38.4695 0.0486112 -0.0173784 0.998667 4.75168
0.701673 -0.710873 -0.0481175 72.0873 0.71078 0.70307 -0.0219881 39.3503 0.0494607 -0.0187725 0.9986 4.81651
0.696368 -0.71588 -0.0508728 72.883 0.715771 0.697937 -0.023581 40.1729 0.0523871 -0.0199922 0.998427 4.87691
0.691279 -0.720759 -0.0513721 73.6695 0.720521 0.692931 -0.0263783 40.9672 0.0546098 -0.0187799 0.998331 4.95684
0.685814 -0.726 -0.0508273 74.4437 0.725659 0.687473 -0.0282973 41.8191 0.0554862 -0.0174766 0.998306 5.00482
0.68087 -0.730727 -0.0495489 75.2384 0.730388 0.682456 -0.0280538 42.6807 0.0543146 -0.0170889 0.998378 5.08381
0.676399 -0.735004 -0.0474661 76.0178 0.734586 0.677892 -0.0290869 43.5495 0.0535559 -0.0151935 0.998449 5.15631
0.671891 -0.739039 -0.0488251 76.817 0.738663 0.673456 -0.0288691 44.4056 0.054217 -0.0166684 0.99839 5.23649
0.667013 -0.743523 -0.047621 77.591 0.743076 0.668534 -0.0300136 45.2734 0.054152 -0.0153665 0.998414 5.29831
0.662237 -0.747847 -0.0465567 78.3862 0.747353 0.663715 -0.0307589 46.1776 0.0539033 -0.0144247 0.998442 5.38206
0.658861 -0.750922 -0.0449249 79.1664 0.750334 0.660273 -0.0322361 47.0412 0.0538695 -0.0124696 0.99847 5.443
0.654402 -0.754897 -0.0434548 79.9066 0.754146 0.65577 -0.0350697 47.9427 0.0549703 -0.00982158 0.99844 5.5167
0.65061 -0.758162 -0.0435602 80.7058 0.757196 0.652022 -0.0390007 48.8576 0.057971 -0.00760933 0.998289 5.59752
0.645927 -0.762214 -0.0425158 81.4748 0.761022 0.647308 -0.0428722 49.7703 0.0601987 -0.0046631 0.998176 5.6714
0.639217 -0.768087 -0.0380063 82.2453 0.766659 0.640346 -0.0468113 50.6958 0.0602923 0.000784711 0.99818 5.74714
0.631106 -0.774937 -0.0343253 83.0234 0.773346 0.632019 -0.049875 51.585 0.0603442 0.00493106 0.998165 5.83117
0.622223 -0.782221 -0.0311076 83.7752 0.780583 0.622955 -0.0511597 52.5222 0.0593968 0.00755069 0.998206 5.91384
0.613305 -0.789386 -0.0269428 84.5209 0.787786 0.613812 -0.0512668 53.5156 0.0570071 0.010217 0.998321 5.973
0.604937 -0.795775 -0.0281708 85.2492 0.794241 0.605542 -0.0500099 54.4557 0.0568552 0.0078785 0.998351 6.07049
0.595268 -0.802997 -0.0291715 86.0154 0.801354 0.595935 -0.0518938 55.4896 0.0590549 0.00751397 0.998226 6.13983
0.585056 -0.810469 -0.0291302 86.6951 0.808702 0.585725 -0.0541108 56.4399 0.0609174 0.00810016 0.99811 6.22837
0.575826 -0.81707 -0.0286583 87.4232 0.81517 0.576466 -0.0564263 57.4768 0.0626248 0.00913031 0.997995 6.2963
0.565673 -0.824238 -0.0254063 88.1309 0.822347 0.56613 -0.0569413 58.4733 0.0613165 0.0113174 0.998054 6.38695
0.555438 -0.831208 -0.0241144 88.8064 0.829389 0.555849 -0.0560797 59.4855 0.0600179 0.0111486 0.998135 6.4763
0.545216 -0.837964 -0.0235855 89.5086 0.836133 0.545614 -0.0564547 60.498 0.0601756 0.0110594 0.998127 6.56871
0.534866 -0.844603 -0.0237405 90.1892 0.842667 0.535276 -0.0582386 61.5766 0.0618962 0.0111445 0.99802 6.64184
0.5248 -0.850848 -0.0253569 90.8279 0.84889 0.525333 -0.0583981 62.6117 0.0630087 0.00912212 0.997971 6.73358
0.514724 -0.856973 -0.0256338 91.4674 0.854938 0.515287 -0.0596731 63.7082 0.0643469 0.00879984 0.997889 6.82794
0.505089 -0.862685 -0.0256989 92.0895 0.860645 0.505678 -0.0598299 64.7486 0.0646097 0.00810174 0.997878 6.90914
0.496075 -0.867937 -0.0244087 92.734 0.865983 0.49661 -0.0587552 65.8888 0.0631174 0.00800946 0.997974 7.00172
0.48863 -0.872209 -0.0221906 93.3486 0.87037 0.489056 -0.0572678 66.9971 0.060802 0.0086687 0.998112 7.09521
0.480566 -0.876704 -0.0211235 93.9633 0.874831 0.480938 -0.0580454 68.0843 0.0610477 0.00941515 0.99809 7.17191
0.473377 -0.880598 -0.0214899 94.5542 0.878591 0.473767 -0.0601849 69.1786 0.0631799 0.00960939 0.997956 7.2729
0.466319 -0.884414 -0.0189164 95.1504 0.882161 0.46651 -0.0645006 70.3461 0.0658699 0.0133905 0.997738 7.36008
0.46062 -0.887381 -0.0195912 95.7669 0.884981 0.460843 -0.0665695 71.4844 0.0681011 0.0133253 0.997589 7.45606
0.454953 -0.890283 -0.0203461 96.3437 0.887687 0.455209 -0.0692599 72.5994 0.0709227 0.013449 0.997391 7.55921
0.450091 -0.89276 -0.0199388 96.9387 0.890139 0.450327 -0.0697076 73.7579 0.0712112 0.0136265 0.997368 7.66454
0.44663 -0.894601 -0.0145092 97.4591 0.892157 0.446518 -0.0683913 74.9012 0.0676616 0.0176011 0.997553 7.76461
0.44282 -0.896574 -0.00808675 98.0496 0.894347 0.442325 -0.0670248 76.0395 0.0636697 0.0224476 0.997719 7.86091
0.439344 -0.898301 -0.00568126 98.5604 0.896135 0.438708 -0.0669185 77.1334 0.0626053 0.0243091 0.997742 7.94679
0.436359 -0.89976 -0.00483038 99.1077 0.897641 0.435688 -0.0664542 78.2743 0.0618973 0.0246619 0.997778 8.04158
0.43376 -0.901026 -0.00199654 99.6574 0.899023 0.432941 -0.0657236 79.4325 0.0600831 0.0267134 0.997836 8.14038
0.431459 -0.902132 0.000597156 100.211 0.900248 0.430514 -0.0648958 80.5229 0.0582875 0.0285374 0.997892 8.22562
0.42964 -0.902992 0.00379191 100.718 0.901102 0.428461 -0.0666083 81.6726 0.0585221 0.0320345 0.997772 8.31849
0.427616 -0.903933 0.0071345 101.211 0.902089 0.426209 -0.0676813 82.6938 0.0581385 0.0353775 0.997681 8.39113
0.424843 -0.905196 0.0113655 101.745 0.903538 0.423223 -0.0670904 83.8673 0.0559198 0.0387721 0.997682 8.48019
0.423741 -0.905703 0.0120249 102.269 0.904193 0.422174 -0.0648447 84.9384 0.0536534 0.0383502 0.997823 8.5663
0.421821 -0.906574 0.0137901 102.774 0.905093 0.420135 -0.0655187 85.991 0.0536039 0.0401185 0.997756 8.65359
0.420574 -0.907131 0.0151955 103.255 0.90561 0.418742 -0.0672735 87.0659 0.0546629 0.0420547 0.997619 8.73064
0.420221 -0.907335 0.0125641 103.688 0.905734 0.418556 -0.0667529 88.0634 0.0553084 0.0394308 0.99769 8.80914
0.420931 -0.90704 0.00980726 104.203 0.905332 0.419416 -0.0668084 89.1817 0.0564845 0.0370005 0.997718 8.89359
0.422877 -0.906165 0.00634328 104.685 0.904387 0.421585 -0.0659539 90.2081 0.0570909 0.0336271 0.997803 8.96929
0.426346 -0.90455 0.00419703 105.178 0.902711 0.425174 -0.065876 91.2112 0.0578036 0.0318747 0.997819 9.06024
0.431587 -0.902063 0.00379085 105.643 0.900125 0.430377 -0.0674539 92.247 0.0592162 0.0325245 0.997715 9.13012
0.437258 -0.899334 0.00183344 106.131 0.897374 0.436168 -0.0669145 93.2035 0.0593788 0.0309042 0.997757 9.2223
0.44459 -0.895731 0.0021035 106.628 0.893799 0.443475 -0.0667306 94.2428 0.0588399 0.0315479 0.997769 9.30213
0.452319 -0.891852 0.00278032 107.093 0.889992 0.45117 -0.066032 95.2151 0.0576364 0.032342 0.997814 9.37307
0.461265 -0.887261 0.00114996 107.627 0.885399 0.460213 -0.0653629 96.2156 0.0574648 0.0311678 0.997861 9.45064
0.470188 -0.882566 -0.000406903 108.123 0.880693 0.46922 -0.064909 97.1984 0.0574774 0.0301611 0.997891 9.52604
0.480214 -0.877148 -0.00250624 108.686 0.875177 0.479323 -0.0656913 98.1415 0.0588223 0.0293525 0.997837 9.60474
0.490889 -0.871187 -0.00780814 109.19 0.869088 0.490294 -0.065561 99.1263 0.0609442 0.0253972 0.997818 9.67188
0.501903 -0.86485 -0.0113178 109.736 0.862666 0.501495 -0.0656543 100.103 0.0624569 0.0231886 0.997778 9.76314
0.513938 -0.857716 -0.0138129 110.297 0.855617 0.513703 -0.0634659 101.02 0.0615315 0.020799 0.997888 9.84531
0.526666 -0.849949 -0.0145151 110.869 0.847959 0.526483 -0.0614923 101.985 0.0599073 0.0200777 0.998002 9.91994
0.53858 -0.84245 -0.0144746 111.419 0.840559 0.5384 -0.0598813 102.892 0.0582401 0.0200841 0.998101 9.99279
0.550587 -0.834679 -0.0128114 111.986 0.832798 0.550273 -0.060395 103.782 0.0574602 0.0225834 0.998092 10.0919
0.561476 -0.827361 -0.0147703 112.565 0.82549 0.561269 -0.0595278 104.621 0.0575412 0.0212307 0.998117 10.1359
0.573267 -0.819228 -0.0151651 113.187 0.817241 0.573013 -0.0614279 105.51 0.0590133 0.022821 0.997996 10.2269
0.584224 -0.811457 -0.0148172 113.8 0.809393 0.583887 -0.0629167 106.408 0.0597058 0.0247645 0.997909 10.3025
0.595331 -0.803317 -0.016232 114.402 0.801298 0.595081 -0.0616456 107.264 0.0591803 0.0236928 0.997966 10.3825
0.60482 -0.796187 -0.0167026 114.994 0.794301 0.60463 -0.059228 108.021 0.0572554 0.0225554 0.998105 10.4402
0.615019 -0.788389 -0.0139319 115.631 0.786648 0.614683 -0.0578799 108.863 0.0541956 0.0246378 0.998226 10.5209
0.62482 -0.780643 -0.0140378 116.268 0.77895 0.624489 -0.0570118 109.616 0.0532723 0.0246873 0.998275 10.5959
0.634392 -0.772791 -0.0184467 116.89 0.771134 0.634333 -0.0545282 110.423 0.0538403 0.0203673 0.998342 10.6522
0.644456 -0.764375 -0.0201794 117.526 0.762649 0.644456 -0.0551687 111.216 0.0551743 0.0201639 0.998273 10.7319
0.653036 -0.757022 -0.0214944 118.142 0.755381 0.653129 -0.0531174 111.921 0.0542496 0.0184512 0.998357 10.801
0.662349 -0.748884 -0.0215902 118.778 0.747361 0.662468 -0.0508653 112.68 0.052395 0.017555 0.998472 10.8546
0.671063 -0.741121 -0.020366 119.451 0.739663 0.671117 -0.0499948 113.426 0.0507202 0.0184857 0.998542 10.9129
0.678597 -0.734227 -0.020426 120.116 0.732848 0.678669 -0.0484014 114.106 0.0494001 0.0178759 0.998619 10.9823
0.686716 -0.726597 -0.0218525 120.728 0.72526 0.686867 -0.0470357 114.83 0.0491858 0.0164514 0.998654 11.0425
0.694189 -0.719449 -0.0222433 121.39 0.718168 0.694367 -0.0457207 115.496 0.0483387 0.0157644 0.998707 11.1051
0.701611 -0.712239 -0.0214016 122.054 0.711069 0.701769 -0.0436124 116.201 0.0460814 0.0153809 0.998819 11.1569
0.708698 -0.705215 -0.0204376 122.716 0.704173 0.70884 -0.041063 116.855 0.0434452 0.0147097 0.998948 11.2225
0.715912 -0.697891 -0.0204667 123.371 0.696919 0.716069 -0.0393488 117.475 0.0421168 0.0139067 0.999016 11.2705
0.723398 -0.690114 -0.0209262 124.024 0.689177 0.723578 -0.0383359 118.116 0.0415979 0.0133102 0.999046 11.3451
0.731447 -0.681536 -0.0222006 124.669 0.680682 0.731699 -0.0358924 118.749 0.0407061 0.0111419 0.999109 11.3777
0.740323 -0.671922 -0.0210293 125.316 0.671205 0.740554 -0.0326139 119.332 0.0374873 0.0100299 0.999247 11.4257
0.749586 -0.661579 -0.0208342 125.985 0.660989 0.749832 -0.029065 119.945 0.0348509 0.00801554 0.99936 11.457
0.759565 -0.650082 -0.0213084 126.631 0.649576 0.759839 -0.0263899 120.489 0.0333466 0.00620342 0.999425 11.5073
0.769077 -0.638741 -0.0230382 127.259 0.638237 0.769404 -0.0259227 121.048 0.0342836 0.00523273 0.999398 11.5445
0.779481 -0.625956 -0.0242475 127.952 0.625429 0.779841 -0.0262087 121.621 0.0353147 0.0052641 0.999362 11.6038
0.789463 -0.613307 -0.0245587 128.63 0.612796 0.789828 -0.0255541 122.117 0.0350697 0.0051245 0.999372 11.646
0.798643 -0.601317 -0.0242216 129.269 0.600849 0.798996 -0.0241838 122.621 0.0338951 0.00476074 0.999414 11.6718
0.809451 -0.586753 -0.0226031 129.992 0.586369 0.809755 -0.0216326 123.12 0.0309959 0.00425675 0.99951 11.7017
0.819051 -0.573354 -0.0205354 130.681 0.573021 0.819295 -0.020081 123.609 0.0283381 0.00468013 0.999587 11.7443
0.8278 -0.560737 -0.0179194 131.351 0.560453 0.827976 -0.0186661 124.079 0.0253037 0.00540882 0.999665 11.7852
0.835469 -0.549297 -0.0162381 132.056 0.549032 0.835603 -0.0181835 124.514 0.0235568 0.00627646 0.999703 11.8095
0.842913 -0.537858 -0.0143674 132.746 0.537606 0.843001 -0.0181369 124.98 0.0218668 0.00756388 0.999732 11.8442
0.849548 -0.527326 -0.0139539 133.469 0.527077 0.849625 -0.0180695 125.449 0.0213841 0.00799614 0.999739 11.8829
0.856264 -0.516338 -0.0143629 134.202 0.516107 0.856355 -0.0170438 125.9 0.0211001 0.00718115 0.999752 11.904
0.863354 -0.504384 -0.0146932 134.953 0.504192 0.863461 -0.0149987 126.318 0.0202521 0.00554099 0.99978 11.9292
0.87019 -0.492496 -0.0147522 135.695 0.492331 0.870303 -0.0135096 126.755 0.0194924 0.00449296 0.9998 11.9437
0.87609 -0.481929 -0.0144881 136.466 0.481759 0.876195 -0.0137839 127.17 0.0193373 0.00509616 0.9998 11.9795
0.880695 -0.473457 -0.0146428 137.174 0.473257 0.880793 -0.0151959 127.577 0.0200919 0.00645314 0.999777 12.0114
0.885124 -0.46511 -0.0151194 137.951 0.464892 0.885225 -0.0158498 127.99 0.0207559 0.00700013 0.99976 12.0369
0.888547 -0.458552 -0.0146453 138.718 0.458355 0.888643 -0.0149762 128.379 0.0198818 0.00659434 0.999781 12.061
0.891719 -0.452428 -0.0120937 139.517 0.452282 0.89178 -0.0130072 128.803 0.0166697 0.00612905 0.999842 12.0919
0.894638 -0.446691 -0.00946811 140.287 0.446612 0.894679 -0.00933826 129.168 0.0126422 0.00412579 0.999912 12.1019
0.898152 -0.43962 -0.00760978 141.116 0.439581 0.898181 -0.00630809 129.603 0.00960812 0.0023205 0.999951 12.1164
0.901437 -0.432862 -0.00656346 141.952 0.432845 0.90146 -0.00387967 130.013 0.00759606 0.000656319 0.999971 12.1333
0.904715 -0.42599 -0.00486325 142.767 0.425987 0.904728 -0.00170704 130.412 0.0051271 -0.000527301 0.999987 12.1436
0.907853 -0.419281 -0.00246999 143.612 0.419281 0.907856 -0.000501431 130.804 0.00245264 -0.000580394 0.999997 12.1585
0.911424 -0.411468 -0.000135572 144.476 0.411468 0.911424 -0.000204591 131.204 0.000207747 0.000130686 1 12.1721
0.91495 -0.403567 0.00102094 145.377 0.403567 0.91495 -0.0003561 131.593 -0.000790402 0.000737833 0.999999 12.1802
0.918464 -0.395503 0.00119979 146.278 0.395504 0.918463 -0.00113637 131.971 -0.000652523 0.00151823 0.999999 12.1641
0.922391 -0.386253 0.00204492 147.16 0.386258 0.922384 -0.00356645 132.355 -0.000508643 0.00407953 0.999992 12.1979
0.92647 -0.376368 0.0011859 148.097 0.376369 0.926457 -0.0049644 132.758 0.000769755 0.0050457 0.999987 12.1912
0.930923 -0.365216 -0.00042364 149.049 0.365208 0.930907 -0.00589561 133.131 0.00254754 0.00533364 0.999983 12.2108
0.936051 -0.35186 -0.00188362 150.003 0.35185 0.936047 -0.00418404 133.5 0.00323535 0.00325373 0.999989 12.2114
0.941929 -0.335806 -0.00203742 150.963 0.335805 0.941931 -0.000772142 133.861 0.0021784 4.31267e-05 0.999998 12.222
0.948203 -0.317665 -0.000263823 151.952 0.317664 0.948197 0.00343554 134.198 -0.000841195 -0.0033414 0.999994 12.2218
0.954692 -0.297594 0.00075844 152.984 0.297583 0.954673 0.00659146 134.559 -0.00268564 -0.00606712 0.999978 12.2337
0.961261 -0.275637 0.00144508 154.013 0.275615 0.96123 0.00853368 134.842 -0.00374126 -0.0078048 0.999963 12.242
0.966864 -0.255277 0.00274717 155.074 0.255238 0.966825 0.0101556 135.13 -0.00524854 -0.00911794 0.999945 12.2316
0.972361 -0.233411 0.00575433 156.139 0.23334 0.972334 0.0109433 135.403 -0.00814941 -0.00929808 0.999924 12.2471
0.977227 -0.212005 0.00906646 157.22 0.211879 0.977209 0.0130576 135.669 -0.0116281 -0.0108392 0.999874 12.2324
0.981747 -0.189716 0.0134662 158.316 0.189509 0.98176 0.0152782 135.871 -0.0161191 -0.0124474 0.999793 12.2443
0.985895 -0.166522 0.0167568 159.455 0.166231 0.985932 0.0174893 136.061 -0.0194334 -0.0144571 0.999707 12.2257
0.989438 -0.143934 0.0171629 160.592 0.1436 0.989447 0.0193128 136.24 -0.0197616 -0.0166443 0.999666 12.2124
0.992333 -0.122607 0.0155762 161.721 0.122308 0.992312 0.018894 136.415 -0.017773 -0.016844 0.9997 12.1988
0.994767 -0.101067 0.0149932 162.876 0.100776 0.994727 0.0190413 136.549 -0.0168386 -0.0174307 0.999706 12.1836
0.996602 -0.0805296 0.0173049 164.059 0.0802205 0.996617 0.0178683 136.644 -0.0186852 -0.0164194 0.999691 12.1808
0.997958 -0.0607179 0.0198262 165.234 0.0603542 0.998006 0.0184564 136.744 -0.0209073 -0.0172221 0.999633 12.1682
0.998963 -0.040311 0.0211489 166.463 0.039912 0.999023 0.0189568 136.791 -0.0218924 -0.018093 0.999597 12.1556
0.999545 -0.0204678 0.0221482 167.645 0.0200162 0.999591 0.02042 136.849 -0.0225571 -0.0199674 0.999546 12.1325
0.999735 0.000321604 0.0230376 168.917 -0.000804419 0.99978 0.0209515 136.849 -0.0230258 -0.0209645 0.999515 12.1132
0.999514 0.0207678 0.0232622 170.145 -0.0213065 0.999505 0.0231547 136.855 -0.0227698 -0.0236391 0.999461 12.0919
0.998904 0.0410124 0.0225779 171.413 -0.0415628 0.998836 0.0244756 136.803 -0.0215478 -0.0253872 0.999445 12.0668
0.997892 0.0612803 0.0213437 172.634 -0.061801 0.997784 0.0246557 136.731 -0.0197855 -0.0259228 0.999468 12.0607
0.996601 0.080062 0.0194032 173.951 -0.0805668 0.996389 0.0268022 136.656 -0.0171873 -0.0282743 0.999452 12.0417
0.994895 0.0992383 0.0183139 175.221 -0.099716 0.994641 0.0273288 136.555 -0.0155037 -0.0290155 0.999459 12.0287
0.992863 0.118152 0.0162183 176.488 -0.118561 0.992575 0.0271667 136.404 -0.0128881 -0.0288957 0.999499 12.0252
0.990499 0.137022 0.0116458 177.804 -0.137307 0.990111 0.0287739 136.242 -0.00758792 -0.0300996 0.999518 12.0109
0.987727 0.156077 0.00595611 179.124 -0.156187 0.98726 0.0303846 136.037 -0.00113788 -0.030942 0.999521 12.0271
0.984778 0.173811 0.00158163 180.455 -0.173768 0.984234 0.0329875 135.827 0.0041769 -0.0327602 0.999455 12.0197
0.981614 0.190875 -0.000993008 181.728 -0.190726 0.981031 0.0346759 135.628 0.00759292 -0.0338489 0.999398 12.0437
0.977879 0.209148 -0.00301147 183.101 -0.208895 0.977231 0.0371705 135.322 0.010717 -0.0357192 0.999304 12.0571
0.97394 0.226793 -0.00242556 184.425 -0.226555 0.97331 0.0366216 135.042 0.0106664 -0.0351177 0.999326 12.0783
0.969696 0.244304 -0.00234891 185.755 -0.244069 0.969105 0.0355831 134.724 0.0109694 -0.0339315 0.999364 12.0985
0.965466 0.260443 -0.00674022 187.105 -0.260058 0.964949 0.0352476 134.384 0.015684 -0.0322775 0.999356 12.1473
0.960642 0.277609 -0.010047 188.444 -0.277082 0.960145 0.0367007 134.029 0.019835 -0.0324723 0.999276 12.1811
0.955671 0.294286 -0.00947343 189.823 -0.29372 0.955092 0.0390955 133.61 0.0205532 -0.0345799 0.999191 12.2003
0.950284 0.311275 -0.0083041 191.155 -0.310706 0.949633 0.0407227 133.239 0.0205618 -0.036118 0.999136 12.242
0.944223 0.329163 -0.00973136 192.495 -0.328437 0.943463 0.044801 132.774 0.023928 -0.039106 0.998949 12.2695
0.937716 0.347187 -0.0122213 193.895 -0.346321 0.936993 0.0458954 132.284 0.0273855 -0.0388044 0.998871 12.3253
0.931444 0.363617 -0.0139599 195.165 -0.362653 0.930762 0.0465263 131.79 0.0299111 -0.038274 0.99882 12.3624
0.924027 0.381892 -0.0182474 196.56 -0.380746 0.923492 0.046845 131.268 0.0347411 -0.0363385 0.998735 12.4287
0.915872 0.400856 -0.0222072 197.873 -0.399431 0.915393 0.0501097 130.721 0.040415 -0.0370238 0.998497 12.5026
0.906412 0.421721 -0.0238409 199.219 -0.420063 0.905895 0.0538671 130.098 0.0443143 -0.0388111 0.998263 12.5698
0.894881 0.445722 -0.0228064 200.556 -0.443971 0.894258 0.0565023 129.512 0.0455791 -0.0404374 0.998142 12.6305
0.882337 0.470112 -0.0218395 201.848 -0.468182 0.881539 0.0607775 128.844 0.0478246 -0.0434013 0.997912 12.7107
0.868614 0.495013 -0.0217383 203.182 -0.492839 0.867667 0.0652889 128.159 0.0511805 -0.0459974 0.99763 12.7934
0.854194 0.519502 -0.0216878 204.461 -0.517118 0.853146 0.0687879 127.411 0.0542383 -0.047543 0.997396 12.8862
0.839193 0.543396 -0.0218087 205.773 -0.540877 0.838135 0.0705827 126.64 0.056633 -0.0474367 0.997267 12.976
0.82325 0.567258 -0.0218719 207.027 -0.564632 0.822209 0.0718487 125.815 0.05874 -0.0467998 0.997176 13.0769
0.808089 0.588557 -0.024352 208.204 -0.585675 0.807184 0.0737443 125.011 0.0630592 -0.0453296 0.99698 13.182
0.791162 0.61099 -0.0274686 209.439 -0.607781 0.790435 0.076256 124.093 0.0683037 -0.043636 0.99671 13.2926
0.775183 0.631063 -0.0291674 210.634 -0.627655 0.774593 0.0778165 123.168 0.0717 -0.0420149 0.996541 13.4032
0.759424 0.649894 -0.0302183 211.792 -0.64632 0.758935 0.0792913 122.238 0.0744646 -0.040685 0.996393 13.5261
0.743486 0.668038 -0.0308867 212.949 -0.664375 0.743108 0.0799781 121.235 0.0763805 -0.0389423 0.996318 13.6497
0.727707 0.685169 -0.031416 214.094 -0.681431 0.727432 0.0805873 120.209 0.0780689 -0.0372361 0.996252 13.7824
0.712939 0.700443 -0.0331266 215.173 -0.696619 0.71287 0.0808634 119.189 0.0802552 -0.034574 0.996175 13.9068
0.69757 0.715631 -0.0356076 216.257 -0.711613 0.697744 0.0822173 118.141 0.0836823 -0.0320135 0.995978 14.0417
0.683104 0.729323 -0.0381713 217.311 -0.725038 0.68351 0.0844581 117.028 0.0876877 -0.030018 0.995696 14.197
0.667925 0.743199 -0.0391317 218.349 -0.738676 0.668436 0.086901 115.899 0.0907417 -0.0291377 0.995448 14.3285
0.651749 0.757449 -0.0386658 219.386 -0.752941 0.652311 0.0870073 114.76 0.0911257 -0.0275938 0.995457 14.4831
0.636167 0.770691 -0.0364243 220.391 -0.766136 0.636581 0.0883176 113.619 0.0912526 -0.0282788 0.995426 14.6379
0.61934 0.784466 -0.0321231 221.369 -0.779934 0.619427 0.0895185 112.421 0.0901221 -0.0303884 0.995467 14.8066
0.601888 0.798127 -0.026921 222.323 -0.793647 0.601571 0.0907611 111.245 0.0886337 -0.0332622 0.995509 14.9551
0.58374 0.811611 -0.0231171 223.241 -0.807136 0.583144 0.0920642 110.027 0.0882009 -0.035083 0.995485 15.1125
0.566269 0.823961 -0.0206729 224.109 -0.819306 0.565451 0.0948826 108.853 0.0898691 -0.0367917 0.995274 15.2706
0.547812 0.836408 -0.0179698 224.953 -0.83151 0.546719 0.098432 107.624 0.0921538 -0.0389802 0.994982 15.4302
0.528903 0.848553 -0.0147851 225.743 -0.843751 0.527626 0.0984685 106.402 0.0913567 -0.0396054 0.99503 15.5874
0.50812 0.861209 -0.0115132 226.505 -0.856591 0.506699 0.0975087 105.163 0.0898091 -0.0396841 0.995168 15.7477
0.487607 0.873029 -0.00777306 227.243 -0.868706 0.486042 0.095464 103.94 0.0871208 -0.0397964 0.995403 15.8942
0.466828 0.88434 -0.00383321 227.912 -0.880262 0.465082 0.0940042 102.715 0.0849145 -0.0405095 0.995564 16.0406
0.444712 0.895671 -0.00214664 228.61 -0.891729 0.442977 0.0926868 101.449 0.0839678 -0.0393048 0.995693 16.1883
0.423751 0.905779 -0.000260211 229.214 -0.901912 0.421969 0.0921803 100.153 0.0836048 -0.0388268 0.995742 16.3434
0.403424 0.915013 -8.59579e-05 229.795 -0.911142 0.401726 0.0918467 98.9406 0.0840755 -0.0369748 0.995773 16.4776
0.381468 0.924382 -0.000615346 230.334 -0.920475 0.379917 0.0915867 97.6814 0.0848948 -0.034371 0.995797 16.6171
0.360584 0.932726 -0.00162068 230.882 -0.928809 0.359228 0.0909318 96.3955 0.0853966 -0.0312832 0.995856 16.7639
0.3401 0.940388 -0.00155949 231.344 -0.936606 0.33888 0.0890509 95.1458 0.0842708 -0.0288256 0.996026 16.9037
0.319885 0.947454 -0.00229629 231.786 -0.943667 0.318821 0.0885713 93.8764 0.0846493 -0.0261657 0.996067 17.0421
0.299447 0.954113 -0.000132715 232.214 -0.949937 0.298149 0.0934169 92.6441 0.0891698 -0.0278473 0.995627 17.1728
0.280315 0.959908 0.00070337 232.595 -0.954968 0.278798 0.10153 91.4331 0.0972629 -0.029132 0.994832 17.3118
0.261176 0.965286 0.00328976 232.977 -0.959596 0.259264 0.109355 90.1831 0.104706 -0.0317178 0.993997 17.459
0.242055 0.970241 0.00654159 233.314 -0.964231 0.239794 0.112948 88.9525 0.108018 -0.0336472 0.993579 17.6218
0.222827 0.974792 0.0113426 233.61 -0.968731 0.220109 0.114511 87.7347 0.109127 -0.036504 0.993357 17.773
0.203692 0.97889 0.0168593 233.901 -0.972938 0.200475 0.114899 86.5003 0.109094 -0.0398071 0.993234 17.9209
0.184459 0.982625 0.0205782 234.162 -0.976799 0.180968 0.114517 85.2802 0.108804 -0.0412246 0.993208 18.0793
0.165534 0.98592 0.0236528 234.379 -0.980285 0.16187 0.11331 84.0631 0.107886 -0.0419432 0.993278 18.2224
0.147209 0.988786 0.0251491 234.589 -0.983146 0.143488 0.113294 82.8334 0.108415 -0.0414031 0.993243 18.3792
0.128778 0.99128 0.0279349 234.765 -0.985612 0.12483 0.113959 81.6401 0.109478 -0.0422084 0.993093 18.5322
0.109575 0.993474 0.0316738 234.957 -0.987574 0.105202 0.11675 80.4355 0.112655 -0.0440731 0.992656 18.676
0.0911538 0.99527 0.0335909 235.089 -0.98929 0.0866414 0.11747 79.24 0.114004 -0.043939 0.992508 18.8586
0.0739744 0.99661 0.0359949 235.182 -0.990934 0.0693981 0.11504 78.1105 0.112153 -0.0441786 0.992708 18.9889
0.0584643 0.997637 0.0360805 235.261 -0.992353 0.054143 0.110923 76.8916 0.108708 -0.0422896 0.993174 19.1405
0.0436263 0.998405 0.035823 235.336 -0.993551 0.0396018 0.10625 75.7461 0.104662 -0.0402273 0.993694 19.2802
0.0314453 0.998865 0.03577 235.371 -0.994255 0.0275968 0.103416 74.607 0.102311 -0.0388164 0.993995 19.413
0.0211411 0.999088 0.0370989 235.382 -0.994489 0.0172033 0.103424 73.4571 0.102692 -0.0390809 0.993945 19.5442
0.0116968 0.99922 0.0377176 235.443 -0.994457 0.00768289 0.10486 72.33 0.104488 -0.0387351 0.993772 19.6987
0.00604553 0.999171 0.0402678 235.437 -0.99423 0.0016931 0.107256 71.2289 0.107099 -0.0406839 0.993416 19.8216
-0.000281163 0.999154 0.0411187 235.469 -0.993695 -0.00488917 0.112008 70.1443 0.112115 -0.040828 0.992856 19.9477
-0.0052746 0.999103 0.0420051 235.468 -0.992915 -0.0102192 0.118386 69.0908 0.118709 -0.0410831 0.992079 20.1307
-0.00895081 0.99898 0.044257 235.482 -0.992573 -0.0142457 0.120814 68.0294 0.121321 -0.042847 0.991688 20.2719
-0.0141838 0.99899 0.0426314 235.484 -0.993323 -0.0189597 0.113801 66.9335 0.114495 -0.0407326 0.992588 20.3908
-0.0164557 0.998978 0.0420951 235.453 -0.994243 -0.0208067 0.105108 65.8562 0.105877 -0.0401231 0.993569 20.5041
-0.0175797 0.998978 0.0416309 235.418 -0.994636 -0.0217178 0.101132 64.806 0.101933 -0.0396297 0.994002 20.635
-0.0178781 0.998956 0.0420418 235.406 -0.994511 -0.0221028 0.102274 63.8069 0.103096 -0.0399826 0.993867 20.7642
-0.0168312 0.99895 0.0426201 235.395 -0.994236 -0.0212356 0.105094 62.7799 0.105888 -0.0406056 0.993549 20.8832
-0.0148045 0.998925 0.0439206 235.397 -0.99401 -0.01946 0.107541 61.7478 0.10828 -0.0420654 0.99323 21.0063
-0.0125357 0.998875 0.0457237 235.391 -0.993884 -0.0174643 0.109038 60.74 0.109714 -0.0440771 0.992985 21.1274
-0.00899918 0.998837 0.0473735 235.396 -0.993863 -0.0141579 0.109712 59.7239 0.110255 -0.0460955 0.992834 21.2545
-0.0053973 0.998798 0.0487236 235.397 -0.993717 -0.0108043 0.111402 58.7262 0.111794 -0.0478162 0.99258 21.3828
0.000102079 0.998738 0.0502278 235.388 -0.993665 -0.00554344 0.112246 57.73 0.112383 -0.0499211 0.99241 21.4951
0.00650534 0.998717 0.0502124 235.418 -0.993715 0.000844883 0.111937 56.7572 0.111751 -0.050625 0.992446 21.6109
0.0125887 0.99874 0.0485693 235.43 -0.993868 0.0071615 0.110337 55.7248 0.10985 -0.0496605 0.992707 21.743
0.0197331 0.998753 0.0458692 235.446 -0.993777 0.014563 0.110432 54.7495 0.109626 -0.0477629 0.992825 21.8679
0.0270719 0.998604 0.0453575 235.463 -0.993562 0.0218865 0.111155 53.7969 0.110007 -0.0480747 0.992767 21.9821
0.0338866 0.99844 0.044367 235.526 -0.993407 0.0287846 0.110971 52.8025 0.109521 -0.0478349 0.992833 22.1132
0.0407379 0.998147 0.045191 235.565 -0.993305 0.0355642 0.109908 51.823 0.108097 -0.0493659 0.992914 22.2189
0.0470694 0.997863 0.0453204 235.607 -0.993225 0.0419285 0.108376 50.8565 0.106244 -0.0501146 0.993076 22.3394
0.0544844 0.997529 0.0443611 235.678 -0.993049 0.0494907 0.106791 49.8752 0.104332 -0.0498712 0.993291 22.4575
0.0606705 0.997187 0.0440025 235.733 -0.992659 0.0556565 0.107384 48.9436 0.104633 -0.0501945 0.993243 22.5672
0.0673304 0.996802 0.0430508 235.788 -0.991995 0.0622611 0.109858 47.9423 0.106826 -0.050103 0.993015 22.6974
0.0740473 0.996349 0.0424897 235.885 -0.991357 0.0689159 0.111629 46.9993 0.108294 -0.0503884 0.992841 22.7955
0.0811462 0.995734 0.043929 235.962 -0.990671 0.0757353 0.113295 46.0331 0.109485 -0.0527127 0.99259 22.9177
0.0877753 0.995138 0.0446727 236.075 -0.990082 0.0822151 0.113926 45.0772 0.109699 -0.0542295 0.992484 23.0157
0.0949571 0.994544 0.0431891 236.147 -0.989464 0.0895312 0.113776 44.1242 0.109289 -0.0535379 0.992567 23.1197
0.100899 0.993973 0.0428615 236.235 -0.989108 0.095578 0.111936 43.1525 0.107165 -0.0536889 0.992791 23.2183
0.108089 0.993257 0.0419304 236.35 -0.98862 0.102954 0.109687 42.2853 0.104631 -0.0533091 0.993081 23.3422
0.114205 0.992551 0.0424324 236.463 -0.988025 0.109016 0.109187 41.3145 0.103747 -0.0543939 0.993115 23.4611
0.120589 0.991852 0.041094 236.576 -0.987201 0.115466 0.110005 40.3734 0.104364 -0.0538335 0.993081 23.5615
0.127852 0.991018 0.0392183 236.696 -0.98618 0.122828 0.111183 39.384 0.105367 -0.0528912 0.993026 23.6687
0.136413 0.990009 0.0356892 236.817 -0.98488 0.131647 0.112609 38.4762 0.106786 -0.0505109 0.992998 23.7707
0.145705 0.988685 0.0356615 236.953 -0.983387 0.140792 0.114577 37.54 0.10826 -0.0517635 0.992774 23.8946
0.155457 0.98729 0.0330418 237.123 -0.981736 0.150696 0.116122 36.6099 0.109667 -0.0504903 0.992685 23.995
0.163769 0.985876 0.0350511 237.297 -0.980552 0.158783 0.115347 35.6798 0.108152 -0.0532596 0.992707 24.1013
0.169305 0.98489 0.0364253 237.443 -0.979805 0.164212 0.114087 34.7605 0.106382 -0.0550053 0.992803 24.2209
0.173227 0.98417 0.0374514 237.605 -0.979123 0.167983 0.114458 33.8175 0.106355 -0.0564967 0.992722 24.3335
0.175147 0.983788 0.0385244 237.787 -0.978616 0.169672 0.116289 32.9333 0.107867 -0.0580681 0.992468 24.4377
0.177958 0.983355 0.0366528 237.96 -0.977975 0.17261 0.117348 31.9759 0.109068 -0.0567284 0.992414 24.5389
0.181017 0.982845 0.0353348 238.158 -0.977415 0.175801 0.117281 31.0505 0.109057 -0.0557667 0.99247 24.6406
0.183615 0.982442 0.0330523 238.351 -0.976934 0.17865 0.116979 30.0854 0.10902 -0.0537689 0.992584 24.7694
0.186321 0.981984 0.0314903 238.52 -0.976366 0.181492 0.117348 29.1648 0.109518 -0.0526104 0.992592 24.8746
0.190374 0.981282 0.0290526 238.729 -0.975485 0.185756 0.118002 28.1694 0.110397 -0.0508049 0.992588 24.9897
