1 0 0 0 0 1 0 0 -0 0 1 0
0.999885 0.0151326 -0.00018159 0.0391167 -0.0151324 0.999885 0.00139212 0.0818431 0.000202635 -0.00138921 0.999999 0.0674673
0.999257 0.0385286 0.000443303 0.298904 -0.0385304 0.999245 0.0050745 -0.0216652 -0.000247455 -0.00508781 0.999987 0.0653156
0.997886 0.064961 0.00202822 0.435205 -0.064973 0.997865 0.00660052 -0.0266499 -0.00159512 -0.00671834 0.999976 0.0519663
0.995272 0.0970617 0.00356098 0.590108 -0.0970832 0.995255 0.00645863 -0.045944 -0.0029172 -0.00677381 0.999973 0.0548492
0.990698 0.135921 0.00648638 0.831489 -0.135945 0.990711 0.00339974 -0.12295 -0.00596403 -0.0042499 0.999973 0.0477182
0.984674 0.174264 0.00700372 0.964065 -0.174271 0.984698 0.000427702 -0.165883 -0.00682201 -0.00164169 0.999975 0.0795685
0.976013 0.217561 0.00809205 1.21126 -0.21757 0.976045 0.000258448 -0.247444 -0.00784197 -0.00201283 0.999967 0.0750284
0.964093 0.265286 0.0121778 1.40358 -0.265313 0.964162 0.000598358 -0.331544 -0.0115827 -0.00380781 0.999926 0.0579988
0.9496 0.312902 0.018786 1.66938 -0.312897 0.949781 -0.00326838 -0.456501 -0.0188653 -0.00277444 0.999818 0.0349977
0.932531 0.36028 0.0241649 1.86819 -0.360065 0.932838 -0.0128765 -0.5338 -0.0271811 0.00330681 0.999625 0.0636035
0.91119 0.411097 0.0270373 2.13109 -0.410726 0.911574 -0.0183611 -0.695474 -0.0321947 0.00562558 0.999466 0.0628083
0.885752 0.463146 0.030651 2.36424 -0.46272 0.886275 -0.0201805 -0.877166 -0.0365117 0.00369203 0.999326 0.0617316
0.857759 0.512872 0.0348268 2.58783 -0.5124 0.858465 -0.0220009 -1.03401 -0.0411812 0.0010262 0.999151 0.0332211
0.825356 0.563415 0.0367624 2.84213 -0.562758 0.826172 -0.0272614 -1.24452 -0.0457316 0.00181206 0.998952 0.0370942
0.789888 0.612137 0.0369348 3.0445 -0.611265 0.790744 -0.0328492 -1.46933 -0.0493142 0.00337021 0.998778 0.0313306
0.751907 0.658258 0.0364936 3.24981 -0.657197 0.75278 -0.0375963 -1.68858 -0.0522197 0.00428549 0.998626 0.0164913
0.711998 0.701323 0.0347262 3.51452 -0.700148 0.712828 -0.0408451 -1.98983 -0.0533994 0.00476812 0.998562 0.00385473
0.669998 0.741565 0.0344186 3.73197 -0.740338 0.670874 -0.0427572 -2.25889 -0.0547978 0.00316577 0.998492 -0.0141855
0.627131 0.778036 0.0369721 3.99018 -0.77683 0.628218 -0.0433357 -2.60591 -0.0569432 -0.00154389 0.998376 -0.0487173
0.585372 0.809868 0.038124 4.20584 -0.808674 0.586592 -0.0442284 -2.94255 -0.0581823 -0.00493981 0.998294 -0.0676451
0.545388 0.837294 0.0386009 4.38474 -0.836089 0.546702 -0.045523 -3.31499 -0.0592194 -0.0074461 0.998217 -0.0915959
0.506838 0.861171 0.0387176 4.61465 -0.859849 0.50824 -0.0484951 -3.726 -0.0614404 -0.00871216 0.998073 -0.103818
0.468777 0.882429 0.0395816 4.82993 -0.881191 0.470286 -0.048305 -4.13553 -0.0612404 -0.0122347 0.998048 -0.137671
0.432767 0.900697 0.0381787 5.04346 -0.899534 0.434233 -0.0477599 -4.59863 -0.0595956 -0.0136741 0.998129 -0.172039
0.399474 0.916097 0.0344542 5.21278 -0.914987 0.400752 -0.0468666 -5.07638 -0.0567419 -0.0128032 0.998307 -0.192078
0.36954 0.928729 0.0300325 5.41174 -0.927693 0.370591 -0.0452614 -5.56459 -0.0531654 -0.011135 0.998524 -0.218352
0.343291 0.938839 0.027069 5.59007 -0.937895 0.344196 -0.0433731 -6.1202 -0.0500374 -0.0104983 0.998692 -0.248889
0.323122 0.94603 0.0248709 5.794 -0.945106 0.323934 -0.0429133 -6.68076 -0.0486538 -0.00963942 0.998769 -0.273592
0.308436 0.950964 0.0231424 5.96207 -0.949991 0.309187 -0.0438326 -7.24755 -0.0488386 -0.00846553 0.998771 -0.311783
0.296778 0.954691 0.0220734 6.16002 -0.953647 0.297501 -0.0452795 -7.87993 -0.0497948 -0.00761228 0.99873 -0.33213
0.286729 0.957721 0.0235817 6.33987 -0.956599 0.287556 -0.0472238 -8.53351 -0.0520083 -0.00901782 0.998606 -0.366939
0.275671 0.960915 0.0254441 6.50355 -0.959731 0.276627 -0.0489312 -9.19498 -0.0540572 -0.0109306 0.998478 -0.40018
0.265308 0.963817 0.0258411 6.74653 -0.962558 0.266317 -0.0505645 -9.91918 -0.0556169 -0.0114583 0.998386 -0.438663
0.255613 0.966403 0.0269603 6.88788 -0.965035 0.256727 -0.0529049 -10.6081 -0.0580489 -0.0124945 0.998236 -0.467652
0.245478 0.96902 0.0272194 7.09924 -0.967561 0.246645 -0.0546996 -11.3311 -0.0597185 -0.0129089 0.998132 -0.508483
0.234922 0.971635 0.027165 7.2711 -0.970097 0.236122 -0.0562019 -12.0998 -0.061022 -0.0131496 0.99805 -0.549427
0.22288 0.974429 0.0285104 7.4452 -0.97275 0.224222 -0.0590098 -12.825 -0.0638936 -0.0145814 0.99785 -0.588796
0.212456 0.976681 0.0309292 7.62216 -0.97482 0.214033 -0.062572 -13.6446 -0.0677327 -0.0168566 0.997561 -0.640037
0.199206 0.979476 0.0307169 7.80633 -0.977368 0.200859 -0.0663876 -14.4208 -0.0711949 -0.0167969 0.997321 -0.685018
0.18695 0.981872 0.0312729 7.96606 -0.979607 0.188715 -0.0689653 -15.2321 -0.0736167 -0.0177422 0.997129 -0.725633
0.172354 0.984542 0.0311572 8.08765 -0.982247 0.174158 -0.0697159 -16.0378 -0.0740645 -0.0185883 0.99708 -0.77161
0.158972 0.986775 0.0316558 8.2073 -0.984539 0.160838 -0.0693854 -16.7976 -0.0735593 -0.020136 0.997088 -0.818738
0.14209 0.989359 0.0312881 8.33876 -0.987218 0.143946 -0.0684069 -17.6042 -0.0721828 -0.0211683 0.997167 -0.860629
0.121734 0.992027 0.0326204 8.42717 -0.990033 0.123703 -0.0673162 -18.4285 -0.0708147 -0.0241006 0.997198 -0.90597
0.0962243 0.994748 0.0348933 8.49319 -0.992941 0.0983739 -0.0662655 -19.2353 -0.0693501 -0.0282706 0.997192 -0.9592
0.0666311 0.997077 0.0373982 8.57441 -0.995441 0.0689918 -0.0658536 -20.0629 -0.0682412 -0.0328398 0.997128 -1.0086
0.0329018 0.998722 0.0383516 8.58512 -0.997206 0.0353781 -0.0657865 -20.9141 -0.0670593 -0.03608 0.997096 -1.05348
-0.00108212 0.999292 0.0376192 8.6187 -0.997869 0.00137542 -0.0652395 -21.789 -0.065245 -0.0376096 0.99716 -1.09772
-0.0352138 0.998681 0.0373684 8.61155 -0.997384 -0.0327571 -0.0644335 -22.6422 -0.0631244 -0.0395396 0.997222 -1.13683
-0.0677484 0.996987 0.0377676 8.56342 -0.995875 -0.0652857 -0.0630144 -23.4633 -0.0603589 -0.0418809 0.997298 -1.16875
-0.101476 0.994099 0.0383293 8.4579 -0.993258 -0.099069 -0.0601953 -24.2542 -0.0560429 -0.0441792 0.99745 -1.21972
-0.133029 0.990506 0.034667 8.37606 -0.9898 -0.130972 -0.0560508 -25.1536 -0.0509783 -0.0417698 0.997826 -1.25407
-0.16327 0.986147 0.02928 8.22442 -0.985522 -0.161647 -0.051153 -25.9854 -0.0457113 -0.0372078 0.998262 -1.2682
-0.193731 0.980768 0.0237335 8.06728 -0.98025 -0.192536 -0.045174 -26.8104 -0.0397356 -0.0320164 0.998697 -1.29574
-0.223384 0.974576 0.0173553 7.8481 -0.974104 -0.222567 -0.0398283 -27.6175 -0.034953 -0.0258029 0.999056 -1.31302
-0.249147 0.968424 0.00895913 7.63621 -0.967982 -0.248719 -0.0339029 -28.4176 -0.030604 -0.0171191 0.999385 -1.34226
-0.277488 0.960719 0.00436802 7.41839 -0.960484 -0.277312 -0.0238504 -29.2315 -0.0217022 -0.0108136 0.999706 -1.36472
-0.301391 0.95349 0.00449871 7.13618 -0.953472 -0.301341 -0.00923188 -30.0297 -0.00744686 -0.0070718 0.999947 -1.35262
-0.326156 0.945262 0.0101362 6.89137 -0.945257 -0.326237 0.00769647 -30.8424 0.010582 -0.0070711 0.999919 -1.32509
-0.351557 0.936028 0.0160981 6.57994 -0.935815 -0.351844 0.0213463 -31.6017 0.0256448 -0.00756044 0.999643 -1.31401
-0.375461 0.926673 0.0174793 6.25587 -0.926141 -0.375843 0.0316817 -32.3746 0.035928 -0.00429302 0.999345 -1.28199
-0.399526 0.916577 0.0163101 5.93189 -0.915858 -0.399858 0.0362994 -33.1223 0.0397929 -0.000435132 0.999208 -1.24563
-0.421832 0.906556 0.0146517 5.57052 -0.905866 -0.422083 0.0354004 -33.8876 0.0382767 0.00166057 0.999266 -1.19903
-0.442506 0.896714 0.00961168 5.21037 -0.896155 -0.442575 0.0321434 -34.6216 0.0330773 0.00561008 0.999437 -1.17491
-0.460574 0.88762 0.00148668 4.82178 -0.887181 -0.460398 0.0307325 -35.3441 0.0279632 0.0128356 0.999527 -1.13663
-0.474679 0.880158 -0.00145457 4.42184 -0.879745 -0.474405 0.0314453 -36.0944 0.0269868 0.0162061 0.999504 -1.08894
-0.486043 0.873933 -0.00175315 4.01404 -0.873453 -0.485707 0.0341736 -36.7756 0.0290139 0.0181411 0.999414 -1.04099
-0.495998 0.868321 -0.00193383 3.63111 -0.867777 -0.495606 0.0365678 -37.4971 0.0307942 0.0198157 0.999329 -0.989558
-0.506339 0.86232 0.00501371 3.24612 -0.861689 -0.506176 0.035743 -38.1607 0.0333598 0.0137778 0.999348 -0.951088
-0.517226 0.855825 0.0063862 2.84096 -0.855212 -0.517115 0.0347008 -38.8729 0.0330002 0.0124866 0.999377 -0.941944
-0.526511 0.850153 0.00500467 2.43533 -0.849525 -0.526333 0.0357842 -39.5346 0.0330562 0.0145892 0.999347 -0.89978
-0.533487 0.845802 0.00328723 1.95192 -0.845111 -0.533201 0.0385104 -40.2497 0.0343249 0.0177667 0.999253 -0.844689
-0.537374 0.843332 0.00457451 1.52875 -0.842501 -0.537071 0.0418044 -40.9334 0.0377118 0.0186105 0.999115 -0.813056
-0.536463 0.8439 0.00642367 1.04049 -0.84298 -0.536207 0.0432163 -41.6337 0.0399146 0.0177689 0.999045 -0.775
-0.533333 0.845897 0.00382193 0.619701 -0.84499 -0.532961 0.044092 -42.3332 0.0393342 0.0202862 0.99902 -0.736281
-0.52804 0.849205 0.00505492 0.176604 -0.848311 -0.527741 0.0430948 -43.0921 0.039264 0.0184676 0.999058 -0.694687
-0.520726 0.853701 0.00626372 -0.306876 -0.852837 -0.520505 0.0417606 -43.8666 0.0389114 0.0164039 0.999108 -0.655711
-0.513383 0.858125 0.00769018 -0.768881 -0.857257 -0.513234 0.0412621 -44.6607 0.0393549 0.0145908 0.999119 -0.612528
-0.507023 0.861877 0.00977871 -1.22315 -0.861031 -0.506979 0.0399855 -45.4511 0.0394201 0.0118538 0.999152 -0.572777
-0.502585 0.864438 0.0124859 -1.64902 -0.863633 -0.502669 0.0382223 -46.266 0.0393171 0.00842674 0.999191 -0.533064
-0.501038 0.865275 0.0161377 -2.11562 -0.864583 -0.501286 0.0347704 -47.0795 0.0381755 0.00346891 0.999265 -0.488963
-0.501041 0.865228 0.0184017 -2.65179 -0.864612 -0.501379 0.0326451 -47.9493 0.0374716 0.000446232 0.999298 -0.449242
-0.50218 0.864543 0.0195157 -3.09068 -0.863994 -0.502558 0.03082 -48.7913 0.036453 -0.00138423 0.999334 -0.39145
-0.502464 0.864388 0.0190723 -3.60118 -0.86385 -0.502824 0.0304992 -49.6707 0.0359531 -0.0011509 0.999353 -0.348541
-0.502704 0.86426 0.0185335 -4.10334 -0.863743 -0.503044 0.0299015 -50.5224 0.0351658 -0.000976537 0.999381 -0.314588
-0.502745 0.864246 0.0180459 -4.62098 -0.863746 -0.503068 0.0294101 -51.4238 0.0344959 -0.000801277 0.999405 -0.266192
-0.503571 0.863759 0.0183484 -5.13819 -0.863278 -0.503903 0.0288449 -52.3062 0.0341609 -0.00131431 0.999415 -0.214375
-0.503382 0.863839 0.0197054 -5.64925 -0.863415 -0.503757 0.0272767 -53.1809 0.0334895 -0.00328337 0.999434 -0.170958
-0.503483 0.863789 0.0193294 -6.14809 -0.863389 -0.503843 0.0264711 -54.0872 0.0326044 -0.00336104 0.999463 -0.126439
-0.502772 0.86417 0.0207475 -6.67772 -0.863812 -0.503174 0.0253976 -55.0006 0.0323875 -0.00515275 0.999462 -0.066978
-0.501585 0.864871 0.0202514 -7.19636 -0.864556 -0.501964 0.02399 -55.9023 0.0309137 -0.00547539 0.999507 -0.0198151
-0.499755 0.86597 0.0184717 -7.7127 -0.865718 -0.500069 0.0215179 -56.7595 0.0278709 -0.0052376 0.999598 0.0245386
-0.496888 0.867649 0.0169603 -8.23225 -0.86742 -0.497156 0.0204627 -57.6565 0.0261863 -0.00454403 0.999647 0.06148
-0.494676 0.86891 0.0170561 -8.71379 -0.868709 -0.494942 0.0194089 -58.5195 0.0253064 -0.00521572 0.999666 0.115182
-0.492438 0.870193 0.0163907 -9.22298 -0.869982 -0.49269 0.0196882 -59.4717 0.0252081 -0.0045644 0.999672 0.171059
-0.491757 0.870569 0.0168562 -9.72322 -0.870338 -0.492025 0.0205659 -60.3201 0.0261978 -0.00455717 0.999646 0.205213
-0.492169 0.870298 0.0187432 -10.2172 -0.870044 -0.492494 0.021769 -61.2067 0.0281765 -0.00559339 0.999587 0.249445
-0.495206 0.868513 0.0213751 -10.6968 -0.868231 -0.495617 0.0232245 -62.1063 0.0307647 -0.0070576 0.999502 0.304557
-0.498785 0.866414 0.0232294 -11.2135 -0.866128 -0.499258 0.0237567 -62.9742 0.0321806 -0.00827011 0.999448 0.345642
-0.504647 0.863014 0.0232114 -11.7046 -0.862783 -0.505101 0.0218839 -63.8605 0.0306102 -0.00898275 0.999491 0.39774
-0.509742 0.86014 0.0179316 -12.2048 -0.859926 -0.510031 0.0199068 -64.7104 0.0262683 -0.00527251 0.999641 0.444635
-0.515788 0.85649 0.0196934 -12.7068 -0.856342 -0.516106 0.0177059 -65.5763 0.0253288 -0.00773176 0.999649 0.480703
-0.520726 0.853491 0.0199449 -13.2234 -0.853282 -0.521066 0.0199949 -66.4072 0.0274581 -0.00660679 0.999601 0.519605
-0.526049 0.850199 0.0208516 -13.716 -0.849937 -0.526426 0.0219704 -67.2299 0.029656 -0.00616511 0.999541 0.561942
-0.530678 0.847247 0.0235388 -14.2543 -0.846984 -0.53114 0.0225564 -68.0976 0.0316133 -0.00796677 0.999468 0.612194
-0.533997 0.845131 0.0245113 -14.7616 -0.844861 -0.534492 0.022973 -68.9312 0.0325163 -0.00844118 0.999436 0.649414
-0.537229 0.843089 0.024202 -15.2751 -0.84287 -0.537699 0.0212288 -69.6892 0.0309111 -0.00899444 0.999482 0.706579
-0.539714 0.841639 0.0187672 -15.8379 -0.841544 -0.539984 0.0148654 -70.5212 0.0226453 -0.00777032 0.999713 0.763993
-0.541436 0.840659 0.0118058 -16.3682 -0.840642 -0.541535 0.00781826 -71.3438 0.0129657 -0.00569135 0.9999 0.77777
-0.544001 0.839037 0.00894992 -16.8693 -0.839029 -0.544056 0.00572706 -72.1711 0.00967448 -0.00439371 0.999944 0.788409
-0.544536 0.838632 0.0133007 -17.4145 -0.838595 -0.544667 0.0097903 -73.0025 0.0154549 -0.00582272 0.999864 0.845847
-0.545292 0.83809 0.0161632 -17.9054 -0.837978 -0.545504 0.0147508 -73.7857 0.0211796 -0.00550085 0.999761 0.892981
-0.54642 0.837427 0.0118666 -18.4101 -0.83719 -0.546548 0.0199729 -74.5558 0.0232115 0.000979027 0.99973 0.90816
-0.546329 0.83753 0.00827355 -18.953 -0.837279 -0.546373 0.0209955 -75.3534 0.0221048 0.00454317 0.999745 0.942207
-0.545817 0.837871 0.00748474 -19.4614 -0.837677 -0.545856 0.0184213 -76.1375 0.0195202 0.00378486 0.999802 0.99139
-0.545334 0.838194 0.00647913 -19.9924 -0.838087 -0.545369 0.0135266 -76.9577 0.0148714 0.00194641 0.999888 1.02489
-0.544623 0.838668 0.0047755 -20.5181 -0.838634 -0.544644 0.00747058 -77.7331 0.00886628 6.37548e-05 0.999961 1.05128
-0.543483 0.839344 0.0113113 -21.041 -0.839391 -0.543527 0.000985 -78.5729 0.00697474 -0.00895926 0.999936 1.08374
-0.54291 0.839607 0.0175592 -21.5033 -0.839771 -0.542921 -0.00453534 -79.2601 0.00572537 -0.017208 0.999836 1.08962
-0.541172 0.840774 0.0152514 -22.0272 -0.840902 -0.541166 -0.00487264 -80.0616 0.00415676 -0.0154619 0.999872 1.12858
-0.538683 0.842443 0.0105109 -22.5413 -0.842496 -0.538701 -0.00122466 -80.9145 0.0046305 -0.00951506 0.999944 1.14146
-0.532559 0.846305 0.0122381 -23.0634 -0.846356 -0.532615 0.00169036 -81.7064 0.00794878 -0.00945761 0.999924 1.17902
-0.525152 0.850979 0.00710664 -23.5343 -0.85098 -0.525184 0.00371253 -82.5142 0.00689158 -0.00409797 0.999968 1.19142
-0.517253 0.855832 -0.00123341 -24.0222 -0.855815 -0.517232 0.0072261 -83.2663 0.00554637 0.00479329 0.999973 1.19901
-0.508013 0.861349 -0.000756959 -24.4708 -0.861331 -0.507995 0.00707112 -84.0657 0.00570617 0.00424421 0.999975 1.20032
-0.495718 0.868482 0.00150225 -24.9671 -0.86847 -0.495719 0.00474312 -84.9049 0.00486401 0.00104659 0.999988 1.20041
-0.48496 0.874535 -0.00124147 -25.3705 -0.874536 -0.484959 0.00122873 -85.6256 0.000472507 0.00168159 0.999998 1.22746
-0.473659 0.880707 -0.00155008 -25.8075 -0.880708 -0.473659 0.000550336 -86.4388 -0.000249526 0.00162584 0.999999 1.24179
-0.461442 0.88717 -0.00105438 -26.2902 -0.88717 -0.461442 -0.000311341 -87.3262 -0.000762746 0.000791745 0.999999 1.28046
-0.450297 0.892873 -0.00327066 -26.6503 -0.892879 -0.450296 0.00110952 -88.0928 -0.000482104 0.00341992 0.999994 1.3083
-0.437316 0.899308 -0.000246197 -27.0764 -0.899303 -0.437312 0.00347639 -88.9152 0.00301868 0.00174168 0.999994 1.32257
-0.426092 0.904678 0.00158513 -27.4807 -0.904593 -0.426075 0.0130956 -89.7635 0.0125227 0.00414604 0.999913 1.33984
-0.413738 0.910391 0.00290894 -27.8575 -0.910208 -0.413715 0.0190032 -90.605 0.0185038 0.00521459 0.999815 1.35223
-0.402325 0.915477 0.00606742 -28.2258 -0.915368 -0.402371 0.0141002 -91.4022 0.0153498 0.000118946 0.999882 1.38642
-0.390511 0.920584 0.00507398 -28.5719 -0.92055 -0.390541 0.00810012 -92.2681 0.00943844 -0.00150766 0.999954 1.4384
-0.380014 0.924952 0.00722754 -28.9133 -0.924893 -0.380074 0.010814 -93.1567 0.0127494 -0.00257524 0.999915 1.46915
-0.372655 0.927871 0.013583 -29.2581 -0.927769 -0.372839 0.0153549 -93.9856 0.0193116 -0.00687983 0.99979 1.48518
-0.367514 0.929767 0.0215959 -29.5524 -0.929621 -0.367936 0.0206599 -94.7799 0.0271549 -0.0124832 0.999553 1.47601
-0.363678 0.931161 0.02604 -29.8902 -0.931011 -0.364263 0.0230177 -95.5751 0.0309186 -0.0158725 0.999396 1.51283
-0.359769 0.932702 0.025152 -30.229 -0.93254 -0.360329 0.0230856 -96.4541 0.030595 -0.0151498 0.999417 1.52678
-0.355559 0.934304 0.0255815 -30.5175 -0.934151 -0.356132 0.0230686 -97.287 0.0306634 -0.0156947 0.999407 1.56843
-0.350244 0.936297 0.0260065 -30.8068 -0.936231 -0.350788 0.0204748 -98.1685 0.0282933 -0.0171769 0.999452 1.60625
-0.345325 0.938165 0.0244459 -31.1198 -0.938177 -0.345761 0.0165541 -99.0371 0.0239829 -0.017218 0.999564 1.65936
-0.339087 0.94038 0.0265533 -31.4259 -0.940516 -0.339502 0.0129722 -99.8846 0.0212137 -0.0205751 0.999563 1.69304
-0.333077 0.942362 0.0318456 -31.7041 -0.942654 -0.333572 0.0115828 -100.712 0.0215379 -0.0261614 0.999426 1.74772
-0.327053 0.944039 0.0427383 -31.9522 -0.944691 -0.327776 0.0109869 -101.516 0.0243807 -0.0367812 0.999026 1.7544
-0.320153 0.946311 0.0446873 -32.2718 -0.946971 -0.321025 0.013739 -102.453 0.0273471 -0.037919 0.998907 1.83053
-0.312698 0.949034 0.0394172 -32.552 -0.949372 -0.313591 0.018821 -103.289 0.0302226 -0.0315363 0.999046 1.85146
-0.305975 0.951276 0.0381241 -32.8193 -0.951597 -0.306808 0.0182025 -104.102 0.0290124 -0.0307093 0.999107 1.8601
-0.299673 0.953392 0.0352138 -33.0868 -0.953755 -0.300284 0.0134515 -104.974 0.0233987 -0.0295543 0.999289 1.88375
-0.292887 0.955545 0.0339401 -33.3198 -0.955909 -0.293421 0.0118932 -105.833 0.0213232 -0.0289603 0.999353 1.91596
-0.286949 0.957361 0.0334652 -33.5703 -0.957648 -0.287555 0.0148824 -106.663 0.0238709 -0.0277774 0.999329 1.92291
-0.280118 0.959198 0.038369 -33.8185 -0.959578 -0.280917 0.0172092 -107.538 0.0272855 -0.0319974 0.999115 1.99754
-0.272639 0.961404 0.0370231 -34.0797 -0.961695 -0.273457 0.0190871 -108.39 0.0284746 -0.030401 0.999132 2.00298
-0.265128 0.963498 0.0371238 -34.3263 -0.963829 -0.265913 0.0179945 -109.289 0.0272093 -0.0310101 0.999149 2.05661
-0.25769 0.965669 0.0328387 -34.5392 -0.965888 -0.258352 0.017734 -110.1 0.0256091 -0.0271487 0.999303 2.07376
-0.249747 0.967866 0.0293531 -34.771 -0.967949 -0.250368 0.0197845 -111.002 0.0264979 -0.0234712 0.999373 2.11335
-0.243288 0.96953 0.0286643 -34.9965 -0.969582 -0.243907 0.0205067 -111.924 0.0268733 -0.0228034 0.999379 2.16
-0.236678 0.971078 0.0314761 -35.1765 -0.971223 -0.237353 0.0197415 -112.743 0.0266415 -0.025898 0.99931 2.1745
-0.230041 0.972507 0.0362125 -35.4087 -0.972864 -0.230757 0.0169603 -113.683 0.0248503 -0.0313283 0.9992 2.22974
-0.226576 0.973479 0.0316662 -35.5691 -0.973672 -0.227217 0.0183251 -114.453 0.0250342 -0.0266804 0.99933 2.23494
-0.221644 0.974637 0.0309398 -35.7804 -0.974813 -0.222267 0.0183751 -115.377 0.024786 -0.0260878 0.999352 2.28341
-0.217287 0.975563 0.0326058 -35.9667 -0.975766 -0.217974 0.0191873 -116.212 0.0258256 -0.0276465 0.999284 2.31953
-0.211224 0.977042 0.0278177 -36.1646 -0.977165 -0.211752 0.0175851 -117.082 0.0230719 -0.023468 0.999458 2.34995
-0.206499 0.97816 0.0236985 -36.3504 -0.978236 -0.206896 0.0157472 -117.92 0.0203064 -0.019931 0.999595 2.40216
-0.202312 0.979087 0.0214081 -36.5188 -0.979144 -0.202643 0.0146047 -118.831 0.0186375 -0.0180069 0.999664 2.43263
-0.198024 0.979939 0.0225009 -36.6988 -0.979979 -0.198411 0.0165336 -119.702 0.0206664 -0.0187764 0.99961 2.46365
-0.193988 0.980806 0.0197126 -36.8746 -0.980742 -0.194361 0.0191842 -120.604 0.0226473 -0.0156115 0.999622 2.47824
-0.192792 0.981156 0.0127911 -37.0088 -0.980962 -0.193031 0.0212935 -121.455 0.0233614 -0.00844231 0.999691 2.48032
-0.192446 0.981098 0.0202705 -37.1744 -0.981059 -0.192821 0.0185188 -122.262 0.0220773 -0.0163227 0.999623 2.54424
-0.190705 0.981519 0.0158702 -37.3651 -0.981489 -0.19094 0.0148977 -123.163 0.0176527 -0.0127353 0.999763 2.55108
-0.189632 0.981674 0.01888 -37.5148 -0.981778 -0.189823 0.00888238 -124.029 0.0123035 -0.0168516 0.999782 2.59803
-0.188912 0.981746 0.0220902 -37.676 -0.981937 -0.189095 0.00649712 -124.904 0.0105557 -0.0204638 0.999735 2.62643
-0.187798 0.981803 0.0281806 -37.8107 -0.982073 -0.18817 0.0111912 -125.722 0.0162903 -0.0255737 0.99954 2.66542
-0.187183 0.981861 0.0301956 -37.9925 -0.982145 -0.187649 0.0133874 -126.569 0.0188107 -0.0271505 0.999454 2.69446
-0.187033 0.981918 0.0292429 -38.1707 -0.982181 -0.187476 0.0131839 -127.465 0.0184279 -0.026256 0.999485 2.71139
-0.186572 0.981954 0.0309264 -38.3224 -0.982281 -0.187018 0.0121857 -128.32 0.0177496 -0.0281049 0.999447 2.75954
-0.185983 0.982246 0.0245648 -38.4684 -0.982403 -0.186333 0.0128204 -129.144 0.01717 -0.0217482 0.999616 2.78988
-0.185052 0.982371 0.0265003 -38.6214 -0.98252 -0.185501 0.0156015 -130.035 0.0202423 -0.02315 0.999527 2.80986
-0.184486 0.982338 0.0312508 -38.7799 -0.982571 -0.18508 0.0172976 -130.848 0.022776 -0.027515 0.999362 2.81174
-0.184336 0.9821 0.0387152 -38.9131 -0.982549 -0.185131 0.0180259 -131.736 0.0248707 -0.0347168 0.999088 2.86029
-0.183491 0.982222 0.0396394 -39.0606 -0.982611 -0.184431 0.0214737 -132.598 0.0284027 -0.0350099 0.998983 2.90844
-0.183322 0.982112 0.042991 -39.2244 -0.982625 -0.184357 0.0214632 -133.433 0.029005 -0.0383093 0.998845 2.93665
-0.181868 0.982391 0.0428109 -39.3687 -0.98285 -0.182958 0.0230543 -134.239 0.0304809 -0.0378839 0.998817 2.98929
-0.179863 0.982969 0.0377018 -39.5477 -0.983279 -0.180766 0.0220469 -135.037 0.0284866 -0.033106 0.999046 3.03267
-0.176587 0.983862 0.0288412 -39.6994 -0.983986 -0.17718 0.0194791 -135.851 0.0242748 -0.0249396 0.999394 3.07713
-0.175723 0.984184 0.0224283 -39.8645 -0.984255 -0.176086 0.0153455 -136.658 0.0190521 -0.0193786 0.999631 3.11108
-0.171899 0.984864 0.0222272 -39.9928 -0.984958 -0.172231 0.0139581 -137.474 0.017575 -0.0194935 0.999656 3.11303
-0.166083 0.985798 0.0248661 -40.1297 -0.985834 -0.166582 0.0195218 -138.274 0.0233868 -0.0212716 0.9995 3.14327
-0.16088 0.986844 0.0160244 -40.2601 -0.986642 -0.161225 0.0233013 -139.123 0.0255783 -0.0120616 0.9996 3.14976
-0.152704 0.987884 0.0276874 -40.3884 -0.987896 -0.153359 0.0232887 -139.908 0.0272526 -0.023796 0.999345 3.20381
-0.142854 0.98953 0.0205749 -40.4887 -0.989517 -0.143236 0.0184415 -140.668 0.0211954 -0.0177248 0.999618 3.24618
-0.131914 0.991224 0.00860077 -40.5986 -0.991074 -0.132053 0.0182644 -141.492 0.0192399 -0.00611467 0.999796 3.2719
-0.118338 0.992972 0.00190262 -40.682 -0.992745 -0.118351 0.0212001 -142.275 0.0212763 0.000619949 0.999773 3.2572
-0.103587 0.9946 0.00638053 -40.7816 -0.99437 -0.103703 0.0217521 -143.002 0.0222963 -0.00409138 0.999743 3.29399
-0.0902457 0.995918 0.00157633 -40.8343 -0.995671 -0.0902585 0.0222094 -143.813 0.022261 0.000434802 0.999752 3.31364
-0.0763244 0.997083 0.000478241 -40.8976 -0.996808 -0.0763146 0.0234465 -144.576 0.0234146 0.00131283 0.999725 3.34838
-0.0626576 0.99803 0.00309334 -40.9488 -0.997579 -0.0627223 0.030042 -145.392 0.0301769 -0.00120349 0.999544 3.3801
-0.0487497 0.998798 0.00513437 -40.9722 -0.998056 -0.0489121 0.0386164 -146.2 0.0388211 -0.00324186 0.999241 3.3839
-0.0360968 0.999297 0.0101737 -40.9623 -0.998214 -0.0365388 0.0472582 -146.872 0.0475967 -0.0084497 0.998831 3.42054
-0.0227365 0.999678 0.0112824 -40.9959 -0.998552 -0.0232585 0.048515 -147.612 0.0487617 -0.010163 0.998759 3.45522
-0.0113508 0.999868 0.0116051 -40.9938 -0.998932 -0.0118583 0.0446462 -148.426 0.044778 -0.011086 0.998935 3.50239
0.000511153 0.999951 0.00986424 -40.9926 -0.999109 9.44422e-05 0.0421989 -149.193 0.0421959 -0.00987703 0.999061 3.55226
0.00929436 0.999934 0.00679279 -40.972 -0.998785 0.0089545 0.0484566 -149.967 0.0483926 -0.00723491 0.998802 3.57778
0.0169291 0.999669 0.0193818 -40.9616 -0.998244 0.0157982 0.0570856 -150.728 0.0567605 -0.0203141 0.998181 3.61798
0.0200743 0.99956 0.0218575 -40.9574 -0.998013 0.0187276 0.0601651 -151.443 0.0597293 -0.0230218 0.997949 3.66586
0.0197838 0.999533 0.0232964 -40.8953 -0.998236 0.0184429 0.0564289 -152.206 0.0559728 -0.0243717 0.998135 3.70905
0.0183053 0.999584 0.022288 -40.8751 -0.998577 0.0171612 0.0504853 -152.962 0.0500818 -0.0231804 0.998476 3.79431
0.0155803 0.999532 0.0263129 -40.8737 -0.998716 0.0142879 0.0486106 -153.839 0.0482119 -0.0270365 0.998471 3.84933
0.0124599 0.999678 0.0221256 -40.8442 -0.998745 0.0113689 0.0487707 -154.572 0.0485035 -0.0227055 0.998565 3.89469
0.00859681 0.999744 0.0209352 -40.8638 -0.998757 0.0075566 0.0492691 -155.273 0.0490983 -0.0213328 0.998566 3.91721
0.00372687 0.999753 0.0219018 -40.8711 -0.998852 0.00267562 0.0478332 -156.066 0.0477628 -0.0220549 0.998615 3.98335
-0.00195627 0.999664 0.0258427 -40.8521 -0.998851 -0.00319087 0.0478188 -156.75 0.0478852 -0.0257195 0.998522 4.03187
-0.00722 0.999529 0.0298351 -40.8573 -0.998902 -0.00859022 0.0460564 -157.533 0.046291 -0.0294698 0.998493 4.06931
-0.0137169 0.999464 0.0297306 -40.8726 -0.998934 -0.015008 0.0436454 -158.297 0.0440682 -0.0291002 0.998605 4.13329
-0.0197798 0.999615 0.0194725 -40.8725 -0.998906 -0.0205839 0.0419943 -158.991 0.042379 -0.0186205 0.998928 4.17281
-0.0245892 0.999472 0.0212372 -40.9007 -0.998706 -0.0255053 0.0440039 -159.711 0.0445224 -0.0201277 0.998806 4.18977
-0.0282668 0.99922 0.0275609 -40.9037 -0.998494 -0.0295217 0.0462415 -160.44 0.0470191 -0.0262123 0.99855 4.23589
-0.0307787 0.999313 0.0206363 -40.9238 -0.998365 -0.0317311 0.0475364 -161.173 0.0481585 -0.0191395 0.998656 4.25952
-0.0331404 0.99934 0.0148995 -40.9656 -0.998243 -0.0338294 0.0486559 -161.887 0.0491278 -0.0132609 0.998704 4.31397
-0.0325581 0.999412 0.0107788 -40.9992 -0.998349 -0.0330303 0.0469921 -162.589 0.0473204 -0.00923108 0.998837 4.34057
-0.0293183 0.999531 0.00880939 -41.0127 -0.998611 -0.029675 0.0435282 -163.257 0.0437692 -0.00752098 0.999013 4.39185
-0.0216512 0.999722 0.00937846 -41.0391 -0.998811 -0.0220394 0.0434869 -164 0.0436815 -0.00842577 0.99901 4.44287
-0.011077 0.999896 0.00918887 -41.022 -0.998921 -0.0114797 0.044993 -164.737 0.0450938 -0.00868058 0.998945 4.48624
0.00350871 0.999988 0.00355937 -41.0317 -0.998981 0.00334494 0.0450159 -165.349 0.0450034 -0.00371369 0.99898 4.51331
0.0184008 0.999822 0.00412506 -41.0138 -0.998931 0.0182091 0.042492 -166.051 0.0424093 -0.00490254 0.999088 4.56324
0.0349953 0.999357 0.00779775 -40.9759 -0.998666 0.0346725 0.0382683 -166.768 0.0379733 -0.00912655 0.999237 4.61028
0.0510244 0.99861 0.0132223 -40.9208 -0.998203 0.0505781 0.0321408 -167.411 0.0314274 -0.0148385 0.999396 4.66782
0.0685743 0.997584 0.0111373 -40.8581 -0.997331 0.0682678 0.0259009 -168.106 0.025078 -0.0128837 0.999602 4.70258
0.0854941 0.996218 0.0155292 -40.7907 -0.996179 0.085191 0.0192301 -168.802 0.0178344 -0.0171139 0.999694 4.74638
0.103623 0.994526 0.0134214 -40.719 -0.994557 0.10346 0.0123039 -169.476 0.010848 -0.0146234 0.999834 4.77755
0.12099 0.992557 0.0138333 -40.6299 -0.992615 0.120851 0.0104713 -170.146 0.00872164 -0.014998 0.999849 4.77973
0.138878 0.990247 0.0111508 -40.531 -0.990282 0.13878 0.00908292 -170.742 0.00744682 -0.0123039 0.999897 4.76943
0.155886 0.987733 0.00915131 -40.4419 -0.987756 0.155819 0.00768029 -171.458 0.00616013 -0.0102365 0.999929 4.78063
0.172841 0.984833 0.0151346 -40.3295 -0.984939 0.172746 0.00739319 -172.066 0.00466662 -0.0161845 0.999858 4.77455
0.1866 0.98222 0.0205907 -40.1762 -0.982436 0.186546 0.00450284 -172.691 0.000581667 -0.0210692 0.999778 4.79437
0.199537 0.979756 0.0162495 -40.0394 -0.979884 0.199568 -0.000301116 -173.356 -0.0035379 -0.0158626 0.999868 4.80865
0.210033 0.977593 0.014061 -39.9093 -0.977685 0.210071 -0.00130187 -173.936 -0.0042265 -0.0134738 0.9999 4.81381
0.219511 0.975462 0.0169821 -39.7666 -0.975609 0.219499 0.00258454 -174.544 -0.00120642 -0.0171352 0.999852 4.83358
0.229371 0.973137 0.0198147 -39.5966 -0.973327 0.229221 0.00955504 -175.197 0.00475642 -0.0214778 0.999758 4.86342
0.238535 0.970916 0.0205955 -39.4574 -0.971025 0.238137 0.0200095 -175.774 0.014523 -0.0247717 0.999588 4.90958
0.246575 0.969059 0.011234 -39.2838 -0.96886 0.246221 0.0261667 -176.341 0.022591 -0.0173362 0.999594 4.89563
0.253103 0.967299 0.0164976 -39.112 -0.967218 0.252644 0.0256824 -176.921 0.0206745 -0.022457 0.999534 4.92582
0.25887 0.965694 0.0205331 -38.9475 -0.965821 0.258495 0.0192593 -177.545 0.0132909 -0.024817 0.999604 4.9524
0.263575 0.964263 0.0269325 -38.7833 -0.964639 0.263462 0.0077471 -178.199 0.000374544 -0.0280221 0.999607 4.95696
0.265136 0.963848 0.0264629 -38.6186 -0.964177 0.265257 -0.00113622 -178.766 -0.00811461 -0.0252136 0.999649 4.96248
0.266045 0.963664 0.0239258 -38.4554 -0.963922 0.266173 -0.0022931 -179.345 -0.00857818 -0.0224525 0.999711 4.98358
0.267112 0.963389 0.0230782 -38.2893 -0.963653 0.267153 0.00135043 -179.958 -0.00486442 -0.0226001 0.999733 4.9645
0.269204 0.962845 0.021439 -38.1197 -0.963073 0.269239 0.00130156 -180.567 -0.004519 -0.0209977 0.999769 4.97484
0.270493 0.962473 0.0218972 -37.9453 -0.9627 0.27057 -0.000601535 -181.19 -0.00650369 -0.0209177 0.99976 4.97044
0.273271 0.96165 0.0234979 -37.7708 -0.96188 0.273438 -0.00417281 -181.793 -0.010438 -0.0214618 0.999715 4.99819
0.276776 0.960626 0.0243576 -37.5751 -0.960797 0.277076 -0.00989138 -182.458 -0.0162508 -0.020665 0.999654 5.00902
0.280445 0.959536 0.025327 -37.4069 -0.95968 0.280816 -0.0124782 -183.067 -0.0190856 -0.0208064 0.999601 5.0236
0.286422 0.957831 0.0228562 -37.2234 -0.957882 0.286787 -0.0146498 -183.665 -0.0205869 -0.0176976 0.999631 5.00036
0.294353 0.95543 0.0225663 -36.9983 -0.95542 0.294754 -0.0171209 -184.328 -0.0230094 -0.0165207 0.999599 4.98986
0.303951 0.952463 0.0206774 -36.8229 -0.952366 0.304341 -0.0194093 -184.91 -0.0247797 -0.013793 0.999598 4.99943
0.314871 0.948912 0.0205687 -36.6421 -0.948847 0.315235 -0.0177832 -185.545 -0.0233586 -0.0139171 0.99963 4.99893
0.326576 0.944971 0.0194434 -36.3938 -0.94497 0.326862 -0.0139268 -186.147 -0.0195157 -0.0138253 0.999714 4.98751
0.338031 0.940895 0.0212392 -36.1712 -0.940982 0.338297 -0.0104154 -186.746 -0.0169849 -0.0164649 0.99972 4.97334
0.349845 0.936594 0.0200132 -35.93 -0.936675 0.350075 -0.00935299 -187.374 -0.0157661 -0.0154738 0.999756 4.95303
0.361297 0.932213 0.0210479 -35.6774 -0.932254 0.361593 -0.0124076 -187.997 -0.0191773 -0.0151392 0.999701 4.97209
0.371475 0.928182 0.0220101 -35.4194 -0.928204 0.371813 -0.0138593 -188.665 -0.0210476 -0.0152815 0.999662 4.94574
0.383269 0.923289 0.0253554 -35.1302 -0.923352 0.383687 -0.0142892 -189.278 -0.0229216 -0.0179354 0.999576 4.95052
0.392217 0.919452 0.0277956 -34.8682 -0.919521 0.392724 -0.0157741 -189.876 -0.0254195 -0.0193718 0.999489 4.93793
0.399436 0.916175 0.0327675 -34.5736 -0.916386 0.40004 -0.0142961 -190.557 -0.026206 -0.0243173 0.999361 4.92308
0.404139 0.914095 0.0332034 -34.2826 -0.914228 0.404828 -0.0173455 -191.155 -0.029297 -0.0233455 0.999298 4.91613
0.406031 0.913302 0.0319199 -33.9794 -0.913275 0.406772 -0.0215627 -191.812 -0.0326774 -0.0203965 0.999258 4.89891
0.406795 0.913105 0.0275133 -33.7063 -0.913033 0.407377 -0.0203622 -192.466 -0.0298011 -0.0168372 0.999414 4.87928
0.405721 0.913648 0.0252595 -33.3995 -0.913539 0.406238 -0.020417 -193.121 -0.0289153 -0.014792 0.999472 4.87637
0.404977 0.914096 0.020561 -33.1094 -0.913966 0.405347 -0.0189824 -193.779 -0.0256861 -0.0111046 0.999608 4.87286
0.404576 0.914324 0.0181628 -32.8309 -0.914146 0.404894 -0.0199459 -194.489 -0.025591 -0.00853379 0.999636 4.83663
0.404236 0.914491 0.0172744 -32.5211 -0.914122 0.404573 -0.026483 -195.154 -0.0312072 -0.00508558 0.9995 4.82659
0.4035 0.914812 0.0174963 -32.215 -0.914349 0.403858 -0.0294026 -195.831 -0.0339639 -0.00413377 0.999415 4.82041
0.401517 0.915668 0.018364 -31.9165 -0.915132 0.401915 -0.0315944 -196.549 -0.0363107 -0.00411981 0.999332 4.78644
0.399974 0.916325 0.019219 -31.6059 -0.915787 0.400406 -0.0317713 -197.215 -0.0368083 -0.00489276 0.99931 4.77194
0.398193 0.917063 0.0209183 -31.3015 -0.916521 0.398692 -0.0321591 -197.916 -0.0378319 -0.00636651 0.999264 4.741
0.395815 0.918082 0.0213761 -30.9931 -0.917609 0.396319 -0.0304011 -198.618 -0.0363824 -0.00758169 0.999309 4.74639
0.395021 0.918482 0.018674 -30.7265 -0.918077 0.395415 -0.0279581 -199.287 -0.033063 -0.00610014 0.999435 4.7198
0.39458 0.918692 0.0176417 -30.4107 -0.918459 0.394903 -0.021998 -199.961 -0.0271762 -0.00752318 0.999602 4.73017
0.393119 0.919313 0.01793 -30.1131 -0.919165 0.393423 -0.0188168 -200.642 -0.0243526 -0.00908334 0.999662 4.6983
0.391933 0.919775 0.020047 -29.8178 -0.919565 0.392323 -0.0219844 -201.34 -0.0280856 -0.00981811 0.999557 4.68227
0.390428 0.920332 0.023538 -29.4873 -0.920075 0.390954 -0.0248268 -202.047 -0.0320512 -0.0119636 0.999415 4.68012
0.38805 0.921233 0.0273362 -29.2244 -0.921051 0.388691 -0.0241739 -202.685 -0.0328951 -0.0157974 0.999334 4.65815
0.384045 0.92283 0.0299181 -28.9063 -0.92271 0.384764 -0.0237135 -203.389 -0.0333949 -0.0184987 0.999271 4.64911
0.376897 0.925733 0.0311036 -28.6386 -0.925615 0.377672 -0.0245206 -204.061 -0.0344465 -0.0195482 0.999215 4.63595
0.368506 0.929137 0.0301452 -28.3643 -0.928979 0.369265 -0.025323 -204.774 -0.0346601 -0.0186726 0.999225 4.60862
0.358434 0.933172 0.0267317 -28.1002 -0.932985 0.359069 -0.02466 -205.478 -0.0326106 -0.0161012 0.999338 4.59684
0.34773 0.937237 0.0258943 -27.8516 -0.937125 0.348297 -0.0220389 -206.135 -0.0296746 -0.0166026 0.999422 4.60347
0.336719 0.941211 0.0272309 -27.6149 -0.941117 0.337335 -0.0224312 -206.821 -0.0302985 -0.0180744 0.999377 4.56839
0.325554 0.945167 0.0259593 -27.3605 -0.944828 0.326244 -0.0293956 -207.536 -0.0362529 -0.0149572 0.999231 4.54359
0.316823 0.94814 0.0255649 -27.1507 -0.947503 0.317606 -0.0369304 -208.221 -0.0431347 -0.0125224 0.998991 4.53542
0.309652 0.950456 0.0273602 -26.915 -0.949621 0.310586 -0.0418995 -208.963 -0.0483213 -0.0130076 0.998747 4.52256
0.304356 0.952072 0.0304326 -26.6758 -0.951192 0.305475 -0.0438027 -209.623 -0.0509997 -0.0156157 0.998577 4.49136
0.301818 0.952853 0.0312489 -26.4317 -0.951892 0.303011 -0.0456681 -210.341 -0.0529837 -0.0159621 0.998468 4.46601
0.300633 0.953255 0.0304067 -26.2176 -0.952203 0.301805 -0.0471541 -211.051 -0.0541268 -0.0147773 0.998425 4.42936
0.299614 0.953592 0.029892 -25.9775 -0.952593 0.300744 -0.0460406 -211.772 -0.0528938 -0.0146805 0.998492 4.42136
0.299431 0.953557 0.0327157 -25.7448 -0.952743 0.300663 -0.0433838 -212.482 -0.0512053 -0.0181793 0.998523 4.38217
0.299964 0.953337 0.0342132 -25.5003 -0.95254 0.301277 -0.0435788 -213.224 -0.0518529 -0.0195174 0.998464 4.34563
0.30138 0.952893 0.0341323 -25.2547 -0.952021 0.302714 -0.0449449 -213.949 -0.05316 -0.0189492 0.998406 4.30813
0.302243 0.95265 0.0332882 -25.0167 -0.951664 0.303563 -0.0467346 -214.643 -0.0546268 -0.017554 0.998353 4.28357
0.304795 0.951842 0.0331259 -24.8323 -0.950817 0.306115 -0.0473455 -215.4 -0.0552057 -0.017066 0.998329 4.27173
0.307004 0.951209 0.0308337 -24.5859 -0.950073 0.308214 -0.0486282 -216.136 -0.0557589 -0.0143652 0.998341 4.23271
0.31167 0.949646 0.0321538 -24.343 -0.948398 0.312981 -0.0508326 -216.859 -0.0583365 -0.0146516 0.998189 4.20748
0.315585 0.948234 0.0354773 -24.1189 -0.946825 0.317145 -0.0542291 -217.598 -0.0626734 -0.0164769 0.997898 4.17785
0.320846 0.94637 0.0379546 -23.8339 -0.944776 0.322616 -0.0576034 -218.279 -0.0667589 -0.0173767 0.997618 4.13975
0.325015 0.944574 0.0463134 -23.5819 -0.94326 0.327306 -0.0559488 -219.022 -0.0680064 -0.0255014 0.997359 4.11215
0.329243 0.943112 0.0462429 -23.2989 -0.942033 0.331428 -0.0522373 -219.787 -0.0645918 -0.0263636 0.997563 4.09177
0.333593 0.94131 0.0514905 -23.0319 -0.940755 0.335924 -0.0462132 -220.547 -0.0607978 -0.0330235 0.997604 4.02708
0.338199 0.939595 0.0527483 -22.7828 -0.939189 0.340537 -0.044257 -221.215 -0.0595464 -0.034573 0.997627 3.99213
0.341997 0.938158 0.0538197 -22.4933 -0.937768 0.344405 -0.0444502 -221.981 -0.0602371 -0.0352685 0.997561 3.95315
0.346528 0.936425 0.0550147 -22.1979 -0.936174 0.34894 -0.042641 -222.694 -0.0591269 -0.0367271 0.997575 3.90282
0.350205 0.935098 0.0542937 -21.9598 -0.934958 0.352482 -0.0401275 -223.446 -0.0566607 -0.0367095 0.997718 3.88992
0.354596 0.933406 0.0549002 -21.6603 -0.93333 0.356873 -0.0392075 -224.224 -0.0561889 -0.0373372 0.997722 3.85593
0.358931 0.931837 0.0533809 -21.3889 -0.931561 0.361204 -0.0415379 -224.929 -0.0579879 -0.0348183 0.99771 3.81024
0.36341 0.930246 0.0507415 -21.1025 -0.929869 0.365531 -0.0415918 -225.659 -0.0572382 -0.032068 0.997845 3.77799
0.367844 0.928689 0.0471839 -20.7923 -0.928216 0.369751 -0.0412137 -226.433 -0.055721 -0.0286367 0.998036 3.73331
0.372285 0.926879 0.0479402 -20.4923 -0.926506 0.374186 -0.0396492 -227.131 -0.0546886 -0.0296561 0.998063 3.71501
0.376562 0.924956 0.0515557 -20.1654 -0.92467 0.378671 -0.0399252 -227.917 -0.0564517 -0.0326377 0.997872 3.67091
0.381254 0.922913 0.0536471 -19.8328 -0.922649 0.383502 -0.0405504 -228.637 -0.0579983 -0.0340374 0.997736 3.61883
0.385526 0.921466 0.0476425 -19.5562 -0.921131 0.387365 -0.0382862 -229.359 -0.0537345 -0.0291247 0.99813 3.56198
0.38966 0.919775 0.0466744 -19.2148 -0.919779 0.391225 -0.0308199 -230.071 -0.0466076 -0.0309208 0.998435 3.53816
0.393369 0.918024 0.0499347 -18.9057 -0.918381 0.394893 -0.0252029 -230.86 -0.0428557 -0.0359451 0.998434 3.54052
0.395955 0.916669 0.0541951 -18.5641 -0.917123 0.39772 -0.0265379 -231.599 -0.0458809 -0.0391957 0.998178 3.4773
0.397854 0.915462 0.0603427 -18.2402 -0.915707 0.40029 -0.0353423 -232.292 -0.0565092 -0.0411951 0.997552 3.46809
0.398921 0.915019 0.0600244 -17.9146 -0.914396 0.401857 -0.0488976 -233.063 -0.0688635 -0.0353798 0.996999 3.42638
0.399824 0.914121 0.0672539 -17.5912 -0.913241 0.403557 -0.0559692 -233.79 -0.0783034 -0.0390412 0.996165 3.39144
0.40155 0.913447 0.0661205 -17.2668 -0.912206 0.405337 -0.0598462 -234.523 -0.0814674 -0.0362843 0.996015 3.35881
0.405005 0.911678 0.0693891 -16.9087 -0.911075 0.408789 -0.0532317 -235.258 -0.0768956 -0.0416596 0.996168 3.32535
0.409435 0.910014 0.0650992 -16.603 -0.909537 0.412726 -0.0489973 -235.936 -0.0714563 -0.0391488 0.996675 3.28269
0.413935 0.908241 0.0612827 -16.2575 -0.907887 0.416804 -0.0449032 -236.707 -0.0663258 -0.0370508 0.99711 3.22504
0.418752 0.906578 0.052571 -15.94 -0.905867 0.421079 -0.0458023 -237.435 -0.0636599 -0.0284426 0.997566 3.15942
0.422886 0.904548 0.054402 -15.6285 -0.904128 0.425207 -0.0418489 -238.113 -0.0609864 -0.0314891 0.997642 3.12904
0.426227 0.903131 0.0518062 -15.2633 -0.902472 0.42846 -0.0443387 -238.843 -0.0622405 -0.0278554 0.997672 3.09465
0.429493 0.901647 0.0506827 -14.9135 -0.900545 0.431811 -0.0505794 -239.553 -0.0674901 -0.0239185 0.997433 3.0622
0.432604 0.900181 0.0502745 -14.5689 -0.89869 0.435009 -0.0558978 -240.292 -0.072188 -0.0209996 0.99717 2.99067
0.435083 0.899121 0.0477968 -14.1654 -0.897004 0.437435 -0.0635179 -240.998 -0.0780183 -0.0152384 0.996835 2.95081
0.436593 0.89836 0.0483372 -13.8639 -0.895801 0.439063 -0.0690289 -241.72 -0.0832359 -0.013163 0.996443 2.90453
0.437682 0.897989 0.0452699 -13.4989 -0.894573 0.439974 -0.0784989 -242.466 -0.0904088 -0.00613962 0.995886 2.85122
0.439526 0.897161 0.0438055 -13.1079 -0.893466 0.44169 -0.08141 -243.192 -0.0923864 -0.00335699 0.995718 2.79858
0.441813 0.895905 0.0464271 -12.6997 -0.893145 0.444131 -0.0709874 -243.934 -0.0842177 -0.010103 0.996396 2.74539
0.442941 0.89535 0.0463772 -12.3694 -0.893858 0.445025 -0.0544928 -244.625 -0.0694292 -0.0173176 0.997437 2.68837
0.443722 0.895073 0.0442148 -12.0224 -0.89409 0.445511 -0.0460832 -245.324 -0.060946 -0.0190839 0.997959 2.65926
0.443669 0.895062 0.0449675 -11.6618 -0.893967 0.445543 -0.0481025 -246.066 -0.0630897 -0.0188579 0.99783 2.61784
0.443909 0.894948 0.0448789 -11.2577 -0.893345 0.445907 -0.0556913 -246.802 -0.0698526 -0.0153705 0.997439 2.56819
0.445103 0.894329 0.0453755 -10.9374 -0.8927 0.447141 -0.0561405 -247.502 -0.0704973 -0.0155184 0.997391 2.5123
0.445789 0.89405 0.0441337 -10.5856 -0.892448 0.447728 -0.0554696 -248.208 -0.0693524 -0.0146593 0.997485 2.49307
0.447995 0.893061 0.0417396 -10.2108 -0.891334 0.449781 -0.0567565 -248.983 -0.0694607 -0.0117772 0.997515 2.44289
