1 -1.73472347597681e-18 -9.48676900924816e-20 -1.73472347597681e-18 1.73472347597681e-18 1 -1.6456920911512e-37 6.93889390390723e-18 9.48676900924816e-20 0 1 5.55111512312578e-17
0.999995605674166 -0.000809546891872142 -0.00285188817948611 -0.00871860026800511 0.000805373834015023 0.999998603882271 -0.00146410604014213 -0.0743791581093782 0.00285306946040863 0.00146180277026583 0.999994861550456 0.715254359311786
0.999977775076605 -0.00112910462985942 -0.00657072869454538 -0.0198888148224897 0.00111249416821235 0.999996178053028 -0.00253105433808568 -0.0825025444263472 0.0065735614067403 0.00252368818824332 0.999975209336892 1.42268296233181
0.999941050568453 -0.00156215146874283 -0.0107450021334583 -0.0203962500033366 0.00152061467905394 0.999991344659281 -0.00387276871514368 -0.083727223799878 0.0107509589831403 0.00385620140965881 0.999934771168415 2.10940474791466
0.999885329101739 0.000262403918041117 -0.0151413272631759 -0.0529431489598489 -0.0003381443305922 0.999987443313114 -0.00499988745008534 -0.0946015695229183 0.0151398251482138 0.00500443406247192 0.999872862585137 2.84275794068546
0.999798170711208 -0.000625318496004519 -0.020080508442278 -0.0654473790984585 0.000531484219932105 0.999988917325593 -0.00467790022465083 -0.105354281617288 0.020083211074074 0.00466628361401016 0.999787422620523 3.57700948843827
0.999691297062136 0.00066370344155419 -0.0248368692867364 -0.0836392460591916 -0.000809770517616255 0.999982434943546 -0.00587146285746158 -0.127296766014504 0.0248325361156197 0.00588976248412621 0.999674274875545 4.36519161459984
0.999548413175859 0.00356555763813116 -0.0298371666944496 -0.118511641214851 -0.00375277691679431 0.999973607216758 -0.00622105580413544 -0.142765165429878 0.0298141976755368 0.00633021868773552 0.999535413053649 5.14239859652876
0.999406931914125 0.00524273363430484 -0.0340337800726687 -0.152397167454047 -0.00542823146704714 0.999970900349695 -0.00536029448454832 -0.144959773229186 0.0340046871053861 0.00554185870089167 0.999406308293581 5.91086501719118
0.999249371738758 0.00568346578355146 -0.0383195941573637 -0.178555427531558 -0.00580410137954895 0.999978542369151 -0.00303763204546486 -0.16750381332267 0.0383015076318646 0.00325776272231679 0.999260917626208 6.73298525035453
0.999109927594418 0.00456456647856945 -0.0419346791467396 -0.210653463436338 -0.00462761284038763 0.999988303419731 -0.00140649320189277 -0.186382110669542 0.0419277686226773 0.00159929878078211 0.999119364471399 7.55389268771685
0.998999528294811 0.00494966305744358 -0.0444459593479946 -0.277588542314858 -0.00501098941470365 0.999986640373436 -0.00126848718337468 -0.194231549882703 0.0444390869824251 0.00148993632965847 0.999010984743362 8.35255747008535
0.998908139310212 0.00405484425609789 -0.0465412446961616 -0.316584859148853 -0.00414547944451136 0.999989694233264 -0.00185106116540643 -0.197134967757513 0.046533259288216 0.00204197583769544 0.998914654069452 9.1485515914688
0.998825877024233 0.00292386429781339 -0.0483561620100321 -0.360029991195604 -0.00302990322591593 0.999993163217128 -0.00211971824634738 -0.227310414621188 0.04834963364095 0.0022637439277193 0.998827907294453 9.9881930739377
0.99873515612603 0.0029471648988677 -0.050193646380536 -0.419903324413011 -0.00301108853125302 0.999994749091453 -0.00119797135956353 -0.22799557648459 0.0501898521991485 0.00134759362578639 0.998738786033489 10.8690210102555
0.998653304369282 -0.000302901340591059 -0.0518795327956253 -0.450251708491459 0.000224838926407351 0.999998833894157 -0.00151051573415675 -0.247447881028737 0.0518799298358399 0.00149681699076115 0.998652207937841 11.7201190020853
0.998581568416753 0.00323352902882229 -0.0531450421804115 -0.525511995050954 -0.00346737209024737 0.999984707054161 -0.00430847868646745 -0.27334819809987 0.053130297845257 0.00448664104021419 0.998577509011219 12.5990481871698
0.998483334306567 0.00304672858099562 -0.0549704334801339 -0.564191824607143 -0.00339490286750726 0.999974758349589 -0.00624157818187277 -0.285845949725314 0.0549500295410319 0.00641873107662127 0.998468474286898 13.4335945399124
0.998367977241764 0.00704944663230814 -0.0566717506379313 -0.620625101813586 -0.00751144690181738 0.999940239011745 -0.00794333497815556 -0.29722704804011 0.056612367762096 0.00835605812044476 0.998361265328867 14.3150566855764
0.998285453342477 0.00834448817434284 -0.0579355086446484 -0.688822125921969 -0.00881454076778355 0.999930239529264 -0.00786256612066315 -0.313038517276753 0.0578658579462792 0.00835976028705194 0.998289365310522 15.2231895221544
0.998223459751578 0.00862236251300805 -0.0589540436805203 -0.737376895247596 -0.00901795655431868 0.999938551551352 -0.00644744763214701 -0.336679634363907 0.0588948288152266 0.00696763848654124 0.998239876559109 16.1275829272791
0.998155649688335 0.00773928546149317 -0.0602113150147386 -0.802600108283745 -0.00807373365059777 0.999953290909862 -0.00531326862457205 -0.360033086395177 0.060167381696379 0.0057895992161096 0.998171511675583 17.0294948767611
0.99807136263461 0.00811368095224283 -0.0615444820442777 -0.868776927990643 -0.00844958345478538 0.999950783226314 -0.00519958311028804 -0.382718953208774 0.0614992652649917 0.00570958023723176 0.998090798006565 17.9312707727937
0.997967575354217 0.00779316645418498 -0.0632454353945267 -0.91169941920507 -0.00815283182201584 0.999952018067052 -0.00543073631402099 -0.389850209349479 0.0632000781242224 0.00593532814997337 0.997983227316393 18.8070619072736
0.997908732919989 0.0066655573685662 -0.0642940985393623 -0.969582704866317 -0.00709143416193433 0.999954387827244 -0.00639795487384555 -0.420952418034537 0.0642485200105794 0.00684051240823128 0.9979104844957 19.7389286760838
0.997844243510889 0.00592939127282298 -0.0653583048381468 -1.02070206483616 -0.00625565440003026 0.999968968543545 -0.00478839618106511 -0.433033539370106 0.0653278844002293 0.00518693253216462 0.997850371173302 20.6634898977268
0.99785894940341 0.00675349095622746 -0.065053112572935 -1.07647401981966 -0.00683756996896827 0.999976051174825 -0.00106991295114008 -0.429389418589166 0.0650443289798755 0.00151242742229436 0.99788122932083 21.6001637427778
0.997936752397051 0.00686233941807579 -0.0638368742416017 -1.16155647988369 -0.00670231056839634 0.999973838203838 0.00272065082810208 -0.422707442785947 0.0638538741837307 -0.00228718289491966 0.997956638109158 22.5529677238269
0.998046897268244 0.00641999483075175 -0.0621383498300731 -1.20549744069402 -0.0060824459885243 0.999965709968095 0.00561985220448854 -0.435469888644716 0.0621722985261773 -0.00523092289913844 0.998051723480099 23.492861566445
0.998158293126742 0.00610314643605699 -0.0603553930141283 -1.26892763793146 -0.00572775893098908 0.999963175356773 0.00639067351908596 -0.437175724258285 0.0603921736646257 -0.00603320263037109 0.99815649365522 24.4442656574928
0.998238191175474 0.00632804112470421 -0.0589955046951976 -1.32484425351535 -0.0061245182611196 0.999974656426159 0.00362998367133117 -0.44260939216645 0.0590169802242222 -0.00326226928823643 0.998251648455591 25.3542411700255
0.99824505724718 0.0113132078090524 -0.0581275925068511 -1.39255050125585 -0.0113404546716708 0.999935685332241 -0.000138877574866167 -0.483823135279878 0.0581222828991869 0.000797827180669922 0.998309152368332 26.314532068253
0.998304225612669 0.0104088906136358 -0.0572741487940412 -1.45170184251104 -0.0106197053742814 0.999937904714633 -0.00337765786794135 -0.487511150393027 0.05723543466815 0.0039801647079952 0.998352774978487 27.2646364482709
0.998364452906311 0.00750267287663655 -0.0566756479697243 -1.52062917806488 -0.00766791422620434 0.999966959631184 -0.00269865473617731 -0.507728244635585 0.05665352826172 0.00312882496661308 0.99838899642866 28.2146008031138
0.998391396578641 0.0016757976576416 -0.0566728412907136 -1.56347353140233 -0.00156123312486409 0.999996647666808 0.00206572173240908 -0.488146575296359 0.0566761130361072 -0.00197391928825952 0.998390665948837 29.2317011120022
0.998345497089043 -0.00212245315640207 -0.0574609748840917 -1.62411039409295 0.00246694575819339 0.999979404222459 0.00592497337737515 -0.505126175522878 0.0574472159521893 -0.00605692359992691 0.998330171364087 30.173791411883
0.99823600643399 -0.00947551625744774 -0.0586096412749191 -1.66204432347422 0.00975647837887267 0.999942236184388 0.00450948158975874 -0.515284661320734 0.058563526092291 -0.00507335059114059 0.998270792182871 31.1843119334821
0.998170760644348 -0.00850048681194976 -0.0598571158563822 -1.71598894722479 0.00861044194309187 0.999961682370566 0.00157926570669935 -0.538334584773034 0.0598413977462855 -0.00209177307267792 0.998205706055211 32.1495574845725
0.998100023750941 -0.00751636325998336 -0.0611542874352698 -1.79366300041093 0.00740260986470468 0.999970423592075 -0.00208645830943306 -0.556118627091564 0.0611681612896988 0.00162979275676317 0.998126144242303 33.1171891139417
0.997979234976769 -0.00471054327724939 -0.0633660582426938 -1.85645678618639 0.00453253288378569 0.999985368761307 -0.0029526952044616 -0.564430338118571 0.0633790399173158 0.00265951975856727 0.997985983996676 34.1239252960873
0.997898263104062 -0.00857550200624569 -0.064230189624797 -1.91106320305116 0.00847900729156425 0.999962477615783 -0.00177476642264043 -0.586308746635432 0.0642429990679615 0.00122642808440108 0.997933531326064 35.127331597246
0.997857966829787 -0.00660161280856298 -0.065083767120912 -2.00391910308344 0.00666418713456639 0.999977516992397 0.000744392071369029 -0.587308532551325 0.065077389653848 -0.00117652796237681 0.997879526364678 36.1236491960949
0.997785687162576 -0.00347245675645037 -0.066420362371647 -2.07224004937509 0.00360013352411334 0.999991894701415 0.00180265639643706 -0.603234251967351 0.0664135643683944 -0.00203778692449489 0.997790101119637 37.120630821187
0.997701301524403 -0.00473814353011116 -0.0675992820405615 -2.15816648764539 0.00506059972970065 0.999976616422541 0.00459966721636039 -0.599464265338315 0.0675759074440519 -0.00493118687676431 0.997701949546606 38.1216464496255
0.997712453140736 -0.00444735460772533 -0.0674542947846011 -2.21041229850287 0.00498030002182023 0.999957684365865 0.00773473266184601 -0.625986954279217 0.067417041314399 -0.00805298172422578 0.997692383465847 39.1080232733715
0.997693204696732 -0.00334784120666253 -0.0678016317002757 -2.29877310068011 0.0040441313630747 0.999940462967756 0.010134866617157 -0.629890835697546 0.067763665068258 -0.010385686259672 0.997647344113857 40.1399197369105
0.99768341293115 -0.000453110844157273 -0.0680264819949987 -2.37460912298548 0.00110869701547798 0.999953306463277 0.0095997752102957 -0.642530745651314 0.0680189558357143 -0.00965295725274098 0.99763732992671 41.1204277062501
0.997681911611288 0.000883308869391759 -0.0680442724194186 -2.42782838344283 -0.000336376947883687 0.999967550329809 0.00804892153960932 -0.665217118254497 0.0680491740890052 -0.00800737490336928 0.997649834287041 42.1186092340298
0.997676622731605 0.00436963164644386 -0.0679872250803998 -2.52178868771979 -0.00401476993263356 0.999977600966732 0.00535529524928296 -0.670708432106848 0.0680091028998808 -0.00506989981097925 0.997671818805493 43.1383071342647
0.997622900327207 0.00489463471975099 -0.0687356624590958 -2.5749461218922 -0.00449764259111407 0.999972307477958 0.00592920638294941 -0.695467119140625 0.0687627802946707 -0.00560596362539212 0.997617287950634 44.1191397689641
0.997543388031609 0.00272565281203702 -0.0699982843444543 -2.6509861727585 -0.00224525727789572 0.999973392234599 0.0069407234914636 -0.720472316485808 0.0700153398490281 -0.00676650866970058 0.997522965422976 45.0537385271483
0.997491978002947 0.00231714505850632 -0.0707416755423935 -2.71952606888914 -0.00176984458115229 0.999968026529387 0.00779830552634965 -0.722104242950101 0.0707574834906246 -0.00765354543342949 0.997464185709127 46.1186256408233
0.997449354037789 0.00247497048667505 -0.0713348487815563 -2.79368555058313 -0.00209529348018848 0.999983242009282 0.00539679959213078 -0.74106545850589 0.0713470102725356 -0.00523356682348002 0.997437824580297 47.0566802090085
0.997327993910765 0.0104415317460414 -0.0723038517419782 -2.87170665348366 -0.0104762454514526 0.999945117545971 -0.000100882186535351 -0.761338400862775 0.0722988301646055 0.000858085526653033 0.997382646152448 48.035629741975
0.997331149824803 0.0109091332789687 -0.0721911933703737 -2.96205100759171 -0.0109103319300599 0.999940409210324 0.000377737298026891 -0.789897473265161 0.0721910122266817 0.000410900708325041 0.997390740339159 48.9868631865357
0.997330495067308 0.00888449615446266 -0.0724772332314031 -3.03630494492111 -0.00872737545539012 0.999958829823645 0.00248426556311534 -0.781127463615319 0.0724963207787714 -0.00184509777756216 0.997366973128614 49.9864542984393
0.99736453649151 0.00338778701237551 -0.0724741626252661 -3.10561523955711 -0.00296068423331191 0.999977618186149 0.00599978963193677 -0.809258931544605 0.0724928665314412 -0.00576940429469608 0.997352243831706 50.9408815024363
0.997345186921252 0.00268294155141712 -0.0727693613387213 -3.18237687939616 -0.00219629240710874 0.999974693384453 0.00676674887461371 -0.807400614732261 0.072785674584194 -0.00658896162542239 0.997325840014197 51.8922022775493
0.997330690073863 0.000472317991500172 -0.073015556921165 -3.23759784770617 -8.37607908429632e-05 0.999985821040562 0.00532453772296421 -0.835238469953334 0.073017036511508 -0.00530420904077666 0.99731658852419 52.888623379505
0.997270084589436 -0.00368067462512795 -0.0737484306089495 -3.30571817511318 0.00398152403334227 0.999984340152901 0.00393279993628537 -0.850469794030675 0.0737328003628712 -0.00421569487402344 0.997269122186874 53.8381233360509
0.997202999800524 -0.00369429690564086 -0.0746493761474857 -3.36691038277223 0.00405185712986739 0.999981030961039 0.00463898392940078 -0.851469352468317 0.0746308223365855 -0.00492847729740822 0.997199052581226 54.7730168101178
0.997138767849718 -0.0061837646613365 -0.0753394896834347 -3.45031517844747 0.00682292335621143 0.999942861668447 0.00822928400245078 -0.863896929642649 0.0752842969550917 -0.00871977367429531 0.997123984356533 55.7688618915017
0.997067966944362 -0.00714377486730328 -0.0761868477762557 -3.52144543061751 0.00817766970541657 0.999878546337002 0.0132671885941869 -0.869479338639718 0.076082816796082 -0.0138513196356844 0.997005288818833 56.6935628926721
0.997039649576355 -0.00562334492236937 -0.0766832130556826 -3.61722517074629 0.00689925727375908 0.999841970117911 0.0163839872987484 -0.868834756144273 0.0765789620047806 -0.0168645421704572 0.996920884421453 57.6371450605442
0.99695603742414 -0.00389941960254908 -0.0778681832992139 -3.68983945516255 0.00492245707866506 0.99990402303457 0.0129504492428272 -0.892474769685455 0.077810210511638 -0.0132943313500755 0.996879547334626 58.5735329198224
0.996876062855651 -0.001404768666793 -0.0789692467382666 -3.76011165647673 0.00184039338310115 0.999983488457109 0.00544387411192365 -0.904158873287092 0.0789602954503836 -0.00557220227054184 0.996862188220741 59.5090450594627
0.996818067115702 -0.00353690739335751 -0.0796318488910469 -3.85140870413168 0.00359184727164007 0.999993399857976 0.000546693390030815 -0.907133211842793 0.0796293897056415 -0.000830979287530409 0.996824192006058 60.4108492978672
0.996744095170923 0.000776147478872825 -0.0806263377376721 -3.93832674910501 -0.000659745681556423 0.99999870140382 0.00147034904339208 -0.905697090870972 0.080627374244321 -0.00141236884869913 0.996743312862796 61.3231758894696
0.996631035416217 0.00378922159765586 -0.0819281456209253 -4.0122746336041 -0.00350686337253385 0.999987406695554 0.0035900361539237 -0.920593620394115 0.0819407173173756 -0.00329063063620899 0.996631772820599 62.2461014774771
0.996533249061727 0.0046295465548773 -0.083066544487983 -4.09593035399579 -0.00421486959062886 0.99997776942028 0.00516677264593308 -0.936811572221062 0.0830886176850465 -0.00479874607965393 0.996530608484883 63.1105421458453
0.996449719350451 0.00507456508908402 -0.0840369299508504 -4.16199482379139 -0.00469704262256716 0.99997797320837 0.00468944438941934 -0.962109649993623 0.0840588757776909 -0.00427807050389761 0.996451606208628 63.977828187136
0.996282261155931 0.00783012149022744 -0.0857924548166876 -4.25668003095876 -0.00738915770613336 0.999957813994338 0.00545624230212086 -0.980603935114316 0.0858315586158086 -0.00480202343953479 0.99629808998937 64.8728051763488
0.99621227380979 0.00734686338701404 -0.08664369053255 -4.33277175910973 -0.00686922670472413 0.999959530791606 0.00580951835438419 -0.985635885145399 0.0866828658686759 -0.00519233833675874 0.996222425157851 65.6711883206708
0.996062402943194 0.00763383675023268 -0.0883256133830981 -4.39377258158243 -0.00710648716164114 0.999955007105148 0.00628343899183642 -0.996444719831772 0.0883696061055561 -0.00563101250340448 0.996071836975093 66.4888090912055
0.995916550990133 0.0092666206132644 -0.0898017438935754 -4.47608329759096 -0.00869223616159568 0.999939201759069 0.00678511723898988 -1.02347443267822 0.0898591592127844 -0.00597683259307241 0.995936548670509 67.2836286633616
0.995776826726191 0.010433781972871 -0.0912121019868544 -4.54475057650136 -0.00953754202016533 0.999901917374492 0.0102562626247559 -1.00348106007444 0.0913101672724966 -0.00934300939510259 0.995778670954601 68.0699046516826
0.995660583560509 0.0150071733165655 -0.0918410969718526 -4.62676171665505 -0.0137425404816107 0.99980206209183 0.0143867723286477 -1.0185975965836 0.0920388229230359 -0.0130622121392823 0.995669741274169 68.8538187911596
0.995528018089088 0.0148876486962126 -0.0932862429081067 -4.70754787941692 -0.0134793543493786 0.999785752539561 0.0157084698563071 -1.01829544527617 0.0935001187482456 -0.014380783539181 0.995515404631623 69.6716749968856
0.995355675205704 0.0167845087876616 -0.09479113935677 -4.8035142632453 -0.0156189527165231 0.999793181632206 0.0130246795656959 -1.0312332693974 0.0949901476566739 -0.0114836503998924 0.995411973818708 70.4003916102004
0.995121230309719 0.0216704912987543 -0.0962503339928829 -4.87534829228264 -0.0212736811202802 0.999760440333813 0.00514708025324296 -1.05778377399438 0.096338816052843 -0.00307436992102494 0.99534385052158 71.139317839582
0.99505197177588 0.0183326511029679 -0.0976498201148909 -4.9506320193599 -0.0184013934681111 0.999830660683742 0.000196659967981439 -1.07547430878458 0.0976368894596989 0.00160120587311506 0.995220816681598 71.8606834326759
0.994956707501167 0.0198654785105464 -0.0983184263603902 -5.022531690395 -0.0201218674791774 0.999796227518944 -0.00161675231224298 -1.08153117555504 0.0982662742124014 0.00358694890341921 0.995153693230336 72.541587411145
0.99483558291083 0.0216257625123123 -0.0991689939962604 -5.1083516898143 -0.0215720627528817 0.999765993379183 0.00161387456807485 -1.09867363302705 0.0991806890632193 0.000533739914951768 0.995069297103799 73.2486334916474
0.994772098134369 0.0218153041433582 -0.0997625444667353 -5.1657845772216 -0.021529313388614 0.99976044382496 0.00394254079683666 -1.11058538130316 0.0998246534597512 -0.00177411049617967 0.995003462855074 73.8549467433222
0.994663696874347 0.0206921759949149 -0.101074051926557 -5.23642168397754 -0.0206857691339278 0.99978540864637 0.00111158137301472 -1.13310811129792 0.101075363346341 0.000985144865723916 0.994878284220738 74.5255652245947
0.994785597266531 0.0121401117454077 -0.101263187575154 -5.28754192499643 -0.0125986796887061 0.999913066232404 -0.00389014753117675 -1.14097908170856 0.101207157559005 0.00514564519977331 0.994852066185875 75.1225741947103
0.994933865828957 0.0109834816694818 -0.0999298041480272 -5.34860294959219 -0.0118821220296118 0.999894105447242 -0.00840196809879346 -1.17718269876288 0.0998269392635091 0.00954678072838621 0.994959014821718 75.7074166195457
0.995208379919245 0.00994349401955854 -0.0972697664497805 -5.41243173681471 -0.0108397438941274 0.999903487685229 -0.00868995208410059 -1.18086601455029 0.0971739702328847 0.00970269249215082 0.995220114983405 76.3004865478828
0.995569645614276 0.0145902428189281 -0.0928881345810686 -5.46336316465795 -0.0152574440444515 0.99986262186327 -0.00647671227840136 -1.18205682365347 0.0927808769774053 0.0078652536635178 0.995655485924781 76.8950868895773
0.996042690285597 0.0129197170684291 -0.0879320194212724 -5.51116616855408 -0.0132523320340859 0.999907063906673 -0.00319988205937861 -1.19604682995216 0.0878825057920495 0.00435252345281848 0.996121338349552 77.4219012558545
0.996517513978054 0.010073338382067 -0.0827730160670689 -5.56762707735212 -0.0100439419977238 0.999949260686015 0.000771545616082554 -1.23722437239563 0.0827765882610852 6.25086530950455e-05 0.996568127389454 77.9858726243398
0.997198181439326 0.00491654801708019 -0.0746432481186174 -5.57337979345291 -0.00460696834073602 0.999980060532859 0.00431907159090577 -1.24371449669281 0.0746629946948901 -0.00396309125502531 0.997200948220014 78.4877044299031
0.997917374754699 0.00710679946510446 -0.064112452488205 -5.61915665026238 -0.00687652989175234 0.999969092035813 0.00381160198865192 -1.25522421550686 0.0641375591937936 -0.00336279265415663 0.997935401279175 79.027578613059
0.998712331726266 0.013015074564856 -0.049033522124736 -5.65678540811874 -0.0128534224309494 0.999910872383415 0.00361065385337397 -1.27540345346066 0.0490761448129058 -0.00297575595581301 0.998790607127837 79.5005548021743
0.999372277525989 0.0172976827909946 -0.0309166796823192 -5.6712976103421 -0.0171971033031875 0.999845936083737 0.00351621029173951 -1.2627324753719 0.0309727388278225 -0.00298232575322763 0.999515780356971 80.0198634403552
0.999818437512862 0.0169384048220082 -0.00872825592119108 -5.67109749669136 -0.0169063669779873 0.999850114484653 0.0037313966061565 -1.28581465558983 0.00879015158832079 -0.00358315602682674 0.999954946099044 80.4684408951017
0.999765170272046 0.0125369393299471 0.0176756743334856 -5.64965865889954 -0.0126246117391189 0.999908509068981 0.00485722862184238 -1.30469730318092 -0.0176131623890407 -0.00507923652585386 0.999831974817255 80.9565755132592
0.998828753544691 0.0119260008363355 0.0468923404876579 -5.59578888545331 -0.0121588910557754 0.999915105365319 0.00468438155549947 -1.29505237918346 -0.0468324936411943 -0.00524905384954704 0.99888896528745 81.4029027099044
0.99675387402467 0.0111173885989096 0.0797378096485825 -5.53558720082039 -0.0117221478873674 0.999905942197976 0.00712025323183572 -1.30727063033533 -0.0796511510633678 -0.00803183838978436 0.996790441219397 81.8663429873178
0.993057136225889 0.0112271964848715 0.117096004414867 -5.46265159864784 -0.0122618744266453 0.999891854328169 0.00811948789774615 -1.31186381958865 -0.116992181902817 -0.00949893190135356 0.993087407868186 82.3285845390272
0.987242044279559 0.0107963877294936 0.158860265701379 -5.38908739970844 -0.0122641653741056 0.999890659399667 0.00826193034200198 -1.3289033265895 -0.158753696821192 -0.0101048135704694 0.98726650732632 82.7375117128295
0.978866589709519 0.0106672761303422 0.204221469905627 -5.27613563601421 -0.012516358334902 0.99989151893023 0.00776473730594832 -1.32922811833197 -0.204116487145179 -0.0101567510236831 0.97889391666521 83.1519857202283
0.967433536693846 0.0118919667886264 0.252845670728085 -5.12171834554113 -0.0137162419587018 0.999891056360224 0.0054534500424884 -1.32523824591308 -0.252753272553625 -0.00874394285970442 0.967491254056955 83.5553317047474
0.952126290574987 0.0121810670876786 0.305462188168227 -4.99015940885929 -0.0138712929388593 0.999898132143407 0.00336341616955197 -1.35064870388512 -0.305390101391843 -0.00743955245500189 0.952198266660441 83.9185838167779
0.932556411678875 0.0125583960215547 0.360805800571423 -4.78027789595609 -0.0139387516973869 0.999902102129682 0.00122366570650806 -1.35755615914798 -0.360755111173409 -0.00617031976549762 0.932640164756083 84.300855948788
0.90857671382123 0.012223876819224 0.417539138210209 -4.59106642963464 -0.012815597013047 0.999916915626606 -0.00138647646011832 -1.36577213453281 -0.417521395350004 -0.00409129310655218 0.908657881573534 84.6519619609573
0.879883294352495 0.0124341379410342 0.475027136628071 -4.37462776048363 -0.0123046904466498 0.999918575787314 -0.00338177297903248 -1.3546608297448 -0.475030507349173 -0.00286949632042348 0.879964648766332 84.9770621437965
0.846949442041516 0.010772877471346 0.531564283729214 -4.08315958504485 -0.00908491250637799 0.999941968083414 -0.00579006305832663 -1.38636600306686 -0.53159581167492 7.46756674395412e-05 0.846998162591412 85.3259783547511
0.810435680346038 0.0104233377058169 0.585734890588844 -3.8522287880074 -0.0075393877961801 0.999944472852835 -0.00736266546335462 -1.38455416318165 -0.585779109949914 0.00155088430805167 0.810469264749842 85.5483652698366
0.770827024177227 0.00876815485442583 0.636984158561679 -3.51952897798388 -0.00595273492832749 0.999960758046739 -0.00656104515035541 -1.40628484669068 -0.637016690318985 0.00126563305927949 0.77084896992083 85.878373126857
0.72826110730537 0.00824668773362026 0.685250138072063 -3.27184544835702 -0.00730810194813288 0.999964190144489 -0.00426732639865411 -1.40597407328614 -0.685260790671896 -0.00190015002068549 0.728295296015034 86.1198938388704
0.683264648442928 0.0078799285959358 0.730128294831453 -2.96830842247133 -0.00691320587503212 0.99996676042009 -0.00432268891774798 -1.41131557928649 -0.730138088153667 -0.00209398669364277 0.68329641258171 86.3045392758644
0.636543171031936 0.00595944817197782 0.771218047240917 -2.59109065442921 -0.00235458195258429 0.999980501850819 -0.00578375846775581 -1.44020447489761 -0.771237477925208 0.00186571586000733 0.63654479162734 86.5450445385685
0.590049680821783 0.00270636475250604 0.807362402983901 -2.30949019360548 0.00346200530279674 0.999976706924908 -0.00588218725483785 -1.46444544210348 -0.807359516375075 0.00626587563266002 0.590026567301135 86.6948698746732
0.543191997681625 0.00436519405899218 0.839597164558976 -1.92723048776745 0.00223446590619591 0.999975427580509 -0.00664465178116827 -1.4639657564774 -0.839605538819724 0.00548537291405735 0.543168896262695 86.8962006967364
0.496092407417583 0.00723301768615701 0.868239602159323 -1.62655969749741 -0.00115293620130975 0.99996990774944 -0.00767165781899866 -1.45309151453586 -0.868268964112356 0.0028048263275707 0.496085818088493 87.0071137301971
0.45076099569955 0.00933219771659085 0.892595896720194 -1.26652374048198 -0.00185425285585245 0.999952981405712 -0.00951823114738456 -1.46889960082768 -0.892642754130843 0.00263534885867794 0.45075710580544 87.1596107245574
0.407721766473512 0.00679128068459877 0.913080960074397 -0.902018766992974 0.00587148914414053 0.999932167967087 -0.0100590794743486 -1.45101384364014 -0.9130873379688 0.00946245059717709 0.407654234946414 87.3232205329014
0.36852635340036 -0.00161738173698594 0.929615894294923 -0.550779169982577 0.0197955136964682 0.999785391695825 -0.00610804298598917 -1.50700862502772 -0.92940651196714 0.0206531989760089 0.36847928148694 87.3410218719093
0.332873921290803 -0.00607596762169749 0.94295176713443 -0.179490894466117 0.0256223356826204 0.999668303618331 -0.00260358503122768 -1.52092303995234 -0.942623174146833 0.0250272922687973 0.332919188697559 87.4273462285184
0.299359529705229 -0.0024426069329759 0.954137257236104 0.199214373002983 0.0230919342894358 0.99972236455352 -0.0046857637894898 -1.53024849089733 -0.953860909433569 0.0234356028915301 0.299332821407333 87.5327913906092
0.268488463893757 0.00626861312199736 0.963262502771439 0.544429461659953 0.0123964511451468 0.999873534211033 -0.00996210737465463 -1.51255305442155 -0.963203131616056 0.0146157474617237 0.268376800732027 87.6307534652376
0.24042723794505 0.0109822182311229 0.97060503508731 0.924648058254487 0.00822579819737352 0.999877035604761 -0.0133510267115211 -1.51662294310358 -0.97063230911511 0.0111939516239645 0.240307336444209 87.7370971114951
0.21420311596311 0.0123639455734956 0.976710887602647 1.31448805246323 0.00901478936536577 0.999852279976309 -0.0146339262973281 -1.54047980886421 -0.976747540915457 0.0119394755342595 0.214060015508675 87.8067612855728
0.191018876108497 0.0139628809556633 0.981487048781422 1.73535897504313 0.016708778612472 0.999707695531768 -0.017473986718586 -1.54928102188793 -0.981444142927923 0.0197373111132163 0.190729737750813 87.8787738201109
0.170303937002601 0.018284619348152 0.985221925119771 2.12430184981746 0.0236616969542058 0.999463654826489 -0.022639054267461 -1.56883909895428 -0.985107452585078 0.0271675426965874 0.169779950186021 87.9141145091179
0.150803981843137 0.0256450366576715 0.988230990788632 2.54959564908973 0.0258655769302315 0.99921885548106 -0.0298772619426103 -1.55597040824348 -0.98822524304448 0.0300667747845983 0.150022858470738 87.9405881827333
0.133179019649592 0.0267529884746536 0.990730854638558 3.02640687714578 0.0215844209667585 0.999320226407288 -0.0298864160583972 -1.57160324182799 -0.99085693291045 0.0253645954227722 0.132511040303575 88.0019713134698
0.117304336054083 0.0224058093152719 0.992843226522616 3.45896975224635 0.0211399666406707 0.999462583209812 -0.0250528755635026 -1.58303929659902 -0.992870985855334 0.0239274836223262 0.116767636672844 88.0805939132998
0.10258609298333 0.0189788484126069 0.994543059318875 3.92230445921578 0.0220945308744696 0.999527829058237 -0.0213530008093705 -1.61638620356433 -0.994478720351448 0.0241644832566135 0.10211832605898 88.1025611746284
0.0893403361831751 0.0167817172944448 0.995859768388766 4.43617096448753 0.0269418969923083 0.999451457332959 -0.0192592476872712 -1.63823645630966 -0.995636700065407 0.02855097896173 0.0888391978981899 88.1490234266233
0.077605699294573 0.0162752485432161 0.99685127863782 4.91193917342578 0.0322449339870125 0.999302688012688 -0.0188255667322047 -1.64823712386961 -0.996462553069193 0.0336043749454149 0.077026789595273 88.1935594392414
0.0675876971988225 0.0171606647813488 0.997565744586101 5.40457009898885 0.0357376046135808 0.999168798980334 -0.0196095578909786 -1.65765121277257 -0.997073079971495 0.0369759750170087 0.066918237183132 88.1964036566302
0.0595421395467984 0.017140650017875 0.998078620017058 5.921460900248 0.0365224485238938 0.999145715473063 -0.019337786989219 -1.67625784496987 -0.997557439134213 0.0376036882338103 0.0588652551103389 88.2405240713585
0.0535442891483354 0.0173562616217507 0.998414627938772 6.49193060859551 0.0390967804984571 0.999045842644671 -0.0194639679678585 -1.68615208993448 -0.997799804998104 0.0400769818838158 0.0528146255201093 88.2654723128193
0.0475172735508489 0.0183970433234377 0.998700985035686 7.05672635934873 0.0373639414824023 0.999097902531465 -0.0201820968714315 -1.705058893376 -0.998171350315763 0.0382744033811605 0.0467870222884809 88.2646329983538
0.0421814705743176 0.0189843249673983 0.998929586580416 7.6243166122244 0.0398925937090184 0.998990155986474 -0.0206700074815404 -1.71945957490452 -0.998313229656582 0.0407217834537238 0.0413815399060121 88.309439579609
0.0377443158866667 0.019116889164157 0.999104554672299 8.25654270650056 0.0408090887508725 0.998953432737339 -0.0206556892310663 -1.73635024563788 -0.998453797075043 0.041552181302217 0.0369246710947675 88.3222885799143
0.0350778865702286 0.0188217547510106 0.99920732754612 8.86981831103966 0.0409412854475484 0.998956242560455 -0.0202542981956849 -1.77065439635638 -0.998545618897639 0.0416193103930155 0.0342706869312725 88.3247051985801
0.0313138801553179 0.0185062950254702 0.999338260027128 9.50897383950322 0.0430036857868522 0.99887779442468 -0.0198452718306235 -1.79744374627827 -0.998584059515454 0.0435966609927401 0.0304829006480686 88.336237615301
0.0294577302075478 0.0185162423554187 0.999394512142254 10.1975956040723 0.0458057344057215 0.998753039149014 -0.0198545079556651 -1.80498896475711 -0.998515937192077 0.0463628683284853 0.0285728474916958 88.3679815728653
0.0285866075662411 0.0180838966920623 0.999427725525105 10.8702947691942 0.0509754355411626 0.998509021866234 -0.0195253226125999 -1.8368071685659 -0.998290694557073 0.0515044263356864 0.027622151049282 88.3669661522427
0.0304050060068358 0.0175242359605212 0.999384028671523 11.5424154707928 0.0539052844925449 0.998362478557395 -0.0191463237336323 -1.8595561915262 -0.998083040590061 0.054454224470974 0.0294105682325706 88.3775983970403
0.0320005129302776 0.0174463445966072 0.999335575386174 12.2403990534671 0.0557287806957475 0.998261086785404 -0.0192121214910871 -1.87955201821069 -0.997932998840285 0.0563065508643483 0.0309726033035025 88.4224151998219
0.0354416752092872 0.0176608522426355 0.999215683401949 12.955546258762 0.0580514324492875 0.998119191492418 -0.019700527026125 -1.90502830370449 -0.997684278140608 0.0587041214275886 0.0343497784340704 88.4458464684384
0.0397471042555399 0.0169818582138507 0.999065455410657 13.7534251837461 0.0564566362486741 0.998220159425615 -0.0192135769648608 -1.93463961969469 -0.997613560416449 0.0571675590514795 0.0387176221546657 88.492486030597
0.0443404384879357 0.0153852266898692 0.99889800295846 14.4797429082231 0.0629707171655741 0.997850062091971 -0.0181643156409043 -1.93831764517567 -0.997029896389447 0.0637067373419049 0.0432762905399559 88.5080389963939
0.0484728822534529 0.0139641738553873 0.998726880350469 15.2488204435409 0.0626211144793861 0.997892716955906 -0.0169918058993078 -1.96041869319365 -0.99685955666152 0.0633650321146975 0.0474962840409736 88.5317654532611
0.0522645722863461 0.0118801960512151 0.998562604660074 16.042784474927 0.060608517613281 0.998048203257477 -0.0150463140749638 -1.95687563015544 -0.996792366582151 0.0613077883821178 0.0514425213927889 88.5924916615324
0.0566442820929032 0.0108567847729795 0.998335392305899 16.812328670288 0.0601375583159133 0.998088146865386 -0.0142662246799725 -1.97401679279181 -0.996581606987596 0.0608455529288092 0.0558830860172176 88.6524138891929
0.0605950799955726 0.011631843526511 0.9980946530748 17.6342399982515 0.0542297639795073 0.998416891703874 -0.0149279288282969 -2.00617642602361 -0.996688200481503 0.0550309965069735 0.0598683592926379 88.7013824957035
0.0635147135579506 0.0161421981098679 0.99785034479216 18.4543304440473 0.0520798247319749 0.998453169270259 -0.0194669111587387 -2.04135578202155 -0.996621077951665 0.0532043063516218 0.0625757841988777 88.7629826931466
0.0650135323368968 0.0202398660472995 0.99767910093149 19.2626865428258 0.0454818447449102 0.998695165710361 -0.023224293000119 -2.07849445785289 -0.996847351609904 0.0468861792977724 0.064008154005392 88.8267536905739
0.0653377831650324 0.0232223863601858 0.997592950487731 20.0972613543933 0.0416295643933812 0.99879536384514 -0.0259769230254623 -2.11866372930262 -0.996994460094687 0.0432266345346445 0.0642923370808041 88.8787981294511
0.0657560462192162 0.0222793576821455 0.997586974958518 20.8755962098186 0.0420191309250653 0.998802071149269 -0.0250761899863842 -2.13856660579174 -0.996950618146114 0.0435666488176683 0.0647411159069677 88.9201708917387
0.0648706359290185 0.020846079405697 0.997675920110121 21.6949695181541 0.0389665752633922 0.998966331568929 -0.0234067170692447 -2.17941103066121 -0.997132592289715 0.0403944224507376 0.0639912808784464 89.0068321542832
0.0649608362997394 0.0195812444185596 0.997695677355705 22.4980433853967 0.0397340900203529 0.998963793914284 -0.0221932543498073 -2.21793838981471 -0.997096430561003 0.0410842222197448 0.0641154805573948 89.0548834937927
0.0647105893483282 0.0194043824252243 0.997715395074611 23.3459957715054 0.0354394265286383 0.999135541258973 -0.0217305600585989 -2.24173436716619 -0.997274579377973 0.0367646587884992 0.0639669695284367 89.1048709230952
0.0650912732665826 0.0186521862159621 0.997704977482773 24.163350525987 0.0344242428737107 0.999188211959127 -0.0209257875477566 -2.28552758192136 -0.99728536419979 0.0357073246167666 0.0643963455609556 89.1518733509216
0.0658280033155395 0.020077444280835 0.997628974223704 24.9948941082933 0.034202264137042 0.999164653296525 -0.0223651678002986 -2.30763978487789 -0.997244643559137 0.035593424027276 0.0650863200574836 89.2095588019977
0.0647478088171894 0.021470132672212 0.997670664426097 25.7867527238236 0.0346377035309921 0.999117712683564 -0.0237492251675999 -2.36821514875614 -0.997300331268105 0.0360947309866672 0.0639470065564319 89.300682181443
0.0617023719433477 0.0211439069270798 0.997870609095399 26.6406029056152 0.0289906110521912 0.999315793507214 -0.0229671356043453 -2.39358872806277 -0.997673474523296 0.0303460054522305 0.0610471799979971 89.3495716392651
0.0579349270168925 0.0201199765348887 0.998117593661079 27.4293305936942 0.027778791358211 0.999377275279988 -0.0217577665357375 -2.41692313153053 -0.997933806914178 0.0289870350015692 0.0573399408753922 89.3926049136076
0.0533158936663969 0.0185535576914239 0.998405318986004 28.2755063420555 0.0270871393993454 0.999432599693719 -0.0200191295668866 -2.45623499795983 -0.99821024957757 0.0281112818357037 0.0527830794084595 89.4440751265047
0.0469579057808824 0.0166551747778092 0.998758008847886 29.0740441000974 0.0210114542849405 0.999623295052458 -0.0176574850218655 -2.47170237182113 -0.998675860263732 0.0218145167626097 0.0465902670619969 89.4776630182661
0.0395567176243615 0.0167890447232368 0.999076270395843 29.9225962442682 0.022958204228561 0.999579612100951 -0.0177064940265484 -2.52341472753141 -0.998953545941645 0.0236374078399825 0.0391546421413876 89.5388513174381
0.0308154422447374 0.0176770736552231 0.999368765564668 30.6906942423291 0.0247896051618064 0.999522529886481 -0.0184441786276731 -2.54424295909213 -0.999217635950839 0.0253423226306427 0.0303625211157016 89.5586945515267
0.0201278450469397 0.0183550981500563 0.999628911259407 31.5358959286144 0.0255968014473384 0.999494272802005 -0.0188680256428025 -2.57233291106845 -0.999469696193652 0.0259670754590061 0.0196478340453691 89.5874321165413
0.0116973610695359 0.0179611677795833 0.999770257707241 32.3411525013946 0.0265203089162246 0.999481373869344 -0.0182662668117219 -2.60786738204467 -0.999579834209853 0.0267278831979387 0.0112149587944148 89.5847059230154
-0.000713534590948186 0.0165719289432034 0.99986242155583 33.1069474479537 0.0264885805334249 0.9995121533019 -0.0165472204047502 -2.63679565535926 -0.999648861335675 0.0264731292615841 -0.00115215336986025 89.5904383923718
-0.0110212452602906 0.0159060860041103 0.999812746758583 33.9199313402418 0.0264250007670686 0.999528908291436 -0.0156102794398453 -2.65570297350301 -0.999590041710787 0.0262480078817323 -0.0114363715778901 89.5591353608549
-0.0223729070541763 0.0164613484628541 0.999614164083688 34.6703117500936 0.0263109723757082 0.999527809829912 -0.0158710462561319 -2.69028041682876 -0.999403414924419 0.0259457392148315 -0.0227954568720621 89.5530324820198
-0.0330080527279122 0.0163383483967275 0.999321533254827 35.4963022519053 0.0263774097267526 0.999532338018417 -0.0154705368860613 -2.70230260898356 -0.999106951587876 0.025848861234165 -0.0334235794264842 89.5110834107057
-0.0437283977611497 0.017791712052784 0.998885019514996 36.2644510936646 0.0272888099578948 0.999489619790748 -0.0166078530108012 -2.73868976354915 -0.9986706905083 0.0265321486649177 -0.0441915943013841 89.4926901232365
-0.0535487331971291 0.018873527411815 0.998386860458419 37.0192491614404 0.0272959775603709 0.999475423388438 -0.0174300789305578 -2.76406775544213 -0.998192097134618 0.0263185866933849 -0.0540358141648331 89.4512026862365
-0.0643028326345334 0.0194199136158153 0.997741455824268 37.7332357340564 0.027688836917856 0.999460424093799 -0.0176688703764344 -2.77968445926379 -0.997546226510487 0.0264901420418453 -0.0648058511964106 89.4002538420874
-0.073802296664232 0.0202761237143249 0.99706674792323 38.5383601066815 0.0300653737981805 0.999384081297974 -0.0180978271231443 -2.81988195708391 -0.996819589647726 0.0286415232717278 -0.0743664496881134 89.3702509262249
-0.0823783123277369 0.019863916849659 0.9964031505698 39.2357751815744 0.0264435623396789 0.999492899521242 -0.0177392733055196 -2.83638125304367 -0.996250245505024 0.0248871174307158 -0.0828618109696403 89.2544517282493
