1 -1.73472347597681e-18 -9.48676900924816e-20 -1.73472347597681e-18 1.73472347597681e-18 1 -1.6456920911512e-37 6.93889390390723e-18 9.48676900924816e-20 0 1 5.55111512312578e-17
0.998962955941125 -0.00142161590003845 0.0455081494416344 0.0223564744339878 0.00150595125031661 0.999997211740878 -0.00181896159984992 -0.0682597443282119 -0.0455054366883897 0.0018856083110807 0.998962311457793 0.967989146594645
0.995874144004171 -0.00487919220021639 0.0906139215983606 0.139933729293662 0.00551040801031133 0.99996225712193 -0.00671712253686893 -0.083091941756216 -0.0905777274362764 0.0071887283359968 0.995863443187564 2.04799352204023
0.990746663936992 -0.00523092262723353 0.135623321542386 0.255957755668332 0.00669196207138506 0.999924363934932 -0.0103191110545904 -0.125252463308542 -0.135559085056505 0.0111312109758876 0.990706732893672 2.99029476853468
0.983287990410396 -0.00377663858043052 0.182017759890945 0.42613125800509 0.00625895594690999 0.999895056388222 -0.013065285333649 -0.12350097009798 -0.181949315429159 0.0139861793005748 0.983208438431766 3.99636984849173
0.973837466145575 -0.00623713462081149 0.227160048606458 0.662063710336682 0.00945516954237623 0.999869735372294 -0.0130809806766692 -0.169589551393443 -0.227048869849844 0.0148865858496953 0.9737695827359 4.95338708013618
0.962089273321491 -0.00778888025711966 0.272623483038542 0.926403205628081 0.0120967327445916 0.999827072293101 -0.0141242545542072 -0.201812254837681 -0.272466326757329 0.0168866472144819 0.962017121432473 5.89983374114375
0.948442351584506 -0.0103317283112004 0.316781251198609 1.23378484096041 0.0165026880805883 0.999722615907741 -0.0168033487346767 -0.221623425385545 -0.316519773484956 0.0211647497667205 0.948349770053404 6.86339499497132
0.933328510189959 -0.0123323646397477 0.358811656512138 1.59556303061593 0.0201258157588917 0.999635533843765 -0.0179930824743857 -0.305809432164178 -0.35845898455281 0.0240148341506495 0.933236542433956 7.74892913190296
0.915727023666084 -0.0123466383750821 0.40161122824006 1.96928096114818 0.021640755155741 0.999592523429392 -0.0186135654926618 -0.300218726922621 -0.40121776611205 0.0257361151865485 0.91562107693694 8.65987331756098
0.895883880221639 -0.0131743622746722 0.444092906200579 2.42208036221932 0.0232906673003995 0.99957848812807 -0.0173317883758054 -0.346806093567756 -0.443677380509444 0.0258704899500821 0.895813094218889 9.54696992447056
0.874226685972924 -0.0131787414631403 0.485339079722874 2.90813946858153 0.0239248954339298 0.999586469154656 -0.0159527446354241 -0.395698335397776 -0.48492813994578 0.0255580018071687 0.874180466283908 10.3833712943749
0.849685900728473 -0.0133265307497728 0.527120739187351 3.43421581239092 0.0251487489125044 0.999567129423419 -0.0152674229771329 -0.414754257969485 -0.526689102347276 0.0262289411605241 0.849653242278412 11.2582044176735
0.824021156734858 -0.0136842375502686 0.566393745459829 3.9855972662389 0.0266619285589655 0.999537296791063 -0.0146401464860222 -0.442708223224908 -0.565931334013997 0.0271649400198746 0.824004727665354 12.0172762001598
0.796622430883146 -0.0156408499148321 0.604274826902271 4.54836408742143 0.0304979012745625 0.999432006283948 -0.0143367650845574 -0.506870541149724 -0.60370736340687 0.0298501026662295 0.796646967444891 12.8189961005034
0.767234966059936 -0.0151656708902243 0.641186797494659 5.18113248702525 0.0319785995764546 0.999381514895409 -0.0146272640806925 -0.504998229454903 -0.640568400738076 0.0317268043112909 0.767245419578414 13.5987331041559
0.736781085615296 -0.0179707996454041 0.67589250790318 5.83145700198975 0.0366954540413429 0.99923620383618 -0.0134332645235554 -0.560030957429959 -0.675134857293153 0.0346995576796718 0.736877781701002 14.2627499840801
0.704614979332204 -0.0174297809803524 0.709375735161314 6.5178590702682 0.0371989523706409 0.999230972932089 -0.0123976076610911 -0.589326160682482 -0.708614118433442 0.0351235742510426 0.704721480933161 14.9354904753854
0.669914766449742 -0.0165716448578812 0.742253047335807 7.25070713829634 0.0388058889056238 0.999165849665789 -0.0127164400633719 -0.586377771103105 -0.741423164379717 0.0373227202699 0.669999034232753 15.5891999607458
0.634286891163198 -0.017426778261229 0.772901317826512 8.00494514735981 0.0431538221648942 0.998985281092246 -0.0128901432733621 -0.644208115505912 -0.771892406576905 0.0415296949240067 0.634395300351786 16.1727384353345
0.59735277749492 -0.0165470629970152 0.801807865966203 8.77805297932492 0.0442581513593994 0.998943699241593 -0.0123572563204604 -0.668759896955646 -0.800756439410482 0.0428681752783329 0.597454135721691 16.781481453639
0.560037977560056 -0.0155831827534236 0.828320365622937 9.5196381507229 0.0475155652801409 0.998781471145262 -0.0133358146738499 -0.704863156058012 -0.827103218919229 0.0468266730846855 0.560095998862043 17.3035050621733
0.521120822614679 -0.0138555155371794 0.853370442965187 10.3398592209545 0.0514212849478374 0.998561551228542 -0.0151881487469944 -0.739060724018948 -0.85193247366896 0.0517962652828029 0.521083685420144 17.7656983483733
0.48126734702494 -0.0131670917343604 0.876474967345237 11.1980284312525 0.0541609991226435 0.998423410639292 -0.0147403955659868 -0.753716830895772 -0.874899038096175 0.054564831005545 0.481221728889837 18.2690674601218
0.442901185879108 -0.0146982913209399 0.896449942706855 12.0342255062112 0.0586828332443755 0.998196824209295 -0.0126263700599242 -0.780066625513834 -0.894647899807121 0.0581984567726853 0.44296509456162 18.6571089477141
0.405851182760743 -0.0155216071253912 0.913807363268622 12.9207254554068 0.0635069464033756 0.997917926666642 -0.0112551941729158 -0.819167224301473 -0.911730050623662 0.0626010491093901 0.405991900707612 19.0729874802879
0.369848848750359 -0.0137574914140279 0.928990075570254 13.880552624968 0.0647223382390705 0.997842791841848 -0.0109900728902519 -0.841817495810871 -0.926834854766965 0.0641910756979399 0.369941424809172 19.4314954497856
0.336781831175313 -0.0140417955318065 0.941478000894575 14.7590263406355 0.0657207564087995 0.997800755496065 -0.00862754359815782 -0.860568451934745 -0.939286314372385 0.0647802462925683 0.336964003007764 19.7611364217468
0.302471605719154 -0.0154322851616436 0.953033458126401 15.7128026613873 0.067644639383873 0.997695329429734 -0.00531341667110907 -0.870173909122643 -0.950755031801727 0.0660747622680911 0.30281841967574 20.0404161807276
0.270068522555439 -0.0151718479129379 0.962721563150857 16.6485729641309 0.0690487801618271 0.997606613521181 -0.00364837182391561 -0.899970005180736 -0.960362045836301 0.0674600599592718 0.27046974179639 20.2942129696937
0.237393965880971 -0.0129789508395461 0.971326748215249 17.6419301280922 0.0665960549704673 0.997775675856721 -0.00294382931478104 -0.930387534427023 -0.969127994862224 0.0653853768343405 0.237730271674762 20.5532918712791
0.205780988228335 -0.0107964726280961 0.978538512815188 18.6451908239737 0.0661737006657658 0.997803884133468 -0.00290691388966274 -0.919754298007972 -0.976358144444941 0.0653517022498654 0.206043511882994 20.7407980796336
0.174884560399558 -0.010843345683746 0.984529233892136 19.602264814583 0.068152950748184 0.997674258074859 -0.0011180693610251 -0.935607721521847 -0.982227349363766 0.0672941054562971 0.175216830049706 20.9324035224761
0.144624083210457 -0.0110666361478493 0.989424784468181 20.6499782640036 0.0695445791148177 0.99757835102629 0.000992511667847029 -0.951713604301271 -0.987039728719811 0.0686655891115708 0.145043479000896 21.0442382322483
0.113571236045784 -0.0114975509033894 0.993463326281477 21.6619588116649 0.0689453524813084 0.997613710079322 0.00366385493691634 -0.965764117932518 -0.991134760118048 0.0680785706738515 0.114092924849635 21.2050788115079
0.0844947122253063 -0.0112628975386846 0.996360271560943 22.7155284118112 0.0691489995298326 0.997591658954146 0.00541274875990083 -0.968117527631377 -0.99402165945717 0.0684399673008958 0.0850700382383035 21.2944148385715
0.0567791559653562 -0.0109484283789036 0.998326729765308 23.8044230114103 0.0717188145911346 0.997401304067823 0.00685932048008064 -0.971629972453794 -0.995807480932687 0.071209343206057 0.0574168125086875 21.3511704773197
0.0324678894064186 -0.0104199284531983 0.999418461530766 24.894513169634 0.0759789313949858 0.997077911322591 0.00792721493693527 -0.973580638456454 -0.996580673172809 0.075677366785655 0.033164710383491 21.3788344596697
0.0084583867473226 -0.00976422648918704 0.999916554305758 26.0023808354103 0.0801847702152886 0.996738888225968 0.00905490605041441 -0.968693964895876 -0.996744128810977 0.0801014892441353 0.00921374526007709 21.3752320983337
-0.0119509642393013 -0.0103010987558426 0.999875523161845 27.1079569689392 0.0859840469618031 0.996232528326692 0.0112912874322252 -0.990772025241395 -0.996224833118419 0.0861082857118237 -0.0110202091608805 21.3892140323795
-0.0299588839078461 -0.0104977086831269 0.999496004688063 28.1722095651333 0.0901828656784878 0.995838240445548 0.0131624315508491 -0.979432241679228 -0.995474518012898 0.0905317456957457 -0.0288874887843996 21.3184619426844
-0.0457314144271162 -0.0104073817836651 0.998899556581594 29.3214022698428 0.0931577389725941 0.995543762849868 0.0146373467622815 -0.975511177724315 -0.99460055972436 0.0937246107227674 -0.0445580962436272 21.2839986803607
-0.0598660128312568 -0.011097373167356 0.99814473340116 30.4721043243724 0.0954323955857148 0.995294314241204 0.0167894583564357 -0.970534841590661 -0.993634096828636 0.0962604609791336 -0.0585252532811715 21.1906027583676
-0.0732424036955057 -0.0118007680611026 0.997244349281595 31.6089499076036 0.0958994568936169 0.99521309275702 0.0188200470912676 -0.969481446963501 -0.992692724093621 0.0970136169729604 -0.0717601118547751 21.1168026492558
-0.0853433371932448 -0.0113727946129166 0.996286692844691 32.7992378547663 0.0964176853496464 0.995147588114959 0.0196190677861485 -0.971294891489427 -0.991675423083852 0.0977340135862296 -0.0838326776370049 21.0458004397973
-0.0973095430270968 -0.00902760297961158 0.995213220983473 33.9181360986354 0.0960063432801225 0.995210367472029 0.0184148452659337 -0.95417748634929 -0.990612757279976 0.0973387223083985 -0.095976758923875 20.9407880177288
-0.107071835998198 -0.00563028627583662 0.994235345284217 35.0871325887305 0.0964295321354384 0.99521087560332 0.0160205621940629 -0.949296071724077 -0.989564028887527 0.0975890001861148 -0.106016129784855 20.7984171642503
-0.116858854906282 -0.00322825458269477 0.993143285937302 36.3045737672334 0.0974130998465464 0.995135512840166 0.0146969065666006 -0.942231589317945 -0.988359598530959 0.0984626297469752 -0.115975922221083 20.6878986521376
-0.12366866033385 -0.00186629463310439 0.992321812415495 37.5006839162269 0.0972180121882705 0.995164814596695 0.0139874906572826 -0.931828446602776 -0.987549857251467 0.0982013682851147 -0.12288926197817 20.5484354582895
-0.129617398170365 -0.00109438753102215 0.991563478758409 38.7475300073241 0.0971540278168991 0.995173703387126 0.0137983682262255 -0.914674413318702 -0.986793000061562 0.0981228943859956 -0.128885502003974 20.3764745067501
-0.135402964356526 0.000225201307975431 0.990790586616484 40.0274783650847 0.0977025686270482 0.99512909530315 0.0131259957645485 -0.915263261661251 -0.985961584103124 0.0985800840205815 -0.134765432167722 20.2378371501987
-0.139446417144432 0.00191282380257346 0.990227770692522 41.2712408300269 0.0969222454157172 0.995222874872677 0.0117263666042939 -0.899920957987759 -0.985474898254216 0.09761029881761 -0.138965659339207 20.0638404086633
-0.143692717975615 0.00289470141920239 0.989618120036448 42.5864596314205 0.0969754029378977 0.995224099391157 0.0111697455697232 -0.905014147715848 -0.984859469176092 0.0975736270451889 -0.143287170672861 19.8392791301424
-0.146962870358498 0.00215059503709292 0.989139671470606 43.9245377149311 0.0970403697224532 0.995205005457362 0.0122541322313096 -0.90029844526222 -0.984370398468037 0.0977873818731193 -0.146466878734681 19.6693223973007
-0.148760287476894 0.000273261466691543 0.98887324880288 45.2953744075836 0.0975879615515125 0.995122640312552 0.0144055717552301 -0.88825867281971 -0.984046221795507 0.0986451015790717 -0.148061397077166 19.4638972823351
-0.151210556986767 -0.000154124152369595 0.988501564845245 46.645663878182 0.098235865237808 0.99504734289023 0.0151822326445442 -0.876586566650251 -0.983608195490832 0.099402020365984 -0.150446522427172 19.2858468292641
-0.153443815077312 -0.00020036309094984 0.98815735359767 48.0422532927951 0.0990698536977293 0.994958418058529 0.0155855838126061 -0.876626029142817 -0.983178600104188 0.10028811589167 -0.152650365568081 19.0275506744727
-0.154567471883088 0.000153007584183684 0.987982223131748 49.4331639409868 0.0998416037023965 0.994883138835941 0.015465905407669 -0.838353241474769 -0.982924488862601 0.101032255486179 -0.153791848111566 18.8236363944594
-0.155637976356767 0.000821418594039947 0.987813821318098 50.8849671914852 0.101187081569532 0.994752578162039 0.0151156463116033 -0.852835546024366 -0.982617929227333 0.102306566316488 -0.154904395191095 18.6131537023072
-0.155150153814819 0.00163070992035996 0.987889553824917 52.2884521029746 0.100947951625361 0.994790194169902 0.0142119895177517 -0.817496540504853 -0.982719665435612 0.101930419250411 -0.15450646846509 18.3651984851381
-0.154346948685376 0.00272468469538789 0.988012953115912 53.7976832192903 0.100750693806301 0.994826823165586 0.0129957534532344 -0.831778969722601 -0.982866378064212 0.101548845407414 -0.153822998499438 18.1377240441436
-0.153747211306729 0.0027516071264298 0.988106382771423 55.3060293137154 0.101093523164311 0.994792513829663 0.012959706890462 -0.824119828709039 -0.982925172426483 0.101883674289268 -0.153224744488896 17.9295210282507
-0.151511411783313 0.00219265178866956 0.988453076467245 56.8340518047141 0.100602802823382 0.994838918517515 0.0132137151089499 -0.798872431869305 -0.983322616521916 0.101443178583059 -0.150950035957129 17.6647782899742
-0.150473991453525 0.00251847532502619 0.9886107601974 58.3787917847734 0.101467715696581 0.994755062323309 0.0129100214356167 -0.809053888235549 -0.983393044803227 0.102254698005458 -0.149940308684657 17.4486772649062
-0.150423856021939 0.00342117611040671 0.988615678154819 59.9202432483522 0.100882069149203 0.994827134734035 0.0119071457975757 -0.791698989029984 -0.983460966009158 0.101524713990688 -0.149990869006893 17.2581853201628
-0.148655417192303 0.0038403846092635 0.988881599781003 61.4566459332913 0.101890916308064 0.994729636990801 0.0114538406681972 -0.784156288739034 -0.98362584762362 0.102460727784856 -0.148263249487229 16.9887299571117
-0.148829070635727 0.00374756424598338 0.98885583554729 63.0465444620865 0.102198024034511 0.994696300938553 0.0116117519178108 -0.788124278086376 -0.983567725994071 0.102787278694309 -0.148422719694362 16.7694870637953
-0.147089817210508 0.00232785385797601 0.98912040054252 64.6839329026116 0.103630423011982 0.994529994042473 0.0130700564741004 -0.783203833074479 -0.983679480877454 0.104425437735709 -0.146526471514088 16.5171538193401
-0.146199030286605 0.000842520613607511 0.989254837593566 66.4102852583975 0.106063425685541 0.994248801570371 0.0148280244041127 -0.750624324367436 -0.983552943808875 0.107091599740115 -0.145447571275697 16.2440003150578
-0.144893628708664 0.00147329987583 0.989446140902632 68.013287312324 0.107421442816727 0.994111441507355 0.0142504556889159 -0.7430321501585 -0.983598734232008 0.108352532280722 -0.144198678099164 15.9999968350328
-0.144456124825736 0.00292999043713554 0.98950686867569 69.6482874026602 0.107863391299486 0.994083279410675 0.0128032188722972 -0.773714762692385 -0.983614719703658 0.108581069953083 -0.14391745700275 15.7723678039118
-0.14444544583091 0.00309373520314493 0.989507929215932 71.3550849278644 0.108531788565625 0.994011399393594 0.0127353345592104 -0.743002065120833 -0.983542761678137 0.109232626435884 -0.14391618836136 15.5335896404216
-0.143591927009953 0.00248224451200213 0.989633870155903 73.0445160827116 0.108045921228977 0.994058483809073 0.0131836896576051 -0.757035713326841 -0.983721219351982 0.108818974583429 -0.143006969645752 15.2790995442554
-0.143095384047309 0.002153807420534 0.989706558621265 74.7612779807062 0.107800582552894 0.994081918606586 0.0134228722971414 -0.731324283806771 -0.983820484369791 0.10861169464217 -0.142480715612136 15.0506856552342
-0.143836114182551 0.00155019107361049 0.989600307783147 76.4808752654602 0.108241032803919 0.994023608900973 0.0141754634854251 -0.738553870791272 -0.983664094635158 0.109154302962004 -0.143144287592882 14.7905269890508
-0.142983829925232 0.00185211622788445 0.989723291655496 78.2027394329209 0.109444077336689 0.993895042361433 0.013951297620131 -0.730337582864113 -0.983655233461315 0.110314162440019 -0.14231362285222 14.5405492570092
-0.142531215090426 0.00256640944402231 0.989786980247473 79.9125933194024 0.109555319291599 0.993893060278488 0.0131991191061513 -0.724481669248966 -0.983708536478037 0.110317715136003 -0.141941949357508 14.306263866319
-0.143889754460563 0.0035222379133853 0.989587455660873 81.7186594040629 0.109229136661917 0.993939941128126 0.0123445993985391 -0.718962592037658 -0.983547016804673 0.10986804480967 -0.14340250508387 14.0653776502449
-0.144856772836876 0.00394919295430973 0.989444752999527 83.5336565267482 0.108907220048426 0.993979763418072 0.0119769502243638 -0.707713835498324 -0.983440762214283 0.109492619798609 -0.144414796419992 13.8099618520282
-0.145230546501452 0.00441354122821774 0.989387997206716 85.3355103107421 0.10776417165036 0.994111306660746 0.0113839043292135 -0.716686795424092 -0.983511551366531 0.108273868606842 -0.144850949964116 13.5252262729721
-0.147072200947404 0.0038357855158298 0.989118321768414 87.0988438884474 0.106375014830008 0.994254135235944 0.0119612200941923 -0.713508680475678 -0.983389100981093 0.106976639112017 -0.146635175711339 13.2847976143822
-0.147548274712735 0.00352566262380155 0.989048571270571 88.9951034842725 0.105842535756719 0.994307501690509 0.0122453953209704 -0.714439010293503 -0.983375240818012 0.106490195722622 -0.14708152148069 12.9727146582811
-0.148679428350719 0.00260199132178052 0.988882023917143 90.7824094538807 0.103972321938277 0.99449502302406 0.0130155849326025 -0.705449694232659 -0.983404384704516 0.104751509877118 -0.148131486600241 12.7430064260963
-0.15024397151678 0.00317000786243693 0.988643869182942 92.633337539178 0.104236294842022 0.994472081047948 0.0126520691497343 -0.710582312510548 -0.983138618842975 0.104953470958872 -0.149743864893401 12.4661143083343
-0.152387410444525 0.00371422402026855 0.988313857880147 94.4987853771364 0.102536129717886 0.99465602646988 0.0120719140829251 -0.696537627367389 -0.982987496990927 0.103177485659789 -0.15195389831273 12.1863718310707
-0.156754387861173 0.00450249884710097 0.98762735350455 96.4043209521368 0.102833035578751 0.994628791162153 0.0117870515809875 -0.692236238146939 -0.982269529548753 0.103408390836746 -0.156375432931859 11.8723093614331
-0.161128935464897 0.00412223857529254 0.986924755645068 98.3106517708225 0.101165828481198 0.994792775402119 0.0123616000365101 -0.681640320674021 -0.981734659316692 0.101834872007963 -0.16070693058938 11.5874175604891
-0.16601007256036 0.00351001285737651 0.986117810212474 100.205390788259 0.0997021481307911 0.994929193233469 0.0132431910771127 -0.674037460999466 -0.981070913576898 0.100516567099858 -0.165518223382956 11.2665826690756
-0.171275443244474 0.00422948214835084 0.985214105675597 102.106433062837 0.0992674191931879 0.994976053638379 0.0129858450984874 -0.674378671940499 -0.980209519453945 0.100023817998289 -0.170834814381941 10.9981908653272
-0.175707725445553 0.00556280358387945 0.984426660770134 103.980110662677 0.0996432646914648 0.994948886153883 0.0121628016005437 -0.675948149838194 -0.979386550357098 0.10022858453273 -0.175374501630621 10.6636656046412
-0.180483205635362 0.00722503437726241 0.983551529591526 105.960743723685 0.0988067634633281 0.995047794903579 0.0108217074173422 -0.680412338083937 -0.97860259348598 0.0991346797834744 -0.180303298047325 10.3001897779903
-0.185796248933293 0.0076781724787392 0.982558293206925 107.862320423216 0.0968224588190685 0.995245951497617 0.0105312627843611 -0.680404061641983 -0.977806302572523 0.0970903790032268 -0.185656384092931 9.97520363239852
-0.190806148100638 0.00748310257183854 0.981599214049653 109.803911603603 0.0958122126059307 0.995338242685438 0.0110364198642282 -0.672837177605194 -0.976940650071719 0.0961550093534546 -0.190633628758631 9.59982240754844
-0.196717510524995 0.00658961611456738 0.980438064342828 111.738322351701 0.0928725902535904 0.995606375916608 0.0119426217300493 -0.674832724526048 -0.976051690758454 0.0934051454346118 -0.196465202450464 9.23541739711266
-0.201158489472188 0.00637582857047797 0.979537957877747 113.755868980424 0.0926814330182252 0.995616685024787 0.0125526281687728 -0.673460467525649 -0.975164301072879 0.0933100493531919 -0.200867669381484 8.81965133015211
-0.20704159972202 0.00606159131039652 0.9783133614008 115.714335117086 0.0930702265045223 0.995567639319256 0.0135280626359099 -0.667893158564729 -0.97389512213736 0.0938527178672515 -0.20668807035237 8.41577497576598
-0.21338321273929 0.0075382588577691 0.976939496168751 117.707713149149 0.0933514529969693 0.995552115208746 0.0127079552543616 -0.680404153213066 -0.972498385985506 0.0939103857770028 -0.213137816210078 8.02185882568681
-0.218268925331809 0.00850976314337987 0.975851556419183 119.674316013498 0.0927567531807517 0.995615701520156 0.0120648094014072 -0.670642948522473 -0.971470463253445 0.0931501949422048 -0.218101307213797 7.57152861025326
-0.22475927307456 0.0082087200797083 0.974379744289488 121.678464172286 0.0929685419201102 0.995583421358864 0.0130576157328785 -0.691993440548052 -0.969969133210044 0.0935214843232923 -0.224529758806543 7.11989317437921
-0.230573309888432 0.00861048560435879 0.973016859208899 123.658929580242 0.0931911529022117 0.995559756451458 0.0132732948083532 -0.683966654282535 -0.968582137863305 0.0937370304200532 -0.230351929317252 6.6702387763588
-0.235942290205495 0.00942114597882104 0.971721399219463 125.647443684279 0.0920746687164319 0.995671072573506 0.0127031736618933 -0.675123789527103 -0.967395209350008 0.092468141804465 -0.235788362049284 6.2057582680286
-0.240951775471273 0.00941420184772618 0.97049142948344 127.703871451918 0.090781715633259 0.995787526475939 0.0128795272278938 -0.67178941273865 -0.966282009562386 0.0912062219286723 -0.240791409891579 5.69703239765184
-0.244496710073647 0.00924964629822705 0.969606003903916 129.737353244798 0.0923093704143275 0.995635035115111 0.0137788600777466 -0.675994142656855 -0.965246258162586 0.0928726057278966 -0.24428331954605 5.20507965140147
-0.24857385164198 0.00874550581986844 0.968573464641596 131.714799898487 0.0947501590588855 0.995383056140513 0.015329021713367 -0.673554808802787 -0.96396755528295 0.0955828838042022 -0.248254838191496 4.67662557233455
-0.252853111639714 0.00937891375542788 0.967459218732698 133.774272544182 0.0951868159230683 0.99534293582291 0.0152285975013668 -0.673556467834435 -0.962810871359761 0.0959399608307142 -0.252568307408627 4.15587405584548
-0.255623643010355 0.0100531002349908 0.966724101442485 135.763946522227 0.0955801260101518 0.995309870566476 0.0149231720766007 -0.665183554791107 -0.962040016135502 0.0962143270444145 -0.255385611625621 3.64460158274635
-0.258636541990489 0.00965202963599804 0.965926486577062 137.780538723037 0.0946732679875715 0.995389225961131 0.0154032843592879 -0.656079297000898 -0.96132414485217 0.095431269321986 -0.25835781652553 3.11774778394249
-0.262792447356965 0.0102102602111677 0.964798362456403 139.872060258377 0.0937581129547195 0.995481957948181 0.0150029215430203 -0.647516131137469 -0.960286179150417 0.0944003283155107 -0.262562434759082 2.56501955632309
-0.266952387911749 0.0102430762505203 0.963655281714961 141.890481405421 0.0911350581270329 0.995730595555803 0.0146622731617141 -0.646441797466615 -0.959390860790532 0.0917369089462492 -0.2667461635499 2.0027044682576
-0.272126344734077 0.0106528389995889 0.962202561586134 143.967912246181 0.0914582175685975 0.995698299859676 0.0148421728775335 -0.634938007974344 -0.957905343413871 0.092040277475681 -0.271930028465696 1.45492361124326
-0.275796138240913 0.011167339607531 0.961151278757662 146.088337926858 0.0912251838535193 0.995723148302089 0.014607455845136 -0.638564396851187 -0.956877450858933 0.091709882027326 -0.275635341667652 0.853437114639821
-0.28009828618287 0.0117054801059889 0.959899959273313 148.112814093923 0.0911868688425444 0.995728724657087 0.0144658855056685 -0.629814132228323 -0.955630632110604 0.0915821414264746 -0.279969295358669 0.290043548515764
-0.28532797785854 0.01156584772211 0.958360149535458 150.265037899322 0.0893333933383383 0.995895088663754 0.0145779700257356 -0.631673504221288 -0.954257559512008 0.0897730669069653 -0.285189948231531 -0.352480739597071
-0.289350235683359 0.011175666704159 0.957158056740736 152.344464915357 0.0901600412295214 0.995804656331639 0.0156286081823406 -0.621271839878907 -0.952967789631672 0.0908195513198764 -0.289143910574961 -0.975405415483958
-0.29335102585257 0.0112187243633621 0.955938970779466 154.426875386759 0.0908406252685587 0.995733820768811 0.0161907065306875 -0.616038961143472 -0.951679124722226 0.0915876541942442 -0.293118653734513 -1.58751704205066
-0.297653176681147 0.0119193154222746 0.954599662859508 156.535256261152 0.0917501249678811 0.995650656594466 0.0161766681175859 -0.611859728203613 -0.95025496630115 0.0923996750149731 -0.297452179479537 -2.24103108913311
-0.300849873533991 0.0127666406884637 0.953586056148114 158.624784093961 0.091715620539633 0.995662948796655 0.015605683021885 -0.604763184465707 -0.949251072447965 0.0921537046411112 -0.300715972600903 -2.88134407021028
-0.304472511046589 0.0144339761568417 0.952411754625744 160.757217475797 0.0916207353483587 0.995692724962041 0.0141999405594499 -0.605707441411236 -0.948104493645722 0.0915841568720792 -0.304483515709504 -3.57347594189954
-0.308102495670534 0.0158530634277114 0.951221074483501 162.869699317915 0.0927913819681036 0.995594553182113 0.0134627302787251 -0.599902742791708 -0.946817095110792 0.0924130188559229 -0.308216194175284 -4.23566387020898
-0.311642042294911 0.0163570525248746 0.950058779395757 164.957083078552 0.0923672522413301 0.995638080364794 0.0131568856837627 -0.600768330560962 -0.945699491481117 0.0918545576452665 -0.311793540747959 -4.90273174913538
-0.314881605082536 0.0163211629342755 0.948990618721344 167.141550634256 0.0915669011406022 0.995710666803841 0.0132578515815439 -0.588066912628731 -0.944703698201798 0.0910707837537588 -0.315025451273898 -5.63147846606455
-0.318692278723259 0.0164188754462507 0.947716018652875 169.256910496613 0.0918119645746874 0.995683156122403 0.0136240880452946 -0.582449699069705 -0.943401184355369 0.0913535611961028 -0.318823983121843 -6.33471093033807
-0.321915818489529 0.0170342730128479 0.946615042849595 171.387288005676 0.0933912591762554 0.995533217483082 0.0138450567804982 -0.584519893672371 -0.942150878848866 0.0928625135924367 -0.322068742745403 -7.05156788688517
-0.326347929610424 0.0177392786432781 0.945083248625329 173.525580342508 0.0962053058598604 0.995255311100244 0.0145397679200016 -0.58115563020886 -0.94034119763169 0.0956670461547389 -0.326506122938953 -7.75356152484402
-0.328984823104095 0.0174235143277053 0.944174458093227 175.647067897711 0.0968192245444539 0.995183291891141 0.015370533475543 -0.569227569719254 -0.939358836614517 0.0964709111037334 -0.329087130385005 -8.49963310165516
-0.331235425034399 0.0170327277004643 0.943394392282127 177.833565435852 0.0973952230787164 0.995113440250866 0.0162299585191455 -0.560555180034941 -0.938507998753196 0.0972580444959076 -0.331275729652964 -9.25374403114056
-0.334771451410519 0.0171960122282239 0.942142437471076 179.956993445914 0.0954131021921666 0.995313366687807 0.0157366458513114 -0.54672869966544 -0.937456353784304 0.0951609124379816 -0.334843225246397 -9.98596369273345
-0.337424461540842 0.0191613786170406 0.941157571463656 182.11754429754 0.0954269553935812 0.995338710018672 0.0139480651947381 -0.539310840880907 -0.936503298946771 0.0945182199782647 -0.337680140301375 -10.7498526799194
-0.340632477454568 0.020534860311182 0.939972252151713 184.268841402115 0.0944653000756698 0.995449851089934 0.0124860340637497 -0.551072903495737 -0.935438839467753 0.0930479095790319 -0.341022380699853 -11.5150177593751
-0.343453321759668 0.0218430082767739 0.93891570375709 186.512391229905 0.0933235931816747 0.995575323641712 0.0109764252542553 -0.535190901376274 -0.934521547492572 0.0913928768839332 -0.343972119984988 -12.3059205669752
-0.346591032281917 0.022317667417641 0.937750808084318 188.680726256696 0.0915055081090502 0.995753123543981 0.0101222002602761 -0.535053186477518 -0.933542392356908 0.0893176280106013 -0.347161292483911 -13.1032982050056
-0.351119903800474 0.0231916511649358 0.93604324711596 190.840835168857 0.0930427659695731 0.995609517706457 0.0102338630559468 -0.543233462874556 -0.931696225631443 0.0906853657905208 -0.351736133451715 -13.906043141884
-0.353887797187557 0.0220904292678369 0.93502697283902 193.023099347281 0.0922070151593936 0.995674883086141 0.0113751284298539 -0.544644932910272 -0.930731590393887 0.090241565401776 -0.354394083636709 -14.7375998548625
-0.357424568038152 0.0217399357417022 0.933688948931435 195.24327515498 0.0923422625727909 0.99565299010467 0.0121667513563668 -0.550182161034003 -0.929365689438597 0.0905676459315166 -0.357878354758632 -15.5577966056032
-0.361890629330865 0.0210326706686508 0.931983261205401 197.420368983258 0.0917564683325288 0.99569453099589 0.0131587029762333 -0.548402348318801 -0.927693873495806 0.0902775038944873 -0.36226240402356 -16.3812152370577
-0.365916459283992 0.0212335540661124 0.93040543904622 199.656423361261 0.090973298977373 0.995767778182594 0.0130533829513096 -0.56101852102164 -0.926190587135413 0.089418499847747 -0.366299506124071 -17.2443929541805
-0.369226607850141 0.0221007553411454 0.929076567710557 201.850735844939 0.0903614801377172 0.995834035119316 0.0122220049624017 -0.555770669681539 -0.924935951816557 0.0884654232529911 -0.36968547973361 -18.1154404560365
-0.373105045063609 0.0226368970863398 0.927512908933555 204.027903133937 0.0907159657226428 0.995802220003029 0.0121881992126408 -0.556482709435038 -0.923343510786257 0.0886877078706017 -0.373592360148824 -18.9891100741759
-0.375563204480739 0.0231335051972411 0.92650802499355 206.24610785811 0.0917850142822318 0.995702331111758 0.0123441877748938 -0.574055883081355 -0.922240635947782 0.0896755750240864 -0.3760724672862 -19.8732670628052
-0.378445586067758 0.0229842634266837 0.925338133884346 208.435430438968 0.0921730370709805 0.995658582166187 0.0129660709518819 -0.563790922550156 -0.921022838817226 0.0901981784380948 -0.378921125016153 -20.7923443118552
-0.380443652600723 0.0232582704479979 0.924511590003927 210.692798848683 0.0939982545322776 0.995478955013124 0.0136373850449112 -0.565828083020055 -0.920014649525053 0.0920907323336383 -0.380909886557895 -21.6917162033076
-0.383351534287577 0.0236821526974302 0.92329884479673 212.918058604411 0.0947964470417613 0.995400636587717 0.0138277369452266 -0.568424713677238 -0.918724787293572 0.0928263342181702 -0.383833345200749 -22.5680090352142
-0.386336569646854 0.0242894223215961 0.922038002967765 215.087272672876 0.0944371263563717 0.995441361782159 0.0133463260424265 -0.571088477646948 -0.917510590739449 0.092230793212263 -0.386869224240421 -23.5264847425607
-0.389320637071482 0.0244111503207223 0.920778766745995 217.286510109924 0.0939022466402118 0.99549242661422 0.0133115224393218 -0.571773363043109 -0.916303339307555 0.0916456452525205 -0.389858007587471 -24.4166439438651
-0.391749297496561 0.0258239828958724 0.91970952469698 219.493851656307 0.0935953165628265 0.995539040504929 0.011913670636273 -0.573377595648783 -0.915299079333338 0.0907476762122259 -0.392418723602259 -25.3558058663152
-0.394737120143853 0.0269124373865299 0.918399872982599 221.707975372021 0.0936417805293269 0.995544353261045 0.0110750904892936 -0.590420281986269 -0.914009749904143 0.0903723486690745 -0.395498439536998 -26.2899030987998
-0.397481348940216 0.0267920831353354 0.917219036831408 223.853301303953 0.0910613070748471 0.995791245429524 0.0103746749219854 -0.578914151474989 -0.913080727865005 0.0876469041506073 -0.398248169605746 -27.2267001883169
-0.400317216032999 0.0279615504328365 0.915949932171503 226.064422402135 0.0925060656819844 0.995661552532738 0.0100349698623878 -0.598279283268599 -0.911695538192235 0.0887480957851524 -0.401167073841909 -28.1617860952915
-0.403012219546855 0.0276906090810385 0.9147755905492 228.307474529292 0.0938171653528016 0.995526477291549 0.0111969860518184 -0.615683602308577 -0.910373269808095 0.0903341750402396 -0.403807189681805 -29.1664695958384
-0.405082943946087 0.0262357954994988 0.91390343667068 230.457735897302 0.0934038180916423 0.995545751350404 0.0128212220190671 -0.613462935064806 -0.909496308563083 0.0905557287125851 -0.405729127260365 -30.1239407745281
-0.408637243662081 0.0260380525178657 0.91232539311001 232.718795493791 0.0928389328126641 0.995594053110208 0.0131686736535778 -0.616701209226066 -0.907962849265576 0.090080526378711 -0.409254154677594 -31.0987947190031
-0.411741485987939 0.0258785826953643 0.910933174099024 234.907780549388 0.0912286835102228 0.995745797981344 0.0129473204752545 -0.636656888749641 -0.906722822047309 0.0884341832108859 -0.412350723557493 -32.0740787300769
-0.415066753172071 0.025552997317473 0.909432039648531 237.08594298594 0.0900825156651924 0.995847714603 0.0131327716576572 -0.627804253148857 -0.905320236591796 0.0873749028501607 -0.415645155835239 -33.0712759950711
-0.418839196001406 0.0248767611610418 0.907719601334593 239.320906227582 0.0891541655061207 0.995921630534665 0.013843431875172 -0.632414080414465 -0.903673205681015 0.0867251554470315 -0.419348881895356 -34.0787905766471
-0.421683745686513 0.0251690562914544 0.906393588475332 241.534000855715 0.0886812046540463 0.995967196484091 0.0136010098422005 -0.642803955373524 -0.902395956642592 0.0861154000920746 -0.422215200226238 -35.0855929983234
-0.425259399856267 0.0250056186690363 0.904726014807172 243.679109021845 0.0880457675924464 0.996020052312138 0.0138563415511923 -0.637199950861557 -0.900778766203414 0.085549835926816 -0.425768528580906 -36.0496452739606
-0.429433245721749 0.0245397285532403 0.902765135121764 245.912910282206 0.0870075772838032 0.996104847017077 0.0143113676596082 -0.648326305746899 -0.898897529735224 0.0846931843280127 -0.429895679862329 -37.1475402791635
-0.433327757697998 0.0244698649332786 0.900904145910414 248.062897897457 0.0864119411712854 0.996153872980486 0.0145064733477085 -0.647863510861906 -0.897084182689359 0.0841349336252461 -0.433775612629894 -38.1611255859113
-0.437334454572323 0.0247836473909583 0.898957365877787 250.208878654038 0.0861517169205624 0.996177260656329 0.0144480802493273 -0.647042789007135 -0.895162810060588 0.0837653638042143 -0.437797792720772 -39.1840364008304
-0.441013361933332 0.0250882395416414 0.897149817384455 252.389836029684 0.0862339628895901 0.996168910330601 0.0145329190151025 -0.653693424496819 -0.89334815063368 0.0837739955322888 -0.441487258515961 -40.2231003943848
-0.444598267176497 0.0250153688008266 0.895380707937922 254.533766425185 0.0859749788990884 0.9961864869068 0.0148588797555594 -0.660341996394332 -0.891594461527749 0.0835865696631193 -0.445053481668209 -41.2975252654345
-0.448297510630467 0.0252402054033109 0.893527992842824 256.712754044748 0.0849486920681666 0.996280143481399 0.0144774107004816 -0.658884075059187 -0.889838784094307 0.0823942214956928 -0.448774030649818 -42.375004606296
-0.451715053259049 0.0254765525600056 0.891798439070641 258.820878792906 0.085030525648661 0.996271246061933 0.0146086952913793 -0.643897219680901 -0.88810096293557 0.0824290576184226 -0.452197003631218 -43.4700046141443
-0.455020067407342 0.0263718260732376 0.890090593729751 260.990949435847 0.0858208163505118 0.996207149460084 0.0143562824417013 -0.641579027017032 -0.886336011757138 0.0829206979841408 -0.455557495941262 -44.5606782977924
-0.458633669787831 0.0274445442320258 0.888201527767682 263.173874272318 0.0867359281619304 0.996132855026705 0.0140076372823572 -0.649347834135449 -0.88438229047332 0.0834633579976388 -0.459240494914073 -45.6882202105021
-0.461714982951498 0.0295322465453891 0.886536587475148 265.298893648258 0.0890938526879896 0.995935442383411 0.0132242208756996 -0.664393472276168 -0.882542667484869 0.0850907810431943 -0.46246945742411 -46.7587975357056
-0.465061213593781 0.0301960274567423 0.884763396358886 267.467971755515 0.0901242484859577 0.995840575786644 0.0133853446637293 -0.654248845207347 -0.880679105829996 0.0859636408184131 -0.465848221003067 -47.8961000258153
-0.468021590824137 0.0322726553775014 0.883127548113708 269.676116174123 0.0920334092214938 0.995678855036474 0.0123882694644991 -0.651790952385036 -0.878911623605874 0.0870752166126563 -0.468969364183148 -49.0263850027384
-0.469913942844011 0.0343036800900423 0.882045431853187 271.780358490198 0.0936211556106885 0.99554535258628 0.0111593084901568 -0.656116358230523 -0.877733425102926 0.0878220272832464 -0.47103219208558 -50.1904923015312
-0.473236007142964 0.0351626347168648 0.880233645495986 273.970376989714 0.0948671255828375 0.995426501103817 0.0112387447637014 -0.652495480425178 -0.875812714013124 0.0888238144867795 -0.47440744087017 -51.3428423380328
-0.476318666069664 0.0358440716987883 0.878541820790375 276.098402788857 0.094649292322877 0.995453152712606 0.0107019725897584 -0.651367369150859 -0.874163623022827 0.0882509109221287 -0.477545533855171 -52.4960015313356
-0.479531311738909 0.0364571904117078 0.876767126624422 278.299437782861 0.0941966869340731 0.995502121318978 0.0101247528393854 -0.646751112982111 -0.87245441441522 0.0874436945508302 -0.480808584626664 -53.6328147403317
-0.483481244979643 0.0374179501516267 0.874554619654704 280.488231343618 0.0949952525067964 0.995428229662843 0.00992681174735877 -0.652692915354498 -0.870184915839217 0.0878779642273755 -0.484825407388214 -54.8454481699553
-0.486022618813168 0.0381978586230413 0.873111068306091 282.657359590328 0.0941624225286067 0.995517395316485 0.00886305849160901 -0.647666400521324 -0.868858706686843 0.0865219002270275 -0.487440774449133 -56.0314899684285
-0.488919945707454 0.0382432019651264 0.8714899564498 284.873353842652 0.0927284552218221 0.995656587973567 0.0083302111023533 -0.645149246810758 -0.867386142546441 0.0848847237628172 -0.490342597976267 -57.2550691456677
-0.491862886684592 0.0383136471671849 0.86982927356065 287.063251437795 0.0939322276642656 0.995535479948755 0.00926524523312383 -0.652682013287311 -0.8655909179909 0.0862622316193467 -0.493265841192882 -58.4789523428866
-0.494015338113518 0.0382747277337066 0.868610321677965 289.247329219628 0.0951455741052906 0.995410584880379 0.0102512065765953 -0.652893910190321 -0.864231546193936 0.0877086810128394 -0.495389767595402 -59.7258488582918
-0.496744783462833 0.0382237484725048 0.867054534129875 291.4692419637 0.0961956840991018 0.995299042313442 0.0112341769013741 -0.660564581754066 -0.862549135100818 0.0889874228341075 -0.4980865668879 -60.9729879524184
-0.498853041536818 0.0378825425395964 0.86585827704088 293.73629902562 0.0962934430900968 0.995281453090952 0.011933228859658 -0.661867023572989 -0.861320623094165 0.0893294022363206 -0.50014702051375 -62.232670203646
-0.501152416204612 0.03764252883232 0.864539933002165 295.933429051317 0.0961996199396651 0.995284454310425 0.0124293254629357 -0.649200688593996 -0.859995284205526 0.0893973994650155 -0.502410406055795 -63.5039946455157
