1 -1.73472347597681e-18 -9.48676900924816e-20 -1.73472347597681e-18 1.73472347597681e-18 1 -1.6456920911512e-37 6.93889390390723e-18 9.48676900924816e-20 0 1 5.55111512312578e-17
0.999998122309238 -0.00153032359626131 -0.00118890188384971 0.0250897354597884 0.00153220758151635 0.999997569496901 0.0015853517644044 -0.0586939756362983 0.00118647289300655 -0.00158717043208415 0.999998036584119 1.55466075620332
0.999994998778633 -0.00244470808349233 -0.00200644464396601 -0.00242320169214694 0.00245084980261742 0.999992301772338 0.00306426684661923 -0.0966717398365233 0.00199893795996844 -0.00306916901600203 0.999993292201794 3.07144312750749
0.999989595921091 -0.00137105237982943 -0.00435066258675578 -0.0273146013585385 0.00138351114631865 0.999994947608999 0.00286193175740459 -0.114297592755383 0.00434671674716037 -0.00286792117182341 0.999986440448905 4.59454360205521
0.999983345966479 -0.000864687998904015 -0.00570614619076967 -0.0391848342146602 0.000879369466432401 0.99999630854697 0.00257091457955958 -0.127275455996604 0.00570390208781587 -0.00257588957419316 0.99998041495515 6.11914558653888
0.999973060285664 -0.000775070528940926 -0.00729917588491473 -0.0684812979164433 0.00079627151793829 0.999995471830046 0.00290211493122094 -0.15236331332355 0.00729689348925101 -0.0029078488749353 0.999969149404284 7.62661344657423
0.999957293261987 -0.00184777181545343 -0.00905524110549794 -0.0991529927484257 0.00187422778956558 0.999993997903032 0.00291400550854013 -0.176898957386 0.009049802337814 -0.00293085264539145 0.999954754566634 9.11706365644648
0.999949702452514 -0.00251001004495651 -0.00971042814208653 -0.104705829677263 0.00253771261130905 0.999992742638934 0.00284159887467232 -0.208084145835552 0.00970322522828423 -0.00286609822517537 0.999948815140622 10.6278601027426
0.99993002920316 -0.00367318635235105 -0.0112447498766365 -0.143508718679436 0.00370454273671162 0.999989304505744 0.00276897765076912 -0.224639814316883 0.011234458637562 -0.00281044055967809 0.999932941933099 12.1085124345348
0.99991024127214 -0.00388883991984505 -0.0128213229882497 -0.170611645615066 0.00392745069073868 0.999987824471918 0.00298764773577996 -0.256969104213641 0.0128095483980903 -0.00303773468214629 0.999913340063947 13.631930768017
0.999907290277028 -0.00295808740289029 -0.0132913720047044 -0.215009073343391 0.0029983479243902 0.999990974362642 0.00301016660315266 -0.270299480312907 0.0132823477056913 -0.00304973968910338 0.999907134851659 15.0966949786134
0.999891320744675 -0.00195599324023912 -0.0146123505950813 -0.218339242642351 0.00200590937552016 0.999992200825464 0.00340214870653734 -0.302719488500764 0.0146055820509364 -0.00343109001460647 0.999887445962927 16.5860900350599
0.999886161828642 -0.000115904606228105 -0.0150880730946044 -0.256385655882555 0.000181344201860298 0.999990583594092 0.00433587793050135 -0.31426799935624 0.0150874284709596 -0.00433812047665946 0.999876767513309 18.0714135285124
0.999880846213267 0.000471165784871808 -0.0154295618422984 -0.281927372507943 -0.00039627816465621 0.999988130006893 0.00485621343565883 -0.336307237470421 0.0154316667751206 -0.00484952040099047 0.999869164347227 19.5396769650381
0.999865746977935 0.000775950055983131 -0.0163672209542726 -0.320155735437853 -0.000689666015631228 0.999985840064029 0.0052767444721923 -0.354195948050588 0.0163710836856405 -0.00526474813723776 0.999852124089362 21.0173856782011
0.999855452570579 0.000907244616905879 -0.016977952529312 -0.357403033015214 -0.000820176903817177 0.999986481804923 0.0051345415821844 -0.379866279345227 0.0169823813032485 -0.0051198744728588 0.999842680430603 22.4753671093601
0.999859949220907 0.00197744625740038 -0.0166184129887735 -0.388600063808323 -0.00187996918626765 0.999980950279631 0.00587918308142232 -0.397050822041107 0.016629722181234 -0.00584711759290777 0.999844619706497 23.9581507897141
0.99985307809634 0.00293660983304725 -0.0168878223570505 -0.427324109633261 -0.00282033329541714 0.999972183448606 0.00690492933565248 -0.406787378903953 0.0169076296794556 -0.00685628556260917 0.999833547850294 25.3948780323438
0.999869457824161 0.00303889622304325 -0.0158692287198794 -0.446581699600932 -0.00294535468570682 0.99997817112411 0.00591457192495137 -0.431416345029485 0.0158868560827389 -0.00586705931669448 0.99985658242509 26.8114957469994
0.999855359651114 0.0032339433578747 -0.01669734671436 -0.495745368434936 -0.00316446169279157 0.999986231759769 0.00418598531928779 -0.449230742462736 0.0167106540606987 -0.00413254174286192 0.999851827092198 28.2611318432902
0.999875348451175 0.00182334338683924 -0.015683206895776 -0.526842560413794 -0.00176365604089282 0.999991153096265 0.00381880171945087 -0.473201166610609 0.0156900311348151 -0.00379066591731957 0.999869718400798 29.7211225367579
0.999882549600914 0.000827434923800802 -0.0153036712922663 -0.528623642781643 -0.000735934755513894 0.99998182709722 0.00598363395778718 -0.496518720970213 0.0153083442478437 -0.00597166867399991 0.999864987770668 31.1109629212496
0.999891448053024 -0.000609738205118177 -0.0147214241752769 -0.568365093648721 0.000718611552653266 0.999972424911193 0.00739141492980159 -0.500497394447854 0.0147165114026254 -0.00740119156280392 0.999864314122465 32.5532011996644
0.999893971151648 -0.0016133677233382 -0.0144721629059827 -0.589696017576687 0.00170737246486965 0.999977510981489 0.00648555398813813 -0.526378550703853 0.0144613738577708 -0.00650957570477063 0.999874239137248 33.9284093683267
0.999894769281057 -0.00107618083756697 -0.014466934685201 -0.619291271902189 0.00115391575108962 0.999984937101402 0.00536600864181714 -0.552663869729257 0.0144609419755563 -0.00538213759667315 0.999880949789559 35.327534224442
0.999906794355985 -0.000911696494357575 -0.0136224597720181 -0.659687387331171 0.000970447048385392 0.999990254875929 0.0043067836839316 -0.560878398254169 0.0136184005398708 -0.00431960214326221 0.999897934893387 36.6904824003436
0.999917108630642 -7.36636821163112e-05 -0.012875187043262 -0.663651240172512 0.000117167295815667 0.999994287168453 0.0033781507191952 -0.593607315742637 0.0128748646424666 -0.00337937925050516 0.999911404903614 38.054331590777
0.999934473503017 0.000206300578597067 -0.0114457913800149 -0.701668481144806 -0.000156192059092524 0.99999040159825 0.00437862026340127 -0.617458973297628 0.0114465848306047 -0.00437654560603021 0.999924907952729 39.373541264155
0.999950079982864 0.000627685902765397 -0.00997213882129791 -0.703440377441908 -0.000569564245533345 0.999982842177484 0.00583017557291357 -0.63294286083604 0.00997562724012768 -0.00582420475672496 0.999933280524315 40.7133690273902
0.999968471010371 7.2933107239241e-05 -0.00794050791464517 -0.735793790114946 -1.73365025789529e-05 0.999975489138634 0.00700148708458305 -0.657708883343969 0.00794082392616487 -0.00700112867413344 0.999943962186213 42.0256513240028
0.999981771996478 0.000388600612946449 -0.00602533520623256 -0.752820112458788 -0.000342537565525276 0.999970725216937 0.00764404193659475 -0.681349970652659 0.00602812929523347 -0.0076418386973184 0.999952630857344 43.286964895505
0.999997806420486 0.000481714846269123 -0.00203840747255279 -0.751906728389259 -0.000466533203984249 0.999972201127106 0.00744172827907378 -0.699127536082822 0.00204193559811648 -0.00744076097028188 0.999970232344542 44.5450382534384
0.999999140295027 -0.000395948842273199 0.00125005348725602 -0.763913231679044 0.000388595936588101 0.999982655684547 0.00587684637195728 -0.720579859466001 -0.0012523587364512 -0.00587635555389756 0.999981949858596 45.79667338968
0.999985877996941 -0.000109675037350009 0.00531335845506655 -0.772431371748072 8.68337023529946e-05 0.999990755956462 0.00429889073270098 -0.733721009520351 -0.00531378081915133 -0.00429836864516633 0.999976643607438 47.0561539854694
0.999961002621408 -6.04992840179396e-05 0.00883117071651356 -0.772463213827941 1.98827164924269e-05 0.999989423226801 0.00459924332978634 -0.75176988919012 -0.00883135556215229 -0.00459888838368932 0.999950427463566 48.2732893099443
0.999895087748099 -0.00010034621937479 0.0144845927749906 -0.76025143888846 3.48098128854024e-05 0.999989762701056 0.00452474102718032 -0.77993404303938 -0.01448489853254 -0.00452376212044568 0.999884855016206 49.4850305685935
0.999768565600424 0.00123778390219139 0.0214775028409316 -0.743509927534776 -0.00131334473647289 0.999992997163164 0.00350439013730413 -0.800842485157288 -0.0214730147597846 -0.00353178646618554 0.999763190021259 50.6936415966636
0.999585148983104 0.00267219179077946 0.028677331177408 -0.724576383678009 -0.00278047296439408 0.999989153211276 0.00373663349684663 -0.822041549637619 -0.0286670351191002 -0.00381481989467046 0.999581736651211 51.8718573652172
0.999304085037483 0.00344948819281625 0.0371409027704881 -0.692822935145874 -0.00363438815311767 0.999981331695142 0.00491197353038547 -0.842638852168003 -0.037123265618096 -0.00504353967153534 0.9992979665032 53.0259733402458
0.998869783006251 0.00555130962208353 0.0472052916369085 -0.644863114362667 -0.00580684447600339 0.999969211917978 0.00527785689166669 -0.857010858528537 -0.0471745392587711 -0.00554600555509707 0.998871265313056 54.2089084411261
0.998185083011617 0.0077993394372928 0.0597135692906833 -0.599580532131039 -0.00813904519693663 0.999952037507819 0.00544780939856204 -0.881270950964397 -0.059668215964394 -0.0059239335160624 0.998200686743564 55.367679695552
0.997140722462825 0.00998300464221447 0.0749047343272013 -0.499822861429055 -0.0104325425463305 0.999929828032621 0.00561258110598645 -0.900035688512078 -0.0748434476913917 -0.00637798000669464 0.997174899257247 56.525827564201
0.995733397546663 0.0117733229311437 0.0915226194846871 -0.406233977874319 -0.0124357965190728 0.999900416486247 0.00667143729381324 -0.906555519667732 -0.091434960354976 -0.00778112959589227 0.995780649564499 57.645387699106
0.993973254128604 0.0120652954926544 0.108956866335576 -0.30433172281436 -0.0130022703709331 0.999884313142803 0.00789311701081717 -0.927361743771016 -0.108849028669046 -0.00926223383532457 0.994015140720797 58.7293173817785
0.991701034684161 0.0115886812647331 0.128042025417083 -0.171531968962094 -0.0126179218754767 0.999894251612258 0.00723005119674776 -0.946230345860962 -0.127944698420486 -0.00878567352612477 0.991742388973459 59.8044890836428
0.988775000262936 0.0106380413402975 0.149032986051655 -0.00686903256006849 -0.0116571264695481 0.999914254836496 0.00596610234985794 -0.958012966777785 -0.148956739550461 -0.00763642921908804 0.988814226582161 60.9011221281336
0.985619428395126 0.00765051954537682 0.168807025685398 0.134300447663917 -0.00877409350704507 0.999944035859184 0.00591104328995825 -0.961749762640239 -0.168752355993018 -0.00730716773667734 0.985631395424514 61.9837158087451
0.981478462140158 0.00301433392614584 0.19154879834124 0.355998806483936 -0.00456390071706526 0.999960331051834 0.00764899555175421 -0.997931707802436 -0.191518143175095 -0.00838153408915521 0.981453285042684 63.052234917802
0.976766443853547 -0.00249656802700292 0.214292046772116 0.592677035879345 0.000549222541087387 0.999958019967022 0.00914640138155477 -0.997827570559509 -0.214305885398177 -0.00881620392905542 0.976726810337458 64.0416816985003
0.971177183459299 -0.00795215399159455 0.238226030431096 0.823859904006938 0.00603346970927248 0.999943234014896 0.00878214046221283 -1.01401018555642 -0.238282344229132 -0.00709168490026956 0.971170032710001 65.0714783109341
0.96457880974852 -0.0143114008556001 0.263406346904699 1.11103681480842 0.0127714154662222 0.999889878790723 0.00755785941004381 -1.04240087669665 -0.263485503834874 -0.00392607914122694 0.964655366009778 66.0366464013615
0.957158641768335 -0.0180065268550358 0.289003632293464 1.39457981696368 0.0163074212084976 0.99983268993835 0.00828614169394306 -1.05899432017933 -0.289104483710865 -0.00321824816667922 0.957292139514899 67.0204121318399
0.948314391828511 -0.0205109233226161 0.316668780076875 1.75840491421421 0.0181190823392715 0.999780739596997 0.0104962653389403 -1.05276050136244 -0.316814635246077 -0.00421601178087825 0.948478103141321 67.9765635705607
0.938769596376273 -0.0256441319183379 0.343589905872806 2.04477069950435 0.0225960803132925 0.999661797583427 0.0128727466667607 -1.06160996374639 -0.343803813350004 -0.00432075808467041 0.939031559094565 68.8988098677758
0.92755913568428 -0.0288232909940617 0.372563105667889 2.46901481213991 0.0258857715804291 0.999581858181948 0.0128854811012315 -1.09171796126624 -0.372778723424925 -0.00230796226052014 0.927917397547803 69.8097523473397
0.915229567176656 -0.0282298371532495 0.401942677082107 2.87203644785929 0.0268398676616782 0.99959841152002 0.00909050001683247 -1.08074139025111 -0.402037884868496 0.00246819386463944 0.915619706619245 70.7572095252361
0.902058415342462 -0.0294747948825192 0.430606376841402 3.26239216344993 0.0305268721107612 0.999523962373559 0.004467518348519 -1.10401280748291 -0.430533071190796 0.00911510327393728 0.902528774889381 71.5978022671016
0.887820130518654 -0.0315865669294173 0.459105330654583 3.70129782499472 0.0343150624423971 0.999408180937557 0.00240090913136423 -1.11740285050365 -0.458909459845201 0.0136226526306782 0.888378596657917 72.422115962842
0.871923958678637 -0.0322979387919221 0.488574921001854 4.18413882114138 0.034089633250292 0.999405096012495 0.00522981539987675 -1.14037608659377 -0.488453178090833 0.0120953385256246 0.872506272526975 73.3137903584637
0.854264631458859 -0.0316549170556492 0.518873689508978 4.67382132771339 0.0306133196182672 0.999475372759205 0.0105737367944351 -1.13794023779711 -0.518936184998126 0.00685167673260684 0.854785523055662 74.1167856410466
0.834327637577866 -0.0317583142299477 0.550353343454011 5.21050484516158 0.0290245669312826 0.999485154812054 0.0136747879243516 -1.1307563314208 -0.550504284895394 0.00456451394963356 0.83481985932548 74.9162904930703
0.813221813210044 -0.026741464053953 0.581339123592778 5.72598562837569 0.0255830716275614 0.999620714787047 0.0101947542752484 -1.15061546473952 -0.581391252914478 0.00658184388182941 0.813597498991761 75.658995541835
0.791637100665489 -0.0198263838069223 0.610669808779736 6.29248564169393 0.0220705476078162 0.999749012393932 0.00384748562673713 -1.16644648555137 -0.610592819953059 0.0104320047209269 0.79187598871242 76.4530884340819
0.768384567302438 -0.0172737944042003 0.63975524441643 6.91102084113424 0.0207354202493807 0.999782812958909 0.00209027726684835 -1.16435832674293 -0.639652404887629 0.0116594570564905 0.768575863518118 77.1170736500692
0.745104788550882 -0.019842900520528 0.666652168208787 7.50846297515678 0.0226390570573868 0.99973378285958 0.0044538191281009 -1.18664382552679 -0.666563070664808 0.0117738145138219 0.74535565344183 77.8245729028824
0.72087858185548 -0.020513738434412 0.692757718656008 8.1040516091944 0.0232933931306726 0.999714280174811 0.00536431272569675 -1.17762409770007 -0.692669826149871 0.0122696597346327 0.721150447127022 78.4701426078857
0.694768629155768 -0.0194361108676193 0.71897064580924 8.79272987546654 0.0240984026630558 0.999702602928365 0.00373800579727894 -1.21543061382721 -0.718829478339685 0.0147289949620766 0.695030386225885 79.1064859563702
0.669008234239266 -0.0164663144312444 0.743072569140532 9.47874368837326 0.0232979453759907 0.999727872038748 0.00117796864751303 -1.22665666950376 -0.74288975511937 0.0165239934013713 0.669209809686584 79.6993996144022
0.641681393379591 -0.0147506605093463 0.766829451315588 10.1551687364996 0.0223544696922709 0.999749969813638 0.000524921334022044 -1.22921615932652 -0.76664546374136 0.0168052334755451 0.641850696854516 80.2575471798789
0.613846781478191 -0.013119542522485 0.789316163823387 10.8526239075584 0.0224735424647458 0.999747067856822 -0.000860349214984936 -1.24491782920642 -0.789105233006316 0.0182668529223609 0.613986362492166 80.8275242895923
0.58524772180132 -0.00752863000466114 0.810819600069348 11.5612075947344 0.021812680383627 0.999741194273989 -0.00646153589324067 -1.2655216462996 -0.810561108801086 0.0214677479459495 0.585260475939802 81.3772239623392
0.554825487088624 0.00192049526304579 0.831964536849267 12.3689572852377 0.0198561076238071 0.999681924809201 -0.0155494115580978 -1.28575279973681 -0.831729772141711 0.025146787224533 0.554610877305324 81.8635569666773
0.523965574905038 0.00986886609217631 0.851682265752016 13.1188566899212 0.0189493009783584 0.999550308983282 -0.0232401334733049 -1.32360996595648 -0.851528625653222 0.0283158134878752 0.523542944179038 82.3513510571252
0.491941032704888 0.0149347351615239 0.870500415868312 13.9491849789236 0.0168401457059253 0.999502576922566 -0.0266647373464143 -1.35082574241739 -0.870465639662963 0.0277768322672906 0.491444826766285 82.8032863893531
0.459577031058122 0.0147371922509284 0.888015634822023 14.7638001985322 0.014831175011883 0.999595552157011 -0.0242645493608836 -1.38011363073729 -0.888014070142793 0.024321744848572 0.459172586241766 83.2287083700856
0.425756785506809 0.0135434698364559 0.904736278713139 15.6051635183535 0.0107718316003343 0.999741255169599 -0.0200347287450559 -1.41055336991849 -0.904773522622586 0.0182755885460069 0.425500735163188 83.5797653273084
0.391815925181083 0.014156142480532 0.919934717468888 16.4892919656623 0.00645910174746237 0.999814658448755 -0.0181363931258633 -1.44394850986035 -0.92002095670648 0.0130480795932126 0.391651869445074 83.9938997768482
0.356813409734465 0.0164738688847057 0.93403040757656 17.2954439380955 -0.000299945460657573 0.999846466111438 -0.017520109508494 -1.47754414781901 -0.934175626242938 0.00597125183177822 0.356763568046369 84.3401766363529
0.320879299072086 0.0188336864944574 0.946932821101917 18.1990208243764 -0.00526952065729548 0.999822295754703 -0.0180999741391467 -1.4882064920383 -0.947105436358091 0.000818024953124634 0.320921521958449 84.6683189071219
0.284292534892458 0.0183421742619914 0.958562110271298 19.1738615316443 -0.00804344972515183 0.999827418203847 -0.0167462450820482 -1.52015179489576 -0.958703842446112 -0.00294931367809679 0.284391005532679 84.9390609199982
0.2479558482883 0.0178060273290779 0.968607682547679 20.0416600117538 -0.00860505431650739 0.999832111457486 -0.0161772042910818 -1.54640389878246 -0.968733116157303 -0.00432368930678081 0.248067441174651 85.1601983208265
0.211503933674893 0.0172009317526064 0.977225774315684 20.9781588655506 -0.00802628073974345 0.999841977536662 -0.0158618653715093 -1.58163242310155 -0.977344189555314 -0.00448864148927506 0.21160857080952 85.3656842730959
0.176344775854295 0.0166331015536693 0.984187919028477 21.9491123855519 -0.00549221340750897 0.999858282406017 -0.015913852329854 -1.59966354288011 -0.984313139006477 -0.0025990453623101 0.176411137240311 85.5309781277319
0.141643892369537 0.0154198634308266 0.989797573025001 22.8999931719226 0.00199825173744506 0.999872181567834 -0.0158627714090061 -1.64553351796748 -0.989915660419816 0.00422472940615593 0.141594974900397 85.651772251155
0.107137416274902 0.0178345289226563 0.994084253779349 23.8431719650103 0.00373658364809753 0.999824821632185 -0.0183402287556885 -1.69254541284068 -0.994237201062492 0.00567940369027828 0.107052007908043 85.7499716356649
0.0749652703801942 0.0238624757057029 0.996900592080283 24.8102784210491 0.00511519299865521 0.99969128616087 -0.0243139296414981 -1.6887997740044 -0.997173025626652 0.00692203923854422 0.0748200663951133 85.8792153025216
0.0451882664887068 0.0261386614468874 0.998636465862083 25.7822060720275 0.0101083245381172 0.999594486163204 -0.0266211383519112 -1.76267840736895 -0.998927345879958 0.0112975045866112 0.0449057239484877 85.9004466586458
0.0202564296874574 0.0249284565625203 0.999483991422438 26.732256730531 0.0135208574381764 0.999590859773952 -0.025205147698589 -1.78399714969744 -0.999703387745812 0.0140244468618808 0.0199110878599006 85.9180183318053
-0.00273854363765917 0.02259507573385 0.999740947911671 27.7518006106288 0.015165075653695 0.999630667282331 -0.0225510423062806 -1.81436231172597 -0.999881253379201 0.0150993900957468 -0.00308018823679982 85.8883956010276
-0.0217976539371888 0.0204757959534305 0.999552701993701 28.6913158526478 0.0169913139409323 0.999653435353631 -0.0201073229506921 -1.84171281391074 -0.999618005806916 0.0165454212927996 -0.0221380103181956 85.9021047171153
-0.0391009046629584 0.0227591749170791 0.998976045364268 29.6984012058228 0.0176945383184282 0.999599590646116 -0.0220807992114249 -1.88671648284425 -0.99907858678296 0.016813040689042 -0.0394879613876521 85.822702799411
-0.0534829255276951 0.0276461806117708 0.998185987366373 30.6832984853408 0.0203184396076787 0.999439849910062 -0.0265922436748208 -1.90922360303726 -0.998362027367281 0.01885935071346 -0.0540146943132938 85.768201677419
-0.0660298639242598 0.0319039127055227 0.997307473863614 31.6534461945061 0.0245424234725146 0.999238263418457 -0.0303407707641394 -1.95707730426171 -0.997515777579603 0.0224729453909513 -0.0667625658974835 85.7051281713363
-0.0749170289384076 0.0358743066346354 0.996544265398445 32.64310143231 0.0301654470128485 0.998976852146618 -0.0336941342335494 -2.00105534339469 -0.996733406975785 0.0275369388044054 -0.0759225422369773 85.6732001527482
-0.0799998534596774 0.0405055599757086 0.995971547313217 33.6007498209771 0.0337963343425892 0.998709779967549 -0.0379022846563801 -2.04604126696526 -0.996221778135488 0.030628010190406 -0.0812655754938235 85.5664840712818
-0.0837887594596144 0.0460300987434189 0.995419848002786 34.6242182267013 0.0353491125178598 0.998441130354215 -0.0431943220944346 -2.08600867443348 -0.995856357128084 0.0315680095455697 -0.0852852668455241 85.4695474567492
-0.0868821333010921 0.0493722999841394 0.994994407475402 35.6101192904168 0.03738314082357 0.998229293302264 -0.0462685506086788 -2.15097393384997 -0.995516948974359 0.0331761056716861 -0.0885739821688328 85.401492018378
-0.0890429403805377 0.0529022840552075 0.994621889518892 36.6474857754806 0.0377012735451234 0.998051890449733 -0.0497095357329965 -2.20837883061235 -0.995314005096615 0.0330722287041018 -0.0908639584603258 85.2612658059067
-0.0915811351953351 0.0555592066133949 0.994246483643178 37.5978932387664 0.0382930313285012 0.997900308700829 -0.0522361718205325 -2.26952696507383 -0.995061073215111 0.0332888638328174 -0.0935163735220307 85.1802613699092
-0.0939154261745258 0.0598892696023272 0.993777222577051 38.6645053922153 0.0400537858422664 0.997608175312936 -0.0563349162464647 -2.33842450667234 -0.994774138669758 0.0345138223802306 -0.0960895889186068 85.0878323898049
-0.0955650527096322 0.0610582037768939 0.993548799230387 39.6487669044942 0.0416827794344505 0.997486989308014 -0.0572909422147395 -2.41565535540415 -0.994550082499229 0.0359388635431473 -0.0978699723510887 85.0350145729145
-0.0975697665696233 0.0601089544043567 0.993411825101737 40.6613760439725 0.0423693937054555 0.997520338518941 -0.0561961628413257 -2.47007275271753 -0.994326392654133 0.0366072102388539 -0.0998746065321262 84.8980361832666
-0.100395644027514 0.0597203413500442 0.993153661569716 41.7039158408611 0.0431335077042016 0.997519736801868 -0.0556226141408702 -2.54832028652371 -0.994012180596109 0.0372539329436068 -0.1027225842101 84.8348296817595
-0.102544422613469 0.0607254557803022 0.992873134096771 42.6996288634237 0.0420240089816132 0.997508216998874 -0.0566686834930983 -2.62382486726773 -0.993840341332542 0.0359134520758199 -0.104840831263465 84.713469213759
-0.104808519918669 0.0629197085358036 0.992500017345203 43.7300394768354 0.0408065472201444 0.99742814947289 -0.0589229356282875 -2.69177852830205 -0.993654869588243 0.0343248731513273 -0.107106504128915 84.5852944529313
-0.107010110037924 0.0648017169976565 0.992143927978107 44.7325366630222 0.0395431178484431 0.997361655948621 -0.0608774923452688 -2.76085363816698 -0.993471276978099 0.0327179571119554 -0.109290242482688 84.4744462843578
-0.10979348615575 0.0686650477770283 0.99157980092958 45.8011154531395 0.0372662030564232 0.997193888965683 -0.0649274820030431 -2.83899637911541 -0.993255566562566 0.0298237996116606 -0.11204427905609 84.3804736588063
-0.111675236378523 0.0724527328399586 0.991100016690456 46.7909204116326 0.0343779497455691 0.997023312659665 -0.0690121046225933 -2.9165138221155 -0.993149937396712 0.0263650434699097 -0.113833590524668 84.2706890148438
-0.114341732597603 0.0747645655094897 0.990624160784884 47.8672761380898 0.0312255480214307 0.996941862204182 -0.0716372007801731 -2.99994380355567 -0.992950619787983 0.0227416606481306 -0.116326624354125 84.1343075099189
-0.117814254454011 0.0732671870896352 0.99032909719114 48.9269474517859 0.0290667509098987 0.997101591377876 -0.0703103154824972 -3.09835049410032 -0.992610157835888 0.020502091787883 -0.119602419680096 84.0170648254608
-0.120041725918469 0.0701224511349954 0.990289263743344 49.9891561690872 0.0274486272493355 0.997355446296476 -0.0672955169746392 -3.16624767401697 -0.99238931720401 0.0191038108652986 -0.121649034150629 83.8886403003846
-0.122295932043221 0.0677951019501317 0.99017550421996 51.0481651585979 0.0273026798137923 0.997516531945717 -0.0649255894850084 -3.26260570317253 -0.992118071945404 0.0190943092716533 -0.123843201964311 83.7740460975251
-0.124777956010434 0.0682699214115644 0.989833157418116 52.0807183604094 0.0268090496017035 0.997497682883427 -0.0654190148324497 -3.33897040650773 -0.99182243196719 0.0183736352596237 -0.126295973704765 83.6484995571131
-0.125792643645944 0.0711281544852119 0.98950340901085 53.127726414215 0.0279937787319392 0.997283728068388 -0.0681286583041645 -3.42720671776293 -0.991661514407447 0.0191298554502173 -0.127442102437075 83.5133256290151
-0.126052059508922 0.0734167114883575 0.989303221852529 54.1829499400905 0.0284119029158652 0.997115804808143 -0.0703763850628063 -3.51506777606219 -0.991616681014523 0.019236898815667 -0.127774409244172 83.3723511436545
-0.126654248332337 0.0743512566174853 0.989156505320959 55.2647817616655 0.0270687564433748 0.997074633024611 -0.0714804770790329 -3.60728682888766 -0.991577522841245 0.0177219304320311 -0.12829633423361 83.2453887636544
-0.126200047470227 0.0729546721464564 0.989318535068719 56.3326062935569 0.0242529136771304 0.997220882780445 -0.0704436450274948 -3.68352724125672 -0.991708295920066 0.0151038656837611 -0.127618686111105 83.1025315680484
-0.126826392046005 0.0724462474691462 0.989275799516107 57.4016436983793 0.020543838590026 0.997307223660956 -0.0704006557473928 -3.768803853998 -0.991712164378647 0.0113948611801631 -0.127973200952796 82.9761522905072
-0.126190478443374 0.0732563415452287 0.989297463644601 58.5095743045453 0.0176021817920337 0.99727795148722 -0.0716020298149042 -3.86895521468663 -0.991849850706443 0.00837829940161059 -0.127136453280499 82.8584358838034
-0.126423674410333 0.0735365069113827 0.989246903811107 59.5676413881236 0.012741895801674 0.997286598377765 -0.0725057569265139 -3.95555869962102 -0.991894499752856 0.00343843676393746 -0.127017630715783 82.7184248213708
-0.127103165363281 0.0726751976801818 0.989223483848206 60.6385848129151 0.00967307491339736 0.997355575789909 -0.0720297651148443 -4.05158656252884 -0.991842334736905 0.000413621718885273 -0.127470043307122 82.6084757047201
-0.126977829108934 0.0681360318448189 0.989562586236578 61.7167030818528 0.00967505969812964 0.997675529941041 -0.0674531702494395 -4.13892988930435 -0.991858368989555 0.00100901997208527 -0.127341893122711 82.494141435268
-0.128114019626051 0.0600042338300246 0.989942568989599 62.8433633643679 0.0129766193475665 0.998183999633831 -0.0588244016146107 -4.21835113184468 -0.991674546071222 0.0053098773507852 -0.128660016621154 82.3460137119282
-0.127921930485086 0.0553573670842484 0.990238123690695 63.9632867070711 0.018843285209509 0.998396509470232 -0.0533792139336022 -4.27476838339978 -0.991605218977533 0.01183096729587 -0.128759923537419 82.1786354755516
-0.127069830998263 0.0568339925343953 0.990264184620788 65.0566937161832 0.0251018800221376 0.998221603502788 -0.0540696395371522 -4.36702202958982 -0.991576095753335 0.017986872794448 -0.128270490517692 82.0102752899342
-0.12629307746196 0.0618330163806405 0.990064006350326 66.1625091879138 0.0297486142965175 0.997842649412228 -0.0585240716408485 -4.45310633974904 -0.991546811064725 0.0220618471406538 -0.127860065572163 81.8947283264895
-0.12549753958447 0.0674835540632453 0.989796109049352 67.2828161783525 0.0333333979335088 0.997407385989004 -0.0637761002005275 -4.51603090156279 -0.991533787694827 0.024989523916522 -0.127421629066555 81.7507892152461
-0.124458988846502 0.0705029026204035 0.989716778082197 68.3724745973864 0.0335242793395202 0.997201666926239 -0.0668203425185421 -4.64785118257551 -0.99165824899008 0.0248631494712028 -0.12647427014338 81.6034438781786
-0.124577793402492 0.0700408295607905 0.989734638974206 69.5184665560778 0.0323594424486452 0.997261531524307 -0.0665004077145925 -4.70364561435865 -0.991682025588535 0.0237427870358665 -0.126503123235715 81.4533776769833
-0.124436929571809 0.0652594253933633 0.990079117018468 70.6263406180812 0.0317009232688722 0.997586848137903 -0.0617699917936408 -4.76941384130469 -0.991720979924617 0.0236999540002387 -0.126205428400465 81.3228003303831
-0.124001779140145 0.0630213282387516 0.990278683481121 71.7872687691052 0.0299113264884972 0.997764990668688 -0.0597522881872464 -4.85412934317721 -0.991831069949806 0.0222111589732898 -0.125609685531356 81.1927776967182
-0.124226040784514 0.0635170740353878 0.990218901100654 72.8981824578737 0.0279002226513248 0.997778087383166 -0.0605017843868988 -4.92440657575793 -0.991861617549046 0.0201114306794757 -0.125722161884903 81.0621474923909
-0.123720816400758 0.0681909067752747 0.989971292423319 74.0496187079351 0.0268372135014226 0.997501081572278 -0.065355613635054 -5.03723622586535 -0.991954093474395 0.0184822210597425 -0.125241702096745 80.8817985223399
-0.122737032227001 0.0714343570267879 0.989865017846513 75.2067882011379 0.0283315505715077 0.997251876156014 -0.0684545012802276 -5.12123047339823 -0.992034749473184 0.0196425084823703 -0.124423581760846 80.7731024865505
-0.122672918753891 0.0699617405302745 0.989978136054719 76.3281005127672 0.026302920551959 0.997390987937617 -0.0672262861629367 -5.22042788217942 -0.992098539145603 0.017792471520232 -0.124193061731979 80.620167799231
-0.121699825436585 0.0643717959012516 0.990477371968261 77.5292201308522 0.0299841766788355 0.997677774315825 -0.0611556030557559 -5.28088402789919 -0.992113955973605 0.0222560223011304 -0.123347346277634 80.4727891840846
-0.122169220614334 0.0624553926841624 0.990542278481415 78.6728346821674 0.0297679753969993 0.997799733573353 -0.0592415337555522 -5.36400450647456 -0.992062774815813 0.0222489461686088 -0.123759586372679 80.3564733820936
-0.122037548053738 0.0651324582216914 0.990386086206299 79.8263612649898 0.0263704712437405 0.997705009074073 -0.0623643577284828 -5.45414059387568 -0.992175103049565 0.0185061545033737 -0.123475046604901 80.1687117096277
-0.122096238905493 0.0678628447246276 0.990195507337321 81.0133820503847 0.0255857633160607 0.997543392253717 -0.0652115732556823 -5.54710985391145 -0.99218842825376 0.0173728200597305 -0.123532619022285 80.0351581445767
-0.122039670866842 0.0677234368352705 0.99021202519356 82.168685254747 0.0255421268087349 0.997553262201026 -0.0650775601123564 -5.63196450928318 -0.992196512034183 0.017350077098099 -0.123470872402728 79.9392661253756
-0.121197844552893 0.0645751337397788 0.990525685975999 83.3487743204963 0.0251003697512844 0.997761988903049 -0.0619756802187897 -5.707007584354 -0.992310966337711 0.0173512421089255 -0.122547462165464 79.8007786066652
-0.120333781206261 0.0632922999388817 0.990713816330958 84.5023583406812 0.0265053766519279 0.997814612904469 -0.0605265502308231 -5.79251685879557 -0.992379587712859 0.0189758542034754 -0.121748391562703 79.6874829687951
-0.119650548072869 0.063465269945149 0.990785499417836 85.7327826238882 0.0272213877330859 0.997789264794675 -0.0606265544987211 -5.88632861650366 -0.992442815680454 0.0197165557664304 -0.121113645114669 79.4889000388662
-0.118120598216419 0.0638525233612104 0.990944185884049 86.9202034010187 0.02894399197616 0.997727818364552 -0.0608395084628017 -5.97718028573922 -0.992577336838535 0.0214954814302313 -0.119700353686208 79.3454411977683
-0.116686161623055 0.0639752637853034 0.991106202840684 88.1395704411196 0.0294506867047035 0.997707222103281 -0.0609340300290024 -6.04836012284955 -0.992732087090117 0.022078600194641 -0.118302741621424 79.2037409768312
-0.116074110694704 0.0636545092030568 0.991198720885248 89.288399879404 0.0284125385616901 0.997748675836312 -0.0607479013577178 -6.1531518433346 -0.992834089099943 0.0211112132527833 -0.117621376441875 79.0432351316278
-0.114377602794333 0.0624899471196155 0.991470004835249 90.4989397864797 0.0311492734872492 0.997754533252667 -0.0592926145061016 -6.22467151422891 -0.992948884253484 0.024101823224401 -0.116067288143651 78.931109817503
-0.113689305206174 0.0618462143620115 0.99158952578717 91.7004339757661 0.0298281170307264 0.997823163806419 -0.058815110352263 -6.31158854384202 -0.993068489740833 0.0228905993900489 -0.115286578331676 78.8280268683105
-0.112649137634809 0.0610517778827367 0.991757456340758 92.939929668327 0.0300053421036919 0.997864425291177 -0.0580195500116036 -6.3959184876246 -0.993181680879875 0.023222169486625 -0.114240446466915 78.6634049337009
-0.109952845654154 0.061589243427158 0.992026782313171 94.1798136717614 0.0288090240850851 0.997856466619832 -0.0587580816249949 -6.47464098539224 -0.993519205583777 0.0221187051848624 -0.111491484056525 78.5357449674623
-0.109511955563282 0.0633464938018302 0.991964895201297 95.3650549071899 0.0271141725815463 0.997786205931119 -0.0607248622789802 -6.575585603439 -0.993615596311735 0.0202462089438414 -0.110987106410963 78.3940558872556
-0.108188556947486 0.0629787728160107 0.992133514361958 96.613555437728 0.0254557817999374 0.997839600807356 -0.0605651239045212 -6.65187094058084 -0.993804427097492 0.0187030809014273 -0.109558000375235 78.2524999045865
-0.107625626572269 0.0619820710532463 0.992257500537475 97.8218977119 0.0237885401989575 0.997929510889199 -0.0597561432126195 -6.7298554071019 -0.993906851701974 0.0171730650844524 -0.108877251873273 78.1405312911168
-0.107750171113005 0.0620721677192864 0.992238351717846 99.0896565713871 0.0189405086010891 0.997996017262805 -0.0603755468837362 -6.83275166359115 -0.993997564262131 0.0122880235272784 -0.10870992005674 78.0356299447366
-0.108303435049345 0.0617752548571275 0.992196645753174 100.297578543856 0.0166704940403951 0.998039911832432 -0.060319391724065 -6.9098426042993 -0.993978098644513 0.010007610946125 -0.109120974785737 77.9122111975526
-0.109207326053478 0.0598076428512006 0.992218124100156 101.539763611497 0.0165257388987215 0.99815957673079 -0.0583468879586698 -6.99398870616392 -0.993881612612941 0.0100252300319502 -0.109994703839348 77.7883125432932
-0.110403149207982 0.0577601369450144 0.992207090896378 102.82284412216 0.0111096628757035 0.998319220952499 -0.0568797720423002 -7.08546435876291 -0.993824793429782 0.00474338032303919 -0.110859281557129 77.6002592010941
-0.111536796851363 0.0569360932298489 0.992127927354058 104.018164192235 0.0095302962757352 0.998372746677578 -0.0562230570528317 -7.1573651056561 -0.993714605106031 0.00318433339825101 -0.111897916065377 77.4858388486221
-0.113299586986547 0.0574146394174291 0.991900581091293 105.353238130601 0.00962369264711203 0.998345534490113 -0.0566884318312259 -7.26193993932301 -0.99351426166337 0.00312297041552153 -0.113664677570791 77.353294173476
-0.116150933892128 0.0551584092084701 0.991698800266279 106.600267471571 0.00761362231282111 0.998476890802449 -0.0546436756519176 -7.35286209219223 -0.993202392924657 0.0012035061550365 -0.116393978631502 77.2350004176313
-0.119159609976043 0.0523113912811052 0.991496094643137 107.884474393534 0.00910356350611815 0.998626673899606 -0.0515935200165781 -7.41464581248615 -0.992833375991081 0.00287828394118533 -0.119472185046171 77.0708901967159
-0.122382490629093 0.0516133865609966 0.991140042736204 109.101595602538 0.00710648520912809 0.998666831307635 -0.05112785849164 -7.49558146895944 -0.992457567785844 0.000786367391140678 -0.122586123892282 76.898362264827
-0.128232005242448 0.056223064850505 0.990149241180498 110.302734427076 0.00240254686474193 0.998406447973069 -0.0563807805405577 -7.59025025889631 -0.991741287130905 -0.00485094059082528 -0.128162739418759 76.8182499027138
-0.135658578769977 0.0578708776206578 0.98906405835493 111.532804536935 -0.00501988765175893 0.998239666427432 -0.0590962697537996 -7.66023650138524 -0.990742928682347 -0.0129819064187421 -0.135129269115397 76.6206573560254
-0.144984839070766 0.0559374380794346 0.987851405556895 112.80441067309 0.00244739151744544 0.998417850122505 -0.0561765683494122 -7.7561565247372 -0.98943084989017 -0.00572709157123091 -0.144892352136855 76.4491653814185
-0.155791798571047 0.0539448523103478 0.986315805615632 114.041020400043 0.0062391049376674 0.998541490454836 -0.0536280282111193 -7.83873145796472 -0.987770210660139 -0.00220107915591321 -0.155901142340184 76.2996249402221
-0.169112647263396 0.0536804189569717 0.984133794337015 115.24530792423 0.00371459840243918 0.998543308534414 -0.0538280850472555 -7.94107606530497 -0.985589729194798 -0.00544734813922991 -0.169065703511904 76.0607701493378
-0.183350768041489 0.0538249265453903 0.981572907705271 116.496650550152 0.00541144732201169 0.998540056376414 -0.0537445071581209 -8.02674673050105 -0.983032660747585 -0.00454236658269186 -0.183374357011419 75.861910051105
-0.197950668058882 0.0526981334453677 0.978794380728872 117.670079119903 0.00790695776255181 0.998607137152332 -0.0521657516706599 -8.08008405525503 -0.980180092143267 -0.0025869595663546 -0.198091631842989 75.5960522799658
-0.212692183711841 0.053897816604625 0.975631621234748 118.836207712659 0.00963172286434341 0.998544669044286 -0.0530638656516995 -8.17595388680513 -0.97707178083422 -0.00188925606822855 -0.212901775025375 75.384105656044
-0.228957832468488 0.0581574250355264 0.971697496582434 120.044348880214 0.0126142137699535 0.998307148413156 -0.0567778040977233 -8.25619660755498 -0.973354607818907 -0.000742523016915665 -0.229303851030182 75.0824236836222
-0.244087461515104 0.0610307671583324 0.967830851229272 121.253250462579 0.0097966970746452 0.998121928058583 -0.060470169960435 -8.36290555183333 -0.969703736126421 -0.00527846461404026 -0.244226947640464 74.8124760580627
-0.259184873112501 0.0593743356881662 0.964000980192056 122.363175941308 0.00809448647749242 0.998207100921164 -0.0593048308254155 -8.43656748093955 -0.965793808656031 -0.00756782215398962 -0.259200785549587 74.5538084903618
-0.276056364663808 0.0543790164547427 0.959601899799087 123.560569881291 0.00334291513704571 0.998446491954757 -0.0556185906116379 -8.52336303791963 -0.961135634781579 -0.0121459982155972 -0.275809293317607 74.18230825901
-0.290737706472517 0.0515036797223787 0.9554155938701 124.738302906546 0.00093001785363606 0.998564911910796 -0.0535467250854501 -8.59760738856341 -0.95680234171008 -0.0146794984805166 -0.290368371594545 73.8767174077342
-0.305812605117398 0.0510867153280955 0.950720147082356 125.898814360492 -0.00290220944080156 0.998504748775861 -0.0545879460358761 -8.69367142277889 -0.952087300478098 -0.0194528709716619 -0.305207074097714 73.5058834644781
-0.32031977592869 0.0535555280466575 0.945794399732118 127.06654684516 -0.0027092590335439 0.998344780333105 -0.0574487554010795 -8.77422194794233 -0.947305600671971 -0.0209643744788054 -0.319644480537721 73.1271559750221
-0.334297890099112 0.0546255471110312 0.94088308002541 128.163097788671 -0.00249110654595652 0.998264196617585 -0.0588420609736332 -8.86662390326298 -0.94246417176647 -0.0220146168321999 -0.333581536632759 72.7179413644273
