1 -1.73472347597681e-18 -3.00926553810506e-36 4.33680868994202e-19 1.73472347597681e-18 1 1.73472347597681e-18 0 0 -1.73472347597681e-18 1 -5.55111512312578e-17
0.999997427895702 0.000388168726336706 0.00223462010651802 -0.0138226624189781 -0.000380236706305358 0.999993630213598 -0.00354893678115952 -0.0903394566280226 -0.00223598345873544 0.00354807796833483 0.999991205721682 0.965408858215471
0.999995682559858 -0.000877091662660653 0.00280456268574956 0.00993882710195853 0.000889758766146953 0.999989395451008 -0.00451855229764903 -0.0944614554472107 -0.00280056976007959 0.00452102817330481 0.999985858456646 1.91333447342203
0.999995102619329 -0.000793796879551107 0.00302731297867738 0.000249695019067082 0.000799715903727195 0.999997770193202 -0.0019544981699056 -0.0869089401259061 -0.00302575475380596 0.00195690958831865 0.999993507635441 2.88216694798444
0.999990541937813 -0.00357040203232536 0.00248359905121523 0.0246833539660957 0.00356387635764792 0.999990198808533 0.00262698918512236 -0.0708020808990018 -0.00249295411651085 -0.00261811309895478 0.999993465310436 3.83626592545703
0.999988357379823 -0.00470277900454225 0.00108119121286287 0.0272552131516384 0.00469921369986389 0.999983589865966 0.00327679559605766 -0.0910124893744085 -0.00109658351590147 -0.00327167669701148 0.999994046800371 4.78676518457105
0.999986203992428 -0.00525017777300019 0.000165705056779131 0.00466286022545103 0.00525012390886139 0.999986165568119 0.000323838404690585 -0.0866597377367096 -0.000167402973538161 -0.000322963964933086 0.999999933835259 5.71084270918348
0.999986863560876 -0.00509757988856219 -0.000536082981263949 9.19484405441607e-05 0.00509615754409901 0.999983577190008 -0.00262193221894204 -0.0861624929563076 0.00054943968622346 0.00261916581275982 0.999996419036827 6.63018240686335
0.999972952046518 -0.00723585104187434 -0.00131819386741667 0.00268325813873632 0.00723141027811104 0.99996826500731 -0.00334300518391998 -0.0906637402767872 0.00134234152208699 0.00333338236178989 0.99999354331979 7.54007153544654
0.999978875309469 -0.0061389944814018 -0.00213580934704722 0.000425844475146284 0.00613471652195617 0.999979174827821 -0.00200378738040566 -0.0903431360507839 0.00214806610812004 0.00199064246612828 0.999995711568088 8.46646507960276
0.999964538516055 -0.0077509599471307 -0.00329307307406257 -0.0157449917554847 0.00775455057682194 0.999969350890357 0.00107899271039713 -0.0836880119633362 0.00328460891502333 -0.00110449074942044 0.999993995704204 9.38693858181555
0.999965612378868 -0.00727731178534048 -0.00397678173067472 -0.0232582948404597 0.00728708490924966 0.999970450921658 0.0024486071677325 -0.0878831666015316 0.0039588449426404 -0.0024775021120939 0.99998909470554 10.2893147644431
0.999949250514003 -0.00883230061904766 -0.00484632461344973 -0.0256330091447964 0.00884766288352156 0.999955873083389 0.00315764905238018 -0.0903537132270092 0.00481822145440757 -0.00320036744971773 0.999983271055173 11.2207405233196
0.999947227569178 -0.00871084984402688 -0.00544639070489033 -0.00797248357571483 0.00872868300044657 0.999956593057327 0.00325915545202306 -0.0861768594967792 0.00541776427996032 -0.003306523276427 0.999979857164148 12.1208349341794
0.999930941083235 -0.00997637504848149 -0.00621168296751234 -0.0595682873641574 0.00999136340422952 0.999947237028572 0.00238659092608036 -0.0727146742036658 0.00618754569449553 -0.00244848929257652 0.999977859344127 13.0145187322949
0.999925794677165 -0.00969170213819992 -0.00738078917900345 -0.0430388068874455 0.00969198461187279 0.999953031610992 2.50385989244432e-06 -0.0809891767469615 0.00738041824856183 -7.40381692390913e-05 0.999972761601448 13.9409253590629
0.999914078165465 -0.00928925287138261 -0.0092491117194819 -0.0618742932903525 0.00927671648138231 0.999955993938495 -0.00139739679416119 -0.0873304556257347 0.00926168547468533 0.0013114753401388 0.999956249650254 14.8499464334502
0.999898876145023 -0.00926782249734314 -0.0107863316321356 -0.0881835177644079 0.00925036898612638 0.999955825113741 -0.00166688173487531 -0.086854198427549 0.0108013035112055 0.0015669356257645 0.999940436503697 15.748715063317
0.999875822339977 -0.0102090700002167 -0.0120047819507992 -0.105962629529043 0.0101799160676884 0.999945090234983 -0.0024871316424057 -0.0903330647519202 0.0120295140720803 0.00236461512354814 0.999924846869257 16.6494614972754
0.999867290996066 -0.00909939579893038 -0.0135130082617667 -0.141921362564376 0.00906626254059264 0.999955747419435 -0.00251119222351327 -0.0906818328187299 0.0135352606082489 0.00238834648508022 0.999905541799491 17.5095211454713
0.999847538743824 -0.00922417771077988 -0.0148261192993303 -0.175017138642866 0.00919540466542508 0.99995570585433 -0.00200770077651242 -0.0950355129849867 0.014843981977795 0.0018710625133548 0.999888071398051 18.4282860121568
0.999820519229966 -0.00942347547367972 -0.0164355540435639 -0.170577465374995 0.00940864058293309 0.999955257832916 -0.000979701325954202 -0.0927645314550404 0.0164440508726754 0.000824889267628551 0.999864447187014 19.3319329083115
0.999792036551197 -0.00910647755046854 -0.0182470741608934 -0.196202055970588 0.00910080308870127 0.999958509214684 -0.000393995289110521 -0.0874682574385893 0.018249904984712 0.000227850323608166 0.999833430653466 20.1743829288164
0.999752742354231 -0.0101244976067401 -0.0197976943962126 -0.20605031206444 0.010114756856253 0.999948669244567 -0.000592089316552777 -0.0980155083173461 0.0198026727724718 0.000391694052810187 0.999803831122303 21.0725524615041
0.999722665462525 -0.0103926067166784 -0.0211325787857646 -0.224566549986641 0.0103735252281326 0.999945681069159 -0.00101236627570536 -0.0999242309360641 0.0211419520112357 0.000792866172402906 0.999776169564162 21.9347489295546
0.999704418375713 -0.0109242527916437 -0.0217194977156855 -0.243998871254722 0.0109200158860206 0.999940325651444 -0.000313670420757149 -0.101888196756553 0.021721628233778 7.6400445453017e-05 0.999764054679826 22.796867583656
0.999678291300146 -0.00995266088054407 -0.0233293472822973 -0.27732638015533 0.00998466884774082 0.99994936324503 0.00125591952741039 -0.111365595384703 0.0233156662187058 -0.00148845129421979 0.999727044858507 23.6824040406977
0.999640747114172 -0.0118801851381517 -0.0240257759521618 -0.292141380419614 0.0119928616887838 0.99991772565201 0.00455117516974094 -0.112989588463743 0.0239697304434977 -0.00483767795488728 0.999700979740678 24.5254230680757
0.999623183341288 -0.0118715916750726 -0.024749881570033 -0.335749165147686 0.0120173818501081 0.999911255254689 0.00575014334259435 -0.104303881483703 0.0246794217942601 -0.00604540537036492 0.999677137486803 25.3355949605214
0.999619308913786 -0.0104275404661128 -0.0255441509264293 -0.341923856302015 0.0105538378757233 0.999932716483311 0.00481445868187623 -0.10490546204952 0.0254922292633964 -0.00508221468792164 0.999662101582854 26.1798166316691
0.999613794228358 -0.00879028303862254 -0.0263627258167159 -0.361618982082852 0.00885493171163326 0.999958064511404 0.00233653653717607 -0.108733785361693 0.0263410814654362 -0.00256907429011929 0.999649712291522 27.0006867607093
0.999589430936964 -0.00886506599108524 -0.0272466541815825 -0.404184643332641 0.00888811460579047 0.999960237156736 0.000724930478335317 -0.113074955429223 0.0272391442206134 -0.000966804229298306 0.99962847814161 27.782097243821
0.999577598563104 -0.00816324830156755 -0.0278923973151409 -0.414296074111076 0.00818552067707849 0.999966263839181 0.000684422936365725 -0.114038109624135 0.0278858692183665 -0.000912447630090334 0.999610697090252 28.5718537245277
0.999533221579556 -0.00832656925442334 -0.0293939994428189 -0.456780407328779 0.00832900883425619 0.999965312426423 -3.9443195651445e-05 -0.114711531323786 0.0293933082628007 -0.000205398096614479 0.999567902266269 29.3283555878805
0.999472308683872 -0.00803240696956358 -0.0314735541749841 -0.472733250147543 0.00800986615517107 0.999967565845693 -0.000842199985786479 -0.122541727088446 0.031479298249907 0.000589656607798389 0.999504230149517 30.127830636617
0.999416970361711 -0.00804419939334736 -0.0331814738843648 -0.498988934964434 0.00801675830089405 0.999967404500114 -0.000959960234326069 -0.121533004789563 0.0331881144291712 0.000693392692859498 0.999448882268228 30.8963653151985
0.999358074144104 -0.00804219734439703 -0.0349107820717486 -0.525522110159358 0.00804358375442355 0.999967644782907 -0.000100735850354022 -0.117205106380237 0.034910462663404 -0.000180136614119474 0.999390427784571 31.6411926534387
0.999275010833437 -0.007880790585894 -0.0372470920150374 -0.56976127370091 0.00796937888131265 0.999965756300131 0.00223052176689324 -0.122709642730964 0.0372282382618552 -0.00252574085127141 0.999303596965943 32.3970150214838
0.999207674939007 -0.00708121000140281 -0.039164764877368 -0.602644672550749 0.00722863247951828 0.999967306819813 0.00362383277836984 -0.116836455705097 0.0391378233357393 -0.00390406921628793 0.999226195127057 33.1634878401896
0.99913563982961 -0.00658674215812587 -0.0410437333830399 -0.64380417580003 0.00674144002530782 0.99997068096088 0.00363183218477892 -0.116481273081388 0.0410186080780525 -0.00390538684070934 0.999150750259921 33.874417165621
0.999079638513593 -0.00316467048010172 -0.0427768718854119 -0.701203705451102 0.00329431411887395 0.999990191295058 0.00296054186924428 -0.123630065768811 0.0427670831602385 -0.00309873755354231 0.999080264254849 34.5735877903415
0.999000276637711 -0.00138555079932003 -0.0446825192525959 -0.712834232268389 0.00149454338521671 0.99999598885856 0.00240595238131081 -0.12019065725782 0.0446790064554462 -0.00247032705809045 0.998998340272085 35.2997227898439
0.998942923824824 -0.000604299001037278 -0.0459637875183148 -0.744607420889626 0.000771213953025143 0.999993172823038 0.00361379805095894 -0.119702307665621 0.0459612899008514 -0.00364542590540538 0.998936569908529 35.9751639153491
0.998908747810134 0.00062258560392355 -0.0467003847474172 -0.777068203204111 -0.0003995160656128 0.999988468224037 0.00478579208251373 -0.11840192113084 0.0467028257742969 -0.00476191202244655 0.998897477351197 36.6506057040203
0.998858133431982 0.00314402820794814 -0.0476712110545149 -0.831533823757775 -0.00287552315290388 0.999979620649907 0.00569996942674358 -0.11081217334369 0.0476881604108776 -0.00555638115110224 0.998846818078293 37.3318082061173
0.998920515649301 0.00628243812934896 -0.0460253667675175 -0.859200641895815 -0.00610295491097437 0.999973219276053 0.00403914248835392 -0.118677735011756 0.0460495098376543 -0.00375389155910428 0.998932105271361 37.9768814759632
0.998984372874751 0.00721695883585259 -0.0444762662237029 -0.905453569783373 -0.00717910644276872 0.999973719070538 0.00101074176753036 -0.111278652124156 0.0444823918278174 -0.000690415381377749 0.99900992995259 38.6592906525293
0.999048586692326 0.00869757564073344 -0.0427349225580135 -0.919779873292365 -0.00873995365571204 0.999961481924037 -0.000804908926525522 -0.125076028471729 0.0427262757347477 0.00117764436809884 0.99908612167099 39.2847234030301
0.999194723321968 0.00932001810791687 -0.0390261726025552 -0.959271041519359 -0.00932691311012699 0.999956503385414 5.39007916717897e-06 -0.118570104728486 0.0390245253318022 0.000358607982222718 0.999238188733268 39.8976702261926
0.999260868567799 0.0142377750217508 -0.0357071745109955 -0.992443867085982 -0.0141497814292671 0.999896198617676 0.00271581947595775 -0.123562561313985 0.0357421352836207 -0.0022085634136316 0.999358605312935 40.5704055377132
0.999309701365738 0.0179801257521339 -0.0325090115853608 -1.03589462318182 -0.0178036148261898 0.99982519283568 0.0057109605334889 -0.0973077169226841 0.0326060125657884 -0.0051282403445864 0.999455126103983 41.2073830314901
0.999349476607641 0.0228209496143815 -0.0279253981660361 -1.04547174587541 -0.0226420727025672 0.999721150232828 0.00670509663493143 -0.106703238613909 0.0280706278477247 -0.00606844591719885 0.999587521839076 41.805171830387
0.999384717528574 0.0270033595790667 -0.0223831396764791 -1.07122449769823 -0.0268499179385247 0.999614064406774 0.00712770277613168 -0.108070911768681 0.0225669731472264 -0.00652233176203199 0.999724057383515 42.3823127964524
0.999401116528188 0.0303424002328188 -0.0166357155037823 -1.09156394807617 -0.030199204094917 0.999505227695681 0.00879249003633703 -0.0993021609388803 0.0168942698642141 -0.0082848389916145 0.999822956872185 42.9357398327814
0.999324406158745 0.0354453401727316 -0.00971386202862072 -1.08350840631225 -0.0353463655313306 0.999323291796693 0.010178060539616 -0.0963320707794806 0.0100680533966255 -0.00982783458661496 0.99990101908546 43.504928448785
0.99924055302782 0.0388959878629093 -0.00232794175729835 -1.10366040320673 -0.0388703942373999 0.999192392945767 0.0101810771110018 -0.104417775598956 0.00272206474685418 -0.0100828571089484 0.999945461690804 44.0323192171805
0.999088925653439 0.0424088647678289 0.0047756492501905 -1.10569392657319 -0.0424541931780171 0.999050075551507 0.00982792053952363 -0.0991307012668235 -0.00435432179110069 -0.0100217129090581 0.999940300794056 44.5394748497336
0.998834948183 0.0467081800286494 0.0121281575960338 -1.10403366614821 -0.0468257122439635 0.998856994355993 0.0095946599188405 -0.0940937522037632 -0.0116661459406472 -0.0101513912605099 0.999880417997256 45.046502648624
0.998525448839995 0.0507182342930163 0.0193542948485686 -1.10420437507018 -0.0508576945554291 0.99868287905879 0.00678247590142286 -0.0954968637340784 -0.0189848076996661 -0.00775678960945893 0.999789682529061 45.5219702965165
0.99823447047041 0.0526038653334527 0.0275821557649159 -1.0944492374915 -0.0527290856538189 0.998601502151081 0.00383189609944208 -0.108470471435453 -0.0273420096330232 -0.00527951262756941 0.99961219543163 45.9507334342299
0.997928016449791 0.0536988110591297 0.0354416658104788 -1.06555904571887 -0.0538423655842906 0.998544611453307 0.00310782976571709 -0.0947961996099654 -0.0352231976525893 -0.00500965352104972 0.999366914460713 46.3676364081868
0.997681212606144 0.0526875977359802 0.0430838143337704 -1.0490569696652 -0.0529257791759762 0.998588730024435 0.00440569708456155 -0.107250627993564 -0.0427908858444304 -0.00667572565318861 0.999061747228695 46.7984611009279
0.997189299313823 0.0545201439908779 0.051391198013098 -1.03204830344943 -0.0548713184942838 0.998478580351245 0.00544637369831178 -0.108048387025445 -0.0510160733564077 -0.00825096836600026 0.998663748105596 47.1371377128939
0.996547331379545 0.0573049362995621 0.0600796188071401 -1.01667409110633 -0.0577564557887873 0.99831382826735 0.00580449006415312 -0.111265602303441 -0.0596456883188214 -0.00925443493089266 0.99817671145899 47.5110575291344
0.995681191926361 0.062313068748279 0.0688189327676087 -0.987167897264522 -0.0627935809427544 0.998014804099695 0.00483911047947013 -0.103694747941335 -0.0683807738804273 -0.00913959851519897 0.997617430432375 47.8290183875761
0.994855442621694 0.065236691337196 0.0775036927466659 -0.955101235156778 -0.0658588049843702 0.997813819168914 0.0054954600878493 -0.0959866888393308 -0.0769757500257379 -0.0105714889642784 0.996976919255934 48.1465440145726
0.994054326846625 0.0654508644911797 0.0870182717299071 -0.950452807739705 -0.066146763830473 0.997796692493495 0.00513479150483839 -0.107938431080667 -0.0864904671756278 -0.010860238781894 0.996193482362408 48.4233210145778
0.993159830076832 0.0644101951249228 0.0973903418503479 -0.902407395594902 -0.0650817628558044 0.997872958312205 0.00373138216063181 -0.110793369087361 -0.0969428494801916 -0.0100441940053549 0.995239266760232 48.6819228381382
0.992005171131439 0.0634258057905639 0.109100447333188 -0.86097118285083 -0.0637583256848055 0.997965270450683 -0.000441452335901422 -0.115198764380123 -0.108906456899278 -0.00651813885340513 0.994030632079079 48.9728664891235
0.990356110628663 0.063958293318609 0.122898782972978 -0.827349044967066 -0.0638563911399565 0.997947689028369 -0.00477192555668714 -0.11431708367059 -0.122951760666731 -0.00312196712161689 0.992407737711795 49.2004245443018
0.988256521971798 0.0661468110997492 0.137744858929616 -0.795915018509003 -0.0658310214364723 0.9978072590898 -0.00685203067212022 -0.111240195508162 -0.13789606012079 -0.0022963207604858 0.99044404360576 49.4671803496009
0.985746675809714 0.0674888738909808 0.1541062718744 -0.729847512155652 -0.0670497895097014 0.997717148374926 -0.00805093567915503 -0.118353297160228 -0.154297818703972 -0.00239661000841843 0.988021477197568 49.7351387324315
0.982968221839325 0.0679743843724245 0.170742372957698 -0.666573322758587 -0.0673156872445666 0.997685048107168 -0.00965106388899725 -0.116107736975133 -0.171003137704627 -0.00200695106759022 0.98526844009264 49.9967445876932
0.979611817449547 0.0675768034603264 0.189193188955841 -0.608242085221364 -0.0667820529348096 0.997711491800693 -0.0105800063632898 -0.127667307627372 -0.189475181802284 -0.00227041029758435 0.981882885439028 50.220369749081
0.975778967460173 0.0664795024069131 0.208412769335488 -0.526710756786788 -0.0655884166126145 0.997784003131468 -0.0111911885514013 -0.129770544221867 -0.208694911937518 -0.00274933713322629 0.977976929623966 50.4482319935051
0.971336557986798 0.0666447984855509 0.228174849519355 -0.460773919427276 -0.0654779776714429 0.997773336246723 -0.0126887318177337 -0.133888344438821 -0.228512418827551 -0.00261539861295817 0.97353748470805 50.6862161275691
0.966024840658963 0.0686704984452803 0.249159326281602 -0.410856484356919 -0.0671986346638068 0.997635425645818 -0.0144187723404882 -0.13610967467822 -0.249560314812161 -0.00281427428715965 0.968355166832444 50.9376536505187
0.959760143861383 0.0701773613978948 0.271911022583503 -0.309532330650681 -0.0681083295413809 0.997532204193706 -0.0170515994419541 -0.133420073828489 -0.272436637958737 -0.00215395999857456 0.962171314659746 51.1982127537526
0.952427283487637 0.0713305494338465 0.296300898388488 -0.222594084540657 -0.0690342075858451 0.997447908011482 -0.0182194672400676 -0.143325056514579 -0.296844315848146 -0.00310218003717372 0.954920849404632 51.4097931065176
0.943966263703153 0.0739129362822842 0.321659091027195 -0.128834526870986 -0.0715657142164963 0.997252368002272 -0.0191327745647178 -0.147088992338235 -0.322189449763634 -0.00495906886345879 0.946662223867106 51.644864441468
0.93395133154365 0.0765140042458515 0.349113903278156 -0.0160010766422463 -0.0740582833328278 0.997045288585365 -0.0203976268109887 -0.159212065451601 -0.349643076547554 -0.00680438564394978 0.936858270688993 51.9079937661185
0.922783225538235 0.0773017141968482 0.377485845625342 0.0860675075929666 -0.0745160042112524 0.99697704190337 -0.0220032505324636 -0.160275059370534 -0.378045610716008 -0.00782450636363357 0.925753905375789 52.1348127450935
0.910231471431245 0.0755635584788226 0.407147168780684 0.219228447595085 -0.0719726349878943 0.997114127489941 -0.0241527756763755 -0.172325952527467 -0.407797263635999 -0.00731883802195075 0.913043167862834 52.3662119290568
0.895211105793057 0.073628179918007 0.439517880394795 0.367540129847756 -0.0686946903361401 0.997268357661042 -0.0271452081898423 -0.190637714648793 -0.440315927016493 -0.00589185285030571 0.897823574253648 52.6074500741229
0.877995093650802 0.0727194047925323 0.473113626618108 0.542178221705294 -0.0655560090429298 0.997347186514675 -0.0316385718645056 -0.201575233356214 -0.474159282523797 -0.00323693031775572 0.880433130384492 52.8162967677294
0.858515497368537 0.0743472929016263 0.507369314027024 0.70159551871768 -0.0649135238747526 0.997230821488095 -0.0362894349961546 -0.211650000375149 -0.508662339077915 -0.00178008774446324 0.86096425947388 53.076682843278
0.836656770901839 0.076646805252964 0.542338192411914 0.881491849892523 -0.0646660614298833 0.99705810066159 -0.0411514811914299 -0.216044455095598 -0.543896817607214 -0.00064120949483126 0.839151857917939 53.258836237382
0.812137912149378 0.0799608004292262 0.577960450242373 1.08076229428549 -0.0659930098075437 0.996796949580924 -0.0451748155802021 -0.235751789018248 -0.57972142819305 -0.00145316925417875 0.814813447356466 53.509015597879
0.784729678425148 0.0831704664841957 0.614232859185802 1.2871771018439 -0.0678678300721249 0.996527936418449 -0.0482289288590194 -0.250864931375152 -0.616111426156069 -0.00383997947760985 0.787649646173694 53.7678598204361
0.755008742421304 0.0879073476879847 0.649795427107536 1.5114303882756 -0.071457574239845 0.996101341871544 -0.0517294094830631 -0.256467331125787 -0.651809492068931 -0.00737664857324435 0.75834686727425 53.9976309430947
0.72194669563865 0.0895649469964364 0.686127603967337 1.79388568230657 -0.0719543422167525 0.995929039599165 -0.0542947577509901 -0.278696960046018 -0.688197312761819 -0.0101719394713979 0.725452266075999 54.2152407763601
0.685457696077306 0.0874749440299178 0.722838765600845 2.08782329131235 -0.0683934954324957 0.996103013275188 -0.0556876712263593 -0.302779819604367 -0.724893148450802 -0.0112659269948215 0.688769193720241 54.4555682041512
0.646571596357724 0.0859252770173616 0.757998692316098 2.36092900920092 -0.0650126844570841 0.996227886307335 -0.0574747718856128 -0.317306888954139 -0.760077970765571 -0.0121179747940522 0.649718887707432 54.6580755781885
0.604622165058714 0.0862081632147473 0.791833435840425 2.70730163873157 -0.0636436798663324 0.996175897539492 -0.0598586933908513 -0.330874456790376 -0.793965691659775 -0.0142033009025238 0.607796632691139 54.8782842368873
0.558695456891549 0.086012948628068 0.824900696518708 3.04915862362897 -0.0603243904049664 0.996187698608048 -0.0630161651028519 -0.3630188669789 -0.827176132616877 -0.0145547865084321 0.561754220116486 55.0543944558602
0.510838687897308 0.0852738914679323 0.855436846518357 3.45270197445567 -0.0570848970519879 0.996236735347293 -0.0652202550833011 -0.396212337214789 -0.857779196224716 -0.0155154947868963 0.513784118035579 55.244241448402
0.462358863338933 0.0830689687379392 0.882793196578194 3.86349321670131 -0.0546199154121423 0.9963794995397 -0.0651502704321824 -0.422593783276476 -0.885009009181432 -0.0180952847402677 0.465222112907231 55.4275482546436
0.412379216481411 0.0809072721956079 0.907412472429183 4.27704892476137 -0.0541080795423697 0.996465384382598 -0.0642577112530247 -0.451327464302134 -0.909404034267725 -0.0225998016165255 0.41529935158206 55.5876728732475
0.363050584463813 0.0810272087692755 0.928239659010293 4.72228987710331 -0.0567149931824445 0.996286269292226 -0.0647848683574609 -0.468647043456136 -0.930041763937942 -0.029124921610856 0.366297769952756 55.7254744459644
0.313235466642232 0.0814725535987922 0.946174278580598 5.18438735638449 -0.0541169356308281 0.996225612938181 -0.0678666737351555 -0.473581388602565 -0.948132321838757 -0.0299458033126039 0.31646223968842 55.8769447982137
0.265915189412119 0.0781961817453277 0.960819686101596 5.65823126072821 -0.0442244340684561 0.996644773700975 -0.0688723056522574 -0.533782453827314 -0.96298146995217 -0.0241775146569053 0.268481165659295 55.979902040959
0.221907912462966 0.0728353741948545 0.972343502396259 6.15561001005724 -0.0312568148966553 0.997225089714577 -0.0675657603100091 -0.565838815689625 -0.974566513845435 -0.0153989840459981 0.223568739723393 56.0016320302791
0.179167200264885 0.0706439045323102 0.981279039367331 6.69972789360712 -0.0213572873958736 0.99746286609779 -0.0679094767397964 -0.623524489064514 -0.983586793640669 -0.00879030764039223 0.180221391258792 56.0633859798523
0.140790962594459 0.0734346686854906 0.987312136199479 7.20789628968771 -0.0174461708788912 0.99727452920735 -0.0716878268321962 -0.613482707046813 -0.989885617621243 -0.00713181809292941 0.14168839471636 56.125876230934
0.108166759414515 0.07372425763987 0.991395322761416 7.72646700516468 -0.00962976640186303 0.997277317708835 -0.0731110058918438 -0.659796870311017 -0.99408612290727 -0.00163872478523579 0.108582203073387 56.1625289138049
0.0789597372097231 0.0725841257270139 0.994231816324652 8.2895695128491 -0.00206452387776853 0.997355490926141 -0.0726482103057881 -0.703679891326228 -0.99687566809554 0.0036836682696623 0.0789007791289128 56.1692724957875
0.053762388725788 0.0712455803763401 0.996008871865776 8.85481790954676 0.00375610679073165 0.997429943587361 -0.0715499776176736 -0.739958833319922 -0.998546692558878 0.00758781339724681 0.0533566103456234 56.1704599546236
0.0348523424077407 0.0698684082757365 0.996947200083188 9.41988990228518 0.00982249874863473 0.997481111007999 -0.0702492113876093 -0.775335664203544 -0.999344201337571 0.0122408621944267 0.0340782708732469 56.1589016110547
0.0181190836852567 0.070988060183732 0.997312585961772 9.98949257083846 0.0120986336159621 0.997387738485147 -0.0712132163584139 -0.80766209081218 -0.999762632763914 0.0133564378048336 0.0172128933689905 56.1778973900261
0.00499295801690626 0.0714373149787075 0.997432594413715 10.5924372170282 0.0132463423605298 0.997352787930167 -0.0714979078154763 -0.840651961385183 -0.999899797371871 0.0135693196791748 0.00403345746665478 56.1666283406785
-0.00723057629570784 0.0723249807570992 0.99735490971114 11.1879264408593 0.013767251538285 0.997293652355991 -0.0722207294031931 -0.855607493048449 -0.999879083465353 0.0132086384208553 -0.00820672404516973 56.167684425052
-0.0162404024549171 0.0748179921608718 0.997064951433515 11.7933344098931 0.0185356209219321 0.997047630888722 -0.0745147803876832 -0.913584100928973 -0.99969629392388 0.0172710679519805 -0.0175792527331885 56.1408952553381
-0.0226434475874156 0.0770242130386065 0.996772062653814 12.4527161491106 0.0218078749742332 0.996828516023861 -0.0765331707874146 -0.972983472823881 -0.999505723280494 0.0200045056787394 -0.0242513686641622 56.1276448597297
-0.028204667802575 0.0761407097496943 0.996698093222295 13.0617141320251 0.0230399351460349 0.996879392317631 -0.0755025732071283 -1.0041928739817 -0.999336609007502 0.0208343344324717 -0.0298709291141576 56.1166640068842
-0.0314850514179437 0.0738636471037479 0.99677121405754 13.7214516133658 0.0199986774660883 0.997112546017514 -0.0732572417859083 -1.05431513499073 -0.99930413010095 0.017627597993052 -0.032871315035735 56.0920807365402
-0.0344718670677092 0.0676411057515238 0.997114021159856 14.4029112668328 0.0179884316617506 0.997587357593441 -0.067051325833921 -1.08977130578267 -0.999243767409743 0.0156251330377469 -0.0356054561877249 56.0655134238137
-0.0352913911815695 0.0616403190823185 0.997474304817873 15.0728020935793 0.0193234285958049 0.997951550229112 -0.0609861336913138 -1.12467793032219 -0.999190233547032 0.0171223380045467 -0.0364102008437991 56.0248297928537
-0.0358324645096953 0.0592699395647887 0.997598671185536 15.7520825244444 0.0229584439072029 0.998025097122736 -0.0584706367890258 -1.15339219918353 -0.999094061808257 0.0208081661167112 -0.0371224444553172 56.0168605097428
-0.0356647613373642 0.0611018719584612 0.997494153387337 16.4635235693382 0.0260293528662667 0.997847330216072 -0.060192843179401 -1.21130968325903 -0.999024773260459 0.0238173639143462 -0.0371784290692785 56.0062041619703
-0.0346803716911446 0.0681827726320292 0.997069897918683 17.1482951757265 0.0274511258647646 0.997358602627441 -0.0672477022194516 -1.23969557747459 -0.999021374900518 0.0250385159553878 -0.0364604609218107 55.9547039942297
-0.0322540610625714 0.0756956493752403 0.9966091732523 17.864466621701 0.0267883506876312 0.996835233888637 -0.0748458465489079 -1.2996317075912 -0.999120643272077 0.0242834335267245 -0.0341797461041587 55.9294024694733
-0.0300890844601962 0.0768295847977629 0.996590117298055 18.5753392179676 0.0274204944391496 0.996729763228125 -0.0760124698975049 -1.34259604493115 -0.999171038151657 0.0250398481427086 -0.0320973912324716 55.9092033817489
-0.0281397647581479 0.0729280864727957 0.996940142557602 19.3091206938781 0.0277540266302021 0.997007595066544 -0.0721496319147624 -1.38553320687093 -0.999218628551913 0.0256388295957928 -0.030079607241315 55.8923839583402
-0.0248634908600371 0.0671210073590739 0.997434998981566 20.066491239188 0.028084182668606 0.997396551522451 -0.0664183536001879 -1.41971427959185 -0.999296295152789 0.0263607545837822 -0.0266837986741841 55.8815573442553
-0.023450013883606 0.0651707702154335 0.997598550298859 20.7808360981001 0.0267406750260356 0.997556812303696 -0.0645394648694897 -1.44694435349404 -0.999367316429755 0.025163007292756 -0.0251354314857348 55.851309104646
-0.0190783874216442 0.0701333821328047 0.997355164344179 21.5231203108779 0.032330265466137 0.997058337781425 -0.0694940644618729 -1.53118861217621 -0.999295136117593 0.0309189225419617 -0.0212896961125662 55.8501798777939
-0.0160020234953363 0.0753261022773437 0.997030547957162 22.28280654441 0.0336339016490666 0.996634459904623 -0.0747563642139027 -1.60502504381779 -0.999306107208355 0.0323377742945293 -0.0184816787592593 55.8370278306833
-0.0137940425658684 0.076265636859426 0.996992114825447 22.9798113093846 0.0286294224161761 0.996708314557089 -0.0758478204359479 -1.63404559982279 -0.999494912724326 0.0274970603373127 -0.0159320780502426 55.8612952800264
-0.0104889576937089 0.0732510589303718 0.997258373808954 23.7159332379589 0.0234338819449709 0.997057340069029 -0.0729898197796236 -1.67787371986873 -0.999670363141515 0.0226040478687328 -0.0121746489255044 55.8375418311689
-0.0063075243758508 0.0690229899509121 0.99759512929569 24.4310651773395 0.0287667471396626 0.997214621094659 -0.0688147784566559 -1.71411792142375 -0.999566250628367 0.028263515939674 -0.00827552242925074 55.8508519437412
-0.00252127333695419 0.0700673975267007 0.997539073412463 25.1919262931357 0.0323972689580534 0.997024324848053 -0.0699493575763456 -1.7854162128629 -0.999471890622653 0.0321411802073167 -0.00478376316939752 55.8108546086623
0.000683652546468562 0.0743792741776148 0.997229791067238 25.9187171923409 0.0315684394997974 0.996731391820612 -0.074363742421242 -1.8626688021282 -0.999501358801849 0.0315318272885729 -0.00166661966275156 55.851483106114
0.00378039256478134 0.07567134869331 0.997125646856499 26.6955210650026 0.029169037008227 0.996700134719841 -0.0757496450781313 -1.88368094008056 -0.999567344360583 0.0293715582900477 0.00156065740811383 55.8609326052744
0.00781571859849949 0.0746678797199507 0.99717782881536 27.4069963844821 0.0272870376648488 0.996821017812228 -0.0748550333863456 -1.9414051640884 -0.99959708488884 0.0277950748500658 0.00575340732201753 55.8457929895558
0.0114202097041534 0.0723054984779838 0.997317148002662 28.1622700656349 0.031292734181768 0.996867827635966 -0.0726312536844722 -1.99203515793012 -0.999445017796248 0.0320382445555185 0.00912180289517481 55.8666880168925
0.014636236059635 0.0720824979457192 0.997291278455754 28.8798746474628 0.0362897465327458 0.99670270394396 -0.0725725447217394 -2.0413010286289 -0.999234124162399 0.0372536366104731 0.011972120476303 55.8681024954489
0.0183146404041082 0.0732450596225412 0.99714579434893 29.6418536249401 0.0384747967900705 0.996522753672361 -0.0739059633941497 -2.10997178525931 -0.999091719492676 0.0397185429509316 0.0154328671031671 55.8697646625081
0.0220737344819377 0.0728723123322408 0.997096974391846 30.3929929982252 0.0400976553429672 0.996472963468031 -0.0737143887801832 -2.1452714700224 -0.99895191489982 0.0416084026681117 0.0190738707500796 55.8848916592461
0.0245127536870126 0.0717484270293577 0.997121501185033 31.0960555182406 0.0405257934721905 0.996530009582089 -0.0727021324705824 -2.1929429438657 -0.998877762776872 0.0421912694894771 0.0215200327308558 55.8923376932627
0.0279373948507413 0.0707484621481189 0.997102881889642 31.8468517122352 0.0435747266105364 0.996457846363555 -0.0719235957202027 -2.24725907321033 -0.998659474080014 0.0454578433736395 0.0247555914097578 55.9017581327341
0.0317687008135101 0.0714687299109902 0.996936793529826 32.6168785127006 0.0421397963095898 0.996457582833933 -0.0727772160757826 -2.28906595953814 -0.998606522718337 0.0443227510164342 0.0286444851014505 55.93028644415
0.0341171541144613 0.0726782669591592 0.99677173380215 33.3425095756666 0.0380717650590918 0.996533924315999 -0.0739640344535103 -2.34303283437275 -0.998692425374507 0.0404723016292367 0.0312319115716068 55.969193384327
0.0368662518149012 0.0729371995242927 0.996654927446142 34.0857233315554 0.0407291997129179 0.996394547257147 -0.0744247169089082 -2.39304963149775 -0.998489865631027 0.0433367179396342 0.0337626585202506 56.0024463661636
0.0400391386667242 0.0725221611595835 0.996562794567192 34.8461568495823 0.0386296416734125 0.996504587134192 -0.0740699575043596 -2.44649208174944 -0.99845110954869 0.0414625609587406 0.0370976802473165 56.036496036249
0.0417290744774273 0.0731799134415349 0.996445374625196 35.6063631594829 0.0368565105379148 0.99652253662105 -0.0747290548402522 -2.49993717419496 -0.99844893809059 0.0398438737453866 0.0388868068981729 56.0726413900952
0.0452897080573755 0.0736413772856803 0.996255885752022 36.3664359265333 0.0346501791708393 0.996563301330936 -0.0752392950778664 -2.55377552016336 -0.998372779790949 0.0379280106498301 0.0425823740606362 56.1106880725465
0.0482620128041023 0.0749716498086545 0.996017083109052 37.0699099443099 0.032526644332392 0.996532249618385 -0.0765865058544509 -2.59325882305628 -0.998304961185995 0.0360933123374436 0.0456560760024446 56.1493325024171
0.051518592904441 0.078148960174168 0.995609649716616 37.8802745520919 0.0313056279325067 0.996317227255254 -0.079824434443059 -2.67207010288345 -0.99818124218245 0.0352806278019409 0.04888235936412 56.1957761754965
0.0547247001909 0.0801758075151605 0.995277371931216 38.6019409686014 0.031864248866194 0.996123149807836 -0.0819959758836344 -2.71503491674748 -0.997992924240052 0.0362009710672 0.0519577988427376 56.2202572717203
0.0583220280776252 0.0825705171452149 0.994877203849442 39.3910274305554 0.0256688201355094 0.996120024511114 -0.0841784321594761 -2.78623416398918 -0.997967761359937 0.0304467808864653 0.0559762522851254 56.2787742324783
0.0603532783922906 0.0820308511417773 0.994800694233904 40.1747083850286 0.0215718902969587 0.99627749840533 -0.0834613666329109 -2.81604076597912 -0.997943954005594 0.0264968985387493 0.0583590526954351 56.358559911273
0.0639143804799798 0.0818671522506108 0.994591736015455 40.9247380027077 0.0241754035413369 0.996209964776365 -0.083553910404529 -2.88781322920586 -0.997662519007041 0.0293849529972377 0.0616929712842253 56.4000607198617
0.0680545445316992 0.0831135231722913 0.994213619517693 41.7462883499774 0.0239422403132851 0.996100915730839 -0.0849101572779475 -2.9644675161059 -0.997394279158129 0.0295822234808992 0.0657992701825959 56.466301460631
0.0717810820864658 0.0843068613873878 0.993851009647575 42.4859465990902 0.0178712966410608 0.996152699410644 -0.0857928680791948 -3.03961435471215 -0.997260293509605 0.0239197111164556 0.0699982457583191 56.5223311710263
0.0753701602120821 0.0828139888975015 0.993710814167024 43.3194660317149 0.0179381163555948 0.996271498330209 -0.0843879469858968 -3.06695502122307 -0.996994264241885 0.0241856332926366 0.0736036154751646 56.5728297886691
0.0805740167707247 0.0817616521845672 0.99338958120844 44.040449337381 0.0205199162534531 0.996282712595818 -0.0836641477555994 -3.14393099514417 -0.99653738557988 0.0271254274578181 0.0785967577375072 56.6581524273749
0.0853864124236023 0.086392926612475 0.992595296586055 44.8917579568533 0.0163233236355835 0.99597862467575 -0.0880915903732545 -3.19181695667733 -0.99621418865569 0.0237242791319939 0.0836328219107352 56.7300598141682
0.0913998806775271 0.0935789692987377 0.991407604528591 45.6308696992344 0.0129600388728378 0.995378711131639 -0.0951486143794631 -3.28614341951977 -0.995729932865608 0.0215452530944325 0.0897647083465908 56.8352634006289
0.0989296205197047 0.0990651723773063 0.99015100959686 46.4588446293679 0.0115990785801914 0.994849807862158 -0.100694196320928 -3.36072263925506 -0.995026829567885 0.0214464779971359 0.0972710492469399 56.9106733895285
0.106097576254511 0.101494530690016 0.989162355001914 47.2759747898767 0.00671224228290062 0.994681385260003 -0.102780774567903 -3.43353338657697 -0.994333067999075 0.0175442884511131 0.104852028241185 57.0257142205666
0.113407322756011 0.100035890517893 0.988499671094334 48.0852615274635 0.00369614204565715 0.994868944888377 -0.101104505491426 -3.50878292321708 -0.993541704046334 0.015119626482803 0.11245567667187 57.1155093955704
0.121035704826291 0.0982636056591371 0.987772555784007 48.9326447750263 0.00369125755893947 0.995036857031351 -0.0994385627752302 -3.60000700188519 -0.992641291089 0.015681739445464 0.120072271041769 57.2328922413785
0.128235255439539 0.0958070031501153 0.987105231173328 49.7390014203632 0.00335362683362699 0.995275256787532 -0.0970356450670202 -3.67986160258375 -0.99173810678496 0.0157537733227862 0.127308075850189 57.3023250095003
0.136106977364821 0.089934029314533 0.986603649437739 50.5047877628927 0.00101697338255347 0.995857872340883 -0.0909178962681649 -3.75561825799599 -0.990693623921014 0.0133779097000365 0.135451744375281 57.4455028291628
0.143312355713333 0.0832966526759955 0.986165927394001 51.312328489888 -0.000747037132861857 0.996460614471184 -0.0840576334620013 -3.79385325901891 -0.989677225480822 0.0113097949002008 0.142867343728013 57.5860056700014
0.150424914826911 0.079779019569704 0.985397205717478 52.1504716406412 -0.000355564756585632 0.996742961070024 -0.0806433080364639 -3.88415499621071 -0.988621372706973 0.0117803902251543 0.149963341630955 57.7004378253525
0.157443716237428 0.0815575815875424 0.984154376661985 52.9002774927469 -0.00137785395048426 0.996600979861802 -0.0823686133001355 -3.94765973021646 -0.987527001016093 0.0116123995835269 0.157020936311287 57.8217378529295
0.163610614301509 0.0877203249596954 0.982617276194984 53.6924230806253 -0.000714127200619662 0.996049174920026 -0.0888005133063869 -4.01402766089206 -0.9865247371 0.0138269928076176 0.163026860853277 57.9992398395214
0.168323396048207 0.0918552103281014 0.981442741416115 54.4742754681684 -0.00171719474363098 0.995674645009142 -0.0928926936208236 -4.08208435885143 -0.985730331066773 0.0139506853415881 0.167753070891383 58.0937582350252
0.173394943049705 0.09471428085229 0.980287406186279 55.2594296006573 -0.00392018210905046 0.99542331402719 -0.0954832868273722 -4.17967214845944 -0.984844569410332 0.0127134139301719 0.172972666075362 58.2489243614024
0.178872705548518 0.0945126173401592 0.979322173941378 55.9945767931503 -0.0052920678285809 0.99545338815495 -0.0951028181965625 -4.2317010912864 -0.983857992409398 0.0118286590255769 0.178559607968335 58.4066616770684
0.184108083885651 0.0914235544780513 0.978644954584937 56.7517989135873 -0.00312651853379579 0.995714279296289 -0.0924299674744576 -4.3193434135995 -0.982901031808296 0.0139573526168199 0.183604885496323 58.5323498133457
0.188408283677653 0.0860407582586503 0.978314523330773 57.505874396876 -0.00164433368142878 0.996181111407322 -0.087295414782312 -4.36544496769406 -0.982089412837948 0.0148385037503205 0.18783025314913 58.6768955505877
0.192265849814276 0.0792610810611527 0.978136761411313 58.3040135745177 -0.00267399832754743 0.996771543425052 -0.0802454980106912 -4.45626846782924 -0.981339234275354 0.0128129328046688 0.191857071865502 58.8523328944437
0.195489573086211 0.0754774961731271 0.977797000601867 59.0132575117904 -0.00598535589087391 0.997107248416814 -0.0757714370294623 -4.47855442246642 -0.980687515128764 0.00896006283938707 0.195375829990518 59.0174910545982
0.198608855506733 0.0758146505228516 0.977142088583029 59.7056933537967 -0.00797881175510891 0.997095596335429 -0.0757410742693337 -4.56141363897558 -0.980046356596096 0.0072464152926849 0.198636926043784 59.1535622301692
0.199821559471819 0.0775161477882135 0.976761276465404 60.4525775758848 -0.0101084299044066 0.996975797557736 -0.0770524414213027 -4.61881140986263 -0.979780161064266 0.00552321610942635 0.200000825170024 59.2944329372334
0.20149055081312 0.0814738705960195 0.976096084585492 61.1173922502943 -0.0138321130309324 0.996671860052738 -0.0803360194938379 -4.6729336122612 -0.979392786670458 0.00268547744690987 0.201946917849115 59.4451585021665
