1 -1.73472347597681e-18 -2.50721752387273e-19 8.67361737988404e-19 1.73472347597681e-18 1 -8.67361737988403e-19 1.38777878078145e-17 2.50721752387273e-19 8.67361737988403e-19 1 5.55111512312578e-17
0.999999669806608 -0.000789851920142658 0.00019110368561811 -0.00256077347480599 0.000789716665175659 0.999999438390321 0.000706800276004975 -0.0534789500382317 -0.00019166184584759 -0.000706649124858886 0.99999973195634 1.3045739068321
0.999998465852974 -0.0017485926828229 0.000103514864829204 -0.0157731367777585 0.00174848156699405 0.999997905398711 0.00106395977372549 -0.082994807498735 -0.000105375080281989 -0.0010637771476217 0.999999428636973 2.6293317126117
0.999996889666447 -0.00247732517840242 -0.000288993758749038 -0.0291478753563165 0.00247738056954675 0.999996912957852 0.000191468742770394 -0.112486836234795 0.000288518536275782 -0.000192184094761384 0.999999939911162 3.95414409720114
0.999995176120838 -0.00309525413482374 0.000259107881019304 -0.0163114390393611 0.00309513314982329 0.999995101469067 0.000466035035900994 -0.135990071672231 -0.000260549108643179 -0.000465230814412373 0.999999857837216 5.23824129185708
0.99999392946291 -0.0034843874227191 -9.03420849837929e-06 -0.0380905337717959 0.00348439537237815 0.999993298623677 0.00112325269885892 -0.153733008642864 5.12030038030906e-06 -0.00112327735886603 0.99999936911068 6.56117756684692
0.999988994998749 -0.0046849655484782 0.000246939672607032 -0.0383023144538359 0.00468440547971494 0.999986559853548 0.0022218140266114 -0.186613235703922 -0.000257345475871468 -0.00222063280998973 0.999997501278493 7.90607988345291
0.999991215326274 -0.00419155124183174 1.29795495268433e-05 -0.0303109849856043 0.00419150956031497 0.999988494753057 0.0023327256851593 -0.206795746656109 -2.2757139436403e-05 -0.00233265078901933 0.999997279107503 9.23356682627652
0.999994465489974 -0.00332528096617016 -0.000107219020054648 -0.0693853797315874 0.00332540267701525 0.999993803007083 0.00115570085576895 -0.233992127353381 0.000103375325560865 -0.00115605100594729 0.99999932642958 10.5454079819293
0.9999994983934 -0.00100136666417765 -2.18575383767572e-05 -0.0532895179161834 0.00100135020162699 0.999999224388478 -0.000740621506905508 -0.256608290138637 2.25991551115868e-05 0.000740599248354412 0.999999725500978 11.8949647425296
0.999997824401944 0.00204100135001801 -0.000430702759899606 -0.0730196874825182 -0.00204179770757046 0.999996191847522 -0.00185670476284736 -0.289659126407686 0.000426911582790267 0.00185758013131189 0.999998183569628 13.2150296561956
0.999988148748009 0.00486839341697994 3.33026476910401e-05 -0.0887772988120904 -0.00486832042869529 0.99998630295639 -0.00192181055626871 -0.303278154011533 -4.26583214040435e-05 0.00192162565244745 0.999998152765854 14.5496445044243
0.999984501170404 0.00554686928978543 0.000479228610245525 -0.10663154539166 -0.00554626273808749 0.999983828229577 -0.00125787477919306 -0.331091081368207 -0.000486198127253562 0.00125519735582218 0.999999094045079 15.8922091495305
0.999994130187946 0.00341667987657578 0.000256687113274092 -0.099688728433788 -0.00341702546367743 0.999993239616176 0.00135818221381328 -0.359155882601048 -0.000252044904132025 -0.00135905134794121 0.999999044725944 17.2637753623425
0.99999879638957 -0.00130450360880056 0.000839934370266577 -0.123905701981601 0.00130169714813085 0.999993597635826 0.00333320744799989 -0.382464557758791 -0.000844277173845653 -0.00333211009594225 0.999994092101729 18.583955964711
0.999994956197429 -0.00316329805899292 0.000284824667611205 -0.115200078971307 0.00316291258253056 0.999994095060728 0.00134381087583814 -0.4151734878998 -0.000289073860074032 -0.00134290322239639 0.999999056523174 19.9498463522398
0.999993284318975 -0.00365206812535242 0.000306129642140258 -0.110822535890447 0.00365241745801324 0.999992670436543 -0.00114844238153066 -0.432250925833753 -0.000301933208528228 0.00114955278220732 0.99999929368212 21.3046629780377
0.999998476688331 -0.00161048249687082 0.000673028338887632 -0.128236613730094 0.00161187593106672 0.999996548096482 -0.00207500629022279 -0.484084483869596 -0.00066968425434744 0.00207608796752187 0.999997620688045 22.650292536579
0.999998614478521 0.000404538366076746 0.00161474138726382 -0.144577064830698 -0.000403389214311005 0.999999665219702 -0.000711925295130288 -0.480820273959412 -0.00161502884777588 0.000711272939482976 0.999998442885101 24.0282065768821
0.999996480670349 0.000855930352366194 0.00251118102678307 -0.157279947896355 -0.000864366392509853 0.999993980838655 0.00336023171817462 -0.501478397136745 -0.00250828978726074 -0.00336239047289656 0.999991201367618 25.3979652706754
0.99999640582573 -0.00119343836999473 0.00240084161873457 -0.141237223181686 0.00118192045768218 0.999987814267561 0.00479315975289125 -0.519655881735151 -0.00240653270348359 -0.00479030492161496 0.999985630686314 26.7902000013449
0.999987458087908 -0.00440298943522126 0.00238691242366412 -0.148069345981916 0.00439335038396472 0.999982234245023 0.0040286060535956 -0.57506119919482 -0.0024046079282555 -0.00401806898455963 0.999989036431073 28.1421187979067
0.999986206002973 -0.00492752676982207 0.00181859388337897 -0.12806707635543 0.00492558272266486 0.999987294731689 0.00107191885925618 -0.574021075117538 -0.00182385268652979 -0.00106294643859911 0.999997771850641 29.5140232647253
0.999981594469577 -0.00526009866498411 0.00302358795433691 -0.156497223237251 0.00526266625567501 0.999985797708008 -0.000841858752782392 -0.617100424167512 -0.0030191167523563 0.00085775539222386 0.999995074582732 30.9006605455692
0.999991339732768 -0.00256125700984879 0.00328030821621543 -0.156560248895001 0.0025680128542598 0.999994587094491 -0.00205696176422097 -0.616475400594061 -0.00327502205247941 0.00206536782404758 0.99999250421506 32.2862847370603
0.999994293647769 -0.000511526679810735 0.00333931315627858 -0.146003984078634 0.000524457478894767 0.999992364057291 -0.00387256652136218 -0.667541598807903 -0.00333730673637961 0.00387429575089276 0.999986926022627 33.6699391146997
0.999992527709757 -0.0002426480349383 0.00385819213902549 -0.17809675345296 0.000256981530721612 0.99999306627226 -0.0037150192322354 -0.685178339243937 -0.00385726394525517 0.00371598295665515 0.999985656389892 35.0677817939968
0.999993662566142 -0.00123117266495266 0.00334051514326897 -0.161918007450789 0.00124062804664365 0.999995226180881 -0.00282992181833253 -0.719168245050069 -0.00333701507386723 0.00283404822066716 0.999990416204615 36.437060602295
0.999995024774591 0.000224388583042922 0.00314643859462529 -0.175816931070494 -0.000221076234796307 0.999999421118351 -0.0010530376349764 -0.750017429688613 -0.00314667306283253 0.00105233679307929 0.999994495502805 37.8427345052441
0.999990498537709 0.00299996299093734 0.00316276087582803 -0.165713558000128 -0.00299801917294472 0.99999531425166 -0.000619157300857616 -0.779798687341382 -0.00316460350491465 0.000609669400212698 0.999994806780455 39.1915572613249
0.999979462352435 0.00560931092799337 0.00310008132934558 -0.176235246029301 -0.00560710570614604 0.999984021159353 -0.000719577354832361 -0.813719165017849 -0.00310406812676003 0.000702180092694961 0.999994935839268 40.6063571841142
0.9999644317956 0.00776842528478984 0.00328431306308898 -0.176020003057204 -0.00776853580771341 0.999969824252099 2.08957233187887e-05 -0.83172127033648 -0.00328405162962058 -4.64092837297782e-05 0.999994606410991 42.0396157058917
0.999955755967268 0.00896956990613266 0.00283424127907561 -0.202070085568374 -0.00896999160878112 0.999959759552418 0.00013611175470836 -0.8566144563858 -0.00283290636403908 -0.000161528853065999 0.999995974266878 43.4633324633836
0.999967010471724 0.00770846092925669 0.00256078080758981 -0.205773162540191 -0.00770812705560156 0.999970282115738 -0.000140223630145826 -0.8841432313565 -0.00256178561497649 0.000120480180407966 0.999996711364087 44.8431017063676
0.999967304380623 0.00796374695719978 0.00140317645073452 -0.204146136923111 -0.00796303903297499 0.999968164762885 -0.00050938208449452 -0.9270306794598 -0.00140718837030495 0.000498191881084418 0.999998885812249 46.2741947977431
0.999977871520133 0.00660840934607583 0.000765111742343207 -0.227507640003937 -0.0066080737546653 0.999978069500271 -0.000440317798760798 -0.946764438202694 -0.000768004763316923 0.000435252140373289 0.999999610362053 47.6710543683668
0.999975027251749 0.00706260689376627 0.000253883294925403 -0.229944790743344 -0.0070626975950084 0.999974994702208 0.000358152204168278 -0.976198133201924 -0.000251347458271833 -0.00035993636105993 0.999999903635131 49.065333583234
0.999968570187747 0.00784524165206457 -0.00114491051800712 -0.2493450834448 -0.00784484873841319 0.999969168400207 0.000347271177295126 -1.00457938365805 0.0011475996448889 -0.000338278612794438 0.999999284291061 50.4662543773048
0.999964383664612 0.00817694871788664 -0.00209019422984348 -0.254213794466117 -0.00817640010131958 0.999966535992177 0.000270882242138043 -1.04370461472292 0.00209233927376997 -0.000253782329992586 0.999997778852979 51.9729369869742
0.999961091549085 0.00813946964502515 -0.0034006502113225 -0.251713117882129 -0.00813693673961859 0.999966607288663 0.000758002702368426 -1.06007614920191 0.00340670639437841 -0.000730302334014386 0.999993930486602 53.3552367987738
0.999968553503987 0.00682618212738373 -0.00403673639319445 -0.274860471826865 -0.00681684951361951 0.999974071011493 0.00232117802221073 -1.09024993456099 0.0040524765086326 -0.00229358720477675 0.99998915838717 54.8093152757913
0.999978418660576 0.00448784806534902 -0.00479806553065588 -0.270092947681566 -0.00447692552290103 0.999987368404256 0.00228476908969159 -1.11743476652435 0.00480825861997069 -0.00226323919927961 0.999985879098985 56.2160855065768
0.999984068024264 0.00242094764080961 -0.00509928526016397 -0.293827161784973 -0.00241039393552391 0.999994942644355 0.0020747739124997 -1.14056607013392 0.00510428239027356 -0.00206244957098547 0.999984846186705 57.6480407559664
0.999984069699923 0.00111662991429592 -0.00553294532909733 -0.320182784301849 -0.00110507117272457 0.999997201815838 0.00209169266317088 -1.1734346577339 0.00553526549349655 -0.00208554504349564 0.999982505515866 59.1398126806852
0.999986955080618 3.92773565653818e-05 -0.00510765365731706 -0.31841263772682 -2.67375990331512e-05 0.999996985789906 0.0024551366974316 -1.19971980701905 0.00510773469305533 -0.00245496810397582 0.999983941960027 60.4863466564814
0.999987825040452 -0.00278276238638598 -0.00407504654789309 -0.347361109775698 0.00279610498016787 0.999990737241222 0.00327219019877815 -1.21800498452495 0.00406590307391365 -0.00328354461794183 0.999986343290215 61.9494405928528
0.999984582584878 -0.00391813897763739 -0.00393481632332998 -0.350054965699973 0.00392935861554163 0.999988225291998 0.00284770402807368 -1.24651691691767 0.00392361229186756 -0.00286312142825919 0.99998820383156 63.3146136165409
0.999983986947888 -0.00428813619163078 -0.00369293051770328 -0.351670355818554 0.00429659416319323 0.999988157964109 0.00228543434500934 -1.27560090923142 0.00368308653215912 -0.00230126477193752 0.999990569482556 64.7780974041098
0.999987960662861 -0.00418313206791571 -0.00256513848261214 -0.375464204078053 0.00418822805145099 0.999989260219353 0.00198448777759453 -1.30521530891307 0.00255680955912667 -0.00199520727062586 0.999994740922584 66.2313127493637
0.999994390762168 -0.00237978442325998 -0.00235691966324149 -0.384285446576388 0.00238415402504657 0.999995441321794 0.00185287485149571 -1.3355709664162 0.00235249947609335 -0.00185848371778183 0.999995505882144 67.6197405011525
0.999997873418333 0.00174344383043018 -0.00110161809290958 -0.392511147669241 -0.00173975800285985 0.999992915550389 0.00333797710069064 -1.3655486434439 0.00110742986413403 -0.00333605345331649 0.999993822154143 69.0081431772536
0.999990679384897 0.00411528153730115 -0.00130598667707945 -0.401811039690507 -0.00410983416098569 0.99998295689301 0.00414670793303551 -1.3928642220193 0.00132302928960618 -0.00414130189450767 0.999990549561403 70.4344203194399
0.999965196667425 0.00834190795147391 -0.000134259477324009 -0.419008068450291 -0.00834111844863478 0.999952310674101 0.0050795787770348 -1.42325057197092 0.000176626453170324 -0.00507828211656207 0.999987089843584 71.8166443331758
0.999941443582646 0.01081516206631 0.000376397838949312 -0.445581952209852 -0.0108166432596269 0.999932740685768 0.00418501293218596 -1.44012827677004 -0.000331110929577591 -0.00418883923396968 0.999991171956745 73.2104828765998
0.999890232207914 0.0147562760619413 0.00133261096651474 -0.467608898652336 -0.0147611938248432 0.999883981304166 0.00375913396874609 -1.46445028892122 -0.00127698554013171 -0.00377839226568002 0.999992046498279 74.6333425338926
0.999839383885379 0.0178245283928971 0.00186885507084494 -0.478168018010453 -0.0178314831684791 0.999833886625229 0.00377324315434829 -1.48910804032221 -0.00180128834928418 -0.00380596156843342 0.999991134969117 76.03198945042
0.999851338803776 0.0170586607569738 0.00251045523260764 -0.495278763848859 -0.0170687134286115 0.999846161287294 0.00403890838642975 -1.51774932803204 -0.00244117065941375 -0.00408115819841833 0.999988692352854 77.417678611788
0.999886497820581 0.0148228985932095 0.00269687845287486 -0.497164155537853 -0.0148332154704545 0.99988258290872 0.00384657179765449 -1.54207677811608 -0.00263954444956326 -0.00388613858256128 0.999988965305126 78.8384637540656
0.999897655041509 0.014140188212822 0.00217589517161011 -0.508352881205095 -0.0141467682158734 0.999895311339498 0.00303896533942093 -1.55634700182639 -0.00213269583818755 -0.00306943620129422 0.999993015060539 80.199647309874
0.999901611992449 0.0138249847995559 0.00237405353653988 -0.526423539102665 -0.0138321647615092 0.999899724850369 0.00303503907172952 -1.60026009426048 -0.00233185610893355 -0.00306757875995247 0.999992576176263 81.6615613608322
0.999907738599981 0.0134051728304771 0.00219445420481045 -0.529975412731477 -0.0134118716676667 0.999905353402298 0.00306690981197188 -1.62652159432593 -0.00215313405110118 -0.00309605859275439 0.999992889192192 83.0071141426715
0.999915751005239 0.0129314767836807 0.00112596617257468 -0.526853697105629 -0.0129346127141972 0.99991235700138 0.0028238466457854 -1.65556101420468 -0.00108935098218232 -0.00283817267591567 0.999995379034473 84.3588885831
0.999909671895593 0.0134268201980765 0.000607082379574885 -0.538505118091265 -0.0134285987480268 0.999905249894504 0.0030272048285255 -1.66772655602044 -0.000566379123520015 -0.003035083652534 0.999995233729597 85.7416074114791
0.999915337713091 0.0129789368699974 -0.000929840760332747 -0.534041557438333 -0.0129757945387324 0.999910334596168 0.00330930866932853 -1.70221736603919 0.000972708694088022 -0.00329696307302868 0.999994091918693 87.1417121885274
0.999933363628036 0.0113660477841609 -0.00202021317936816 -0.541858736980935 -0.0113575016049036 0.999926711822709 0.00419262933252422 -1.72272153679957 0.00206771874696125 -0.00416940537648959 0.999989170240353 88.4941340724378
0.999951428340804 0.00942101234949464 -0.00289577027689873 -0.551005487751492 -0.00940661970287987 0.999943533091471 0.00494430321797325 -1.74213695338602 0.00294218710337956 -0.00491682365522069 0.999983584055354 89.8465686261619
0.999962104287552 0.00784516002276883 -0.0037740499502943 -0.571825075556158 -0.00782594499820856 0.999956475881743 0.00507946129528121 -1.77820688061559 0.00381373487478889 -0.00504973329814508 0.999979977609513 91.2113208643873
0.999978265242686 0.00523931296106719 -0.00400232956216431 -0.584749498213075 -0.00522075345556619 0.999975636290324 0.00463363346831424 -1.78743588625455 0.00402650910645621 -0.00461263758152334 0.999981255223795 92.5591026143566
0.999972390131908 0.00597719336202498 -0.00441498962543746 -0.601387132116778 -0.00595869643545435 0.999973464738938 0.00419091336032486 -1.81752087007846 0.00443992237205332 -0.00416449006681614 0.999981471884261 93.934544100974
0.999970409902541 0.00641088281208029 -0.00425204667342566 -0.611576745336865 -0.00639539749990987 0.999972904235745 0.00364550204334836 -1.83889895760938 0.0042753023473625 -0.00361820064392288 0.999984315083961 95.2792585094696
0.999979985198021 0.00482952375443877 -0.0040871632791727 -0.621685294481816 -0.00481651791419259 0.999983325134305 0.00318600196494293 -1.86106039926303 0.00410248199844532 -0.00316625230259214 0.999986572153751 96.624060855902
0.999964360522605 0.00715348090109983 -0.00448390405954022 -0.634075892078631 -0.00714212609117312 0.999971260501583 0.00254326675228211 -1.89778856755543 0.00450196840452545 -0.00251115150341022 0.999986713111035 97.9401811777653
0.999955742782141 0.00855511153972454 -0.00391440206927682 -0.655929219758893 -0.00854362667313422 0.999959176537342 0.00294137757365262 -1.92658605091065 0.00393940608305316 -0.00290780420653609 0.999988012805358 99.3362530023775
0.999958540084529 0.00808515123568363 -0.00418908599984201 -0.661636069751475 -0.00806835474811425 0.999959405591888 0.00401108713140707 -1.94906858618847 0.00422134619245225 -0.00397712180015657 0.99998318122782 100.670146235141
0.999948325911352 0.00942392770266965 -0.0038124918019297 -0.682526899838449 -0.00940350234987064 0.99994152545532 0.00534039452130293 -1.98144170795185 0.00386259636007998 -0.00530426778566471 0.999978472314588 102.025824561258
0.999953894018643 0.008747250152578 -0.00396174856862315 -0.699309511869579 -0.00873183683812652 0.999954305507234 0.00389126238884114 -2.00085007232284 0.00399560538405635 -0.00385648963627509 0.99998458119378 103.360810186627
0.999950984892592 0.00930410767906511 -0.0033854678602092 -0.711926347480122 -0.00929709417956057 0.999954614622274 0.00208152238446403 -2.0149164393685 0.00340468091787302 -0.00204994534488254 0.999992102904783 104.715862170738
0.99996360084003 0.00776782012872342 -0.00352958432231239 -0.72912611129327 -0.00776460465910213 0.999969428289545 0.000923796929834826 -2.04721866488512 0.00353665230526889 -0.000896357477528876 0.999993344294723 106.002738593803
0.999975369370939 0.00622940855431137 -0.00323343787912566 -0.741992844014045 -0.00622336193810487 0.999978873598315 0.00187673206209096 -2.0812913375392 0.00324506049897994 -0.00185656298277351 0.999993011353704 107.340450262582
0.999989170610091 0.00372233220999095 -0.00279336812125574 -0.744223734645727 -0.00371168175472487 0.999985859990029 0.00380831177226773 -2.09544215561066 0.00280750442457826 -0.00379790243708476 0.999988846865796 108.714235563111
0.999996694273368 0.000652241650839199 -0.00248717172015989 -0.759394407252799 -0.000640668426819715 0.999988978217278 0.00465112759792175 -2.12123107342938 0.00249017796623633 -0.00464951877017219 0.999986090397713 110.028003528896
0.999998940195714 0.00109592914182454 -0.000958408454279255 -0.764314687012046 -0.00109265615963178 0.999993592732183 0.00340889969024423 -2.15145779396612 0.000962138226011706 -0.00340784886657671 0.999993730408414 111.356916773611
0.999995032670114 0.00314086232220805 -0.000263854069717753 -0.775184384483169 -0.00314066092230037 0.999994779099445 0.000760278122334801 -2.1682693820899 0.000266240621070734 -0.000759445669616609 0.999999676179051 112.682015854547
0.999984276925943 0.00556291940428766 0.000706985573119979 -0.781279747311688 -0.00556219178398124 0.999984003499034 -0.00102701927980421 -2.19809759846198 -0.000712687489304777 0.00102307074255782 0.999999222701097 114.002970249995
0.999968067102843 0.0076331213962203 0.00236648100654607 -0.789403047388403 -0.00762956048297065 0.999969754210253 -0.00151012301605033 -2.22445274224893 -0.00237793638276385 0.00149201958347612 0.999996059640298 115.331839788806
0.99995043227918 0.00924006876687207 0.00370865391548793 -0.793390746138346 -0.00924226509678915 0.999957123739136 0.000575516494261834 -2.25656279926481 -0.00370317709029175 -0.000609764329860104 0.99999295730865 116.617486435831
0.999955104875435 0.00822795249792505 0.0046998969402364 -0.793805823200201 -0.00824021048425561 0.999962682388387 0.00259475659683329 -2.2830911426943 -0.00467837201728534 -0.00263336824495451 0.999985588999639 117.969184016216
0.999941997430374 0.00932898616325231 0.00538254513395503 -0.802580556010362 -0.00934515590101113 0.999951872334718 0.00298681694744732 -2.29691643231581 -0.00535442211064956 -0.00303694442781041 0.999981053386715 119.301072691952
0.999936731787588 0.0090813008764254 0.00663795121624839 -0.811478994761184 -0.00909905694795323 0.999955092264916 0.00264964452752098 -2.33340922482394 -0.00661359090172368 -0.00270987598538257 0.999974458167572 120.654866208324
0.999914167045525 0.010425631504873 0.00793503304208771 -0.815513993687511 -0.0104438299166719 0.999942918042657 0.00225545405785485 -2.34947278746781 -0.00791106556198672 -0.00233813260104412 0.999965973509906 121.97880289216
0.999912356145321 0.00995254400445792 0.00873080155271677 -0.8181966429611 -0.00997002395481953 0.999948375480347 0.00196086627684081 -2.36611640670146 -0.00871083522137331 -0.00204774071958715 0.999959963252375 123.302735845245
0.99987279012692 0.0119251480720111 0.0105921861421378 -0.815417913407487 -0.0119394874369097 0.999927887649973 0.00129156478987361 -2.39748655918444 -0.0105760202133393 -0.00141786576345408 0.999943067105885 124.638599847486
0.999834951767753 0.0142083610476582 0.0113221773486769 -0.807453422004042 -0.0142118907044452 0.999898979218041 0.000231346764142794 -2.42611728388327 -0.0113177465151156 -0.000392218127784078 0.999935875333394 126.013531302501
0.999835695292338 0.0131530112796376 0.0124731998125558 -0.811004678664858 -0.0131483678819466 0.999913453314868 -0.000454204774354301 -2.45140684243718 -0.0124780944589794 0.000290127926571121 0.999922103458294 127.378432660603
0.999814266804639 0.0136495903454792 0.0136059022965009 -0.798506211524683 -0.0136612988078863 0.999906385187473 0.00076796888146747 -2.48199306017795 -0.0135941461218781 -0.000953700540976582 0.999907140511805 128.667181985681
0.999849236532793 0.00991717992659627 0.0142532012928549 -0.780817722247821 -0.00993362958112965 0.99995007297894 0.00108376785182708 -2.50370924754559 -0.0142417417521885 -0.00122519048121659 0.999897830630784 130.020078059707
0.999844408738123 0.00964975156457796 0.0147661982194224 -0.773209903965234 -0.00967010153000902 0.999952388832517 0.0013073654966958 -2.52761366478902 -0.0147528794312386 -0.00144995271804249 0.999890119055891 131.32994479694
0.999856424528162 0.00848204218296611 0.0146691952801485 -0.768595196489544 -0.00850717784074376 0.99996244879158 0.00165194792053699 -2.55142517970539 -0.0146546325421932 -0.00177650419436367 0.999891036952477 132.692806319076
0.999881172150427 0.00584418268312362 0.014264890741028 -0.747992843180848 -0.0058836004783377 0.999978984384551 0.00272287250021949 -2.57684379982984 -0.0142486779912557 -0.00280647786512297 0.999894543868249 133.996635276486
0.999891563837934 0.00539527937044848 0.0137022452993967 -0.732750328589008 -0.00542899707869403 0.999982323157467 0.00242473984492093 -2.60561192412155 -0.0136889209381002 -0.00249886636514012 0.999903179868151 135.330536680018
0.999914484604908 0.00315754418608213 0.0126906813061349 -0.724465689080693 -0.0031909276142282 0.999991499877146 0.00261115959218913 -2.6274493524366 -0.0126823285819954 -0.00265143134326807 0.999916060703882 136.680439649311
0.999933485940118 0.00153030602245088 0.0114316166450997 -0.722232276575681 -0.00156901450470946 0.999993064004809 0.00337788924593021 -2.64265162220233 -0.0114263681512054 -0.00339560094113107 0.999928951478615 137.98933007422
0.999944076305401 0.00119254653675831 0.0105081917804646 -0.705048215418065 -0.00122996035798756 0.999992925626168 0.00355470042821993 -2.66952837005161 -0.0105038782959028 -0.0035674262955629 0.99993846911216 139.343213836535
0.999954113376008 0.000556323843987891 0.00956355823859595 -0.697585426141844 -0.000587781597522557 0.999994425583077 0.00328683975339874 -2.68021953188354 -0.00956167638000888 -0.00329231021495833 0.999948866211794 140.644217429044
0.99996941993588 0.000429624443810305 0.00780862445875344 -0.699798816407746 -0.000451112715668728 0.999996116135937 0.00275031095669037 -2.70935102019885 -0.00780741253030245 -0.00275374942179019 0.999965729999635 142.078112956215
0.999976116276999 0.00064569750753614 0.00688113001605905 -0.697210997843717 -0.000662229826990516 0.999996899397963 0.00240055121078689 -2.73062245470793 -0.00687955865047979 -0.00240505076622675 0.999973443349165 143.388043631183
0.999981008260561 9.40026502384709e-06 0.00616303738649386 -0.690392643960437 -1.37842453404918e-05 0.999999746936612 0.000711292279082798 -2.76257522272888 -0.00616302914051881 -0.000711363723224546 0.999980755331555 144.674012787747
0.99998379560763 -0.00266630289856446 0.00502984602249186 -0.686398913333941 0.00266787943403578 0.999996394154581 -0.000306752607409625 -2.80978998202473 -0.00502900999027834 0.000320166659429787 0.999987303195309 146.043831866466
0.999923347834209 -0.011619724243766 0.00427556598907068 -0.673359855815674 0.0116093845297974 0.999929643397947 0.00243525047873812 -2.8239638036818 -0.00430356211380327 -0.00238542712186503 0.999987894472018 147.403595844669
0.999802674217327 -0.019722823926841 0.00237125372598836 -0.664363738991306 0.0197147398011723 0.999799913409232 0.00338558436084804 -2.82984021657674 -0.00243755255415296 -0.00333816764755381 0.999991457450664 148.730544937266
0.999746891115412 -0.0224532280416143 0.00141642351691314 -0.663937334485962 0.0224525426205789 0.999747785871438 0.000497970911930806 -2.88023496250259 -0.00142724732933382 -0.000466042561686447 0.999998872884061 150.131476199474
0.999760417122988 -0.0218186714635442 0.00174754960886185 -0.66228894019147 0.0218227561777084 0.999759085239544 -0.00235346421248463 -2.91776522390296 -0.00169577913591304 0.0023910367117803 0.999995703629053 151.423478613877
0.999820423096148 -0.018813042426607 0.00227837540696037 -0.683894520396599 0.0188240139975417 0.999810835594851 -0.00489382510383915 -2.94542744834409 -0.00218587668012488 0.00493583445643128 0.999985429634531 152.773475695917
0.999876829965289 -0.0153297690551695 0.00336497834760905 -0.67826912672534 0.0153469034064858 0.999869086624117 -0.00512661382259789 -2.99489989392188 -0.00328594802099833 0.00517762437506108 0.999981197198944 154.154207432084
0.999754733629321 -0.0217706769651614 0.00406327580214092 -0.679664029775426 0.0217761033498594 0.999762032492242 -0.00129603621753194 -2.99826600896755 -0.00403409328869791 0.001384200657239 0.99999090499858 155.478926523171
0.999645378865442 -0.0262497577675249 0.00447959039571165 -0.6736290520663 0.0262446852687038 0.999654843699499 0.00118741874530153 -3.04144672074677 -0.00450921369129569 -0.00106943222145072 0.999989261595648 156.830500675062
0.999549397509243 -0.029680311788156 0.0044811863459181 -0.657477076156429 0.029670081157081 0.999557024733548 0.00233250722368977 -3.06983140652757 -0.00454843083284974 -0.00219849902756167 0.999987239108072 158.216292485847
0.999520326923068 -0.0306455044465271 0.00446868267187942 -0.646421178564827 0.0306344214307314 0.99952745938494 0.00252787639959582 -3.09512742139313 -0.00454403908526522 -0.00238976833713456 0.999986820271191 159.505163966378
0.999519004416069 -0.0305573010686623 0.00529255727498827 -0.656841781968117 0.0305418170314807 0.999529041147779 0.00298216609488623 -3.11513218833829 -0.00538119164548693 -0.00281908737024272 0.999981547591191 160.843006640661
0.999572130127079 -0.0285623953952486 0.00630446211017209 -0.658928721577182 0.028548251489282 0.999589718200211 0.00232219838242552 -3.12909050863487 -0.00636820305249587 -0.00214122341387289 0.999977430321392 162.251988578275
0.999670006597356 -0.0245964786625471 0.00740885598753689 -0.676508668805766 0.024592388211671 0.999697354883596 0.000642713612097019 -3.16220772867608 -0.0074224222251002 -0.000460300058195368 0.999972347503754 163.552889967287
0.999748323315061 -0.0208523243798844 0.00827469616851646 -0.671279153326491 0.0208549718515564 0.999782484090973 -0.000233781850752398 -3.19725510501405 -0.00826802139547143 0.000406291568985794 0.999965736787699 164.912761745
0.999742942725375 -0.020992959781658 0.00856411760856657 -0.674100403004973 0.0209872673492028 0.999779458709496 0.000754023713259203 -3.21195904785461 -0.00857805805650401 -0.000574092460117468 0.999963042986003 166.277615662103
0.999724558549567 -0.0219049434918394 0.00842499160191156 -0.66353548294846 0.021901033087696 0.999759988929462 0.000556134385273769 -3.23162862434961 -0.00843515160294119 -0.000371465182975028 0.999964354480225 167.587554238899
0.999767718186867 -0.0201992705150922 0.00751659112120818 -0.67077001552581 0.0202095219253462 0.999794934040363 -0.00129038396453787 -3.2459877248098 -0.00748898490946867 0.00144199094487887 0.999970917460673 168.95662304629
0.999846768408703 -0.0157547391799252 0.00763072054565674 -0.663471085506094 0.0157878145047823 0.999866145028948 -0.0042938255801977 -3.29607106931778 -0.00756205103367889 0.00441364003098396 0.999961666848205 170.358564442091
0.999923349572226 -0.0100769509947169 0.00719374998936515 -0.676281888179026 0.0101160615246943 0.99993413571308 -0.00542121157719099 -3.3140086365889 -0.00713864689475648 0.00549356845649023 0.999959429390076 171.724538081766
0.999958416695513 -0.00533098693438119 0.00739901737448307 -0.678365626034298 0.0053683468601072 0.999972895977039 -0.00503866681605392 -3.35234862955239 -0.00737195576438318 0.00507817778332769 0.999959932386598 173.06928343211
0.999963765137032 0.00280667936754786 0.00803685037184186 -0.692245827029478 -0.00278604298616172 0.999992796518875 -0.00257776547423465 -3.39094939996416 -0.00804402743971281 0.00255528105864663 0.99996438144629 174.440845258753
0.999964987303822 0.00304269262326333 0.0077952670299009 -0.689214490511839 -0.00303643380417478 0.999995058228561 -0.000814609237494272 -3.42319471850747 -0.0077977071129907 0.000790910903506376 0.999969284640145 175.842543478312
0.999973181040317 -0.00202299884954896 0.00703879789199969 -0.684727449885631 0.00201883038221396 0.999997782598577 0.000599267734323574 -3.45565175191006 -0.00703999460209634 -0.000585041523547735 0.999975047789903 177.180274439746
0.99996909026777 -0.00530629950429868 0.00580186992441591 -0.684236298661115 0.0053000692195323 0.999985361903678 0.00108868941320382 -3.45876932917006 -0.00580756190817872 -0.00105790544990345 0.99998257637858 178.531259683708
0.999990278187117 -0.00284595231851027 0.00336809837348909 -0.676498565158557 0.002856107482753 0.999991378755972 -0.00301414395421073 -3.51786217558224 -0.00335949122631629 0.00302373430223438 0.999989785372616 179.980247773918
0.99999478647976 -0.00236025800489016 0.00220367771020617 -0.69126630102921 0.00237565825167152 0.999972592524956 -0.00701216420158811 -3.55588750022136 -0.00218706679627592 0.00701736282866439 0.99997298631401 181.358307615248
0.999996629053837 0.0022348937787431 0.00132179073980065 -0.690918326568211 -0.00222377673875102 0.999962639636832 -0.00835309209549206 -3.55937460816311 -0.00134040963077606 0.00835012457016765 0.999964238721408 182.724418655703
0.999991222073285 0.00394494299314287 0.0014118077627844 -0.710671530845506 -0.00393498280713248 0.999967830924808 -0.00698949396188339 -3.59535898237799 -0.00143933550146487 0.00698387716934408 0.999974576563323 184.122080098097
0.999979083427435 0.00633169139093634 0.00131999687767019 -0.703997048554131 -0.00632630704241212 0.999971811177807 -0.00404409309752955 -3.62461878931253 -0.00134556561796269 0.00403565780341964 0.999990951418692 185.494717134186
0.999986650395445 0.00486368624939098 0.00174458790723669 -0.725841162939689 -0.00485971805634806 0.999985611278925 -0.0022716459949948 -3.64953990193515 -0.00175561137823725 0.0022631374640654 0.999995898010341 186.999414975168
0.999983819895419 0.00541086917353569 0.0017556885127755 -0.728687623640788 -0.00540859104868319 0.999984528800679 -0.00129973156924335 -3.68905976934135 -0.00176269402765046 0.00129021473827616 0.999997614125001 188.342111100463
0.999990465647794 0.0040130932367645 0.00172153889893387 -0.720811823441859 -0.00401264777057382 0.999991914938493 -0.000262136442243161 -3.72423810555927 -0.00172257695816946 0.000255226013717231 0.999998483793003 189.746852172966
0.999998187228172 0.000950837376381149 0.00164968137952391 -0.734173163983924 -0.000951074176624549 0.999999537538001 0.000142764470765603 -3.74917513919831 -0.00164954487081414 -0.000144333181325916 0.999998629083886 191.178668894424
0.999998004266086 0.000114000425606395 0.00199460967321075 -0.738758630335542 -0.000113780489306787 0.999999987435298 -0.000110378459387219 -3.79805147607108 -0.00199462223134042 0.000110151291436591 0.999998004672433 192.650394332801
0.999996054346282 -0.00090356430684678 0.00265986153997795 -0.737470626264437 0.000901139137529731 0.999999177351288 0.000912822546411569 -3.82207943124492 -0.0026606841457177 -0.00091042203939581 0.999996045937976 194.010190710172
0.999967383401677 -0.00741414403696907 0.00320352946015821 -0.729455492560769 0.00740744047696415 0.999970360781645 0.00209937700438656 -3.83111078065675 -0.00321899959354746 -0.00207557857605776 0.999992664980695 195.343085918056
0.999922401050535 -0.0120041724727521 0.00333042348323029 -0.736317376582184 0.0119970652024066 0.99992573006012 0.00214587750475463 -3.84492150969935 -0.00335593561655089 -0.00210575567923464 0.999992151713781 196.805014231073
0.99996778346883 -0.00710298055202224 0.00373894259289927 -0.73407789930432 0.00710912829739245 0.999973395579157 -0.00163353259616117 -3.89996222280188 -0.00372724017023539 0.00166006059199687 0.999991675905127 198.210975423176
0.999990844903581 -0.000709727943200501 0.00421976246581794 -0.75463799980761 0.000736214549435944 0.999980018613331 -0.00627856370668619 -3.93804220257466 -0.00421522207700666 0.00628161287635258 0.999971386211882 199.647062179222
0.999960760389751 0.0070546133400995 0.00535818172259423 -0.760132173055891 -0.00701980830476888 0.999954319869687 -0.00648694576170716 -3.95609443793824 -0.00540369985426195 0.00644907780792904 0.999964604085221 201.063970507837
0.999887528672025 0.013590692863787 0.00634216632014754 -0.775097810137249 -0.0135664007085075 0.99990053054305 -0.00385769251533926 -3.98046963706437 -0.00639396418244669 0.00377121826588002 0.999972447187834 202.620614601382
0.999884544492263 0.0130103527194061 0.00785037627221355 -0.799509853994472 -0.0130022918660123 0.999914886639861 -0.0010769782840005 -4.00078965196704 -0.00786371996765666 0.000974781057376557 0.999968605362269 203.975247996065
0.999861493837051 0.0150592049120795 0.00708614770915022 -0.780469832069897 -0.0150525931763246 0.999886217676771 -0.000985463702415645 -4.05020907477577 -0.00710018173062923 0.000878662310966316 0.999974407358476 205.383993747864
0.999929825231242 0.00999922422408887 0.00635296213864578 -0.7724948412039 -0.00999336745996499 0.999949610956062 -0.00095297199851065 -4.06374803923166 -0.00636217099964982 0.000889417638810289 0.999979365645329 206.796959847975
0.999950586089039 0.00860271665677413 0.00498183162203047 -0.766213249794055 -0.00859623971261403 0.999962180323952 -0.00132006991117395 -4.08750438840389 -0.00499299939818537 0.00127717966252604 0.999986719296371 208.307891190382
0.999932792391383 0.0107205046301641 0.00441378305386156 -0.775080724037347 -0.0107106372904558 0.999940100930582 -0.00225317548573286 -4.13192036669279 -0.00443767385059139 0.00220574962582799 0.999987720784302 209.756693109596
0.999909888876382 0.0127557282383665 0.00418396036431871 -0.784342201327703 -0.0127481683206871 0.999917066771756 -0.00182860138798098 -4.16851817791262 -0.00420693851734023 0.00177509877968384 0.99998957529198 211.148439533735
0.999905640355768 0.0130953727549164 0.00414989121927338 -0.783215496349101 -0.0130909065255575 0.999913703630385 -0.00110157092614959 -4.19635783519997 -0.00416395858062077 0.00104714114426616 0.9999907824297 212.706242267569
0.999921996799452 0.0119183177288746 0.00373550787849976 -0.783513652401736 -0.0119120333644904 0.999927603955842 -0.00170009066014023 -4.22727507057595 -0.00375549966316187 0.00165546055314551 0.999991577800852 214.149122704009
0.999910728642796 0.0128098001116956 0.0038004955111371 -0.7879972764875 -0.0128000140982668 0.999914726853 -0.00258817726867641 -4.25774129717064 -0.00383332546439009 0.002539299822456 0.999989428730272 215.553014430704
0.999929256402473 0.0113794986097956 0.00346254267650144 -0.798677182102725 -0.011369983444838 0.999931563240169 -0.00275541512938681 -4.28810145768931 -0.00349366095393415 0.00271585114849901 0.999990209194909 217.120849066769
0.999916838566295 0.0124976336774129 0.00318199686541111 -0.790310725197692 -0.0124887010865977 0.999918059731612 -0.00281179084183272 -4.32648335929118 -0.00321687686365268 0.00277181800156442 0.999990984323464 218.536653952046
0.999919219178836 0.0123972690899814 0.00280407487390062 -0.809619132084807 -0.0123883940866944 0.999918265911683 -0.00316056769028545 -4.34903506740936 -0.0028430280935308 0.0031255743924456 0.999991073948151 219.94653279262
0.999930528058109 0.0114546468883143 0.00278030971201576 -0.813767314239106 -0.0114461383645048 0.99992981744643 -0.00305713887315091 -4.38990277816997 -0.00281513302906094 0.00302510267811685 0.999991461853458 221.473287745018
0.999898953802322 0.0140487515372565 0.00217135102346816 -0.808702524034824 -0.0140415106035628 0.999895918673046 -0.00331478520516344 -4.42401406083485 -0.00221769362011906 0.00328396121030226 0.999992148686067 222.966132815951
0.999896329525845 0.0142925291663018 0.00174751560020684 -0.809622689652666 -0.0142867630494223 0.99989259612991 -0.00326873158241087 -4.45233926063885 -0.00179404635174676 0.00324342637015251 0.999993130767941 224.402979755885
0.999901304282546 0.0139814297874375 0.00137888185225221 -0.817122464864816 -0.0139765988162123 0.999896360144106 -0.00345306473994321 -4.48136697161553 -0.00142701772734874 0.0034334518587774 0.999993087490478 225.96782965703
0.999902068646769 0.0139312892772387 0.00133127569837164 -0.833183794813043 -0.0139266650509858 0.999897164128975 -0.00342186606848587 -4.52854521204311 -0.00137880980154366 0.00340299072976947 0.999993259246093 227.449525794621
0.999900704306646 0.0140425097898277 0.00117874758769092 -0.827856567451871 -0.0140383095701103 0.999895336012262 -0.00349898347215808 -4.56314994150704 -0.00122775872493009 0.00348208841462715 0.999993183811163 228.909351395246
0.99991954471999 0.012585509268661 0.00158399602781092 -0.847132837110979 -0.0125800836882787 0.999915121670712 -0.00338983017870189 -4.59684138403844 -0.00162652432000772 0.00336963064637392 0.999992999979472 230.447121667209
0.999941078481412 0.0107313028957746 0.00163667455214749 -0.853624797760559 -0.0107269214437447 0.999938919640307 -0.00266273260289647 -4.61829166799391 -0.00166514917356928 0.00264501923129806 0.999995115563819 231.866948840604
0.999938219202752 0.0109832721738637 0.0017104122261567 -0.850494102971292 -0.0109792148093635 0.999936932778378 -0.00236374870461924 -4.66173939334028 -0.00173626605058322 0.00234482368709624 0.999995743581981 233.407685260552
0.999927076706466 0.0119435557291286 0.00178682562275634 -0.847584251748015 -0.011939044717808 0.999925565950922 -0.00251431281964202 -4.698113068386 -0.0018167224573721 0.00249279647665722 0.999995242731304 234.944500394168
0.999926564753216 0.0119179809608785 0.00219700492691237 -0.86639341354215 -0.0119105605141164 0.999923420784079 -0.00336022554389204 -4.72772210113846 -0.00223688378605405 0.00333381122476818 0.999991940994349 236.400366868219
0.999925812387595 0.0119393617783283 0.00241274974562754 -0.897168309290121 -0.0119327300289479 0.999925035806605 -0.0027445803350976 -4.75790827123166 -0.00244533741333941 0.00271558602989349 0.999993322936433 237.94710190042
0.999942766989773 0.0102743007055962 0.00298353646656018 -0.907042982062058 -0.0102724258327538 0.99994703047277 -0.000643052252114298 -4.78996018576101 -0.00298998534225171 0.00061236729122612 0.999995342486131 239.435748721988
