1 -1.73472347597681e-18 -2.50721752387273e-19 8.67361737988404e-19 1.73472347597681e-18 1 -8.67361737988403e-19 1.38777878078145e-17 2.50721752387273e-19 8.67361737988403e-19 1 5.55111512312578e-17
0.999997634787358 -0.0018614679807018 -0.00112488072585051 -0.016443591549793 0.00186114243921735 0.999998225913026 -0.00029037840943882 -0.0657322816217296 0.00112541926032572 0.000288284159374197 0.999999325161638 0.588269640198647
0.999993955165833 -0.00268070152684658 -0.0022143782689738 -0.00975426618611131 0.00267759551700924 0.999995429017123 -0.00140443123968752 -0.0701870555248826 0.00221813300805723 0.00139849354080761 0.999996562044978 1.14088971642634
0.999987378374799 -0.0031873865293259 -0.00388376855748292 -0.0132131740537958 0.0031779948731276 0.999992017202734 -0.00242195776055705 -0.0832438742548691 0.00389145726968649 0.00240958459494985 0.999989525176338 1.67267390758279
0.999971926449949 -0.00467745663973247 -0.0058538629434053 -0.0223456123538146 0.00465328971103118 0.999980623295232 -0.00413520603412692 -0.0985333486293235 0.00587309176175229 0.00410785022400902 0.99997431585001 2.23578476684304
0.999946292127684 -0.00729461819229175 -0.00736216038431173 -0.0269231652600893 0.00725260977164626 0.999957358874563 -0.00571664972762422 -0.121164263330611 0.00740354723060939 0.00566294782218689 0.999956558311593 2.80030257519339
0.999930928790999 -0.00794789318565068 -0.00865844334048299 -0.0354622337613625 0.00789123645338751 0.999947358121656 -0.00655815315137006 -0.131420337951633 0.00871011104450425 0.00648937434808507 0.999941009253127 3.37232765748427
0.999910471544231 -0.00812682003374544 -0.0106303194840136 -0.0449250222707205 0.00806615055803065 0.999951006869788 -0.00573768901845825 -0.141675863359146 0.0106764278374495 0.00565142957458273 0.999927034954249 3.94410934928866
0.999904167410335 -0.00785623078292894 -0.0113989312363371 -0.0571408512069913 0.00778404345479076 0.99994945648561 -0.00636342216326921 -0.167576868148156 0.011448347607376 0.00627408256396235 0.999914781981465 4.52302905181699
0.999891666159293 -0.0076524455536491 -0.0125736240695142 -0.0638016869725018 0.00753595489970585 0.999928486405276 -0.00928608954311383 -0.184482056031874 0.0126437861790933 0.00919032928145476 0.999877828796476 5.11665502017329
0.999882326814477 -0.00591548836328872 -0.0141541344309933 -0.0891390578881123 0.00573768887317551 0.999904539121946 -0.0125694697471301 -0.205541602993733 0.0142271378169143 0.0124867786379505 0.99982081840137 5.71415338070739
0.999874388582534 -0.0048070610941267 -0.015102954026947 -0.115932834756081 0.00455206067725895 0.999847272061956 -0.0168733901115084 -0.213401105512129 0.0151817588010511 0.0168025210579226 0.999743561862643 6.3302419327993
0.999858240469763 -0.00319387386989028 -0.0165317311378117 -0.137944653477641 0.00291779925564238 0.999856338919176 -0.0166969449494738 -0.230403251963757 0.0165826841076296 0.016646341725593 0.999723918837066 6.94337381659746
0.999839585615142 -0.000925765548327155 -0.0178870342731998 -0.123247557684174 0.000728565680412157 0.999938923115932 -0.0110281108898492 -0.235643432000657 0.0178961512340061 0.0110133099429289 0.999779193009692 7.57586128113979
0.999826294499598 -0.000521167988254782 -0.0186308671599316 -0.157580731887878 0.000506719018832665 0.999999567221551 -0.0007802515915006 -0.248341953748825 0.018631265739046 0.000770675442780176 0.999826125882057 8.23275601507582
0.999809887300478 0.000630927268690239 -0.0194882320128743 -0.171024447003866 -0.000523657759474494 0.999984688591809 0.00550893496907009 -0.270375416959793 0.0194914093578925 -0.00549768248665965 0.99979490919314 8.91579434675771
0.999784233855851 0.00167679251155544 -0.0207044463858042 -0.19073778537869 -0.0015669845131636 0.999984627983144 0.00531868000058849 -0.280811168043576 0.0207130464395017 -0.00528508886267262 0.999771492663653 9.58797007008061
0.999757165804377 0.0051272329722297 -0.0214317732548603 -0.206976573288272 -0.00516948563367728 0.999984801494272 -0.00191655908977689 -0.287866480125878 0.0214216208789734 0.00202688492763719 0.999768476146557 10.2836746523102
0.999734118919032 0.00451244614985967 -0.0226125916013801 -0.25887596320004 -0.00469473208502529 0.999956861384156 -0.00801466539527072 -0.301072157271559 0.0225754503794724 0.00811869450668841 0.999712176498652 11.0019567053896
0.9997187883636 0.00318514893151378 -0.0234989152749551 -0.288112040304192 -0.00334846086452669 0.999970493893532 -0.00691369309163044 -0.315286298909595 0.0234762007712955 0.00699043407883959 0.999699955901137 11.7197423521319
0.999712692387609 0.00215732750042179 -0.0238721305537214 -0.293469178991752 -0.00210491796953909 0.999995319699332 0.00222033776072818 -0.322030582400219 0.0238768088206843 -0.00216945096421373 0.999712554429049 12.485020700799
0.999711982030854 0.00108345489699391 -0.0239745512872923 -0.327598674007771 -0.000839410675286128 0.999947758577286 0.0101870263561488 -0.319220725791058 0.0239843360062155 -0.0101639678152203 0.999660665118215 13.2351721431295
0.999684986988394 0.000473848855118457 -0.0250938689180551 -0.341620965101119 -0.000158409960586856 0.999920971152463 0.0125708534236607 -0.320788382989552 0.0250978424630169 -0.012562918322479 0.999606058098351 14.0159603924109
0.999686419343905 -0.000831356886164941 -0.0250274214630808 -0.348683494115836 0.00113519430184771 0.999925803606561 0.0121284218128178 -0.341701826691938 0.0250154814716788 -0.0121530295605832 0.99961318996862 14.8226632062982
0.999700731981099 -0.00201778094354945 -0.0243798079672397 -0.374376032500351 0.00224743522552616 0.999953329790542 0.00939613089062258 -0.330476269277158 0.0243597108226411 -0.00944811096836274 0.999658610570512 15.6551233170643
0.999715514932232 -1.58813725681769e-05 -0.0238513930738865 -0.389207193775141 0.00015435744265449 0.999983144994789 0.00580395555725248 -0.323463846486442 0.0238508988837513 -0.00580598605860108 0.999698667173426 16.4514447511631
0.999735033261843 -0.0027679925746248 -0.0228517282945721 -0.415780954839469 0.00278547848572038 0.999995851612362 0.000733394622811541 -0.33954207845022 0.0228496034658747 -0.000796853295156611 0.999738596157155 17.3495983480606
0.999740148588839 -0.0052164630786447 -0.0221906244282484 -0.421120504217176 0.00509195762152261 0.999970997763609 -0.00566353239885864 -0.360749830310585 0.0222195244581665 0.00554906700278888 0.999737715897651 18.1669456034037
0.999775636556377 -0.00515423229245663 -0.0205453264215317 -0.46833483334024 0.00494109443191215 0.999933592686965 -0.0104113304602949 -0.374275444972988 0.0205976244772745 0.0103074781403569 0.999734711691196 19.0993411027067
0.999780397871568 -0.0024739247948508 -0.020809510515138 -0.485024802211906 0.00223005208329357 0.999928663475024 -0.0117343439849622 -0.38760394502108 0.0208370559215071 0.0116853608057707 0.999714593993387 19.9757419395324
0.999765394579032 -0.00356363820520713 -0.0213648375836241 -0.507511913598395 0.00332729067012295 0.999932992513847 -0.0110878139909858 -0.404956512700205 0.021402918937116 0.0110141257049561 0.999710260073351 20.9063599521723
0.999782110245277 -0.00199127344230644 -0.0207790005432891 -0.550675797600106 0.00173490293680528 0.999922246806848 -0.0123487024639796 -0.430999010360683 0.0208019745529098 0.0123099622591622 0.999707828659893 21.8570262170268
0.999774569531744 0.000369379215180918 -0.021229076207204 -0.581135442810164 -0.000669239456213116 0.999900089373422 -0.0141196101069779 -0.449215536959954 0.0212217397063985 0.0141306344520767 0.99967492863121 22.7974014580425
0.999778265009615 0.00502117759996536 -0.0204501488961443 -0.600659281643017 -0.00532350663123506 0.999876949853681 -0.0147561996613763 -0.474328695588777 0.02037353900313 0.0148617941988446 0.999681972420069 23.7718769654101
0.999756655270609 0.00651310527335783 -0.0210762829223394 -0.623604113897747 -0.00682306520456904 0.999869135743747 -0.0146682367128979 -0.506994792000787 0.0209779890203646 0.0148084721274535 0.999670262201448 24.7151392079942
0.999742644053772 0.00767231785861667 -0.0213490327427308 -0.649388542696355 -0.00799479532675954 0.999854615880374 -0.0150608881010542 -0.538876071398023 0.0212303770116563 0.0152276932391483 0.999658635960575 25.7502372283149
0.999740886014021 0.00746542903408901 -0.0215041438154973 -0.692232663015661 -0.00778987882737113 0.999856491588898 -0.0150437367496865 -0.568238203033591 0.0213887498408739 0.0152073533817024 0.999655569575526 26.7123875557588
0.999724997317465 0.00893846628131562 -0.0216802573585226 -0.73506232547877 -0.0092330500536126 0.999865892425092 -0.013525825360434 -0.597071598495586 0.0215564497378737 0.0137222806235429 0.999673455929079 27.6744374889349
0.99970460523035 0.00981157217329544 -0.0222359018867607 -0.745009045259376 -0.0100840450330453 0.999875033940936 -0.0121749142659736 -0.635752970752431 0.0221136681037079 0.0123955456959549 0.999678616421247 28.7181964326697
0.999694873386982 0.010043518512803 -0.0225674070213736 -0.782920026615791 -0.0102924031172639 0.99988719005176 -0.010939543339102 -0.650110237271695 0.0224549896873077 0.0111684782436703 0.999685469801309 29.7017667338411
0.999710464907032 0.00847104349295197 -0.0225217179075099 -0.818018303921245 -0.00873852309466589 0.999892137253141 -0.0118047479206086 -0.686488537128062 0.0224192901200936 0.0119981365838883 0.999676657799423 30.7377491046286
0.999675399965264 0.0114512208309337 -0.0227588278646104 -0.856367005000725 -0.0117435203387242 0.999849733703342 -0.0127514604422327 -0.721604974290311 0.02260938819039 0.0130145900756438 0.999659660089782 31.7478449738221
0.999644427179124 0.0114495774800633 -0.0240816607660076 -0.85159828527751 -0.0117311771813268 0.999864075036786 -0.011584944228287 -0.762063109947018 0.0239457447506099 0.0118633311662547 0.999642867569203 32.7920299843598
0.999649464634316 0.0111790081566698 -0.0239995340154499 -0.908657749235056 -0.0113997928259971 0.999893770661241 -0.00908251707239302 -0.777609084370564 0.0238954510283856 0.00935292304464632 0.999670710909683 33.8708671960245
0.999641978356076 0.0111078404239344 -0.024341959441812 -0.940602368200156 -0.0112361268383982 0.999923663300757 -0.00513974949446936 -0.801857161223023 0.0242830097397716 0.00541141869668934 0.999690478090927 34.8730844348689
0.999622944847068 0.0117435006584487 -0.0248205223063802 -0.970846742708836 -0.0118265954024192 0.999924931216982 -0.00320368099243205 -0.83555895282785 0.0247810366301327 0.00349601530299978 0.999686790000017 35.9886918647064
0.99962300692248 0.0105746991267065 -0.0253381090383507 -1.02138827112577 -0.0106365473959589 0.999940768167271 -0.00230738305043889 -0.846542189884856 0.025312208334186 0.00257602318071208 0.999676275708201 36.98737954827
0.999601895403709 0.0110423718122481 -0.0259637580113715 -1.03622549485979 -0.0111357913141649 0.999932021974338 -0.00345623814574101 -0.878184350399958 0.0259238279796862 0.00374398919239542 0.999656909988525 38.0903569988839
0.999565893656431 0.012734363931409 -0.0265680299247469 -1.08269552732253 -0.0128455028494222 0.999909425455635 -0.00401670779704338 -0.899638561733641 0.0265144733186482 0.0043562438228103 0.999638937739217 39.1617991801946
0.999549712009724 0.0122706492803928 -0.0273825562633434 -1.11452125321729 -0.0123558514192008 0.999919328130029 -0.00294451484923944 -0.91185075904083 0.0273442161523091 0.00328152376623341 0.999620690784653 40.1948016737076
0.999549624502139 0.0105801654600787 -0.0280821697251124 -1.1589147567598 -0.0106143057323292 0.999943097461387 -0.00106693633678416 -0.926148768616322 0.0280692834153867 0.00136452854988979 0.999605048701928 41.3046059254781
0.999520574297798 0.0106957599729655 -0.0290555033341618 -1.19358715091718 -0.0106691969933156 0.999942510980085 0.00106909791907883 -0.949789960930268 0.0290652677764821 -0.000758586477246142 0.999577228009741 42.3669481349201
0.999516070619184 0.0102706838177473 -0.0293621802307487 -1.22879306616655 -0.0102411709917944 0.999946890390575 0.00115534191320729 -0.963010161895833 0.0293724869683167 -0.000854079700875622 0.999568170540239 43.4826139342517
0.999467759245507 0.0142051037282397 -0.0293668734603415 -1.25956189512579 -0.0142747621916412 0.999895769325047 -0.00216371214448633 -1.00013254806361 0.029333076775849 0.00258176566366044 0.999566358523995 44.5544986788987
0.999431746441948 0.0146379483819584 -0.0303630477911133 -1.29114714623876 -0.0148217531907596 0.999873112451672 -0.00583734773320683 -1.04095384760424 0.0302737483036131 0.00628406424006697 0.999521891056057 45.6260696561987
0.999443222783535 0.0154562290740242 -0.0295693999748353 -1.36675239771681 -0.015636506437133 0.99986048079207 -0.00587525460663341 -1.04855573992291 0.0294744651945035 0.00633434551177618 0.999545462682131 46.6766110992899
0.999456895133587 0.014168261488168 -0.0297518929874016 -1.38477979710074 -0.0142864863872543 0.999890855045676 -0.00376487751908301 -1.06536365456382 0.0296953039492392 0.00418788280994051 0.9995502241313 47.7400337032996
0.999466491297029 0.014785195063743 -0.0291226849952466 -1.43129188320771 -0.0148688860885909 0.999885915745327 -0.00265927069182793 -1.08606235259874 0.0290800447195289 0.00309087383355852 0.9995723072885 48.8622597864125
0.999444426103879 0.0158427566541294 -0.0293231340665726 -1.47755916238985 -0.0158821422219954 0.999873253894425 -0.00111072274425176 -1.12216022952274 0.029301820563379 0.00157581984132917 0.999569367329501 49.9097493002069
0.999460430279673 0.0155415644465838 -0.0289362761896452 -1.50511961666196 -0.0155907165388006 0.999877371248741 -0.00147377831257468 -1.14172869999492 0.0289098229496051 0.00192412038618395 0.999580171821031 51.0009239796327
0.999505093340813 0.0137234435523814 -0.0283061032789264 -1.54260482681145 -0.0138178577925385 0.999899590517388 -0.00314256092794055 -1.15688768971702 0.0282601343202369 0.00353213536337952 0.999594362142953 52.0498029924771
0.999485849220523 0.0148077060420897 -0.0284388651268017 -1.58172200452341 -0.0149682751170846 0.999873162131918 -0.00544154282709953 -1.20032723567278 0.0283546812351792 0.00586442581084905 0.999580722384121 53.1396455706472
0.9995232761857 0.0126211809159049 -0.0281766952514308 -1.63197050313444 -0.0128342922389598 0.999890288570134 -0.00739538814791241 -1.21542540733291 0.0280802654141477 0.00775349053145128 0.999575600982162 54.2185188034947
0.999537084370913 0.0108798083091472 -0.0284120878931844 -1.67341415210327 -0.011175012303796 0.999885000697709 -0.0102520475882606 -1.2591363770115 0.0282972802103635 0.0105648071869847 0.999543720295315 55.3106865530537
0.999569376431951 0.00957946883432139 -0.0277361763098948 -1.694071432406 -0.00991501734335944 0.999879010221912 -0.011985714360427 -1.29182602043699 0.0276180037389052 0.0122555576984946 0.999543419354545 56.3622844253595
0.999581808132298 0.0085498996739596 -0.0276244107001746 -1.73830419357998 -0.0088279742738681 0.999911428366201 -0.00996003478329713 -1.32912981050675 0.0275368066628398 0.0101997371647406 0.999568751832801 57.3852366307795
0.999591630590761 0.00984666772550762 -0.0268256442160736 -1.76815235883194 -0.00999391241529478 0.999935691741458 -0.00536041940218689 -1.3512799365054 0.0267711368368871 0.00562632350966165 0.999625755328576 58.5028322713504
0.999609223543389 0.0072514275568459 -0.0269966109978952 -1.81422043259629 -0.00724736592434922 0.999973706673214 0.000248292954936566 -1.36843580744706 0.0269977016455557 -5.25416092763775e-05 0.999635494240394 59.6188367842816
0.999623725323398 0.00466142906523758 -0.0270310719291958 -1.84605416985678 -0.00460481066194735 0.999987072664488 0.00215643749637709 -1.40058293305805 0.0270407745698827 -0.0020311531153321 0.999632267850375 60.6749434414025
0.999643178764297 0.0047928421725251 -0.0262782003554582 -1.87323479353564 -0.00483044933342908 0.999987397828907 -0.00136782404177985 -1.43865213577073 0.0262713134283293 0.00149427148850578 0.999653732671203 61.7850407891672
0.999638452664158 0.00324177207146446 -0.026691850236461 -1.92237038870159 -0.00336631620826299 0.999983650594252 -0.00462238676209231 -1.46220031787378 0.0266764291162625 0.00471056875855277 0.999633021999362 62.8658599716339
0.999621297353873 0.00722115278078751 -0.0265540360223544 -1.92826491407062 -0.00745021069579806 0.999935802274193 -0.00853731168780636 -1.49005753785762 0.0264906820815959 0.00873191174846972 0.999610923049598 63.9121870750448
0.999621640478327 0.00683341997010135 -0.0266435781930916 -1.97121469254679 -0.00717223262417471 0.999894367347711 -0.0126417255746577 -1.52562581317365 0.0265543775412622 0.0128280363981574 0.999565058670802 64.9728954389593
0.999623910733322 0.00908561604970777 -0.0258744791486978 -2.00999278505075 -0.00943487293765063 0.999865592892147 -0.0134081811997484 -1.55645141887945 0.0257491798484824 0.0136472609498094 0.999575275807529 66.0767093670725
0.999612583016855 0.011252770433269 -0.0254570035932598 -2.05003681120569 -0.0115187505663015 0.999880340903095 -0.0103258055812881 -1.56245115328647 0.0253377635114552 0.0106150380633974 0.999622588133717 67.1424045375881
0.999599265800967 0.0137088619684311 -0.0247664069597851 -2.08586950799158 -0.013903140062422 0.99987378052196 -0.00768932514132502 -1.61441452338711 0.0246578690598329 0.00803057459057824 0.999663693131432 68.253740930839
0.999611735719567 0.0125544124698767 -0.0248749781758683 -2.13665782025315 -0.0127371696281403 0.999892940312778 -0.00720225121279611 -1.63385450681091 0.024781895036048 0.0075162916524338 0.999664625281008 69.3491078176886
0.999614991661057 0.0120386560689039 -0.0249987841008328 -2.15608353086943 -0.0121894270027236 0.999908373261818 -0.00588752496804589 -1.67224173236603 0.0249256156555997 0.00618997907579141 0.999670144519296 70.4363501743898
0.999605149616172 0.0115410928898278 -0.025619290305138 -2.17577209844166 -0.0116676891387871 0.999920421507575 -0.00479746623476638 -1.70926291194207 0.0255618835571872 0.00509448986861887 0.999660260429506 71.5235158374858
0.999621288655666 0.00912534984576093 -0.0259616497275732 -2.21688541096264 -0.00918933815845495 0.999955024024221 -0.00234648522876569 -1.72166807858572 0.0259390695784234 0.00258416696668827 0.999660185638347 72.6109965518774
0.999605845455397 0.00841132491155318 -0.0267843862097642 -2.24598413425595 -0.00845173517852032 0.999963309182725 -0.00139587277562811 -1.73368184619618 0.0267716623292929 0.00162169712519405 0.999640259390627 73.724815222169
0.999612076909965 0.00799979402077962 -0.0266776871443367 -2.29191717617157 -0.00806455630357209 0.999964787618098 -0.00232087386956146 -1.76888882686906 0.026658181246524 0.00253511725902299 0.999641392977057 74.7804945718725
0.999591254448855 0.00814930722705163 -0.027402788564008 -2.32035728747993 -0.00831428218197596 0.999947960136925 -0.00591182964920987 -1.8041370329909 0.0273531852105578 0.00613724773183581 0.999606991496716 75.846201896709
0.999566508870142 0.00934405476393446 -0.0279192225129206 -2.34703399834305 -0.00956793282432147 0.999923051165932 -0.00789597419462944 -1.82611627892815 0.0278432937460109 0.00815968060536539 0.999578996680999 76.9425807358556
0.99954812743088 0.009664752249963 -0.0284628444356586 -2.39608769074146 -0.00984572723290628 0.999932153107306 -0.00622501706366821 -1.853314809665 0.0284007500724343 0.00650244155180097 0.999575467710762 77.9950138584487
0.999514359106069 0.0107445988653858 -0.0292506330872838 -2.43192739438109 -0.0108090430451605 0.999939487527513 -0.00204594028827956 -1.87917399868814 0.0292268802514538 0.00236111804814768 0.999570014852551 79.0608935359349
0.999517603620516 0.0116977541035896 -0.0287701686062752 -2.46822649390699 -0.011656386004905 0.999930773634821 0.00160518016859269 -1.90071305868398 0.0287869539549811 -0.00126904964479 0.999584764187106 80.1268389346557
0.999468641957024 0.0126648912015606 -0.0300338854535024 -2.52109631949122 -0.0126007036078288 0.999917903824958 0.00232548465712537 -1.91836241697653 0.0300608717965584 -0.00194580090335793 0.999546175944701 81.1805929976591
0.999439644354709 0.0136837240289348 -0.030547552910712 -2.57374773928937 -0.0136761944701561 0.999906372766349 0.000455418552508576 -1.94845771577777 0.0305509246496284 -3.73890819574262e-05 0.999533210856502 82.2360664641498
0.999422442110789 0.0136411854494663 -0.0311239500198802 -2.59028252031511 -0.013652135042129 0.999906795556167 -0.000139317582273649 -1.98011336194229 0.0311191486724525 0.00056414548702078 0.999515522803809 83.3023974502405
0.999415959320771 0.0128295562545213 -0.0316724287236659 -2.64057240252946 -0.012851453250569 0.999917297642703 -0.000487877303070877 -1.99244870144168 0.0316635500898441 0.000894629099953581 0.999498183707445 84.3530702360098
0.999419620653866 0.0113117133766588 -0.0321320244081788 -2.6705692085912 -0.0113309299264998 0.999935716412222 -0.000416017039236607 -2.02112028989353 0.0321252529808597 0.000779861308505051 0.999483546606574 85.3277400498859
0.99939814592647 0.01103307511928 -0.0328879487373016 -2.71549922258034 -0.0109729040531435 0.999937776688647 0.0020095092946939 -2.05299922344989 0.0329080734072288 -0.00164742355733998 0.999457024939165 86.3755858550019
0.999395939795189 0.0093164031898126 -0.0334807430099055 -2.77066286044419 -0.0091972673554439 0.999950819683327 0.00371059130543319 -2.06960002082047 0.0335136657810358 -0.00340041854016825 0.999432474637316 87.3942619079152
0.999367391628744 0.00774156550206489 -0.034711449303345 -2.7844658073103 -0.00757947519028699 0.999959760681562 0.0047988095932807 -2.09170808083768 0.0347472028370814 -0.00453267925734632 0.999385854769692 88.3771211756876
0.999321644241209 0.00738264046368664 -0.0360797446059557 -2.82869957172617 -0.00720696692222535 0.999961545724879 0.00499666881952197 -2.11015643885702 0.0361152457949409 -0.00473325377451602 0.999336422497388 89.3295168911558
0.999204245685402 0.00639804472610157 -0.039369282796983 -2.87432443473046 -0.00622883092148505 0.999970835395908 0.00441927855666003 -2.13537955312422 0.0393964093492994 -0.00417053729063862 0.999214956627997 90.2103085138411
0.999052281189165 0.00683970803180979 -0.042985553907852 -2.92528402417663 -0.00668344831229294 0.999970529319756 0.00377783147108915 -2.15300884231593 0.0430101263585933 -0.00348695942142143 0.999068551273941 91.1250425436066
0.99891622276117 0.00731860114627357 -0.0459653998331155 -2.95596889689868 -0.00712029434282031 0.999964630489434 0.00447651411283843 -2.18756636198158 0.0459965358807379 -0.00414437539233643 0.998933002177613 92.0017025853273
0.998755782482912 0.00725290894384625 -0.0493384461530706 -3.01898238697698 -0.00699903502322277 0.999961374042599 0.00531638331771567 -2.20342675556215 0.0493750996524653 -0.00496444706784747 0.998767967948322 92.9095045508997
0.998624179981064 0.00733291731225393 -0.0519227838317543 -3.07789123835928 -0.007014037499977 0.999955423238004 0.00632098211137301 -2.21342513560804 0.0519668205213323 -0.00594809722474572 0.998631097905682 93.7544434843711
0.998433740936307 0.00775915265664227 -0.0554063219315484 -3.12256225731615 -0.00732991934620008 0.999941564714737 0.00794603286064258 -2.22681011178276 0.0554647387293014 -0.00752746344362635 0.998432271139007 94.5431247511249
0.998250150014517 0.00978490289498183 -0.0583171816134059 -3.19089522108569 -0.0092840156424898 0.999917705408217 0.00885378250894763 -2.24399692015293 0.0583990158268544 -0.00829687209142809 0.998258842617461 95.3436039373446
0.998078942532936 0.0110882813166728 -0.0609546921063325 -3.24127836701198 -0.0105564623357008 0.999903415505556 0.00903995372105707 -2.25565662941384 0.0610490423781602 -0.00837912153905459 0.998099596606943 96.1029066164821
0.997883959831104 0.0134746838491417 -0.0636084554675003 -3.30358684989108 -0.013001503197253 0.999884685736291 0.00784704687442663 -2.27584712847151 0.0637068569810747 -0.00700343667090011 0.997944080722156 96.8146419083843
0.997752782940446 0.0139447402102644 -0.0655357029035525 -3.37406621199033 -0.0136536421624613 0.999894839032284 0.00488763054074499 -2.29186843708425 0.0655969678437496 -0.00398184593770255 0.99783825478513 97.5216261875633
0.997482662670697 0.0176676965810615 -0.0686745234340662 -3.41087610528446 -0.0175967954825427 0.999843823868559 0.00163727231784188 -2.31671950346706 0.0686927249431999 -0.000424699207387592 0.997637774530647 98.1593287283328
0.997299660788681 0.0183292557563302 -0.0711155747653176 -3.45846423113961 -0.0184280000520207 0.999829921586299 -0.000732608229338049 -2.33214408149699 0.0710900513775674 0.00204114775408459 0.99746781317042 98.7803967082361
0.997206711977009 0.0196385249157541 -0.0720631801070102 -3.53646937278374 -0.0198255490636954 0.999801685332806 -0.00188085353052761 -2.35041125958259 0.0720119517325082 0.00330429187778524 0.997398295799056 99.4161246983565
0.997215569612268 0.0225049874838804 -0.0710959440561131 -3.57513978854556 -0.0226842602084493 0.999741207960511 -0.00171506397938379 -2.36698500691558 0.0710389474983613 0.00332304739785692 0.99746800715327 100.008077687735
0.997340803719179 0.0252742747144865 -0.0683559234773336 -3.63127277768452 -0.025341059629775 0.999678857739403 -0.000109934898152522 -2.38139579661857 0.0683311929767263 0.00184185409256767 0.997660992341526 100.57283024501
0.997636038615477 0.0269730808930562 -0.0632043302531979 -3.66055621481062 -0.0269416792654793 0.999636096579462 0.00134919744032837 -2.39511677562747 0.0632177219929246 0.000356822804191752 0.997999695542795 101.112672385427
0.998072303524605 0.0286502271086942 -0.055053078240092 -3.68997481778981 -0.0285515002117451 0.999588995447967 0.00257915005037366 -2.40775499013627 0.0551043444090225 -0.00100233025688283 0.998480098229959 101.655562211783
0.99855045181249 0.0293248985262911 -0.0451336405743476 -3.7185679878251 -0.0291011384264301 0.999560746396868 0.00560696039056522 -2.43040814307273 0.0452782390045972 -0.0042853925092508 0.998965222859977 102.124234296683
0.999041576207923 0.0279970015160391 -0.0336466478880134 -3.73493519272037 -0.0277938741005828 0.999592608550882 0.00648979914363192 -2.427210036118 0.0338146354478354 -0.00554840847042078 0.999412720347793 102.590228260139
0.999409105309688 0.0278518819852303 -0.0201423160031087 -3.730937802848 -0.0277198949420048 0.999592583324433 0.0068025574007919 -2.44076117375619 0.0203235737136091 -0.0062401949222484 0.999773980617039 103.041154439708
0.999633031615574 0.0266227367754346 -0.00500319794157924 -3.72516620774816 -0.0265929043307901 0.999628712802987 0.00593750613441994 -2.45284406738451 0.0051594129811586 -0.00580227769317785 0.999969856561317 103.479114419737
0.999610095626138 0.0251032233855431 0.0122264016766512 -3.69598585317833 -0.0251422832343383 0.999679225429355 0.00305153055520273 -2.47009411681254 -0.0121458765047078 -0.00335774040398343 0.999920598479355 103.868141500684
0.999147928330942 0.024246889836805 0.0333991862959158 -3.6921034652202 -0.0242207973323723 0.999705930354779 -0.00118566018341763 -2.46892178631751 -0.0334181131809023 0.000375694993626687 0.999441388258811 104.275173811219
0.998013403213801 0.0240391329423739 0.058235445331729 -3.63932326198992 -0.0237574220936485 0.99970248495753 -0.00552507603597718 -2.49984195688616 -0.0583509374480835 0.00413057588212313 0.998287587041836 104.661845140797
0.996149772739837 0.0213863917420139 0.0850191303097671 -3.60587943863191 -0.0207175067398526 0.999747148458487 -0.00874208576994779 -2.50509718978813 -0.0851845947625285 0.00694704234779664 0.996340967449277 105.035300452662
0.993190960614663 0.0181039003298796 0.115082425009939 -3.51426796883696 -0.017060882632725 0.999804024776521 -0.0100418287408929 -2.51284996537896 -0.115241667972634 0.00801004578731145 0.993305188312922 105.476335216914
0.988969629642799 0.0168019196572659 0.147162383576836 -3.42997953437918 -0.0152123739796119 0.999813228761619 -0.0119202043258823 -2.52936762759083 -0.147335180191594 0.00955003084273241 0.989040515645751 105.809911760056
0.983061966852273 0.0140338955332482 0.182735380002623 -3.33735779947578 -0.011694351396165 0.999835360373702 -0.0138742312152143 -2.54568091320758 -0.182900004029427 0.0115022572807293 0.983064233203245 106.236947372044
0.975279655262964 0.0112757408660133 0.220686319689457 -3.21998200003669 -0.00825471810699596 0.999859242315647 -0.0146066828867854 -2.56196834462458 -0.220819957565273 0.0124238972912527 0.975235455219388 106.552316895409
0.965401235412038 0.00874859650183386 0.260622172357146 -3.06265738679382 -0.00489966370499149 0.999869187631685 -0.0154143089475847 -2.57626688527988 -0.260722933322882 0.0136040319024068 0.96531781417081 106.916085375937
0.953258017181956 0.00936257060123968 0.302012408602795 -2.94201865620625 -0.00465325106112242 0.999856173986378 -0.0163088502318307 -2.59736512164192 -0.302121664123722 0.0141412026737094 0.953164480272977 107.248938884022
0.938180577101632 0.0111149511030901 0.345967719030583 -2.80321867458602 -0.00552451412775296 0.999837823546363 -0.0171407803126055 -2.6049668818588 -0.346102130147882 0.0141698436141216 0.938089831007164 107.560885962154
0.920489349208249 0.0100267086961123 0.390638993326188 -2.60979685546394 -0.00393082211906754 0.999857762239545 -0.0164013391769594 -2.62019736500223 -0.390747881160785 0.0135617256296063 0.920397834073019 107.900958109268
0.900438341760406 0.00952963454175569 0.434879269169354 -2.44844042042258 -0.00351860398456439 0.999886852583502 -0.0146253703084144 -2.61619335995317 -0.434969438137636 0.0116390762588368 0.90036999049839 108.176217306559
0.877578668568494 0.00852486212200886 0.479356868313526 -2.20880246624797 -0.00135546297920574 0.999882023945732 -0.0153003565415281 -2.64649883194444 -0.47943074911155 0.0127775160335105 0.877486690434876 108.511675901765
0.852883348932946 0.0085788656887635 0.522031029898048 -2.02196837792829 0.000614476853781533 0.999847809142719 -0.0174350500630438 -2.66785524494607 -0.522101154500848 0.0151908398714105 0.852748276370514 108.760579125353
0.82533473765882 0.0103468184600383 0.564548947533694 -1.76049941841408 0.00137005187890312 0.99979245238297 -0.0203267094212264 -2.67774014669822 -0.564642093517208 0.0175498007339363 0.825149265722696 109.020738406959
0.794874545189952 0.0130995466025079 0.606632392217788 -1.56526048216858 0.00160239741040025 0.99971812939024 -0.0236874247443188 -2.68157900617284 -0.606771694899825 0.0198005971447163 0.794629502737664 109.263833182911
0.761547729999546 0.0191631125140671 0.647825462645079 -1.25523149755077 -0.00173856476802069 0.999619585397254 -0.0275256586255221 -2.72158286575261 -0.648106497672323 0.0198358163178274 0.761291342434629 109.53680869509
0.724498418535388 0.0238578183195438 0.688863445136083 -1.04102353169686 -0.00392320194610295 0.999527339663368 -0.0304910765956085 -2.71222766820791 -0.689265297273997 0.0193881863644027 0.724249575908255 109.754651697876
0.685425868698665 0.0242971962036304 0.727736920030393 -0.745933906264801 -0.00193521972304418 0.999500366119467 -0.0315479484543067 -2.72615328434788 -0.728139844702448 0.0202154491341236 0.685130427125377 109.953901936379
0.644750586000403 0.0212242900869697 0.76409829954165 -0.403036374289898 0.00249654635758319 0.999550643477756 -0.0298710290999331 -2.76496194374458 -0.764388938373929 0.0211669703431732 0.644407875695254 110.195562855911
0.601327411269977 0.019687090944844 0.798760141034515 -0.118129296420229 0.00376493045438177 0.999615485455015 -0.0274719227067991 -2.76380567599472 -0.798993848383091 0.0195268965446155 0.601022071605789 110.343300550514
0.555077672618725 0.0168056168093853 0.831628732430425 0.240155436023907 0.00520082395667075 0.999706215884345 -0.0236734736017896 -2.77437070707502 -0.831782260444614 0.0174657712643621 0.554827196561046 110.580138490948
0.507613735174936 0.0152612883970043 0.861449585836695 0.559952121736002 0.00603285122319062 0.999755642962353 -0.0212663835912649 -2.77602125165938 -0.861563636980966 0.0159921055960569 0.507397627103966 110.694609807851
0.457027226186706 0.0107812098623732 0.889387362198266 0.948710777378888 0.00951852579577176 0.999809993369944 -0.0170110206709625 -2.82533994101011 -0.889401772086587 0.0162401561413723 0.45683776675943 110.871989362263
0.405561757202255 0.0107831135052588 0.91400404023076 1.31340302121396 0.0078038815998053 0.999853125430741 -0.0152586696128845 -2.81586598208458 -0.914034332247425 0.0133211121724746 0.405418040352785 110.968206236598
0.354858814128581 0.0145973711629016 0.934805936433006 1.6934465519711 0.00433444638739034 0.999841669013599 -0.0172583162161123 -2.83880951885502 -0.934909853734451 0.0101761318403888 0.354739357459804 111.0645004591
0.303935174225991 0.0204447915674425 0.952473317403685 2.09443084458269 0.00291853498766824 0.999745034969471 -0.0223907839839875 -2.85490210803986 -0.952688244926819 0.00958517353289287 0.30379801254551 111.15800084027
0.257421097709751 0.0226160277143612 0.966034623470779 2.47791294589388 0.00499843500522863 0.999681530064437 -0.0247356846584826 -2.84825900093383 -0.966286393416261 0.011196148375608 0.257226072084744 111.21825305671
0.215536758514578 0.022003127422805 0.976247800567379 2.93009031186992 0.0119944572853351 0.999611028921909 -0.0251778444691474 -2.88177123162843 -0.976422059727994 0.017136313527072 0.215189005377234 111.340220988103
0.180218291439681 0.0209278329666704 0.983403982724232 3.32580297190404 0.0191471542052288 0.999509561732794 -0.0247794772051128 -2.89407000825712 -0.983440264538931 0.023295102747931 0.179729197048114 111.352446799937
0.149079209024016 0.0223723164880313 0.988572136412783 3.78964466937099 0.0230794410961295 0.999392942025263 -0.0260976402914199 -2.9297515900154 -0.98855588048196 0.0267063079636519 0.148472368740741 111.382863970458
0.121856007934526 0.0213855573580188 0.992317374264276 4.25407434850309 0.0208861070374078 0.999491231196529 -0.0241049640959844 -2.9449845393922 -0.992328012233396 0.0236629815901049 0.121347350359139 111.410321628846
0.0963014131513861 0.0177025950811654 0.995194782920629 4.75558579763882 0.0158977679689693 0.999686933443829 -0.0193208714937428 -2.94731508530696 -0.99522525028189 0.0176820029709647 0.0959898326505674 111.469306386787
0.0713276912369518 0.0136573242948915 0.99735943268007 5.24017168008426 0.0118141552445659 0.999824550006074 -0.0145359877892559 -2.94981762173418 -0.997382968672848 0.0128197776211707 0.0711538270445123 111.529518922699
0.0492156129595164 0.010601528939926 0.998731911488341 5.7511400076689 0.0142733876821477 0.99983408878896 -0.0113165939940413 -2.96889641478829 -0.99868618386613 0.0148122408732362 0.0490561278049852 111.525096767055
0.0292787342586148 0.0117452560430327 0.999502278476991 6.29932991035357 0.0209132328281167 0.999704886850909 -0.0123602548148492 -3.00421831027743 -0.999352486569624 0.0212647164781152 0.0290244624448925 111.481666866363
0.0112499223123084 0.0139073523715882 0.999839999598926 6.84858622206629 0.0276387544692669 0.999516916288313 -0.0142138420171966 -3.01869520288728 -0.999554670090313 0.0277942368759195 0.0108601057605657 111.50700885977
-0.00305916257157994 0.0189889034202331 0.999815014425797 7.39501408013138 0.026911554537545 0.999459136584426 -0.0188998023874839 -3.03917825452989 -0.999633137584351 0.0268487587201022 -0.00356852889246446 111.488011451501
-0.0142381295693652 0.0239842284797184 0.999610940541668 8.00002831475307 0.0263909737142885 0.999373019970471 -0.0236026155650591 -3.0276692408914 -0.999550294969081 0.0260446489577591 -0.0148621696898331 111.493389164644
-0.0201887733259023 0.0239292479794871 0.999509782104573 8.61305400510525 0.0276945508491699 0.999343308382939 -0.0233658692007043 -3.05395064834213 -0.999412540087855 0.0272092462478821 -0.0208382253026507 111.467446793203
-0.0230453839516377 0.0210255503864962 0.999513299816199 9.23016291904264 0.0336612727832252 0.999228263142477 -0.0202434397245577 -3.08198295923147 -0.999167568025071 0.0331783719946203 -0.0237353457664238 111.423875641476
-0.0227740676918412 0.0191489966593707 0.999557230861599 9.91778549564495 0.0375645380306579 0.999126903240189 -0.0182848763794712 -3.09360041925887 -0.999034657718795 0.0371314846001165 -0.0234735069403916 111.435452108239
-0.0206359375736515 0.0187275342970439 0.999611643359365 10.6108809510573 0.037839079391017 0.999122845251829 -0.0179372285130639 -3.12823461205964 -0.999070749322237 0.0374542328054201 -0.0213264693200896 111.417254657345
-0.0192954012473463 0.0191238088614036 0.999630915601021 11.2723264022201 0.0312138235648574 0.99934121490745 -0.0185157610095889 -3.14341633781583 -0.999326465530242 0.0308450339914671 -0.0198796169203377 111.416383344179
-0.0183537374278749 0.0207549233515523 0.999616113054957 11.959434115025 0.0308451963955892 0.999320390527753 -0.0201824412492055 -3.17088672799876 -0.999355649497088 0.0304629321000342 -0.0189814537410218 111.426757210438
-0.0177429160741103 0.0212988098208999 0.999615700971829 12.6867357273295 0.0307789010293354 0.999310893977895 -0.0207459978918001 -3.18120703939251 -0.99936872483614 0.0303989782281138 -0.018386243283314 111.418236451765
-0.0169540100361688 0.020885776665361 0.999638107455282 13.4191102146598 0.0302128332284599 0.999335963524103 -0.0203670497535151 -3.2122510018426 -0.999399692941719 0.0298565962634315 -0.0175737704423294 111.407626195245
-0.0157691709780758 0.0198925530294742 0.999677757870322 14.1951594842006 0.0290183038276622 0.999390038311039 -0.019429085609603 -3.22940742598543 -0.999454486852518 0.0287025723347116 -0.0163368005356297 111.398282759904
-0.0160155772432059 0.0186511450544494 0.999697772366091 14.9728816234158 0.0292259615820073 0.99940753499697 -0.0181775180067721 -3.2644909113063 -0.999444517947432 0.0289260052450624 -0.0165511862230078 111.416442859605
-0.0164977469736785 0.0152950056258336 0.999746911546967 15.7584549389319 0.030374817774954 0.999429166492353 -0.0147889015663194 -3.28897514594751 -0.999402418843346 0.0301231467032524 -0.0169529125156568 111.424690667362
-0.0172122167303601 0.0146408646850808 0.999744659738926 16.5342490194587 0.0277746937322654 0.999513922177381 -0.0141592994765393 -3.3069515728449 -0.999466010419217 0.0275238888033763 -0.0176104957861331 111.387602631063
-0.0182913295852129 0.013830216629228 0.99973704161144 17.3501414004089 0.0263343082916256 0.999564099134408 -0.0133460079582136 -3.31841947848369 -0.999485833550835 0.0260832672341428 -0.018647565567268 111.37258986858
-0.0198563560680289 0.0101724211200422 0.999751092508658 18.1203428353508 0.0277829980227013 0.999567698905536 -0.0096187486484785 -3.3531052550245 -0.999416744979075 0.0275850893282684 -0.0201303924994329 111.352403097643
-0.0212263511209963 0.0083082789101816 0.999740173504916 18.9086627149503 0.0289981108470434 0.999549877634909 -0.00769101341440287 -3.38289148162528 -0.99935406717809 0.0288273242183276 -0.0214577210584131 111.360318919973
-0.0224932704277099 0.00819689214625824 0.999713390799887 19.7786111976411 0.0292996055155751 0.999542264218948 -0.00753625614548808 -3.39597221036169 -0.999317560088933 0.0291216929315817 -0.0227231401593414 111.333448498395
-0.0237341308224751 0.0120105217753473 0.999646156597816 20.5388540360106 0.0246781987613287 0.999630166329875 -0.0114244067330809 -3.42725384193874 -0.999413666876733 0.0243983181795471 -0.0240217511853651 111.328885223568
-0.0237543157330127 0.0162510285029072 0.999585732469534 21.4065485989702 0.0255813572322606 0.99955035155721 -0.0156425338105249 -3.45360953018443 -0.999390477564306 0.0251991820195745 -0.0241593580074584 111.287346927087
-0.0249881369003882 0.018419594693927 0.99951803962988 22.286631643685 0.0262828473915813 0.999496732768099 -0.0177621259675453 -3.4898148855138 -0.999342186114065 0.0258263376654057 -0.0254596805862552 111.282363420442
-0.0268237106612904 0.0163672848995168 0.999506178335771 23.0908539349675 0.0241314339669182 0.999585176551734 -0.0157209641160484 -3.5023909805405 -0.999348869234893 0.023697822749271 -0.027207549611909 111.301032275973
