1 -1.73472347597681e-18 -2.50721752387273e-19 8.67361737988404e-19 1.73472347597681e-18 1 -8.67361737988403e-19 1.38777878078145e-17 2.50721752387273e-19 8.67361737988403e-19 1 5.55111512312578e-17
0.999997870185615 -1.21110492350103e-05 0.00206385017757003 -0.0117502620095142 1.23398210631818e-05 0.999999993781731 -0.000110834412516423 -0.0745937050406227 -0.00206384882241543 0.000110859644001589 0.999997864116808 1.1981384853539
0.999993500298463 0.000248144260644039 0.00359691329516864 -0.0224312378101068 -0.000247296335749535 0.999999941531845 -0.000236179654227776 -0.0922461215001505 -0.00359697169148943 0.00023528861565261 0.999993503195855 2.40215127745627
0.999989071715637 0.000229647351280892 0.00466944444154985 -0.0281503954336776 -0.000228664356232414 0.999999951585408 -0.000211049269702066 -0.120833124426152 -0.00466949268238638 0.000209979227788442 0.999989075813738 3.60198350391062
0.999983025545392 -6.83418293970059e-05 0.00582614370563679 -0.017321066628436 6.85988541805326e-05 0.999999996682794 -4.39159408043153e-05 -0.152301414402081 -0.00582614068501454 4.43148621376694e-05 0.999983026916413 4.80320625741466
0.999978828684135 8.12509925900205e-05 0.0065065798835714 -0.00605904256308981 -7.87736277503671e-05 0.999999924315713 -0.000381002996342865 -0.174957542975606 -0.00650661034799717 0.000380482383106408 0.999978759401886 5.99730780185944
0.999971667103425 -0.000205195789189625 0.00752481794360536 -0.00667066053095697 0.00021073617816007 0.99999970731744 -0.000735496632983295 -0.200376153788705 -0.00752466482041033 0.000737061545608048 0.999971417671335 7.1915181157139
0.999967090386072 0.000548781698546676 0.00809425620183543 0.00244616551490721 -0.000539901569963393 0.999999250094714 -0.00109923441751138 -0.2320621969123 -0.00809485337164067 0.00109482814050003 0.999966636793565 8.37775897283914
0.999965075389938 4.6497934610766e-05 0.00835738226590019 -0.00359557666451743 -4.80844351699402e-05 0.999999980863909 0.000189631402320907 -0.263108187184388 -0.00835737328850402 -0.000190026639523881 0.999965058490342 9.58439504490348
0.999971408888129 -0.000856205793885431 0.00751320956239349 -0.0102135697188667 0.000848258546639548 0.999999077481512 0.00106089281405217 -0.275571244720895 -0.00751411097389285 -0.00105448933772305 0.999971212679899 10.7878107693868
0.999982884193348 -0.00251954821173519 0.0052804542571896 -0.00410368582479412 0.00251565063935165 0.999996558511739 0.000744625099731146 -0.312604506345442 -0.0052823122034067 -0.000731328576743745 0.99998578106706 11.9884509295882
0.999992284806859 -0.00210275131569348 0.00331794569903466 -0.00767402226413643 0.00210250252107892 0.999997786660295 7.84707611968015e-05 -0.337265030751588 -0.00331810335979006 -7.14941665826997e-05 0.999994492524173 13.1572744107458
0.999996245452237 -0.00207878506475602 0.00178542266234615 -0.0196216778552894 0.00207867408262251 0.999997837505823 6.40135562592062e-05 -0.361983753409337 -0.00178555187180473 -6.03020041025059e-05 0.999998404082817 14.3494295868959
0.999999721293408 -1.60769388421693e-05 0.000746427918656823 -0.0301154959467194 1.61812332547829e-05 0.999999990108403 -0.000139718865301091 -0.387250953944117 -0.000746425665021806 0.000139730904484782 0.999999711661959 15.5465945363996
0.9999985162879 -0.00155622519101399 0.000738637363179781 -0.0284586491943015 0.00155596665159321 0.999998728069239 0.000350467806731991 -0.41058065188308 -0.000739181830513673 -0.000349317991633937 0.999999665793525 16.7374367633695
0.99999815455438 -0.00179152442126958 0.000693778122193899 -0.0447885515327898 0.00179110679378152 0.999998214695182 0.000602115356060409 -0.437924145068377 -0.000694855587953278 -0.000600871614181224 0.999999578064419 17.9709385224658
0.999998703633967 -0.00160060059930218 -0.000175522382139412 -0.0405808853805765 0.0016007352531455 0.99999842258577 0.000769722430976023 -0.456040270274211 0.000174290087083592 -0.000770002397998816 0.999999688359588 19.1359473900277
0.999996719791457 -0.00250929877372199 -0.000513639941996808 -0.059855648300733 0.00250914393794719 0.999996806530248 -0.000301870839416261 -0.48398467833827 0.000514395785830359 0.000300581052670206 0.999999822523987 20.3365406498891
0.999997271116758 -0.00190620056246488 -0.00135061410238289 -0.0533452672370023 0.00190498922964753 0.999997782667058 -0.000897595121427832 -0.50884137770819 0.00135232210394708 0.000895019766677097 0.999998685081408 21.5382679902989
0.999997015076124 -0.00107788594778518 -0.00219271537708544 -0.0620770076624576 0.00107704411225052 0.999999345848953 -0.000385068366806174 -0.540572046359298 0.0021931290024999 0.000382705566219681 0.999997521857743 22.7230384551367
0.999994264896242 -0.00142547566260722 -0.00307216434452755 -0.0910958011522114 0.0014239241433009 0.999998857617305 -0.000507152953283526 -0.563785116713169 0.00307288376913229 0.000502775515726357 0.999995152289311 23.9436749600872
0.999992062799517 -0.00138452681271418 -0.0037359635266686 -0.102162178723264 0.00138215777982186 0.999998842174842 -0.000636623002007076 -0.587563338307009 0.00373684062269191 0.000631454257949161 0.999992818618054 25.106939298828
0.999987937877132 -0.00200126750468702 -0.00448542401731761 -0.107884170386327 0.00200077470845845 0.999997991910233 -0.00011435063712059 -0.602175668528854 0.00448564385639775 0.000105374934878594 0.999989933896995 26.3426255159536
0.999982029882667 -0.00279179512686268 -0.00530526075800378 -0.12030368807333 0.00280045061758721 0.9999947587948 0.00162476437307599 -0.624948149190456 0.00530069694278445 -0.00163959229663578 0.999984607056039 27.5088523164088
0.999975396330209 -0.00312808779968942 -0.00627867828117546 -0.139236741588537 0.00313813145259594 0.999993811311583 0.00159043060816898 -0.653898693670751 0.00627366441781024 -0.00161009479553436 0.999979024144768 28.7205627620368
0.99997133130841 -0.00363163291492769 -0.00664438135995445 -0.124910327293661 0.00363553743460227 0.999993225719423 0.000575658600284776 -0.678840847857888 0.0066422457683303 -0.000599797994069792 0.999977760159454 29.9282331612859
0.999955513421066 -0.00489302098066171 -0.00806408857190314 -0.165388531224046 0.00489454434323968 0.999988007334591 0.000169182344166566 -0.694562720249444 0.0080631640492275 -0.00020864485692585 0.999967470397332 31.1223172101828
0.999957276822405 -0.00416524941526725 -0.00825198323007056 -0.172424742362158 0.00416727491352124 0.999991290816862 0.00022827663305061 -0.724006574137249 0.00825096053292502 -0.000262655163048946 0.999965925750748 32.3144367751571
0.999950685570298 -0.00448846964378316 -0.00885889765989239 -0.204273163638721 0.00449413556162803 0.999989709262207 0.000619770313150495 -0.7425833325531 0.00885602467506274 -0.000659552836541101 0.99996056713103 33.4726551254575
0.999945422759517 -0.00446275752018118 -0.00944644364865065 -0.216674490879513 0.00447133850302559 0.999989609721463 0.000887457664824288 -0.773277276414829 0.00944238498910242 -0.00092964747703677 0.999954987547582 34.6848416543155
0.99993771155101 -0.00511303711758296 -0.0099211828711698 -0.229924892151137 0.00512354668883922 0.99998633977829 0.00103417897175772 -0.798698773897046 0.00991575955014333 -0.00108494619800254 0.999950249064568 35.8836689026888
0.999938410544078 -0.00437613613386779 -0.0101992426739292 -0.248152892339102 0.00438340553493695 0.999990154438566 0.000690493916997523 -0.824804586827605 0.0101961205612785 -0.000735158806641924 0.999947747968377 37.0680198126054
0.999936901561091 -0.00535899795928407 -0.00987289406796959 -0.278867857745238 0.00537254359622418 0.99998466192305 0.00134599180927155 -0.854601275965597 0.00986552946940156 -0.00139894943309067 0.999950355902118 38.2798462903015
0.999930101238831 -0.00504827913093505 -0.0106914692309936 -0.289175518595453 0.00507451344844811 0.999984176801381 0.00242805686215688 -0.875926481366471 0.0106790425489665 -0.00248214114838651 0.999939896706575 39.4761352179487
0.999929594409953 -0.0052013563319571 -0.0106654636774508 -0.320471404333751 0.00523758957791222 0.999980597984731 0.00337213723220174 -0.892732739500304 0.0106477170586167 -0.0034277611362908 0.99993743633041 40.6881233507239
0.999932439986326 -0.00448892136208891 -0.0107221755254495 -0.325834611987442 0.00452045980990924 0.999985522335099 0.00291900039490284 -0.913676361786512 0.0107089171301567 -0.00296727235073383 0.999938255288143 41.8872402393963
0.999939851710781 -0.00368261437071119 -0.0103310847454457 -0.357429949006262 0.00371453330856472 0.999988382102769 0.0030721168248155 -0.935741548169703 0.0103196512983972 -0.00311030720064477 0.99994191370609 43.0885540881564
0.999950183315411 -0.00138428033558556 -0.00988507235317944 -0.370468173819413 0.00142990082460157 0.999988353815143 0.00460951382593205 -0.944284818228116 0.00987857637045365 -0.00462341886834474 0.999940517094322 44.2767841058439
0.999965176911675 -0.00168883611279356 -0.00817268600809119 -0.391641801354438 0.00175377582015376 0.999966897596115 0.00794531197463463 -0.972784489323933 0.00815899714274794 -0.00795936835344067 0.999935037500456 45.4895246003017
0.999981014598538 -0.000307083465327344 -0.00615435961114124 -0.403312791048909 0.000373987058911359 0.999940820229214 0.0108727261074434 -0.983338846658809 0.00615065656313948 -0.0108748213352237 0.999921950796546 46.6869261610459
0.999990897984667 -0.000131449160917797 -0.00426458309056987 -0.43226751756978 0.000190349790534375 0.999904562439469 0.0138141152337695 -0.995833610921037 0.00426236023530673 -0.0138148012599789 0.99989548631413 47.9147782181938
0.999993605840259 -0.000593381610632325 -0.00352649640025582 -0.431776785445275 0.00064831776407422 0.999878142349808 0.0155974400198727 -1.00760368326983 0.00351681143561034 -0.0155996265776108 0.999872133669084 49.1011832774059
0.999997364731142 -0.00168012131148598 -0.00156452010237539 -0.418705525379453 0.00170167064608527 0.999902277874625 0.0138758429707064 -1.01494317278443 0.00154105411465588 -0.013878468702063 0.999902501876409 50.321017356652
0.999999730372358 -0.000639922647197232 -0.000360214125246175 -0.44939351922474 0.00064424327039626 0.99992628101406 0.0121250768244609 -1.02701598098489 0.000352428459367162 -0.0121253056207311 0.999926423672154 51.5036428862418
0.999999831653964 -0.000298079989050094 0.000497835679760585 -0.444461091380719 0.0002923219138892 0.999933524813168 0.0115265130292093 -1.01888956559978 -0.000501238408918294 -0.0115263655604878 0.999933443613635 52.6952747858046
0.999999414195424 -0.000931388681131261 0.000551474327493731 -0.478548025381798 0.000925124891202315 0.99993627065656 0.0112516118572643 -1.04352109758525 -0.000561918806325254 -0.0112510950833913 0.999936546540169 53.9130011121301
0.99999939631536 -0.00108237558942896 -0.000189293422124436 -0.457803103645101 0.00108429163913365 0.999944984453803 0.0104332342696392 -1.0544587633369 0.000177990329951175 -0.0104334332205308 0.999945554413177 55.1079647540532
0.999997124274606 -0.000621528653748184 -0.00231627818957866 -0.47960252287776 0.000646135542943616 0.999943207212546 0.0106378972709897 -1.06283083744256 0.0023095348837142 -0.010639363308984 0.999940733242226 56.3436924374186
0.999992962834545 -0.00130935822020278 -0.00351565960230019 -0.485008100795902 0.00135143984906983 0.999927153817259 0.0119941931470909 -1.07505808312234 0.00349969880452651 -0.0119988599444516 0.99992188668331 57.5245275704435
0.999990048645694 -0.00093930742418706 -0.00436122816930809 -0.498696348975668 0.000993071541350241 0.999923341590312 0.0123419914024605 -1.08717391221715 0.00434930092033876 -0.0123461995945115 0.999914323798333 58.7103264022212
0.999987355511684 -0.00030343782866665 -0.00501963566740784 -0.502789544523983 0.00036514383996907 0.999924327520751 0.0122965809130267 -1.09319002703496 0.00501552457131968 -0.0122982583180958 0.999911794787728 59.9540144240927
0.999982158525152 0.000125880411095746 -0.00597216757135411 -0.514794553216085 -5.38614909497736e-05 0.999927301590158 0.0120577209109295 -1.10318967683932 0.0059732512351335 -0.0120571841135556 0.999909468192463 61.1243765138693
0.999981354892627 -0.000488011590235284 -0.00608701172936582 -0.521128549104264 0.00055767606212616 0.999934310187991 0.011448332030354 -1.12752973002506 0.00608102495598994 -0.0114515131557054 0.999915938457793 62.3395832272359
0.999982482865847 -0.00120991008632045 -0.00579396919562749 -0.548621951798963 0.00126923804578186 0.999946693618524 0.0102468998319337 -1.14347453788158 0.00578126251263511 -0.0102540742617539 0.999930713082059 63.5427500524113
0.999976850453934 -0.0027793597959101 -0.00621077413490669 -0.544078536037326 0.00284883069168605 0.999933165677774 0.0112048356219689 -1.1559014460514 0.0061792167723794 -0.0112222696790852 0.999917935604382 64.7914313354868
0.999973464579765 -0.00319168676244871 -0.006548532045646 -0.563473380932443 0.00327739666721894 0.999908561883784 0.0131197005525251 -1.15732465027832 0.00650605928563098 -0.0131408145528592 0.999892489313456 65.9557610084341
0.999974087685848 -0.00174565656053462 -0.00698402749337115 -0.568172028051045 0.00182778687562098 0.999929052542601 0.0117706871674157 -1.18171925001693 0.00696298441710229 -0.0117831474754634 0.999906332755013 67.1485307809882
0.999976718636619 -0.000452274272967461 -0.0068086439708053 -0.610991076725124 0.000524248810174041 0.999943967031189 0.0105729826024734 -1.19639934821188 0.00680348057425041 -0.010576305872524 0.999920924076582 68.3455783441145
0.999978921638168 0.00235465032941401 -0.00605077690814212 -0.620539282743317 -0.00229079951979574 0.999941851292745 0.0105378494389602 -1.21910955909656 0.00607523801393978 -0.0105237662015212 0.999926168188437 69.5304418251188
0.999975523797114 0.00290447586264696 -0.0063652043683605 -0.632933496408016 -0.00283440700291043 0.999935595128148 0.0109896193136187 -1.23005382588323 0.00639671350222493 -0.0109713087496301 0.999919352968374 70.722740601138
0.999968044338204 0.00533541358900633 -0.00595345817673283 -0.656890372942643 -0.00527213269832321 0.999929974868022 0.0105948089764622 -1.2264660089327 0.00600956897282422 -0.0105630829908081 0.999926150452367 71.92017733357
0.999972920125104 0.00486787736799953 -0.00551931031956212 -0.675654781406441 -0.00480221790671784 0.999918280785455 0.0118478037726996 -1.25135382852139 0.0055765329417036 -0.0118209780048063 0.999914579731369 73.125107443712
0.999977951842864 0.00563322985838044 -0.00351604173942516 -0.69278076833063 -0.00558808495807753 0.999903481544669 0.0127200983231259 -1.24093338938991 0.00358735761418296 -0.0127001699284432 0.999912914482625 74.2998921336346
0.999988230300889 0.00480241294863015 -0.000689992439325975 -0.678449337526696 -0.00479430914673651 0.999924636706359 0.0113020134251319 -1.25891094333936 0.000744217374841605 -0.0112985723667715 0.999935892146577 75.5107281153189
0.999995882794072 0.00230676889371312 0.00170681345671401 -0.688031195061362 -0.00231793601076048 0.999975731647505 0.00656987737236443 -1.29046094974357 -0.00169161684640532 -0.00657380660720133 0.999976961484181 76.6428893330987
0.999981393967304 0.00392199531363315 0.00467222345016892 -0.695252961016776 -0.00394519276872843 0.999979886229092 0.00496614450750182 -1.29963979196418 -0.00465265227865156 -0.00498448492942423 0.999976753598184 77.8209470881922
0.999972261383441 0.00320001504570644 0.0067257986436606 -0.710778959132165 -0.00325534302832348 0.999960822245733 0.0082314467383451 -1.31631305915523 -0.00669919438856345 -0.00825311319112485 0.99994350186258 79.0182684611022
0.999941628093042 0.00231111223213208 0.010554580374782 -0.700108941737458 -0.00241944593659219 0.999944407693084 0.0102629335322838 -1.333065907991 -0.0105302748300864 -0.0102878707018827 0.999891630642253 80.1797145298072
0.99989163832607 0.0036950734529902 0.0142498434301815 -0.665214143580407 -0.00381467012429476 0.999957654501203 0.00837481320953234 -1.33595898032834 -0.0142182944634894 -0.00842826415276309 0.999863392902211 81.3864990967141
0.999846163382037 0.00211454605185397 0.0174120149670988 -0.671838164653467 -0.00220825079357104 0.999983174635522 0.00536414711725735 -1.35249024679677 -0.0174003792674923 -0.00540177201087534 0.999834010053914 82.5374075860139
0.999764340390168 0.000738775071010673 0.0216960340986012 -0.652653497334243 -0.000788828440153893 0.999997047179387 0.00229856089755422 -1.37474174781659 -0.0216942719146142 -0.00231513366832545 0.999761971032202 83.6605105665921
0.999690366175974 7.36621293923147e-05 0.0248830534468233 -0.648151689545302 -0.000114725940656243 0.999998634067127 0.00164884864059838 -1.39656527504352 -0.0248828980005407 -0.00165119283300164 0.999689009116997 84.8256126029305
0.999594065541757 -0.00054948393386529 0.0284851224520319 -0.597132819101051 0.000471832556596065 0.999996154902621 0.00273268256698967 -1.41480650953697 -0.0284865144891291 -0.00271813306882079 0.999590481269645 85.9890827026826
0.999487723344927 0.000429851406223663 0.0320016579342998 -0.580552128541415 -0.000544290724050324 0.999993488617148 0.003567417961801 -1.44130788428397 -0.0319999160996256 -0.00358300866242815 0.999481449261837 87.1709478794311
0.999372709111982 0.000614641953679258 0.03540918662504 -0.5407791554161 -0.000672490184684279 0.999998458727034 0.00162182012196528 -1.46715462190815 -0.0354081352111296 -0.00164461509943376 0.999371582146523 88.3233717851507
0.999215186937936 0.000423736502756953 0.0396084667711644 -0.496910553858672 -0.00041875239627336 0.9999999033277 -0.000134130611545018 -1.49521789821852 -0.0396085197781591 0.000117439203715916 0.999215267782182 89.475655828476
0.999116256319196 0.000704389617690233 0.0420263035964614 -0.450633314983707 -0.000678056473740527 0.999999564782743 -0.000640838313302284 -1.52108266365658 -0.0420267367057433 0.00061177576927152 0.999116299102499 90.6243915309612
0.998979538380081 -0.00112775816909095 0.0451509696400013 -0.407799063645276 0.00110560282276218 0.99999925586621 0.000515664061236155 -1.54187554587858 -0.0451515175859967 -0.000465218806368457 0.998980041858266 91.7525183003151
0.998862078004375 -0.00163521068463373 0.0476641921236394 -0.359833455979074 0.00155216991054187 0.999997212666272 0.00177916504440365 -1.57325594490586 -0.0476669685773194 -0.00170315756854118 0.998861831967237 92.9406844899285
0.998731593400185 -0.00212652534423077 0.0503058866762821 -0.318703258214859 0.00197706441890764 0.999993483525004 0.00302061646202402 -1.59533231978443 -0.0503119822766911 -0.00291732711355881 0.998729289468324 94.0923937593547
0.998592413973575 -0.004187774508829 0.0528739378057954 -0.256649576322838 0.00397249747395026 0.999983390199907 0.00417595355819056 -1.6148278810491 -0.0528905475321194 -0.00396003395994372 0.998592463476862 95.2721711341659
0.998477632346905 -0.00431996932336083 0.054988685817761 -0.204335132003736 0.00419281197658024 0.999988263513264 0.00242758387223468 -1.63946798322537 -0.0549985275316372 -0.0021933309765993 0.998484026546534 96.4074202764923
0.998337007639761 -0.0060128662891887 0.0573329278502072 -0.155668024729244 0.00608194321239391 0.999980973917829 -0.00103042181187808 -1.66885218173331 -0.0573256412406346 0.00137740383966234 0.998354583109134 97.5729606119791
0.998186022031815 -0.00583017608785496 0.0599222368331218 -0.071351662363592 0.0060523326256387 0.999975465937993 -0.00352658359925489 -1.67938484674104 -0.0599002060938756 0.00388285576328923 0.998196818639006 98.697897198967
0.998133169626755 -0.00577633748682889 0.0608013948531323 -0.00434360819903642 0.0060840106044781 0.999969602389855 -0.00487638300787011 -1.70241574078858 -0.0607713790020668 0.00523719595901296 0.998137972062317 99.8974776452631
0.998057557551433 -0.0055830729040029 0.0620478936904102 0.0552436122008812 0.0058415368968161 0.999974998063226 -0.00398493351683135 -1.73748307743153 -0.0620240941985531 0.00433964807317579 0.998065217905849 101.054488529853
0.998115250700996 -0.00561012077917805 0.0611103335200391 0.121000089323062 0.00577180894798808 0.999980293364242 -0.00246963653861572 -1.75551089002805 -0.061095274281693 0.00281769906270627 0.998127961752619 102.218431379655
0.998188319486913 -0.00579935550694211 0.0598869461201341 0.173118983497611 0.00587088146316016 0.999982247582563 -0.00101846481091352 -1.79691970858212 -0.0598799765425578 0.00136820883992429 0.998204646559929 103.428210072535
0.998279340478499 -0.00562680622763434 0.0583669206442254 0.244807829165766 0.00566646567978634 0.999983813355439 -0.00051399787427715 -1.81262217220319 -0.0583630837131868 0.00084384761160606 0.998295065790018 104.610267207569
0.998462243707174 -0.00527074682935769 0.0551848450128924 0.332838101822711 0.00528073184435817 0.999986056221711 -3.51188899930415e-05 -1.83740142939128 -0.0551838904248705 0.000326481254084508 0.998476154771643 105.823336390341
0.998597534989949 -0.00502046662396179 0.0527044402956227 0.377145099143622 0.00502546750898657 0.999987371550062 3.76392689719247e-05 -1.85319339143149 -0.0527039636869306 0.000227277971070787 0.998610154442869 107.007394001117
0.99880391120758 -0.00381226814633334 0.0487464210791026 0.407904374371641 0.00382801526047258 0.999992646744105 -0.000229688668918421 -1.87672245332752 -0.0487451869993984 0.000416015984660009 0.998811160167474 108.221429108811
0.998985170593288 -0.00331970251631749 0.0449177972512226 0.467069506951943 0.00332399084531054 0.999994475311268 -2.0779862677819e-05 -1.90017826414679 -0.0449174801114118 0.000170065121516685 0.998990686171946 109.415476278178
0.9991567836487 -0.0030755901208099 0.0409421840427821 0.50565637660925 0.00304705054976672 0.999995069343688 0.000759454580626347 -1.91306881078332 -0.0409443179419493 -0.000634061291709684 0.999161228628567 110.657510412152
0.999316779540965 -0.00259747823315219 0.0368676990698226 0.54630984219728 0.00253437042110609 0.999995242542665 0.0017583681654211 -1.94819274760761 -0.0368720909963527 -0.00166373040629917 0.999318608306026 111.831381820943
0.999475283973118 -0.0024478360732867 0.0322980622547829 0.571092154855235 0.00237532785651113 0.999994572508304 0.00228314947130002 -1.96706827145703 -0.0323034757329548 -0.00220523297919554 0.999475673742527 113.056369678418
0.999622709888949 -0.00234827401105992 0.0273664664040372 0.590135985659752 0.00228112926257072 0.999994311833543 0.00248450193111173 -1.98543926195836 -0.0273721450303362 -0.00242113810577483 0.999622380585144 114.283373286255
0.999739029973943 -0.00145844356927716 0.0227979141395714 0.595249900147298 0.00140727943098829 0.999996455684475 0.00226012899860119 -2.00426597063064 -0.0228011296071741 -0.00222745613703948 0.999737539021015 115.489365987653
0.999845114771254 -0.000582401630482958 0.0175899765889332 0.629101820016774 0.000539124773017227 0.999996816664867 0.00246495529603094 -2.02577448931468 -0.0175913561881262 -0.00245509031873018 0.999842245916319 116.723363454626
0.99991704414974 0.000141519137022863 0.0128796269814475 0.631789916901913 -0.000162556406672985 0.999998654514193 0.00163234347450168 -2.05451854676043 -0.0128793786442524 -0.00163430172794223 0.999915721780391 117.94532192188
0.999954877889584 0.00166678561600006 0.00935221955140642 0.631332535718551 -0.00168412604313715 0.999996876922113 0.0018465821105025 -2.07540501522042 -0.0093491124871958 -0.00186224910532828 0.999954562029681 119.185228631418
0.999967696519474 0.00383796904616296 0.00706228795341714 0.653864262017469 -0.00384969962209848 0.999991231631399 0.00164817266625251 -2.0861895033662 -0.00705590039299738 -0.0016753071118043 0.999973703462109 120.412261235005
0.999967972587605 0.00500259748888837 0.00624722477571429 0.641411217351815 -0.00501421274983273 0.99998572673791 0.00184499077329225 -2.11609927009619 -0.00623790586122823 -0.00187625659713335 0.999978783870762 121.657063412159
0.999962365856449 0.00694471668619432 0.00519978662273454 0.628843060194012 -0.00695374785447849 0.999974341834305 0.00172077419321571 -2.14090906939732 -0.005187702916495 -0.00175686743842429 0.999985000465134 122.904924254858
0.999956256783607 0.00847789600265417 0.00395092377607992 0.607167210773795 -0.00848683486180689 0.999961452064358 0.00225122619226592 -2.1550327867743 -0.00393168581458799 -0.00228465855403062 0.999989661037526 124.130788669648
0.999948527079957 0.00933000611488949 0.00398675012011948 0.610734383930258 -0.00934177105443779 0.99995203491519 0.00294264889819275 -2.18423954553139 -0.00395910396309774 -0.00297974073833471 0.999987723245112 125.376580979302
0.999921630633565 0.0121903312948478 0.00285103736117547 0.61410250230611 -0.0122037146617534 0.99991436870609 0.00472489190945132 -2.20045547270256 -0.00279319522544869 -0.00475931486911169 0.999984773375279 126.593380424952
0.999898464758732 0.0140185028796034 0.00255768452804715 0.606515420595938 -0.0140380456346082 0.999871116940688 0.00778991543872625 -2.20119425024244 -0.00244815193383077 -0.00782502937990638 0.999966387168745 127.854154196469
0.999928741465011 0.0117110550685829 0.00231585435210486 0.598294313660135 -0.0117296199654149 0.999897809679409 0.00817228326644312 -2.22625964088522 -0.00221991163483681 -0.00819886501295548 0.999963924651701 129.086976928285
0.999915371549162 0.0129461970745633 0.00128285658102996 0.613293844566605 -0.0129545736527166 0.999893289597171 0.00675192120990924 -2.24680861172361 -0.00119530798427201 -0.00676796866534189 0.999976382640594 130.367018392492
0.999946410951297 0.0102942784512262 0.0010968394546786 0.591490210062864 -0.010302152184061 0.999919308172465 0.00743255032111997 -2.2529447203415 -0.00102023820609012 -0.0074434518248024 0.999971776671189 131.61091508655
0.999973785908914 0.0072293081335307 -0.000405707904235539 0.588147666601096 -0.0072252249017619 0.99993068598645 0.00929620071780901 -2.27873726290897 0.000472884882452558 -0.00929302569550411 0.999956707089517 132.89463455143
0.999991294938763 0.00414531728319077 -0.000475805966268719 0.589459013215726 -0.00413971796454308 0.999928476914556 0.0112206858306231 -2.28516400177236 0.000522285238060875 -0.0112186184513596 0.999936932920358 134.138472205398
0.99999711719271 0.00231049833154821 -0.000653608238405918 0.580821800934803 -0.00230230124483255 0.999922000133434 0.0122757100866452 -2.29674728780288 0.000681920264724299 -0.0122741698950778 0.999924437014187 135.419327413501
0.999998797858251 -0.00121014487969217 -0.000969449030695569 0.576384391973332 0.00122061327559346 0.999940158729042 0.010871479391952 -2.31779101819292 0.000956234952512594 -0.0108726496452496 0.999940433778136 136.65932409774
0.999993506179475 -0.00354137482228516 -0.000668029376570871 0.561354586170708 0.00354753912080326 0.99994892378538 0.00946386742551386 -2.32769582330267 0.000634480154336901 -0.00946617582920456 0.999954993462258 137.950370998841
0.99998396082981 -0.00558020253704107 -0.000969238241940252 0.541974060814643 0.00558941754652383 0.999936550244724 0.00978028098629494 -2.34697439884946 0.000914600795238299 -0.00978554159593996 0.99995170217419 139.20121505497
0.999984301955186 -0.00559136323002548 -0.000364006083172403 0.543481695162268 0.00559468579252067 0.999935579710376 0.00987602754942714 -2.34695889748498 0.000308762176496514 -0.00987790901476601 0.999951164597259 140.458236143722
0.999984048494351 -0.00562292254808519 0.000534320938442228 0.546048959349732 0.00561642445929362 0.999918435767644 0.0114707274520987 -2.36038607924149 -0.000598776368998398 -0.0114675435035372 0.9999340662828 141.768053025274
0.999993818104959 -0.00343711334632908 0.000741622351046867 0.533827158045933 0.00342687924516567 0.999904534731622 0.0133857357577823 -2.35757242806198 -0.000787559842893598 -0.0133831115583263 0.999910131999127 143.070924279625
0.999992166924226 -0.00358394408086308 0.00167971277818758 0.517053458050162 0.00356376909055535 0.999923270990916 0.0118638813503699 -2.38620494476785 -0.00172210338283228 -0.0118578023112084 0.999928210865304 144.322852247986
0.999995317432797 -0.00199288148713519 0.00232239872914991 0.520669501360839 0.00196992890169622 0.999949607564148 0.00984386674174042 -2.39783816603545 -0.00234189935761237 -0.00983924568679505 0.99994885106775 145.616968863042
0.999993831278831 -0.00243268439797561 0.0025336635342221 0.511494923034597 0.00241303041881362 0.999967199897658 0.00773152074535819 -2.41273362380136 -0.00255238877968874 -0.00772535924458339 0.999966901520275 146.885048752685
0.99998874074977 -0.00314826393685136 0.00355060669081973 0.522034729056873 0.00313406764259824 0.999987101623922 0.00399677442432369 -2.43996092868951 -0.00356314379454316 -0.00398560158209905 0.999985709391053 148.126203484103
0.999988423107372 -0.00303618522273246 0.00373299216780011 0.485052167982677 0.00303485734219066 0.999995329530612 0.000361327934433241 -2.45169359355426 -0.00373407179150955 -0.000349994652689752 0.999992967081068 149.417364237248
0.999989213975721 -0.00298287500113257 0.00356011080546568 0.511268195583368 0.00298578682636157 0.999995212149433 -0.000812868525082503 -2.48197627474786 -0.00355766907498447 0.000823489489406203 0.999993332405678 150.679335110862
0.999989163953048 -0.00301009519000218 0.00355123970347151 0.508967079713939 0.00301092513518658 0.999995441075211 -0.000228382627917421 -2.51035407127391 -0.00355053606018702 0.000239072670036796 0.999993668248926 151.963132148677
0.999988906320654 -0.00295269124431915 0.00366999319319208 0.50568538039963 0.00295336580742122 0.999995622892496 -0.000178399147176929 -2.52750594728471 -0.00366945037163748 0.000189236000484237 0.999993249639069 153.226039087072
0.999988383139013 -0.00247846020315476 0.00413410474516718 0.47778148517444 0.00247441824284466 0.999996455928909 0.000982539556706118 -2.56522953954631 -0.00413652527879539 -0.000972298638481401 0.999990971856234 154.488680424902
0.999991808888954 -0.00191669580272273 0.0035648888057471 0.480386261781086 0.00191191208201464 0.999997268017704 0.0013448231556442 -2.58407399578055 -0.00356745668343182 -0.00133799638606965 0.999992741482898 155.738567575887
0.999994079852234 -0.00141508098361611 0.00313652774460754 0.490530433314941 0.00141175081958196 0.999998437754311 0.00106369570911036 -2.61398336620139 -0.0031380280601509 -0.00105926141626049 0.999994515357532 157.028445855542
0.999994800363771 -0.00150534515157294 0.0028518733134412 0.472460589265893 0.00150121002130622 0.999997819674423 0.00145155601782333 -2.63821348876137 -0.00285405218824254 -0.00144726720946244 0.999994879888758 158.274255966123
0.999996739558976 -0.00181474475496537 0.00179654470898348 0.476769913087023 0.00181004356612865 0.999994942820857 0.00261497131922325 -2.66724454633881 -0.00180128112902099 -0.00261171096907173 0.999994967163389 159.549022632991
0.999998173493903 -0.00137261703800212 0.00133001177641104 0.458576145725864 0.00136866328709966 0.999994655639952 0.00296908274398398 -2.68745189371297 -0.00133408008191087 -0.00296725698264646 0.999994707794163 160.847862973837
0.99999934346317 -0.000976975514370196 0.000598825578568336 0.472809664031024 0.000975515230129406 0.999996561902308 0.00243404059106961 -2.71639499097348 -0.000601201517805954 -0.00243345482956024 0.999996858422229 162.084774948018
0.999999904608794 -0.000436277225859786 2.10851867911088e-05 0.461547474627305 0.000436252097269612 0.99999921167413 0.00117742737634102 -2.7376518834776 -2.1598854918512e-05 -0.00117741806556784 0.999999306609854 163.313743004438
0.999999992653287 2.37564334653407e-05 0.000118865710943183 0.450789253323048 -2.39003068596404e-05 0.99999926702143 0.00121053103141334 -2.75842135577405 -0.000118836865917259 -0.00121053386344688 0.999999260242509 164.6136149099
0.999999046943374 0.000351028075788664 -0.00133524965188368 0.438276941312192 -0.000350664407929667 0.999999901366265 0.000272583811057603 -2.78434181144238 0.00133534520475371 -0.00027211532674118 0.999999071402785 165.871530952468
0.999999620276194 -7.18638274954479e-05 -0.000868494708027388 0.424561785556731 7.15932698009536e-05 0.999999948904896 -0.000311551936669826 -2.81139966475412 0.000868517052966193 0.000311489639990187 0.999999574326076 167.12840049362
0.999994967533809 0.000531177304593218 -0.00312774003523442 0.403751020270802 -0.000533745098643733 0.999999521196586 -0.000820196786484644 -2.84432085474523 0.00312730286774354 0.000821862074785684 0.999994772246087 168.401226527653
0.999993524485951 0.000409135637561522 -0.0035754152479427 0.405733199079061 -0.000407177073134202 0.999999766678738 0.000548497310700504 -2.8611403791994 0.00357563882351921 -0.000547037931782566 0.999993457756852 169.67404877165
0.999990453833278 0.000325318862557075 -0.00435733977931675 0.393990340471775 -0.000319941119034767 0.999999186427512 0.00123482063267946 -2.89499270212739 0.00435773794474867 -0.00123341475271082 0.999989744351437 170.922787127208
0.999984900743282 0.000848532024113214 -0.00542939028377481 0.370485290557584 -0.00084032668391812 0.999998501757503 0.00151338488618835 -2.92241823451241 0.00543066630477229 -0.00150879957366858 0.999984115567509 172.180577398878
0.999984206943193 0.00138163607298187 -0.00544765508774545 0.346004032592447 -0.00137275836101424 0.999997724352062 0.001633041695525 -2.9495326976212 0.0054498989601156 -0.00162553759073511 0.999983827983666 173.439375968767
0.999979636532368 0.00168189296204225 -0.00615611538696692 0.347844965072614 -0.00167670342358942 0.999998234734196 0.000848053136178668 -2.96515981258514 0.00615753085438812 -0.000837713887130741 0.999980691338198 174.730369748824
0.999974025112963 0.00279875034212792 -0.00664199487362523 0.341837519028827 -0.00279893946584646 0.99999608277735 -1.91787125329706e-05 -2.99175997469623 0.00664191517902421 3.77687559518186e-05 0.99997794152485 175.98828252217
0.99997167282334 0.00274564850572057 -0.00700820698714454 0.315459937712039 -0.00274316959569517 0.99999617150832 0.000363303279620134 -3.01010618827447 0.00700917765938921 -0.000344068287936477 0.999975376219611 177.248115585253
0.999973028407105 0.00202853921911801 -0.00705885875764228 0.272116243649747 -0.00203130703000157 0.999997862797558 -0.000384957227445494 -3.03730224645648 0.00705806277059855 0.00039928555395406 0.999975011848282 178.532944430545
0.999975047466527 0.00104349219722801 -0.00698681389133135 0.269949585571939 -0.00105564740753557 0.999997935478383 -0.00173627403436883 -3.06040714537728 0.00698498767849592 0.00174360632190418 0.999974084556258 179.755919461773
0.999972074407917 -0.00166981427845355 -0.0072843753749132 0.263126495221211 0.00165754631307923 0.999997198452613 -0.00168986009632094 -3.10396850104077 0.00728717671990782 0.00167773871643144 0.999972040733266 181.036649908671
0.999972425285937 -0.000947142884563392 -0.00736556773899744 0.233630832953777 0.000958159308777617 0.999998427513688 0.00149228043295084 -3.12752595555672 0.00736414275394914 -0.00149929667103816 0.999971760356757 182.282231041102
0.999962656464254 -0.00326350978478386 -0.00800219850022892 0.211390395776222 0.00331145208540698 0.999976605387808 0.00598522866412603 -3.13459005819913 0.00798247843958879 -0.00601150405143689 0.999950069681982 183.571828866891
0.999965219620946 -0.00156635189288087 -0.00819183069774039 0.202436983933534 0.00161222871650691 0.999983038622821 0.00559671200212375 -3.17554177967437 0.00818292533257171 -0.00560972445105052 0.999950784151193 184.825606810477
0.999973140479051 -0.000110483276583046 -0.00732844553159719 0.177224009929752 0.000127825970085585 0.999997192697162 0.00236606388673744 -3.18588369572664 0.00732816354794044 -0.00236693710105421 0.999970347374248 186.080768197133
0.999969834872134 0.00112450236359576 -0.00768536532838541 0.178149924420738 -0.00112000935014272 0.999999199388618 0.000588898275555341 -3.22046363963022 0.00768602139289723 -0.000580272830336504 0.999970293738064 187.318710702008
0.999970170427547 0.000286036058986964 -0.00771857749047673 0.153755088670718 -0.000277984716510612 0.999999416221914 0.00104416489566305 -3.24433444929346 0.00771887165335203 -0.00104198810209509 0.999969666180527 188.556504044086
0.999968769673834 -0.00039963786269616 -0.00789303278701717 0.123665781634253 0.000416466903473224 0.999997643524984 0.00213061019385745 -3.25871101832156 0.00789216271477849 -0.00213383084112999 0.999966579708354 189.82530137239
0.999970169617549 -0.000327093404851148 -0.00771705157138723 0.0951408694507325 0.000356792236549277 0.99999253505549 0.00384740595662971 -3.27131326095872 0.00771573550291127 -0.0038500445711283 0.999962821600108 191.048062689379
0.999974866431332 -0.0012618469717447 -0.00697669318936816 0.0943041550258591 0.00129604938586441 0.999987154868692 0.00490003608236838 -3.30158370069505 0.00697042047713607 -0.00490895506589848 0.999963657038861 192.29680975448
0.999983059630473 -0.000398273513079 -0.00580705005037068 0.0878160499466105 0.00042378626912786 0.999990261623149 0.0043928423673207 -3.31905433774253 0.00580524394636686 -0.00439522889902321 0.999973490201439 193.531748270158
0.999992809081614 -0.00125145183726723 -0.00357989571939175 0.0655415355049777 0.00126166832275886 0.999995134232587 0.00285301668312082 -3.36790348013742 0.00357630788748197 -0.00285751280833863 0.999989522266331 194.763527881831
0.999996563547725 -0.000757254057317181 -0.00250987231403687 0.0631607989603549 0.000760552454987646 0.99999884817011 0.00131347570060496 -3.38725819249348 0.00250887478828745 -0.00131538007645855 0.999995987653226 195.993538839053
0.999995010422891 -0.00229467223706408 -0.00217108467066773 0.0616812569015509 0.00229785895999836 0.999996284680156 0.00146644811882445 -3.40796876494265 0.0021677115866084 -0.00147142964823189 0.999996567954744 197.223416594776
0.999997394094005 -0.00222825543462441 -0.000496671841217157 0.0564948252605099 0.00222900895783324 0.999996357830301 0.00152179012925684 -3.43422605974627 0.000493279095128153 -0.00152289324959799 0.999998718735121 198.467252863557
0.999995476720798 -0.0027864714698824 0.00113230503442381 0.0469790516881878 0.00278256108955401 0.999990210133234 0.00344049291155749 -3.45215621058473 -0.00114188078464877 -0.00343732664131717 0.999993440425403 199.658990954236
0.999996723364835 -0.00209076535724394 0.0014771458339974 0.0546258659948789 0.00208481865588028 0.999989762826186 0.00401593998973071 -3.48004706126396 -0.00148552710040605 -0.00401284724976834 0.999990845091186 200.85780541363
0.999992225171866 -0.00207560481105096 0.00335282872921664 0.0322935167124698 0.00206221736614546 0.999989907881801 0.00399141504765541 -3.50692333603925 -0.00336107949234862 -0.0039844697534583 0.999986413480418 202.075607976221
0.999992379244331 -0.00125870554639758 0.00369555322112659 0.0457394914360831 0.00124286440724451 0.999990043928281 0.00428571258717253 -3.53569672677192 -0.00370091087813742 -0.00428108685524042 0.999983987648807 203.285448875539
0.999983464569923 -0.00171671947531314 0.00548848439699055 0.0289156639301481 0.00169110242178422 0.999987671829918 0.00466865727798101 -3.54966823855188 -0.00549643150889408 -0.00465929849046936 0.999974039752155 204.452312081733
0.999978269009307 -0.00149116550958466 0.00642167692847995 0.0191163338400318 0.00146274839725245 0.999989128254658 0.00442761105066376 -3.57226712767738 -0.00642820941453232 -0.00441812153665442 0.999969578700177 205.634185982363
0.999974488156608 -0.00172945611203091 0.00693051350812794 0.0143183328908708 0.00169878197502314 0.999988747215471 0.00442939976013136 -3.58980941711748 -0.00693809597304054 -0.00441751332655309 0.999966173628028 206.826086683778
0.999966095259286 -0.00263456958727599 0.00780175460941906 0.0188421619880976 0.00259921386024398 0.999986323216722 0.00453844321429732 -3.61972513955441 -0.00781360475097805 -0.00451801091084187 0.999959266749504 207.972912755533
0.999967075852486 -0.00224358069024794 0.00779830473338229 0.0230427754858321 0.0022037633733171 0.99998451175081 0.00511074216602652 -3.64060526116605 -0.00780965031373186 -0.00509338828085215 0.999956532434184 209.095766405608
