1 -1.73472347597681e-18 -2.50721752387273e-19 8.67361737988404e-19 1.73472347597681e-18 1 -8.67361737988403e-19 1.38777878078145e-17 2.50721752387273e-19 8.67361737988403e-19 1 5.55111512312578e-17
0.999983062608509 3.74347124749614e-05 -0.0058200596860294 -0.019156000932122 -3.58360423085639e-05 0.99999996160399 0.000274786820824336 -0.0519498614025238 0.00582006974912796 -0.000274573598747228 0.999983025554661 0.102060065759334
0.999917476827756 0.00059748713785203 -0.0128328696531163 -0.020059883543792 -0.000593970187570372 0.999999784994496 0.000277867555669062 -0.0580357729806759 0.0128330329162693 -0.000270222283161977 0.999917616729542 0.160428579214424
0.99978324114644 0.000902450923102388 -0.0208003919446295 -0.0319018849145381 -0.000900680324990913 0.999999589923078 9.44914152136883e-05 -0.0643508518764127 0.0208004686887337 -7.57364295862281e-05 0.999783643978197 0.221056979418558
0.999554943723548 0.00139547634252446 -0.0297987772163886 -0.0498266980494375 -0.0014058729998769 0.999998957985402 -0.000327946975330631 -0.0826558217509521 0.029798288523382 0.000369694316788784 0.999555864035217 0.422062713693232
0.999161187093896 0.000768719113960129 -0.0409430247544041 -0.0693224397809979 -0.000874315429848194 0.999996337752384 -0.00256126030478403 -0.0767842722443363 0.0409409059211572 0.00259490900487191 0.999158200021204 0.538763792223288
0.99850026681437 0.000584965831744235 -0.0547437209788243 -0.0918443639840986 -0.000727881673286225 0.99999637914041 -0.00259073239422934 -0.0742081876153637 0.0547420072695674 0.00262669393811061 0.998497077171012 0.629663919909598
0.997492564566766 0.0012857856293012 -0.070759666402071 -0.108372303090954 -0.0014967665210747 0.999994591148536 -0.00292871365177452 -0.0778202187581109 0.07075551797562 0.0030272807911033 0.997489093798531 0.781599215049539
0.996021013210479 8.18297824181051e-05 -0.0891186543157949 -0.143494847255531 -0.00034766997648487 0.999995536605343 -0.00296747282701014 -0.0862076963859293 0.0891180137164137 0.00298664917228354 0.996016596025369 0.937247829205862
0.994017805153907 -0.00049091808447672 -0.109217040961768 -0.162510493148685 0.000142850151282429 0.99999488660403 -0.00319473936761063 -0.0938435964805531 0.109218050847121 0.00316002614340709 0.994012792474991 1.1183148073518
0.991307551156448 -0.000393615437165902 -0.131564372407933 -0.220797090831418 -5.36274491775344e-05 0.999994232605809 -0.00339586207247796 -0.101160125271704 0.13156495028807 0.00337339917682807 0.991301812786445 1.28631437210524
0.987861891397005 0.00300619962870626 -0.155305654402293 -0.287575016668265 -0.00365463399328785 0.999985756228678 -0.00388985734107314 -0.108657791024451 0.155291748576373 0.00441022715414548 0.98785880707748 1.44236041215661
0.983514981412413 0.00613259038329821 -0.180722640176961 -0.341177814598415 -0.00726304837885636 0.99995797608912 -0.00559412048469385 -0.117572751285701 0.180680739055348 0.00681449858328239 0.983518191567127 1.61712437539025
0.97813400672104 0.0100496144871813 -0.207732689157253 -0.428996874816102 -0.0116666939675144 0.999910418593894 -0.00656071941579072 -0.13659462845942 0.207648147469976 0.00884081648058636 0.978163629878071 1.81190022140552
0.971443202873811 0.0106383791673342 -0.237033602003943 -0.50740024713757 -0.012664617609964 0.999895107136402 -0.00702724593827191 -0.134121241861645 0.236933980363866 0.00982851023174918 0.971476036418583 2.00319315047355
0.963260701551168 0.0124220814779465 -0.268280660389277 -0.553801431116342 -0.0145585238932651 0.999876163730336 -0.00597549880388341 -0.14909732984124 0.268173209380059 0.00966173357432514 0.963322262109175 2.16285446332259
0.95399261748823 0.0141615827946313 -0.299495467996941 -0.679430345168164 -0.0164798605466567 0.999850592086412 -0.00521610015370603 -0.148707026379097 0.299376852769747 0.00991176458566003 0.954083464351248 2.37916813701162
0.942738197422525 0.0166538181102347 -0.33311760905554 -0.798588600611047 -0.0191005499618849 0.999809279123326 -0.00407116323044746 -0.160753604892086 0.332986276161169 0.0102007706202339 0.942876494651909 2.57442036664175
0.930192056687762 0.0185102644858051 -0.366606202598451 -0.878559716992866 -0.0214734156054907 0.999761394509817 -0.0040058045409475 -0.161756307860517 0.366444579844245 0.0115984549165804 0.930367586358383 2.74649458652936
0.916447703971324 0.0212153017791083 -0.399591687671439 -1.02987098396938 -0.0246443246323359 0.999690347461769 -0.00344477215276064 -0.157835103389087 0.399394871210315 0.0130046208014598 0.916686760397851 2.95785441353385
0.900544115120261 0.0213557088850302 -0.434239830531798 -1.18571187328459 -0.0250202221804725 0.99968323398001 -0.00272400097442626 -0.161067669136666 0.434044105137146 0.0133178600866177 0.900793177926214 3.16811927139505
0.882289291433749 0.018153014000314 -0.47035738997494 -1.28474823753928 -0.0223370323510552 0.999745000630068 -0.00331522260689195 -0.155363285566825 0.470177267854457 0.0134313736412079 0.88246979268133 3.33682165303932
0.861372611004854 0.0134102129955147 -0.507796604161643 -1.46565556150997 -0.0174872523660633 0.999841774687905 -0.00325907864667739 -0.166939055199411 0.507672552946647 0.0116872484509633 0.861470827833583 3.53221671721448
0.836603351165406 0.0155353861889747 -0.547588791516747 -1.6090735636164 -0.0185684554890296 0.999827591363049 -3.14895757038552e-06 -0.181650674182385 0.54749433355932 0.0101705125300263 0.836747581648918 3.69206810465355
0.807830776582575 0.0199898209920799 -0.589075414070812 -1.8249086835519 -0.0229758436397224 0.999733098344629 0.0024171643080637 -0.175303866908228 0.588966507549484 0.0115818448855849 0.808074448212545 3.89649870018043
0.775916178911524 0.0229417057419722 -0.630418719139104 -2.04600067607118 -0.0259488075085263 0.999653408635995 0.0044409448681716 -0.180013163994416 0.630302104305725 0.0129128130198439 0.776242562970937 4.06733651708132
0.74024796213613 0.0222184487545544 -0.671966736593597 -2.20989095136144 -0.0254147477318991 0.999664205027599 0.00505645965699171 -0.161766718815075 0.671853440231596 0.0133348311380421 0.740564066862205 4.1995416788873
0.700982364108875 0.0205739606563221 -0.712881783573718 -2.471491813045 -0.022097085912957 0.999730445605406 0.00712424899703768 -0.181009695804679 0.7128361971747 0.0107586371129667 0.701248035808289 4.38456244060034
0.659112286756229 0.0172142023373594 -0.751847500950068 -2.71348274306611 -0.0172011616583811 0.999821528338283 0.00781226656618771 -0.180162575620821 0.7518477994146 0.00778348952510273 0.659290758168379 4.55142055602383
0.614761134857644 0.0163901393057486 -0.788543030152496 -2.93528612015633 -0.014523129264204 0.999849784618068 0.00945975240580594 -0.171928082131162 0.78857962551978 0.00563662423282621 0.61490682439077 4.64692811066994
0.567156918039299 0.017428373054318 -0.823425334886438 -3.25777545381992 -0.0128375679146127 0.999841693221565 0.0123201195558958 -0.160626722192896 0.823509700714085 0.0035833376220198 0.567290871177463 4.7860443478626
0.51677045530326 0.0183993085579009 -0.855926259656901 -3.549396513926 -0.0121981122063014 0.999825788438409 0.0141279450776303 -0.167341055782506 0.856037091827371 0.00313977994534824 0.516904864745566 4.92306343384584
0.464067773364477 0.0191466559073632 -0.885592743473038 -3.83376568937679 -0.0112720369232672 0.999813061258496 0.0157093513715818 -0.153832828844126 0.885727973425327 0.00269223039139541 0.464196842931296 5.02659568345447
0.409929410542073 0.0213492318042306 -0.91186736353156 -4.21290931889348 -0.010350546967995 0.999770546824869 0.0187541963028447 -0.154746950694197 0.912058520353871 0.00175042933919972 0.410056327163765 5.15392271017495
0.355005172474736 0.0223025190851232 -0.934598269396343 -4.52081601040778 -0.00979884787999888 0.999749247532643 0.0201351592528588 -0.148804901546424 0.934812981347824 0.00200990058735756 0.35513469304367 5.16657563414271
0.299753987999504 0.0252132802240774 -0.953683300251575 -4.91292429480325 -0.00841123203396391 0.999681696924536 0.0237856261164328 -0.159155118134183 0.953979453580665 0.000891815239866578 0.299870650133544 5.26271839545821
0.246412392155165 0.0274380450919077 -0.968776592757021 -5.30101562601878 -0.00485867826713311 0.999621574931091 0.0270758227535595 -0.151178863533319 0.969152891053762 -0.00196484447733805 0.246452456162064 5.3114844620232
0.195839405486881 0.0276252729925649 -0.980246791145287 -5.66909415661167 -0.00240296720155262 0.999613642774504 0.0276909900096355 -0.165472499779676 0.980633036873209 -0.00306748613228085 0.195830124142469 5.32783125325715
0.148130829983834 0.029074637818596 -0.988540298947907 -6.10136376127145 -0.0041103981226926 0.999577223267197 0.0287833172638646 -0.138533434428854 0.988959231634739 -0.000200402486982839 0.148187712052214 5.36597493073443
0.105242062567881 0.0297005392849166 -0.994003011178861 -6.51161882564061 -0.00575973258652519 0.999555339027584 0.0292566180886133 -0.119133978327125 0.994429954168211 0.00264616470318461 0.105366332693957 5.33661376800101
0.0672083936799047 0.0277731168935536 -0.997352337841038 -6.98732005054777 -0.00810764628475826 0.99959470037833 0.0272892111882717 -0.116647355977349 0.997706017768104 0.00625211592773643 0.0674063287513713 5.37318607813877
0.0322679628224268 0.0252863016629092 -0.999159337404952 -7.45039174702397 -0.00733539119075627 0.999658984716156 0.0250620492446943 -0.120211740311921 0.999452335337393 0.00652052332848053 0.0324424438683907 5.3393991910041
0.00153874701520014 0.0234614620099044 -0.999723557818851 -7.90127133892811 -0.00673402122390488 0.999702316881569 0.0234505987083279 -0.126602738776681 0.999976142323295 0.00669607511762274 0.00169627893930872 5.33341133646156
-0.0259780739266362 0.0210743210800061 -0.999440349728827 -8.4155850013005 -0.00796110071326195 0.999741696010184 0.0212876051756642 -0.122157614308525 0.999630812125404 0.00850965626206338 -0.0258035888939116 5.31084463144645
-0.046653229431329 0.0192782402111105 -0.998725100134161 -8.88448042149534 -0.0082530454994304 0.999772188240441 0.0196839747232127 -0.109656300133499 0.998877051204808 0.00916084468171294 -0.0464834970834319 5.26112437748989
-0.0630641607363827 0.0185919135648867 -0.997836285359784 -9.47714755575735 -0.00978296120025827 0.999766911996148 0.0192461774864726 -0.0813589733340058 0.997961524960141 0.0109755376944525 -0.0628675772679982 5.21924323040986
-0.0765149033369345 0.0188879096423247 -0.996889520677534 -10.0090197982726 -0.00983825432306381 0.999757581756528 0.0196973722159645 -0.0937372255247548 0.997019898657602 0.0113147951675189 -0.0763105306697759 5.1742530391697
-0.0859891642916858 0.0196530992498191 -0.996102213286515 -10.5608085892258 -0.0117714706622942 0.999715590152838 0.0207405709615239 -0.0870064247075992 0.996226528507881 0.0135090523442624 -0.0857333622453696 5.10217735616957
-0.092914803960614 0.0213491136925527 -0.995445153963544 -11.1194885924988 -0.00485578024490633 0.999748491335099 0.02189464481114 -0.0834601014173666 0.99566222214322 0.00686799954391826 -0.0927877684778058 5.04223172917716
-0.0974091774025649 0.0223515361707692 -0.994993397459783 -11.7000086107013 -0.00754695409170015 0.999702446508406 0.0231961619464308 -0.0829266391873745 0.995215803553025 0.00976868854627225 -0.0972115069443557 4.98785562794092
-0.0990265257112351 0.0236096821527379 -0.994804669326702 -12.3020221236271 -0.000372030843478335 0.999717543392061 0.0237633126309001 -0.104846243618318 0.995084724432354 0.00272329630945374 -0.0989897714847212 4.91049019155718
-0.0981689356430056 0.0249659718731884 -0.994856552636181 -12.935622219437 0.00250588667764311 0.999688300061422 0.0248399527427549 -0.0879761080468897 0.995166609471338 -5.448605923815e-05 -0.0982008982881069 4.85386866727388
-0.0969438670041695 0.0265566571340871 -0.994935490678738 -13.5868345519573 -0.000711178900412175 0.99964185962021 0.0267515741522052 -0.0781339786599893 0.995289596486796 0.00330097817500551 -0.096890260956603 4.77736126469376
-0.0950403561841897 0.0272056322628536 -0.995101594948757 -14.2278683325927 -0.00102659900514257 0.999623273650661 0.0274273015519006 -0.056476202673553 0.995472891037654 0.00362827081605399 -0.0949766227027492 4.71477191682811
-0.0934867019008185 0.0249501621495555 -0.995307854875274 -14.8889822215447 -0.00520271575404585 0.999660059476587 0.0255479399570646 -0.0545920570125982 0.995606934646646 0.00756669650363128 -0.0933251133807607 4.65181032008543
-0.0920424977790941 0.0246332744075978 -0.995450340496474 -15.5703997552953 -0.00222241732725433 0.999686389892695 0.0249435908508422 -0.0591391361751687 0.995752599526513 0.00450817649063186 -0.0919588869056185 4.5940475456847
-0.0899671939156122 0.0272807644550146 -0.995571024040827 -16.2959287762951 -0.00494098759373079 0.999600245259659 0.0278376780358635 -0.0366892532858062 0.995932472942091 0.00742358185647649 -0.0897964351846496 4.50710379160193
-0.0887039713172222 0.0306976650680451 -0.995584882785955 -17.0166267224621 -0.0120961226305927 0.999418072069717 0.0318935892893101 -0.000868461664686113 0.995984582857515 0.0148718048608654 -0.0882810292776498 4.45466983805243
-0.0862698805074905 0.0328270161927031 -0.995730834475415 -17.7184955766924 -0.00817782336592744 0.999400001436736 0.0336565050658463 0.00172233278301709 0.996238240042119 0.0110464535546778 -0.0859496651630787 4.38874627016994
-0.0851617061484744 0.0322391960904195 -0.995845428789691 -18.4944588121022 -0.0110300951881158 0.999384632932684 0.0332970337739748 0.0179212218492305 0.996306087909746 0.0138199020780753 -0.0847536990374486 4.32966265585629
-0.0833004923934983 0.0292783832034054 -0.99609427477724 -19.2382022457603 -0.0142105240870257 0.999431763484841 0.030564867785624 0.018025180867443 0.99642314754936 0.016701090221155 -0.0828370968422485 4.23909820340669
-0.0820546511496838 0.0287293509754311 -0.996213661127589 -19.9764903247686 -0.013568048299273 0.999459590889267 0.0299405117659568 0.0299056347588283 0.996535469659787 0.0159734333187733 -0.0816205068469831 4.17633715928179
-0.0803688248563816 0.0308220209260163 -0.996288540041107 -20.762967989925 -0.0106016857281657 0.999438828891759 0.0317747000487813 0.0557590570601927 0.996708812166786 0.0131160332991734 -0.0799969588145044 4.11609139462789
-0.079089941277601 0.0337298405795086 -0.996296682240379 -21.5433267100108 -0.00614664184157365 0.999391904944595 0.0343225745725074 0.0697534007996464 0.996848534122801 0.00883844928111541 -0.0788345218259622 4.03562957506988
-0.0780682886934881 0.0338822100085988 -0.99637208820069 -22.3305006070233 -0.00751330250043238 0.99937393383278 0.0345729758790158 0.110485925670159 0.99691970217566 0.0101850979635553 -0.0777648454860266 3.96150546318629
-0.0770876535525986 0.0304753956728807 -0.996558449830383 -23.1668308720998 -0.00922112219540987 0.999468197815567 0.0312776671246544 0.121363621161626 0.996981677151196 0.0116005092079931 -0.0767656408225934 3.90142650056478
-0.0766403432625268 0.0245926664924192 -0.996755465768508 -23.9638987012724 -0.00783137552070583 0.999650082177244 0.0252662375608964 0.113978634320464 0.997028047419959 0.00974237947436888 -0.0764209310341195 3.84709947075497
-0.0772208391723286 0.0190780704490258 -0.996831464805091 -24.7808379153862 -0.00687528698172987 0.999782943047818 0.0196671609431126 0.0913023427091539 0.996990307087506 0.00837221706511756 -0.0770729106429382 3.79747807057618
-0.0773396737229316 0.0207242282964355 -0.996789386595758 -25.5927154567111 -0.00387857462790032 0.999770118285742 0.0210871345082491 0.100471472112564 0.99699725753248 0.00549699412683019 -0.0772415142801026 3.7163867435006
-0.0775261785398216 0.026732570348651 -0.996631858473111 -26.4552604256655 -0.00524303108275666 0.999615704977122 0.0272204516523197 0.123303128491007 0.996976530448975 0.00733566940677238 -0.0773562259180061 3.64761319900088
-0.0781033433224282 0.0334782471660653 -0.996382996005324 -27.3160833235842 -0.00594777342313086 0.999402570807485 0.0340459315439619 0.162949373582254 0.996927525827814 0.00858536138300992 -0.0778575610763471 3.57548763768052
-0.0780895888138086 0.0396656715404809 -0.996156940757897 -28.1210124012564 -0.00715586413445773 0.999160135823003 0.0403462091236211 0.169094862345639 0.996920663707689 0.0102789826053201 -0.0777401620092218 3.50029938383504
-0.0778169603236549 0.0412694844373454 -0.99611312125695 -28.9892011817283 -0.00826411653339071 0.999081830695724 0.0420380774013708 0.189897516730233 0.996933410546517 0.0115032703157322 -0.0774044553506705 3.42067770871803
-0.0785017884393811 0.0375977506980726 -0.996204737167147 -29.811257054363 -0.00865865833994308 0.999225161931071 0.0383940542216868 0.182887924250012 0.996876369891257 0.0116397983776041 -0.0781154161875743 3.35282425520983
-0.0792203237207305 0.0354730849381726 -0.99622577790105 -30.6479793394616 -0.00883251692471626 0.999302449306232 0.0362850031740487 0.186826756278459 0.9968180009181 0.0116736907418055 -0.0788517469058702 3.27769478843413
-0.0792292871582687 0.0360982046140628 -0.996202609753675 -31.4850985956243 -0.0114312613330813 0.999245520026896 0.0371176099784555 0.215035079552719 0.99679087391525 0.0143286541524036 -0.0787568622372261 3.20555539921054
-0.0791577922229475 0.036968609539865 -0.996176372857276 -32.3360758157885 -0.0122518328006227 0.999200558477159 0.0380543891287115 0.2452364841649 0.996786805953718 0.0152172877879998 -0.0786415769740341 3.12919008659463
-0.0792151738051323 0.0359897706646148 -0.996207655384424 -33.1749691970678 -0.013246446765341 0.999221828346207 0.0371519771284953 0.253488937657281 0.996769525962304 0.016139211999713 -0.0786767942211212 3.04682118233832
-0.0783974009109779 0.0315497941216065 -0.996422830941407 -33.957464151373 -0.013341357738945 0.999376393663308 0.03269299561377 0.253351954697114 0.996832912630841 0.0158566793309552 -0.0779275947050233 2.98357529272966
-0.0787509277010538 0.0286525650637171 -0.996482474457776 -34.7838862428792 -0.0136640245641364 0.999461943252267 0.0298180888574769 0.242510115470759 0.996800675069461 0.0159641631685212 -0.0783170458801579 2.91708251987085
-0.0780088230108492 0.0285859025770404 -0.99654275859409 -35.6035878170368 -0.0143704676076674 0.999452745284284 0.0297942881177823 0.269050611405216 0.996849092487523 0.0166450027805462 -0.0775553395275697 2.8431647722352
-0.0772594886875777 0.030203910293199 -0.996553408107531 -36.4346507834375 -0.0123790643549282 0.99943490872499 0.0312509517865731 0.28452943203971 0.996934165415867 0.0147508313281169 -0.0768419338753187 2.77351587922625
-0.076614680337392 0.0356658847804547 -0.996422669061492 -37.3083235909707 -0.0118928732858892 0.99925622783176 0.0366817489284111 0.30918297177322 0.996989844643267 0.0146606890107025 -0.0761335266221554 2.7042687709852
-0.076364578643832 0.0405841035969489 -0.996253673350208 -38.1016848033761 -0.0118357148688201 0.999063997949882 0.0416058151457528 0.350721688939704 0.997009712581625 0.0149685849575263 -0.0758127593632848 2.63463103062265
-0.0770287181150534 0.0431766575828312 -0.996093546222204 -38.9678741309193 -0.0137418878590103 0.998921009592987 0.0443618880549352 0.391972464933239 0.996934168891618 0.0171053451793046 -0.0763522760805126 2.59320824305423
-0.0762888960658282 0.0434829283478329 -0.996137158868875 -39.800917020964 -0.0132099125315966 0.99891687126128 0.0446159446889056 0.395878403947965 0.996998246010476 0.0165625859053816 -0.0756318596899615 2.5140546871474
-0.0764491096955318 0.0395364741745945 -0.996289315829796 -40.5725621141825 -0.0136611152785333 0.999078203606105 0.0406954175374209 0.385023028427804 0.99697989325568 0.0167215516337457 -0.075838526850492 2.4590211704669
-0.0755472433648789 0.0357796861503224 -0.996500089352205 -41.4631938093477 -0.0175903901034166 0.999152693824203 0.0372085017146447 0.391462871564822 0.996987057185788 0.0203398250440735 -0.0748538530818493 2.36046876539516
-0.0757132238611509 0.033211556897087 -0.996576389556276 -42.2649464623253 -0.0189628483290343 0.999216457142351 0.0347402095436811 0.412649738778372 0.996949305690014 0.0215282201856163 -0.0750241135891543 2.29841113395463
-0.0747635928483499 0.030615680910184 -0.996731200107036 -43.1184011442221 -0.0195876294043601 0.999290664096591 0.0321635418402839 0.426463436452452 0.997008891614675 0.0219282633101675 -0.0741108717360439 2.19137338666625
-0.0764562414587497 0.0277459011824626 -0.996686815458885 -43.9219055550093 -0.0191806447893768 0.999386840523882 0.0292924197217742 0.443114583213569 0.996888432076261 0.021356684088731 -0.0758771773148489 2.14363161843084
-0.0774630679486472 0.0249321599587722 -0.996683430435047 -44.6830323071234 -0.0202936970585126 0.999440721471436 0.0265783770074782 0.456972828195383 0.996788663139625 0.0222852342245831 -0.0769137788167692 2.09328403610889
-0.0783561153731484 0.0234859814460374 -0.996648748486219 -45.5564781244961 -0.0188641572724225 0.999508538739047 0.0250364645694244 0.454048653849187 0.996746940177913 0.0207626988431447 -0.0778745631301885 2.03624179075833
-0.0800943060067763 0.0263657208195757 -0.996438533433426 -46.3886805784118 -0.019576939934667 0.999415693981377 0.0280181021219853 0.483904803086143 0.996595025859595 0.0217513077627012 -0.0795313462889 1.96916933106084
-0.0811826909349413 0.0319874346992384 -0.99618581334705 -47.1914829388528 -0.0172956346787786 0.999289167925235 0.0334965653216853 0.490669425318808 0.996549161714373 0.019949007209725 -0.0805717406894396 1.86147660251431
-0.0837726577441115 0.0350868460386801 -0.995866986624994 -47.9922967085043 -0.0159678759617836 0.999204331495396 0.0365476518822626 0.498969161582398 0.99635694846363 0.0189635744493469 -0.0831457400733617 1.84206214067209
-0.084827745050558 0.034666695949646 -0.995792384918449 -48.8220860581114 -0.0162268548441436 0.999213969365693 0.0361681158801795 0.501858026099363 0.996263490674784 0.0192266381978182 -0.0841985364012082 1.71679455992233
-0.0862265000898225 0.0320471241909227 -0.995759997445846 -49.6048432709767 -0.017661796807262 0.999276270966993 0.0336896900525808 0.495829047290735 0.996118994706857 0.0204918548060333 -0.0855980856725757 1.66138050296834
-0.087243861360851 0.0285872775804061 -0.995776720060973 -50.4708757913879 -0.020045610546249 0.9993353951004 0.0304457155829011 0.488108331214595 0.995985282096416 0.02261715411071 -0.0866128292301763 1.59769409817831
-0.0889499498044338 0.027634555562413 -0.995652669241968 -51.2160538247424 -0.0228573756765916 0.999295166272299 0.0297776936984149 0.493697690573094 0.995773792990641 0.0254067314640307 -0.0882556014615887 1.5214508679231
-0.0895026303062293 0.0284895255750215 -0.995579040609422 -51.9967634279063 -0.0238459800676364 0.999242981808985 0.0307381284417747 0.504083192161953 0.995701083861457 0.0264917013043584 -0.0887555145279454 1.43762603265055
-0.0907089232599461 0.030011245968171 -0.995425143522334 -52.764215942299 -0.0228794363234253 0.99921920140214 0.032210540864615 0.512098304770261 0.995614595430653 0.0256965496654054 -0.089951457468736 1.35088859509248
-0.0916736429699832 0.02942113825117 -0.995354379007104 -53.5662016692347 -0.0249309800466451 0.999182299497301 0.0318304666192601 0.526266490045973 0.995476965790031 0.0277331749947889 -0.0908651835753529 1.26729319422345
-0.0920258259675634 0.0290214829653283 -0.995333612856253 -54.3455128997936 -0.0248134196368601 0.999197955229298 0.0314283386693557 0.525346372248915 0.995447407732278 0.02758984943931 -0.0912318948997739 1.18645540239023
-0.0926891782397979 0.0302992775063496 -0.995233977524795 -55.122349726233 -0.0239622550805654 0.999179522220835 0.0326510751124465 0.535266465190973 0.995406714146878 0.0268744517551134 -0.091887089812319 1.13678100015415
-0.0932758184646296 0.0334575490695446 -0.995077993978368 -55.8395284313381 -0.0229295346279634 0.999097963855764 0.0357420629092877 0.538487595396221 0.9953762394851 0.0261505454919294 -0.0924245142750344 1.0550977257282
-0.0926616551667207 0.0371154727351964 -0.995005657946429 -56.6086791437429 -0.0206344165585329 0.99901882692122 0.0391867874447353 0.551154536378563 0.995483821322603 0.0241624738094593 -0.091804881920051 0.951422136988185
-0.0935050147063807 0.0389601650302446 -0.994856229696319 -57.3972805042292 -0.0226913091232252 0.998891119094685 0.0412508991907062 0.562961057820766 0.995360194459791 0.0264317561766839 -0.0925172716328284 0.865724998000566
-0.0942760627541592 0.0389619664564217 -0.994783388060648 -58.1413546033415 -0.0225477465252361 0.998894001415531 0.0412598238326719 0.573965818603688 0.995290722913766 0.0263199374223816 -0.0932932890184196 0.786874453100504
-0.0944347032232484 0.0375224312847628 -0.994823679843628 -58.8535985448846 -0.0216534516046205 0.998975623700272 0.0397345100165902 0.598137593796392 0.995295541465319 0.0252936830677624 -0.0935254764014824 0.730507308269224
-0.0946040534290076 0.0339499723184833 -0.994935913742376 -59.6082806155739 -0.0219024400383978 0.999105431405351 0.0361748539277231 0.59370547618499 0.995274010609724 0.0252138120065558 -0.0937758363808727 0.636143060180595
-0.0946008634475495 0.0313750138699323 -0.995020746085045 -60.3462324664512 -0.0230538406949493 0.999166149998121 0.0336975537263989 0.603211033610028 0.995248309249601 0.0261268674470018 -0.0937986659458268 0.576767416153949
-0.0931894552764846 0.0293656513273881 -0.995215245033651 -61.1158110847046 -0.0225601393660792 0.999246048659856 0.0315970623547259 0.589807170720628 0.995392769482005 0.0253967076563799 -0.09245670177527 0.491003103058864
-0.0906746291314018 0.0287221899327794 -0.995466296484893 -61.762745004614 -0.0230737074398092 0.999255092007362 0.0309332365319221 0.610454862148805 0.995613235979145 0.0257739578416487 -0.0899443574678928 0.414839859576804
-0.0867209503457328 0.0289798776870686 -0.995811048071056 -62.4183280655232 -0.0251428185365444 0.999194753381359 0.0312679307150949 0.622666513119752 0.995915315399443 0.0277490811452942 -0.0859224827878043 0.350399777030697
-0.0809333637297645 0.0307492920100818 -0.996245086149118 -63.0860513655715 -0.0257702228789037 0.999125316090338 0.0329317227024915 0.646570498099488 0.996386313759958 0.0283387330038039 -0.0800701565102869 0.297667606105599
-0.0734975770426987 0.0311789915310746 -0.996807893556205 -63.7561839231399 -0.0262984640665783 0.999103010252861 0.0331898431965192 0.648438606502774 0.99694859293576 0.0286538896273407 -0.0726116908812397 0.246601164482561
-0.0645977933130091 0.0330268372427042 -0.997364704168357 -64.3902368688836 -0.027196551624957 0.999022671263795 0.0348432185749682 0.655113859980837 0.997540712291384 0.0293756756976905 -0.0636364439492286 0.179276910306802
-0.0533216782404531 0.0350394880884493 -0.997962440627963 -64.9988080371362 -0.0295925143053159 0.998889797004684 0.0366531927262877 0.651290670288452 0.998138808847102 0.0314866275494874 -0.0522255738010469 0.137246669678126
-0.0388443056882606 0.0363673943733982 -0.998583262698753 -65.6065101744744 -0.0323986701801313 0.998766229946303 0.0376343472031503 0.660927658769651 0.998719903719835 0.0338146498627136 -0.0376181255315313 0.151119921148881
-0.0203149291609113 0.0373815590635445 -0.999094551429025 -66.1866100331079 -0.0339865099242619 0.998697413686787 0.0380577592415995 0.670471222819612 0.999215802915644 0.0347288775704347 -0.0190179984841349 0.128712529875627
0.00129802800870498 0.0377441023750835 -0.999286594455859 -66.7145102359888 -0.0352880398202176 0.998666791080809 0.0376748541869429 0.677898745288165 0.9993763402087 0.0352139621210095 0.00262821285377673 0.140956191065545
0.0268413601036225 0.0382973890786502 -0.998905827081585 -67.3046653578951 -0.0363180484491918 0.998643507928197 0.0373114383226684 0.688442148815755 0.998979749917199 0.0352768204721262 0.0281958364434815 0.155549953307875
0.055993310189442 0.0389305209954254 -0.997671871784032 -67.8098118352969 -0.0362378355953484 0.99866040479209 0.0369352835628014 0.681858027442496 0.997773305157736 0.0340853404783463 0.0573290596389107 0.206895655275868
0.0902741396552783 0.0382147640335414 -0.995183506454644 -68.2869222512505 -0.0353939875109888 0.99875540289653 0.0351412981129277 0.700095647649908 0.995287820360307 0.0320511621450835 0.0915143576034837 0.26706526544688
0.127636424783474 0.0379311234981284 -0.991095440882795 -68.7445776549171 -0.0353374607613974 0.998807904309503 0.0336754236171553 0.713582876906359 0.991191306930922 0.030724585579433 0.12882465953979 0.376671557576645
0.167668955504269 0.0376585821126539 -0.985123826000251 -69.2280486450796 -0.0352640245659629 0.998859743283466 0.0321817000653934 0.70835912920454 0.985212449135474 0.029343558764272 0.168805763016341 0.490917621028373
0.212976526362965 0.0372142705241316 -0.976348348330514 -69.6791930366681 -0.0345765110102016 0.998935539237169 0.0305328239000065 0.745970302018853 0.976445320591341 0.0272559446415667 0.214036560841761 0.589606725297447
0.259485224305485 0.0373928440954231 -0.965022897955063 -70.1028312439473 -0.0294675290327857 0.999091425860277 0.0307894057295727 0.716522500474605 0.965297406553977 0.0204474444108231 0.260351337460041 0.772797504310355
0.310514338510452 0.0340250668048897 -0.949959546722038 -70.5174249115683 -0.0218406662040647 0.99935072602021 0.0286550467220421 0.69733259843298 0.950317752585512 0.0118499464894396 0.311055859756762 0.932083736351003
0.36060877712118 0.0284111868752215 -0.932284352718369 -70.928311430697 -0.0152963577532485 0.999581684662955 0.0245454094659826 0.6815210825337 0.932591728090407 0.00540926489546925 0.360892516617675 1.1624486455497
0.413271137787348 0.0239213550372801 -0.910293763268282 -71.3000903074771 -0.0100630785340946 0.999713825139786 0.0217025868226179 0.685520688949418 0.910552415362437 0.000191304879753232 0.413393592451643 1.38598791617285
0.463446205031144 0.0232527152862653 -0.885819917519383 -71.676933251403 -0.00939513460268345 0.999728399250668 0.0213274278217906 0.701895343296486 0.886075248772941 -0.00156171812825192 0.463538795084575 1.63943721873666
0.51114039042003 0.0217549424763989 -0.85922187108983 -71.9938044287331 -0.00877143153100129 0.999759592532614 0.0200952513773608 0.721902082409548 0.859452478773641 -0.00273488882240958 0.511208330441683 1.89129753964957
0.55634812910705 0.0179975013093586 -0.830754385595228 -72.3398447873091 0.00038853812316617 0.999759673486487 0.0219190398585502 0.722111216339327 0.830949221238706 -0.0125173965669185 0.556207431185502 2.16761563453716
0.599834338807895 0.0107323754643121 -0.80005223710942 -72.6607234802662 0.00964773131235238 0.999740330507694 0.0206444384009718 0.694195334493546 0.800066051815361 -0.0201019320777854 0.599575037054846 2.49993026185723
0.642064227660682 0.00527950912735768 -0.766632672367847 -72.9435003170575 0.0130905637955439 0.999755005126455 0.0178484415038731 0.698404515485404 0.766539082303053 -0.0214954997145108 0.641837813465377 2.77523672660661
0.683192628171588 0.00139679028852677 -0.730236866906135 -73.2537059396564 0.0102457791275348 0.999881399790912 0.0114982764897734 0.723489856772936 0.730166321341972 -0.0153373833835952 0.683097290178256 3.11147009807249
0.72318961959385 -0.006042320346175 -0.690623098713428 -73.5086679887543 0.00811143970816365 0.999967069253842 -0.000254860243568534 0.71799274168739 0.690601895926708 -0.0054176353436832 0.723214816337248 3.41157658081671
0.762340298091571 -0.00881699562970617 -0.647116319137233 -73.7771724586504 0.00429004521871411 0.999954069887957 -0.0085705091174992 0.737367688430759 0.647162163153623 0.0037574862045643 0.762343109026209 3.80626731292221
0.799736124693822 -0.0101262850197236 -0.600266265261848 -74.0486787700743 0.00359521931081334 0.999920590211527 -0.0120783967950543 0.725868930198452 0.600340907533224 0.00750144137689184 0.799709024032775 4.17549573732255
0.833177606701242 -0.0118662159633696 -0.552878167963161 -74.2553697574093 0.00416833698625467 0.999876113585766 -0.0151783545680729 0.709059853507973 0.552989783502697 0.0103416826162763 0.833123849702014 4.63869267191874
0.863679071534052 -0.0103288571720376 -0.503936281789274 -74.4707608122429 0.00256806665520063 0.999867212437294 -0.0160923126532454 0.687998590434617 0.504035580517619 0.0126044516895818 0.863590910888872 5.10365529641899
0.889964429611617 -0.00979303977983535 -0.455924785899976 -74.6725929230131 0.00295189291975246 0.999872159545931 -0.0157146712706972 0.664316932507125 0.456020394669206 0.0126396573065223 0.88987956415962 5.57396964194828
0.911585073827374 -0.00211706582696512 -0.411106034019723 -74.8763075006915 -0.00372359733662513 0.999903203966424 -0.013405876344147 0.628897483513801 0.411094621708939 0.0137513901102462 0.911488952907286 6.05289262692346
0.929040208790216 0.00245059430760238 -0.369970654293784 -75.06786753622 -0.00865812714527828 0.999848217286797 -0.0151188366864105 0.617916084726976 0.369877449008949 0.0172492601567054 0.928920414103748 6.57229638363772
0.942704749107469 0.00547436092712115 -0.333583254050115 -75.2224966664997 -0.0109652184303372 0.999833585639166 -0.0145796094839415 0.61557140602942 0.333447926961616 0.0174020803460062 0.942607897062523 7.0993901364985
0.953186956114336 0.00408754094963708 -0.302353962604216 -75.4167811961569 -0.00878971717494415 0.999860641854394 -0.0141928764704102 0.623071272493503 0.302253813152905 0.0161860705393518 0.953090050076604 7.66519297544587
0.96057383565153 0.00429746893215033 -0.277991794883382 -75.5607045193255 -0.0079609336526287 0.999895694554544 -0.0120508732739368 0.582869186213083 0.277911010571883 0.0137888277987378 0.960507854434752 8.20808262767047
0.966658065443643 0.00722971838665332 -0.255968583394141 -75.7214366431994 -0.00975836105667665 0.999915317466268 -0.00861001079094111 0.56606656554979 0.255884659372619 0.0108207702305461 0.966646756591764 8.80899446642325
0.971220558468753 0.00754351504961429 -0.238062433383218 -75.8661549379119 -0.00929959181582188 0.999937198701009 -0.00625429820515612 0.565278430031594 0.238000303360525 0.00828818645278706 0.971229716166892 9.43383769889992
0.974804301915109 0.011205266089834 -0.2227801943164 -76.017565205801 -0.0127956842457187 0.999901903989775 -0.00569674137609589 0.574420911643755 0.222694506965216 0.00840383302298858 0.974852056549116 10.0814644128877
0.977893372687732 0.0117804575686241 -0.208772058649828 -76.1750652095127 -0.0130615421674919 0.999903370943223 -0.00475866500036399 0.566603353307031 0.208695825951599 0.00738035201414582 0.977952750716786 10.7274185722006
0.980481073662943 0.0128955603608139 -0.196190134083606 -76.2839023523908 -0.0141564206998211 0.999887162563508 -0.00502572319831354 0.549279699576681 0.19610318697495 0.00770497655265705 0.98055299366969 11.3879438066733
0.98309285619333 0.0170709695574736 -0.182310224891554 -76.4218278886613 -0.0181541992323903 0.999826062232818 -0.00427438068595318 0.524398472489231 0.182205546435535 0.00751180926179447 0.983231768999427 12.0385444705676
0.985861445790928 0.0167126801979725 -0.166727010480071 -76.5498351780177 -0.0174683598806744 0.999842712968646 -0.00306687570278762 0.489742485702199 0.166649530770719 0.00593596193530614 0.985998325683062 12.7106190178413
0.987996400771006 0.0205771977181192 -0.153100264524943 -76.6471185048063 -0.0212608221078644 0.999769960070404 -0.0028292020287608 0.483043470618749 0.15300682830134 0.0060502789102015 0.988206610288695 13.4149822125222
0.989856009346578 0.0205582894822749 -0.140578936879003 -76.7254859208363 -0.0215783417053099 0.999750708684946 -0.00573547323219724 0.465710344421158 0.140425980251935 0.00871075298188121 0.990052860635619 14.1481911532429
0.99127050342296 0.0232678143453985 -0.129774411419123 -76.8334600831857 -0.024927093944388 0.999626798575254 -0.0111760260233942 0.435138890458897 0.129465937725254 0.0143133638875002 0.991480558852842 14.8985498405731
0.992519464171686 0.0211974343662156 -0.120232200415025 -76.9204713240544 -0.0234279944491212 0.999578090698972 -0.0171688575825356 0.413258240417826 0.119817537599639 0.0198572246521871 0.992597324352968 15.6687048131813
0.993468915250278 0.0215521742544676 -0.112049177669185 -77.0088791212155 -0.0236041938017519 0.99957650499753 -0.01701918599381 0.39673129836901 0.111634924940203 0.0195528627527435 0.993556907827512 16.4083038588728
0.994093925244854 0.0230832644793526 -0.106039759959433 -77.0780812765432 -0.0244386542451777 0.999635182680095 -0.0115001620343764 0.386763005723729 0.105735613536606 0.0140237102475953 0.994295386482774 17.1431242638446
0.994488292627708 0.0307107061596476 -0.100249131435651 -77.1730342387267 -0.0313069704546767 0.999500221161499 -0.00437966883040549 0.389970822314649 0.100064526318655 0.00749402597338768 0.994952727594298 17.9471805078647
0.995028949755482 0.02791802316767 -0.0955927462253933 -77.2646322763848 -0.0280745168965149 0.999605790337304 -0.000292275830133623 0.360890993621444 0.0955469028777506 0.00297454308138583 0.995420484741964 18.7237310409801
0.995334885934255 0.0256941739397568 -0.0929960981321111 -77.3165871479621 -0.025883395723587 0.999664625088059 -0.00082895920626351 0.331527563262406 0.0929436101518546 0.0032321468257134 0.995666128056407 19.5122504041296
0.995662706967621 0.0259473528929517 -0.0893448869928107 -77.420312106696 -0.0261763111728978 0.999656372929886 -0.00139168748116879 0.304287245550122 0.0892780750648731 0.00372437088838467 0.995999776292242 20.2563270397207
0.995892786044232 0.0254849243667612 -0.0868796715870749 -77.4530631386063 -0.0255262286326912 0.999673950624317 0.000635684641300362 0.301390321975871 0.086867544899399 0.00158463661199465 0.996218609829167 21.0380638937879
0.996219571653681 0.0227733245341765 -0.0838328142424932 -77.5541327958923 -0.0226709503883506 0.999740619286961 0.00217305228032909 0.281010351030611 0.0838605572521685 -0.000264267639283133 0.996477464421535 21.823393361762
0.996494513487353 0.0209203351397558 -0.0810001491803763 -77.6307806577777 -0.0206289592722436 0.999777374718787 0.00443249813920593 0.27476787140175 0.0810748458459653 -0.00274601129827397 0.996704233357621 22.598802006645
0.996773268024986 0.020843688172847 -0.0775151134562965 -77.6888370821511 -0.0208131592779741 0.999782660427395 0.00120179432091931 0.24606939234782 0.0775233161807406 0.000415417950059524 0.996990452750811 23.3145398516713
0.996801023734129 0.0211260490476052 -0.0770805366758014 -77.7452544387663 -0.0216907708610591 0.999743620434274 -0.00649644983230188 0.251415410862331 0.07692353048349 0.0081476041023582 0.99700370460964 24.0601719616503
0.996933373429138 0.0232035551195988 -0.0747358279074411 -77.7853299473928 -0.0243069231137148 0.999608073406595 -0.0138878748949955 0.211013625783734 0.0743842888783839 0.0156618839916157 0.997106655758495 24.8389413690834
0.996944842216906 0.0246940382661951 -0.0741025374141499 -77.8695243642933 -0.0261121417823048 0.999492792157429 -0.0182294946964346 0.164097974436324 0.0736147921864119 0.0201087766772178 0.997083998202708 25.6404230710461
0.99711240741742 0.025514932515521 -0.0715250668854347 -77.9176972673214 -0.0267720771564062 0.999502511188918 -0.0166729125163934 0.182532991405681 0.0710640757272543 0.018539642547155 0.997299442893284 26.3257082246932
0.997196814750497 0.0277924492064914 -0.0694700829031217 -77.9781368667807 -0.0287346609264635 0.999507654148985 -0.0126003396395903 0.129865925947425 0.0690856852966169 0.0145612178301284 0.997504455640375 27.1321297029116
0.997258808247273 0.0319042949314605 -0.0667606571129734 -78.0946117809748 -0.0324777176390748 0.999444159265749 -0.00752132744507621 0.107511689914428 0.0664835861712209 0.00966894381542845 0.997740669861316 27.8985802824212
0.997491580515194 0.0297159386154702 -0.0642456986381367 -78.1350076661854 -0.0301693359280362 0.999526197769709 -0.0060984540409229 0.0791721248390469 0.064034037596906 0.00802140662412478 0.997915476914156 28.6422598158167
0.997560878264749 0.0274104562540747 -0.064194711959839 -78.1529760847623 -0.0278417294065279 0.999595324465524 -0.00583313040456946 0.0579513352285835 0.0640088451646874 0.00760619448913095 0.9979203442891 29.3867764892373
