1 -1.73472347597681e-18 -2.50721752387273e-19 8.67361737988404e-19 1.73472347597681e-18 1 -8.67361737988403e-19 1.38777878078145e-17 2.50721752387273e-19 8.67361737988403e-19 1 5.55111512312578e-17
0.999996425816255 0.00253650176936717 0.0008452889977736 -0.0142480032507031 -0.00253730717659424 0.999996326817739 0.000953112438966504 -0.0594532089930632 -0.000842868321485204 -0.000955253790207864 0.999999188531265 0.804759266351499
0.99998384529147 0.00560073904349557 0.000969988789918443 -0.00350789494109688 -0.00560173425312852 0.999983783466679 0.00102634157269967 -0.0671088102098503 -0.000964224788744728 -0.00103175861188035 0.999999002871865 1.57415031048889
0.999974244467173 0.00694004651403831 0.00182925030831221 -0.0357009639014272 -0.00694221726155417 0.999975202733166 0.00118302081825044 -0.0940228952227894 -0.00182099472839848 -0.00119568940198499 0.999997627149711 2.31280528594424
0.999963139649493 0.00836204755292368 0.00194820508448181 -0.0325721514715153 -0.0083635734721525 0.999964723285087 0.000776417513125312 -0.104227839038967 -0.00194164391804077 -0.000792682850466524 0.999997800833979 3.03954121613033
0.999961159261327 0.00855992920923894 0.00209942389142781 -0.0412623212930749 -0.00856150229829262 0.999963074778673 0.000741456390595048 -0.123172813533241 -0.00209299955552072 -0.000759401814352693 0.999997521327801 3.75958026314372
0.999957711655487 0.00886290595724025 0.00245434282755057 -0.0413481864209016 -0.00886685469245887 0.999959404302017 0.0016026964212061 -0.15156877139564 -0.00244003864413124 -0.00162439094704506 0.999995703773504 4.44212374991208
0.999945849629622 0.0099831033112929 0.00293861477046337 -0.0513102605450527 -0.00999571402724609 0.999940759767824 0.00430844009282397 -0.162696657538038 -0.00289542908368491 -0.00433758034207898 0.99998640085113 5.13112818123332
0.999946918571807 0.00938090720275351 0.00426129309038736 -0.046589565365829 -0.00941582315638706 0.999921645496843 0.0082489478827728 -0.171683617817983 -0.00418357658427582 -0.00828863359899471 0.999956897191086 5.78922849461947
0.999945242272005 0.00884047518057775 0.00559986215574347 -0.0572991950978734 -0.00890610517653539 0.999890650066495 0.0118054733147713 -0.186703872300364 -0.0054948838173549 -0.0118546998352078 0.999914632528023 6.43067535418095
0.999941592369906 0.00848781711156812 0.00669094981431973 -0.0332812277849411 -0.00858054102936846 0.999865829334214 0.0139534098144056 -0.195310454237301 -0.00657161809454097 -0.0140100067982138 0.999880259603686 7.03790796854107
0.999930048506237 0.00850933288471311 0.00821519008741738 -0.0478706020645564 -0.00862154351098762 0.999868685753038 0.0137215246230179 -0.203814914473888 -0.00809735029521436 -0.0137913924006635 0.999872107028618 7.61609448154421
0.999913429748393 0.00957314507357764 0.00902706498286202 -0.051002448153563 -0.00967896745934911 0.999884086829763 0.0117528929856231 -0.219359231333529 -0.00891350647755632 -0.0118392482029427 0.99989018477244 8.16102932792607
0.999907280837431 0.00926996273262288 0.00997484432116695 -0.03480542206045 -0.00935919452949418 0.999916268708449 0.00893650098932182 -0.223640085174126 -0.00989116808343785 -0.00902902891283702 0.99991031669387 8.69247753806343
0.999903948969137 0.00774497606310639 0.0114938323333723 -0.0441527895735315 -0.00782893580750013 0.999942868788882 0.0072778377546498 -0.230371983927158 -0.0114368089976098 -0.00736712318635115 0.999907458165959 9.18244408292481
0.999893766603877 0.00473153122663604 0.0137865194651378 -0.0120653812214793 -0.0048040262031163 0.999974783730048 0.00523003214935188 -0.255118067868356 -0.0137614257601103 -0.00529570734603512 0.999891283412729 9.66779312852967
0.999875154836201 0.00254767843593413 0.0155943603867 -0.01972179964673 -0.00261172553132024 0.999988233171524 0.00408808124210681 -0.284924388859004 -0.0155837617741113 -0.00412829905410107 0.999870043313574 10.1021070237619
0.999825529114485 0.00644895013638534 0.0175306124559053 -0.00596947003081775 -0.00648793351462975 0.99997660347598 0.00216776828826144 -0.274336209987748 -0.0175162224709117 -0.00228112752389325 0.999843977032201 10.499930388998
0.999737009124582 0.0100192486811032 0.0206283116735482 -0.0220830271226212 -0.0100465945184943 0.999948784481412 0.00122243720764865 -0.274344556070168 -0.0206150072814877 -0.00142936000080252 0.999786466404088 10.9027377986561
0.999658186993216 0.011056586412556 0.0236909492072003 -0.00277252449941424 -0.0111082463380043 0.999936199977951 0.00205008218115509 -0.272341181456705 -0.0236667708133298 -0.00231254633617532 0.999717228064372 11.2504882562061
0.999607446551216 0.00695794838237458 0.0271392659013813 0.0188783696879678 -0.00703296401289561 0.999971704856551 0.00266962609281546 -0.288809572169456 -0.0271199228714055 -0.00285944760230658 0.9996280975157 11.5669394637656
0.999558766968256 0.00247891277903406 0.029599431892084 0.0249162148393796 -0.0025495361499466 0.999993992263263 0.0023484681819693 -0.310994142549106 -0.0295934324187022 -0.00242289678186016 0.999559081960073 11.8438099740437
0.999489591789951 -0.00122319489917081 0.0319227144490639 0.0311257970198284 0.00110277495671909 0.999992211502472 0.00378956749389351 -0.313375284424194 -0.0319271011987099 -0.00375242969748717 0.999483156176437 12.108873870118
0.999413391914265 -0.00216557275259364 0.03417868278732 0.0573444578188508 0.00199521870962193 0.999985421594617 0.00501753929106172 -0.318819171557183 -0.0341890503630006 -0.00494640201457559 0.999403142851966 12.3350633408738
0.9993334616492 -0.00101024549326899 0.0364912569291551 0.0417283732526832 0.000864223872554369 0.999991557965445 0.00401710280428483 -0.321652210228928 -0.0364950071287072 -0.00398288863582897 0.999325898319858 12.5412551345696
0.999246165557224 -3.15671376921827e-05 0.0388213809993936 0.0501910474586213 -7.30657034260878e-05 0.999996369002498 0.0026938157366395 -0.331516693079186 -0.0388213250751084 -0.00269462155706542 0.999242534990418 12.7136677108534
0.99915619464675 0.0021984092447647 0.0410129942313217 0.0705670441711427 -0.00227861474549707 0.999995581867657 0.00190896830973949 -0.338295920485316 -0.0410086163369053 -0.00200081032547302 0.999156789570173 12.9061779180919
0.999071968853389 0.00461759294306317 0.0428238121472882 0.0672423713753929 -0.00468579642136752 0.999987907936805 0.00149241149490613 -0.340141971668695 -0.0428164029702584 -0.00169169015626438 0.999081525112492 13.0731520013562
0.999010973922708 0.0057121029569615 0.0440958712558315 0.0607281629082631 -0.00571596751467489 0.999983662985141 -3.84472390818603e-05 -0.3398976948827 -0.0440953704755156 -0.00021364135386981 0.999027303260526 13.2080311845953
0.998931265700334 0.0051378618842333 0.04593396109185 0.079106903061228 -0.00505802560252449 0.999985489189143 -0.00185412732959183 -0.349982928997793 -0.0459428208029639 0.0016198106088908 0.998942757834631 13.374904057895
0.998869260476216 0.00373790546495987 0.0473943935337453 0.0941627456606023 -0.00358594775861113 0.99998815554693 -0.00329085771828073 -0.354811268756717 -0.0474061330881249 0.00311718279612845 0.998870833349861 13.5166851537591
0.998828027901651 0.00321899754197779 0.0482929470308402 0.109317883076159 -0.00301648838214906 0.999986352450941 -0.00426564294138385 -0.359673108131597 -0.0483060190446197 0.00411496861321676 0.998824106415826 13.6583399276705
0.998737807437854 0.00359237566678102 0.0500987707563441 0.108715464258696 -0.00332103215190464 0.99997936916692 -0.00549836211738869 -0.359525024376554 -0.0501174893592448 0.00532504249716742 0.99872913303995 13.7807924677502
0.998669636190397 0.00418620729091349 0.0513948773698058 0.119249331752079 -0.00380100984691136 0.999963969067869 -0.00759031555196963 -0.358532180801036 -0.0514248001987714 0.00738486523589239 0.998649565007648 13.9156435146523
0.998622247962459 0.00461591801248465 0.0522713992093945 0.134237607928237 -0.00412569326668667 0.999946529254532 -0.00948247261451155 -0.359931577425039 -0.0523123745348564 0.00925375235878748 0.998587894748283 14.0243805591881
0.998587542171299 0.00355016994660068 0.0530124222577452 0.13050882661569 -0.00293093440866258 0.999926622343952 -0.0117541291173265 -0.364982557665648 -0.0530502614863994 0.0115821509731534 0.99852467347335 14.1486944964475
0.998619165080266 0.00274106029510587 0.0524618882890401 0.147072753437614 -0.00203573176072831 0.999906888907609 -0.0134933061665927 -0.36966077554889 -0.0524939894710955 0.0133678758060374 0.998531762622423 14.2870383467628
0.998715674016392 0.00223901358027666 0.0506160971645408 0.138893610428231 -0.00149681118738145 0.999890879980039 -0.0146965196224232 -0.367969907800666 -0.0506434796420253 0.0146018817599061 0.998610045522684 14.3989660090962
0.998863373513977 0.00212265002220662 0.0476178055895105 0.116548411500619 -0.00136876898080651 0.99987330223271 -0.0158589392373163 -0.372639320981218 -0.0476454354975833 0.0157757357717139 0.998739725172233 14.5385455897356
0.999049900996509 0.00290594605137378 0.0434839142259859 0.143616389173878 -0.00217316024879627 0.999854997624542 -0.0168896743533042 -0.375142391792951 -0.0435266894376248 0.0167791299766739 0.998911351474107 14.6640378772545
0.999271028358103 0.00302612018159793 0.0380559388372599 0.131190571544572 -0.00235154914621292 0.999839547862554 -0.0177580614543701 -0.373467933104199 -0.0381035707086841 0.0176556259206738 0.999117809256044 14.781192765599
0.999502474046582 0.00306895518163175 0.0313908567716079 0.14048476838902 -0.00248741533318635 0.999824875512639 -0.0185480745926723 -0.385604143246941 -0.0314422826735385 0.0184607643457209 0.999335070454374 14.9158037907098
0.999699313917903 0.0032592497007764 0.0243034780116373 0.133347472400021 -0.00279211136090391 0.99981118255601 -0.0192302717115946 -0.390940891074114 -0.0243615653483609 0.0191566314194702 0.999519653436808 15.0515114742784
0.999861035209877 0.00312210614126931 0.0163756747120602 0.131852827001309 -0.00278667914376098 0.999786661346737 -0.020466221255869 -0.388937245923817 -0.0164360788627424 0.0204177434205424 0.999656426511244 15.1763082759915
0.999979157771722 0.00237833624632104 0.00600229446608683 0.143364270800187 -0.00224787228056873 0.999763092534265 -0.0216496160828087 -0.392363070353727 -0.00605236254436495 0.0216356724652181 0.999747601439788 15.3093890693208
0.999977516867176 0.000873853936259272 -0.0066484689557438 0.11518206857401 -0.00102771270492405 0.999730921427947 -0.0231738764004867 -0.402524043835334 0.00662642941209989 0.0231801880951597 0.999709342415644 15.4723471000545
0.999745793367048 0.000332127858065384 -0.022544141943702 0.0819840077426338 -0.000896597455103129 0.999686225078906 -0.0250329283243217 -0.407797045404793 0.022528754024477 0.0250467778081937 0.999432395994612 15.6057888039678
0.999111506058624 0.000581439106673623 -0.0421409585775406 0.0822352112055367 -0.00168968215954526 0.999653518187821 -0.0262676331044671 -0.414703996651843 0.0421110844727191 0.0263154992974941 0.998766314540721 15.7856277484089
0.997971386472367 0.00128375686654798 -0.0636511095797204 0.0264479050225262 -0.00294767121732998 0.999656186950582 -0.026054157553396 -0.416724234433808 0.0635957782939757 0.0261889262805914 0.997632054979917 15.9863430868225
0.996163504697256 0.00203755542196945 -0.0874878293088991 -0.00133551573093434 -0.00417464958572309 0.999697177090245 -0.0242513178741452 -0.423537456132856 0.0874119225856352 0.0245235088374159 0.995870349646069 16.1770658230429
0.993515832567936 0.00280588845811679 -0.113659216198256 -0.0669405996217823 -0.00544966788041132 0.999721610111629 -0.0229565545281621 -0.431745104109819 0.113563161090358 0.0234271053647666 0.993254538966419 16.4192806534483
0.989585253151122 0.00398561316268412 -0.143892813001718 -0.125461505555907 -0.00706218606036368 0.999757117438214 -0.0208765816091215 -0.439037215694058 0.143774657968221 0.0216753551147598 0.98937304729145 16.6327633210845
0.98427778029491 0.00430070598372715 -0.176575069434407 -0.194139853606485 -0.00751819401327729 0.999817603460025 -0.017556667401059 -0.445582584118894 0.17646735668815 0.0186081632488061 0.98413058497539 16.9137932174517
0.977003375128713 0.00523891451206383 -0.213159467915076 -0.278473839485788 -0.0083496153701976 0.999871347987736 -0.0136956707158931 -0.454668046578011 0.21306029407253 0.0151605160836859 0.976921424599647 17.1666120086426
0.967404128494754 0.00664002855459505 -0.253150473418674 -0.37397947333881 -0.009026092146952 0.99992510499029 -0.00826523264715773 -0.475076874637769 0.253076632330722 0.0102807796859515 0.96739160826275 17.3941709747831
0.955730833013429 0.0112168914693004 -0.294028495512293 -0.528487515902829 -0.0129307789236629 0.999908844406251 -0.00388559320869825 -0.465644812614047 0.29395810889289 0.00751559870682718 0.955788755945682 17.6873846993305
0.941626422342365 0.0150465591930193 -0.336323180591478 -0.667300795554005 -0.0157393295593731 0.999875907013113 0.000666393071963001 -0.475846723533196 0.336291472166242 0.00466600805355958 0.941746395860959 17.9623864955174
0.92526500503347 0.0174505037140733 -0.378919714953628 -0.817371665292372 -0.016399077239009 0.99984751032772 0.00600219602894841 -0.474108848066611 0.378966674954569 0.000660311733970978 0.925410083834346 18.2209936818684
0.906152230458925 0.0207641707285713 -0.422441693548672 -1.01513671301763 -0.0164688550437891 0.99976893292765 0.0138151209279834 -0.478850454673371 0.422630940712889 -0.00556147162744609 0.906284810633763 18.5417774506323
0.884544678006016 0.0250306729961832 -0.465783402474361 -1.20145645831551 -0.0176716910130768 0.999640574695315 0.0201601775676155 -0.474909689823789 0.466120610945249 -0.00960139740754408 0.884669084584654 18.8647692925175
0.859975280172714 0.0299373728711117 -0.509456839386261 -1.43184352914681 -0.020167908706517 0.999491711949839 0.0246895362853434 -0.468093540646413 0.509937028416517 -0.0109577118576698 0.860141939217346 19.0828257256455
0.832343494276049 0.03400465624315 -0.553216043594292 -1.67988261458667 -0.0220095439865611 0.999356766201577 0.0283131386573467 -0.474516396196378 0.55382297488443 -0.0113902239184184 0.832556529785965 19.400914651723
0.801782444530314 0.0377270348763471 -0.596423995562245 -1.9280124963463 -0.024747520691767 0.999245318590798 0.0299391632145164 -0.461033760348666 0.597103401315555 -0.009244680298084 0.802111004801443 19.6524659971027
0.768550414983404 0.0405282212846563 -0.638504285739994 -2.24170884532513 -0.0253103515765182 0.999136354195762 0.032953479747589 -0.457773482486571 0.639288390111936 -0.00916564257996386 0.768912443171644 19.9330499681879
0.732074704701931 0.0445973388674769 -0.679762976412749 -2.55804389847548 -0.0265251302614488 0.998964176859819 0.0369728388874427 -0.442224261436112 0.680707752416698 -0.00903607861425835 0.732499355005234 20.1997320194302
0.693456560217512 0.0461477925002557 -0.719019040317188 -2.84665203760402 -0.0250299067022376 0.998887326797491 0.0399701405281407 -0.428401232472091 0.720063540850232 -0.00972057666578338 0.69384004462665 20.4304349598309
0.653233126515304 0.0463270365326243 -0.755738240470301 -3.22751455751814 -0.0224815266289607 0.998873074601519 0.0417990645414319 -0.418425431295018 0.756823006642552 -0.0103143842381575 0.653538484019354 20.7227898178306
0.611134915180668 0.0454239638743976 -0.790221980808592 -3.6369219136104 -0.0176598211852277 0.998885936588406 0.0437609003747415 -0.3986598988184 0.79132941697047 -0.0127886352610312 0.611256251211664 20.96474208272
0.566929906146654 0.0458466823903969 -0.822489248094065 -3.99607975191356 -0.0127510015975326 0.9988188385312 0.0468864559701936 -0.405596670850369 0.823667343940991 -0.0160937723663302 0.566844861506404 21.1846276511526
0.521052996885746 0.0475764714880922 -0.852197309193784 -4.47333941746304 -0.0114052888990972 0.998744210567796 0.0487844364776092 -0.375223389181865 0.853448120169885 -0.0156997203176522 0.52094128744076 21.4121976492994
0.471141921837285 0.0475044699663363 -0.880777278783171 -4.90691806681867 -0.0101626245550686 0.998774757413385 0.0484324789370443 -0.346984351739287 0.881998872192942 -0.0138675624048346 0.471047428783265 21.5912051838696
0.420131959821743 0.0462527870074922 -0.906283518569317 -5.43918291678626 -0.00542998612979664 0.998810473520546 0.0484577469172225 -0.327833571021243 0.907446776173111 -0.015437541245384 0.419883353722585 21.77687926264
0.366382244291779 0.0458307260649171 -0.929335028725422 -5.9585330310156 0.000151809978977696 0.998783241078652 0.0493154569496491 -0.315322950626886 0.930464415236526 -0.0182093901266611 0.365929487865853 21.960199262434
0.312846719279728 0.0448002836166562 -0.948746470256295 -6.43630108052516 0.00252963068024762 0.998844129613569 0.0480000594284399 -0.311987196823658 0.949800258583105 -0.0174166392963564 0.3123717808495 22.0849145390184
0.259305179125855 0.0496576994580194 -0.964517981669106 -7.02934061768344 0.00317801296433536 0.99862802514166 0.0522682277800359 -0.245600109692196 0.965790207194144 -0.0166186728171722 0.2587916061268 22.1974859717557
0.208005339601386 0.0552938223861145 -0.976563552413894 -7.61022979370162 0.00608548194219034 0.998308405707378 0.0578212245073021 -0.208571353675064 0.978108759600303 -0.0179699833034253 0.207316989398436 22.2787117133012
0.160358599593396 0.0570661158954096 -0.985407823164123 -8.18755407771016 0.0115179053342167 0.998151201456955 0.0596784457467562 -0.209884147292287 0.986991619717795 -0.0209197860086612 0.159404846727429 22.3440576710514
0.115427990331323 0.0583687699833369 -0.991599448234369 -8.82757810276987 0.0144196192602904 0.998068395225547 0.0604280814877519 -0.185346873579899 0.993211182794707 -0.0212735785079623 0.114363373634243 22.3901916119538
0.0748986501562112 0.0571494520986519 -0.995552174589359 -9.44197858739989 0.0142790003859108 0.998192585028434 0.0583752802325685 -0.163993332971328 0.997088913965428 -0.0185877195770657 0.0739472401659976 22.4065134814186
0.0395502092890221 0.053236742765153 -0.997798391542576 -10.1084469085386 0.0114624046892512 0.998489818715214 0.0537279740991584 -0.134680344615516 0.999151837422088 -0.0135621215824418 0.0388802602132327 22.3994441824986
0.0104792580128686 0.0524974063796636 -0.998566075667959 -10.7736240785249 0.00951925599776148 0.998570419807218 0.052597532749036 -0.0774947175866793 0.999899779436294 -0.0100567892214808 0.00996454082263184 22.383585530137
-0.0111635471356837 0.0566305041188439 -0.998332790816066 -11.5027991740225 0.00764472923476308 0.998370660609623 0.0565471674695651 -0.0463423516152402 0.999908462475579 -0.0070007169025383 -0.0115782827990159 22.3590510012299
-0.0241379315217836 0.0624175073316082 -0.997758194674621 -12.2319554637679 0.00904824745449364 0.998021748661821 0.0622150979747136 -0.0112991522003336 0.9996676895248 -0.00752621927063012 -0.0246549496782788 22.328602957759
-0.0322393615527455 0.0655635286644392 -0.997327452382485 -12.9908539666836 0.00980193285251054 0.997818909745022 0.0652789818211794 0.0188345517472893 0.999432111590891 -0.00767118402349042 -0.0328116939009786 22.2943445717006
-0.0362067882386431 0.0626423933014891 -0.997379064872982 -13.7531285854396 0.0101275014649423 0.998005205504911 0.0623140714379837 0.0580936605585848 0.999293001176091 -0.00784476555176114 -0.0367689740667081 22.2498536473893
-0.0356672667077091 0.058504130451604 -0.997649794670306 -14.5347438219511 0.0170839679834378 0.99817480011788 0.0579241439088415 0.130697638464651 0.999217686054216 -0.0149778212612184 -0.0366016495082526 22.2456142059888
-0.0313989925801898 0.0570333477489018 -0.997878399660751 -15.3362986918893 0.0290156114692769 0.998001907948597 0.0561274088304822 0.120174023157887 0.999085680788196 -0.0271917078447266 -0.0329911119617676 22.2367697660018
-0.0254226381322158 0.0570816738923832 -0.998045776493264 -16.1631242563126 0.0300905201441212 0.99795977539717 0.0563102769189288 0.168742979567669 0.999223823809188 -0.0286001607490909 -0.0270883874985485 22.2188165268289
-0.0205548182939713 0.0554936563443432 -0.998247441043771 -17.0218817350368 0.0281402007822429 0.998094929439037 0.0549057458561352 0.261086454046385 0.999392629823153 -0.0269623057919641 -0.0220772625464241 22.1735166253353
-0.0169524517777218 0.0503340635829214 -0.998588552118416 -17.8716165639946 0.031237606074874 0.998271200842183 0.0497877649208803 0.228231453745448 0.999368213595687 -0.0303494911380121 -0.0184954600437165 22.1631843227817
-0.0153631709898374 0.0393604119691518 -0.999106966719158 -18.7470621125493 0.0290412948399277 0.998820901208585 0.0389025770726137 0.245015328645684 0.999460142362444 -0.028417693053605 -0.0164881336225082 22.1691046569801
-0.0144428687458882 0.0309500082555381 -0.999416580076282 -19.6496398859493 0.0219471412857268 0.999289844001656 0.0306289187620371 0.305599960458652 0.999654803685639 -0.0214919674327234 -0.0151118762599937 22.1374077335228
-0.0158737977567512 0.0278096961510016 -0.99948719018543 -20.5728752565295 0.0161678613441209 0.999489586355954 0.0275529857830439 0.305592168663021 0.99974327844919 -0.0157221997822283 -0.0163153188651849 22.110520859832
-0.0193911562099091 0.0335623948872648 -0.99924849197298 -21.5299804566616 0.00686613165139976 0.99941731466652 0.0334348228783726 0.336601503555252 0.999788397260635 -0.00621263182506399 -0.0196103010894186 22.0502264238464
-0.0240016935023277 0.0414712828896686 -0.998851366022245 -22.4864218764605 0.00204124177947846 0.999139150424165 0.0414341818028878 0.394899268511728 0.999709833922333 -0.00104440660766111 -0.0240656845699398 22.0202993498626
-0.0284363872799808 0.051058837021612 -0.998290722705797 -23.4639657908867 0.000342338445933096 0.998695029517108 0.0510697642662592 0.398992071925789 0.999595545549725 0.00111048630037214 -0.0284167580368575 21.9566906484757
-0.0306836348688192 0.0605697701522551 -0.997692245882938 -24.4869919480172 -0.000911773303516813 0.998160122719563 0.0606262161272685 0.468507774122591 0.999528730562899 0.00276990183404902 -0.0305719548467178 21.963120467555
-0.0310233499994241 0.0688226034572118 -0.997146429070568 -25.5029564499149 0.00138817815499342 0.997628631244038 0.0688126956568076 0.506477211954574 0.999517696049561 0.000750583451599537 -0.0310453202312193 21.9074525823509
-0.0332370024798886 0.0705302707920013 -0.996955757578118 -26.533162951193 0.00265327415467462 0.997509593599581 0.0704809961128421 0.544564624762316 0.99944397632004 -0.000302619902348522 -0.0333413649807965 21.8800365851009
-0.0348835629519946 0.0673383233955552 -0.997120196986326 -27.5324438292534 0.0014257057331464 0.997729768371092 0.0673296121281679 0.611525885254023 0.999390366372889 0.000927096781726854 -0.0349003738177775 21.8227894944895
-0.0375972979266819 0.0625084726086351 -0.997336018621983 -28.5880000664227 -0.00142316759401863 0.998037300829564 0.0626060759578352 0.66577601886773 0.999291958229732 0.00377319559185757 -0.0374345457086624 21.7835522634716
-0.0418250281052723 0.0569421783320705 -0.99750100518786 -29.6012522428457 -0.00144969481511228 0.998370122660576 0.0570525771867446 0.684532053316893 0.999123898927924 0.00383229767960394 -0.0416743096590536 21.7265904717668
-0.0470521382748235 0.0527591325266931 -0.997498155496439 -30.6140117846996 -0.000981224945682496 0.99860125171451 0.0528637614233049 0.733076682152897 0.99889195285645 0.003466123085662 -0.0469345556001352 21.6672470693653
-0.0543757142805111 0.0499565036013727 -0.997270088513844 -31.6613005514567 -0.00295451343273957 0.998735267774909 0.0501909927472741 0.771618082121587 0.998516175405717 0.00567561895366451 -0.0541593464014553 21.6130034983931
-0.0604575549839517 0.0527348368429918 -0.996776765895206 -32.7320543281421 -0.00177257688304539 0.998596195616017 0.0529386066345778 0.809865657108521 0.99816919508496 0.00496740217416636 -0.0602792078505013 21.5319562555735
-0.0672495742982936 0.0570708668360147 -0.996102610635714 -33.7722797988055 -0.00300429973896041 0.998346610326672 0.0574022633031333 0.84470872300212 0.997731661790773 0.00685286858400493 -0.0669669265562754 21.4576401226786
-0.0730150875861014 0.060323460104724 -0.995504835320144 -34.8466632580176 -0.0055043776920015 0.998129535492349 0.0608862234339781 0.905712916539307 0.99731564652873 0.00992524754463468 -0.0725464723481437 21.3671893606504
-0.0778516957967851 0.0625307408847146 -0.995002020051202 -35.8839647850749 -0.00844168112280786 0.997953969287582 0.0633767560149632 0.949762914194959 0.996929210867745 0.0133334776996859 -0.0771645442612494 21.2668456127697
-0.080958807162028 0.0643270720487928 -0.994639482096167 -36.9607650287467 -0.013024483928392 0.997761709597263 0.0655891277571725 0.992108216142421 0.99663234663606 0.0182646834951242 -0.0799397709248801 21.1759461022454
-0.0823890043198761 0.0651410471407199 -0.99446905228096 -38.0303178696878 -0.0168205481215444 0.997628506160557 0.0667415377163771 1.06440788191812 0.996458288704585 0.0222262833885083 -0.0810979111855754 21.0681258287876
-0.0843175702547136 0.0651978682677616 -0.994303668563926 -39.1174955192566 -0.0178113609829093 0.997599060061138 0.0669243661536779 1.10674564575443 0.996279731183104 0.023352801512338 -0.082953866065708 20.9741398999573
-0.0857687758256981 0.0646033515917177 -0.994218348279933 -40.1921652400455 -0.0180433457187152 0.997631150235433 0.0663816673126023 1.15491074106669 0.996151672572323 0.0236324997205755 -0.0843999418739192 20.8630912422434
-0.0865489567303215 0.0637893884320447 -0.994203295112402 -41.2585147041675 -0.0193507695369545 0.997652086466663 0.0656952211887709 1.20188348097098 0.996059649723459 0.0249244516926567 -0.0851113735090664 20.7714709805341
-0.087724083705224 0.0631202414583902 -0.994143007950221 -42.3596292587219 -0.0211979714077329 0.997646172477014 0.0652131930682825 1.26026155179826 0.995919239269066 0.0267945826651333 -0.0861795752688857 20.6681823694258
-0.088600313151244 0.0608384266918229 -0.994207558987139 -43.4345311209554 -0.0253923448079076 0.997670619578869 0.0633132186377531 1.30889334337847 0.99574354797541 0.0308548321463476 -0.0868490990083541 20.5402758288526
-0.0885132599849539 0.0556117188303828 -0.994521362030784 -44.5614162880434 -0.0313934525797895 0.997788476680222 0.0585884539758665 1.35072243747203 0.995580159475849 0.0364073142773835 -0.0865716669884054 20.4347616315753
-0.0880337253624262 0.054753458765862 -0.994611543242882 -45.6246915914479 -0.0330784998544401 0.997776805302425 0.0578555066339047 1.4049850196711 0.995568117230656 0.0379934935700973 -0.0860268469731761 20.3172354722897
-0.0863349574091473 0.058496724536827 -0.99454733841463 -46.7536969971687 -0.033683791155759 0.997532602373818 0.0615963425431609 1.46418921939937 0.995696578954922 0.0388180424516974 -0.084151543287585 20.2281986941754
-0.0843018836755463 0.0623491368359107 -0.994487696024728 -47.8397013406187 -0.0332286865993649 0.997309465990851 0.0653428146923878 1.53244405324548 0.995886061151393 0.0385540423413606 -0.0820032866628206 20.1288117401186
-0.0830421003038877 0.062346405926512 -0.994593854417554 -48.9541191214994 -0.0309137564518726 0.997399563673579 0.0651033796802259 1.56650305955921 0.996066438165223 0.0361529535695208 -0.0808987930011735 20.0320540238534
-0.0806384660492421 0.0612358398872665 -0.994860598127459 -50.0422001445572 -0.030804062349167 0.99748116316255 0.0638939659019086 1.60802364870145 0.996267307270501 0.0357980592935804 -0.0785490382805509 19.934462128513
-0.0767076308951194 0.0620930825904053 -0.995118278626656 -51.1744382199443 -0.0347634488295923 0.997285541759473 0.0649080181717603 1.6599748987238 0.996447410548058 0.0395726836584829 -0.0743408415350217 19.831474441039
-0.070519970552327 0.0628779061915868 -0.99552664588461 -52.3052689794744 -0.0400376320256524 0.99702867299962 0.0658089145814989 1.71840465275495 0.996706537439721 0.0444993722380279 -0.0677929501891167 19.7295981252328
-0.0653107059626142 0.0628259892928977 -0.995885237743804 -53.4219554277256 -0.0439892890518962 0.996864537486943 0.0657726109383777 1.7662537090234 0.996894906264133 0.0481039392390184 -0.0623422560893905 19.6405180369252
-0.0591156865438095 0.0614663246647525 -0.996356977461723 -54.5365630683223 -0.0453976050970989 0.996904327065144 0.0641936144039295 1.82257569483037 0.997218327677496 0.0490270701857632 -0.0561422597790499 19.5871551011284
-0.0540098472190961 0.0615177867688932 -0.996643616502121 -55.6515378291148 -0.0444903674306357 0.996960987723268 0.0639483867172089 1.87751487067665 0.997548767534328 0.047794883292081 -0.0511087616934653 19.5401316904668
-0.0478998570663012 0.0609118580013787 -0.996993154062678 -56.7839695567835 -0.0430667448019668 0.997084724646875 0.0629865649803763 1.92291022039659 0.997923273195485 0.0459542971949826 -0.0451369403496186 19.4473835336536
-0.042578780941601 0.061736884144047 -0.997183836887518 -57.9304204462304 -0.0424521750447715 0.997075783300788 0.0635428610395226 1.96986951288624 0.998190793509685 0.0450382003559702 -0.0398334063469376 19.3996611340928
-0.0369482784903338 0.0637648949940753 -0.997280734238357 -59.0768567679085 -0.039459840578284 0.997090750319562 0.0652146962632659 2.01777575747823 0.998537803840264 0.0417621095440373 -0.0343246341319858 19.3579380727036
-0.0316893268653835 0.0639730880174825 -0.997448359852442 -60.2334841633389 -0.0420582977693262 0.996980298508867 0.0652792767569942 2.08678817173704 0.998612480470561 0.0440196364668882 -0.0289030353727325 19.3201126006092
-0.0258935318753537 0.0642345467415612 -0.99759884122423 -61.3803275272103 -0.0412532399518195 0.997014692926378 0.0652676970820797 2.13852085840876 0.998813143285819 0.042844195567506 -0.0231663485615592 19.276247082323
-0.0214307435027597 0.0604030745833783 -0.997943982302511 -62.5365017851837 -0.041962878245028 0.997239257730483 0.0612615678100674 2.17181137426418 0.998889303217485 0.0431894827710331 -0.0188368918789368 19.2436952403123
-0.0168947824468948 0.0541775734183656 -0.998388379772406 -63.6932310884068 -0.0412409882382986 0.9976433734592 0.0548350278752171 2.19964375922702 0.999006379967216 0.0421009492938689 -0.014620631086053 19.215969782783
-0.0132104095855006 0.0537783826390778 -0.998465507986785 -64.831070864415 -0.0421810007256107 0.997633789391989 0.0542916700900444 2.24885659900383 0.999022646518271 0.0428334895158582 -0.0109107249770821 19.1958686890365
-0.00972098636115548 0.0561448076214532 -0.998375311694613 -65.9687650635378 -0.0412566416175716 0.997549812819362 0.0565000926237704 2.29840559804611 0.99910129213539 0.0417388490642157 -0.00738082191826442 19.179769789029
-0.00778386241977433 0.0561145194770233 -0.998393996471179 -67.1548373498851 -0.0406355785313852 0.997581778555145 0.0563856794955372 2.34351482239364 0.999143714008775 0.0410092160205069 -0.00548479335378751 19.1782388633839
-0.00689641973985639 0.0553352280888084 -0.998444015419558 -68.301901004204 -0.0428840073216609 0.997532817285933 0.0555809351632866 2.39350108186821 0.999056255328401 0.0432005899259406 -0.00450640868577903 19.1564205173785
-0.00596446730649561 0.0564366086671753 -0.998388368487883 -69.4990916604496 -0.0439453070001148 0.997426778391812 0.0566447856346621 2.44702743706326 0.999016133564626 0.0442123393305451 -0.00346899531641685 19.1468612841295
-0.00509778723083559 0.0561458606752753 -0.998409562701791 -70.6629374176635 -0.0442988211360365 0.997429704936297 0.0563169437793705 2.48375298407085 0.999005318810319 0.0445154584355132 -0.00259748897389752 19.1352509670364
-0.00335684383320748 0.0534530154858807 -0.998564723357953 -71.8271042855496 -0.0455071860032007 0.997527664729882 0.0535504819830629 2.5193125616138 0.998958371315617 0.0456216312072951 -0.000916048271654428 19.1247674482541
-0.00245858523699739 0.0530346086153558 -0.998589648277834 -73.026494546904 -0.0439477516194261 0.997622120673016 0.0530914255927624 2.5626650701137 0.999030805574197 0.0440162996274178 -0.000121987211327579 19.1054685827512
-0.00246518662377254 0.0528715956112958 -0.998598276201409 -74.1609190866015 -0.0404774865070929 0.997777626759521 0.0529280702860625 2.60433692966608 0.999177409643041 0.0405512258218401 -0.000319598761022383 19.1089119551448
-0.00242105849035779 0.0534315462807661 -0.99856857968686 -75.3660299341357 -0.0381043778787692 0.997841374675989 0.0534850200636143 2.63736299546338 0.999270831587842 0.038179324860186 -0.000379856502060333 19.1005919300234
-0.00230783439016573 0.0559120654643074 -0.998433029720042 -76.5284783893155 -0.0374965896376413 0.997728702138412 0.0559592949807833 2.67949451835016 0.999294090679002 0.0375669783814855 -0.000206080836342375 19.0836125711765
-0.00178144020078078 0.0598149828287106 -0.998207891323251 -77.7117369467729 -0.0397190157996224 0.997417541869035 0.0598385072995672 2.72141031836321 0.99920930052453 0.0397544337292341 0.000598952541978247 19.0894063056258
-0.00101366343070464 0.0600905959287783 -0.998192412697759 -78.8836613618951 -0.0416363769887155 0.997324785598302 0.0600806469884903 2.77676888439741 0.999132315860969 0.0416220171571047 0.00149100304187084 19.067021596308
-0.000974891071619805 0.0578008423423008 -0.998327657741645 -80.0558273640878 -0.0423472995482176 0.997430195559161 0.0577902345365378 2.83158540115029 0.999102475128739 0.0423328195533324 0.00147532379259409 19.0452509119476
-0.00060665654290924 0.0559718932898715 -0.998432160504351 -81.2211769023727 -0.0423457815487263 0.997535327285504 0.0559473466969706 2.86559109337378 0.999102830920254 0.0423133309838722 0.00176501223304065 19.0571062509341
-0.000738086617460763 0.0551316831080347 -0.998478819377667 -82.4432695355058 -0.0413658131209061 0.997622777863471 0.0551149942648869 2.89394760001815 0.9991437958237 0.0413435678872478 0.00154423487887292 19.0589769363579
-0.000614345133972997 0.0562299474253918 -0.998417655889856 -83.5865185493938 -0.039273431292343 0.997646209148465 0.0562106659471573 2.93938200378708 0.999228312336366 0.0392458199587545 0.00159544388276622 19.044708194603
-0.000476065404118816 0.0588228478267775 -0.99826832361609 -84.771466932597 -0.0387010706311667 0.997519482973408 0.0587971786777772 2.98075029049734 0.99925071953626 0.038662044203751 0.00180162267269236 19.0308948178011
0.000176436193240142 0.0613430129563905 -0.998116728460004 -85.9413712665603 -0.038531556158819 0.997375943391379 0.0612906740388458 3.03134000926007 0.999257368274185 0.0384481768825048 0.00253961496336159 19.0332744414558
0.000308618603817128 0.0619641086953476 -0.998078330587409 -87.0849268016427 -0.0401398001079746 0.997274767797472 0.0619018090348697 3.08169972769371 0.999194025803722 0.0400435606320014 0.00279500448335977 19.0221768804917
0.000699644585177218 0.0595863890239041 -0.998222907341114 -88.3068224033413 -0.0395638261532371 0.997443237176375 0.0595121186921593 3.1239932779635 0.999216800377961 0.0394518802366273 0.00305532129635298 19.0111299189524
0.000661187780380353 0.0582907024766242 -0.998299432452759 -89.4290208072398 -0.0383634111239258 0.997566234007032 0.0582224823926583 3.16573711985571 0.999263634641858 0.0382596755580656 0.00289580878785867 18.9992778556352
0.000950948236707427 0.0592281156064115 -0.998244021278948 -90.5695708490935 -0.0369038262947989 0.997566568180309 0.0591527653940551 3.20452297234471 0.99931836934095 0.036782772743152 0.00313437825911662 19.0045798827016
0.00138301260230804 0.0618788212984037 -0.9980827113776 -91.7429500560263 -0.0345815043413164 0.997489651329401 0.0617941344161553 3.25817704692829 0.999400923970772 0.034429739549851 0.0035194034858267 19.0125981272016
0.00126386625341194 0.0646528835327681 -0.997907013349937 -92.905620386322 -0.0329278921405121 0.997369364584497 0.0645763463467737 3.29710329385916 0.99945693081857 0.032777358636931 0.00338942465762534 19.0115195850826
0.00155114690079836 0.0664509312014153 -0.997788488451213 -94.0833305892662 -0.0333867427212523 0.997236868372959 0.0663622917639064 3.3521280790038 0.999441303606048 0.0332099698909484 0.00376544102134787 19.0013412612507
0.00236105798971018 0.0678454269288966 -0.997693050717506 -95.250832890462 -0.0356304151170702 0.997068033859434 0.0677186043437623 3.4254738112253 0.999362246096857 0.035388330004643 0.00477149617289987 18.9950400131541
0.00243938544569705 0.0672182819798745 -0.997735311576333 -96.3811402039734 -0.037947767325886 0.997025851397037 0.0670777056926874 3.47586548944566 0.999276746629095 0.0376981990775216 0.00498291407549972 19.0045082894865
0.00280245703623937 0.063471491816745 -0.997979717209281 -97.5607919218101 -0.0400720149263337 0.997189171589651 0.0633086856923199 3.51904965873468 0.999192864193046 0.0398136382525151 0.0053380103778604 18.9574778432546
0.00284348218675995 0.061708264226724 -0.998090178658812 -98.7067336234715 -0.0417253661004302 0.997232305493198 0.0615363527072159 3.5675720246607 0.99912507146645 0.0414707005830216 0.0054104122130136 18.9754134976481
0.00305426268073429 0.060431218152674 -0.998167690997891 -99.8459730163693 -0.0421634320779429 0.997292473133152 0.0602492159896698 3.60390402345844 0.999106058671894 0.0419021587098459 0.00559398074443541 18.963328165545
0.00343852057357336 0.0603944039088657 -0.998168669390478 -101.013723125384 -0.0403591139211446 0.997369668412893 0.0602070299338569 3.65137637097209 0.999179322494098 0.0400781799293464 0.0058669407518533 18.958524068341
0.00332059704545719 0.0628173784176637 -0.998019514139876 -102.155106564692 -0.0401767503850309 0.997227571201202 0.0626338563769686 3.71046181632115 0.999187070754902 0.0398891991005567 0.00583518905910767 18.9811571053681
0.003289223214131 0.064857649200654 -0.997889105237056 -103.315637900351 -0.0382777069565437 0.997171344429745 0.0646848281927378 3.7485073978835 0.99926172655656 0.037984143906898 0.00576252122455748 18.9730790339568
0.00286111430245611 0.0639050524864502 -0.997951881751647 -104.474310336184 -0.0423828363844552 0.997066988931621 0.0637268762990826 3.80090466723617 0.99909734721145 0.042113701446609 0.00556120000621235 18.9538030708003
0.00223404705252175 0.064305415655062 -0.997927764194983 -105.660792004927 -0.0465098201111525 0.996857003403453 0.0641322960661522 3.86702187584455 0.998915334583965 0.0462701662296352 0.00521785876452897 18.9580162285298
0.00289432234139935 0.0637125959837692 -0.997964091543976 -106.808343950429 -0.0498976115657422 0.996734331798596 0.0634893705594886 3.92580254442913 0.998750144559798 0.0496122658927684 0.00606397681120761 18.922893233049
0.00204432880034962 0.0605416905314797 -0.998163575987096 -107.969337434844 -0.0506164328573619 0.996892439251728 0.0603609251713145 3.96885976183731 0.998716074489918 0.0504000820468717 0.00510238033827092 18.9257593042658
0.00129091658369614 0.0563349637782759 -0.998411090378344 -109.138329293713 -0.0519092506160741 0.997069642158222 0.0561921559201375 4.02146196962065 0.99865097167872 0.0517542321223663 0.004211439489376 18.9210396429613
0.00107622330507998 0.0552469266157007 -0.998472142246801 -110.367042094574 -0.048301500693171 0.997310175033175 0.0551305705220435 4.07450535534044 0.99883222153382 0.0481683700660276 0.00374183791698793 18.9202839835451
0.000438023852637641 0.0547281847107972 -0.998501193756605 -111.545932620288 -0.044278911574671 0.99752302876427 0.0546551468273448 4.10218636467273 0.999019111991791 0.0441886058075724 0.00286024333160575 18.9326889558398
0.000306293549774353 0.056547085824976 -0.9983998864528 -112.761348578914 -0.0435030588906869 0.997455495270619 0.0564802516070736 4.15368690909544 0.999053246854949 0.0434161495200544 0.00276548538912903 18.9054717967012
-0.000370280177714348 0.06088065917421 -0.998144983572579 -113.965602398723 -0.0420798986349447 0.997259995084991 0.060842290669863 4.20446868980312 0.999114180173349 0.0420243684259145 0.0021925863586719 18.9106605595751
-0.00131454674731472 0.0613396607735632 -0.998116084422565 -115.196134153783 -0.0401186814307679 0.997310148123921 0.0613429690290547 4.26363291765631 0.999194056911422 0.0401237394222821 0.00114985549836569 18.9121694812289
