1 -1.73472347597681e-18 -2.50721752387273e-19 8.67361737988404e-19 1.73472347597681e-18 1 -8.67361737988403e-19 1.38777878078145e-17 2.50721752387273e-19 8.67361737988403e-19 1 5.55111512312578e-17
0.999941981112834 -0.000723521435004193 0.0107476008891694 0.0881595383913814 0.000722322953802205 0.999999732466988 0.000115392823278591 -0.0365336939982271 -0.0107476815030125 -0.000107622889494845 0.999942236211484 0.273657770242275
0.999847635827001 -0.00240105120011283 0.0172898838715109 0.0873606073873872 0.0023887861029713 0.999996880397426 0.000729997513509807 -0.0456037496363359 -0.0172915826953506 -0.000688584453728117 0.999850252297483 0.555271046920021
0.99978471238727 -0.00650975746483805 0.0197015718777379 0.0613911481674123 0.00652044441840213 0.99997862731147 -0.000478251873935604 -0.0619992708025959 -0.0196980374984722 0.000606611916615325 0.999805790811741 0.920920092020325
0.999818235008871 -0.00689313365146917 0.0177758727552011 0.0867360469210659 0.00692681046270422 0.999974328183779 -0.00183364942480726 -0.0574427693325598 -0.0177627768257074 0.00195644623292025 0.999840315289185 1.20442516493117
0.999892610409553 -0.0104946245042841 0.0102289053609675 0.0754589386174622 0.0105289325596012 0.999939104222549 -0.0033059682034981 -0.05417689157057 -0.0101935875689042 0.00341331263163087 0.999942218365318 1.5004675281953
0.999938382904894 -0.0110276178110162 -0.00127359293316848 0.0729021478921874 0.0110212121619878 0.999927103378717 -0.00493161344065879 -0.0694215912943867 0.00132788404076202 0.00491727303103993 0.999987028490826 1.85077309948768
0.999797379026035 -0.0107507260284961 -0.0170183072757188 0.0403626775520147 0.0106666776847682 0.99993049936482 -0.0050217952160105 -0.0820886932858866 0.017071112437092 0.00483924889652234 0.999842567002564 2.16430896610432
0.999323628407735 -0.00628290292935219 -0.0362327315666317 0.0045951854791979 0.00609555920052066 0.999967489124951 -0.00527871681134291 -0.0837399790308033 0.0362647192741403 0.00505428767698713 0.999329437328875 2.52282819709502
0.998432005939728 -0.00362708249581029 -0.0558603060118632 -0.0470073034297949 0.00330773309281608 0.999977660874333 -0.00580832627225715 -0.0840928159155443 0.0558801254200195 0.00561444786839186 0.998421699262479 2.85934252579649
0.997167538704818 -0.00289635856424166 -0.0751565756300925 -0.0962868438804134 0.00243333235601326 0.999977497567662 -0.00625165993651748 -0.09359638898894 0.0751729914731325 0.0060510714244688 0.997152147812758 3.21537067410221
0.995324484061144 -0.00349574495774644 -0.0965243554529523 -0.14758786841524 0.00296466931430184 0.99997967297007 -0.00564485451788644 -0.10000815539421 0.0965421263712081 0.0053322991159214 0.995314615798374 3.59662029344301
0.993236608915848 -0.00390836012729111 -0.116042076120959 -0.213376354404119 0.00335108451179568 0.999981899633051 -0.00499706302434511 -0.106295460166944 0.116059506038678 0.00457439912883375 0.993231728213849 3.9875190941645
0.991049988939828 -0.00317767728086837 -0.133453444277267 -0.281933045595016 0.00263291241808013 0.999987467093975 -0.00425833619804587 -0.11319484019993 0.133465303335982 0.00386885281130224 0.991045934749424 4.35726604761873
0.988770902705972 -0.00197701627704904 -0.149426213793492 -0.354494189536326 0.00141896018164088 0.999991615904384 -0.00384118119089797 -0.122878993085212 0.149432555067565 0.00358601834611506 0.988765418063557 4.770920765639
0.986743000550166 -0.00208304316881329 -0.162277268267653 -0.442561356357622 0.00150953594274985 0.999992172558943 -0.00365733811435287 -0.129686018371119 0.162283616445076 0.00336388941584176 0.986738421306024 5.20080861984952
0.984553142153399 -0.0037100246501558 -0.175046696606832 -0.536317555885071 0.00276389366400854 0.999980227479586 -0.00564849906514372 -0.137046391676666 0.175064191563218 0.00507743704738054 0.984543929169921 5.62972287987068
0.982763864782179 -0.00579354612842326 -0.184774513669099 -0.618260321173818 0.00462854647756196 0.999966602940316 -0.00673569309798609 -0.153628517620111 0.184807366292308 0.00576435835657713 0.982757859056257 6.09387286601994
0.981364111824595 -0.00546164220296131 -0.192079802392574 -0.727042912579829 0.00388325187083537 0.999955540544947 -0.00859286264121817 -0.157171984523923 0.192118193770479 0.00768683276193916 0.981341689843277 6.54672971646939
0.979689133565061 -0.00545922653222744 -0.200447994303287 -0.819310491860326 0.00346204961443451 0.999940828894633 -0.0103127553050332 -0.150253439517258 0.200492433241277 0.00940933340806458 0.979650064389223 7.0227043997346
0.9781609395568 -0.00616857941875954 -0.207757370394682 -0.946344423010507 0.00360799096897661 0.99991282239695 -0.0127015749941959 -0.16601525097294 0.20781760927921 0.0116745978140514 0.978097922009527 7.489589554048
0.976280794787744 -0.00987534712587583 -0.216282887089468 -1.04159641083037 0.00680584461922547 0.999865344312383 -0.0149323046479533 -0.17748949351516 0.216401225060375 0.0131061345263881 0.976216543104114 8.00911836412581
0.97452040216072 -0.0148763285062573 -0.22380500580345 -1.15324546085004 0.0116291479269127 0.999807225008822 -0.0158201055196628 -0.19216989672309 0.223997206882145 0.0128143540739749 0.974505538023599 8.48966737873545
0.972559890342836 -0.0167090209102709 -0.232051865574381 -1.28921187559335 0.0127099188317166 0.999744011267994 -0.0187181702383776 -0.22540876044672 0.232305225209468 0.0152551812182563 0.972523296269234 9.01746981268446
0.970400865272242 -0.0133858807853451 -0.241128552590698 -1.43732472398833 0.00833176338147154 0.999723963232276 -0.0219676821286602 -0.221175994327689 0.24135604901854 0.019308431700975 0.970244526945352 9.57246671972013
0.968372478825393 -0.0105880336983926 -0.24928424698718 -1.61580018193769 0.00452557349020245 0.999680199783162 -0.0248800592057674 -0.235589180098337 0.249467956736228 0.0229650104267212 0.968110710021303 10.1054394450452
0.96597167755511 -0.0126192636142079 -0.258339838869658 -1.76454965401103 0.00591204908117577 0.999625389256743 -0.0267231889744951 -0.266529297740724 0.258580288956888 0.0242865258762948 0.965684419892872 10.6726155764144
0.963678243487027 -0.0138054745614261 -0.266708927300705 -1.90990833516268 0.00640551203544894 0.999570539256525 -0.0285955672436178 -0.29333065738258 0.266989161662646 0.0258485187690584 0.963352812645566 11.2146697113019
0.961735111203579 -0.0142795162173625 -0.273608609686971 -2.08417589218363 0.00588081097576427 0.999486712246642 -0.0314917148575046 -0.318217850211307 0.273917856191426 0.0286776473755629 0.961325439484723 11.7739716929878
0.959175379194737 -0.0137118434825967 -0.282479339589538 -2.28009061938085 0.00402591070052325 0.999384760315145 -0.0348409657281699 -0.336242579727718 0.282783280958518 0.032281359917898 0.958640459094121 12.3653272505403
0.956994953348115 -0.014869073907215 -0.289723264353038 -2.47950083024736 0.00334311015298492 0.999184569221132 -0.0402370506484392 -0.363892445104486 0.290085302765831 0.0375380776215543 0.956264299159879 13.0078357067199
0.95520453456859 -0.0164436529529368 -0.295489261086029 -2.67312006020323 0.00267579803096352 0.998894242874059 -0.0469375293124563 -0.398437531014282 0.295934346172426 0.0440442712577195 0.954192310241953 13.579696939931
0.953943793494748 -0.0160344687967263 -0.299556563378698 -2.88486845714588 -0.000517604203653117 0.998481017972089 -0.0550943630084797 -0.431548027296384 0.299984951187118 0.0527119773849225 0.952486470508339 14.1793086665088
0.952700601490485 -0.0155001863451279 -0.303514922438641 -3.08782318971903 -0.00411932593058203 0.997948171179526 -0.0638942782517839 -0.475307759631306 0.303882534992627 0.062122394212595 0.950681972619524 14.8444913885871
0.951294506070465 -0.0147431197165201 -0.307930841490706 -3.32964821100623 -0.00798887712490724 0.997341439388257 -0.0724308713273758 -0.516577827434083 0.308180045691529 0.0713631116192679 0.948647650994606 15.4714295973179
0.949911284707327 -0.013560560780483 -0.312225339101418 -3.54526921582349 -0.0119435362660646 0.996753107947966 -0.0796278452397934 -0.581635807089387 0.312291375364639 0.0793684634309504 0.946665064257403 16.1279856867153
0.948222874340908 -0.0114174884072882 -0.317400411995852 -3.769718296856 -0.016730028035897 0.99617065571222 -0.0858145142723797 -0.63713331562371 0.317164762763118 0.0866814031748206 0.944400787592354 16.7993446930059
0.946496069575781 -0.0103407166837489 -0.322549623865948 -4.01640724927384 -0.0204044631677427 0.995569079282075 -0.0917925174525514 -0.704400935623469 0.322069632471667 0.0934627089052482 0.942091223758962 17.4562314366507
0.945090337623366 -0.00835328262398398 -0.326702427907043 -4.24869190141371 -0.0247283852257923 0.994979595005379 -0.0969748033617807 -0.777734841590102 0.32587230734611 0.0997287731416319 0.940139038181368 18.1111794067761
0.943459216415798 -0.00612588664798727 -0.331432014858048 -4.53422973605993 -0.0286292294315569 0.994587586094091 -0.09987943136444 -0.847870535157229 0.330250017686971 0.103720813245484 0.938177445218894 18.8239785401779
0.941764078788064 -0.00610557507636395 -0.336218889798679 -4.80689849224179 -0.0299254812520569 0.994346539247381 -0.101879465343071 -0.939894712473194 0.334940122225305 0.106007932909496 0.936257140257928 19.5317480128668
0.939502015279115 -0.00477616323232899 -0.342510075109126 -5.06653856738195 -0.0316354223626245 0.994419578047079 -0.100642450529625 -1.02387236581011 0.341079409138722 0.105389235984743 0.93410810166711 20.2163042608766
0.937030022078435 -0.00473719099329047 -0.349216690244295 -5.3486803483527 -0.0319292236797522 0.994558614443505 -0.0991649490063067 -1.10135052055526 0.347786230893196 0.104070752172299 0.931780025619457 20.9938543633342
0.93448249817267 -0.00432491010291554 -0.355982802620531 -5.63121870279149 -0.0326095622345997 0.994682772993264 -0.0976872435955559 -1.19035153738403 0.354512449795256 0.102895462791279 0.929372609170904 21.7276121526696
0.931487022427387 -0.00512128645502156 -0.363738504250521 -5.93295229642075 -0.0314716530003836 0.995017372977398 -0.094604241609888 -1.28596078430544 0.362410626371226 0.0995700753148467 0.926684594668009 22.414341663048
0.927869234931572 -0.00273294976811126 -0.372895714447168 -6.22668596235907 -0.0327857202309691 0.995502955060167 -0.0888761104876445 -1.36212665664758 0.371461679606976 0.0946910632110568 0.923606963557294 23.2184708432037
0.92456050781991 -0.00036514759935935 -0.381035082436016 -6.51263593127921 -0.0340968229925046 0.995908455924601 -0.0836884345635364 -1.44754997794412 0.37950661923293 0.0903671073184718 0.92076517737873 23.9304676425382
0.920932284083771 0.0024630055317662 -0.389714846696914 -6.87532323310474 -0.0362441231534891 0.996187520854992 -0.0793522956795754 -1.50872463070958 0.388033621828165 0.0872029638059082 0.917510518432558 24.6779315729362
0.917332858197351 0.00329516071312039 -0.398107484465381 -7.24132539048798 -0.0371944502988219 0.996301555267007 -0.0774582716016297 -1.58302466790408 0.396379868482806 0.0858624067238862 0.91406271501092 25.4283781915183
0.913190036648135 0.00475030593090903 -0.407506308613916 -7.56997809019313 -0.0393955382912628 0.996278022801507 -0.0766687214283682 -1.66341323058511 0.405625379542897 0.0860670429158679 0.909978305013037 26.1803628646612
0.909555541749792 0.00419266182425958 -0.415561232622906 -7.92690731784712 -0.0391484255399691 0.996366908039992 -0.0756332290766979 -1.73182058585193 0.413734355897577 0.0850611906197777 0.906415178933122 26.9295512230871
0.905289155315557 0.0060471552842269 -0.424752842463725 -8.27950505625103 -0.0414254312563744 0.996389610771086 -0.0741058512714505 -1.81799332132602 0.422771189786236 0.0846827931779024 0.902271215115677 27.7332896350564
0.901676100420872 0.0064462490665726 -0.432364031578463 -8.70890734325752 -0.0415233973118814 0.996558869573149 -0.0717372075757519 -1.89118400047593 0.430413774646548 0.0826369490485859 0.898840985517712 28.497375222189
0.897848478517411 0.00515174327312982 -0.440274424836621 -9.08702159568626 -0.0388038926491565 0.996966644826115 -0.0674667845642023 -1.94327643165801 0.438591344578575 0.0776593113889603 0.895324892882662 29.2573476122797
0.894317422436087 0.00703894919912668 -0.447377694036532 -9.53394925553298 -0.0388848449719644 0.997315897773265 -0.0620400586735111 -2.01419319408281 0.445740189750464 0.0728797176372036 0.892190691499492 30.1066060204995
0.890706883171892 0.00749705719568956 -0.454516272979988 -9.92450528302608 -0.0378394524849617 0.99761671941205 -0.0576979807720932 -2.08697503781083 0.453000468107763 0.068590635533891 0.888867763287208 30.8789313562332
0.886792104607773 0.0076413231779479 -0.462105370435582 -10.341590410423 -0.0377920143365909 0.997713825446668 -0.056025763403624 -2.1572585811405 0.460620805932275 0.0671470974254741 0.885053524059215 31.7070775190677
0.883450183514439 0.00705739795595819 -0.468471948340981 -10.7874189867167 -0.0369592222812536 0.997820431936091 -0.0546662738737245 -2.21368824468944 0.467065080194043 0.0656092885570588 0.881785479648179 32.5201295976304
0.88026815029212 0.00733574011592121 -0.474419825153041 -11.2677878419013 -0.0366922865427993 0.997938676905263 -0.0526504819050457 -2.26035214850848 0.473055662358619 0.0637540904846434 0.878722798302698 33.3442224006626
0.877327829724909 0.00651461745434685 -0.479847307952859 -11.6942932117156 -0.035565496704981 0.998040725487191 -0.0514762635894336 -2.32556539841007 0.478571807187082 0.0622275664671565 0.875840599274358 34.1603786131439
0.874213865158612 0.00563105168534206 -0.485508402832903 -12.186240648448 -0.0347283669590991 0.998096889938757 -0.0509562441996519 -2.38373936577807 0.484297489661875 0.061407569171051 0.872745697185445 35.0401437282948
0.872571436858021 0.00524232248237395 -0.48845839703553 -12.6854745872462 -0.0348330796312982 0.998064638078782 -0.0515134427122536 -2.44647314916264 0.487243003174933 0.0619636689654493 0.871065301562066 35.8658252592787
0.870927069199888 0.00440948465785303 -0.491392507655484 -13.160099473944 -0.0343632331066547 0.998058392451946 -0.0519481805907997 -2.49310617802881 0.490209351548245 0.0621289119596407 0.869387594777704 36.6880288596788
0.870493283573213 0.00536741396510586 -0.492151027755965 -13.6549833260269 -0.0350766190968956 0.998074451302443 -0.051156822126259 -2.55961619571415 0.490928787143977 0.0617946642085996 0.869005377099987 37.5985490516561
0.870549448212935 0.00669677985817355 -0.492035376122171 -14.1813920480223 -0.0355888443737785 0.998145727458229 -0.0493815847560757 -2.61571164234164 0.490792310832488 0.0605000817884875 0.869173542931038 38.4684837616432
0.869732642928086 0.00445654660976555 -0.493503058772325 -14.7178980724259 -0.0329047927617098 0.998257816845931 -0.0489755624705392 -2.672705269826 0.492425024179961 0.0588342612625649 0.86836405111166 39.3925541448579
0.869514987060094 0.0024194429458149 -0.493900631274872 -15.2654912476809 -0.0309281164840066 0.998292227512814 -0.0495588548925016 -2.74019541880316 0.492937256543505 0.0583675833261602 0.868104882101251 40.3059035834167
0.868195904643521 0.00112658589107618 -0.496220315952952 -15.7701117247893 -0.0298367612811223 0.998306626084954 -0.0499364395119425 -2.80386183136117 0.495323771725596 0.0581602193866787 0.866759338019743 41.2003230544672
0.866743237625906 0.000328758677980524 -0.498754500678935 -16.2935832188284 -0.0280665662533526 0.998447335804685 -0.0481163743778806 -2.86784167067414 0.497964283747849 0.0557028683485676 0.86540670356153 42.0978345319718
0.864559432349417 0.000368288454541739 -0.502530449126485 -16.8571717590387 -0.0263263701670502 0.99865975199909 -0.0445603183442772 -2.92121847974426 0.501840522645871 0.0517548461569555 0.863410403996726 43.0723203900586
0.862180353360627 -2.91859392595184e-05 -0.506601458177061 -17.4110941935927 -0.0234337077848134 0.998927287031261 -0.0399391607801343 -2.99140185022165 0.506059185884813 0.0463063102886247 0.861254797379413 43.9715497718256
0.858245231822525 1.58792262515348e-05 -0.513239828736771 -17.9319993248406 -0.0227091872119089 0.999021808021694 -0.0379436412754591 -3.05613627783101 0.512737179137689 0.0442202085580386 0.857406063825659 44.8164749414476
0.853126363084042 -0.00263261055744054 -0.521697688295288 -18.5182758409094 -0.0212724228485432 0.998980101265279 -0.0398276449487868 -3.11227940796582 0.521270460161659 0.0450757877098859 0.852200258580802 45.7375175004184
0.846969925886942 -0.0053818659535179 -0.531613562808481 -19.0658010175671 -0.0208033094264571 0.998847409084001 -0.0432559323455836 -3.19196185809086 0.531233627474744 0.0476957952553156 0.845881755421517 46.6391480540303
0.840570272922991 -0.00700888571960103 -0.541657171833935 -19.667051970785 -0.0192235283488669 0.998900521685198 -0.042757499165158 -3.24260789994834 0.541361313944752 0.0463532447408781 0.839511348622521 47.5878520832165
0.834756403824256 -0.00309889113887679 -0.550610700175819 -20.2627542279806 -0.0211119822129933 0.999068707732581 -0.0376297945329168 -3.2802355212807 0.550214531325223 0.043036195269339 0.833913577905592 48.4353441702289
0.830131856172072 6.23526649747991e-05 -0.557567123744267 -20.8389911472846 -0.0222649724582381 0.999206085945857 -0.0330373850386994 -3.34757863663996 0.557122403399597 0.0398396024190321 0.829474191105034 49.2916664423713
0.826065128281179 -8.5559352000681e-05 -0.56357465922218 -21.4990490319043 -0.0232284708442715 0.999145066225989 -0.0341990464560108 -3.38684247928317 0.563095766260088 0.0413416172380912 0.825356909890566 50.2240769850114
0.822606571484718 -0.000851531751887503 -0.568610326536401 -22.0867613981474 -0.0257140780705686 0.99892010369753 -0.0386964160859456 -3.45041951722619 0.56802923757421 0.0464532164934943 0.821696345335837 51.0751817205924
0.819542292219831 -0.00395724599073996 -0.57300503616219 -22.6784718751189 -0.0270321010488948 0.998595827480308 -0.0455591796655801 -3.52568280612712 0.57238072711784 0.0528272045738466 0.818284540780874 51.9012806883915
0.816346283858695 -0.00492483794362069 -0.577541765417297 -23.3421176869832 -0.0270066512626193 0.998544361841389 -0.0466883092685238 -3.58116160741996 0.576931005942373 0.0537112968192273 0.815024975676402 52.7743115238969
0.813103871736122 -0.00292257319427287 -0.582111288615547 -23.9812849479172 -0.0276533000935839 0.998664505520893 -0.0436405821070734 -3.64469186362955 0.581461424998823 0.0515816244280281 0.811937157210891 53.6764629638748
0.809602204538895 -0.00130799857401109 -0.58697747788607 -24.5908588245839 -0.0253326440690111 0.99898793315333 -0.0371667399499846 -3.70591458467772 0.586432031483815 0.044959966122845 0.808749697926373 54.516214787741
0.806479560195217 -0.00064928985118062 -0.591261615031805 -25.2286067784286 -0.0243994207850058 0.999111018163567 -0.0343779238686287 -3.75310128773623 0.590758315432534 0.0421515338611794 0.805746772218458 55.3686517519549
0.803512842390827 0.00114332424285883 -0.595286321800434 -25.8384971593035 -0.0270108126303626 0.999038232702157 -0.0345402026687429 -3.81510846403265 0.594674304232209 0.0438326637226861 0.802770932132518 56.2229872221765
0.800009941054203 0.000835108629700008 -0.599986163847156 -26.5299467769984 -0.0282971803108791 0.998938755340175 -0.0363405099837178 -3.86169492821361 0.599319083461309 0.0460506859123694 0.799184565995926 57.0787143553768
0.795687256136755 -0.00275390364670221 -0.60570141690132 -27.179105100094 -0.0258611198751023 0.998923337334683 -0.0385145246231221 -3.92715867846939 0.605155346089223 0.0463096333697879 0.794759350342472 57.9202809088128
0.791646338913248 -0.00269946520460215 -0.610973638525314 -27.848744653885 -0.0268339310423154 0.99887170400531 -0.0391823822954215 -3.97554032154854 0.610390050893744 0.0474134139789305 0.790680690256689 58.7790914672276
0.787088530344265 -0.0040794346567932 -0.616826558777575 -28.5652518570484 -0.0247540833598407 0.998963702991119 -0.0381936573698541 -4.02968737173144 0.61634315178926 0.0453307657022546 0.78617189018899 59.6449005382027
0.78244009167757 -0.00347135694386874 -0.622716189460789 -29.226834682678 -0.0253001856434491 0.998981605465468 -0.0373584334259779 -4.09104604722211 0.622211703154162 0.0449855712712917 0.781555432989492 60.4848556360016
0.776693165430198 -0.00589814405658636 -0.62985152113074 -29.9128388663229 -0.0232635307848308 0.999005306981663 -0.0380421444965465 -4.15082374422894 0.629449390268544 0.0441996438804732 0.775783382505321 61.3206681762064
0.771793554432946 -0.00633571882210566 -0.635841621791752 -30.5996029114703 -0.024065755767777 0.998942907471223 -0.0391651249489268 -4.21019659819642 0.63541761758318 0.0455294001711702 0.770825223371011 62.1552029814548
0.766305497065706 -0.00862659915937389 -0.642418451598197 -31.3167512596361 -0.022570372290253 0.998931184558197 -0.0403369162410515 -4.25801847157969 0.642079795244766 0.0454100242688958 0.765291752362677 62.957060941282
0.760617202866202 -0.00917931689591359 -0.649135741463463 -32.0115915400282 -0.0229094606923525 0.998897735867242 -0.0409691333821329 -4.31966467129697 0.648796291076622 0.0460331773900286 0.759568508605114 63.7919616044576
0.754485647853551 -0.0111859141978378 -0.656221214611785 -32.762931893235 -0.0217929766865131 0.998876407500041 -0.0420831166497084 -4.39008120497269 0.655954627508755 0.0460521211603817 0.753394139070965 64.6250089512267
0.748049717225621 -0.0106912610326037 -0.663556566915136 -33.4770890262571 -0.0229160921784412 0.998857806454019 -0.0419277378967017 -4.46121954480952 0.663246917277373 0.0465701559305749 0.746950297743206 65.4621651867348
0.742195559670952 -0.0119544544738129 -0.670076743532378 -34.2308714374639 -0.0207343581239642 0.998952676905396 -0.0407876905049936 -4.49912844083657 0.669862551272953 0.0441660539529794 0.741170373180359 66.263163900689
0.736161367288658 -0.0139024438620069 -0.676663256994465 -34.9877677529176 -0.0176434940820172 0.9990550267464 -0.0397210353506525 -4.55667097537737 0.676576047779015 0.0411797958641578 0.735220426800232 67.0544305851052
0.729387306043524 -0.0140782037084022 -0.683956111137926 -35.7374606232123 -0.0183137183984235 0.99902808012743 -0.0400936757522206 -4.6206242301288 0.683855807536204 0.0417695977625556 0.728420575767709 67.8677543351166
0.722628161928281 -0.0152278171658378 -0.691069210117567 -36.5425994333647 -0.0188776641636125 0.998949660635935 -0.0417517581794474 -4.69179584581142 0.690979141062797 0.0432167687329005 0.721581691505824 68.6689799674103
0.716372507102292 -0.015934229271037 -0.697536043087033 -37.3786884945645 -0.0186200643975736 0.998946508668058 -0.0419424131605259 -4.75228147911442 0.697469514939403 0.0430345577116354 0.715321118500466 69.5156852644793
0.711279298629668 -0.0146992944846724 -0.702755782674565 -38.1875486182117 -0.0197605567508248 0.998968015420234 -0.0408952878001404 -4.80676640620836 0.702631681421913 0.0429748171492533 0.710254803118714 70.2971763585603
0.706891858106232 -0.0143194900929832 -0.707176677462284 -38.9481523880872 -0.0205825938396368 0.998955232499822 -0.0408019643161953 -4.87311294462178 0.707022105576588 0.0433981066949295 0.705858588218167 71.1120382209587
0.702003762686997 -0.0141141751241664 -0.712033361039961 -39.8055729449885 -0.0218630877110855 0.99890525328111 -0.0413557778688751 -4.94156881566654 0.711837567545459 0.0445991594984336 0.700926666922437 71.892187672276
0.697016808440582 -0.0171292722445576 -0.716850163411906 -40.628992317419 -0.0210315257463539 0.998796156046756 -0.0443160647057675 -5.00506004148912 0.716746289614453 0.0459654946519359 0.695817454240203 72.6849917024294
0.691435565382903 -0.019091799282762 -0.722185822433376 -41.4426497045065 -0.020898446821909 0.998703821631936 -0.0464104684117467 -5.07009269999066 0.722135800140152 0.047182410471622 0.690140352608098 73.4359029141122
0.686880610471317 -0.0205316033009293 -0.726480199471702 -42.2914848935171 -0.0202557160732708 0.998671736982167 -0.0473758136540244 -5.11752678577171 0.726487944101559 0.0472569044576036 0.685552370031769 74.2459359391292
0.681217126853556 -0.0202774787107745 -0.731800553387683 -43.2166500005033 -0.0196884528168274 0.998747312111035 -0.0460018627520928 -5.20392313785855 0.731816637489928 0.0457452774405939 0.67996454222615 75.0464240721998
0.676316738477742 -0.020858847926467 -0.736315542222226 -44.0640068182593 -0.0184365033809941 0.998806500970076 -0.0452290720996599 -5.26917027040485 0.736380176673647 0.0441642625104752 0.675124990886127 75.8347356133554
0.671867031504736 -0.0212917986337461 -0.74036568754093 -44.9015376659068 -0.0184731617042052 0.998794072552607 -0.0454878327734749 -5.33720440442181 0.740441378012915 0.0442386702412871 0.670663481771311 76.5806936963227
0.666904605787134 -0.0223475867703759 -0.744807916274692 -45.7908494383441 -0.0174360907615906 0.99880846291095 -0.0455811052566669 -5.39938885109677 0.744939077723045 0.043384787460656 0.665720309663249 77.3522671169877
0.662374815689703 -0.0222215020270507 -0.748842979794626 -46.6956800486187 -0.0175211996721347 0.998827110550462 -0.045137687041592 -5.48074762526293 0.748967696968355 0.0430186945068919 0.66120857588271 78.1723646303709
0.659007546902495 -0.0230897183116491 -0.751781828746774 -47.5363695311063 -0.0164518858735811 0.998847018872932 -0.0450995381335498 -5.54511036773111 0.751956374118046 0.0420891648402003 0.657867854227805 78.9361352532521
0.654782304231522 -0.0266361323219463 -0.755348032710873 -48.4555421412216 -0.0126341356511161 0.998853466350435 -0.0461750081328494 -5.61636938722884 0.755711924400831 0.0397777477322092 0.653695049777605 79.6539417935748
0.650316596799441 -0.0314414086580942 -0.759012359417677 -49.3935311299554 -0.00859291744561206 0.998774745833032 -0.0487357041185857 -5.68906399689367 0.759614695550953 0.0382157677896984 0.649249620250391 80.472474488923
0.646056422782252 -0.0343389219242487 -0.762516843763389 -50.32971684571 -0.00723828495504004 0.998666983273968 -0.0511063963646603 -5.77381123662209 0.763255334611367 0.0385369298148215 0.644946663862786 81.2323149053761
0.639030434739765 -0.038015685291858 -0.768241440660485 -51.2403861931535 -0.00126935131564175 0.99872442859946 -0.0504767715480965 -5.84918635496022 0.769180402911791 0.0332313615500728 0.638167050532996 82.012929638349
0.630852417859656 -0.0413245526550302 -0.774801592814888 -52.1778796699855 0.00243297809106731 0.998681128009763 -0.051284356043094 -5.92483888059241 0.775899031767816 0.0304677847079186 0.630120946007001 82.7752633473999
0.621536991578489 -0.0422315654588766 -0.782245653857185 -53.074675421514 0.00499652516146482 0.998739245236622 -0.049949522124785 -6.0035968013563 0.783368880436205 0.0271369656202781 0.620964396935163 83.5086385529173
0.612244756043832 -0.0420792046792844 -0.789547781473919 -54.052352245165 0.00756783886574914 0.998848951694205 -0.047365594203908 -6.07670638787418 0.790632080370972 0.0230241662812385 0.611858481395268 84.267256271869
0.60391965785822 -0.0416285678346572 -0.795957353877986 -55.0421246860127 0.00699297537333895 0.998873454647915 -0.0469352734642842 -6.15040267495435 0.797014520035763 0.0227790241181357 0.603530422524323 84.9826902937995
0.594041522006131 -0.0430987313339978 -0.803279010985622 -56.0700524382861 0.00600695239014938 0.998773569416791 -0.0491454327219265 -6.22089112168564 0.804411950840875 0.0243691688787862 0.593571863343046 85.7165762204117
0.584506998026556 -0.0454426118117146 -0.810115138909102 -57.022078743482 0.00687901588337765 0.998672087938914 -0.0510562426369783 -6.29087491354275 0.811359506259993 0.0242699362063352 0.584043424582522 86.3973218721592
0.575001687565003 -0.0457985977410931 -0.816869357818218 -58.033722104679 0.00514465060324712 0.998614657241531 -0.0523669639424575 -6.36591309560837 0.818136047285272 0.0259085852050951 0.574440730924524 87.1037249286454
0.56461400708262 -0.0473450988581708 -0.823996034347385 -59.05826264919 0.00917702322361269 0.998651774517094 -0.0510922254223818 -6.44819641828108 0.825304068359572 0.0212855553831288 0.564287267162011 87.8179103098567
0.554315665023895 -0.0472058187664368 -0.830966758771798 -60.0532294754624 0.0106760090157729 0.998711434947342 -0.0496134310133517 -6.53367704782035 0.832238046679321 0.0186300933978279 0.554105362976552 88.4642614093694
0.543843044422685 -0.047352942836144 -0.837849892187033 -61.105301998628 0.0104158817347902 0.998710700205512 -0.0496834650834921 -6.6110388894947 0.839122310775224 0.0182930615199477 0.543635090349653 89.1554370457278
0.533192370100134 -0.0484676100153786 -0.844604515288901 -62.1661101884772 0.00983869894581318 0.998645274602911 -0.0510961399357106 -6.69121052718016 0.845936815885238 0.0189342624010877 0.53294689907839 89.8396797442424
0.523459432955719 -0.0488499504307187 -0.850649107677539 -63.2120250706489 0.00845088457445959 0.998603707792872 -0.0521461152171195 -6.77051132235101 0.852008688101 0.020107638480047 0.523141355921293 90.4735835780822
0.513796366619376 -0.0501168084306498 -0.856447079019745 -64.2986731545014 0.00801582836885617 0.998529120549606 -0.0536222147061444 -6.85479321062414 0.85787472287292 0.0206857662936706 0.513442361836803 91.1133713916473
0.503554224176355 -0.0499587415103468 -0.862517980949297 -65.3755785494879 0.00699570171395384 0.998529778802649 -0.0537525906525669 -6.93640122536193 0.863935300512532 0.0210334255658795 0.503163384535566 91.7452818177625
0.49455378812229 -0.048701060143046 -0.867781514780556 -66.5034022252169 0.00662111020148514 0.998611040513911 -0.0522699786055346 -7.02530445870677 0.869121804785493 0.0201046388842644 0.494189328033033 92.3828842766107
0.487729227979679 -0.0462173680115841 -0.871770700969256 -67.6050619846553 0.00639715860626765 0.99876003363522 -0.049370756270691 -7.11586978010525 0.872971521033826 0.0185027053982796 0.487420119975399 92.9911004283366
0.479327211126262 -0.0475818696946578 -0.8763454743138 -68.69380698607 0.00812483171004085 0.998727024577044 -0.0497827027105662 -7.17950497038896 0.877598662136402 0.016742044553928 0.479103634050663 93.5577975684537
0.471592472858583 -0.0494026488378721 -0.880431665622568 -69.8288790996375 0.00810092032179271 0.998630020322381 -0.0516958180210102 -7.2773172778399 0.881779402477211 0.0172470518849838 0.471346607676569 94.1732422806061
0.464285941917745 -0.0532664848873967 -0.884082148742578 -71.0170352884408 0.0112667666913902 0.998464296575796 -0.0542412060312318 -7.36138503554889 0.885613699140813 0.0152226821270594 0.464173077464629 94.7843863071405
0.458760126834204 -0.055142280551506 -0.886847492482582 -72.1148271235208 0.0112475686630051 0.998352955603671 -0.0562571616470868 -7.45442533133044 0.888488963480265 0.0158336645472381 0.45862474512478 95.3492686623756
0.453217134010524 -0.0587111105737982 -0.889464577672702 -73.2366258672476 0.0134910633084209 0.998166107544526 -0.0590119730242724 -7.53838704698083 0.891298053767703 0.0147454143583868 0.453178057837429 95.9175759983094
0.44864269597374 -0.0589057500817105 -0.891767819534169 -74.390313990753 0.0130836334949829 0.998151451964118 -0.0593506316435827 -7.64589109948418 0.893615437357694 0.0149596640749162 0.448584059644101 96.5135442441471
0.444789262716947 -0.057438923223597 -0.893791520361784 -75.5408992366211 0.016794029320253 0.998300844405292 -0.0557977117709271 -7.7371461760885 0.895477789981921 0.0098078620807341 0.444998127513476 97.0186532509968
0.440830384356359 -0.0558812792287497 -0.895849236679914 -76.6339621472757 0.0214085632339787 0.998430814125843 -0.0517453652442692 -7.8188919018874 0.89733507991635 0.0036320842177179 0.441334977444292 97.6065306022802
0.437855752977729 -0.0536789850036321 -0.89744131070131 -77.8004370107427 0.0202893829650499 0.998551722788472 -0.0498276816144705 -7.92215684286908 0.898816266276486 0.00360880661096334 0.438310729952669 98.1671989077783
0.434419108832533 -0.0533839987527133 -0.899127458460878 -78.9271676898906 0.0208021244136152 0.998570445291439 -0.0492375609706447 -7.99864453432209 0.900470604462482 0.00268597610335413 0.434908583533763 98.6738251788175
0.431546606068315 -0.0524073789500398 -0.900567039937897 -80.0606226985984 0.0230937494612406 0.998625666738698 -0.0470473853312936 -8.09242801051797 0.901794990852544 -0.00049433012926889 0.432163800093186 99.2444768631524
0.429721026143534 -0.0514256977173594 -0.901496110532059 -81.166871257777 0.0242973667398368 0.998673939269585 -0.0453872338139153 -8.17098101824112 0.902634742107603 -0.00240013292380175 0.430400699003022 99.7570964083817
0.427655696082242 -0.0531174246308108 -0.902379712099626 -82.3045863197795 0.0271345561482033 0.998576506885607 -0.0459203196720109 -8.25545765746822 0.903534349912084 -0.00484758669131397 0.428488248884631 100.292635393062
0.42531960546239 -0.0534966938571893 -0.903460755625648 -83.3822842039683 0.0298368020664298 0.998537696398746 -0.0450803073762168 -8.32708309202216 0.904551269111799 -0.00778284119301375 0.426293829337464 100.780235622113
0.422190535181341 -0.0531526053008109 -0.90494748607476 -84.5049081639794 0.0341794528216863 0.998503044441479 -0.0427017007378818 -8.40140094648314 0.905862526550305 -0.0129023560187161 0.423375261678176 101.274331149481
0.421001326123055 -0.0512159834503878 -0.905612945160259 -85.5831122301722 0.0337692816629744 0.998597494697623 -0.0407759635029977 -8.48382282315504 0.906431199274714 -0.0134151639140452 0.422140396501642 101.779354034812
0.419037433986875 -0.0517476744343516 -0.906493136823623 -86.6414854030056 0.035441451598829 0.998545930017818 -0.0406193199527001 -8.56008105699555 0.90727698770897 -0.0151064170301338 0.420262136931521 102.26615757983
0.417718417693263 -0.0540762146583618 -0.906965868447131 -87.7489598124953 0.0388348140725652 0.998377649055006 -0.0416404500858089 -8.62382640047636 0.90774620943069 -0.0178278679494276 0.419140771565583 102.759129092665
0.418272766312223 -0.0535013745471724 -0.906744449050053 -88.7349315531547 0.0357150169027796 0.998460543225274 -0.0424379687299646 -8.70242077904624 0.90761904482506 -0.0146337467469703 0.419539655964714 103.217166977004
0.418332706266522 -0.0541827179446758 -0.906676336927272 -89.8849736037558 0.0346069284883467 0.99844515028177 -0.0436994551386673 -8.77304301756825 0.907634346732389 -0.0130963718235871 0.419557359221272 103.721705862461
0.420339444202403 -0.0538019883586051 -0.905770444260728 -90.9080139351597 0.0324342041063172 0.998493492524726 -0.0442579686583617 -8.84746322338132 0.906787061030099 -0.010774573515239 0.421451224359308 104.192133136082
0.424112317236506 -0.05390889586257 -0.904003635675853 -91.9181372352142 0.0306030956579967 0.998509672655475 -0.0451872122353684 -8.92383385298863 0.905092367056771 -0.00850085644716506 0.425130030149878 104.679161035383
0.428553997491108 -0.0555134932040513 -0.90180913906806 -92.9183515615819 0.0314921282018465 0.998421975119255 -0.0464952197573483 -8.99736965847827 0.902967173874948 -0.00847417672988898 0.429625966665238 105.139331805283
0.434558718158429 -0.0553282673216336 -0.898942436036752 -93.9486569662725 0.0294579511203576 0.998450403771112 -0.047212501788123 -9.07879682052705 0.900161624147738 -0.00596439808268657 0.435515185001875 105.649039013645
0.441979966802614 -0.0546586100457144 -0.89535811008391 -94.911845625745 0.0294675821027654 0.998487831222359 -0.0464081081911978 -9.14738259617667 0.896540780193616 -0.0058725845025567 0.442922275575618 106.085274219736
0.449535477284303 -0.053347559975627 -0.891668039411204 -95.9181702353866 0.0287254731448519 0.998562113526782 -0.045260939247099 -9.22653113187348 0.892800482669772 -0.00526718839344877 0.450421530203708 106.594429491568
0.458799313161748 -0.0532953057723234 -0.886940133619481 -96.9156041696353 0.0286409296668704 0.99856787136764 -0.0451874254645884 -9.2915577788119 0.888078198916135 -0.00467083021901932 0.459668680633061 107.153274208162
0.467605629868679 -0.0532440744053653 -0.882332161635193 -97.8739271127983 0.0279284903302739 0.998575787703808 -0.0454576246584923 -9.35521330289744 0.883495882470874 -0.00338596403354991 0.468426686798025 107.579086099889
0.477329318983806 -0.0529020698591013 -0.877130601588543 -98.8211521635866 0.0251468579441562 0.998599692357755 -0.0465434201422048 -9.42786009743426 0.878364592167736 0.000159460403036365 0.477991231926264 108.147297592744
0.488424776316033 -0.0536983535334324 -0.8709521942727 -99.7941358080931 0.0225906137430291 0.998548340508223 -0.0488965831013427 -9.49221336472734 0.872313534258953 0.00420695805443337 0.488928828616785 108.648006781873
0.50017570501496 -0.0546471751132737 -0.864197865286028 -100.769895154077 0.0214320068539848 0.998482198747829 -0.0507342868868004 -9.578160610586 0.865658670143723 0.00685456314002743 0.500587736335161 109.195705737005
0.512423677137354 -0.0517716705987506 -0.857170735170332 -101.685937477457 0.0172705438222596 0.998600419025404 -0.0499893132416364 -9.65386724488618 0.858559085576011 0.0108119029639327 0.512600623613727 109.762788362343
0.525442870370587 -0.0499493749508201 -0.849361436562045 -102.665800805383 0.0165879248259459 0.998686931657725 -0.0484690961959067 -9.72002746397235 0.850667168007962 0.0113785973696967 0.525581484448616 110.374883926691
0.537442590916123 -0.0475697672407225 -0.841957587241797 -103.572614142623 0.0152999361815889 0.998793440064904 -0.0466645050992102 -9.78059277962535 0.843161534595954 0.0121975951719341 0.537521948621466 110.929822617769
0.549466502862392 -0.048644500804421 -0.834098480260971 -104.448758473242 0.0183475496078381 0.998765488090946 -0.0461613173755073 -9.87049347942801 0.835314269993971 0.0100604343814304 0.54968068731264 111.483485419334
0.559896281474878 -0.0489792825332181 -0.827113767188732 -105.310856986569 0.0186403014099026 0.998743213243742 -0.0465245436615291 -9.91981735445083 0.828353000328937 0.0106312690727278 0.560105599832702 112.05806405428
0.571843839552423 -0.0503658759876055 -0.818814937395468 -106.205023455593 0.018817071201399 0.998656259305012 -0.0482865776621355 -10.0063196755673 0.820146658224823 0.0122046829914222 0.572023167988618 112.710912440127
0.58223104758525 -0.0520180746539006 -0.811357582781527 -107.086343630593 0.0211219928313628 0.998582064565887 -0.0488643197656754 -10.0851768598078 0.812748957948649 0.0113128350395266 0.582504206951979 113.310174159493
0.593306692246608 -0.0510457121357009 -0.803356399245035 -107.919217900766 0.0203466249163933 0.998619508682686 -0.0484261472023423 -10.1576232930115 0.8047193198811 0.012385965885246 0.593526245467872 113.89988619468
0.603512529124136 -0.0489754964685045 -0.795847992983492 -108.730145914642 0.0195290268964486 0.998720349028974 -0.0466506328351741 -10.2144141797079 0.797114323230154 0.0126121045471382 0.603696687518017 114.538394283675
0.613408916807051 -0.0478641655278666 -0.788313720824344 -109.532139144652 0.022032709484049 0.998810418615999 -0.0435006594998747 -10.278876074885 0.789458080264172 0.00931500523099806 0.613733794232609 115.14156220426
0.623448294059869 -0.0462370009293018 -0.78049622957379 -110.29603281728 0.0203385106085703 0.998871147761056 -0.0429275570785846 -10.3433759862584 0.781600006154084 0.0108889813836656 0.623684904791163 115.768134381877
0.633409887357326 -0.045272746120752 -0.772490966326898 -111.083988575583 0.0179162358231894 0.998877469980973 -0.0438498398895445 -10.4138994680194 0.773609024696524 0.0139347918210769 0.633509982940282 116.411691726904
0.642772278411716 -0.0450600979877722 -0.764730923707643 -111.835930823183 0.0169410775812544 0.9988605416348 -0.0446163451598234 -10.4750773639613 0.765869961544254 0.0157227839254677 0.64280323277799 117.012106746057
0.652107931471036 -0.0437333945586254 -0.756863683838078 -112.61591040709 0.0157177257939293 0.998900087181216 -0.044176565339851 -10.5451086493889 0.757963190932405 0.0169117127973152 0.652078059101691 117.656359535421
0.661356688499182 -0.0426099924782812 -0.748860280104638 -113.343772286868 0.0160371608246009 0.998960184311756 -0.0426773901792118 -10.6063315633428 0.749900086711611 0.0162153846955173 0.661352342741065 118.290624347212
