1 -1.73472347597681e-18 -2.50721752387273e-19 8.67361737988404e-19 1.73472347597681e-18 1 -8.67361737988403e-19 1.38777878078145e-17 2.50721752387273e-19 8.67361737988403e-19 1 5.55111512312578e-17
0.999886410497179 0.000926103469090186 0.0150435512905632 -0.0634756459089557 -0.000920294444533634 0.999999499278813 -0.000393065208547961 -0.0470407303239909 -0.0150439077769915 0.000379176063787584 0.999886762120746 0.0325651798058044
0.99925771066406 0.0044083865410085 0.0382700118438204 0.0201501707140682 -0.00440210954118663 0.99999027984636 -0.00024828287574678 -0.0415280838365332 -0.0382707343803133 7.96297937368094e-05 0.99926740392604 0.280712080864218
0.997881679367052 0.00591332649363665 0.0647856971357956 0.0413551255185977 -0.00599073494348288 0.999981554736091 0.0010006410078571 -0.0350007837538456 -0.064778585029532 -0.00138663526903329 0.997898698347784 0.419775123594205
0.995278052632814 0.0054448476482246 0.0969120817108038 0.0749550648587681 -0.00569965221997528 0.999980989456168 0.00235259236461272 -0.0365925595642474 -0.096897429852423 -0.00289384870895598 0.995290165593755 0.566328317506776
0.990700138704161 0.00224322894057819 0.136044856924019 0.153473738130334 -0.00293799442629887 0.999983647986272 0.00490631723587586 -0.0299562387674721 -0.136031626323836 -0.00526038819747822 0.990690529356017 0.794682895663745
0.984667320333516 -0.000950665068684569 0.174440145904377 0.213284467513637 -1.99315076620739e-05 0.999984530478711 0.00556223030862831 -0.0633867740486593 -0.174442735216885 -0.00548042326817957 0.984652069053254 0.958354530540169
0.976056400170729 -0.0012580711377455 0.217513955742547 0.315842431488564 -8.98881584830449e-05 0.9999808556062 0.00618711089377657 -0.0573363740497299 -0.217517575395363 -0.00605852111536271 0.976037601076935 1.20714635812373
0.964115800949405 -0.00111642386129861 0.265479709125668 0.43147589576496 -0.00149613047194662 0.999952429774242 0.00963845330958184 -0.0433719103164133 -0.265477840795231 -0.00968977741498738 0.964068267427338 1.36982479942332
0.949737712416267 -0.00516480408631189 0.313004157181763 0.572409651935758 -3.04655242258554e-05 0.999862360722207 0.0165909217003712 -0.0211648672127041 -0.313046764375816 -0.0157665598583214 0.949606833854973 1.63116924354975
0.932997302701048 -0.0149722278359412 0.359571780797935 0.658666737881927 0.00647039218895485 0.999670591528612 0.0248363132883397 -0.0495700192304174 -0.359825189748426 -0.0208456428652156 0.932786841671797 1.80055972314936
0.911555359927345 -0.0206409554756861 0.410658954297576 0.82597417124066 0.00929605346050699 0.999518477257988 0.0296040032754331 -0.0503737716016729 -0.411072267585382 -0.0231681802678416 0.911308304716515 2.06592112673059
0.8863929425246 -0.0226294227968439 0.462380212234978 1.01961119704458 0.00796023538440866 0.999401911881742 0.0336519416935259 -0.0505966290026643 -0.46286519214044 -0.0261481882929074 0.886042936969644 2.30839988392924
0.8585342616176 -0.024546618673899 0.512168317196994 1.19442506861542 0.00589166084324798 0.999259786908268 0.0380153469082133 -0.0213453917400843 -0.512722351727746 -0.0296199557683981 0.858043383669525 2.50713426806922
0.825873931534774 -0.0298047981440934 0.563066535339195 1.43260615913972 0.00718296204503018 0.999077075425816 0.0423485822060071 -0.022298902000789 -0.563809058341168 -0.0309301045292305 0.825325798922011 2.7866191796168
0.790517388096661 -0.0354182504638964 0.611414594731684 1.65191112741965 0.00922051650418271 0.998901497233411 0.0459432356309923 -0.0249029412818664 -0.612370183134539 -0.0306813682700999 0.789975577121753 2.96203637322138
0.752875889475806 -0.0401720136950678 0.656935388270183 1.9069955215394 0.0107712133626626 0.998753899709449 0.0487301629164419 -0.0120073587261474 -0.658074369664029 -0.0296117735174754 0.752370431941899 3.14599487414241
0.712430164450848 -0.0433878352577918 0.700400425850942 2.21128203672141 0.0118435414016215 0.99868804059624 0.0498189531916488 0.000674022328181492 -0.701643065459644 -0.0271973035738164 0.712009350620276 3.42063863964254
0.670758819541132 -0.0452560942781291 0.740293517422972 2.49193279056694 0.0108715766248504 0.998629326029134 0.0511984181033803 0.0119595073101524 -0.741595856804416 -0.0262936327898528 0.670331432983144 3.61335569531181
0.628246206839954 -0.0456489318352703 0.776674242275041 2.85797457551895 0.00663114862352535 0.99855513549816 0.053326065279407 0.0392057702308297 -0.777986331151867 -0.0283516559048975 0.62764118104878 3.84411780156535
0.586469042379081 -0.0463598935591463 0.808643816893537 3.19039962181926 0.00367666909812491 0.998502736673943 0.0545780813054912 0.05420287728947 -0.809963298202644 -0.0290352393451568 0.585761393778101 4.03438440799849
0.546133303423617 -0.0474858532459811 0.83635130694769 3.5734506093333 0.00159729356523639 0.998449264966653 0.0556463290866301 0.0783647151101642 -0.837696761092505 -0.0290544149666144 0.54536224422495 4.22688114244586
0.507149605297656 -0.0503720106949131 0.860384761827511 3.97978920304631 0.000922911000342243 0.998321749394064 0.0579036520615197 0.0864170419321877 -0.861857543960553 -0.028571755727075 0.506344970048045 4.43679249161259
0.469995793054939 -0.050154521333737 0.881242576422884 4.40848223011168 -0.00195850961054886 0.998322641759547 0.0578624851725598 0.117169200631213 -0.882666482172493 -0.028921046661956 0.469109213626436 4.62019840875539
0.433696975037578 -0.0493905889677456 0.899704120010948 4.87073811262778 -0.00313417311498554 0.99840785624053 0.0563198859735585 0.142090243082835 -0.901053334049733 -0.0272455926455737 0.432851668449195 4.82022068337219
0.400231196659419 -0.0482463624494292 0.915143309941655 5.36046828676584 -0.00213193751266096 0.998561469078291 0.0535765556437353 0.153428488353663 -0.916411721914889 -0.0233940373301074 0.399552593477236 4.989511810899
0.370722600224933 -0.0464301079391869 0.927582340689612 5.87081487454983 -2.68373697134901e-06 0.998749545508301 0.0499934529689693 0.178165652003736 -0.928743642602878 -0.0185361922659009 0.37025890387811 5.20486870131032
0.344243734190661 -0.0445393786795434 0.937823275045629 6.4066747184951 0.0007931130543543 0.998887583893041 0.0471483373620566 0.202357413726751 -0.938879982980867 -0.0154867198322794 0.343896116678692 5.36411467857828
0.323574846273184 -0.0438884178266169 0.945184175512879 6.99491148194541 0.00197330413850831 0.998952823072795 0.0457095542055449 0.223999100486033 -0.946200520465965 -0.0129253261300828 0.323322611356473 5.55048214668835
0.309374450312767 -0.0447241682231465 0.949887992486704 7.56366786173053 0.00332340099147998 0.998938156887668 0.0459512102095204 0.255588140780726 -0.950934490119863 -0.0110592717037515 0.309194579528586 5.72775995345831
0.297727962299669 -0.0461015449545469 0.953536946330708 8.20025044091761 0.0042799280738767 0.998887704281747 0.0469578156479061 0.268019755093922 -0.954641159117168 -0.00989958522081514 0.297594112058499 5.91137608402225
0.287148767315217 -0.0480360616834739 0.956680783860161 8.82000160448888 0.00292155756047264 0.998781072246655 0.0492730577825493 0.299604970059285 -0.957881542744599 -0.0113536998270649 0.286939093832584 6.07694854311027
0.276218444615839 -0.0496686318318219 0.959810605206028 9.49676024317673 0.00134821705197231 0.9986827783388 0.0512922075980009 0.33215504042401 -0.961093935661227 -0.0128738207790299 0.275921567793752 6.26943860547364
0.266334875149023 -0.0514709370430173 0.962505312670672 10.2119753179412 0.00093926467652203 0.998586602810572 0.0531405162668549 0.36455661473301 -0.963880102534139 -0.0132491255241311 0.266006783018073 6.46865425790746
0.25641147170212 -0.0534190047542366 0.965090445041614 10.8988941870866 -0.000127831073866475 0.998469745287425 0.055300555195061 0.38803683322655 -0.966567711460904 -0.0143030652914779 0.256012268230447 6.67063307587842
0.246712487530324 -0.0552649928512512 0.967511617016432 11.6347609264308 -0.00050945681285037 0.998365056692763 0.0571572745030027 0.414612129550571 -0.969088586740322 -0.0145943187578903 0.246280971472905 6.83027730830051
0.234877641206037 -0.0564399075591994 0.970384990865067 12.4058952667996 -0.00100668228684273 0.998298188066192 0.0583070689928026 0.44812796689739 -0.972024423691227 -0.0146718962123891 0.234421106578037 7.03431699216477
0.224260620542876 -0.0595337054562045 0.972709058243203 13.1466669560634 -0.0021466472197398 0.998099680263251 0.0615826287528338 0.489356938476156 -0.974526842103099 -0.0158986217342656 0.223706655796185 7.18309538972032
0.21328055575262 -0.0629640476943105 0.974959964939998 13.9322604234896 -0.00408036609366489 0.997855027323592 0.0653352512628161 0.532306999266559 -0.976982474331242 -0.0179129322831923 0.212566158422789 7.35466797892041
0.200994410439766 -0.0667696321907273 0.977314209038775 14.7197181567046 -0.00386456217723592 0.997612549271116 0.0689511906783645 0.573843296677571 -0.979584765158763 -0.0176356954470443 0.200256510792908 7.5401023633209
0.187788987564806 -0.0690003356870498 0.979782756443723 15.5384686157687 -0.00517568200223967 0.99744604326139 0.0712362484835407 0.604692599403971 -0.98219575872898 -0.0184484269592696 0.186952258819014 7.71139570502525
0.173260819379024 -0.0696446064082817 0.982410462722352 16.3425210081773 -0.00581024426669258 0.997406986822922 0.0717324452279459 0.64671417138193 -0.984858837361817 -0.0181364669948262 0.172406899616213 7.8023035688439
0.160099207052866 -0.069096903221756 0.98467957319435 17.1178522331403 -0.0074894964265944 0.997433258011251 0.0712095727858139 0.687789679040505 -0.987072515747612 -0.0187753502823618 0.15917077268599 7.94317499094248
0.143872271863094 -0.0681056135624586 0.987249915062155 17.9242770219681 -0.00874430402360045 0.997502541889984 0.0700872033267383 0.716374173634309 -0.989557631740615 -0.0187164185757256 0.142917420700219 8.04264550243758
0.121387068635235 -0.0665951764843365 0.990368750535458 18.7292055928384 -0.0112504309016236 0.997590444211223 0.0684597211722483 0.760338892569394 -0.992541488993116 -0.0194522000677112 0.120345355289904 8.14700272868984
0.09811140318598 -0.065322851412925 0.99302924309819 19.5468823162949 -0.0149409001189119 0.997634251331008 0.0671019379366651 0.804125719809653 -0.995063275409416 -0.0214202160237535 0.0969033140660368 8.23761321105112
0.0684494383871816 -0.0650026210555709 0.995534697356343 20.3876928633256 -0.0187511629966966 0.997615032025844 0.0664277183286124 0.841930701358946 -0.997478354788088 -0.0232143733919312 0.0670673139261537 8.30661401689262
0.0336469298693351 -0.064591987886743 0.997344353376108 21.2343423864407 -0.02235646003822 0.997611047934782 0.0653634892965934 0.882722908487326 -0.999183703232257 -0.0244963699209749 0.0321225007707563 8.28309892248065
-0.00109254714633594 -0.0638262954606271 0.997960425241656 22.1090054909696 -0.0232282963468437 0.99769337718777 0.0637837860626545 0.915478000828494 -0.999729589733922 -0.0231112337064901 -0.00257260315784541 8.28845027015838
-0.0351256292467922 -0.0627915267349731 0.997408348842292 22.9441121949682 -0.0247341419018505 0.997773137263621 0.0619434320932415 0.938441632805453 -0.999076780029641 -0.0224942376043746 -0.0366005038244273 8.24406732871367
-0.0670076535874605 -0.0612112397503523 0.995873063441786 23.7471356308858 -0.0269182288273526 0.997863964614283 0.0595224082263329 0.977799792532655 -0.997389283739053 -0.0228186820936012 -0.0685122210266897 8.22121621822011
-0.101053716562122 -0.0580237779464904 0.993187488625284 24.5533229291444 -0.0291225901133657 0.99804252654989 0.0553442855496467 1.02387359380989 -0.994454635020659 -0.0233314463916901 -0.102545709296881 8.09705992545547
-0.133112167801641 -0.0534691381567775 0.989657618597422 25.4559021681144 -0.0264337162997772 0.998379994554347 0.0503849691499785 1.04529106644418 -0.990748408742467 -0.0194534762557449 -0.134309913393749 7.99750897538643
-0.16323262913215 -0.048224523001065 0.985408293129262 26.2816792257895 -0.0215061203583908 0.998741247572605 0.0453145361252682 1.04570769525835 -0.986353179937965 -0.013795498484563 -0.164064282059886 7.87122426816036
-0.192834841534453 -0.0422916511344251 0.980319407200891 27.101257694071 -0.0157757405382257 0.999075231192074 0.0399976052905047 1.07382246030189 -0.981104403160465 -0.00775233273463642 -0.193323696003151 7.68677483918343
-0.22243782175065 -0.0363985050171844 0.974267193477918 27.9068205360692 -0.0105470154209632 0.999334211436412 0.0349269855337419 1.08386093099191 -0.974889827580807 -0.00250652853130815 -0.222673620786536 7.47141751200861
-0.250666507646235 -0.0299764350423798 0.967609278214399 28.7479072971738 -0.000706736991158148 0.999525868339713 0.0307821221258132 1.1122246533042 -0.968073242305181 0.00703220178131556 -0.250568844174294 7.2376464259845
-0.278113120913406 -0.0197138357315956 0.960346008820026 29.5682535542452 0.00606468775487592 0.999733404269427 0.0222786882535374 1.11725587747061 -0.960529183074747 0.0120201942001829 -0.277919418884591 7.02981702512709
-0.301665572390254 -0.00493578244253711 0.953401028154543 30.3284317530703 0.00941243956554403 0.999922449482961 0.00815481461587531 1.09932861032167 -0.953367341802668 0.0114338563780666 -0.301595720315193 6.74119297169187
-0.326402790616076 0.0119255681180557 0.945155542280264 31.1204993576161 0.01023422803261 0.999906383886387 -0.00908207244107267 1.06020018800649 -0.945175369365185 0.00670852355663789 -0.326494283038885 6.4864219816876
-0.352450640982335 0.0259774404881494 0.93546978479095 31.886115114687 0.00951233106306456 0.999662458033302 -0.0241761360966224 1.04036501870544 -0.935782058616689 0.000377603628694563 -0.352578780113908 6.17979437592501
-0.376226284897762 0.0366797811420961 0.925801477751789 32.6502285323589 0.012819725118985 0.999326500441151 -0.034383137784628 1.00692245569717 -0.926439116833859 -0.00106731973231039 -0.376443121372522 5.84680471294694
-0.39971508473823 0.0414989602117793 0.915699561719918 33.420138276412 0.0167506481836992 0.999138533969128 -0.0379684832913648 0.960033990924961 -0.916486370230423 0.000161985684147987 -0.400065878253198 5.51552517078592
-0.422029576973444 0.0408679267074817 0.905660448913525 34.1444662433771 0.0192057313353066 0.999162259630159 -0.036137498732339 0.911229349934009 -0.906378605243688 0.00214277795995895 -0.422460924180121 5.11651182300153
-0.44297244853172 0.0378159040602407 0.895737331611181 34.8921097928676 0.0232924769661871 0.99925821069421 -0.0306673911017292 0.886231393933161 -0.896232598357475 0.00727913183789444 -0.443524682380918 4.79276643881321
-0.460748208372239 0.0365659627634617 0.886777322019994 35.6401375275321 0.0307648931145596 0.999208490716469 -0.0252173240405354 0.843568178522422 -0.886997525269051 0.0156627726567416 -0.461508469823991 4.38312703273758
-0.474149100575865 0.0374112020426426 0.879649380369715 36.3754384953101 0.0339921268265064 0.999129789503234 -0.0241702097846572 0.798539512183624 -0.87978813684711 0.0184408700702599 -0.475008177376077 3.97780361558851
-0.485373582214291 0.0403885182526185 0.873373490141431 37.0710293315201 0.0365595938957533 0.998996306744284 -0.0258800155613817 0.747690642024262 -0.873542146540534 0.019368704258098 -0.486363003848687 3.58458015488278
-0.495561114993987 0.0429018915834059 0.867512886938564 37.7434418123016 0.0377812545954745 0.998898785446923 -0.0278171392104561 0.697533089985027 -0.867750977013053 0.0189906327232044 -0.496636283170757 3.18796158275413
-0.505590583858938 0.0420125942135361 0.861750023754353 38.4063322152157 0.0313490541301463 0.999048705380917 -0.0303137111198821 0.6437074096351 -0.862203803238146 0.0116887212372977 -0.506426673347201 2.77859508053557
-0.517002460576768 0.0411684149443725 0.85499334346446 39.1331669712272 0.0306317466837216 0.999092821162732 -0.0295842998260422 0.638290724959502 -0.855435650328341 0.0108947837087669 -0.517794507343664 2.37115118670222
-0.525789539853792 0.0425291717052554 0.849550839758518 39.8002061740004 0.03270417328857 0.999021581196437 -0.0297710825010218 0.59321399026673 -0.849985762721852 0.0121305341117512 -0.52666597888255 1.95906623484357
-0.533077828259837 0.0451019428537581 0.844863210092966 40.5043928710359 0.0359011736155032 0.998884549685342 -0.0306718459330558 0.536601043596725 -0.845304167001917 0.0139810997681852 -0.534102419109357 1.4982160264731
-0.536822448795992 0.0484286804480828 0.842304173905562 41.1809176114453 0.0367039966043406 0.99874656846323 -0.0340309949339001 0.499722000093124 -0.84289647946942 0.0126473275034714 -0.537927104731745 1.04375818649454
-0.53612071983125 0.0496101733751131 0.842682267800452 41.8817188385258 0.0354861151462357 0.998713615037575 -0.0362194805374889 0.451735188465857 -0.843395108712073 0.0104855060091854 -0.537191534524029 0.577787514228368
-0.532176144191318 0.0505887177069813 0.845120898566841 42.5802126178557 0.0383430590647438 0.998629113611289 -0.035632895889744 0.419997950181137 -0.845764956341429 0.0134415433896232 -0.533386317349897 0.12397055193985
-0.526970906299391 0.0494734298636104 0.848442127461578 43.3547955372266 0.0365521446263815 0.998699849226506 -0.0355324060283892 0.371170203403942 -0.849096934770825 0.0122878351423122 -0.528094124631495 -0.316135178719685
-0.520131234378958 0.0478964610618609 0.852742298728738 44.1206097998491 0.0345679243600442 0.99878877809057 -0.0350147878157837 0.33679173302542 -0.853386522994628 0.0112652464729244 -0.521156921275199 -0.764285739478956
-0.513156888925852 0.0474877698911695 0.856980115906258 44.938790625919 0.0326137268057302 0.998825987505628 -0.0358188708259818 0.284926927330157 -0.857674968838302 0.00956861506021195 -0.514103189480524 -1.23263858244539
-0.506738636001826 0.045938979706087 0.86087488343346 45.7052004671539 0.0299170176822726 0.998914826970961 -0.0356951048545096 0.241913805493063 -0.861580481926098 0.00766672036398684 -0.507563094169437 -1.68062118136175
-0.502883901113997 0.0443572242539914 0.863215047746996 46.542432866327 0.0262400756064942 0.999005496224331 -0.0360482585674212 0.197086508722666 -0.863955577812038 0.00452273922079385 -0.503547718093735 -2.11143756682112
-0.500814069359666 0.0411190621872748 0.864577637147903 47.3461822629432 0.0212396445045986 0.999153989565579 -0.0352162268919541 0.151319838808662 -0.86529425366908 0.000726539762394434 -0.501263729694503 -2.59019620056721
-0.500847905106443 0.0386920749060759 0.864670052268465 48.2063581586173 0.0184325183062282 0.999250565288558 -0.0340374799212257 0.109011933772908 -0.865339019240077 -0.00110955394636272 -0.501185744680216 -3.1096853889457
-0.502230792778538 0.0368264786172231 0.863949096450535 49.0386091987863 0.0166543131425643 0.999319378297792 -0.032915255008333 0.0519502488003447 -0.864573226880633 -0.00214257582582012 -0.502502283308285 -3.53635237767064
-0.502681893290354 0.0365746769892149 0.863697404859572 49.9154030073362 0.0171860931670748 0.999329940667641 -0.0323157529211504 0.00937846456275813 -0.864300614577866 -0.00140095979342987 -0.50297364240284 -4.04216380444472
-0.502810842064994 0.035616198212615 0.863662401362229 50.7919245678716 0.0164892286583897 0.999364173188547 -0.0316125716357209 -0.0325798179223142 -0.864239181268787 -0.00165401694428106 -0.50307842508679 -4.5484835702749
-0.502899960373351 0.0355615963132989 0.863612762020185 51.6685130691895 0.0176507972528442 0.999367446414147 -0.0308732311883039 -0.0738895302849936 -0.864164382055186 -0.000282692973808214 -0.503209539726605 -5.05482878982801
-0.503570533411704 0.0345579694289574 0.863262685761639 52.5409961354752 0.0163263219448548 0.999401904459619 -0.0304841692397693 -0.136222822512117 -0.863799843187763 -0.00125702483395876 -0.503833554656061 -5.58129256064376
-0.503159260482979 0.0334411208067178 0.863546437679765 53.4703015037149 0.0150265421124988 0.999438498671284 -0.0299481285864563 -0.181271036392973 -0.864063054193595 -0.00209256132051721 -0.503379240299754 -6.09245176581686
-0.50358170451215 0.0326241933671509 0.863331413124636 54.3857540099054 0.0145359478174509 0.999465267126575 -0.0292896915083367 -0.236497009644927 -0.863825313996809 -0.00220041240405738 -0.503786646392663 -6.59192443260235
-0.502919249419032 0.0316087845152807 0.863755239234625 55.2923865181812 0.0129643852334416 0.999494532926328 -0.0290276310762582 -0.29608314368395 -0.864236167537159 -0.00340049876444313 -0.503074828756952 -7.15220205247139
-0.501522688973105 0.0302804197931552 0.864614416154586 56.1882742633071 0.0125094618720631 0.999536632204598 -0.0277494908919243 -0.347906513186759 -0.865054047911954 -0.00310113821683071 -0.501669091267245 -7.64010031251188
-0.49943184155279 0.0279054290412646 0.865903645143737 57.0500460915536 0.0128417885404269 0.9996097610171 -0.0248075421277103 -0.392955361051279 -0.8662580008925 -0.00126992494192004 -0.499595299397793 -8.1636989543892
-0.496855282087271 0.0264915095492073 0.867428976103394 57.9346550570054 0.0129576568555202 0.999649009263946 -0.0231075183961144 -0.441991969104443 -0.867736669612845 -0.000241245552155164 -0.497024158376422 -8.63923158237559
-0.494824841031047 0.0253732797939549 0.868622227076361 58.8142939276353 0.0125146658956979 0.999678045185995 -0.0220723607850957 -0.494970475053365 -0.868902618154715 -5.14354552272025e-05 -0.494983067910687 -9.1437051048533
-0.492937809514957 0.0258755096205618 0.869679696182722 59.747842885866 0.013705697978717 0.999664581412488 -0.021974496861378 -0.539658304430796 -0.869956590752385 0.00108750690606177 -0.493127110931063 -9.629424107016
-0.491312151467031 0.0265357589422887 0.870579245857719 60.6513200034568 0.0131527376817769 0.999647856657936 -0.0230470859474341 -0.59613685740052 -0.870884249089574 0.000127187070086303 -0.491488157040572 -10.1504294320798
-0.491821702086311 0.0278918028770407 0.870249079683048 61.5240992776795 0.0123579560871923 0.999609719009803 -0.025053753860246 -0.639562909300788 -0.870608232374511 -0.00156747995555502 -0.491974439100567 -10.6530519692774
-0.494362708548189 0.0294364180410116 0.868757163820715 62.4005466502485 0.0107341383174517 0.999556978352439 -0.0277601387158442 -0.702712822320017 -0.869189444638785 -0.00439821780450959 -0.494459669749378 -11.1612689151175
-0.499373555240625 0.0298583467406448 0.865872121884204 63.2741794004856 0.00965734928413991 0.999535716606133 -0.0288978690125902 -0.749189869864038 -0.866332954429844 -0.00606880207125996 -0.499430056875112 -11.6231223716686
-0.504456060377588 0.0278962958260779 0.862986604662846 64.1385893061458 0.0089497900876411 0.999593189173062 -0.0270805726714807 -0.797238181886311 -0.863390980034949 -0.00593741004244555 -0.504500508182378 -12.1256109869219
-0.509964088793849 0.0263270108056775 0.859792717253814 64.9991307627642 0.0128792773427758 0.999653178894646 -0.0229705494265393 -0.843810373492461 -0.860099268896206 -0.000640646444588523 -0.510126295358655 -12.6292070193384
-0.515772185338911 0.0240341963128087 0.856388586004228 65.8628192511056 0.0099428795662378 0.999707025487017 -0.0220681294593009 -0.893864694794784 -0.856668075731 -0.0028671587850249 -0.515860046353511 -13.1282996748392
-0.520787858315739 0.0262627059427889 0.853282061751838 66.6686816030961 0.0114454497584437 0.999651644167915 -0.0237821780375701 -0.923980928244198 -0.853609400317693 -0.00261927259870785 -0.520907027309405 -13.6676575298729
-0.525990408000168 0.0281964026262034 0.850022972378252 67.5350252030169 0.0112887659275202 0.999593701385016 -0.0261724266211176 -0.978128732820623 -0.850415577500583 -0.00417073498860307 -0.526095001415148 -14.1763349013138
-0.530852251965399 0.0293356290132504 0.846956496789334 68.3845611948501 0.0108128112110072 0.999553801865343 -0.0278438555206355 -1.01851555923093 -0.847395403396183 -0.00562299270280939 -0.53093258729907 -14.6718321004457
-0.53433902655515 0.0293303498776632 0.844761229742552 69.1841307505585 0.00939910336979028 0.999542179301889 -0.0287591490185994 -1.06394763827769 -0.845217996469514 -0.00742713757001151 -0.534370074079357 -15.2025198768612
-0.537520714246466 0.0279908378173309 0.842785853437428 69.9826300844078 0.00931955238499247 0.999585080925413 -0.0272545763988357 -1.12316302958575 -0.843199043938804 -0.00679551246194632 -0.537558548728477 -15.7165427329731
-0.539950593841174 0.0216262449366757 0.841418838474931 70.8112299897054 0.0104022019767146 0.99976497343765 -0.0190208328222089 -1.1687784762651 -0.84163243188734 -0.00151770127287653 -0.540048651677094 -16.2688647747407
-0.541527410711745 0.014720425310184 0.840554205584935 71.6303150801152 0.0127833827342386 0.999875273110024 -0.00927487730512431 -1.19147260646688 -0.840585896011647 0.00572252582715303 -0.541648044512721 -16.805720115823
-0.544469594052647 0.012919303947252 0.838681079277257 72.4222133957937 0.0142706350363481 0.999879329731707 -0.00613799241864468 -1.19552414879747 -0.838659173996091 0.00862656135377859 -0.54458825943221 -17.296251516207
-0.544800449263358 0.016801874235969 0.838397380425656 73.2853498571305 0.0127780323605275 0.99984950466055 -0.0117341347804434 -1.25475940191842 -0.838468360984144 0.00432030695795811 -0.544933154227519 -17.839662754332
-0.546288057511477 0.0211888801785915 0.837329319668859 74.0154834259296 0.0127763736931694 0.999774466711041 -0.0169640793415555 -1.30597258581277 -0.83749992387796 0.00143075834136768 -0.546435568420449 -18.3105467514401
-0.546408376164875 0.026920097538909 0.837086133444678 74.8467505151419 0.0190296175274428 0.999624316247496 -0.0197256184563597 -1.33677545090851 -0.837302669357756 0.00515118580739083 -0.546715378575684 -18.8868295506257
-0.546673714136952 0.0283000857699424 0.836867346368063 75.6445929985551 0.0230026005503643 0.99955908130949 -0.0187756049076342 -1.3687666108247 -0.837029707142841 0.00898599561212357 -0.547083651047286 -19.3567079388326
-0.545432692867644 0.0251500314266421 0.837777209925401 76.4158981974621 0.0225096150174654 0.999628717354289 -0.0153539790407877 -1.4013605981831 -0.837852310841783 0.0104834803313769 -0.54579630069947 -19.8944702284947
-0.545361918497085 0.0204743474694411 0.837950582641291 77.2554668107712 0.0206384972408412 0.99972654340051 -0.0109950376128414 -1.44086143407514 -0.837946555744946 0.0112977659813168 -0.545635345445118 -20.4230744323967
-0.544457136491672 0.0140122238743224 0.83867161875515 78.0131708925033 0.0182214938905407 0.999822087706776 -0.00487545834359421 -1.47750527651301 -0.838590724777996 0.0126273716884791 -0.544615594525676 -20.9314936311561
-0.543753941165919 0.00675758615696899 0.839217484622348 78.8268969011148 0.00845169093049442 0.999960966246588 -0.00257583066327253 -1.51993735534883 -0.839202133211627 0.00569218872856458 -0.543789829438298 -21.4814095634484
-0.542960797991697 0.00193459551836444 0.839755815213208 79.5939258034448 0.000395895700589515 0.999997824928732 -0.00204778035925972 -1.52871570777534 -0.839757950311168 -0.000779408741187431 -0.542960382911314 -21.9495532463828
-0.541022039465101 0.00235629396834618 0.841005113356487 80.3992884329339 0.00327812592214751 0.999994386866082 -0.000692911803833354 -1.54438615297131 -0.841002025386063 0.00238204010547314 -0.541026726864279 -22.4514021263758
-0.538486317189821 0.00531526024856676 0.842617489853987 81.2230642728205 0.00858549902660208 0.999962806793774 -0.000821118494756539 -1.57544843290169 -0.842590514666411 0.00679213056472139 -0.538511923318866 -22.9653301984254
-0.533072518530114 0.00727560249606483 0.846038270763374 81.9907549722096 0.00840455011344846 0.999959223663904 -0.00330371712977198 -1.62125261614006 -0.846027808955091 0.00534945023364742 -0.533111929951719 -23.4701282168239
-0.525812086187338 0.0101603630351376 0.850540073742745 82.7834341111297 0.0152584634713097 0.999880428881565 -0.00251142033779029 -1.63513364465943 -0.850463890657219 0.0116573994789819 -0.525904245776332 -23.919412070227
-0.516933941263002 0.0131932956074439 0.855923616522709 83.5364084593147 0.0220544537474259 0.999754585194311 -0.00209056280813472 -1.66266907572204 -0.855741141607789 0.0177962449400627 -0.517098048948003 -24.4193416377761
-0.507671149405344 0.0133340720548166 0.86144773874211 84.3710784828281 0.0220587752022083 0.999753611765522 -0.00247511583010115 -1.66143303817965 -0.861268491527489 0.017745937118984 -0.507840198505134 -24.8765342468837
-0.496113210953729 0.0107204232269217 0.868191657667255 85.1722233145152 0.0176863021744887 0.999841077059312 -0.00223949553866677 -1.68921309679897 -0.868077690435927 0.0142440566802688 -0.496223971827959 -25.3303504889022
-0.48509348223788 0.00725543728453587 0.874432199841782 85.9467377287749 0.01894348860298 0.999818106571686 0.00221314503780747 -1.71411251990047 -0.874257089036101 0.017638378644869 -0.485142690214852 -25.7793759016809
-0.473914987814821 0.00569092636819674 0.880552211786189 86.7464151364939 0.0184561220422467 0.999823645073191 0.00347135589071554 -1.72436737736369 -0.880377166834556 0.0178967066699455 -0.473936443003416 -26.1929401475755
-0.461782560906497 0.00384193615908078 0.886984839762883 87.6195304391815 0.017270161966601 0.999839998109635 0.00466043836699552 -1.74815660454485 -0.886825015405116 0.0174704810086827 -0.461775025683547 -26.637289165256
-0.450794503071918 0.0063285055616116 0.892605324887489 88.4162226762687 0.0215890923390939 0.999759649676135 0.00381496676591584 -1.77608314911136 -0.892366643870173 0.0209903048288398 -0.450822781158046 -27.0076110676898
-0.437114912024337 0.00829355479387257 0.899367428048647 89.2497607599725 0.0188826743961572 0.999821705508389 -4.24493261439729e-05 -1.80513043507412 -0.899207427846103 0.016963907072889 -0.437193581338081 -27.4271327227552
-0.425936226074033 0.0173415182733326 0.904586979268321 90.111108965677 0.0200572604204981 0.999751566857208 -0.0097216701744583 -1.823278438018 -0.904530838403111 0.0140027251109312 -0.426178232746855 -27.8548072780491
-0.413059762433689 0.0232445070488463 0.910407230611818 90.8825984945889 0.0214940226697777 0.999644579894141 -0.0157708870307617 -1.83663739256631 -0.910450240072293 0.013053994803205 -0.413412570650654 -28.1917940767786
-0.40169308566398 0.0185375817692899 0.915586709706895 91.7376342838076 0.0171324640126715 0.999772243271869 -0.0127255750356747 -1.87630523696136 -0.915614080061357 0.0105744808516051 -0.401919191813621 -28.5732485953204
-0.391026654292935 0.0136689545448957 0.920277846801782 92.6083176281525 0.016488144975818 0.999833286402609 -0.00784477384086699 -1.92846352816982 -0.920231653828388 0.0121061588874224 -0.391186840536926 -28.9164151050043
-0.380191675579371 0.0142396631903159 0.924798097863732 93.4820194275583 0.0140178555036413 0.999855346730154 -0.00963251484306968 -1.95344157625615 -0.92480148656197 0.00930148414766634 -0.380336289151353 -29.2812649226828
-0.373277210559777 0.0193955002100221 0.927517082671966 94.3109050560567 0.0101783048280153 0.99980687871396 -0.0168109305833281 -1.99989526874656 -0.927664015787796 0.00316541432556793 -0.373402536098254 -29.6075684734652
-0.367768910263031 0.0259088296380433 0.929556217337461 95.144631873542 0.0064307159826679 0.999658751450818 -0.0253185019253305 -1.97754267860173 -0.929894980379985 -0.00333364583895093 -0.367810021980815 -29.8886844362816
-0.364303626203724 0.0278932576343793 0.930862414169441 95.9629280884754 0.00191932319089629 0.999571717760191 -0.0292009803333576 -2.03785454725115 -0.931278252797362 -0.00885139720509669 -0.36420113760697 -30.2450619473572
-0.360537856972879 0.0280536458320238 0.93232260867413 96.8228748386916 0.00313042441846634 0.999578364932861 -0.0288668114122043 -2.0582539459778 -0.932739328072085 -0.00748901286411465 -0.360473661387288 -30.5567675239508
-0.355402396637716 0.0272486720649645 0.934316138325173 97.6623928652294 0.00125108990704516 0.999587965125287 -0.0286763796657083 -2.09832421525508 -0.934712560757697 -0.00902274056943774 -0.355290048994345 -30.8770671614005
-0.350288892515609 0.025056931974209 0.936306489318657 98.5321282077261 0.00143745716926666 0.999655308474208 -0.026214460822647 -2.12448621210379 -0.936640606367818 -0.00783673397375685 -0.350204169169286 -31.1492571104617
-0.345220449778146 0.0206817429861853 0.938293720836939 99.4530940427176 0.00050598687856689 0.999761122711659 -0.0218504345861063 -2.20020200571686 -0.938521488849485 -0.00706845254467839 -0.3451484491438 -31.473718556518
-0.338663307292281 0.0175143790908371 0.940744604459104 100.275985509561 -0.00246200556573379 0.999806820074199 -0.0195002836315972 -2.22587947850414 -0.94090440684612 -0.0089201489999266 -0.338554763840905 -31.7812144781787
-0.332968989223492 0.0152293649429586 0.942814784917441 101.078861302628 -0.0090024628571087 0.99977265144809 -0.0193287629961611 -2.27764832374292 -0.942894802126935 -0.0149235337601244 -0.332756187413725 -32.0646794584313
-0.32794718082347 0.0154853363709342 0.944569135080867 101.942782154011 -0.0169596404802338 0.999608000491654 -0.0222759050963073 -2.2968724626821 -0.944543814327699 -0.0233248732163221 -0.327555999952257 -32.2901862294209
-0.320194229469505 0.017492562103436 0.947190406246541 102.842895018624 -0.0201360516542243 0.999477970343855 -0.0252651186640182 -2.36471129623663 -0.947137896421745 -0.027162420149647 -0.319674847451916 -32.5982178639735
-0.313129199890658 0.0226589943618111 0.949440189875248 103.709216469912 -0.0150851887229687 0.999470547071189 -0.0288281566946323 -2.41599489994422 -0.949590723025993 -0.0233494220855521 -0.312621597512459 -32.8898183571487
-0.30708154905745 0.0221579236364461 0.951425219682871 104.488334636813 -0.0126941634649552 0.9995446096431 -0.0273757474299259 -2.41367383157169 -0.951598539533559 -0.0204841341907225 -0.306660430776542 -33.1212740635987
-0.299616949099598 0.0170870222524767 0.953906555949162 105.369190905614 -0.011791870125667 0.999696912014377 -0.0216110135777824 -2.42936968243923 -0.953986706202549 -0.0177233681749 -0.299324650854801 -33.3822176216139
-0.293060360500599 0.0150945903043969 0.955974779189703 106.230861162468 -0.0138317244132437 0.99970379218971 -0.0200252660723667 -2.47821126965593 -0.955993885180766 -0.0190913913860517 -0.292764769519711 -33.6362627054984
-0.286684995662689 0.0191051231773174 0.957834384186673 107.092305997725 -0.0117528647836083 0.999655760525387 -0.0234569950715891 -2.48002023313651 -0.957952808561707 -0.0179820665327949 -0.286361767441025 -33.8971638465719
-0.280125881994686 0.0207419296343291 0.959739163831373 107.945967548137 -0.0150791459413305 0.999548115532821 -0.0260035399987435 -2.552654832389 -0.959844836207592 -0.0217563114941559 -0.279686526875697 -34.1293063481377
-0.272950956851358 0.0231745088756158 0.961748780759457 108.812358380784 -0.0108259417515382 0.999572518910453 -0.0271583950962597 -2.54967623836898 -0.961967033810993 -0.0178247462081861 -0.272583389595723 -34.3761317343814
-0.26605011437759 0.0219115934170763 0.963710132100725 109.654901839792 -0.01330965624215 0.999562820768011 -0.0264011437065453 -2.60777821730094 -0.963867309171956 -0.0198506778781632 -0.265642167016817 -34.5894900638209
-0.257912345309821 0.02111841888769 0.965937489965304 110.520858380058 -0.0108876301491462 0.999634079322954 -0.0247622084210065 -2.63867246976861 -0.966106972155011 -0.0169032493868492 -0.257588040315623 -34.8389967318486
-0.250927048381662 0.0214411748799311 0.967768511788969 111.388348406704 -0.00994660772446799 0.999644771976415 -0.0247263999602874 -2.71322694943462 -0.967954896358938 -0.0158305363139964 -0.250624645106519 -35.053879066826
-0.243539552592075 0.0234332548462747 0.969607842836763 112.393228700281 -0.00490321672802787 0.999665565782467 -0.0253912397203831 -2.76022203092494 -0.969878572187761 -0.0109379685558845 -0.243343206305211 -35.2876406893229
-0.237223577924673 0.0214043114272705 0.971219248948939 113.191628014609 -0.0140163916691274 0.999577757599733 -0.0254528441724501 -2.80744542635871 -0.971353959605454 -0.0196510041528119 -0.236823400859358 -35.4701368398865
-0.230728453476775 0.0185810882591718 0.972840749514185 114.081861493549 -0.019248109431909 0.999534843523406 -0.0236560112009025 -2.87526433854927 -0.972827780770838 -0.0241834600862829 -0.230263477822129 -35.6833804938001
-0.226635945264349 0.01923374552233 0.973789613493242 114.860547426566 -0.015896490085328 0.999598778500945 -0.0234431999177933 -2.88076861763614 -0.9738498087062 -0.0207929087094809 -0.226239265005651 -35.8590869579567
-0.222253126950539 0.019425220250556 0.974795470023802 115.76796107181 -0.0141585623698967 0.999631778002468 -0.0231482940892571 -2.92276207274927 -0.974886189599753 -0.0189464832051329 -0.221896255267709 -36.0517981488982
-0.21731357561023 0.0211782047232931 0.975872068203715 116.673516477531 -0.0140418913440785 0.999593315254341 -0.0248199392891605 -2.96865249354042 -0.976000837675347 -0.019096799300794 -0.216927815444417 -36.2593723026848
-0.211546948001148 0.0203291787127036 0.977156391415554 117.512072509909 -0.00835628610652809 0.999709495518519 -0.0226074556864343 -2.99173725385405 -0.977332114111629 -0.0129479366300273 -0.211315616231076 -36.4372547102407
-0.206140611495455 0.0174632583892649 0.978366538112741 118.301238765105 -0.00494524639407758 0.999809376630992 -0.0188879575086799 -3.04471502668232 -0.978509883869541 -0.00873183870542764 -0.206014956162024 -36.6325710068613
-0.200934726052432 0.0164997475070706 0.979465667697667 119.22054502008 -0.00280642202504184 0.999844343115065 -0.0174187696529114 -3.08992500489811 -0.97960061242409 -0.00624882973097722 -0.200857143924088 -36.8088644589833
-0.197390710404293 0.0196671885539918 0.98012759839751 120.066304650892 -0.000931806039001651 0.99979452397493 -0.0202494831353698 -3.09338154745592 -0.980324456077474 -0.00491034867658938 -0.197331825340668 -36.9630417912334
-0.193993775131527 0.0216157944807291 0.980764585738691 120.950969259885 0.00234202918452968 0.999764569260111 -0.0215712992525435 -3.0993252162017 -0.980999964377939 -0.00188771849353961 -0.193998727855034 -37.1317068326224
-0.192284491441865 0.0221823901929776 0.981088485263317 121.844074252354 0.0046635834126167 0.999753858614335 -0.021690393622564 -3.14193258325123 -0.981328143558869 0.000404661679294664 -0.192340611697655 -37.2747067735053
-0.191768263199501 0.0209449341856177 0.981216715594168 122.650980423728 0.000840901120748745 0.99977539405134 -0.0211767404194437 -3.18287007868556 -0.981439873917273 -0.00323592049462285 -0.191742803525453 -37.4160452178611
-0.189889797880278 0.0171539567697426 0.981655543675137 123.567024636234 0.0016956728098269 0.999851594408978 -0.0171439158755366 -3.21029903696273 -0.981803946495791 -0.00159088810645638 -0.18989070467067 -37.6187968699923
-0.189168858303127 0.0115346860813362 0.981876822246709 124.373679798245 -0.00196122758176017 0.999924571535368 -0.0121245546798314 -3.24871823215197 -0.981942613717657 -0.0042192720718988 -0.189131967442099 -37.776801196303
-0.18814570114874 0.0086116154381069 0.982103372980052 125.252777854921 -0.00493324940408058 0.999940657551231 -0.00971310590542596 -3.26150525695974 -0.982128738093722 -0.00667244000040771 -0.188092052875381 -37.9490933169075
-0.187075032123353 0.0128660598056579 0.982261368914162 126.087198815413 -0.0103528453716788 0.999832873722521 -0.0150679532941554 -3.29186709807645 -0.982291072416296 -0.0129880379134791 -0.186910566641914 -38.0889015954026
-0.187227061640964 0.0159111622065627 0.98218779380856 126.869173792086 -0.0119699266875347 0.999757621581853 -0.0184775253779405 -3.3584317485958 -0.982243731588238 -0.0152162086681881 -0.186991226396803 -38.242466924505
-0.18662986378517 0.01622418526304 0.982296324820611 127.814439072619 -0.00831697328952514 0.9998017072198 -0.0180934848958256 -3.37751081873668 -0.982395094602386 -0.0115465169174387 -0.186457920315135 -38.422493060161
-0.186355751722345 0.0145118337876018 0.982375152617431 128.699279408737 -0.0164572013512305 0.999704515137871 -0.0178897438953187 -3.42395045965599 -0.982344488620812 -0.0195010023608032 -0.186061862248122 -38.5793049066907
-0.186007755432785 0.0146128743213495 0.982439605687253 129.475497637562 -0.00898571264644354 0.999822285284532 -0.0165727130142382 -3.4344880207282 -0.982507186684704 -0.0119105731384011 -0.185843392027863 -38.7171084104052
