1 -1.88617296694588e-17 -4.33680868994202e-19 -4.65661287307739e-10 1.88617296694588e-17 1 -8.17997131378459e-36 -1.16415321826935e-10 4.33680868994202e-19 0 1 3.63797880709171e-12
1 -1.88617296694588e-17 -4.33680868994202e-19 -4.65661287307739e-10 1.88617296694588e-17 1 -8.17997131378459e-36 -1.16415321826935e-10 4.33680868994202e-19 0 1 3.63797880709171e-12
1 -1.88617296694588e-17 -4.33680868994202e-19 -4.65661287307739e-10 1.88617296694588e-17 1 -8.17997131378459e-36 -1.16415321826935e-10 4.33680868994202e-19 0 1 3.63797880709171e-12
1 -1.88617296694588e-17 -4.33680868994202e-19 -4.65661287307739e-10 1.88617296694588e-17 1 -8.17997131378459e-36 -1.16415321826935e-10 4.33680868994202e-19 0 1 3.63797880709171e-12
1 -1.88617296694588e-17 -4.33680868994202e-19 -4.65661287307739e-10 1.88617296694588e-17 1 -8.17997131378459e-36 -1.16415321826935e-10 4.33680868994202e-19 0 1 3.63797880709171e-12
1 -1.88617296694588e-17 -4.33680868994202e-19 -4.65661287307739e-10 1.88617296694588e-17 1 -8.17997131378459e-36 -1.16415321826935e-10 4.33680868994202e-19 0 1 3.63797880709171e-12
1 -1.88617296694588e-17 -4.33680868994202e-19 -4.65661287307739e-10 1.88617296694588e-17 1 -8.17997131378459e-36 -1.16415321826935e-10 4.33680868994202e-19 0 1 3.63797880709171e-12
1 -1.88617296694588e-17 -4.33680868994202e-19 -4.65661287307739e-10 1.88617296694588e-17 1 -8.17997131378459e-36 -1.16415321826935e-10 4.33680868994202e-19 0 1 3.63797880709171e-12
1 -1.88617296694588e-17 -4.33680868994202e-19 -4.65661287307739e-10 1.88617296694588e-17 1 -8.17997131378459e-36 -1.16415321826935e-10 4.33680868994202e-19 0 1 3.63797880709171e-12
1 -1.88617296694588e-17 -4.33680868994202e-19 -4.65661287307739e-10 1.88617296694588e-17 1 -8.17997131378459e-36 -1.16415321826935e-10 4.33680868994202e-19 0 1 3.63797880709171e-12
1 -1.88617296694588e-17 -4.33680868994202e-19 -4.65661287307739e-10 1.88617296694588e-17 1 -8.17997131378459e-36 -1.16415321826935e-10 4.33680868994202e-19 0 1 3.63797880709171e-12
1 -1.88617296694588e-17 -4.33680868994202e-19 -4.65661287307739e-10 1.88617296694588e-17 1 -8.17997131378459e-36 -1.16415321826935e-10 4.33680868994202e-19 0 1 3.63797880709171e-12
1 -1.88617296694588e-17 -4.33680868994202e-19 -4.65661287307739e-10 1.88617296694588e-17 1 -8.17997131378459e-36 -1.16415321826935e-10 4.33680868994202e-19 0 1 3.63797880709171e-12
1 -1.88617296694588e-17 -4.33680868994202e-19 -4.65661287307739e-10 1.88617296694588e-17 1 -8.17997131378459e-36 -1.16415321826935e-10 4.33680868994202e-19 0 1 3.63797880709171e-12
1 -1.88617296694588e-17 -4.33680868994202e-19 -4.65661287307739e-10 1.88617296694588e-17 1 -8.17997131378459e-36 -1.16415321826935e-10 4.33680868994202e-19 0 1 3.63797880709171e-12
1 -1.88617296694588e-17 -4.33680868994202e-19 -4.65661287307739e-10 1.88617296694588e-17 1 -8.17997131378459e-36 -1.16415321826935e-10 4.33680868994202e-19 0 1 3.63797880709171e-12
1 -1.88617296694588e-17 -4.33680868994202e-19 -4.65661287307739e-10 1.88617296694588e-17 1 -8.17997131378459e-36 -1.16415321826935e-10 4.33680868994202e-19 0 1 3.63797880709171e-12
1 -1.88617296694588e-17 -4.33680868994202e-19 -4.65661287307739e-10 1.88617296694588e-17 1 -8.17997131378459e-36 -1.16415321826935e-10 4.33680868994202e-19 0 1 3.63797880709171e-12
1 -1.88617296694588e-17 -4.33680868994202e-19 -4.65661287307739e-10 1.88617296694588e-17 1 -8.17997131378459e-36 -1.16415321826935e-10 4.33680868994202e-19 0 1 3.63797880709171e-12
1 -1.88617296694588e-17 -4.33680868994202e-19 -4.65661287307739e-10 1.88617296694588e-17 1 -8.17997131378459e-36 -1.16415321826935e-10 4.33680868994202e-19 0 1 3.63797880709171e-12
1 -1.88617296694588e-17 -4.33680868994202e-19 -4.65661287307739e-10 1.88617296694588e-17 1 -8.17997131378459e-36 -1.16415321826935e-10 4.33680868994202e-19 0 1 3.63797880709171e-12
1 -1.88617296694588e-17 -4.33680868994202e-19 -4.65661287307739e-10 1.88617296694588e-17 1 -8.17997131378459e-36 -1.16415321826935e-10 4.33680868994202e-19 0 1 3.63797880709171e-12
1 -1.88617296694588e-17 -4.33680868994202e-19 -4.65661287307739e-10 1.88617296694588e-17 1 -8.17997131378459e-36 -1.16415321826935e-10 4.33680868994202e-19 0 1 3.63797880709171e-12
1 -1.88617296694588e-17 -4.33680868994202e-19 -4.65661287307739e-10 1.88617296694588e-17 1 -8.17997131378459e-36 -1.16415321826935e-10 4.33680868994202e-19 0 1 3.63797880709171e-12
1 -1.88617296694588e-17 -4.33680868994202e-19 -4.65661287307739e-10 1.88617296694588e-17 1 -8.17997131378459e-36 -1.16415321826935e-10 4.33680868994202e-19 0 1 3.63797880709171e-12
1 -1.88617296694588e-17 -4.33680868994202e-19 -4.65661287307739e-10 1.88617296694588e-17 1 -8.17997131378459e-36 -1.16415321826935e-10 4.33680868994202e-19 0 1 3.63797880709171e-12
1 -1.88617296694588e-17 -4.33680868994202e-19 -4.65661287307739e-10 1.88617296694588e-17 1 -8.17997131378459e-36 -1.16415321826935e-10 4.33680868994202e-19 0 1 3.63797880709171e-12
1 -1.88617296694588e-17 -4.33680868994202e-19 -4.65661287307739e-10 1.88617296694588e-17 1 -8.17997131378459e-36 -1.16415321826935e-10 4.33680868994202e-19 0 1 3.63797880709171e-12
1 -1.88617296694588e-17 -4.33680868994202e-19 -4.65661287307739e-10 1.88617296694588e-17 1 -8.17997131378459e-36 -1.16415321826935e-10 4.33680868994202e-19 0 1 3.63797880709171e-12
1 -1.88617296694588e-17 -4.33680868994202e-19 -4.65661287307739e-10 1.88617296694588e-17 1 -8.17997131378459e-36 -1.16415321826935e-10 4.33680868994202e-19 0 1 3.63797880709171e-12
1 -1.88617296694588e-17 -4.33680868994202e-19 -4.65661287307739e-10 1.88617296694588e-17 1 -8.17997131378459e-36 -1.16415321826935e-10 4.33680868994202e-19 0 1 3.63797880709171e-12
1 -1.88617296694588e-17 -4.33680868994202e-19 -4.65661287307739e-10 1.88617296694588e-17 1 -8.17997131378459e-36 -1.16415321826935e-10 4.33680868994202e-19 0 1 3.63797880709171e-12
1 -1.88617296694588e-17 -4.33680868994202e-19 -4.65661287307739e-10 1.88617296694588e-17 1 -8.17997131378459e-36 -1.16415321826935e-10 4.33680868994202e-19 0 1 3.63797880709171e-12
1 -1.88617296694588e-17 -4.33680868994202e-19 -4.65661287307739e-10 1.88617296694588e-17 1 -8.17997131378459e-36 -1.16415321826935e-10 4.33680868994202e-19 0 1 3.63797880709171e-12
1 -1.88617296694588e-17 -4.33680868994202e-19 -4.65661287307739e-10 1.88617296694588e-17 1 -8.17997131378459e-36 -1.16415321826935e-10 4.33680868994202e-19 0 1 3.63797880709171e-12
1 -1.88617296694588e-17 -4.33680868994202e-19 -4.65661287307739e-10 1.88617296694588e-17 1 -8.17997131378459e-36 -1.16415321826935e-10 4.33680868994202e-19 0 1 3.63797880709171e-12
1 -1.88617296694588e-17 -4.33680868994202e-19 -4.65661287307739e-10 1.88617296694588e-17 1 -8.17997131378459e-36 -1.16415321826935e-10 4.33680868994202e-19 0 1 3.63797880709171e-12
1 -1.88617296694588e-17 -4.33680868994202e-19 -4.65661287307739e-10 1.88617296694588e-17 1 -8.17997131378459e-36 -1.16415321826935e-10 4.33680868994202e-19 0 1 3.63797880709171e-12
1 -1.88617296694588e-17 -4.33680868994202e-19 -4.65661287307739e-10 1.88617296694588e-17 1 -8.17997131378459e-36 -1.16415321826935e-10 4.33680868994202e-19 0 1 3.63797880709171e-12
1 -1.88617296694588e-17 -4.33680868994202e-19 -4.65661287307739e-10 1.88617296694588e-17 1 -8.17997131378459e-36 -1.16415321826935e-10 4.33680868994202e-19 0 1 3.63797880709171e-12
1 -1.88617296694588e-17 -4.33680868994202e-19 -4.65661287307739e-10 1.88617296694588e-17 1 -8.17997131378459e-36 -1.16415321826935e-10 4.33680868994202e-19 0 1 3.63797880709171e-12
1 -1.88617296694588e-17 -4.33680868994202e-19 -4.65661287307739e-10 1.88617296694588e-17 1 -8.17997131378459e-36 -1.16415321826935e-10 4.33680868994202e-19 0 1 3.63797880709171e-12
1 -1.88617296694588e-17 -4.33680868994202e-19 -4.65661287307739e-10 1.88617296694588e-17 1 -8.17997131378459e-36 -1.16415321826935e-10 4.33680868994202e-19 0 1 3.63797880709171e-12
1 -1.88617296694588e-17 -4.33680868994202e-19 -4.65661287307739e-10 1.88617296694588e-17 1 -8.17997131378459e-36 -1.16415321826935e-10 4.33680868994202e-19 0 1 3.63797880709171e-12
1 -1.88617296694588e-17 -4.33680868994202e-19 -4.65661287307739e-10 1.88617296694588e-17 1 -8.17997131378459e-36 -1.16415321826935e-10 4.33680868994202e-19 0 1 3.63797880709171e-12
1 -1.88617296694588e-17 -4.33680868994202e-19 -4.65661287307739e-10 1.88617296694588e-17 1 -8.17997131378459e-36 -1.16415321826935e-10 4.33680868994202e-19 0 1 3.63797880709171e-12
1 -1.88617296694588e-17 -4.33680868994202e-19 -4.65661287307739e-10 1.88617296694588e-17 1 -8.17997131378459e-36 -1.16415321826935e-10 4.33680868994202e-19 0 1 3.63797880709171e-12
1 -1.88617296694588e-17 -4.33680868994202e-19 -4.65661287307739e-10 1.88617296694588e-17 1 -8.17997131378459e-36 -1.16415321826935e-10 4.33680868994202e-19 0 1 3.63797880709171e-12
1 -1.88617296694588e-17 -4.33680868994202e-19 -4.65661287307739e-10 1.88617296694588e-17 1 -8.17997131378459e-36 -1.16415321826935e-10 4.33680868994202e-19 0 1 3.63797880709171e-12
1 -1.88617296694588e-17 -4.33680868994202e-19 -4.65661287307739e-10 1.88617296694588e-17 1 -8.17997131378459e-36 -1.16415321826935e-10 4.33680868994202e-19 0 1 3.63797880709171e-12
1 -1.88617296694588e-17 -4.33680868994202e-19 -4.65661287307739e-10 1.88617296694588e-17 1 -8.17997131378459e-36 -1.16415321826935e-10 4.33680868994202e-19 0 1 3.63797880709171e-12
1 -1.88617296694588e-17 -4.33680868994202e-19 -4.65661287307739e-10 1.88617296694588e-17 1 -8.17997131378459e-36 -1.16415321826935e-10 4.33680868994202e-19 0 1 3.63797880709171e-12
1 -1.88617296694588e-17 -4.33680868994202e-19 -4.65661287307739e-10 1.88617296694588e-17 1 -8.17997131378459e-36 -1.16415321826935e-10 4.33680868994202e-19 0 1 3.63797880709171e-12
1 -1.88617296694588e-17 -4.33680868994202e-19 -4.65661287307739e-10 1.88617296694588e-17 1 -8.17997131378459e-36 -1.16415321826935e-10 4.33680868994202e-19 0 1 3.63797880709171e-12
1 -1.88617296694588e-17 -4.33680868994202e-19 -4.65661287307739e-10 1.88617296694588e-17 1 -8.17997131378459e-36 -1.16415321826935e-10 4.33680868994202e-19 0 1 3.63797880709171e-12
1 -1.88617296694588e-17 -4.33680868994202e-19 -4.65661287307739e-10 1.88617296694588e-17 1 -8.17997131378459e-36 -1.16415321826935e-10 4.33680868994202e-19 0 1 3.63797880709171e-12
1 -1.88617296694588e-17 -4.33680868994202e-19 -4.65661287307739e-10 1.88617296694588e-17 1 -8.17997131378459e-36 -1.16415321826935e-10 4.33680868994202e-19 0 1 3.63797880709171e-12
1 -1.88617296694588e-17 -4.33680868994202e-19 -4.65661287307739e-10 1.88617296694588e-17 1 -8.17997131378459e-36 -1.16415321826935e-10 4.33680868994202e-19 0 1 3.63797880709171e-12
1 -1.88617296694588e-17 -4.33680868994202e-19 -4.65661287307739e-10 1.88617296694588e-17 1 -8.17997131378459e-36 -1.16415321826935e-10 4.33680868994202e-19 0 1 3.63797880709171e-12
1 -1.88617296694588e-17 -4.33680868994202e-19 -4.65661287307739e-10 1.88617296694588e-17 1 -8.17997131378459e-36 -1.16415321826935e-10 4.33680868994202e-19 0 1 3.63797880709171e-12
1 -1.88617296694588e-17 -4.33680868994202e-19 -4.65661287307739e-10 1.88617296694588e-17 1 -8.17997131378459e-36 -1.16415321826935e-10 4.33680868994202e-19 0 1 3.63797880709171e-12
1 -1.88617296694588e-17 -4.33680868994202e-19 -4.65661287307739e-10 1.88617296694588e-17 1 -8.17997131378459e-36 -1.16415321826935e-10 4.33680868994202e-19 0 1 3.63797880709171e-12
1 -1.88617296694588e-17 -4.33680868994202e-19 -4.65661287307739e-10 1.88617296694588e-17 1 -8.17997131378459e-36 -1.16415321826935e-10 4.33680868994202e-19 0 1 3.63797880709171e-12
1 -1.88617296694588e-17 -4.33680868994202e-19 -4.65661287307739e-10 1.88617296694588e-17 1 -8.17997131378459e-36 -1.16415321826935e-10 4.33680868994202e-19 0 1 3.63797880709171e-12
1 -1.88617296694588e-17 -4.33680868994202e-19 -4.65661287307739e-10 1.88617296694588e-17 1 -8.17997131378459e-36 -1.16415321826935e-10 4.33680868994202e-19 0 1 3.63797880709171e-12
1 -1.88617296694588e-17 -4.33680868994202e-19 -4.65661287307739e-10 1.88617296694588e-17 1 -8.17997131378459e-36 -1.16415321826935e-10 4.33680868994202e-19 0 1 3.63797880709171e-12
1 -1.88617296694588e-17 -4.33680868994202e-19 -4.65661287307739e-10 1.88617296694588e-17 1 -8.17997131378459e-36 -1.16415321826935e-10 4.33680868994202e-19 0 1 3.63797880709171e-12
1 -1.88617296694588e-17 -4.33680868994202e-19 -4.65661287307739e-10 1.88617296694588e-17 1 -8.17997131378459e-36 -1.16415321826935e-10 4.33680868994202e-19 0 1 3.63797880709171e-12
1 -1.88617296694588e-17 -4.33680868994202e-19 -4.65661287307739e-10 1.88617296694588e-17 1 -8.17997131378459e-36 -1.16415321826935e-10 4.33680868994202e-19 0 1 3.63797880709171e-12
1 -1.88617296694588e-17 -4.33680868994202e-19 -4.65661287307739e-10 1.88617296694588e-17 1 -8.17997131378459e-36 -1.16415321826935e-10 4.33680868994202e-19 0 1 3.63797880709171e-12
1 -1.88617296694588e-17 -4.33680868994202e-19 -4.65661287307739e-10 1.88617296694588e-17 1 -8.17997131378459e-36 -1.16415321826935e-10 4.33680868994202e-19 0 1 3.63797880709171e-12
1 -1.88617296694588e-17 -4.33680868994202e-19 -4.65661287307739e-10 1.88617296694588e-17 1 -8.17997131378459e-36 -1.16415321826935e-10 4.33680868994202e-19 0 1 3.63797880709171e-12
1 -1.88617296694588e-17 -4.33680868994202e-19 -4.65661287307739e-10 1.88617296694588e-17 1 -8.17997131378459e-36 -1.16415321826935e-10 4.33680868994202e-19 0 1 3.63797880709171e-12
1 -1.88617296694588e-17 -4.33680868994202e-19 -4.65661287307739e-10 1.88617296694588e-17 1 -8.17997131378459e-36 -1.16415321826935e-10 4.33680868994202e-19 0 1 3.63797880709171e-12
1 -1.88617296694588e-17 -4.33680868994202e-19 -4.65661287307739e-10 1.88617296694588e-17 1 -8.17997131378459e-36 -1.16415321826935e-10 4.33680868994202e-19 0 1 3.63797880709171e-12
1 -1.88617296694588e-17 -4.33680868994202e-19 -4.65661287307739e-10 1.88617296694588e-17 1 -8.17997131378459e-36 -1.16415321826935e-10 4.33680868994202e-19 0 1 3.63797880709171e-12
1 -1.88617296694588e-17 -4.33680868994202e-19 -4.65661287307739e-10 1.88617296694588e-17 1 -8.17997131378459e-36 -1.16415321826935e-10 4.33680868994202e-19 0 1 3.63797880709171e-12
1 -1.88617296694588e-17 -4.33680868994202e-19 -4.65661287307739e-10 1.88617296694588e-17 1 -8.17997131378459e-36 -1.16415321826935e-10 4.33680868994202e-19 0 1 3.63797880709171e-12
1 -1.88617296694588e-17 -4.33680868994202e-19 -4.65661287307739e-10 1.88617296694588e-17 1 -8.17997131378459e-36 -1.16415321826935e-10 4.33680868994202e-19 0 1 3.63797880709171e-12
1 -1.88617296694588e-17 -4.33680868994202e-19 -4.65661287307739e-10 1.88617296694588e-17 1 -8.17997131378459e-36 -1.16415321826935e-10 4.33680868994202e-19 0 1 3.63797880709171e-12
1 -1.88617296694588e-17 -4.33680868994202e-19 -4.65661287307739e-10 1.88617296694588e-17 1 -8.17997131378459e-36 -1.16415321826935e-10 4.33680868994202e-19 0 1 3.63797880709171e-12
1 -1.88617296694588e-17 -4.33680868994202e-19 -4.65661287307739e-10 1.88617296694588e-17 1 -8.17997131378459e-36 -1.16415321826935e-10 4.33680868994202e-19 0 1 3.63797880709171e-12
1 -1.88617296694588e-17 -4.33680868994202e-19 -4.65661287307739e-10 1.88617296694588e-17 1 -8.17997131378459e-36 -1.16415321826935e-10 4.33680868994202e-19 0 1 3.63797880709171e-12
1 -1.88617296694588e-17 -4.33680868994202e-19 -4.65661287307739e-10 1.88617296694588e-17 1 -8.17997131378459e-36 -1.16415321826935e-10 4.33680868994202e-19 0 1 3.63797880709171e-12
1 -1.88617296694588e-17 -4.33680868994202e-19 -4.65661287307739e-10 1.88617296694588e-17 1 -8.17997131378459e-36 -1.16415321826935e-10 4.33680868994202e-19 0 1 3.63797880709171e-12
1 -1.88617296694588e-17 -4.33680868994202e-19 -4.65661287307739e-10 1.88617296694588e-17 1 -8.17997131378459e-36 -1.16415321826935e-10 4.33680868994202e-19 0 1 3.63797880709171e-12
1 -1.88617296694588e-17 -4.33680868994202e-19 -4.65661287307739e-10 1.88617296694588e-17 1 -8.17997131378459e-36 -1.16415321826935e-10 4.33680868994202e-19 0 1 3.63797880709171e-12
1 -1.88617296694588e-17 -4.33680868994202e-19 -4.65661287307739e-10 1.88617296694588e-17 1 -8.17997131378459e-36 -1.16415321826935e-10 4.33680868994202e-19 0 1 3.63797880709171e-12
1 -1.88617296694588e-17 -4.33680868994202e-19 -4.65661287307739e-10 1.88617296694588e-17 1 -8.17997131378459e-36 -1.16415321826935e-10 4.33680868994202e-19 0 1 3.63797880709171e-12
1 -1.88617296694588e-17 -4.33680868994202e-19 -4.65661287307739e-10 1.88617296694588e-17 1 -8.17997131378459e-36 -1.16415321826935e-10 4.33680868994202e-19 0 1 3.63797880709171e-12
1 -1.88617296694588e-17 -4.33680868994202e-19 -4.65661287307739e-10 1.88617296694588e-17 1 -8.17997131378459e-36 -1.16415321826935e-10 4.33680868994202e-19 0 1 3.63797880709171e-12
1 -1.88617296694588e-17 -4.33680868994202e-19 -4.65661287307739e-10 1.88617296694588e-17 1 -8.17997131378459e-36 -1.16415321826935e-10 4.33680868994202e-19 0 1 3.63797880709171e-12
1 -1.88617296694588e-17 -4.33680868994202e-19 -4.65661287307739e-10 1.88617296694588e-17 1 -8.17997131378459e-36 -1.16415321826935e-10 4.33680868994202e-19 0 1 3.63797880709171e-12
1 -1.88617296694588e-17 -4.33680868994202e-19 -4.65661287307739e-10 1.88617296694588e-17 1 -8.17997131378459e-36 -1.16415321826935e-10 4.33680868994202e-19 0 1 3.63797880709171e-12
1 -1.88617296694588e-17 -4.33680868994202e-19 -4.65661287307739e-10 1.88617296694588e-17 1 -8.17997131378459e-36 -1.16415321826935e-10 4.33680868994202e-19 0 1 3.63797880709171e-12
1 -1.88617296694588e-17 -4.33680868994202e-19 -4.65661287307739e-10 1.88617296694588e-17 1 -8.17997131378459e-36 -1.16415321826935e-10 4.33680868994202e-19 0 1 3.63797880709171e-12
1 -1.88617296694588e-17 -4.33680868994202e-19 -4.65661287307739e-10 1.88617296694588e-17 1 -8.17997131378459e-36 -1.16415321826935e-10 4.33680868994202e-19 0 1 3.63797880709171e-12
1 -1.88617296694588e-17 -4.33680868994202e-19 -4.65661287307739e-10 1.88617296694588e-17 1 -8.17997131378459e-36 -1.16415321826935e-10 4.33680868994202e-19 0 1 3.63797880709171e-12
1 -1.88617296694588e-17 -4.33680868994202e-19 -4.65661287307739e-10 1.88617296694588e-17 1 -8.17997131378459e-36 -1.16415321826935e-10 4.33680868994202e-19 0 1 3.63797880709171e-12
1 -1.88617296694588e-17 -4.33680868994202e-19 -4.65661287307739e-10 1.88617296694588e-17 1 -8.17997131378459e-36 -1.16415321826935e-10 4.33680868994202e-19 0 1 3.63797880709171e-12
1 -1.88617296694588e-17 -4.33680868994202e-19 -4.65661287307739e-10 1.88617296694588e-17 1 -8.17997131378459e-36 -1.16415321826935e-10 4.33680868994202e-19 0 1 3.63797880709171e-12
1 -1.88617296694588e-17 -4.33680868994202e-19 -4.65661287307739e-10 1.88617296694588e-17 1 -8.17997131378459e-36 -1.16415321826935e-10 4.33680868994202e-19 0 1 3.63797880709171e-12
1 -1.88617296694588e-17 -4.33680868994202e-19 -4.65661287307739e-10 1.88617296694588e-17 1 -8.17997131378459e-36 -1.16415321826935e-10 4.33680868994202e-19 0 1 3.63797880709171e-12
1 -1.88617296694588e-17 -4.33680868994202e-19 -4.65661287307739e-10 1.88617296694588e-17 1 -8.17997131378459e-36 -1.16415321826935e-10 4.33680868994202e-19 0 1 3.63797880709171e-12
1 -1.88617296694588e-17 -4.33680868994202e-19 -4.65661287307739e-10 1.88617296694588e-17 1 -8.17997131378459e-36 -1.16415321826935e-10 4.33680868994202e-19 0 1 3.63797880709171e-12
1 -1.88617296694588e-17 -4.33680868994202e-19 -4.65661287307739e-10 1.88617296694588e-17 1 -8.17997131378459e-36 -1.16415321826935e-10 4.33680868994202e-19 0 1 3.63797880709171e-12
1 -1.88617296694588e-17 -4.33680868994202e-19 -4.65661287307739e-10 1.88617296694588e-17 1 -8.17997131378459e-36 -1.16415321826935e-10 4.33680868994202e-19 0 1 3.63797880709171e-12
1 -1.88617296694588e-17 -4.33680868994202e-19 -4.65661287307739e-10 1.88617296694588e-17 1 -8.17997131378459e-36 -1.16415321826935e-10 4.33680868994202e-19 0 1 3.63797880709171e-12
1 -1.88617296694588e-17 -4.33680868994202e-19 -4.65661287307739e-10 1.88617296694588e-17 1 -8.17997131378459e-36 -1.16415321826935e-10 4.33680868994202e-19 0 1 3.63797880709171e-12
1 -1.88617296694588e-17 -4.33680868994202e-19 -4.65661287307739e-10 1.88617296694588e-17 1 -8.17997131378459e-36 -1.16415321826935e-10 4.33680868994202e-19 0 1 3.63797880709171e-12
1 -1.88617296694588e-17 -4.33680868994202e-19 -4.65661287307739e-10 1.88617296694588e-17 1 -8.17997131378459e-36 -1.16415321826935e-10 4.33680868994202e-19 0 1 3.63797880709171e-12
1 -1.88617296694588e-17 -4.33680868994202e-19 -4.65661287307739e-10 1.88617296694588e-17 1 -8.17997131378459e-36 -1.16415321826935e-10 4.33680868994202e-19 0 1 3.63797880709171e-12
1 -1.88617296694588e-17 -4.33680868994202e-19 -4.65661287307739e-10 1.88617296694588e-17 1 -8.17997131378459e-36 -1.16415321826935e-10 4.33680868994202e-19 0 1 3.63797880709171e-12
1 -1.88617296694588e-17 -4.33680868994202e-19 -4.65661287307739e-10 1.88617296694588e-17 1 -8.17997131378459e-36 -1.16415321826935e-10 4.33680868994202e-19 0 1 3.63797880709171e-12
1 -1.88617296694588e-17 -4.33680868994202e-19 -4.65661287307739e-10 1.88617296694588e-17 1 -8.17997131378459e-36 -1.16415321826935e-10 4.33680868994202e-19 0 1 3.63797880709171e-12
1 -1.88617296694588e-17 -4.33680868994202e-19 -4.65661287307739e-10 1.88617296694588e-17 1 -8.17997131378459e-36 -1.16415321826935e-10 4.33680868994202e-19 0 1 3.63797880709171e-12
1 -1.88617296694588e-17 -4.33680868994202e-19 -4.65661287307739e-10 1.88617296694588e-17 1 -8.17997131378459e-36 -1.16415321826935e-10 4.33680868994202e-19 0 1 3.63797880709171e-12
1 -1.88617296694588e-17 -4.33680868994202e-19 -4.65661287307739e-10 1.88617296694588e-17 1 -8.17997131378459e-36 -1.16415321826935e-10 4.33680868994202e-19 0 1 3.63797880709171e-12
1 -1.88617296694588e-17 -4.33680868994202e-19 -4.65661287307739e-10 1.88617296694588e-17 1 -8.17997131378459e-36 -1.16415321826935e-10 4.33680868994202e-19 0 1 3.63797880709171e-12
1 -1.88617296694588e-17 -4.33680868994202e-19 -4.65661287307739e-10 1.88617296694588e-17 1 -8.17997131378459e-36 -1.16415321826935e-10 4.33680868994202e-19 0 1 3.63797880709171e-12
1 -1.88617296694588e-17 -4.33680868994202e-19 -4.65661287307739e-10 1.88617296694588e-17 1 -8.17997131378459e-36 -1.16415321826935e-10 4.33680868994202e-19 0 1 3.63797880709171e-12
1 -1.88617296694588e-17 -4.33680868994202e-19 -4.65661287307739e-10 1.88617296694588e-17 1 -8.17997131378459e-36 -1.16415321826935e-10 4.33680868994202e-19 0 1 3.63797880709171e-12
1 -1.88617296694588e-17 -4.33680868994202e-19 -4.65661287307739e-10 1.88617296694588e-17 1 -8.17997131378459e-36 -1.16415321826935e-10 4.33680868994202e-19 0 1 3.63797880709171e-12
1 -1.88617296694588e-17 -4.33680868994202e-19 -4.65661287307739e-10 1.88617296694588e-17 1 -8.17997131378459e-36 -1.16415321826935e-10 4.33680868994202e-19 0 1 3.63797880709171e-12
1 -1.88617296694588e-17 -4.33680868994202e-19 -4.65661287307739e-10 1.88617296694588e-17 1 -8.17997131378459e-36 -1.16415321826935e-10 4.33680868994202e-19 0 1 3.63797880709171e-12
1 -1.88617296694588e-17 -4.33680868994202e-19 -4.65661287307739e-10 1.88617296694588e-17 1 -8.17997131378459e-36 -1.16415321826935e-10 4.33680868994202e-19 0 1 3.63797880709171e-12
1 -1.88617296694588e-17 -4.33680868994202e-19 -4.65661287307739e-10 1.88617296694588e-17 1 -8.17997131378459e-36 -1.16415321826935e-10 4.33680868994202e-19 0 1 3.63797880709171e-12
1 -1.88617296694588e-17 -4.33680868994202e-19 -4.65661287307739e-10 1.88617296694588e-17 1 -8.17997131378459e-36 -1.16415321826935e-10 4.33680868994202e-19 0 1 3.63797880709171e-12
1 -1.88617296694588e-17 -4.33680868994202e-19 -4.65661287307739e-10 1.88617296694588e-17 1 -8.17997131378459e-36 -1.16415321826935e-10 4.33680868994202e-19 0 1 3.63797880709171e-12
1 -1.88617296694588e-17 -4.33680868994202e-19 -4.65661287307739e-10 1.88617296694588e-17 1 -8.17997131378459e-36 -1.16415321826935e-10 4.33680868994202e-19 0 1 3.63797880709171e-12
1 -1.88617296694588e-17 -4.33680868994202e-19 -4.65661287307739e-10 1.88617296694588e-17 1 -8.17997131378459e-36 -1.16415321826935e-10 4.33680868994202e-19 0 1 3.63797880709171e-12
1 -1.88617296694588e-17 -4.33680868994202e-19 -4.65661287307739e-10 1.88617296694588e-17 1 -8.17997131378459e-36 -1.16415321826935e-10 4.33680868994202e-19 0 1 3.63797880709171e-12
1 -1.88617296694588e-17 -4.33680868994202e-19 -4.65661287307739e-10 1.88617296694588e-17 1 -8.17997131378459e-36 -1.16415321826935e-10 4.33680868994202e-19 0 1 3.63797880709171e-12
0.999958390106473 -0.00908010389510613 0.00087736476132706 -0.273942635860294 0.00908024450362577 0.999958761497209 -0.00015641202898478 0.000128026702441275 -0.000875908342644275 0.000164372207248622 0.999999602883098 -0.00185958990186919
0.999760375586742 -0.0218726773306177 0.000881698954897815 -0.623314012307674 0.0218731870790386 0.999760589188689 -0.000572705937230759 -0.00394344050437212 -0.000868961254465314 0.000591854269094454 0.999999447307279 -0.00387513671375928
0.999431838541863 -0.0336946182891695 0.000820248241724299 -0.942949203774333 0.0336960431811984 0.999430523837361 -0.00179016650300564 -0.0120142756495625 -0.000759462152910358 0.00181678851956743 0.999998061246477 -0.00563309822246083
0.99890199902377 -0.0468330333494047 0.00120968326834707 -1.30590365966782 0.0468368465601682 0.998896955214711 -0.00334404950293695 -0.0259045423008502 -0.00105173695163296 0.00339703548294414 0.999993676979666 -0.00744626334562781
0.998180771801203 -0.0602767142461907 0.00136547648730724 -1.6747259516269 0.0602822085598978 0.998171577894861 -0.00442226345027024 -0.0452968218596652 -0.00109642030960049 0.00449653228229049 0.999989289472612 -0.00903575181291671
0.997245474008034 -0.0741466132214532 0.00193502410318767 -2.05145318666473 0.0741538053459293 0.997238970905335 -0.00395576293346373 -0.0702937090536579 -0.00163637502111659 0.0040883560823329 0.999990303763659 -0.0104311094291916
0.996115879309438 -0.088012206867797 0.00264696615871659 -2.4310947060585 0.0880192852995397 0.996115143298252 -0.00268825357095113 -0.101332276826724 -0.00240008394509596 0.00291079613913703 0.999992883406123 -0.011428254085331
0.994941892200281 -0.100425138041237 0.00232868940012921 -2.77869919221848 0.100429369493858 0.994942602920973 -0.00177725516024054 -0.134487578296103 -0.00213843119835737 0.00200213442025444 0.999995709275681 -0.0120634901068115
0.993460326223398 -0.114165982101984 0.0016458282988989 -3.17122736619785 0.114169421252131 0.993458916105411 -0.00217376668844634 -0.177469887654297 -0.00138689258907266 0.00234745422780313 0.999996282986889 -0.0128583006517147
0.991833041619028 -0.127533827661099 0.00152982183818341 -3.56978528574109 0.127538203689699 0.991828425529947 -0.00322194202173196 -0.227039910969324 -0.00110641418657316 0.00339073928454176 0.999993639347147 -0.0137281710121897
0.990065959033432 -0.140589444131515 0.00200124011584061 -3.97332443157211 0.140597822838787 0.990054371487279 -0.00495920476713246 -0.282950463122688 -0.00128412468353819 0.005191309827079 0.999985700560801 -0.0144218246095988
0.988178328218865 -0.153288867782417 0.00247278235072942 -4.38187402812764 0.153301496749365 0.988160195089181 -0.00617089423965384 -0.345399558427744 -0.00149757569890829 0.00647702518885879 0.999977902461714 -0.0149195900194172
0.98625664729037 -0.165199807148417 0.00261713463256 -4.79539008624852 0.165213712010654 0.986236145529865 -0.00653411157361136 -0.414090617094189 -0.00150167880050186 0.00687669750108802 0.999975227689296 -0.0151977614332282
0.984518338879361 -0.175269931780001 0.0020227268866364 -5.17231272207573 0.17527875902328 0.984502548186769 -0.00566473732998503 -0.481425949838012 -0.000998521648801328 0.00593157884483742 0.999981909499829 -0.0153832758114731
0.982417568881358 -0.186692769243707 0.00123703894777386 -5.64043760998175 0.186696605513671 0.98240572564998 -0.00483401487466294 -0.570743038435467 -0.000312798521628967 0.00497997211354027 0.999987550939927 -0.0157636674812238
0.980824545801245 -0.194892055856425 0.000544901676371178 -6.02709004096687 0.194892633207368 0.980815938140082 -0.00411788925158734 -0.649172072764486 0.000268095653126833 0.00414512417739507 0.999991372997925 -0.0161444245713938
0.97921882869427 -0.202806471242817 0.000144057827032559 -6.46227778866887 0.20280574468689 0.979212859403019 -0.00346495335603294 -0.741342210909352 0.000561651686430058 0.00342216332166417 0.999993986654711 -0.0166047733473533
0.977792208829678 -0.209576706901571 -1.66214331073764e-05 -6.90222760010511 0.209575415524269 0.977786456171613 -0.00343385136381462 -0.838367729797028 0.000735907472992289 0.00335410966606701 0.999994104176889 -0.0170412357874739
0.97666396678437 -0.214773099136836 -0.000108959522331824 -7.30294668115675 0.214771450147545 0.976658221364836 -0.00345584172015444 -0.92987883859314 0.000848638049645302 0.00335179468836636 0.999994022625049 -0.0173724393716839
0.975610622543983 -0.219507941300146 -0.00042057759635162 -7.75431095669046 0.219505320649727 0.975605449903512 -0.0033793971395251 -1.03572950570378 0.00115212230404071 0.00320465672697018 0.999994201377917 -0.0176644207349455
0.974992521697084 -0.222235775379746 -0.000918028389820792 -8.19585051387548 0.222233214559741 0.974990811339405 -0.00230567781204423 -1.13666378275957 0.00140747334095951 0.00204400222405904 0.99999692053211 -0.0181923056697997
0.974650715716182 -0.223729337491796 -0.00107976822332971 -8.6436185115017 0.223728486097854 0.974651134074398 -0.000855193458422991 -1.23869724047836 0.0012437291892861 0.000591940006385639 0.999999051371916 -0.0188098592952883
0.974526244663787 -0.224259710320186 -0.00248611918531599 -9.05074241803959 0.224262352296057 0.974528448574034 0.000836816900649092 -1.33249262778554 0.00223512955690553 -0.00137304296824807 0.999996559468517 -0.0194726991467178
0.974438770063466 -0.224626705936922 -0.00345345871953998 -9.51123192347586 0.224636732455114 0.974438401506411 0.00285308631499744 -1.43850195140112 0.00272430341364533 -0.00355593160209709 0.999989966710342 -0.0206496858590981
0.974382878178111 -0.224863695205459 -0.0037848767335414 -9.97802350344136 0.224875579113877 0.974382638757226 0.00307363086638887 -1.54610384360421 0.00299677018468514 -0.00384601963737883 0.999988113680062 -0.0220656900419272
0.974412162863892 -0.224749789945232 -0.00291011726315263 -10.4500683727674 0.224757163384223 0.974411561117634 0.00251536632989746 -1.65505188703537 0.00227032385114417 -0.00310507324709203 0.999992602047506 -0.0233769286824099
0.974504710415192 -0.224360891783687 -0.00166120938795895 -10.9283548821695 0.224363671855487 0.97450394254863 0.00173456297066458 -1.76520217012148 0.00122968700301153 -0.00206305482342768 0.999997115833176 -0.024279994169774
0.974608374842856 -0.223916001850219 -0.000373900494498891 -11.4139302363619 0.223916289139755 0.974606120539514 0.00209887226851521 -1.87680564250331 -0.000105565376348855 -0.00212930090185606 0.999997727464228 -0.0245727306173649
0.974613529964629 -0.223890936197934 0.0011471261038383 -11.9067939575762 0.223885527681686 0.974608644243604 0.00364157388190393 -1.98986367916223 -0.00193331440249171 -0.00329230224259411 0.999992711494121 -0.0240894844137074
0.974659835310685 -0.223688917406887 0.00121394459646977 -12.3536410923116 0.223678324717859 0.97464544622737 0.00585330672894273 -2.09255206154194 -0.00249248541836923 -0.00543344987881559 0.999982132409801 -0.0230369665005128
0.974863396839676 -0.222803405433599 5.42216082076159e-06 -12.8569515710697 0.222798789144696 0.974843354615377 0.00641354175903217 -2.20791030873079 -0.00143424470224674 -0.0062511190541178 0.999979433014852 -0.0219094103813404
0.974993768967861 -0.222230316621502 -0.000914794049238588 -13.3654445419088 0.222232180435505 0.974983722058459 0.00442715483292973 -2.32411318586674 -9.19387132108186e-05 -0.00451974505257415 0.999989781673759 -0.0215074220723181
0.975085028368445 -0.221828372995222 -0.00116635586432929 -13.8801673725247 0.22183075611034 0.975081596203607 0.00264506872117231 -2.44141117285471 0.000550540847053436 -0.00283790051229869 0.999995821603999 -0.0216854134996538
0.97518310094119 -0.221399821217376 0.000196986392943054 -14.3979893703945 0.221399260837316 0.975182013368471 0.00155180646528731 -2.55916100821923 -0.000535667261254978 -0.00146968279908686 0.999998776545779 -0.0217656708664435
0.975276213152202 -0.220986367648063 0.00115471780763375 -14.9209459503181 0.220982079095898 0.975273145796626 0.00303509578226535 -2.67747013643384 -0.00179688006114513 -0.00270488477918201 0.999994727396288 -0.0211936325649731
0.975234245582374 -0.22116639247564 0.0018955428480615 -15.3958195964806 0.221154017644314 0.975224728796359 0.00525631276136349 -2.7851090580225 -0.00301109999107709 -0.00470692929390758 0.99998438892488 -0.0200355384185968
0.97504127413544 -0.222006497463199 0.0027620312199269 -15.9304297477938 0.221985400614341 0.9750287278577 0.00643908116781484 -2.90706164424773 -0.00412257764361639 -0.00566523929926292 0.999975454407384 -0.0181212015049823
0.97469984388641 -0.223496544004961 0.00308369026420075 -16.4159542741254 0.223473170762496 0.974688141813197 0.00653973685206085 -3.01838814944495 -0.00446724491867876 -0.00568515844777154 0.999973861006507 -0.0160279434458062
0.974148958557231 -0.225883558994749 0.00322867120145281 -16.9592819344252 0.2258648579685 0.974144182350214 0.00530828862265365 -3.14461461571045 -0.00434424639387327 -0.00444182047113612 0.999980698690816 -0.0135809924831847
0.973468675314544 -0.228810676747576 0.00210056841425811 -17.5070652244613 0.228803198272204 0.973467118828533 0.0032962129913926 -3.27361611975357 -0.00279904300739476 -0.00272814332291372 0.999992361266951 -0.0114601245259109
0.972635812772153 -0.232332666504185 0.00105251513454273 -18.0683417092077 0.232328756585231 0.972632828846315 0.00295450739965667 -3.40495726268273 -0.00171013935508243 -0.00262913017351095 0.999995081536863 -0.0106108191139356
0.97183071953381 -0.235678955550045 0.000694608692899278 -18.6331872837618 0.235676111051976 0.971827434282628 0.00286507505327582 -3.53991175862029 -0.00135027767997925 -0.00262066527509801 0.999995654422409 -0.0101592556566175
0.971103674841047 -0.238657945935401 0.000193783664573021 -19.1449329433963 0.238657077284035 0.97110178783233 0.0020290714859654 -3.66442678985186 -0.000672437696116153 -0.00192419093352379 0.99999792265624 -0.00993896693034912
0.970231831994798 -0.242173876390935 -0.00141625485180729 -19.7189389001578 0.242176371919519 0.970230207196464 0.00198744242786598 -3.80661242490169 0.000892786601451875 -0.0022712633694967 0.999997022142961 -0.0102204378490569
0.969283460683248 -0.245935433692332 -0.0023098269354316 -20.2944631259888 0.245940403591208 0.969282477233665 0.00219025321886201 -3.95220724272076 0.00170021389867933 -0.00269105598847708 0.999994933732349 -0.0111892836612242
0.968323041856904 -0.249607344497836 -0.00683082584550373 -20.8756245723926 0.249656178409154 0.968304808225825 0.00758887006639584 -4.10171085514594 0.00472008380534231 -0.00905383562291617 0.999947873076084 -0.0131881917695864
0.967052981726706 -0.254456226479649 -0.0077819881280245 -21.4615376386791 0.254487722249765 0.967070199337643 0.0033509367612322 -4.25595889112446 0.00667306208677675 -0.00522095381980289 0.999964105297584 -0.0166123286217044
0.965785415886694 -0.25923832691771 -0.00734985152718925 -22.0522893755697 0.259209950180331 0.965810054780858 -0.00459780509661336 -4.41554716893006 0.00829048780684559 0.00253533845920314 0.999962419229254 -0.021188928229094
0.964544086054612 -0.263869722014548 -0.00524174217595072 -22.5876969043165 0.263849716530147 0.964554609430224 -0.00421099915333724 -4.56321480195038 0.00616710175325267 0.0026786621424837 0.999977395557065 -0.0251997016639507
0.962895924636381 -0.269859331395544 -0.00271653775946851 -23.1942837052047 0.269861052409193 0.962899233165277 0.000281358000924277 -4.73422190640122 0.00253982504344453 -0.00100400621113331 0.999996270623184 -0.027971562150924
0.961136071274274 -0.276073719453062 -0.000868287282953859 -23.8012299002148 0.276071841797034 0.961104782482235 0.00786989558822684 -4.90772111550905 -0.00133815628653356 -0.0078037501964211 0.999968654919055 -0.0284591337294842
0.959711204352188 -0.280987041786277 0.0008286067038753 -24.4224823242985 0.280978175017218 0.959697563035547 0.00564381676043307 -5.08911935624201 -0.00238105121032194 -0.00518361378083637 0.9999837302393 -0.0278622479600017
0.958173958150493 -0.286186367407996 0.000170387890732534 -25.0411614007317 0.286186035555621 0.958173480944628 0.0010646442654074 -5.27363059972413 -0.000467947833272703 -0.000971351774852203 0.999999418750108 -0.026937843507767
0.956145834659612 -0.292887504939057 -0.00143258983941523 -25.6065389639698 0.2928847348624 0.956145930765424 -0.00186846602901452 -5.44630776217673 0.00191701529871422 0.00136694231556152 0.999997228256684 -0.0274080140516162
0.953720411788306 -0.300682615298371 -0.00270942718591178 -26.240457595326 0.300682119623134 0.953724229115322 -0.00059811146441686 -5.6449188364204 0.00276388807358861 -0.000244245197085544 0.999996150626091 -0.0291946269644541
0.951105552324403 -0.308857719984257 -0.00226652681848297 -26.8774817897938 0.308861470492566 0.951105784755705 0.00154215738639066 -5.85085488297045 0.00167939955414559 -0.00216679725882173 0.999996242296328 -0.0309131400026672
0.948204063569117 -0.317660843650241 -0.000801400293493028 -27.5176669429056 0.317661768194265 0.948198928242693 0.0031294579563881 -6.06452068465296 -0.000234219355210733 -0.0032219389852783 0.999994782111621 -0.0314698610891355
0.945064383526494 -0.326880794059536 0.00150248617137172 -28.1610124986619 0.326878618204312 0.945065100647724 0.00152463062658444 -6.28591783239972 -0.00191831971463464 -0.00094974349964956 0.999997709015754 -0.0306731076379947
0.941739107331092 -0.336333628926697 0.00267278436027176 -28.8087290390395 0.336335818137931 0.94174203196115 -0.000403330103684507 -6.51637876871973 -0.00238141989700872 0.00127878484632188 0.999996346767622 -0.029126400633686
0.938479089720395 -0.345319023425836 0.00343077510277476 -29.3956143953837 0.345324032428406 0.93848301044906 -0.000975564377985255 -6.73198850278277 -0.00288284320833084 0.0021002758622604 0.999993639007938 -0.0273108929904993
0.934590064955952 -0.355707470001227 0.00368866791073852 -30.0531238922849 0.355711554493974 0.934595658281276 -0.000495501028026224 -6.98081711505074 -0.00327115959715547 0.00177519213450961 0.999993074079904 -0.0253689225028211
0.930203035303642 -0.367028192408062 0.00355233578951974 -30.7141046677716 0.367027869879749 0.93020963024953 0.000765847612812508 -7.23944467725232 -0.00358550462628194 0.000591412463906783 0.999993397172138 -0.0232579088296916
0.925414001148198 -0.378946554111714 0.0029044114276513 -31.3754862309434 0.378942320618636 0.925418317209498 0.00191201916924559 -7.50761892157607 -0.00341234861144226 -0.000668804903258145 0.999993954270202 -0.0208672119042603
0.920526191490137 -0.39067568462046 0.00201003159151771 -32.0394539684057 0.390674440621072 0.920528376806777 0.000994454068389777 -7.78642631310504 -0.00223880014226192 -0.00013015304853985 0.999997485413892 -0.0188751215828233
0.916157023201318 -0.400819412941735 0.000327181819210961 -32.6390120293945 0.400819376534014 0.916157081214743 0.000173017242967051 -8.04665519972332 -0.000369098610269695 -2.73701494897907e-05 0.999999931508543 -0.01802608979051
0.911059282049141 -0.412273819469695 -0.00113241863900066 -33.3070061695762 0.41227321317841 0.911059963118258 -0.000735729915157303 -8.3457747255452 0.00133502346570239 0.000203427697321363 0.999999088164343 -0.0183258462202502
0.905732950305326 -0.423832855959288 -0.00367871453152118 -33.9766433965415 0.423838608537257 0.905737262322552 0.000919539912798714 -8.65596423845273 0.00294221760123615 -0.0023920388463884 0.999992810727029 -0.0197911556679173
0.900222411264339 -0.435407547144588 -0.0044584915557736 -34.6489702155814 0.435417334088471 0.900227503672439 0.00147878564268049 -8.97747669310775 0.00336978229396657 -0.00327254048426782 0.999988967462177 -0.0219783616084896
0.894582775297456 -0.446887710895479 -0.00360998499996714 -35.321815549396 0.446893031837793 0.894587053086694 0.000789014885870409 -9.30932550167199 0.00287684478659869 -0.00231911626787723 0.999993172708599 -0.0240946075246029
