1 4.04407410337093e-17 -1.40307005714148e-34 -4.65661287307739e-10 -4.04407410337093e-17 1 -3.46944695195361e-18 0 0 3.46944695195361e-18 1 0
1 4.04407410337093e-17 -1.40307005714148e-34 -4.65661287307739e-10 -4.04407410337093e-17 1 -3.46944695195361e-18 0 0 3.46944695195361e-18 1 0
1 4.04407410337093e-17 -1.40307005714148e-34 -4.65661287307739e-10 -4.04407410337093e-17 1 -3.46944695195361e-18 0 0 3.46944695195361e-18 1 0
1 4.04407410337093e-17 -1.40307005714148e-34 -4.65661287307739e-10 -4.04407410337093e-17 1 -3.46944695195361e-18 0 0 3.46944695195361e-18 1 0
1 4.04407410337093e-17 -1.40307005714148e-34 -4.65661287307739e-10 -4.04407410337093e-17 1 -3.46944695195361e-18 0 0 3.46944695195361e-18 1 0
1 4.04407410337093e-17 -1.40307005714148e-34 -4.65661287307739e-10 -4.04407410337093e-17 1 -3.46944695195361e-18 0 0 3.46944695195361e-18 1 0
1 4.04407410337093e-17 -1.40307005714148e-34 -4.65661287307739e-10 -4.04407410337093e-17 1 -3.46944695195361e-18 0 0 3.46944695195361e-18 1 0
1 4.04407410337093e-17 -1.40307005714148e-34 -4.65661287307739e-10 -4.04407410337093e-17 1 -3.46944695195361e-18 0 0 3.46944695195361e-18 1 0
1 4.04407410337093e-17 -1.40307005714148e-34 -4.65661287307739e-10 -4.04407410337093e-17 1 -3.46944695195361e-18 0 0 3.46944695195361e-18 1 0
1 4.04407410337093e-17 -1.40307005714148e-34 -4.65661287307739e-10 -4.04407410337093e-17 1 -3.46944695195361e-18 0 0 3.46944695195361e-18 1 0
1 4.04407410337093e-17 -1.40307005714148e-34 -4.65661287307739e-10 -4.04407410337093e-17 1 -3.46944695195361e-18 0 0 3.46944695195361e-18 1 0
1 4.04407410337093e-17 -1.40307005714148e-34 -4.65661287307739e-10 -4.04407410337093e-17 1 -3.46944695195361e-18 0 0 3.46944695195361e-18 1 0
1 4.04407410337093e-17 -1.40307005714148e-34 -4.65661287307739e-10 -4.04407410337093e-17 1 -3.46944695195361e-18 0 0 3.46944695195361e-18 1 0
1 4.04407410337093e-17 -1.40307005714148e-34 -4.65661287307739e-10 -4.04407410337093e-17 1 -3.46944695195361e-18 0 0 3.46944695195361e-18 1 0
1 4.04407410337093e-17 -1.40307005714148e-34 -4.65661287307739e-10 -4.04407410337093e-17 1 -3.46944695195361e-18 0 0 3.46944695195361e-18 1 0
1 4.04407410337093e-17 -1.40307005714148e-34 -4.65661287307739e-10 -4.04407410337093e-17 1 -3.46944695195361e-18 0 0 3.46944695195361e-18 1 0
1 4.04407410337093e-17 -1.40307005714148e-34 -4.65661287307739e-10 -4.04407410337093e-17 1 -3.46944695195361e-18 0 0 3.46944695195361e-18 1 0
1 4.04407410337093e-17 -1.40307005714148e-34 -4.65661287307739e-10 -4.04407410337093e-17 1 -3.46944695195361e-18 0 0 3.46944695195361e-18 1 0
1 4.04407410337093e-17 -1.40307005714148e-34 -4.65661287307739e-10 -4.04407410337093e-17 1 -3.46944695195361e-18 0 0 3.46944695195361e-18 1 0
1 4.04407410337093e-17 -1.40307005714148e-34 -4.65661287307739e-10 -4.04407410337093e-17 1 -3.46944695195361e-18 0 0 3.46944695195361e-18 1 0
1 4.04407410337093e-17 -1.40307005714148e-34 -4.65661287307739e-10 -4.04407410337093e-17 1 -3.46944695195361e-18 0 0 3.46944695195361e-18 1 0
1 4.04407410337093e-17 -1.40307005714148e-34 -4.65661287307739e-10 -4.04407410337093e-17 1 -3.46944695195361e-18 0 0 3.46944695195361e-18 1 0
1 4.04407410337093e-17 -1.40307005714148e-34 -4.65661287307739e-10 -4.04407410337093e-17 1 -3.46944695195361e-18 0 0 3.46944695195361e-18 1 0
1 4.04407410337093e-17 -1.40307005714148e-34 -4.65661287307739e-10 -4.04407410337093e-17 1 -3.46944695195361e-18 0 0 3.46944695195361e-18 1 0
1 4.04407410337093e-17 -1.40307005714148e-34 -4.65661287307739e-10 -4.04407410337093e-17 1 -3.46944695195361e-18 0 0 3.46944695195361e-18 1 0
1 4.04407410337093e-17 -1.40307005714148e-34 -4.65661287307739e-10 -4.04407410337093e-17 1 -3.46944695195361e-18 0 0 3.46944695195361e-18 1 0
1 4.04407410337093e-17 -1.40307005714148e-34 -4.65661287307739e-10 -4.04407410337093e-17 1 -3.46944695195361e-18 0 0 3.46944695195361e-18 1 0
1 4.04407410337093e-17 -1.40307005714148e-34 -4.65661287307739e-10 -4.04407410337093e-17 1 -3.46944695195361e-18 0 0 3.46944695195361e-18 1 0
1 4.04407410337093e-17 -1.40307005714148e-34 -4.65661287307739e-10 -4.04407410337093e-17 1 -3.46944695195361e-18 0 0 3.46944695195361e-18 1 0
1 4.04407410337093e-17 -1.40307005714148e-34 -4.65661287307739e-10 -4.04407410337093e-17 1 -3.46944695195361e-18 0 0 3.46944695195361e-18 1 0
1 4.04407410337093e-17 -1.40307005714148e-34 -4.65661287307739e-10 -4.04407410337093e-17 1 -3.46944695195361e-18 0 0 3.46944695195361e-18 1 0
1 4.04407410337093e-17 -1.40307005714148e-34 -4.65661287307739e-10 -4.04407410337093e-17 1 -3.46944695195361e-18 0 0 3.46944695195361e-18 1 0
1 4.04407410337093e-17 -1.40307005714148e-34 -4.65661287307739e-10 -4.04407410337093e-17 1 -3.46944695195361e-18 0 0 3.46944695195361e-18 1 0
1 4.04407410337093e-17 -1.40307005714148e-34 -4.65661287307739e-10 -4.04407410337093e-17 1 -3.46944695195361e-18 0 0 3.46944695195361e-18 1 0
1 4.04407410337093e-17 -1.40307005714148e-34 -4.65661287307739e-10 -4.04407410337093e-17 1 -3.46944695195361e-18 0 0 3.46944695195361e-18 1 0
1 4.04407410337093e-17 -1.40307005714148e-34 -4.65661287307739e-10 -4.04407410337093e-17 1 -3.46944695195361e-18 0 0 3.46944695195361e-18 1 0
1 4.04407410337093e-17 -1.40307005714148e-34 -4.65661287307739e-10 -4.04407410337093e-17 1 -3.46944695195361e-18 0 0 3.46944695195361e-18 1 0
1 4.04407410337093e-17 -1.40307005714148e-34 -4.65661287307739e-10 -4.04407410337093e-17 1 -3.46944695195361e-18 0 0 3.46944695195361e-18 1 0
1 4.04407410337093e-17 -1.40307005714148e-34 -4.65661287307739e-10 -4.04407410337093e-17 1 -3.46944695195361e-18 0 0 3.46944695195361e-18 1 0
1 4.04407410337093e-17 -1.40307005714148e-34 -4.65661287307739e-10 -4.04407410337093e-17 1 -3.46944695195361e-18 0 0 3.46944695195361e-18 1 0
1 4.04407410337093e-17 -1.40307005714148e-34 -4.65661287307739e-10 -4.04407410337093e-17 1 -3.46944695195361e-18 0 0 3.46944695195361e-18 1 0
1 4.04407410337093e-17 -1.40307005714148e-34 -4.65661287307739e-10 -4.04407410337093e-17 1 -3.46944695195361e-18 0 0 3.46944695195361e-18 1 0
1 4.04407410337093e-17 -1.40307005714148e-34 -4.65661287307739e-10 -4.04407410337093e-17 1 -3.46944695195361e-18 0 0 3.46944695195361e-18 1 0
1 4.04407410337093e-17 -1.40307005714148e-34 -4.65661287307739e-10 -4.04407410337093e-17 1 -3.46944695195361e-18 0 0 3.46944695195361e-18 1 0
1 4.04407410337093e-17 -1.40307005714148e-34 -4.65661287307739e-10 -4.04407410337093e-17 1 -3.46944695195361e-18 0 0 3.46944695195361e-18 1 0
1 4.04407410337093e-17 -1.40307005714148e-34 -4.65661287307739e-10 -4.04407410337093e-17 1 -3.46944695195361e-18 0 0 3.46944695195361e-18 1 0
1 4.04407410337093e-17 -1.40307005714148e-34 -4.65661287307739e-10 -4.04407410337093e-17 1 -3.46944695195361e-18 0 0 3.46944695195361e-18 1 0
1 4.04407410337093e-17 -1.40307005714148e-34 -4.65661287307739e-10 -4.04407410337093e-17 1 -3.46944695195361e-18 0 0 3.46944695195361e-18 1 0
1 4.04407410337093e-17 -1.40307005714148e-34 -4.65661287307739e-10 -4.04407410337093e-17 1 -3.46944695195361e-18 0 0 3.46944695195361e-18 1 0
1 4.04407410337093e-17 -1.40307005714148e-34 -4.65661287307739e-10 -4.04407410337093e-17 1 -3.46944695195361e-18 0 0 3.46944695195361e-18 1 0
1 4.04407410337093e-17 -1.40307005714148e-34 -4.65661287307739e-10 -4.04407410337093e-17 1 -3.46944695195361e-18 0 0 3.46944695195361e-18 1 0
1 4.04407410337093e-17 -1.40307005714148e-34 -4.65661287307739e-10 -4.04407410337093e-17 1 -3.46944695195361e-18 0 0 3.46944695195361e-18 1 0
1 4.04407410337093e-17 -1.40307005714148e-34 -4.65661287307739e-10 -4.04407410337093e-17 1 -3.46944695195361e-18 0 0 3.46944695195361e-18 1 0
1 4.04407410337093e-17 -1.40307005714148e-34 -4.65661287307739e-10 -4.04407410337093e-17 1 -3.46944695195361e-18 0 0 3.46944695195361e-18 1 0
1 4.04407410337093e-17 -1.40307005714148e-34 -4.65661287307739e-10 -4.04407410337093e-17 1 -3.46944695195361e-18 0 0 3.46944695195361e-18 1 0
1 4.04407410337093e-17 -1.40307005714148e-34 -4.65661287307739e-10 -4.04407410337093e-17 1 -3.46944695195361e-18 0 0 3.46944695195361e-18 1 0
1 4.04407410337093e-17 -1.40307005714148e-34 -4.65661287307739e-10 -4.04407410337093e-17 1 -3.46944695195361e-18 0 0 3.46944695195361e-18 1 0
1 4.04407410337093e-17 -1.40307005714148e-34 -4.65661287307739e-10 -4.04407410337093e-17 1 -3.46944695195361e-18 0 0 3.46944695195361e-18 1 0
1 4.04407410337093e-17 -1.40307005714148e-34 -4.65661287307739e-10 -4.04407410337093e-17 1 -3.46944695195361e-18 0 0 3.46944695195361e-18 1 0
1 4.04407410337093e-17 -1.40307005714148e-34 -4.65661287307739e-10 -4.04407410337093e-17 1 -3.46944695195361e-18 0 0 3.46944695195361e-18 1 0
0.999999556851165 -0.000793266649020895 0.000506976821895632 -0.0753379832021892 0.000793258676101124 0.999999685243448 1.5927287412802e-05 0.000955967232584953 -0.000506989296907269 -1.55251165920922e-05 0.999999871360404 -0.00265786597447004
0.99999638644055 -0.00231250836506895 0.00137091608173305 -0.207448757253587 0.00231285643280582 0.999997293500282 -0.000252363292328405 0.00283324252814054 -0.00137032877912451 0.000255533112477118 0.999999028450461 -0.00694188168563414
0.999991168741487 -0.00376787605589677 0.00186159852320901 -0.347918342333287 0.00376850508152296 0.999992843212883 -0.000334503311352119 0.00467615062370896 -0.00186032483312722 0.000341515800761371 0.999998211277637 -0.0110524904594058
0.99998404295008 -0.0051405588191222 0.00234275484000643 -0.49790473934263 0.00514156650791003 0.999986692038774 -0.000424310258534602 0.0060973591171205 -0.0023405424708743 0.000436348917616246 0.999997165726266 -0.0149868454391253
0.999976169121158 -0.00635885725699906 0.00268814511491257 -0.639942458830774 0.00635980806537406 0.99997971659748 -0.000345304208353912 0.00662246206775308 -0.00268589485001201 0.000362392066433876 0.999996327313678 -0.0183748002818902
0.999966213432518 -0.00768065075508885 0.00292909498147307 -0.806839549448341 0.00768222463077484 0.999970352696602 -0.000526452804731727 0.00687372451648116 -0.00292496464157329 0.000548936983311066 0.999995571615212 -0.0219704291084781
0.99995650180856 -0.00869126262693642 0.00338473702620755 -0.981259380467236 0.00869429517129065 0.999961814690449 -0.000882265525831557 0.00771600287407637 -0.00337693977758476 0.000911655051659858 0.999993882562691 -0.0254004610906122
0.999948130937516 -0.00942099156884619 0.0038704460243995 -1.16463122190908 0.00942522214233348 0.999955002410338 -0.00107626302953874 0.00771953677758574 -0.00386013239873034 0.00111268701835429 0.999991930620174 -0.0286028547925525
0.999938653602284 -0.0102062037554038 0.00430377008614008 -1.33733671996742 0.010210702741376 0.999947344398476 -0.00102468529931231 0.00730430288240314 -0.00429308532158742 0.00106856695557721 0.999990213743656 -0.0312806993824779
0.999925683891869 -0.0111736317389669 0.00487613034491056 -1.53793663345277 0.0111775554347269 0.999937226386827 -0.00077816471460259 0.00637448625639081 -0.00486712932663728 0.000832610101666708 0.999987808831956 -0.0340127537419903
0.999912322637728 -0.0120805232898201 0.00542291381715311 -1.746811571531 0.0120832642655761 0.999926882842027 -0.000472963545762844 0.00534973200410604 -0.00541680366197704 0.000538448578308806 0.999985184045852 -0.0364710160502
0.99989879197322 -0.01302592604887 0.00572110662938456 -1.96420325664803 0.0130265611584727 0.999915148031948 -7.37606446433679e-05 0.0044086673296988 -0.00571966038152517 0.000148279524875891 0.999983631615189 -0.0386674986511935
0.999880403894504 -0.0142169392294099 0.00608740886664841 -2.19178447267041 0.0142171098804744 0.999898931669777 1.52409016447641e-05 0.00230073044076562 -0.00608701030137136 7.13062818522313e-05 0.999981471438849 -0.0406058196167578
0.999858702864388 -0.0153989499724928 0.00674141276645312 -2.40509793860838 0.0154021222302999 0.999881292532644 -0.000418896231785944 -0.000402776058763266 -0.00673416194830027 0.00052266910638209 0.999977188679751 -0.0420748898686725
0.99983060531857 -0.0166917162554146 0.00775546753913275 -2.65162067627534 0.0166973251191957 0.999860372762333 -0.00065902460666875 -0.00341734057292342 -0.0077433844128836 0.000788408534357717 0.999969708746129 -0.0433108708093641
0.999798101877127 -0.0179063984732289 0.00911681833822446 -2.90748800849542 0.0179163142955178 0.999838982725615 -0.00100712674086749 -0.00697622960433364 -0.00909731636024956 0.00117026318659178 0.999957933774774 -0.0440305329975672
0.999769771905783 -0.019079104787573 0.00981788897692257 -3.17409902112558 0.0190897286815021 0.999817284867578 -0.000989514472638172 -0.0112883523106575 -0.00979721604972576 0.0011767074954015 0.999951313773398 -0.0442238836039905
0.999734458617389 -0.020382495829502 0.0107501682199594 -3.45161584811285 0.0203917900906682 0.999791780262313 -0.000755656544197869 -0.0162343084812164 -0.0107325276563919 0.000974671059895127 0.999941929747138 -0.0439285027605365
0.999694327079343 -0.021640822678196 0.0119552164008047 -3.73887939890847 0.0216545287204422 0.999764994735297 -0.00101817868122087 -0.0214271149598062 -0.0119303726377148 0.00127675202847996 0.999928015465605 -0.0431144973772462
0.999664519339608 -0.0226892541253541 0.0124918581782747 -4.00663241511211 0.0226991896203129 0.999742126201726 -0.000654131663947555 -0.0273621934466064 -0.012473795095804 0.000937467272923665 0.999921759734741 -0.0418673806198058
0.999636227992106 -0.0239031151613837 0.0124921083607497 -4.31302221678197 0.0239232410905436 0.999712726167272 -0.00146412940805477 -0.0345655083656311 -0.0124535224510502 0.00176244851880359 0.999920898648378 -0.0401088161306689
0.999590701544116 -0.0251460325402576 0.0136420831996263 -4.62808297155425 0.0251623035142406 0.999682856350913 -0.0010223502029684 -0.0415682699531317 -0.0136120486481078 0.00136519799464447 0.999906419804392 -0.0378881476717652
0.999544183646214 -0.0264055561983501 0.0146346008104169 -4.95383417326957 0.0264310728812953 0.999649432012116 -0.0015528889839582 -0.0506055690348148 -0.0145884654905217 0.00193898935237249 0.999891702633302 -0.0349997871526284
0.99948690120681 -0.0276355636318135 0.0161928977876146 -5.28972469456494 0.0276620525935506 0.999616331974327 -0.00141410625642765 -0.0595952938310802 -0.0161476054670588 0.00186130947045702 0.999867886455373 -0.0313045113507542
0.999434711332808 -0.0288174170050773 0.0173151454011216 -5.60142771434039 0.0288579666911363 0.999581323508206 -0.00209653333793198 -0.0690566222183406 -0.0172474792813259 0.0025950280806334 0.999847883574147 -0.0272941493458347
0.999390701931098 -0.0301563846351839 0.017573200033082 -5.95782928494737 0.0301960216555747 0.999542006206096 -0.00199451890669266 -0.0802703341469169 -0.0175050041372155 0.00252394437893112 0.999843590035426 -0.022215684010007
0.999357365602592 -0.0315434847317784 0.0170254041603558 -6.32441710168496 0.0315773622956363 0.99949982286558 -0.00172461071664295 -0.0926519692875445 -0.0169624882106818 0.00226111977787548 0.999853569944646 -0.0167805073651834
0.99931499908538 -0.0328324791340416 0.0170751549597856 -6.70011533005163 0.0328527852103992 0.999459787286001 -0.000910001176423007 -0.105754143092781 -0.017036053149346 0.00147034422311297 0.999853794802499 -0.0110432511428371
0.999264708089667 -0.0340213036657124 0.0176803298430303 -7.08507901569828 0.0340519019888415 0.999419039345426 -0.00143239827182249 -0.119459723588079 -0.0176213262104557 0.00203339389990611 0.999842664708719 -0.00482877565809758
0.9992224360244 -0.0352371251868784 0.0176880850865018 -7.44086689222604 0.0352729064902862 0.999376246023264 -0.00171492045758376 -0.13360090367496 -0.0176166232062388 0.00233749716846333 0.99984208287799 0.0012699385988526
0.999184494222136 -0.0363981498911193 0.0174791644696496 -7.83862770721316 0.0364307071266462 0.999334982918123 -0.00154773844292101 -0.147755397018045 -0.0174112057108627 0.00218325457489047 0.999846029804167 0.01010913112259
0.999132547523846 -0.0376406682838455 0.0178138308528855 -8.24476680811495 0.0376596640168357 0.999290355161828 -0.000731974511736613 -0.163168534636497 -0.0177736373499842 0.00140220244340634 0.999841053189785 0.0194951024968759
0.999083410332249 -0.0388160558724598 0.0180458583999105 -8.6611445127055 0.0388273989981142 0.999245893423965 -0.000278500240046909 -0.178468571975827 -0.0180214396185428 0.000978918713961211 0.999837121451403 0.0291226486224332
0.99902347231959 -0.0402139222695937 0.0183014264527138 -9.08814445277676 0.0402161449078289 0.999190973145835 0.000246723797784612 -0.195858733262867 -0.0182965418388702 0.000489529953075651 0.999832484427848 0.0390509779463173
0.998973989147064 -0.041837351243952 0.0173379655234171 -9.48209126852453 0.0418398574700601 0.999124305911866 0.000218318613499306 -0.211589844431728 -0.0173319166420241 0.000507323390088131 0.99984966234354 0.0479305936314631
0.998905035882986 -0.0435895182275414 0.016990679453789 -9.9299782323651 0.0435894482903391 0.999049458061486 0.000374626207449561 -0.230948653072119 -0.0169908588763025 0.000366398338273553 0.999855577804566 0.0576156318056746
0.998821090199037 -0.0454582464911573 0.0170287286535249 -10.387227143161 0.0454511969342681 0.998966239243083 0.000800968022757228 -0.250846235081553 -0.0170475356239127 -2.60476541333688e-05 0.999854679866365 0.0672963673932827
0.998722633991206 -0.0474351170372533 0.0174071831532238 -10.8547789384611 0.047419910291173 0.998874216052393 0.00128554023450653 -0.273071167990565 -0.0174485661773368 -0.000458451065560146 0.999847657076305 0.0772054467888665
0.998614673912743 -0.0494031579107972 0.0181124552335278 -11.3317602616735 0.0493976121454541 0.998778908375204 0.000753723532071342 -0.295779489446431 -0.0181275745888136 0.000142032659427921 0.999835671931268 0.0874960708679282
0.998520263467065 -0.0513465548478204 0.0179113023234503 -11.7696332624182 0.0513394544880643 0.998680893550813 0.000856311518991975 -0.317573018372059 -0.0179316440554189 6.45120869029886e-05 0.999839213063611 0.0969419306056807
0.998406114385312 -0.0536509987844498 0.0175157382788771 -12.2656387817115 0.0536365325599318 0.998559685456929 0.00129497301377243 -0.343622535001487 -0.0175599867018892 -0.000353425508408137 0.999845749082047 0.1073698015025
0.998300448224527 -0.0557837492477987 0.0168638190979291 -12.770801437553 0.0557503984516717 0.998441751495317 0.00244170912346601 -0.37160815205425 -0.016973748766516 -0.00149739467826357 0.999854814291549 0.117655534355436
0.99817595244712 -0.0580419765150208 0.0166101450479433 -13.2850913233124 0.0579939057109682 0.998311277183778 0.00336165853133433 -0.400308927986771 -0.0167772124225473 -0.0023922395205607 0.999856390854909 0.127738785617112
0.998045989618883 -0.0603561068157978 0.0161661057680488 -13.8094499879517 0.0603030056229368 0.998173063397705 0.00375273501345269 -0.431513245217502 -0.0163630717930279 -0.00277053736324719 0.999862277518367 0.137833812899771
0.997929769244388 -0.0622500872890802 0.0161586598560605 -14.2891893475316 0.0621890725792731 0.998055329551287 0.00425187088253591 -0.460906061343849 -0.0163919159213273 -0.00323817645809367 0.999860399908734 0.146896578364249
0.997779893149949 -0.0645836652669236 0.0162553070215871 -14.8302592351101 0.0645205098359858 0.997906765957596 0.00438066964707954 -0.494675942696631 -0.0165042005616917 -0.00332214339581497 0.99985827732088 0.157032324343163
0.99761733941952 -0.0671411197924337 0.0158655010175282 -15.3810800625943 0.0670930657379348 0.9977404326471 0.00354254019926247 -0.531186107546091 -0.0160675019652798 -0.00246963442564063 0.999867859412632 0.167062074680871
0.997405179976933 -0.070009300622615 0.0167810840387047 -15.9421571418643 0.0699608415579721 0.997543743796153 0.00345830329155168 -0.570072308182716 -0.0169819787917098 -0.00227531085532209 0.999853206904308 0.176305826229509
0.997199973358743 -0.0727614946188933 0.0172620402660309 -16.5122999176383 0.0726992432373027 0.997345033615821 0.00420760675210286 -0.610957626253366 -0.0175223618854538 -0.00294088807702875 0.99984214654678 0.18573744429159
0.997006631872375 -0.0752596787395418 0.0177131803616256 -17.034118544776 0.0751765167146276 0.997156072769408 0.00531581355455639 -0.650275102350861 -0.01806287178601 -0.00396828616816483 0.999828978059613 0.194771516340552
0.996775813318417 -0.0780989646993412 0.0183991765114364 -17.6293055522256 0.0779991011759886 0.996934857704017 0.00608520422083328 -0.696263387799263 -0.0188180285669311 -0.00463046515615935 0.999812202662726 0.204693318533828
0.996540788527916 -0.0808404049521607 0.0192687759686236 -18.2318282648921 0.0807427333385837 0.996718126953091 0.00579537886045863 -0.744282805826515 -0.0196740390660559 -0.00421951777962398 0.999797543433937 0.215067292781896
0.996322640192821 -0.0834947860819375 0.0192306353597187 -18.8443193500862 0.0834281679488117 0.996504764072809 0.00424216606235934 -0.794871650636196 -0.0195176185000075 -0.00262218941483327 0.999806074541839 0.226052082958631
0.996133745920208 -0.0858094747524647 0.0188227065450418 -19.4653880549595 0.085764190462041 0.996310320137851 0.00320150296014311 -0.847818348091096 -0.0190279760711797 -0.00157481094712193 0.999817711433997 0.237387689259776
0.995975690392604 -0.0877852681381589 0.0180602005771482 -20.0318039697595 0.0877335522865854 0.996137335344603 0.00363771023189591 -0.897669221274555 -0.0183097774468254 -0.00203858540801931 0.999830283707881 0.247577990157879
0.995789547031287 -0.0898703466078464 0.018069278452943 -20.6690540346317 0.0897989905723434 0.995948706066687 0.0047240000297165 -0.954817859921604 -0.0184206220148133 -0.00308150688432231 0.999825577288313 0.258915145524952
0.995603415458283 -0.0918058205561851 0.0185884490963441 -21.3137955944985 0.0917379564909836 0.995773136392694 0.00447305013558098 -1.01388025935739 -0.0189205302954285 -0.00274811765806528 0.999817213985975 0.270857266295934
0.995441406535897 -0.0934327227950112 0.0191502601795566 -21.9666168666445 0.0933836555483857 0.995624247053223 0.0034426089122883 -1.07566239219159 -0.0193881156963378 -0.0016385941575316 0.999810690070342 0.283608092315262
0.995296672310531 -0.0948832206742732 0.0195373622083462 -22.6271733944304 0.0948544091935307 0.995488266907551 0.00239822975265413 -1.13917900761589 -0.0196767666075803 -0.000533745142780073 0.999806251216701 0.296890738820366
0.995175830567965 -0.0960951151257368 0.0197685381941379 -23.2289977213368 0.0960777137650756 0.995372152912834 0.00183033421721022 -1.19763733120635 -0.01985293859956 7.78115793411979e-05 0.999802907964525 0.309331663760531
0.99505348530762 -0.097434788357687 0.0193655207740566 -23.9087813375518 0.0974029430682383 0.995241676178206 0.00258315304228549 -1.26186792273074 -0.0195250623252065 -0.000684116720366939 0.999809133747792 0.321989203119301
0.994912396295219 -0.0988143873486821 0.0196224501785395 -24.597211854998 0.098767815208871 0.995104931044834 0.00333089914622402 -1.32716992963105 -0.0198555376903006 -0.00137588631820818 0.999801912660637 0.33437470284116
0.994790109378709 -0.100061818621375 0.0195005316973464 -25.2935372283682 0.100009775539371 0.994979838584038 0.00362844427364457 -1.39408783009276 -0.0197657046133158 -0.00165929667790344 0.99980326247501 0.347330506388971
0.99465966142715 -0.101433679843481 0.0190621751916853 -25.996644705534 0.101381229641497 0.994840767300277 0.00370053965983329 -1.4634503251873 -0.0193391883492121 -0.00174823076457282 0.999811451966413 0.360453832137864
0.994487367000196 -0.102835657738527 0.0204866877386854 -26.7077270434238 0.102797335483798 0.994698041775453 0.00291779120409846 -1.53436935367063 -0.0206781211537527 -0.000795729579594749 0.999785868133765 0.374160557134019
0.994329089237777 -0.104077667610793 0.021851805423573 -27.3542149658315 0.104055623365371 0.994569162833452 0.00214652901472291 -1.59958080714568 -0.0219565375598337 0.000139446994776787 0.999758916445819 0.38772220815008
0.994145217897898 -0.10553724968566 0.0231770287036117 -28.0820620511658 0.105512535094035 0.994415335983614 0.0022900870345165 -1.67547552473843 -0.0232892822725676 0.000168787980530729 0.999728753633627 0.404192609516031
0.994041620594771 -0.106340357006395 0.0239371050270023 -28.8125927802175 0.106324100238676 0.994329606191389 0.00195447172218002 -1.75185846444219 -0.0240092114355566 0.000602264916192228 0.999711555921614 0.421705677079444
0.994108193021136 -0.105902298497736 0.0230998645266235 -29.5523410979658 0.105905071658442 0.994375628700521 0.00110672646323589 -1.83012439869344 -0.0230871471878231 0.00134618696345626 0.999732549942927 0.439676392896217
0.994239823783843 -0.104833167112981 0.022297530700389 -30.3008147478104 0.104871040328966 0.994485686678187 -0.000532815667226715 -1.90940289199352 -0.0221187183759215 0.00286811179640962 0.999751237174593 0.457435365620768
0.994364806005903 -0.10367192862738 0.0221531891953057 -30.9836920923553 0.103723224589765 0.994605504504638 -0.0011760483727146 -1.97754697548226 -0.0219117607130253 0.00346722133027216 0.99975389627583 0.471358769689687
0.99446990944668 -0.102403913562759 0.0233031691437754 -31.7483831625432 0.102466904791016 0.994735249434588 -0.00152215467585199 -2.05356529494748 -0.0230246091749948 0.00390154063664256 0.999727285489898 0.487118180448306
0.994580131977739 -0.101195656984175 0.0238704855980072 -32.5213208785281 0.10123709517321 0.9948621858273 -0.000530821832533905 -2.12968763057142 -0.0236941266147077 0.00294452347057443 0.999714918437 0.50400284207717
0.994726436171081 -0.0996314478066946 0.024349369402956 -33.3011989705265 0.0996843841529631 0.995018637289087 -0.000966955744945006 -2.20564161334187 -0.024131737161344 0.00338910833555097 0.999703042511258 0.521631472474837
0.994891716315761 -0.097988729232787 0.024262764673919 -34.0092508192174 0.098066812130884 0.995177728584451 -0.00204667730228493 -2.27378989337012 -0.0239452117293692 0.00441559427906783 0.999703520731221 0.537959650711855
0.995146230090427 -0.0957575645253242 0.0226819217216791 -34.8030531159602 0.0958392613942561 0.995393582377576 -0.00254010569464541 -2.34939327323809 -0.0223342049827938 0.00470159523086567 0.99973950521627 0.555772476662241
0.995370581059232 -0.0935076620556206 0.022219889709396 -35.6057204524986 0.0935947757495541 0.995606118425341 -0.00291116925255913 -2.42466647876427 -0.021850041514756 0.0049773578250123 0.999748869264119 0.573051183266216
0.995575397871589 -0.0911092109552057 0.0229943217327228 -36.4163019130938 0.0911800649877957 0.995832312268176 -0.00204977838783072 -2.49905463121831 -0.0227117348885875 0.00413733268395311 0.999733494275656 0.590820205150521
0.995722956374401 -0.0887232458701278 0.025767805325466 -37.2335164016113 0.088806757206171 0.996046633897897 -0.00211257548822499 -2.57224354567006 -0.0254785012029057 0.00439189514197402 0.999665722746116 0.610356448720268
0.995886168366646 -0.0862659098064508 0.0277296314664547 -38.0566159114242 0.0863421286735172 0.99626432254263 -0.00156091152866625 -2.64477640576661 -0.0274913890541365 0.00394872560958859 0.999614241142019 0.632381071605778
0.996094430412184 -0.0836541254547683 0.0282466457517474 -38.7879812368192 0.0837268943422328 0.996487753847818 -0.0014012833888223 -2.70681650843471 -0.0280302134424876 0.00376081450341404 0.999600001705002 0.652934827958234
0.996370756186904 -0.080553297365049 0.0275042269324986 -39.6067574145272 0.0806118348966432 0.996745043983754 -0.00102438685113009 -2.77507145004347 -0.0273321841449366 0.0032378353019308 0.999621162307214 0.675839104260376
0.996653377957269 -0.0773777466450948 0.0263577034373628 -40.4327826062217 0.0774033579518409 0.996999858477235 4.87252810899429e-05 -2.84046322572976 -0.026282396849291 0.00199161253796045 0.999652574195333 0.697965783503605
0.996895476871759 -0.0742746396629527 0.0261282623908972 -41.2653211480938 0.0743113603219176 0.997234993229695 -0.000435895947237442 -2.90353107312694 -0.0260236415540785 0.00237616941930331 0.999658503639696 0.719665759977943
0.997087541254117 -0.0710673442154828 0.0276743141193634 -42.1050093481317 0.0710888885899226 0.997469963234382 0.000205825775645432 -2.96503181150183 -0.0276189245784244 0.00176210991666892 0.999616971631521 0.742113332853478
0.997226333108331 -0.0683235654231234 0.0295217032568236 -42.8661288437434 0.0683100553322476 0.997663061330084 0.00146710531022455 -3.01873058499768 -0.0295529507125267 0.000553593134176831 0.999563062862381 0.76381888792821
0.997408686688884 -0.0651759561681257 0.0304631983732155 -43.7170662847348 0.0651141636404541 0.997873259800924 0.00301712904643929 -3.07559689832851 -0.0305950553351271 -0.00102572503589473 0.999531335415349 0.789514985233836
0.997621161824022 -0.0618200206297446 0.0305008611390855 -44.5743974740617 0.0617243834981209 0.99808494180333 0.00406809872306968 -3.1302113099955 -0.0306939401619396 -0.00217577452455176 0.999526461902112 0.815959277198999
0.997842844065075 -0.0586182908159712 0.0295559559130893 -45.4401135025546 0.0585196329647814 0.998277453071242 0.00419276129318026 -3.1823569801636 -0.0297508168928103 -0.00245411316131571 0.999554333802221 0.842294181697071
0.998050426911408 -0.0554600860434738 0.0286273330578872 -46.310793730896 0.0553383871910493 0.99845500435685 0.00502664678059218 -3.23208535183221 -0.0288618822159995 -0.00343265652429839 0.999577515065308 0.86786779241811
0.998194142114759 -0.0528843750807365 0.0284903057214184 -47.1176008251496 0.0527581845465706 0.998593968104702 0.00516341246220157 -3.27563904598355 -0.0287233112842149 -0.00365099126605315 0.999580732933386 0.888549998388044
0.998343572751129 -0.0498871405191091 0.0286597968823764 -48.0232882378623 0.0497412501890353 0.998745404482933 0.00578144046537956 -3.32189944526181 -0.028912259962587 -0.00434628980276175 0.999572504118039 0.911594963559764
0.998460154477337 -0.0469450117669529 0.0295547930341761 -48.9344478859566 0.0468049264789871 0.998889375209782 0.00541432824153492 -3.3653436601162 -0.0297761444513716 -0.00402268109736767 0.999548497702037 0.935530407987244
0.998588003517244 -0.0439723723194468 0.0298065379412606 -49.8526627407409 0.0438295345453514 0.999024272873631 0.00542900643309721 -3.40728474687785 -0.030016181185849 -0.00411493401073502 0.999540942725762 0.960633788112318
0.998713232579377 -0.0410173748351027 0.0298237159403021 -50.7770358761773 0.0408543700405124 0.999146765755445 0.00605482691958596 -3.44715055823326 -0.0300466224298843 -0.0048286066385601 0.999536835258454 0.986309730040375
0.998817499317746 -0.0383056823630743 0.02993789831206 -51.6144717056304 0.0381457139882225 0.999254790007855 0.00589653717755984 -3.4804474436678 -0.0301414591712597 -0.00474756201190411 0.999534368140471 1.00990817553975
0.99891366939814 -0.0353856937830586 0.0303205172290195 -52.5510775707662 0.0351992459372082 0.999358114462597 0.0066612418672986 -3.51622328767553 -0.0305367675924547 -0.00558674621352415 0.999518030898768 1.03683089546394
0.99897294219345 -0.0335078162242549 0.0305006068340056 -53.4942335481755 0.0332683367784251 0.999411777514539 0.00832566713407218 -3.54962967615575 -0.0307616406155185 -0.00730241173254737 0.999500073161343 1.06463741387415
0.998996597585541 -0.0326831988213841 0.0306203613191515 -54.442773447372 0.0323892230498329 0.999424821519879 0.0100481023176536 -3.58277667872608 -0.0309311532720927 -0.00904625031489487 0.999480579657503 1.09307247593097
0.999006981726928 -0.0323055817735016 0.0306822399301154 -55.3824616177008 0.0320155825278067 0.999438372902469 0.00989652693982667 -3.61512039182708 -0.0309847210130859 -0.0089043897231149 0.999480194354746 1.11344414900668
0.998995932778802 -0.0325016666560142 0.0308345253894536 -56.2391205769964 0.0322224480518588 0.999435481239966 0.00950960988592515 -3.64164817286655 -0.0311261968919556 -0.00850649770578693 0.999479264098973 1.13803056756296
0.998954303839922 -0.0333129820446896 0.03131364027046 -57.2019701004028 0.0330465210844671 0.999413391300564 0.00898892281196916 -3.67039338685572 -0.0315947192409025 -0.00794471625647227 0.999469186718476 1.16910739361629
0.998917915220898 -0.034455007532286 0.031238615633298 -58.1701993672177 0.0341913147081989 0.999375350096452 0.0089366446789972 -3.70137533498928 -0.0315270145947839 -0.00785888513364726 0.999472003247313 1.20044004890951
0.998872922044807 -0.035634191924534 0.0313542656038051 -59.1449353047647 0.0354259778858434 0.999346571273093 0.00717151138491278 -3.73376077972353 -0.0315893288390275 -0.00605267301261817 0.999482605878112 1.23200596538663
0.998833050996062 -0.0367092555269202 0.0313841806736547 -60.1266980050132 0.0365548697548239 0.999316626935406 0.00547910828979278 -3.76841125264764 -0.0315638675561976 -0.00432546981294423 0.999492377447568 1.26363935563859
0.998768762694874 -0.0376535740840219 0.0322980962852176 -61.0147522976622 0.0375527896300655 0.999287715146183 0.00372160569114787 -3.80026475759223 -0.0324152225960297 -0.00250413989613558 0.999471351579139 1.29265908830712
0.998707733044348 -0.0386785282168221 0.0329671869045557 -62.0078555559739 0.0386105160435286 0.999250695347988 0.00269738714585583 -3.83770217187703 -0.0330468154028771 -0.00142102130269229 0.999452794628233 1.32572037327191
0.998675024670628 -0.0395524785129218 0.0329210653321681 -63.0055768643506 0.0395401028894503 0.999217456461072 0.00102711584423949 -3.87669337727129 -0.0329359281425574 0.000275947369378778 0.999457427052517 1.35921159949066
0.998625254409445 -0.0403206724332916 0.033493949158001 -64.004808684811 0.0403324231357771 0.999186263924366 0.000325005945779726 -3.91705458750948 -0.0334797983815343 0.00102633298463984 0.999438867435591 1.39274085526995
0.998597093219847 -0.0411228929501684 0.0333579538983064 -64.9941591913812 0.0411106656893177 0.999154044748749 0.00105262946738537 -3.95851004263386 -0.0333730217309387 0.000320214964424359 0.999442914269206 1.42592033671826
0.998578850306024 -0.0414630505515326 0.0334827591524443 -65.8991171796806 0.0414203741073946 0.99913987085995 0.00196750267236044 -3.99526102142408 -0.0335355383183724 -0.000577838146297687 0.999437358603716 1.45594835365046
0.998600586195342 -0.0411963180703921 0.0331622168704322 -66.9166361815296 0.0411580425214497 0.99915096135585 0.00183628905206061 -4.03577780723572 -0.0332097092146414 -0.000468827391753034 0.99944829551846 1.48954662911274
0.998598859800945 -0.0410516235484055 0.0333928346848869 -67.9383477433585 0.0410370296049393 0.9991569956879 0.00112257255124477 -4.07692282367498 -0.0334107678070338 0.000249343075839677 0.999441673346962 1.52331579674501
0.998604128913299 -0.040971212482986 0.0333339686354066 -68.9650530703366 0.0409475339539456 0.999160327008052 0.00139298106676053 -4.11810209788382 -0.0333630511255 -2.60928322470526e-05 0.999443298110884 1.5573520020771
0.998646989510876 -0.0409080030141385 0.0321049159827664 -69.9970921021886 0.0407829057053463 0.999157707693302 0.00454199948212135 -4.15907181752846 -0.0322636783875317 -0.00322652234797722 0.999474184064023 1.59110995262745
0.998747772041459 -0.0407109831844109 0.0290775461547268 -71.0341527527198 0.0405621372295088 0.999160811728666 0.00569081093417346 -4.20133116003126 -0.0292848231272814 -0.00450423732418951 0.999560959111815 1.62284349047695
0.998774321195956 -0.0405607485402023 0.0283668996792941 -71.9736696407199 0.0403550365927134 0.99915505719927 0.00778734195499403 -4.23868546215817 -0.0286587916904641 -0.00663304990044021 0.999567244515276 1.6497714489451
0.998703972209112 -0.0407370309470109 0.0305101655741839 -73.0252079507336 0.0404756471355323 0.999138752134825 0.00913651856152733 -4.28144505945966 -0.0308560833986059 -0.00788975868373229 0.999492698235065 1.68052242759586
0.998540211980078 -0.0410351524514604 0.0351220916527894 -74.0643449597992 0.0407188791106898 0.999123812571536 0.00967367750579183 -4.32462326064706 -0.0354882789488383 -0.00822942378313578 0.999336209011485 1.71462470590632
0.998438176623951 -0.0414031271734053 0.0375098456422063 -75.1052701435983 0.0410234661481213 0.999099425779866 0.0108357109381967 -4.36891380790621 -0.0379246975602082 -0.00928000358863303 0.999237508727711 1.75250166378828
0.998369949820134 -0.0414496865137284 0.0392347649929976 -76.1673151748255 0.0410319765087188 0.999092878934806 0.0113928120123928 -4.41246867319569 -0.039671402797608 -0.00976436120160505 0.999165069971121 1.79330195853254
0.998348482149004 -0.0413573135068916 0.039873309497366 -77.1294275452383 0.0409453748287192 0.999099801111247 0.0110934079346023 -4.45036715269089 -0.0402962091382767 -0.00944245937033874 0.999143160658233 1.83147816139535
0.998387438481523 -0.0413864392597522 0.0388546693165844 -78.2018175399862 0.0409691325934716 0.999094505679156 0.011476013953519 -4.49370735930279 -0.0392944379886114 -0.00986566607592541 0.999178970843581 1.87415589648299
0.998433237665894 -0.0415977177114898 0.0374259242396913 -79.2779258140363 0.041188249829157 0.999083524906206 0.0116463872940055 -4.53679960919544 -0.0378760874432781 -0.0100866318553933 0.999231535660181 1.91579580248799
0.998497800695094 -0.0415084280705311 0.0357657993923503 -80.3594398861751 0.0410858948999968 0.999077807976288 0.0124692762244387 -4.5808897507377 -0.0362503965126827 -0.0109810750115132 0.999282404900769 1.95595212194894
0.998510000900392 -0.0414630419545006 0.035476671965934 -81.4454190670513 0.0410072824115901 0.999067916440675 0.0134796560825911 -4.62541963299736 -0.0360025122889397 -0.0120047695008346 0.999279592815803 1.99534243735252
0.998463049679709 -0.0414494800618812 0.0367896592386341 -82.425522682257 0.0409582815085382 0.999062677939199 0.0140065957614066 -4.66496770083904 -0.0373357415911677 -0.0124782270998658 0.999224867709107 2.03135696856043
0.998368856796848 -0.0414123528849814 0.0393019440573065 -83.5206849197857 0.0409422612736709 0.99908090239117 0.0126917973133536 -4.71012735040858 -0.0397914189235863 -0.0110619847122727 0.999146773739611 2.07369678997202
0.998243621449393 -0.0412713702497007 0.0425011321415335 -84.6149383266456 0.0408209410724593 0.999101301258622 0.0114123000875137 -4.75591539917514 -0.0429339376898832 -0.00965731955776457 0.999031237336151 2.11916953936452
0.998199945272455 -0.0412225058857076 0.0435611554779018 -85.7127785244957 0.0408261505797921 0.999116721338543 0.00995000354555133 -4.8014975534752 -0.0439328429185191 -0.00815365870165952 0.999001212793495 2.1675495249292
0.998338371792523 -0.0409650109950079 0.0405260814887632 -86.8181106667034 0.0406119491996433 0.999129854544589 0.00949754388847078 -4.84653231035918 -0.0408798848929469 -0.00783591933896169 0.999133341140837 2.21460558563558
0.998566791988596 -0.0406168656542546 0.0348515733077986 -87.8156284820288 0.0402262210781684 0.999120469516574 0.0118380121114197 -4.88685288652778 -0.035301743234222 -0.010419098684821 0.999322385072616 2.2527464828745
0.998747297907515 -0.0398888063188341 0.0302112239556081 -88.9239223194309 0.0395591433297806 0.999151827720644 0.0114323812703147 -4.93109017843381 -0.0306416236751782 -0.0102229297637473 0.999478155141769 2.28913162564277
0.998808246814647 -0.0388439288481082 0.0295505547611962 -90.0303421304561 0.0385100568171197 0.999188715656163 0.0117849916982975 -4.97427635453641 -0.0299843562377709 -0.0106329533540706 0.999493811228452 2.32190440604609
0.998747871289337 -0.0379690049209701 0.0325736743449281 -91.1269114539027 0.037569549951286 0.99921217516388 0.0127889765316029 -5.01601836504415 -0.0330335967081381 -0.011549184801509 0.999387511338292 2.35631411204668
0.998748623829443 -0.0366206482600399 0.0340604538990462 -92.2214724593796 0.0362067589023943 0.999263743136841 0.0126902427846531 -5.05671845190227 -0.034500101573452 -0.0114411438748049 0.999339203282978 2.39355413563317
0.9988253107623 -0.0353999043973983 0.0330884473683688 -93.2074346309528 0.0350079076633463 0.99931069581751 0.0123523125672063 -5.09196117706597 -0.0335029100471716 -0.0111794451283775 0.999376092882451 2.42756454114715
0.998915097506059 -0.0341813677752946 0.0316269200440152 -94.2998493816704 0.033815096157726 0.999355527615677 0.0120444466803381 -5.13053425773978 -0.0320182330290763 -0.0109619122876354 0.999427170549557 2.46357522640028
