1 4.43709739089693e-17 -0 4.65661287307739e-10 -4.43709739089693e-17 1 0 0 0 0 1 0
1 4.43709739089693e-17 -0 4.65661287307739e-10 -4.43709739089693e-17 1 0 0 0 0 1 0
1 4.43709739089693e-17 -0 4.65661287307739e-10 -4.43709739089693e-17 1 0 0 0 0 1 0
1 4.43709739089693e-17 -0 4.65661287307739e-10 -4.43709739089693e-17 1 0 0 0 0 1 0
1 4.43709739089693e-17 -0 4.65661287307739e-10 -4.43709739089693e-17 1 0 0 0 0 1 0
1 4.43709739089693e-17 -0 4.65661287307739e-10 -4.43709739089693e-17 1 0 0 0 0 1 0
1 4.43709739089693e-17 -0 4.65661287307739e-10 -4.43709739089693e-17 1 0 0 0 0 1 0
1 4.43709739089693e-17 -0 4.65661287307739e-10 -4.43709739089693e-17 1 0 0 0 0 1 0
1 4.43709739089693e-17 -0 4.65661287307739e-10 -4.43709739089693e-17 1 0 0 0 0 1 0
1 4.43709739089693e-17 -0 4.65661287307739e-10 -4.43709739089693e-17 1 0 0 0 0 1 0
1 4.43709739089693e-17 -0 4.65661287307739e-10 -4.43709739089693e-17 1 0 0 0 0 1 0
1 4.43709739089693e-17 -0 4.65661287307739e-10 -4.43709739089693e-17 1 0 0 0 0 1 0
1 4.43709739089693e-17 -0 4.65661287307739e-10 -4.43709739089693e-17 1 0 0 0 0 1 0
1 4.43709739089693e-17 -0 4.65661287307739e-10 -4.43709739089693e-17 1 0 0 0 0 1 0
1 4.43709739089693e-17 -0 4.65661287307739e-10 -4.43709739089693e-17 1 0 0 0 0 1 0
1 4.43709739089693e-17 -0 4.65661287307739e-10 -4.43709739089693e-17 1 0 0 0 0 1 0
1 4.43709739089693e-17 -0 4.65661287307739e-10 -4.43709739089693e-17 1 0 0 0 0 1 0
1 4.43709739089693e-17 -0 4.65661287307739e-10 -4.43709739089693e-17 1 0 0 0 0 1 0
1 4.43709739089693e-17 -0 4.65661287307739e-10 -4.43709739089693e-17 1 0 0 0 0 1 0
1 4.43709739089693e-17 -0 4.65661287307739e-10 -4.43709739089693e-17 1 0 0 0 0 1 0
1 4.43709739089693e-17 -0 4.65661287307739e-10 -4.43709739089693e-17 1 0 0 0 0 1 0
1 4.43709739089693e-17 -0 4.65661287307739e-10 -4.43709739089693e-17 1 0 0 0 0 1 0
1 4.43709739089693e-17 -0 4.65661287307739e-10 -4.43709739089693e-17 1 0 0 0 0 1 0
1 4.43709739089693e-17 -0 4.65661287307739e-10 -4.43709739089693e-17 1 0 0 0 0 1 0
1 4.43709739089693e-17 -0 4.65661287307739e-10 -4.43709739089693e-17 1 0 0 0 0 1 0
1 4.43709739089693e-17 -0 4.65661287307739e-10 -4.43709739089693e-17 1 0 0 0 0 1 0
1 4.43709739089693e-17 -0 4.65661287307739e-10 -4.43709739089693e-17 1 0 0 0 0 1 0
1 4.43709739089693e-17 -0 4.65661287307739e-10 -4.43709739089693e-17 1 0 0 0 0 1 0
1 4.43709739089693e-17 -0 4.65661287307739e-10 -4.43709739089693e-17 1 0 0 0 0 1 0
1 4.43709739089693e-17 -0 4.65661287307739e-10 -4.43709739089693e-17 1 0 0 0 0 1 0
1 4.43709739089693e-17 -0 4.65661287307739e-10 -4.43709739089693e-17 1 0 0 0 0 1 0
1 4.43709739089693e-17 -0 4.65661287307739e-10 -4.43709739089693e-17 1 0 0 0 0 1 0
1 4.43709739089693e-17 -0 4.65661287307739e-10 -4.43709739089693e-17 1 0 0 0 0 1 0
1 4.43709739089693e-17 -0 4.65661287307739e-10 -4.43709739089693e-17 1 0 0 0 0 1 0
1 4.43709739089693e-17 -0 4.65661287307739e-10 -4.43709739089693e-17 1 0 0 0 0 1 0
1 4.43709739089693e-17 -0 4.65661287307739e-10 -4.43709739089693e-17 1 0 0 0 0 1 0
1 4.43709739089693e-17 -0 4.65661287307739e-10 -4.43709739089693e-17 1 0 0 0 0 1 0
1 4.43709739089693e-17 -0 4.65661287307739e-10 -4.43709739089693e-17 1 0 0 0 0 1 0
1 4.43709739089693e-17 -0 4.65661287307739e-10 -4.43709739089693e-17 1 0 0 0 0 1 0
1 4.43709739089693e-17 -0 4.65661287307739e-10 -4.43709739089693e-17 1 0 0 0 0 1 0
1 4.43709739089693e-17 -0 4.65661287307739e-10 -4.43709739089693e-17 1 0 0 0 0 1 0
1 4.43709739089693e-17 -0 4.65661287307739e-10 -4.43709739089693e-17 1 0 0 0 0 1 0
1 4.43709739089693e-17 -0 4.65661287307739e-10 -4.43709739089693e-17 1 0 0 0 0 1 0
1 4.43709739089693e-17 -0 4.65661287307739e-10 -4.43709739089693e-17 1 0 0 0 0 1 0
1 4.43709739089693e-17 -0 4.65661287307739e-10 -4.43709739089693e-17 1 0 0 0 0 1 0
1 4.43709739089693e-17 -0 4.65661287307739e-10 -4.43709739089693e-17 1 0 0 0 0 1 0
1 4.43709739089693e-17 -0 4.65661287307739e-10 -4.43709739089693e-17 1 0 0 0 0 1 0
1 4.43709739089693e-17 -0 4.65661287307739e-10 -4.43709739089693e-17 1 0 0 0 0 1 0
1 4.43709739089693e-17 -0 4.65661287307739e-10 -4.43709739089693e-17 1 0 0 0 0 1 0
1 4.43709739089693e-17 -0 4.65661287307739e-10 -4.43709739089693e-17 1 0 0 0 0 1 0
1 4.43709739089693e-17 -0 4.65661287307739e-10 -4.43709739089693e-17 1 0 0 0 0 1 0
1 4.43709739089693e-17 -0 4.65661287307739e-10 -4.43709739089693e-17 1 0 0 0 0 1 0
1 4.43709739089693e-17 -0 4.65661287307739e-10 -4.43709739089693e-17 1 0 0 0 0 1 0
1 4.43709739089693e-17 -0 4.65661287307739e-10 -4.43709739089693e-17 1 0 0 0 0 1 0
1 4.43709739089693e-17 -0 4.65661287307739e-10 -4.43709739089693e-17 1 0 0 0 0 1 0
1 4.43709739089693e-17 -0 4.65661287307739e-10 -4.43709739089693e-17 1 0 0 0 0 1 0
1 4.43709739089693e-17 -0 4.65661287307739e-10 -4.43709739089693e-17 1 0 0 0 0 1 0
1 4.43709739089693e-17 -0 4.65661287307739e-10 -4.43709739089693e-17 1 0 0 0 0 1 0
1 4.43709739089693e-17 -0 4.65661287307739e-10 -4.43709739089693e-17 1 0 0 0 0 1 0
1 4.43709739089693e-17 -0 4.65661287307739e-10 -4.43709739089693e-17 1 0 0 0 0 1 0
1 4.43709739089693e-17 -0 4.65661287307739e-10 -4.43709739089693e-17 1 0 0 0 0 1 0
1 4.43709739089693e-17 -0 4.65661287307739e-10 -4.43709739089693e-17 1 0 0 0 0 1 0
1 4.43709739089693e-17 -0 4.65661287307739e-10 -4.43709739089693e-17 1 0 0 0 0 1 0
1 4.43709739089693e-17 -0 4.65661287307739e-10 -4.43709739089693e-17 1 0 0 0 0 1 0
1 4.43709739089693e-17 -0 4.65661287307739e-10 -4.43709739089693e-17 1 0 0 0 0 1 0
1 4.43709739089693e-17 -0 4.65661287307739e-10 -4.43709739089693e-17 1 0 0 0 0 1 0
1 4.43709739089693e-17 -0 4.65661287307739e-10 -4.43709739089693e-17 1 0 0 0 0 1 0
1 4.43709739089693e-17 -0 4.65661287307739e-10 -4.43709739089693e-17 1 0 0 0 0 1 0
1 4.43709739089693e-17 -0 4.65661287307739e-10 -4.43709739089693e-17 1 0 0 0 0 1 0
1 4.43709739089693e-17 -0 4.65661287307739e-10 -4.43709739089693e-17 1 0 0 0 0 1 0
1 4.43709739089693e-17 -0 4.65661287307739e-10 -4.43709739089693e-17 1 0 0 0 0 1 0
1 4.43709739089693e-17 -0 4.65661287307739e-10 -4.43709739089693e-17 1 0 0 0 0 1 0
1 4.43709739089693e-17 -0 4.65661287307739e-10 -4.43709739089693e-17 1 0 0 0 0 1 0
1 4.43709739089693e-17 -0 4.65661287307739e-10 -4.43709739089693e-17 1 0 0 0 0 1 0
1 4.43709739089693e-17 -0 4.65661287307739e-10 -4.43709739089693e-17 1 0 0 0 0 1 0
1 4.43709739089693e-17 -0 4.65661287307739e-10 -4.43709739089693e-17 1 0 0 0 0 1 0
1 4.43709739089693e-17 -0 4.65661287307739e-10 -4.43709739089693e-17 1 0 0 0 0 1 0
1 4.43709739089693e-17 -0 4.65661287307739e-10 -4.43709739089693e-17 1 0 0 0 0 1 0
1 4.43709739089693e-17 -0 4.65661287307739e-10 -4.43709739089693e-17 1 0 0 0 0 1 0
1 4.43709739089693e-17 -0 4.65661287307739e-10 -4.43709739089693e-17 1 0 0 0 0 1 0
1 4.43709739089693e-17 -0 4.65661287307739e-10 -4.43709739089693e-17 1 0 0 0 0 1 0
1 4.43709739089693e-17 -0 4.65661287307739e-10 -4.43709739089693e-17 1 0 0 0 0 1 0
1 4.43709739089693e-17 -0 4.65661287307739e-10 -4.43709739089693e-17 1 0 0 0 0 1 0
1 4.43709739089693e-17 -0 4.65661287307739e-10 -4.43709739089693e-17 1 0 0 0 0 1 0
1 4.43709739089693e-17 -0 4.65661287307739e-10 -4.43709739089693e-17 1 0 0 0 0 1 0
1 4.43709739089693e-17 -0 4.65661287307739e-10 -4.43709739089693e-17 1 0 0 0 0 1 0
0.999999981937187 -0.00017591677342518 -7.19646758026717e-05 -0.0210390822030604 0.000175917328643781 0.999999984496833 7.70889745842819e-06 0.000852132216095924 7.19633185626237e-05 -7.72155715270774e-06 0.999999997380829 0.000155828616698273
0.999999391737529 -0.00109195957255762 -0.00015539904983569 -0.131119202822447 0.00109195725975867 0.999999403702488 -1.49670335919561e-05 0.00379121070727706 0.000155415300567226 1.47973353674436e-05 0.999999987813562 0.000877774829859845
0.999997829329561 -0.00204824166410655 -0.0003821547472299 -0.24823822453618 0.00204824916700793 0.999997902150332 1.92428083315743e-05 0.00703622540459037 0.000382114531604931 -2.00255147044609e-05 0.999999926793729 0.00156973979028407
0.99999531076021 -0.00297127494385505 -0.000741608251205001 -0.372395935468376 0.00297130554587194 0.999995584855275 4.01660331368709e-05 0.0105877052992582 0.000741485632569389 -4.23693894983799e-05 0.999999724201908 0.00220752019959036
0.999992032181637 -0.00389241841045329 -0.000885805936834423 -0.504798043053597 0.00389245545839512 0.999992423562392 4.01038506405792e-05 0.012850490398705 0.000885643124614446 -4.35514912542916e-05 0.999999606869684 0.00274937096401118
0.999988220284372 -0.00476607524470824 -0.000918596350704827 -0.62955729663372 0.0047663335405815 0.99998860199056 0.000279201621045636 0.0156076601706445 0.000917255184600603 -0.000283576668726557 0.999999539113493 0.00321677034662571
0.999983417106504 -0.00569436592438656 -0.000860063206835151 -0.775842205155641 0.00569483393517436 0.999983637041282 0.00054269341371381 0.0170819675549865 0.000856958838773961 -0.000547582331423409 0.999999482887436 0.00366702527389862
0.999977753154019 -0.00660631862117131 -0.000921819567533611 -0.929325659293681 0.00660707993735378 0.999977832443625 0.00082529755277982 0.0189825831912458 0.000916346954455444 -0.000831369728082786 0.999999234566024 0.00409774482250214
0.999970594841823 -0.00761137501288464 -0.000936174184532552 -1.08960859104991 0.00761243310936009 0.999970384379573 0.0011319125079269 0.0210084700956941 0.000927531048573642 -0.00113900578721902 0.999998921175403 0.00448769793729298
0.999963544187247 -0.00849512821291437 -0.000862028494526667 -1.25829576188698 0.00849636725993096 0.999962862575436 0.00144402677377114 0.021865539252758 0.000849729288422413 -0.00145129824127949 0.999998585845776 0.00481475102424156
0.99995505670059 -0.00945722865854007 -0.000667386709509967 -1.43494404293597 0.00945827978894113 0.999954005653949 0.00158981761709861 0.0224715434014797 0.000652320744764423 -0.00159605849567541 0.999998513536357 0.00511942988669034
0.999945860932454 -0.010394440477716 -0.000480428151473892 -1.61971314903349 0.0103952697720442 0.999944423840256 0.00175715598217066 0.0229466743767262 0.000462136797855464 -0.00176205503162491 0.999998340794446 0.00542044811300002
0.999937301601848 -0.0111929401923634 -0.000333099181418697 -1.81484599597752 0.0111935602509438 0.999935503383995 0.00192179111894508 0.0224793846718967 0.000311567204592134 -0.00192539919147709 0.999998097880106 0.00568936874333303
0.999929103281691 -0.0119035903436815 -0.000304872436536928 -1.99749582167715 0.0119040920904627 0.999927697798782 0.00170051942947563 0.0226080827414989 0.000284608106928727 -0.00170402809778904 0.99999850764212 0.00593372287403326
0.999918509596432 -0.0127534416350926 -0.000569115902103176 -2.21011086925864 0.0127542658180063 0.999917582202112 0.00146884530372831 0.0215651509352028 0.000550336163971703 -0.00147598426242841 0.999998759299512 0.00611586091690697
0.999906782428754 -0.0136343101665163 -0.000729410212831306 -2.40996744390577 0.0136353315551133 0.999906034552072 0.00141414275551437 0.0196592388674617 0.000710060812525519 -0.00142395668265295 0.999998734079703 0.00616487112711184
0.999893479280896 -0.0145826022050463 -0.00061465801315027 -2.64114566659555 0.0145834855342664 0.999892592329855 0.00145799641799972 0.0176062262617052 0.000593330612385069 -0.00146680496741613 0.999998748220203 0.00617814729048405
0.999879505455132 -0.0155100262230535 -0.000643162002410557 -2.88216436747462 0.0155111570330326 0.999878088656351 0.00179215859229487 0.0154691371135414 0.000615287166904295 -0.00180191883377803 0.999998187253466 0.00615908365580253
0.999862561728538 -0.0165628156996088 -0.000728553187372889 -3.13478743936867 0.0165644382193133 0.999860199729687 0.00228043482437777 0.012075531296432 0.000690680913729218 -0.00229218947961905 0.999997134409527 0.00603771863097791
0.999849034927684 -0.0173626009384716 -0.000668911676705662 -3.37124824896455 0.0173644213651615 0.99984525238778 0.00281924604636712 0.00900493655353785 0.000619858720170469 -0.00283043570289424 0.999995802195639 0.00587965649901889
0.99983434061855 -0.0181903442555085 -0.000634583120032256 -3.64655771385878 0.0181924841744796 0.999828210212465 0.00354733461927089 0.00395435839891434 0.000569946867218871 -0.00355829161338064 0.999993506839601 0.00565773746347986
0.999818324734322 -0.0190462264710147 -0.000747517670586706 -3.93334734532982 0.0190492102659773 0.999809678687114 0.0042111746357485 -0.00119333481416106 0.000667168416220776 -0.00422464919076227 0.999990853570931 0.00535353604936972
0.999802360460263 -0.0198468720168729 -0.00115831309738982 -4.23229928454384 0.0198523382762679 0.999790838701092 0.00491563976833117 -0.00717420224100351 0.00106051074975471 -0.00493766346698906 0.999987247316903 0.00489043457491789
0.999785459820743 -0.020619564681644 -0.00196669351081721 -4.54333298187703 0.0206299070097688 0.999772640730119 0.00539201115466025 -0.0140466182492673 0.00185506544204885 -0.00543142705586544 0.999983529030525 0.0041802881314652
0.999766869970445 -0.021507235416216 -0.00190906632958712 -4.83328335592523 0.0215185716417649 0.999749651485133 0.0061306957071339 -0.0205519325099885 0.00177673408182821 -0.0061703468384446 0.999979384805455 0.00335577553778421
0.999746615123361 -0.0224352959331418 -0.00183386089266265 -5.16800350137055 0.0224472763284147 0.99972492533109 0.00679657687239304 -0.0295732072554529 0.00168087323052029 -0.00683601990480613 0.999975221441534 0.00233261261018924
0.999728046159886 -0.0232300798588213 -0.00204868521006426 -5.51500184461474 0.0232449858332219 0.999701063565262 0.00757985092844403 -0.0380892651155591 0.00187199224102594 -0.00762541121756122 0.999969173899282 0.00125794252380729
0.999709973405374 -0.0239609080171702 -0.00241742855502807 -5.87576664611697 0.0239802286759328 0.999677913625465 0.00830768572389449 -0.0487310644239187 0.00221759024076329 -0.00836324676365208 0.999962568497988 -6.73319736961275e-05
0.999691976753229 -0.0246356035276609 -0.00300643543892891 -6.24885249789804 0.0246620233506724 0.999654498989235 0.00909215347609399 -0.0600834181532264 0.00278140602419627 -0.0091634976624573 0.999954145994264 -0.00164383216178976
0.99967020551869 -0.0254059526651868 -0.00374403090189645 -6.59509168379009 0.0254407656581143 0.999630579582101 0.00956408945387576 -0.0704076546244323 0.00349966297648526 -0.00965618628274701 0.999947253821682 -0.00340272998437285
0.999650546179556 -0.0260757231889017 -0.00434075835436009 -6.99181775422767 0.0261183123600423 0.999608214977835 0.0100623212177874 -0.082684671971947 0.00407667540753917 -0.010172178183774 0.999939951951425 -0.00547763118811417
0.999647083498321 -0.0261750282201368 -0.00453611628784365 -7.39922125684097 0.0262215032656671 0.999600924607104 0.0105082962991345 -0.0931723513640463 0.00425925108327846 -0.0106235315360212 0.99993449753367 -0.00712625238520559
0.999648202800854 -0.0260527586526738 -0.0049723639859041 -7.81754537066445 0.0261077237715553 0.999594934441597 0.0113293335270583 -0.104176449589431 0.00467518946043348 -0.0114551650046909 0.999923457969771 -0.00898513605352491
0.999650366403491 -0.02588381397576 -0.0054012149961284 -8.24742842791602 0.0259447661645529 0.999596794147384 0.0115376877639544 -0.11521487031132 0.00510039783083813 -0.0116737870607651 0.999918851026236 -0.0110401910933433
0.999649239037521 -0.0259327854748855 -0.00537489806597902 -8.68871149839833 0.0259952073126637 0.999591370318406 0.0118887165725535 -0.126409764401615 0.00506439418664598 -0.0120242680643954 0.999914880821882 -0.0132205859117676
0.999642367440131 -0.0261608386319657 -0.00554506454089208 -9.09711291221902 0.0262269337442309 0.99958153771698 0.0122023523032669 -0.137383984867483 0.00522352037098865 -0.0123434183850977 0.999910173394343 -0.0153261117229704
0.999638201063118 -0.0262421947062754 -0.00590035526814302 -9.56055763689801 0.0263152351964683 0.999573496347584 0.0126622982124578 -0.14937382703647 0.00556555224995036 -0.0128129862430499 0.999902421245037 -0.0177755860349862
0.999639695810439 -0.0260622126917814 -0.0064218089056476 -10.0352415065281 0.0261441153519294 0.999573414465491 0.0130182305350756 -0.161637461278588 0.00607978556178729 -0.0131814325248704 0.999894637471426 -0.0205004372255644
0.999642115753106 -0.0259685954160531 -0.00642436493135901 -10.5224857353605 0.0260470217564215 0.999583300056377 0.0124410170815439 -0.174430700484663 0.00609861215969948 -0.0126039002106533 0.999901969509614 -0.0234787453518948
0.99963882639183 -0.0260637884101515 -0.00654948117605617 -10.9727267785929 0.0261438190636878 0.999580707776249 0.0124462591286885 -0.186360587365925 0.00622233836510139 -0.0126129923191987 0.999901092573674 -0.0262578658293933
0.999634665329911 -0.0262955748302558 -0.00625128907527794 -11.4837739435025 0.0263681919714341 0.99958226784247 0.0118325089081903 -0.199965784326196 0.00593753508738019 -0.0119930212728579 0.999910452549544 -0.0293736164458096
0.999639359637869 -0.0261586752572233 -0.00607242715708956 -12.0063824034296 0.026228738085802 0.999586790632069 0.0117601569848157 -0.213611169252545 0.00576228784576241 -0.0119151878989904 0.999912408331907 -0.0324174428678816
0.999639722808018 -0.0260647682481555 -0.00640721784227078 -12.5417117872275 0.0261350736260718 0.99959628536077 0.0111455919317791 -0.22766808513552 0.00611412388394079 -0.0113090295392609 0.999917358255177 -0.035599159571575
0.99963182824499 -0.0262899622922274 -0.0067116199424719 -13.0895217456855 0.0263635996430488 0.999590462275668 0.0111296155090151 -0.242314883973449 0.00641627410885508 -0.0113024603600602 0.999915539341383 -0.0390353623079136
0.99962758622829 -0.0263619642801816 -0.0070523535570908 -13.6475691301748 0.0264449566305486 0.999578893991394 0.0119456668189617 -0.256739435717463 0.00673447252664868 -0.0121277172720866 0.999903778047446 -0.0427242567384383
0.999630884225934 -0.0262507522459513 -0.0069995219979442 -14.1588525190018 0.0263310405589436 0.999585550210016 0.0116363273597301 -0.270155986305326 0.00669115870094911 -0.0118163369053705 0.999907797037996 -0.0461940709210467
0.999637107996568 -0.0259996582352981 -0.00704770089502018 -14.7398237357847 0.0260729879193269 0.999604679769275 0.0105206218601006 -0.286051898263395 0.00677138222349087 -0.0107005586308513 0.999919819999469 -0.0501988714095205
0.99962569575123 -0.0265108875466465 -0.00675582973125968 -15.3335954332724 0.026574789846183 0.999601195753965 0.00955143925669747 -0.302298489026725 0.00649991834563443 -0.00972739886774664 0.999931562044507 -0.0543668358150171
0.99962006916175 -0.0267362653545165 -0.0066999585037002 -15.9381286953576 0.0268010295289792 0.999593037764206 0.00977055113656938 -0.319183361250907 0.00643600382576062 -0.00994640478858651 0.999929820980721 -0.0586873374559218
0.999620328274556 -0.0267875535003601 -0.00645184297186528 -16.5534247499891 0.0268516440797714 0.99958880004506 0.0100608168003926 -0.336709578055888 0.00617968530602813 -0.0102302395838577 0.999928574292972 -0.0630203751934459
0.999609499997197 -0.0270703352638472 -0.00693141140435747 -17.1190766161308 0.027140086451384 0.999579855261596 0.0101749035679918 -0.352900973986834 0.00665306115746337 -0.0103590493728643 0.999924210564644 -0.0669997702498222
0.999598068654301 -0.0272727306434204 -0.00773946418324835 -17.7620903076604 0.0273511175493634 0.99957374688266 0.0102098438657009 -0.370775620918721 0.00745771489085306 -0.0104174232040617 0.999917926523169 -0.0718993192858761
0.999598823292699 -0.0270241872550611 -0.00847854793313927 -18.4150627125055 0.0271019422461123 0.999590393844402 0.00919397957809148 -0.389878859743476 0.00822661524197777 -0.00942007628405218 0.999921789423784 -0.0775318081578007
0.999590617416595 -0.0271965439202743 -0.00888513204754917 -19.0797504936345 0.0272727592672134 0.999591272301708 0.00857233574966776 -0.408888033591211 0.00864836254226318 -0.00881114845210296 0.999923781839542 -0.0837164108233992
0.999576757711741 -0.0274071055592937 -0.00975479406987373 -19.7548767253757 0.0274944975454797 0.999581973284063 0.00894043009374765 -0.428766690660268 0.00950568499401922 -0.00920484928726756 0.999912452518916 -0.090510751309921
0.9995761212608 -0.0273122924743022 -0.0100805002362717 -20.3707551960833 0.0274004332945764 0.999586576139111 0.00871166216972208 -0.44703950220719 0.00983839725182757 -0.00898417955564517 0.999911241289559 -0.0971954944398021
0.999574678370651 -0.0274728032264199 -0.00978301809727633 -21.0661580245942 0.0275479565880633 0.999591348275215 0.00763194216169696 -0.467865899670869 0.00956934940481356 -0.00789819828946565 0.999923020044918 -0.104897908619023
0.999563166364421 -0.0276926125841809 -0.0103245172185059 -21.7723211781122 0.0277631485600143 0.999591723602375 0.0067523098023935 -0.489327486604452 0.0101333128624026 -0.00703600127170177 0.999923902432849 -0.112894280813634
0.999559564960856 -0.0278318727799964 -0.0102986869465202 -22.4892435148358 0.0278919796236443 0.999594465742919 0.00573947112564102 -0.511421414092183 0.0101347702459671 -0.00602419402791377 0.999930495343739 -0.121314834817895
0.999546806965927 -0.0279993850736211 -0.011055094740425 -23.2180058970116 0.0280542024353625 0.999594710174918 0.00483498873190178 -0.534581841435283 0.0109152375116802 -0.00514293941447866 0.999927201232291 -0.130254396412056
0.999543731175042 -0.027988555782757 -0.0113565053546514 -23.9570017438382 0.0280418999680727 0.99959632264614 0.00456547899950535 -0.557510141283274 0.011224139826968 -0.00488185390090889 0.999925090288085 -0.139898354289471
0.999554310214055 -0.0276213923917545 -0.0113242931278251 -24.6327914143912 0.0276699308131368 0.999608490618112 0.00415215762895402 -0.578078200574964 0.0112051711856806 -0.00446364946206377 0.999927257340342 -0.14890229019511
0.999558045979349 -0.0274766904853653 -0.011346550044669 -25.3952240985818 0.0275169506888517 0.999615529399503 0.00340746359305129 -0.600833557080477 0.0112485618072733 -0.00371818010888386 0.999929820034359 -0.158956288432819
0.999569421001 -0.0272501089366337 -0.0108813676836961 -26.1657788935117 0.0272806885628754 0.999624242225828 0.0026717758091936 -0.62372299330309 0.0108044727433406 -0.00296747660155718 0.999937226755439 -0.168867397980648
0.999579249605331 -0.0270318053309402 -0.0105169034888653 -26.9485783753917 0.0270559476013053 0.99963158701593 0.00216007856538009 -0.647391796112061 0.0104546381017889 -0.00244371450119391 0.999942362739772 -0.178640610625735
0.999581063488357 -0.0269878485037448 -0.010457224709491 -27.7408560635522 0.0270155000132626 0.999631858415844 0.0025120507795216 -0.670169324148446 0.0103855801243492 -0.0027935055440089 0.999942166353763 -0.188282152128522
0.999596559022358 -0.0266817728280791 -0.00973664158794226 -28.5445803836919 0.0266963153897448 0.999642655634267 0.00136666787547906 -0.694328494369984 0.00969669713214468 -0.00162604896032388 0.999951663846561 -0.19781922121183
0.999601790262582 -0.0265514389997391 -0.00955416091997802 -29.2777009769343 0.0265515923990473 0.999647438181387 -0.000110808235008251 -0.715467043686658 0.00955373460572124 -0.000142914076372079 0.999954351823447 -0.206109240811202
0.999604216055252 -0.0265116395966468 -0.00940979332728901 -30.1009060866199 0.0265027351957541 0.999648168438317 -0.00106975000012368 -0.738704782910645 0.00943484349146934 0.000819941349448823 0.999955154706687 -0.215255830582464
0.999608390342753 -0.0263063777779326 -0.00954151165046908 -30.9358755652793 0.0262919647405675 0.999652972923059 -0.00163288584147241 -0.763079551048577 0.00958115579938543 0.00138138129972186 0.999953145521955 -0.224453867151169
0.999609814266335 -0.0262117275437621 -0.00965217911122337 -31.7761228848249 0.0261921401283433 0.999654614583132 -0.00215019490908952 -0.785983008798212 0.00970520571244039 0.00189654470588636 0.999951104854761 -0.233288853036356
0.999615977277631 -0.0259091529311799 -0.00982923016703199 -32.6191318044439 0.0258801580445705 0.999660351775259 -0.0030656986404183 -0.808067884296179 0.00990532134137069 0.0028101393123012 0.999946992458185 -0.241598400039948
0.999614355911673 -0.0258214017218393 -0.0102173709148145 -33.3871332844719 0.0257835066643885 0.999660238442354 -0.00382340966460722 -0.827931637410074 0.0103126252418545 0.00355849553819816 0.999940491664442 -0.24941281710926
0.999622540481964 -0.0255310889361834 -0.010145938010656 -34.2507397835143 0.0254795281800547 0.99966192809875 -0.00517910741445907 -0.850727738346905 0.0102747362061114 0.00491863879761496 0.999935116289189 -0.258416219774517
0.99963508663963 -0.0252175249361838 -0.00968349085153592 -35.1244629952125 0.0251605079795014 0.999665625293453 -0.00596543752486004 -0.872150901239365 0.00983068650666249 0.00571961910816727 0.999935319688261 -0.267254055695958
0.999640238743067 -0.0251927594113311 -0.0092042359241272 -36.007232340984 0.0251435648379813 0.999669146926523 -0.00542197661712488 -0.894269671756774 0.00933778522683178 0.00518859869725967 0.999942940477414 -0.275734493377968
0.999635500084559 -0.0248650085757684 -0.0105165735494596 -36.900521595031 0.0248155736477018 0.999680496944435 -0.00480534426051801 -0.917201817501336 0.0106326983983238 0.0045426179075033 0.999933152939394 -0.284633032671991
0.999626366286929 -0.0244552671064981 -0.0122093298235409 -37.7120329649188 0.0244225409448944 0.999697741139132 -0.00282238465007974 -0.936742356512696 0.0122746616159114 0.00252314725449807 0.999921480122388 -0.29369567798858
0.999632589743534 -0.0238890829158153 -0.0128061407175224 -38.6243783282116 0.0238975806432547 0.999714281476503 0.000510931813813577 -0.958990213926882 0.0127902760734403 -0.000816779872750686 0.999917867481427 -0.305145917955087
0.999633940497687 -0.023387679403164 -0.0136015240764235 -39.5471173673868 0.0234170591228481 0.999723772959414 0.00200477475836415 -0.980886983219534 0.0135508799383562 -0.00232254858497231 0.999905485243964 -0.317225586288259
0.999667767495919 -0.0228914617779323 -0.011846333078014 -40.4840498445556 0.0229077834433747 0.999736808435534 0.00124391191158214 -1.00330990599468 0.0118147402610989 -0.00151487187636213 0.999929056021357 -0.330362464839709
0.999697181383486 -0.0228008104535221 -0.0092557320929055 -41.4398253401741 0.0228163009389299 0.999738439243704 0.00157146747592364 -1.02529489342123 0.00921748042456679 -0.00178217317515852 0.999955929985615 -0.343058962957002
0.99970430534256 -0.0225323521754124 -0.00914302931163123 -42.3080952130258 0.0225488443975477 0.999744289057844 0.00170473240192497 -1.04579313332215 0.00910227970814678 -0.00191039306693155 0.999956748515877 -0.353002814692445
0.99969644890497 -0.0221633495097856 -0.0107608543016244 -43.2800446199253 0.0221769209348444 0.99975340790317 0.00114348758082879 -1.06813019607216 0.0107328572450845 -0.00138178308895998 0.99994144651117 -0.364333944642567
0.999666160523659 -0.0215446706710542 -0.0142616503098985 -44.2626899085008 0.0215554810208196 0.999767470751933 0.000604701780841793 -1.08983281347901 0.0142453059583533 -0.000911916640096518 0.999898114642784 -0.378221620369004
0.99966356376496 -0.0214211418738571 -0.0146251140699736 -45.2589151803404 0.0214078227829723 0.999770257283181 -0.00106666565307775 -1.1112375552766 0.0146446032528199 0.000753214937910636 0.99989247835096 -0.394354698059033
0.999698589830796 -0.021348251662572 -0.0121235985280676 -46.26083322661 0.0213205789252988 0.999769792549524 -0.00240724318935714 -1.13338658586144 0.0121721980187792 0.00214803548250382 0.999923608851675 -0.409369565182715
0.999719574520606 -0.0213628102852759 -0.0102177618417527 -47.170528606046 0.0213383170024383 0.999769186023347 -0.00250018113688961 -1.15262691723183 0.0102688143348157 0.00228145018116099 0.999944671688003 -0.420649657127797
0.999730342350363 -0.0214000499219744 -0.00901556694626973 -48.1898443158716 0.0213876135233214 0.999770172822113 -0.00147360884191095 -1.17429114598781 0.00904503022674377 0.0012803900104737 0.999958273144244 -0.431207473913673
0.999712903742351 -0.021550354894422 -0.0104734089465745 -49.2100072712637 0.0215243566796721 0.99976497264785 -0.00258873250252783 -1.19658468384296 0.010526735513158 0.00236255589729616 0.999941801390995 -0.441208765405463
0.999664411668221 -0.0217788817734675 -0.0140265588341067 -50.2382585280575 0.0217253703482037 0.999756148784044 -0.00395616629209505 -1.21892795618623 0.014109299318631 0.00365010646346701 0.999893796558186 -0.45492292768904
0.999626812448702 -0.0223074532967458 -0.0157674779549947 -51.2799878651276 0.0222250370238297 0.999738501099979 -0.0053830426022097 -1.24097845423967 0.0158834367482965 0.00503060093640027 0.999861195112242 -0.473405940647353
0.999617225928903 -0.0226473701862443 -0.0158901935120612 -52.3273125137202 0.0225565640360001 0.99972833085381 -0.00587076716828332 -1.26378941908479 0.0160188340740943 0.00551009182333462 0.999856507626472 -0.49278778237931
0.99962204897323 -0.023045815734522 -0.0149883149049753 -53.276731391903 0.0229655531835447 0.999721098726397 -0.00550528185101894 -1.28544857399538 0.0151110083559643 0.00515898618100877 0.99987251301756 -0.509525864355965
0.99963715650521 -0.0233352162368808 -0.0134544794532005 -54.3377207941376 0.0232728295042891 0.999717747710438 -0.00477496802427915 -1.30928200809285 0.0135621068069407 0.00446011165181041 0.999898083137982 -0.526572323928121
0.999646571434567 -0.0236597629190317 -0.0121222043263699 -55.4073708020151 0.0236112712313881 0.999712692978182 -0.00412787707536598 -1.33414586307481 0.0122163861249091 0.00384019751142072 0.999918003034809 -0.541738514977624
0.999638261143029 -0.0239597648337414 -0.0122178773955354 -56.4830307238735 0.0239187501490885 0.999707806599893 -0.00349210746337169 -1.35950790112838 0.0122979774859937 0.00319860787563346 0.999919261069318 -0.556010715707089
0.999621481572405 -0.0243250356318221 -0.012852479157733 -57.567972435616 0.0242955408127659 0.99970182726505 -0.00244607022304938 -1.38537548622116 0.0129081476442053 0.00213288640847284 0.999914411597295 -0.570344163832488
0.999616750223165 -0.0246422023621243 -0.0126140610440016 -58.5461143623106 0.0246112256631591 0.999693703555115 -0.00260511873344891 -1.40925651043653 0.0126743932649553 0.0022936728193929 0.999917045969496 -0.583238976309076
0.999615268251087 -0.0249962864013704 -0.0120208629243947 -59.6379837291315 0.0249683230019989 0.999685189594824 -0.00247073900470596 -1.43616813467816 0.0120788379314515 0.00216964764470853 0.999924694316189 -0.597180315628066
0.999618664745369 -0.0253163716494214 -0.011027530058678 -60.7374703208916 0.0252815172849671 0.999674961821405 -0.00328870660637688 -1.46487839380279 0.0111072038090862 0.00300865981481677 0.999933786802737 -0.609958799104788
0.999621679058875 -0.025576882343722 -0.0101154260953917 -61.845887680538 0.0255358314396668 0.999665223447457 -0.00416681442230246 -1.49314690707251 0.0102186138101433 0.00390693221343639 0.999940156115594 -0.621351905152551
0.999616035198098 -0.0255458959236541 -0.01073263137784 -62.9573472468182 0.0254933118667247 0.999662448283354 -0.00500804774297053 -1.52162778237835 0.0108569436261169 0.00473251451004512 0.999929862581127 -0.632598752883496
0.999611588133023 -0.0252946336400566 -0.0116984776441833 -64.0702782780863 0.0252276431891712 0.99966467985142 -0.00583899620472571 -1.55022066272795 0.0118422501787457 0.0055416032494446 0.999914522218839 -0.644884557332261
0.999625170460555 -0.0250448193537712 -0.0110578300422931 -65.0760406730697 0.0249733149819063 0.999666608620492 -0.00655783104522602 -1.57583521259949 0.0112183831509611 0.00627922230377301 0.999917356208371 -0.656318176799687
0.999643794883927 -0.0249511369725629 -0.0094722813428807 -66.1934531936422 0.0248804345713734 0.99966222471024 -0.00751002416189098 -1.60356330545619 0.00965646548183602 0.00727167457666949 0.999926935042381 -0.668080138973892
0.999652332856487 -0.0247989509311926 -0.0089568659304104 -67.3146356074139 0.02472691606045 0.999661705845899 -0.00806557421431545 -1.63098525675014 0.00915385365419978 0.0078412944071416 0.999927357894211 -0.678589505609125
0.999647287321497 -0.024631748823788 -0.00992864042322512 -68.4400983885862 0.0245471594225399 0.999662080784807 -0.00855343236800438 -1.65892750257626 0.0101359713425153 0.00830669554464549 0.999914126759929 -0.689304659492336
0.999628348310761 -0.0245068214845246 -0.0119407267042765 -69.5661842692643 0.0244061409466464 0.999665940769505 -0.00850571275745156 -1.68634965084493 0.0121451857784477 0.00821112453598711 0.999892530173249 -0.701742969918996
0.999618776914424 -0.0242568549382783 -0.0131873359180245 -70.5837313309312 0.0241471237507391 0.999672977775281 -0.00841747708458144 -1.71178368013352 0.0133872048866814 0.00809583191563938 0.999877612636125 -0.714924411819084
0.99964206016829 -0.0240566285922277 -0.0117059883509659 -71.7212754199281 0.0239604214057568 0.999678530105134 -0.00829063645909758 -1.73924816446379 0.0119016699902111 0.00800718849621861 0.999897112298975 -0.729949179294636
0.999679498910493 -0.0238899512743905 -0.00837673481572183 -72.8649229141884 0.0238136753303981 0.999675085915151 -0.00909018524528557 -1.76718474552035 0.00859117717918021 0.00888779098778019 0.99992359650427 -0.742515831399942
0.99970052578707 -0.0237602202728325 -0.00585753136072883 -74.0139205693267 0.0237054740436979 0.99967623802555 -0.00924497849898727 -1.79493930283934 0.00607529764036361 0.00910335430869583 0.999940108055933 -0.751558444462717
0.999712485504943 -0.0235786434975365 -0.00435819875019874 -75.1699001891539 0.0235330971694826 0.999670796090946 -0.0102221710270005 -1.82250520214438 0.00459778894055023 0.0101166700899869 0.999938254755337 -0.758026341398363
0.999716621207281 -0.023493073744685 -0.00384093321009416 -76.2129180808552 0.0234414506567336 0.999641021974839 -0.012974034692728 -1.84772572666407 0.00414435435327799 0.0128803210801199 0.99990845663784 -0.763091599976178
0.999719890251505 -0.0233921542898839 -0.00359835423458761 -77.3785076737404 0.0233397284987195 0.999629841108017 -0.013979908439129 -1.87557861860842 0.00392404244693773 0.0138920079196147 0.999895801574762 -0.768585454221466
0.999721114514914 -0.0235583278964405 -0.00164267458213054 -78.5483457273804 0.0235298695268831 0.999601376336804 -0.0156023608987537 -1.90276333969086 0.00200958530718261 0.0155593577081733 0.999876926403746 -0.772837043812615
0.999723474929203 -0.0235149726437658 -0.000140488582782697 -79.7202911372297 0.023509722076708 0.999595766206023 -0.0159874060081664 -1.93094006786123 0.000516375207476678 0.0159796822420519 0.999872183387501 -0.774380618880969
0.999728055062909 -0.0233099982208255 -0.00067816154288279 -80.8949953597039 0.0232952621688488 0.999586490547477 -0.016857599931869 -1.95829125866294 0.00107083174109372 0.0168372176419817 0.999857670581898 -0.775716676740558
0.999726567058257 -0.023310580348308 -0.00184606655820425 -81.9596000956371 0.0232714346409517 0.999549351323328 -0.0189613975979304 -1.98357911035419 0.00228723581297552 0.0189132523099535 0.999818512250796 -0.777831980245537
0.99972511344549 -0.0234249779440984 -0.000983846898639852 -83.1424136161804 0.0233997408593207 0.999513704661937 -0.020610830179482 -2.0110324146226 0.0014661767008436 0.020582142776915 0.999787090197004 -0.780486413728795
0.999726805976612 -0.023348474282073 -0.00107803548260512 -84.3305033138022 0.023319566169839 0.999492021629512 -0.0217231796153732 -2.03948731301352 0.00158469096447173 0.0216921056527633 0.999763442673764 -0.784043132545776
0.999731477855618 -0.0230262902281657 -0.00260041207300085 -85.5233038845472 0.0229753252839892 0.999570874956992 -0.0181714161750914 -2.06687171524391 0.00301771647376262 0.018106791434204 0.999831504550263 -0.788210086073377
0.99973288816527 -0.0228105328259864 -0.00371912797876574 -86.7200526255183 0.0227367352274559 0.999564606165255 -0.0188052910877369 -2.09498495236039 0.00414646740303221 0.0187157071438016 0.999816247674633 -0.794075919766328
0.999736637706122 -0.0227595977062191 -0.00294209794343984 -87.8039457220584 0.0226967497258498 0.999544867281104 -0.0198724896246362 -2.11938995495439 0.00339304876768132 0.0198004798994924 0.999798193745023 -0.799550211653695
0.999721247137614 -0.0235921759361116 -0.000915017056181952 -89.0063499393873 0.0235673365269735 0.999495130643325 -0.0213087885462174 -2.14704556623474 0.00141727578047721 0.0212812841455252 0.999772523264407 -0.80346465218463
0.999727067002737 -0.0233444673161742 -0.000909586625470425 -90.2142887902446 0.0233195718022418 0.999497483097194 -0.0214704180987251 -2.1755695855245 0.00141034501638684 0.0214433469425379 0.99976907023514 -0.806100055546267
0.999735970144353 -0.0229767594659847 -0.000241917282165748 -91.430668768473 0.0229647242004682 0.999459828003912 -0.0235090120759423 -2.20398626290262 0.000781947520976408 0.0234972494312132 0.999723595713956 -0.808602570017683
0.999737012040508 -0.0228339064577864 -0.00212590502942539 -92.6526002879255 0.022771884491965 0.999411156042695 -0.0256667577634749 -2.23194534424692 0.00271072554894086 0.0256115968514529 0.999668294022431 -0.811908955627587
0.999727132269988 -0.0230066163462964 -0.00404433029313316 -93.754382758867 0.0228877322691318 0.999364555314227 -0.027324664557377 -2.25664517795667 0.0046704084192037 0.0272246429892287 0.999618430251917 -0.816524135851068
0.999706361641276 -0.0229622549356088 -0.00774114605438115 -94.9824269451201 0.0227399113225067 0.999358125569189 -0.027680919274499 -2.28484014328569 0.00837179353589673 0.027496758119984 0.99958683533042 -0.825414153863676
0.999662149872667 -0.0228996741867297 -0.0122959763377908 -96.2092599188909 0.0225564267491052 0.999371017239786 -0.0273637993236781 -2.31253508292139 0.0129148644696776 0.0270772011710202 0.99954991443773 -0.839976964038215
0.999625995865362 -0.0226996332242568 -0.0152510669025677 -97.4436949105002 0.0223131872391811 0.999437189968493 -0.0250484527089436 -2.34062253218144 0.0158110741384519 0.0246987845726699 0.999569897493528 -0.859122539681266
0.999600310531848 -0.0224462724060453 -0.0171867402292296 -98.6817050422542 0.022046879343489 0.999490366067107 -0.0230855636763291 -2.36843662429601 0.0176961661341389 0.0226974226315196 0.999585750553718 -0.88103001388663
0.999606159465761 -0.0221440736383323 -0.0172385022786826 -99.8000682834536 0.021785724974611 0.999548238453441 -0.0207051006264912 -2.39268829207867 0.0176892098591949 0.0203213928489815 0.999637000539313 -0.901566270578769
0.999641394924559 -0.0220715359410349 -0.0151634051085076 -101.050120403524 0.0217726265729866 0.99957075221633 -0.0196026540497422 -2.42018585000187 0.0155895569338704 0.0192654772815055 0.999692856381259 -0.923169518835493
0.999679296738669 -0.0218903839302639 -0.0127324295978853 -102.304435355123 0.02161951564755 0.999544936706587 -0.021036065397099 -2.44705109065399 0.013187123084464 0.0207540501013978 0.99969763888345 -0.941891507507535
0.999709590638668 -0.021963499764917 -0.00991660542440828 -103.445409859531 0.021737866020572 0.999514641057539 -0.0223147371145258 -2.47192275524139 0.0104019020346558 0.0220926908658774 0.99970181226422 -0.956911613116972
0.999748256981355 -0.0216430387859068 -0.00591620950060784 -104.719060156494 0.021508758128613 0.999529005394592 -0.0218892827352318 -2.49939054856077 0.00638717359308289 0.0217565219419333 0.999742895831964 -0.969622955090017
0.999768007904416 -0.0213958093145131 -0.00247986181304584 -105.995517403819 0.0213382317942254 0.999545536385716 -0.021293204439161 -2.52615289250389 0.00293432014795859 0.021235348717857 0.999770198460676 -0.976636984181823
0.999769939562817 -0.0214300574437912 -0.000905861201425649 -107.273009063676 0.0214070327872919 0.999561195383472 -0.0204732906687851 -2.55349283851683 0.00134420750044403 0.0204491887741436 0.999789989840204 -0.97994509372802
0.999766136119642 -0.0214381067320847 -0.00284264808668276 -108.418159913737 0.0213793063559195 0.999584875828043 -0.0193132409391886 -2.57803506450728 0.00325550735534641 0.019247950425413 0.999809440881751 -0.983751122170361
0.99975715384267 -0.0212474400456715 -0.00584633491249069 -109.692053845152 0.021145206308315 0.999631435628087 -0.0170256616408551 -2.60422383155674 0.00620593188668763 0.0168979050664775 0.999837960478488 -0.99088454079174
