1 -1.73472347597681e-18 -2.50721752387273e-19 8.67361737988404e-19 1.73472347597681e-18 1 -8.67361737988403e-19 1.38777878078145e-17 2.50721752387273e-19 8.67361737988403e-19 1 5.55111512312578e-17
0.99999723143701 0.0021562996763735 0.000942066887621524 -0.0203450563530951 -0.00215740757170848 0.999996980601388 0.00117659707505169 -0.0349141523348983 -0.000939526947253915 -0.00117862623980499 0.999998864064006 0.795462312652634
0.999986653824585 0.00505879111629373 0.00104919261841317 -0.00609314612149387 -0.00506063696530854 0.999985638716558 0.00176417520173774 -0.0464552322727403 -0.00104025295682245 -0.00176946123969451 0.999997893438135 1.56959281780278
0.99997850965059 0.00636044724925189 0.00158900842477974 -0.0171134405370184 -0.00636299622526343 0.999978469086102 0.0016042578514278 -0.0695232693365497 -0.00157877041453795 -0.00161433422997481 0.999997450701237 2.3041780931451
0.999964776314715 0.00819781970080826 0.00180052270602032 -0.0295654882234922 -0.00819979244652299 0.999965785958498 0.00109101614941899 -0.0836962105114068 -0.00179151714917812 -0.00110574163229412 0.999997783898418 3.04629720058259
0.999961800773381 0.00850325703621014 0.00202277379669467 -0.0388873869105369 -0.00850498771572777 0.999963471915273 0.000848539397119262 -0.101697314028933 -0.00201548456004298 -0.000865710649863121 0.999997594180635 3.76218634372819
0.999958619937188 0.00866655037188517 0.00276574003959466 -0.0382412518506145 -0.00867138565833143 0.999960887050624 0.00174110301043084 -0.121056623114714 -0.00275054250640196 -0.00176501376199292 0.99999465960691 4.45793502038162
0.999951245220388 0.00942831711287204 0.00293496484032509 -0.0415853999341222 -0.00944111710251657 0.99994584626496 0.00437833819034351 -0.13186343658488 -0.00289352554013082 -0.00440583407217925 0.999986107971544 5.14548122901458
0.999950803807458 0.00885182369519589 0.00447606770376302 -0.0423051178918373 -0.00888946202890106 0.999924700069107 0.00846000334183757 -0.139511863101595 -0.00440084419813154 -0.00849937697577565 0.999954195531659 5.78936703692283
0.999949065661317 0.00844675633643528 0.00552434525095356 -0.039477529681801 -0.00851237104199111 0.999892198693051 0.0119637173160615 -0.159349948654323 -0.00542269511426871 -0.012010133228572 0.999913171769194 6.42676386451312
0.99994698995705 0.00778074110111639 0.00674368917974415 -0.0259812171481168 -0.0078751880255887 0.99986966597427 0.0140937034899513 -0.170936056129108 -0.00663315078957387 -0.0141460642024005 0.999877937639482 7.04196828777119
0.99993737972308 0.00770733529726627 0.00811379166337421 -0.0406028015141941 -0.00782207318587809 0.999868498855969 0.0142056385490076 -0.180803729600931 -0.00800323707107908 -0.0142682156601937 0.999866174154451 7.61595970875638
0.999920665818933 0.00890543839050824 0.00890815554957564 -0.0340170258227488 -0.00901298032861541 0.999886100215198 0.0121058986464601 -0.191011871869495 -0.00879933257801778 -0.0121852272656375 0.999887039611308 8.16640822661435
0.999909597761529 0.00889830065247344 0.0100805034534958 -0.0311347164149677 -0.00899141091367968 0.999916983709931 0.00922931298718514 -0.196771002631903 -0.00999754140572126 -0.0093191165853987 0.999906597253918 8.68868472577392
0.99990847657945 0.00723975240804111 0.011429105373325 -0.0272519858058882 -0.0073272425516445 0.999944031954576 0.00763180679890041 -0.202026548559223 -0.0113732133169862 -0.00771485213705585 0.99990556107832 9.18633277216654
0.999903954894001 0.00388789552480498 0.0133028288617262 -0.0198369959625074 -0.00396222091047192 0.999976663291564 0.00556540005087989 -0.221123014834739 -0.0132808807235362 -0.00561757426812643 0.999896025127888 9.64554845051091
0.999881248124857 0.00186654839957066 0.0152972430637218 -0.0110890170627887 -0.00193372382909802 0.999988548038551 0.00437772816696448 -0.248982030169149 -0.0152888966387801 -0.00440678894696761 0.999873406912468 10.1042377983245
0.999833402452669 0.00555068941754615 0.0173884210585197 -0.00931754998222346 -0.00559381203173728 0.999981396404088 0.00243230604245432 -0.243881032524314 -0.0173745965959507 -0.00252916838516336 0.999845851469319 10.5009042975858
0.99974572925139 0.00966700424225809 0.0203721837952373 -0.0114381432870155 -0.00969940792979801 0.999951845993468 0.00149237397009303 -0.249034449104165 -0.0203567760074658 -0.00168959262409728 0.999791351706618 10.8856046138415
0.999667922314785 0.0103480653923842 0.0236000558786816 -0.00251611725228871 -0.0104045588463941 0.999943289414337 0.00227224788437325 -0.244598388742232 -0.0235752041359958 -0.0025170414917235 0.999718897616763 11.2278536691574
0.999618996068881 0.00661036444702954 0.0267986152649527 0.0103584079758354 -0.00669240877766592 0.999973186168003 0.00297297994681646 -0.264938252329169 -0.0267782442104431 -0.00315119451779805 0.999636431714109 11.5563607186925
0.999562489721967 0.00176647758421061 0.0295247133392892 0.0326676545057629 -0.00185384453357537 0.999993983295933 0.0029320014289562 -0.278380074633146 -0.0295193563830252 -0.00298545287662525 0.999559750425083 11.8469939937155
0.999494533006013 -0.00171110695507547 0.0317450878732576 0.0466151933934229 0.00157405807706931 0.999989336123381 0.0043416564454807 -0.284638190400911 -0.0317521783860977 -0.0042894932694741 0.999486567901354 12.1001502440139
0.999419211876545 -0.00273291473047146 0.0339671916581447 0.0568093523156712 0.00255081543370931 0.999982149151856 0.00540321369727739 -0.287833002117828 -0.0339813518372697 -0.00531343153821217 0.999408342557035 12.3304382355307
0.999341732875408 -0.00175854640232359 0.0362354584368241 0.0556792783390247 0.00159841352148607 0.99998883133744 0.0044477269020851 -0.292836507806262 -0.0362428752693583 -0.00438687986296363 0.999333382449159 12.5279408873748
0.999264112745424 -0.000589111660081369 0.0383521306650966 0.0680332689853245 0.000468159211851787 0.999994889257228 0.00316263914742354 -0.30062404614165 -0.0383537978048204 -0.00314235689831912 0.999259281561633 12.7108753373654
0.999165191603341 0.00127897263488848 0.0408323905405633 0.0707927792288786 -0.00137072480011759 0.999996598290664 0.00221912609450578 -0.305713957889259 -0.0408294134390909 -0.00227324351977088 0.99916354585329 12.9010720619781
0.999080896763099 0.00402418933588108 0.0426751405765775 0.0736699020206407 -0.00409683491243614 0.999990303856642 0.00161497256978018 -0.31152160338511 -0.0426682278369036 -0.00178832124907103 0.999087695970863 13.0652448320199
0.999027628324446 0.0050549622718772 0.0437977762091002 0.0667721563618944 -0.00507224114549747 0.999987095945722 0.000283393372464483 -0.31485184395788 -0.0437957784974128 -0.000505270691345147 0.999040376805329 13.2077886991682
0.998936683982511 0.0046152989183541 0.0458715642846349 0.0911109508573969 -0.00455400863279804 0.999988592854689 -0.00144054360308393 -0.323348249984911 -0.0458776895603686 0.0012301123502447 0.998946307077717 13.3715710154152
0.998871898255659 0.0033088482218697 0.0473706913458231 0.097390545032554 -0.00318652716851329 0.999991391849804 -0.00265749334819941 -0.329964125026244 -0.047379076813937 0.00250354743035301 0.998873843551088 13.5118068839055
0.998813378964273 0.00262658675442017 0.0486305978165278 0.098972591884864 -0.00244686475785589 0.999989957041099 -0.0037548195427003 -0.337286343792168 -0.0486399717807087 0.00363137149889485 0.998809774825121 13.6450223837975
0.998743148898934 0.00318241900623082 0.0500199433897165 0.107461740979032 -0.0029318017641903 0.999982784091135 -0.00508291842914481 -0.337129326985758 -0.0500352582271458 0.00492988139924584 0.99873528484956 13.7766078460343
0.998669672623512 0.00403198042835357 0.0514064987707978 0.109439508246162 -0.00366277453356121 0.999966833974145 -0.00727427209015726 -0.337479424239884 -0.0514341235442285 0.00707630451229448 0.998651318954562 13.9049387248041
0.998628074383524 0.00412106661434105 0.0522013971366194 0.117726629433186 -0.00363476054886868 0.999949142714636 -0.00940747043672148 -0.339992542073486 -0.0522375111276109 0.00920482450813509 0.998592265960921 14.0249772939841
0.998595159706512 0.0033564393430801 0.0528813892183528 0.133841444418469 -0.00274854946728267 0.999929358581159 -0.0115638801143302 -0.346982119521373 -0.0529164670641625 0.0114022875954313 0.99853384286715 14.1542076766691
0.998623050857047 0.00232881832624101 0.0524078133694525 0.144472237332129 -0.00163014102356817 0.9999092841127 -0.0133703472456979 -0.351587668452706 -0.0524341962578553 0.0132665048309879 0.9985362561832 14.2783446167466
0.998722503616044 0.00199073444768627 0.0504915611489659 0.14383275935299 -0.00125944305246617 0.999893914961486 -0.0145111207764642 -0.35497363686332 -0.050515092537761 0.0144289916262479 0.998619061317453 14.4113503424988
0.998871031973093 0.00184023679296962 0.0474686740235488 0.144453069105145 -0.00110523217597251 0.999879170193259 -0.015505594973327 -0.356860138491384 -0.0474914723592071 0.0154356257464823 0.998752372468256 14.5262787831213
0.999050371403745 0.00246634164484336 0.0435002592742804 0.152429930057894 -0.00173780214982709 0.999857732526163 -0.016777805319162 -0.361866076287789 -0.0435354504022499 0.0166862777913637 0.998912525044982 14.6643336372689
0.999275485052122 0.00285702118489556 0.0379518432199972 0.148507423915224 -0.00218363681326812 0.999839667805344 -0.0177727435464118 -0.364212801134964 -0.0379965354225083 0.017676993886061 0.999121507717174 14.7906885680688
0.999506802747973 0.00265134781029632 0.0312909190551068 0.133452125618732 -0.00207301203467026 0.999826701419478 -0.0185005337693495 -0.367665526538693 -0.03133454773295 0.0184265429051563 0.999339085913753 14.9040060736375
0.999703954686666 0.00274561467700882 0.0241757023452528 0.138534312316219 -0.00228076893407113 0.999812399783777 -0.0192344308903048 -0.369549804005026 -0.0242239773140218 0.0191735974363166 0.999522672121268 15.0405625594303
0.99986853880513 0.00256203105581153 0.0160106559691492 0.132899151335316 -0.00223719511682473 0.999791962094077 -0.0202738129143313 -0.368711049686896 -0.0160592672841152 0.0202353287333097 0.999666260011486 15.169132721144
0.999979378590553 0.00173004916660699 0.00618460374910301 0.120393042645302 -0.00159625873258856 0.999766008146042 -0.0215726890717551 -0.374783211914573 -0.00622047841495582 0.0215623719847588 0.999748153167927 15.3127542035508
0.99997694295014 0.000334372075411763 -0.00678245998207091 0.115334375162103 -0.000492015840931681 0.99972945590262 -0.0232545247438843 -0.37857169842481 0.00677284936385572 0.0232573256408995 0.999706569607066 15.4615081319983
0.999740712124384 -0.000473228114593914 -0.0227658642748678 0.0933903451614723 -9.45251044315951e-05 0.999689163434857 -0.0249312570064339 -0.39041011950145 0.0227705859835616 0.0249269445794663 0.999429911423456 15.6155144438232
0.999119629021309 -5.91967157348868e-05 -0.0419519177162432 0.0604062540427877 -0.00103055901158959 0.999662601795689 -0.025954200415293 -0.391757005840379 0.0419392996179625 0.0259745850173282 0.998782466846877 15.793514931439
0.997981293177365 0.000811176544847571 -0.063503389363459 0.0249228612914438 -0.00244851372664989 0.999666447634858 -0.0257098863014634 -0.398170683207065 0.0634613524010038 0.0258134744991227 0.997650400333563 15.9775374506042
0.996185771919923 0.00129526881101227 -0.0872480951254199 -0.0125689156186393 -0.00343835650758482 0.999695939251278 -0.0244173452494758 -0.401099935337222 0.0871899393785422 0.0246242019812332 0.995887324524192 16.1711025315503
0.993496216237644 0.00243052341241162 -0.113839188671684 -0.0566699464859599 -0.00506936354934447 0.999724984173208 -0.0228966716595133 -0.413542805791307 0.113752230196555 0.0233248488917014 0.993235310261113 16.4141045928075
0.989619014343394 0.00340198793749238 -0.143675443023788 -0.126561763363413 -0.00648388964239818 0.99975870923999 -0.0209876743326608 -0.417677612015619 0.14356937565203 0.0217013773033369 0.989402286533655 16.6279104671598
0.984255755415634 0.00389107201486979 -0.176707293255755 -0.203966043651202 -0.00711390688197655 0.999819651944545 -0.0176084046512703 -0.428359309887075 0.176606908868467 0.0185882528512878 0.984105927528059 16.9006775043328
0.976951846632403 0.00489415008379826 -0.21340369410227 -0.292011203377141 -0.00799802883516288 0.999874385952419 -0.0136837075029047 -0.432344153261797 0.213309917482263 0.0150751322127007 0.976868271310149 17.1663088818632
0.967461513376751 0.00612950193211484 -0.252943964823892 -0.390051569424136 -0.00847273982315783 0.999930683592021 -0.00817561563938216 -0.449845850882647 0.252876319204973 0.0100527218830541 0.967446386094902 17.4026051739481
0.955689012347473 0.0104372412878913 -0.294193092496424 -0.512764212541439 -0.0120649733505989 0.999920301462581 -0.00371848638975042 -0.441813906307121 0.294130834997557 0.00710314840614773 0.955738770368954 17.7013223695239
0.941710959807451 0.0144481377053781 -0.336112658933541 -0.669232497115123 -0.01500620211702 0.999886961402936 0.000937184307421405 -0.448041118145557 0.336088205798049 0.00416121776038743 0.941821321796337 17.978749850854
0.925211427652629 0.0170784638813712 -0.379067461294736 -0.817292965311577 -0.0158162053705844 0.999854151838046 0.00644381097627438 -0.447229454574476 0.379122225395267 3.35212642611178e-05 0.925346603758649 18.240101199879
0.906201328889757 0.0202886094341491 -0.422359472304892 -1.01027991836921 -0.015924416987656 0.999777149626315 0.0138587167040527 -0.456008548613775 0.422546523429127 -0.00583295913824983 0.90632246586171 18.5539269500162
0.884584617800756 0.0246298735794306 -0.465728916085046 -1.21638930091508 -0.0170788053033554 0.99964546107283 0.0204271037080636 -0.45605793459165 0.466066914036708 -0.0101154082444146 0.884691646934879 18.8494323752626
0.860056776570569 0.0294412563448047 -0.509348165305306 -1.43110889561086 -0.0193771886766172 0.999498295092623 0.0250535958682743 -0.448686812233445 0.509830232169526 -0.0116777794027601 0.860195770644211 19.0999170823023
0.832508355077467 0.033377885153537 -0.55300610802132 -1.68869685238264 -0.0210152849031342 0.999367647441498 0.0286821032646871 -0.453607637123203 0.553613761142776 -0.0122565096958052 0.832683362055125 19.4043107909614
0.80205677126994 0.0369642688983462 -0.596102825429347 -1.93523010964373 -0.0235546984528869 0.99926413872548 0.0302713930637161 -0.43857361623597 0.596783136357616 -0.0102383534826252 0.802337250959428 19.6523984221176
0.768797672059373 0.0400165374382706 -0.638238839438294 -2.24746701389028 -0.0244659169569449 0.999150078072954 0.0331743936533139 -0.439759741831345 0.639023910619583 -0.00988929816825469 0.769123295342297 19.9522719166399
0.732263287843042 0.0440094350222521 -0.679598151046867 -2.55868612589432 -0.0257737373701156 0.998985752246059 0.0369212848009267 -0.419718590129355 0.68053375503297 -0.00952031713741782 0.732654879068124 20.2087925377318
0.69378664886117 0.0452459947938784 -0.718757877046993 -2.87292781833822 -0.0237431058876237 0.998918987872355 0.039963991178034 -0.403796100460092 0.719789101601849 -0.0106609391322352 0.694110937525135 20.4501661547389
0.65341221619223 0.0457250431188746 -0.75562007395419 -3.25301302660639 -0.021646419117744 0.99889449525938 0.0417279268582563 -0.398392302593254 0.756692743635181 -0.0109090683509674 0.653679649337178 20.7256753741223
0.611463682809952 0.0449526204190467 -0.789994573729435 -3.64880763147234 -0.0168939325446093 0.998899059741375 0.0437637234587738 -0.38152174142387 0.791092130947887 -0.0134138124803857 0.611549924361922 20.990382628114
0.567076398886759 0.0451875557511622 -0.822424733717841 -4.02155117108322 -0.0121073566760834 0.998843399374464 0.0465325202453512 -0.38158921476673 0.823576207609195 -0.0164301044215041 0.566967619823879 21.2060530927488
0.520899035421912 0.0467254934982256 -0.85233850268181 -4.48225523835438 -0.0103803886095604 0.99877364465371 0.048409237521967 -0.354450925696736 0.853555178315284 -0.0163687202459748 0.52074525688543 21.4195028136014
0.471666730028274 0.0465677721511813 -0.880546386274631 -4.9249621064916 -0.00924521730273631 0.99881078870486 0.0478699730917079 -0.324782101219785 0.881728428565996 -0.0144378309884592 0.471536347798224 21.6215375661976
0.420171559920639 0.0459990750445925 -0.906278072850104 -5.43530297704304 -0.00482041920471779 0.998813446241619 0.0484609447455568 -0.311959680512069 0.907431883830708 -0.0159932705217872 0.419894738601794 21.799752836951
0.366850286310306 0.045357768557599 -0.929173579190413 -5.94058613519976 0.000603733889674326 0.998798846240878 0.0489949002783082 -0.297069581075068 0.930279798200217 -0.0185347667739895 0.366382258687831 21.9619780483723
0.312946854599274 0.0444834875094336 -0.948728351813847 -6.44112312819526 0.00295855442261505 0.998852087129291 0.0478095701004259 -0.292015730855373 0.949766030742387 -0.0177687190437909 0.312456012058327 22.0940377948897
0.259834564614805 0.0492472648037032 -0.964396550149776 -7.03051863599548 0.00350529805771757 0.998644026894942 0.0519405470955122 -0.232147909745629 0.965646784242024 -0.0168764467945267 0.259309609591759 22.2143254319793
0.208662686419647 0.0550313253936207 -0.97643813758044 -7.61497106047415 0.00659835815597238 0.998313648376706 0.0576742675240458 -0.201634018059524 0.97796541092504 -0.0184773561477592 0.207947691364937 22.2972212770394
0.160198466265634 0.0568398188638801 -0.985446947530743 -8.18391921894009 0.0119777855325949 0.998155250531306 0.0595199839593403 -0.198453513380449 0.98701214990489 -0.021338482333715 0.159222125070042 22.3701478387154
0.11576408909738 0.0579670129186252 -0.991583834624559 -8.84294369966166 0.0147572785897494 0.998085079533149 0.0600699320952892 -0.169277242884292 0.993167104974827 -0.0215870198637993 0.114686974715186 22.4139534314405
0.0751892887285419 0.0569006922644798 -0.995544515368509 -9.45126593309749 0.0150415280632557 0.998192317681346 0.0581880516555083 -0.147559451946197 0.997055827571364 -0.0193496289826131 0.0741974970212403 22.4428314987591
0.0393804634439388 0.0527515146717917 -0.997830875849596 -10.1231031212325 0.0119749312973396 0.998508877037416 0.0532599614898694 -0.115943110524667 0.999152530957794 -0.0140463581511405 0.038690046566595 22.4273410531411
0.0103762036426707 0.0523222118163376 -0.998576346880203 -10.7913412939484 0.00984192406753374 0.998576391801141 0.0524244815717171 -0.0694303349696897 0.999897730234755 -0.0103718796782798 0.00984648075835015 22.4196435157463
-0.0109081525760479 0.0562063189784269 -0.998359585477233 -11.5148982219259 0.00853127301973813 0.998387879526906 0.0561146985595751 -0.0361174357476713 0.999904110196593 -0.00790517050193208 -0.0113700787725958 22.3829995163252
-0.0240322779038656 0.0621434592729175 -0.997777851071243 -12.2481799784915 0.0095696310850991 0.998034681617172 0.0619289629350064 0.00728726170145946 0.999665379904519 -0.00806007189208247 -0.0245797368059136 22.3552804792722
-0.0317864611709735 0.0653421559170188 -0.997356517774032 -12.9957194700478 0.0103788623384271 0.99782853168359 0.0650422983506258 0.0330776291408199 0.999440793695548 -0.00828396150931666 -0.0323956151188087 22.3259231451928
-0.0361694766261112 0.0627277275156258 -0.997375055413618 -13.7592248161853 0.0106070530040603 0.997995972859432 0.0623821174931166 0.0664232410709522 0.9992893772012 -0.0083228815371452 -0.0367623483438749 22.2889641443593
-0.0356665734565337 0.0582314316681757 -0.997665773645535 -14.5358850512152 0.0172596825226729 0.998187944069969 0.0576448755101915 0.131509010851676 0.999214691093504 -0.0151633993300818 -0.0366069996540313 22.2584028593007
-0.0314714952265123 0.0568956006386646 -0.997883979035726 -15.350208355038 0.0292247420593368 0.998004043141907 0.0559807495838732 0.124888473752387 0.999077304035965 -0.0274011039991583 -0.0330714387327565 22.2562330275689
-0.025639993790449 0.056963520707323 -0.998046966844272 -16.1882284753342 0.0305683164644857 0.997952999238436 0.0561728523357834 0.174804332495591 0.999203767380284 -0.0290683439438345 -0.0273287876315462 22.2421952790124
-0.0205565156287641 0.0554580821377218 -0.99824938306558 -17.0325856801834 0.0282089873827009 0.998095029791644 0.0548686115740223 0.245138515193614 0.999390655697784 -0.0270316967803359 -0.0220817724181954 22.2133877601008
-0.0171571451483396 0.0500679779505416 -0.998598432781818 -17.8993760853825 0.0322528346315956 0.998253398517288 0.0494965353020901 0.242459276952209 0.999332470716621 -0.0313584108753646 -0.0187420126663616 22.1907697159048
-0.0154213899084407 0.039037847385945 -0.999118725279816 -18.7723756200057 0.0298612847840216 0.998809819009234 0.0385648690103905 0.261517171280644 0.999435082636356 -0.0292402449068521 -0.0165687559414673 22.1792781918398
-0.0145078937558287 0.0305399406038948 -0.999428253076068 -19.6765673505192 0.0226332198064345 0.999287380693385 0.0302070877137749 0.309783319933557 0.999638563871944 -0.022182038113407 -0.0151887723392034 22.1523097410641
-0.0157729788375835 0.0274383763215541 -0.999499048845684 -20.5930099134673 0.0166838668972001 0.999491457885788 0.0271748817605368 0.319582110677158 0.99973639611847 -0.0162468802598967 -0.0162227358320021 22.1198676069628
-0.0194043624060586 0.0329745540382161 -0.999267806699283 -21.5368051707476 0.00751877140456106 0.99943253771055 0.0328339860817505 0.347504123868724 0.999783445950262 -0.00687614364534325 -0.019641279296123 22.0857275406462
-0.0238412691135309 0.0413554467315655 -0.998860010668506 -22.5086751005115 0.0023010698099437 0.99914363417767 0.0413122664588525 0.395170413047446 0.999713108328978 -0.00131350975257394 -0.0239160140354518 22.0448908547165
-0.0284104229984448 0.0504775143245446 -0.998321024727349 -23.484611167497 0.0008925741682065 0.998725050170974 0.0504725417661839 0.408763509255868 0.999595943957559 0.00054287070313488 -0.0284192560598617 21.9966754152585
-0.0303977214834814 0.0602893056484432 -0.997717985280932 -24.5084834970181 -0.00040835610787409 0.998178429026158 0.0603295704622641 0.474531168317525 0.999537799072102 0.00224130571335527 -0.0303177303701551 21.9699665681376
-0.0312275840201352 0.0682432662558524 -0.997179870738975 -25.5288915202642 0.0016314548815733 0.997668583714013 0.0682256214705659 0.512368043234421 0.999510968599762 0.000503667358874306 -0.0312661153320463 21.923152396374
-0.0328095292888154 0.0701999102438025 -0.996993233372027 -26.560525086611 0.00325387740422017 0.997532497264002 0.0701308005378635 0.544851070821956 0.999456325743994 -0.000943135199934537 -0.0329569935872491 21.8965702117608
-0.0344459972449512 0.0666231296408893 -0.997183449456846 -27.5662444676952 0.00177619356788492 0.997778074075181 0.0666015017190434 0.614283797782597 0.999404982182003 0.000522964315797242 -0.0344877963650069 21.8517551198826
-0.0373746263044547 0.0618480317150319 -0.997385561496445 -28.6000250394091 -0.00116726610037783 0.998079514618203 0.0619348043457214 0.661693864735555 0.999300642849014 0.00347900452260196 -0.0372306557701908 21.7999519331323
-0.0418402832688063 0.0562638182150741 -0.997538858118242 -29.6148223122284 -0.00134669541722527 0.998409073854449 0.0563693858096257 0.688042201509655 0.999123404343747 0.00370189207869534 -0.0416979482420709 21.7471725892066
-0.0473757075893451 0.0519968051641883 -0.997522869203071 -30.6481579227652 -0.000579704312286642 0.998642606652819 0.0520827046203734 0.729732958895244 0.998876972541323 0.00304572329343861 -0.0472812573468665 21.6972177148545
-0.0543459049464297 0.0492938920357227 -0.997304685050423 -31.6812005639002 -0.00247027483695014 0.99877102012083 0.0495009808895356 0.769594642564443 0.998519113666726 0.00515379227043028 -0.0541573454616241 21.6267176935573
-0.0605279166239048 0.0521075384640756 -0.996805485410461 -32.7401731794667 -0.0014363589881995 0.998630899778452 0.0522901795802586 0.807071417506302 0.998165471343317 0.00459678614833878 -0.0603702027086193 21.5550674667133
-0.0672369637983307 0.0567436904060561 -0.996122153301634 -33.7998735225477 -0.00286251934375952 0.998366375895509 0.0570647479997433 0.841372800110363 0.99773292853458 0.00668827932799292 -0.0669646939621333 21.4777571457886
-0.073316096014189 0.0601049373490462 -0.995495929962301 -34.865753561847 -0.00528723733900359 0.998144831911905 0.060654263237442 0.899426183505126 0.997294738373044 0.00971035703890897 -0.0728622932635094 21.3809926306077
-0.0776084484503445 0.0617608676068901 -0.995069105118622 -35.9181463439757 -0.00847882627430781 0.998002415498159 0.0626042184269616 0.941350954228422 0.996947861341876 0.0132956343317947 -0.0769297593495188 21.2874055812654
-0.0809194194257287 0.0634659429483146 -0.99469800524857 -37.0030061264443 -0.0127958081000938 0.997822314030655 0.0647062355385778 0.989188379374112 0.996638507611897 0.017963955805713 -0.0799311043145396 21.1958320444698
-0.0821640091728745 0.0643747179547895 -0.994537566552858 -38.0741074799161 -0.0168495302060303 0.997679326359748 0.0659701075199686 1.05320575509003 0.996476376502964 0.0221778592880705 -0.0808886495679257 21.0803403670232
-0.0841392126406798 0.064374073010119 -0.994372451157158 -39.146213558098 -0.0177936062836112 0.997654855574951 0.0660921835253419 1.09220183060428 0.996295127194563 0.0232544161786854 -0.082796447125213 20.9850398908466
-0.0856017008055915 0.0637619973878883 -0.994287059409051 -40.2233284359245 -0.0182648315663717 0.99768196642811 0.0655521913591831 1.13719134879565 0.99616200727946 0.023771864740609 -0.084238671046688 20.8840850514568
-0.0863683925607893 0.0630834457309653 -0.994264039197423 -41.2998275306833 -0.0194495219077981 0.997696307116216 0.0649907290636427 1.18684620933566 0.996073399335623 0.0249511050130867 -0.0849424834496994 20.7831571027386
-0.0877108156362856 0.0622765654641197 -0.994197385942254 -42.3843819654293 -0.0212794918931772 0.997698987207021 0.0643732409534595 1.24079927947812 0.99591866939283 0.0268022446835552 -0.0861837782574952 20.6778115606575
-0.0884481951198445 0.0602650494729634 -0.994256023663957 -43.4710286551733 -0.0254211609754604 0.997706372182597 0.0627356316689386 1.28545897447422 0.995756336336707 0.0308239958192036 -0.0867133203552723 20.5689012769226
-0.0884359058535832 0.0552771148835467 -0.994546897399015 -44.5557620777859 -0.0314237662445781 0.997807189515736 0.0582525490061602 1.32927537517983 0.995586077378979 0.0364040261627771 -0.0865049675352667 20.4577564946977
-0.0881708551380163 0.0541343424667872 -0.994633285824439 -45.6682210232816 -0.0334246808352689 0.997799068108498 0.0572696288871653 1.37699457534138 0.995544419408442 0.0382948122792349 -0.0861673739718625 20.3453502558493
-0.0859597414644439 0.0580746252040762 -0.994604575072311 -46.7711528274844 -0.0337112606142969 0.997558483382849 0.0611606338971733 1.42848921717679 0.9957281123656 0.0387867263160372 -0.0837921005019202 20.239754064854
-0.0847069451078248 0.0618077820650964 -0.994487069562342 -47.8891530867637 -0.0335569147016887 0.997331110798015 0.0648428015287792 1.48576901490907 0.995840683506254 0.0388645533949717 -0.0824067931860344 20.1476067362557
-0.0826513655605738 0.0616092782981539 -0.994672332277596 -48.9889663285475 -0.0315295889001664 0.997425965271447 0.0643997579662229 1.52345206455591 0.996079633761658 0.036684337664761 -0.0804961028580818 20.0448857677526
-0.0805702527866018 0.060694273216601 -0.994899311269543 -50.0979766709497 -0.0311844015254382 0.997502231137473 0.0633784819734859 1.57140359448116 0.996260993649457 0.0361317599138462 -0.0784762923316644 19.9504714893056
-0.0765296588168509 0.0612129805348167 -0.995186506306944 -51.2157214347099 -0.0350113261970655 0.997333154252847 0.0640373833474565 1.62790420479445 0.996452416505324 0.0397435584983351 -0.0741824183927051 19.8533578846344
-0.0708416748607642 0.0619044395147911 -0.995564813295087 -52.3393825189486 -0.0407122111681583 0.997061294409898 0.0648944608688424 1.68466347578183 0.996656396640648 0.0451288772075927 -0.068113225421066 19.7613579079285
-0.0652067960160915 0.0621365285845354 -0.995935301899064 -53.4568337283075 -0.0439570771569531 0.996911712132453 0.0650754452997407 1.73448978415804 0.996903129256365 0.048021766196227 -0.0622740784778177 19.6717664673094
-0.059046781073901 0.0610148329596981 -0.996388813568133 -54.5828005876468 -0.0457635430130692 0.996915482601848 0.063759067430561 1.78742090754091 0.9972056837863 0.0493630500235147 -0.0560723953177873 19.5930904380347
-0.0537960609798586 0.0604835085833061 -0.996718480320549 -55.7220916054033 -0.0451319642245676 0.996996553741307 0.0629362982164539 1.8325972050345 0.997531498063236 0.0483695877324913 -0.0509047478562181 19.5361220009908
-0.0481195338163975 0.0604363075681333 -0.997011516078336 -56.8505842031747 -0.0433047174922479 0.997103035002653 0.062531904108336 1.88195148808897 0.997902406003818 0.0461843081146349 -0.0453629559857301 19.4704371849705
-0.0425359923226986 0.0610253144293934 -0.997229462238214 -57.9956356420178 -0.0427380523442453 0.997108062114544 0.0628408414011092 1.93168336724872 0.998180418681384 0.0452926425037499 -0.0398048777925977 19.4219227728751
-0.037241396480032 0.0626296479996819 -0.997341769695651 -59.1374938793075 -0.0403149261921268 0.997127439396043 0.0641215746033558 1.97946593627007 0.998492756665936 0.0425957368163328 -0.034609508675121 19.3714458073112
-0.0321418384240883 0.0633754208659235 -0.997472033819889 -60.2814095944203 -0.0424248397514665 0.997001710887055 0.0647126066570282 2.04237171422925 0.998582512962641 0.04439757333855 -0.0293567758254528 19.327613225499
-0.0260468996935534 0.0635455728455698 -0.997638972368302 -61.4316991268551 -0.0416359146193237 0.997042618459295 0.0645946405644138 2.09154298243827 0.998793276724551 0.0432201011979589 -0.023324091027773 19.292123901923
-0.0215992959402322 0.0593856977990471 -0.998001407469852 -62.5755979337688 -0.0417487796409618 0.997309984528832 0.0602481050124437 2.13785491574372 0.998894644000746 0.0429666574918306 -0.0190619130887495 19.259913740638
-0.0168182956480372 0.0540604659367938 -0.998396019099732 -63.7277815489043 -0.0414213742204844 0.997642357980989 0.0547174133143903 2.17553897198216 0.999000207552121 0.0422751887615891 -0.0145393853374276 19.2407900997619
-0.0137128298922817 0.0529534722766662 -0.998502823266008 -64.8800176063342 -0.04210565595967 0.997680377638298 0.0534881090683637 2.22172160943446 0.999019054889621 0.042776089692112 -0.0114513806198701 19.2252196019044
-0.0101210678430034 0.0553501512959291 -0.99841570737706 -66.0431047697062 -0.0410237347972474 0.997603240968191 0.0557209726498671 2.2702464651188 0.99910690977943 0.0415226969413101 -0.00782614015448739 19.2010868811311
-0.00755686720229632 0.0554418030026444 -0.998433322880353 -67.2213799136001 -0.0406569423339825 0.997619186961508 0.0557043162269458 2.31088792072146 0.999144587533825 0.0410141961529948 -0.00528478152676041 19.1882727480597
-0.00679606672858527 0.0548248685358479 -0.998472857551495 -68.3734510523156 -0.0426771334769827 0.997570258800502 0.0550657882435908 2.35943483347574 0.999065801514199 0.0429861901862351 -0.00443978581289787 19.1719748950451
-0.00566741031954045 0.0558211693917195 -0.998424697965756 -69.5442189991476 -0.0438528969637562 0.997466327151151 0.056016512096692 2.40290229280038 0.999021923627383 0.0441012839646832 -0.00320513096615909 19.1559731125224
-0.00503337721894954 0.0557595690535096 -0.998431537749454 -70.722430335206 -0.0442478074821667 0.997453851846376 0.0559280338457207 2.44061764190524 0.999007906198341 0.0444599133579212 -0.00255332281806874 19.1403725639669
-0.00394928698254345 0.0538215858026254 -0.998542758240237 -71.9026714852945 -0.0450609226720981 0.997526664451543 0.0539450364363427 2.48392574651397 0.998976434346811 0.0452083024440177 -0.00151426875471668 19.1301668591452
-0.00257915844365925 0.0524435143290061 -0.998620561447913 -73.0741875898588 -0.0437404782398116 0.997662204494197 0.0525061547547717 2.52454039858225 0.999039598066601 0.0438155626302208 -0.000279224501313766 19.1229674156526
-0.00248647638947569 0.0523709182997309 -0.998624606321919 -74.2494082837254 -0.0401157984810907 0.997818606550694 0.0524285335810243 2.56391480228858 0.999191943596119 0.0401909857763526 -0.000380151201386165 19.117940325786
-0.00250562368007133 0.05264738911626 -0.998610021113956 -75.4288128166891 -0.0377267587867595 0.997897254370524 0.0527044722126566 2.60211271313398 0.999284951113255 0.0378063769622287 -0.000514139640887141 19.1155768020218
-0.00192135797975431 0.0554312117352628 -0.998460659790397 -76.6165776203751 -0.0371376930657241 0.99776976348713 0.0554643202842315 2.64017219746563 0.999308310851696 0.0371870923358659 0.000141514430651787 19.1048839362542
-0.00222995626164307 0.0591752237667255 -0.99824512029222 -77.7884325766345 -0.0390978216993209 0.997479166949287 0.0592171583286894 2.69355324966063 0.999232899595204 0.0391612613984141 8.92874336517772e-05 19.0940711519232
-0.0013189292413691 0.0595127883732093 -0.998226671876534 -78.9797238078435 -0.0412188918003394 0.997375949930247 0.0595165309766117 2.73996378072876 0.999149269821286 0.0412242952733417 0.00113758287969053 19.0718588419396
-0.00123345117609992 0.0574791197374417 -0.998345946750126 -80.150612096234 -0.0426417416824475 0.997435612668823 0.0574793914917066 2.78002912257104 0.999089665878135 0.0426421079940743 0.00122072164644815 19.0652794545017
-0.00100567474973846 0.0550966584131241 -0.998480519013769 -81.3290224928116 -0.0428593751333989 0.997561158768303 0.05508909583589 2.82091004638415 0.999080608650509 0.04284965284047 0.0013581862828317 19.0582217084173
-0.000601320597778616 0.0544214103107627 -0.998517875910755 -82.5142975175907 -0.0407436507171863 0.997687586076971 0.0544006940593912 2.85955584372027 0.999169451764702 0.0407159758288459 0.00161739683758229 19.0512020270625
-0.00100969107733903 0.0556999065571904 -0.998447044631536 -83.6843853186282 -0.0389239576537899 0.997688715825943 0.0556969643171496 2.90147733150836 0.99924166548663 0.0389197472126954 0.00116070340982085 19.0495129276944
-0.000904301977860476 0.058433907302519 -0.998290869794617 -84.8529483676828 -0.0387265162798355 0.997540359886651 0.058425057415786 2.94073063649741 0.999249437915659 0.0387131615160901 0.00136086394200425 19.041441699608
-5.63545862622797e-05 0.0608608940381891 -0.998146256017139 -86.0388864198496 -0.0385214425941691 0.997405275155847 0.0608178884190576 2.98743795617692 0.999257772191252 0.0384534610686883 0.00228824107430469 19.0405264257702
-0.000158163974188031 0.0611839332826671 -0.99812649563681 -87.1910813537314 -0.039927399854353 0.997330199107473 0.0611414482092123 3.03714434242394 0.999202570915942 0.0398622660709515 0.00228517366097053 19.0323093301274
0.000551027646909966 0.0590727185600662 -0.998253530066614 -88.3742698791583 -0.0393905771972105 0.997480208948993 0.0590052131861591 3.07694822138347 0.999223738107038 0.0392892692346994 0.0028765476530658 19.0216294945983
0.000450653566821401 0.0576616150839569 -0.998336083219109 -89.5306864441452 -0.0382048387037143 0.997608320566785 0.0576023353306182 3.11788932708821 0.999269827029209 0.03811531033361 0.00265252845163237 19.0097887133247
0.00062400575174922 0.0584526749556094 -0.998289985629103 -90.688399209359 -0.0364653744288106 0.997627564035501 0.0583910947350696 3.16135009119422 0.999334722245049 0.0363665817355316 0.00275402401668357 19.0071236132801
0.00109628215122131 0.0612356658876405 -0.998122733629859 -91.8587936870776 -0.0342034488351574 0.997541617773696 0.0611624467890108 3.210535121289 0.999414289598275 0.0340721885521765 0.00318805803574044 19.0101386823255
0.00104961074489812 0.0639663295685832 -0.997951505334206 -93.0176083468079 -0.0322839831953913 0.997434025891102 0.0638992051883958 3.25712089976721 0.999478185227834 0.0321507803356687 0.00311200537976529 19.0101153754259
0.00169689816544464 0.0656958056900591 -0.997838254253338 -94.1711988487614 -0.0330355246373996 0.997298729327218 0.0656041050106424 3.3042178420079 0.999452737576194 0.0328527867470878 0.0038626097916434 19.006975661979
0.00211729062532073 0.0672061355825073 -0.997736865320949 -95.3427164280209 -0.0354663141007629 0.997116440374496 0.0670890818166402 3.36182793111172 0.999368629507908 0.0352440019713916 0.00449473920562576 18.9987553396836
0.00197139915035492 0.0664986987144405 -0.997784564249556 -96.4872731790946 -0.0376305752821754 0.997084720475958 0.0663777070808637 3.41637648157287 0.99928977448452 0.0374163502050438 0.00446803625891863 18.9936343242716
0.00265807944260473 0.0632556871231874 -0.997993813938869 -97.6595502856363 -0.0401658072741885 0.997198731794544 0.0630983140295106 3.45980418019016 0.999189492808891 0.0399175068601161 0.0051913491871609 18.9891702135263
0.00255076917676428 0.0612008996816443 -0.998122208677256 -98.8004699982173 -0.0419138309063173 0.997254869835668 0.0610406042548929 3.50721023999357 0.999117973192037 0.0416794249864741 0.00510893114392582 18.9748638608542
0.00277181634245697 0.0599798339617361 -0.998195740600052 -99.9535687150819 -0.0421496108208192 0.99731948620026 0.0598101392148848 3.55010310957769 0.999107465361868 0.0419077792679712 0.0052925131090852 18.9721805223482
0.00327141765359991 0.0598983675442867 -0.998199120111847 -101.111249153858 -0.0402898823829307 0.997401838879198 0.0597184827165198 3.59376076768512 0.999182677594095 0.0400219610454462 0.00567621616673128 18.9655029339294
0.00253518170158169 0.0623987523842166 -0.998048079280068 -102.265639282881 -0.0403858292306432 0.997243419563797 0.0622458587703459 3.64765825058572 0.999180943398689 0.0401491947316225 0.00504821862729505 18.9700015723408
0.00324484856184042 0.0643075957515624 -0.997924848917224 -103.436151531198 -0.0381404900715764 0.997211946589027 0.0641376379142837 3.69094187256477 0.999267118429757 0.0378532258701608 0.00568852496802891 18.9702489423059
0.00247229018365823 0.0635461594170012 -0.997975838086572 -104.581808794321 -0.0423847283903424 0.997088721284737 0.0633846723273374 3.744493872686 0.999098304763112 0.0421422295342344 0.00515847936500759 18.9566061941774
0.00223833190151127 0.0641569250719958 -0.997937312077069 -105.741257983346 -0.0464851952590391 0.996867688206762 0.0639838950911452 3.8083783057848 0.998916471228715 0.0462460936146177 0.00521366793729024 18.9454835431748
0.00212704181379712 0.0636031514709868 -0.997973003049722 -106.920873423944 -0.0494199184292665 0.996762504335129 0.0634206718192561 3.86806906660815 0.998775824374803 0.0491848459845088 0.0052634180826864 18.9482120902856
0.00177611968111857 0.0602294750990051 -0.998182977077939 -108.100835308331 -0.0500596695729043 0.996938407630668 0.0600653050694061 3.91235057083804 0.998744649488111 0.0498620268353333 0.0047857495486615 18.9303044210193
0.00110534996559956 0.0556607562313981 -0.998449126604457 -109.277865557337 -0.051581060639456 0.997123783193835 0.055529768345666 3.963103464312 0.99866819934589 0.0514396851172657 0.00397321158186153 18.92110112613
0.000646447672808645 0.0547501089206894 -0.998499878657268 -110.469587855739 -0.047803038240087 0.99736027473264 0.0546566731538781 4.01172892598055 0.998856572106538 0.0476959952030118 0.00326196277893735 18.9146927273425
5.62641608772086e-05 0.0542239021965111 -0.998528800418359 -111.657393251987 -0.0428930078569347 0.997609958278315 0.0541715886874681 4.04852036504944 0.999079669851874 0.0428268557627393 0.00238195595013389 18.9201754553056
-0.000180853315886749 0.0557233181254375 -0.998446232457797 -112.868885375811 -0.0421863100193886 0.997556968184718 0.0556813296631934 4.09851908180651 0.999109744992524 0.0421308324532578 0.00217034968826659 18.9122235857747
-0.00117058516097775 0.0598938937513765 -0.998204062915835 -114.082123263323 -0.0410438207483171 0.997360728176811 0.0598914240021241 4.15211992494691 0.99915666164459 0.041040216640766 0.00129077857050451 18.9113337641589
-0.00187713271517383 0.0603347946758092 -0.998176431761539 -115.300754797134 -0.0396619794161142 0.997388283223479 0.0603617418346849 4.19891296683369 0.999211390928649 0.0397029600905192 0.000520767208337561 18.9130170108516
