1 -1.73472347597681e-18 -2.50721752387273e-19 8.67361737988404e-19 1.73472347597681e-18 1 -8.67361737988403e-19 1.38777878078145e-17 2.50721752387273e-19 8.67361737988403e-19 1 5.55111512312578e-17
0.999942722623521 -0.000976064872346624 0.0106582723565235 0.0692247508537512 0.000970224948840574 0.999999376382345 0.000553080889401323 -0.0172157812249707 -0.0106588055526644 -0.00054270828862716 0.999943046044075 0.25841836284367
0.999844355116066 -0.00311243018020769 0.0173660105064798 0.0775772943241711 0.00309516240479788 0.999994688615385 0.00102113207190964 -0.0229688440241055 -0.0173690964711973 -0.000967222515085845 0.999848678035022 0.560975766987998
0.999779195092664 -0.00668372383514111 0.0199220705640753 0.0620551931576279 0.0066950067303196 0.999977463334055 -0.000499708785646268 -0.029814035178347 -0.0199182816715048 0.000632976844002545 0.999801410978985 0.910193035426035
0.999813204648489 -0.00757324738549386 0.0177820621570146 0.0633223223753742 0.00760479741666728 0.999969625610168 -0.00170731172049152 -0.0317565070016055 -0.0177685921437033 0.00184222178295324 0.999840428944606 1.19318932294533
0.999880970492015 -0.010896941265682 0.0109225234721368 0.0701844747713628 0.0109352504922424 0.999934243637911 -0.00345379457287182 -0.0290982209048171 -0.0108841694501241 0.00357282399957835 0.999934382739212 1.52239649285945
0.999932333233622 -0.0115837743271546 -0.00107010574332335 0.0451326590020989 0.0115786215819958 0.999921910216087 -0.00470201999915577 -0.040831156504412 0.00112448931754908 0.00468931147921232 0.999988372873218 1.85160902560348
0.999793103491605 -0.011355132248491 -0.0168763497902732 0.0127832387812122 0.0112735107200803 0.99992432951552 -0.00492373831368161 -0.0485364836812136 0.0169309824484171 0.00473246389913979 0.999845460868216 2.15428719724164
0.999338991267617 -0.0069384628762347 -0.0356852667796889 -0.00772690529978084 0.00675336556612683 0.999963124556171 -0.00530486393700569 -0.0523036045355313 0.0357207584711287 0.00506036172373123 0.999348998175048 2.5066928565594
0.998453873806075 -0.00395607112711082 -0.0554455713549787 -0.0674257678478345 0.00362526018809538 0.999975031957146 -0.00606571932040178 -0.0588644511898946 0.0554681834046456 0.0058553363304361 0.998443286154124 2.85198119240829
0.99718366968024 -0.00328632484502991 -0.0749261569284322 -0.118720447322489 0.00281439960786874 0.999975538454741 -0.00640325284510538 -0.0661522862533235 0.0749453672877673 0.00617434702329412 0.997168526058127 3.2160105445062
0.995358292561304 -0.00412413801112665 -0.0961501997663598 -0.164061362286081 0.00356394477116791 0.999975665418564 -0.00599723839516797 -0.0711195238459573 0.0961725934303208 0.00562672696739341 0.995348769133976 3.58805857704014
0.993295333782411 -0.00502843039879639 -0.115494998912568 -0.217551828060996 0.00445798313686999 0.999976558911276 -0.00519692354327843 -0.0804978852424588 0.115518423952377 0.00464720514801737 0.993294466516285 3.97888226761621
0.99112606693483 -0.00439608421074481 -0.132852526832981 -0.296453485448861 0.00382926713945698 0.999982445273189 -0.00452170970199068 -0.0876321848846872 0.132870072459792 0.00397285653735972 0.991125501768299 4.36344658264228
0.98881975691581 -0.0034647425505447 -0.149075430209061 -0.384185691258791 0.00289726075617693 0.999987707878769 -0.00402367636319045 -0.0969882071353516 0.149087538758505 0.00354678028970296 0.988817640486105 4.78346695049544
0.986758989275405 -0.00276357555025875 -0.1621698484132 -0.45806227783759 0.00211540015997016 0.999989070423756 -0.00416942624291711 -0.101378263776606 0.1621795984899 0.00377116470204362 0.986754050485958 5.20233905621395
0.984607536238712 -0.00417876290714573 -0.174729898765208 -0.551574426489923 0.00332388268687727 0.999981033930534 -0.00518493810027781 -0.107913785322979 0.17474825145282 0.00452434744307926 0.984602751821462 5.63818995002475
0.982783973316897 -0.0068107923392087 -0.184632811003801 -0.640054508980388 0.00564975423756456 0.99996082593173 -0.00681372724635089 -0.120301946615947 0.184671985066789 0.00565329192990415 0.982783952973311 6.08597831213531
0.981273817127959 -0.00623415121008838 -0.192517093209448 -0.741891312256976 0.00466145124484041 0.999951973377826 -0.00862100980652951 -0.130059753229501 0.192561591942468 0.00756216215655654 0.981255750053013 6.54120241989891
0.979714513935923 -0.00644243482928321 -0.20029469842402 -0.843870165915262 0.00438352977019747 0.999932918264864 -0.0107211770373358 -0.130986590995924 0.200350332792467 0.00962569497660005 0.979677033591257 7.02118871783504
0.97813869493538 -0.0067429611575108 -0.207844234812851 -0.952358833593481 0.00413626565306157 0.999907283799418 -0.0129736313850991 -0.142345181474006 0.207912444977588 0.0118303119019503 0.97807589631058 7.50357734617922
0.976325861348338 -0.0106025614197912 -0.216044898467345 -1.07590463987859 0.0075475799875738 0.999859596419968 -0.0149606645316618 -0.15232377519782 0.21617318635473 0.0129758675331287 0.976268805382516 8.00363441253544
0.974504610122849 -0.0158051641462474 -0.223810101728283 -1.18255147991426 0.0125235094460988 0.99979236242441 -0.0160746306013915 -0.166559277981201 0.224017692516612 0.0128619137039513 0.974500202470684 8.51291192525478
0.97252707209426 -0.0170389523065692 -0.232165389642946 -1.30927623010729 0.0130657503455765 0.999740870400854 -0.0186407676357179 -0.190698048790286 0.232422847869295 0.0150952361503959 0.972497688240898 9.03996823985641
0.970417084727929 -0.0131793496253263 -0.24107464904382 -1.47788925651174 0.00804448702619223 0.999719589111457 -0.0222717169366175 -0.195130436552471 0.24130057583154 0.0196735327349412 0.970250990318018 9.55971917368634
0.968323762317708 -0.0102968935426101 -0.249485601416698 -1.61864241420491 0.00411918813382833 0.999672144676237 -0.0252712375543884 -0.210927951435033 0.249664021476859 0.0234430616981732 0.968048707058802 10.0975100797142
0.965964512956608 -0.0130757285184825 -0.258343927802094 -1.78943691850809 0.00618089259546763 0.999603167159489 -0.027482808652711 -0.235234882303657 0.258600766192264 0.0249506218044596 0.965662006188679 10.6591149185904
0.963666949842038 -0.0147613923167416 -0.266698539701692 -1.94461701733164 0.00724944274982138 0.999549368633935 -0.0291291133287475 -0.265679742213364 0.267008343244103 0.0261373479980888 0.963339703156507 11.2229028059354
0.961509749992889 -0.0148798229428337 -0.274367621154179 -2.11134025858898 0.00634215608799721 0.999468434613225 -0.0319785125974449 -0.287068769711913 0.274697611428947 0.0290075693738614 0.961093014850411 11.7943754982012
0.959126014887714 -0.0142810693297845 -0.28261871598394 -2.30213869438957 0.00447654934278313 0.999366483945931 -0.0353070994493869 -0.309024373542675 0.282943895625254 0.0325988009648385 0.95858232307093 12.392569136525
0.957002136983878 -0.0155484287141117 -0.289663867565172 -2.50565123564003 0.00397813673740035 0.999172027234706 -0.0404899298565373 -0.338341904440307 0.290053588559752 0.037596626925975 0.956271619053603 12.9723591015659
0.955090357618831 -0.0165904558753142 -0.295849903764362 -2.68900871969323 0.00259068974030955 0.998860739702552 -0.0476498794074152 -0.376467111640188 0.296303386936772 0.0447434850533685 0.954045241817744 13.5881157699816
0.953776287527403 -0.0167475460037297 -0.300050517502132 -2.89797037775115 7.16275711150805e-05 0.99845857151588 -0.0555020345209015 -0.408938593873973 0.300517533964219 0.0529150325457827 0.952307309176373 14.1994902170627
0.9524972023265 -0.0173896702967453 -0.304050454574831 -3.1069502685471 -0.00226445589755093 0.99793646400711 -0.0641691985650054 -0.454528722390957 0.304538916724413 0.0618094909537163 0.950492311924912 14.8200079483507
0.951212645944465 -0.0162020182361694 -0.308110364642939 -3.33324073631908 -0.00662971446544173 0.997316374968474 -0.0729115567372507 -0.500030453767858 0.308464826327795 0.0713970785453961 0.948552533122834 15.4822038275257
0.949793356836437 -0.0162157145454942 -0.312457404954902 -3.5513700212963 -0.00925638666856005 0.996762592152528 -0.079866477268099 -0.559262171034832 0.312740944897234 0.0787488761008862 0.946568389445598 16.1159444301109
0.948284255247287 -0.0141225854968589 -0.317108063330124 -3.79065325243211 -0.0140411091009732 0.996165607365598 -0.0863535173408878 -0.618463764658315 0.317111681439383 0.086340229793604 0.944449864319899 16.7746186213608
0.946654000050995 -0.0131071029812324 -0.32198510530596 -4.03551556468092 -0.0176303075367484 0.99556950382779 -0.0923608970519882 -0.688903811161518 0.321769135318493 0.0931105090713592 0.942228770870887 17.4508160886377
0.945025013503921 -0.0115115990554609 -0.326795359421 -4.283739168945 -0.0216861820625674 0.994973651669565 -0.0977606362033338 -0.764220431227042 0.32627815335916 0.0994731902098134 0.940025345972128 18.1298496316262
0.943244735234687 -0.00828367006285104 -0.331995105780696 -4.55145429528788 -0.0267324524290367 0.994550961288525 -0.100765874120158 -0.838848522753871 0.331020762852083 0.103921923627115 0.937883515342105 18.8358280839052
0.941524794458706 -0.00767707586494473 -0.336856236287315 -4.81537795178358 -0.0284874730495709 0.994347143772049 -0.102285001596605 -0.919103497910522 0.335737286131197 0.105900048057266 0.935983789668778 19.5251729145262
0.939372485913748 -0.00687888904770156 -0.342829423465509 -5.09244209707224 -0.0297588167033823 0.99439102235994 -0.101493386377476 -1.00476717823614 0.341604662638903 0.105542292638651 0.933898859046277 20.2368265773961
0.937206593454246 -0.00698434457863013 -0.348704775012753 -5.3714471039943 -0.0298411243235917 0.994527456578094 -0.100123151225936 -1.08950126059178 0.34749576757853 0.10424182002975 0.931869268981381 20.9611311040279
0.934544747029515 -0.00689113274656436 -0.355778903378219 -5.64839412283022 -0.0300616423221515 0.994709459589977 -0.0982313018498224 -1.17693304099741 0.354573565653778 0.102496845276746 0.929393341512559 21.6801454138359
0.931543735262919 -0.00649009598513193 -0.363571379438086 -5.93685966657429 -0.0301427238056775 0.995021397832345 -0.0949938632614859 -1.26122694209698 0.362377821470884 0.0994499698837109 0.926710320432521 22.3827945028113
0.927845165533472 -0.00381780352148708 -0.372946072740331 -6.25258692143233 -0.0319080980587325 0.995468918691113 -0.089574020777348 -1.34084201087801 0.371598199772872 0.0950108219952747 0.923519204797249 23.1834563676819
0.924568368737442 -0.00128061553698131 -0.381014030652456 -6.57485150424693 -0.0333857868156951 0.995875789427934 -0.0843611360164512 -1.42874850637937 0.379550682740634 0.0907180911127194 0.920712499739187 23.9174835587312
0.920942302410444 0.00194094436183503 -0.389694121543981 -6.89933522521087 -0.0360916416153528 0.99611453141132 -0.0803320217392547 -1.49632747070564 0.388024057290859 0.0880458576322101 0.917434061890744 24.6571053154768
0.917225393841552 0.00266991647557027 -0.398359697306622 -7.24358872799425 -0.0369405814827731 0.996239004175906 -0.0783788236599267 -1.5731545082454 0.396652203235939 0.0866066862581219 0.913874341232679 25.4032326424587
0.913247628517735 0.00344308157846974 -0.407390370769827 -7.61072176137824 -0.0383822877908555 0.996243771381603 -0.0776218266166168 -1.65244784858244 0.405592861118971 0.086524523532951 0.909949414987846 26.178284113892
0.909395777784311 0.00342161253674552 -0.415917794661056 -7.96398587500853 -0.038781581074138 0.996307484661151 -0.0765988575473521 -1.72016868987987 0.414119920213285 0.0857886273104884 0.906170515469757 26.9280337661545
0.905586451323247 0.00419406165219851 -0.424141001350524 -8.34230512331478 -0.0396836588194085 0.996402921694615 -0.0748760633389621 -1.7909027045642 0.422301298130224 0.0846382152771018 0.902495421657215 27.7100188671085
0.901634137988712 0.00418250957821619 -0.432479349596001 -8.73289981157934 -0.039421996683411 0.996585437131184 -0.0725491052704342 -1.86402584439493 0.430699184339656 0.0824619494777776 0.898720334418599 28.4904568068956
0.897914716132321 0.00478904984191298 -0.440143417029751 -9.11752870587665 -0.0388418821068276 0.996902092424294 -0.0683924434017724 -1.93545712128646 0.438452358583475 0.0785065801170641 0.89531907504024 29.2624032953853
0.894051211846466 0.00622519219336386 -0.44792150827798 -9.53604891189687 -0.0384952320770883 0.997272323146165 -0.0629764288760571 -1.99213680246461 0.446307682774111 0.0735469949678819 0.891852169267978 30.0827856335862
0.890406279386683 0.00625675315018741 -0.455123621303907 -9.94926245067758 -0.0370529761859813 0.997583280146589 -0.058776492985999 -2.06725011752382 0.453655965004898 0.0691986431369121 0.888486248179163 30.8748363169245
0.88658750545517 0.00556843539588938 -0.462527391294851 -10.3883590114739 -0.0357645760156266 0.997759408757329 -0.0565425268151926 -2.13144866104094 0.46117620306473 0.0666719938464879 0.884800177985591 31.6970424557347
0.883328311877597 0.00546551915474562 -0.468722968858839 -10.8280480545276 -0.0355673246029409 0.997830939341384 -0.0553929771151656 -2.19359204402781 0.467403528929836 0.06560140694727 0.881606713081562 32.5146274805335
0.880259537772838 0.00516148739403428 -0.474464440403948 -11.2853143882051 -0.0348016279921489 0.997949931540369 -0.0537101557218749 -2.24566692106742 0.473214531527769 0.0637910117998861 0.878634573622334 33.3289612322732
0.877161363191504 0.00400144641888227 -0.480179061757778 -11.7479102210971 -0.033248843439158 0.998071481983539 -0.0524197602163635 -2.31330110670818 0.479043272924254 0.0619459867767033 0.875602785164757 34.1715634258115
0.874548416798714 0.00310873097167004 -0.484928244657504 -12.2225810297189 -0.0324617580801042 0.998111790965179 -0.0521448655059367 -2.37190384414743 0.48385049440629 0.0613448329366804 0.872998001449465 35.0113322748199
0.87258114361995 0.00244648677940824 -0.488463061552599 -12.700864851278 -0.0322130353826605 0.99809882569406 -0.0525457372160055 -2.4340878655291 0.487405855679161 0.0615852973572119 0.871001023535041 35.8577308285617
0.871065665693389 0.00214513357328849 -0.491161892304447 -13.2082284343267 -0.0322842659631899 0.998078000500754 -0.0528964184764348 -2.49045071707499 0.490104409510209 0.0619330551351122 0.869460731982923 36.7227691487452
0.870678500291253 0.00266184395988475 -0.491845365656023 -13.7017033999301 -0.0324223528262808 0.998120984935488 -0.0519931771352701 -2.55305466746945 0.490782783080032 0.0612161254747852 0.869128785516895 37.5863044607603
0.870324456687105 0.00263625304548093 -0.492471715189995 -14.2200542434945 -0.0316200596964113 0.998221499550567 -0.0505372106453594 -2.61396485155935 0.491462625147723 0.0595557554305059 0.868859942728407 38.4866560217301
0.869987126471287 0.00106974412676652 -0.493073275915188 -14.7293642140767 -0.0296000802535952 0.99830743195076 -0.0500610283639746 -2.67344875880494 0.492185163351368 0.0581474587525645 0.868546278569775 39.36973924383
0.86938004726259 -0.000631595563214585 -0.494143637527329 -15.2541317656381 -0.0280055801076381 0.998328891142589 -0.050548121556028 -2.73804130021656 0.493349795687128 0.057784307532866 0.867909530365013 40.2809346127234
0.868255804451817 -0.00245644103936431 -0.496110697257325 -15.7770934884309 -0.0263074527916691 0.998352888976745 -0.0509845760931852 -2.8002804109761 0.495418788464207 0.0573190628779625 0.86676106803862 41.1930750038964
0.866777404135199 -0.00387985220003298 -0.498680136387596 -16.3281310896755 -0.0239144238274594 0.998495936639447 -0.0493352292739541 -2.86191873919013 0.498121503263658 0.054688310098401 0.865380931569985 42.1053296286981
0.864881614634724 -0.00292931984926379 -0.501967341320184 -16.8652956037081 -0.0231264048512757 0.998688647311147 -0.045674447237886 -2.92754214701762 0.501442880162325 0.0511116896321404 0.86367970516706 43.0298065907973
0.861860791865381 -0.00243006934322451 -0.507139103410658 -17.3995082715303 -0.021493598054341 0.99891500256735 -0.041313955130789 -2.98964848968856 0.506689254561272 0.0465071221304602 0.860873444185198 43.9575763075778
0.85810902459459 -0.00377452413780886 -0.513453654069045 -17.9557591911747 -0.0192362593827889 0.999034679243641 -0.0394927334267252 -3.05013776741191 0.513107072874931 0.0437659986300942 0.857208066416568 44.8502766548443
0.852613586625698 -0.00628472612427892 -0.522504137896349 -18.5169280617435 -0.0177866984098722 0.998999171351653 -0.0410400901361882 -3.11024644229673 0.522239126512884 0.04428496196513 0.851648481994072 45.7549994108749
0.846907519092005 -0.00933570629292905 -0.531658253668122 -19.0741074998388 -0.0168356268000981 0.998873821041579 -0.0443582157896705 -3.17890570252499 0.531473626604061 0.046518106429726 0.845796577197212 46.643906461402
0.840583410723143 -0.00932528322156823 -0.541601854418802 -19.6559531778157 -0.0172354858431345 0.998885099134976 -0.0439487969557883 -3.23448491555871 0.541407857021672 0.0462774007367261 0.839485517764454 47.5428131616024
0.834830100096782 -0.00695769736116018 -0.550463708540198 -20.2807273330183 -0.0174627725312014 0.999082228704033 -0.0391120424333189 -3.28462597817889 0.550230638503456 0.0422645328285162 0.833942416307545 48.4393390284458
0.829829962518862 -0.00335474268750269 -0.558006253555859 -20.8708635167905 -0.0191679991751915 0.999220426494696 -0.0345127090124436 -3.34376738273295 0.557687027922978 0.0393355434341308 0.829118745361108 49.2953828527918
0.825670058020108 -0.00282483381429941 -0.564146236008885 -21.4878996565817 -0.0208580691486528 0.999150906782065 -0.0355303592434245 -3.4006765651186 0.563767590626192 0.0411033549786191 0.824910066594559 50.1958474181672
0.822277497103952 -0.00433967779696677 -0.56907019334444 -22.0998457471836 -0.0223089421852197 0.99895647074771 -0.0398532388878999 -3.45322666032948 0.568649302167018 0.0454657755668811 0.821322612861149 51.0490474615297
0.819268549069373 -0.0069620706833614 -0.573367747678193 -22.7244521483285 -0.0241836509457706 0.998617064032989 -0.0466809431038532 -3.52698681578119 0.57289981282306 0.0521103539992958 0.817967184838959 51.9167340287013
0.816109382734743 -0.00775217914819085 -0.577845463018246 -23.3454680603618 -0.0245877647425909 0.998538783425217 -0.0481221344149478 -3.58481751325468 0.577374157056999 0.0534808537155275 0.814726261420717 52.7822708373689
0.812977643107276 -0.00672577173812702 -0.582256056904747 -23.9726559522563 -0.0237330204749929 0.998719679205996 -0.0446737742507447 -3.64669357659803 0.581811047975949 0.050137474619286 0.811777148047375 53.6374100993794
0.809503365860031 -0.00437785791692174 -0.587098914171488 -24.6146512474004 -0.0230188618823496 0.998966685919524 -0.0391879116642393 -3.7072041216636 0.586663815706169 0.0452370952098182 0.808566121327165 54.5274274232512
0.80654329131657 -0.00327080737707981 -0.591165984349012 -25.267272697802 -0.0225578383675222 0.999086164103548 -0.0363040028790734 -3.7641236800953 0.590744499052187 0.0426161766933763 0.805732460760779 55.3802424112602
0.803599073918209 -0.00223133473420117 -0.595166824968514 -25.9013467537206 -0.0243495787754198 0.999032478572208 -0.0366224626606367 -3.82018546405259 0.594672705285233 0.0439218385677792 0.802767242533954 56.2256477342565
0.799923615725383 -0.00352086280717425 -0.600091503464199 -26.5610223257199 -0.0241829728085922 0.998981374702187 -0.0380972023154972 -3.87481789192442 0.599614370100457 0.0449868483361759 0.799023648364559 57.088645721488
0.795779106666629 -0.00572595663539429 -0.60555992834192 -27.2154119871044 -0.0235968305405718 0.998902715221551 -0.0404543583739976 -3.94115712969715 0.605127096551874 0.0464820281788766 0.794770795937468 57.9356438715191
0.791758694837151 -0.00676747429638051 -0.610796504935498 -27.8832124696444 -0.0230016964617681 0.998899103403903 -0.0408840210688671 -3.99227509389785 0.610400762704023 0.046419634967616 0.790731386995496 58.7776669994167
0.787457743159236 -0.00733399684485139 -0.616325007791216 -28.5620705271935 -0.0221224343531274 0.998948649075785 -0.040152140764302 -4.05188003258614 0.615971509598337 0.0452527236743211 0.786467602869439 59.6315578586747
0.782626882180658 -0.0072002603464809 -0.622449451392742 -29.233620339707 -0.0222126476773384 0.998973260608892 -0.0394844636737297 -4.10853947376923 0.622094656440115 0.044727853060286 0.781663391485921 60.4663506649328
0.777249750817801 -0.00849404734948499 -0.629134863136109 -29.9316448326122 -0.0215843838389223 0.998960383703038 -0.0401530343333179 -4.17378319332299 0.628821866054258 0.0447884243025276 0.776258370531705 61.3084874337427
0.771623748128172 -0.0090653488142531 -0.636014630944531 -30.6396125706247 -0.02214703817038 0.99890926754529 -0.0411069813098916 -4.23087703683935 0.635693558269164 0.0458049633010219 0.770581342437046 62.1485391891009
0.766354365719119 -0.0110478971361251 -0.642323073003077 -31.3312426948154 -0.0206587597132045 0.998911178085086 -0.0418291040279 -4.28968518106186 0.642085821203333 0.0453255145093181 0.765291706438863 62.9539259656431
0.760647744736238 -0.0125621574765681 -0.649043296419591 -32.0658818143054 -0.0201388895977295 0.998874875771871 -0.0429349237509474 -4.35078945557423 0.648852397355088 0.045729364212321 0.759538933627034 63.8062320211375
0.754481767859186 -0.0142018169608893 -0.656167334117668 -32.7873225170618 -0.0193806124495403 0.998847791567877 -0.043903088058316 -4.41511941852172 0.656034796203036 0.0458410042972983 0.753337207693777 64.6192713600771
0.748303960887016 -0.0150534809140114 -0.663185173864113 -33.5201645466273 -0.0187871806578677 0.998860522676602 -0.0438713811174788 -4.47693294173989 0.663089906395604 0.0452885079307978 0.747168473027115 65.4387653043477
0.742270624695044 -0.0152620871582133 -0.669926405219562 -34.2739535278925 -0.0178967592622519 0.998932464709989 -0.0425868166964262 -4.53687594128758 0.669861198848491 0.0436004546306699 0.741205082708734 66.2572133307027
0.735914775410436 -0.0156448463298725 -0.676893405283226 -35.0161411424986 -0.0172274783374396 0.998976682170804 -0.0418186856458278 -4.59895529272286 0.676854975103781 0.0424361551312815 0.73489217944875 67.0719930438475
0.729242942073165 -0.0169277162720144 -0.684045454526444 -35.7958372485637 -0.016505038210321 0.998967915021775 -0.0423165271581231 -4.66094581026282 0.684055783653753 0.042149225127664 0.728210908783291 67.8767487625821
0.722903704359334 -0.0190853634495505 -0.690685154846657 -36.578846172667 -0.0155151320563837 0.998918017282425 -0.0438414806527095 -4.72816866139994 0.690774576038251 0.0424092401552715 0.721825423110483 68.6716028352874
0.717199987941545 -0.0184213684398829 -0.696623880211876 -37.363653734254 -0.0170621796664275 0.998886679836178 -0.0439804828405444 -4.78847241208364 0.696658495478005 0.0434287235670007 0.716087206035454 69.4638625086871
0.711644119728384 -0.0183381631761917 -0.702300760805039 -38.1719840167864 -0.0167783641186158 0.9989305037398 -0.0430852085483221 -4.85160742271558 0.702339756352662 0.0424447931962524 0.710575334624704 70.2791858731393
0.706989372192576 -0.0180791720492683 -0.706993048865942 -38.9863029581547 -0.017514903014332 0.998918987103057 -0.0430590916927188 -4.91291653740607 0.707007252989067 0.0428252348857117 0.705908452618211 71.068088116779
0.701772952707768 -0.0184636858799301 -0.712161368758196 -39.8094110103605 -0.0180743483998748 0.998880840417851 -0.0437079463718756 -4.98336309324203 0.712171356330582 0.0435449072780513 0.700653837691913 71.8613477337326
0.696425637428153 -0.0200923604391287 -0.717347634403833 -40.6468260707705 -0.018476943600685 0.9987745503226 -0.0459129631266064 -5.05460262946935 0.717391060780637 0.0452293563946266 0.695200957444795 72.6581841276976
0.691736961638525 -0.0227591369966888 -0.721790826754031 -41.4903159705904 -0.0178063089374185 0.9986618180204 -0.0485541820054166 -5.12221136614981 0.721929990556652 0.0464391527846478 0.690406035477325 73.4442147793491
0.686565385690144 -0.0227546369892537 -0.726711908301792 -42.3238200480434 -0.0191822971923978 0.998595328492442 -0.0493903774787546 -5.19425305142246 0.726814976900289 0.0478497273613824 0.685164500645556 74.2345986431139
0.681403460668403 -0.022866086162393 -0.731550726807607 -43.1793776618414 -0.0182810606424357 0.998668307213898 -0.048243289567711 -5.2637073238221 0.731679661198062 0.046246667665254 0.680078024287617 75.0176842480356
0.676591614125202 -0.0227231842126054 -0.736007774819461 -44.0373906826493 -0.0178722885670133 0.998722549485713 -0.0472636271368826 -5.33386314632451 0.736141541414986 0.0451323171130938 0.675321186514366 75.7998048609692
0.671581831684355 -0.0235304982055507 -0.740556654825062 -44.9226233804569 -0.0172958128966847 0.998725359715675 -0.0474184638831561 -5.40943005480421 0.74072849155931 0.0446539081715574 0.67031882733314 76.5691074642296
0.666928742812129 -0.0243690298944724 -0.744722903094188 -45.803193022234 -0.016726913998443 0.998723546939507 -0.0476601210306829 -5.47658839857473 0.744933730179485 0.0442428205539946 0.665669820909966 77.356394723086
0.662557565321124 -0.0253435539055605 -0.748582111001312 -46.6842890605913 -0.0154266304581665 0.998753671580023 -0.047467068354074 -5.54937658196947 0.748852116047255 0.0429977648356181 0.661340835356996 78.1291873517586
0.658510205259572 -0.026197551075925 -0.752115681186492 -47.5850773484867 -0.0144069494037523 0.998771945996141 -0.0474029503296899 -5.62180118566395 0.752433883725257 0.0420510191161359 0.657324092372568 78.9098705687439
0.654580616334921 -0.0291691093155508 -0.755429268548904 -48.4828785099762 -0.0113707508134976 0.998762454480686 -0.0484176160674363 -5.69054387409528 0.755906689178322 0.0402830309367823 0.653438868352667 79.6706683314739
0.650358236539081 -0.0332847208754233 -0.758898077163213 -49.3939322853676 -0.0086814786024007 0.998648642523707 -0.0512398352342485 -5.77303791787533 0.759578038186369 0.0399126063017944 0.649190409481798 80.4365388653106
0.645080883339743 -0.0374335323541481 -0.76319681904808 -50.3075141982349 -0.00457848512080615 0.998592010057463 -0.0528491714541938 -5.84484127023898 0.764100576772205 0.0375862754857031 0.644001227072974 81.2164185156692
0.639031378344279 -0.0412704231862802 -0.768072685142127 -51.2272669135602 0.000688952258188151 0.998589841013061 -0.0530834698403855 -5.92027827653423 0.76918035780706 0.0333928374885172 0.638158675854421 81.9760074257685
0.630631055161454 -0.0447783305749228 -0.774789889826186 -52.1614170229825 0.0052956492526934 0.998559130370915 -0.0534005547899534 -6.0061768543563 0.776064706300282 0.0295730327123429 0.62995952835976 82.7408522042472
0.621567862644491 -0.0458389228240812 -0.782018021072332 -53.0928742278463 0.0077160859805865 0.99859631464749 -0.0524009769908022 -6.08631356451046 0.783322318170943 0.0265366449796938 0.621049074009874 83.4810576425074
0.612465707500682 -0.0450251817011993 -0.789213843104937 -54.0857666049813 0.00944274252498239 0.99872205089691 -0.0496497700485819 -6.15903668556845 0.790440757899854 0.0229564384224591 0.612108168697053 84.2412426309642
0.603527791606615 -0.0447287214055235 -0.796086393703516 -55.0490085274288 0.00911676773491506 0.998747151437009 -0.0492037807747416 -6.2439712448787 0.797289840211519 0.0224381144013547 0.60317944404431 84.9625350768595
0.594355574747423 -0.0455784909707105 -0.802909740834855 -56.030385488308 0.00712015764536669 0.998651765591788 -0.0514193974635025 -6.3122312711718 0.804170848838582 0.0248445616028415 0.593878770151785 85.6878985232972
0.584396176293603 -0.0481882381612866 -0.810036420685099 -57.0420407060504 0.00857764045079044 0.998546279484916 -0.0532142068542616 -6.40166129905098 0.811423152995842 0.0241499778414453 0.583959968964093 86.3969353557602
0.574215107585984 -0.049043648420179 -0.817234195790689 -58.0419444911107 0.00768287528897905 0.998482986277689 -0.0545224682244143 -6.4746327626411 0.818668421063931 0.0250289165491865 0.573720811622747 87.0972077262552
0.564403504350388 -0.0504273887503235 -0.823957379201634 -59.0648064835041 0.0113433492345474 0.998511963861075 -0.053340289223464 -6.56016423602243 0.825421112345174 0.0207590098541197 0.56413566702056 87.7811881584114
0.554032450982984 -0.0500240021006084 -0.830990759558508 -60.0925191786163 0.0120942060980336 0.998571313305836 -0.0520486543679627 -6.64160077202555 0.83240721611279 0.0187864700381865 0.553845912783383 88.4696203629788
0.543748574661832 -0.0508621436491702 -0.837705515021023 -61.1364178120166 0.0128968653600566 0.998550401170323 -0.052256742976112 -6.72508313565337 0.839149068054723 0.0176107542711276 0.543616319582931 89.1518897416581
0.533489713923002 -0.05175854010549 -0.84422140381804 -62.1866730802018 0.0120218435277248 0.998489065901571 -0.0536195911323795 -6.80549816087221 0.845721112670453 0.0184564027144248 0.533305879193446 89.8046894749445
0.523458742974398 -0.0520705022555591 -0.850458468826384 -63.282024276212 0.0104056635432325 0.998447154477737 -0.0547266103603655 -6.89034880307903 0.851987480289404 0.0197975379823866 0.523187720536279 90.4548749410567
0.513481794917847 -0.0527223922443886 -0.856479302519316 -64.3329995534251 0.00895884104203686 0.998385708739343 -0.0560866807024976 -6.97544952984692 0.858053719446009 0.0211264275510375 0.513125217275278 91.0894580657823
0.503778176519527 -0.052810131213563 -0.862217280564399 -65.4275723117673 0.00818588667233315 0.998376563428158 -0.0563669127837361 -7.06717795514926 0.863794269558469 0.0213384075925983 0.503392622352934 91.7112409880502
0.495066940921732 -0.0513116276231617 -0.867338365850987 -66.5296919469265 0.00769747613089493 0.9984744788271 -0.0546759910030474 -7.14573301228149 0.868820736900088 0.0203919592391954 0.49470667585022 92.3191511785133
0.487018679566696 -0.0496473511057693 -0.871979326751095 -67.6453571804424 0.00858048469803855 0.998606851517311 -0.0520646846243236 -7.23543451226176 0.87334940375285 0.0178744686876008 0.486766188568677 92.942993266906
0.479254757239863 -0.0500981935540954 -0.876244856570112 -68.7663119724768 0.00925744974844948 0.99860258395106 -0.0520305578522944 -7.31616964037562 0.877627014902752 0.0168240996455209 0.47904882045988 93.5338695614316
0.471545466162629 -0.0525926010978767 -0.880272055475595 -69.8826069730933 0.010179001388088 0.998478095627238 -0.0542022184356365 -7.40492953943564 0.881783001237952 0.0165985198846997 0.471363159215299 94.1312781288269
0.464849222795043 -0.0558120496369622 -0.883629003135459 -71.0097108818509 0.0122790760497658 0.998321612296645 -0.0565966669759833 -7.49359948916143 0.88530470706882 0.0154587689272966 0.464754345977575 94.720856701757
0.458038451501296 -0.0588729040972447 -0.886980697709624 -72.1478128926714 0.0139028383724656 0.998156864085087 -0.0590727159102668 -7.58341677708518 0.888823654068389 0.014726026041761 0.458012724851105 95.3112930913533
0.452983060860023 -0.0616857035895069 -0.889382493951029 -73.2723938351616 0.0145763448668345 0.997982486751479 -0.0617939018646423 -7.68337017648016 0.891399953300542 0.015027644858774 0.452968313622256 95.8704263497471
0.44840743211523 -0.0623746533689821 -0.891650255111793 -74.4165421854781 0.0161500538376081 0.997964689059352 -0.0616899923141052 -7.78490239528227 0.893683361479259 0.0132620514164037 0.448502137572789 96.4568470965577
0.44382177371935 -0.0605203593264336 -0.894069079702239 -75.5479980047153 0.0186828624624555 0.998124872947853 -0.0582896959422528 -7.87529542745649 0.895920299927856 0.00916646659464117 0.444120245054592 97.0014121345977
0.44019755561624 -0.0588479833705599 -0.895970438620999 -76.6869509725795 0.0228415375960395 0.99826097033716 -0.0543442661350835 -7.97158228185946 0.897610369921012 0.00345687065572058 0.440776217434123 97.5528492720442
0.436839616533255 -0.0582135305508917 -0.897653794225747 -77.8064523504522 0.0241105419568023 0.998303008231903 -0.0530074100638962 -8.06350872150363 0.899216231611523 0.00151281721737077 0.43750186307082 98.0986556193482
0.433839117591874 -0.0576759468708597 -0.899142427649621 -78.9507519941474 0.0244532321969708 0.998335127650518 -0.0522399495993809 -8.14994066946038 0.900658458841211 0.000676795075775209 0.434527194161885 98.6462333139609
0.431637136992751 -0.0572201710741065 -0.900230655993757 -80.0759121210187 0.0270812736785943 0.998358214999857 -0.0504725584673944 -8.23895037170744 0.90164071923613 -0.00259356213526205 0.432478076728526 99.1768553055633
0.428872924755105 -0.0563843294451926 -0.901603472600354 -81.1784633166103 0.0290280323735167 0.998394986191916 -0.0486294651766409 -8.31905551821855 0.902898326362677 -0.00531591383113564 0.429821303929454 99.7037154836394
0.426788841339604 -0.0567956593247669 -0.902566085109486 -82.2969293059456 0.0305390389165927 0.998361882057319 -0.0483830503070872 -8.40630842769948 0.903835522653347 -0.00691415481691783 0.427824195731282 100.236304578253
0.424162160608613 -0.0570211154210604 -0.903789275165385 -83.3949898178247 0.0325739065501352 0.998330508118838 -0.047698397994547 -8.48740024924646 0.905000222165661 -0.00920809183931508 0.425311425810291 100.75074809391
0.421891295067694 -0.056211854521085 -0.90490218397206 -84.5145299706561 0.0354278008325757 0.998335997023608 -0.0454984392594514 -8.56559091097118 0.905953975693176 -0.0128632988839961 0.42318072908339 101.272193852504
0.420214688750259 -0.0555062013747637 -0.905725497580513 -85.6119652469118 0.0374762080388014 0.998337402372984 -0.0437945756252516 -8.64647176320936 0.906650511051284 -0.0155400332080594 0.42159620275607 101.77591674383
0.418247684169478 -0.0564827723116484 -0.906575187791315 -86.6921293803857 0.039707407001272 0.998247604359396 -0.0438753030754459 -8.72899916203319 0.907464708138065 -0.0176470060553451 0.419757533179786 102.272622524535
0.416970657905161 -0.0576264483253303 -0.907091320044209 -87.7580525429001 0.0409440345038467 0.99816592327034 -0.0445912060883925 -8.80063118644374 0.907997277795856 -0.0185467537665683 0.418565361013113 102.742729138337
0.417077595380045 -0.0585196797802113 -0.906984964875615 -88.822911934425 0.0405292660475197 0.998129812633796 -0.0457630388553206 -8.88447672765133 0.90796677143255 -0.0176726967394834 0.418669341801266 103.253320428585
0.417141549479009 -0.0594296643490501 -0.906896379248264 -89.8564182936567 0.0403016879245234 0.998087749163593 -0.0468681013055411 -8.96171866496852 0.907947521417777 -0.0169988224566111 0.418738985988173 103.704985187826
0.419581336515602 -0.0594941366497858 -0.905765946451995 -90.9169805136891 0.038749006829253 0.998114119703897 -0.0476100673961026 -9.04138081516269 0.906890300156269 -0.0151212351351186 0.421095395047797 104.188430269792
0.423337452794694 -0.0596507015929217 -0.904006191826567 -91.9415925604945 0.0369975282786896 0.998135970311306 -0.0485362511116723 -9.12070362815805 0.905216318877741 -0.0128987817323949 0.424755267733376 104.652401607089
0.428180815002382 -0.0598604935205601 -0.901708329217032 -92.9585325713606 0.0355907694863991 0.998146619975919 -0.0493621530933824 -9.19776985808343 0.902991963857521 -0.0109565663473326 0.429517714259394 105.131746667231
0.434319288390724 -0.060058781745861 -0.89875452625674 -93.9857825837361 0.0350402734454761 0.998145968964075 -0.0497674982055016 -9.27757302593969 0.900077182784144 -0.00987761995479541 0.435618523085724 105.618434005412
0.441134565601508 -0.0591369761581979 -0.895490431597364 -94.9677742392481 0.0341817947518562 0.998209685613273 -0.0490818546450047 -9.35058291739309 0.89678977466244 -0.00895776750737176 0.442366204023514 106.09644911315
0.449254448269654 -0.0582691798390692 -0.891501622763981 -95.9830517930522 0.0333824352711389 0.998268810558618 -0.0484251471990536 -9.42476401369633 0.892779958178552 -0.00800528242874623 0.450421870836596 106.585830452633
0.458150109462088 -0.0574655548020025 -0.887015325240311 -96.9613630681348 0.0325216675034767 0.998323565749245 -0.0478790059682232 -9.49786144637159 0.888279696009467 -0.00691144565267623 0.459250926592772 107.080553876283
0.467501028844198 -0.0569319175904549 -0.882157324284671 -97.9364967314801 0.0315934426441337 0.99836249187139 -0.047688459885399 -9.56794871445704 0.883427779963653 -0.00557598276747092 0.468534167382346 107.60547172181
0.477026920575844 -0.0576428197547154 -0.876996363947224 -98.8880197418036 0.0310409070626929 0.998329354702343 -0.0487335780374148 -9.6392227281761 0.878340354950547 -0.00397553396777479 0.478019263204966 108.127514083579
0.48757034907019 -0.058912891695687 -0.871093810045523 -99.8528673145615 0.0289767527422249 0.998263100326929 -0.0512945447994618 -9.71836932984691 0.872602717453991 -0.000231770835701668 0.488430592586286 108.636946831913
0.499284226687226 -0.0595599331854041 -0.864388729299665 -100.808056454506 0.0270784705270721 0.998219837091555 -0.0531405049921834 -9.79904876501304 0.86601502147206 0.00312589121051673 0.500008211321461 109.172743163333
0.511487295099237 -0.0578053398511088 -0.857344323849388 -101.729097021886 0.0247900007390157 0.99831211130577 -0.0525203225768495 -9.86838287591705 0.858933177153744 0.00560991131075491 0.512056955894225 109.724761789863
0.524007606575184 -0.0557616880845157 -0.849886264386778 -102.682089820331 0.0237294319099126 0.998422997825879 -0.0508766299357366 -9.9481703929379 0.851382958669352 0.0064924228413007 0.524504438620942 110.290664485444
0.536264424021299 -0.0538617949895299 -0.842329730313261 -103.586985760298 0.0232212094347096 0.99852556919892 -0.0490659055593858 -10.0161885247366 0.843730551160437 0.00675238450320077 0.536724475258979 110.867610521346
0.548089798199044 -0.0531172828304418 -0.834731170721953 -104.490006331618 0.0230435052835549 0.998561605180905 -0.0484119564031623 -10.0914990889066 0.836102009311291 0.00729896727255084 0.548525437060467 111.442396565073
0.559485912366835 -0.0531896994941663 -0.827131410194759 -105.378068329452 0.0227277518434742 0.998548026407388 -0.0488394129167416 -10.1609064498609 0.828528190926049 0.00852612606233442 0.559882435887372 112.034153447742
0.570725534970424 -0.0541655232384397 -0.819352463732812 -106.2402088785 0.0231007954147866 0.998486195870018 -0.0499166295759738 -10.2361373611892 0.820815884948584 0.00956100148137508 0.571112834969366 112.640865448854
0.581235290100022 -0.0562881764272352 -0.811786412017866 -107.079449289617 0.0258027140886879 0.998377934097112 -0.0507515581400291 -10.3085353274098 0.813326353617046 0.00855230392816917 0.581744875877321 113.227288890657
0.592186366570305 -0.0549428442582109 -0.803925737312271 -107.927469168506 0.024648398517291 0.998441000944693 -0.0500801765481311 -10.3865679153462 0.805423965187772 0.00984131583565737 0.592617401705206 113.860903627563
0.60274839230366 -0.0540385800156309 -0.796099370333407 -108.760461187854 0.0253772320939439 0.998497666532369 -0.04856342266217 -10.457465943876 0.797527662007158 0.00906872644359258 0.603214212808425 114.484347170859
0.612883686124477 -0.0519309783418806 -0.788464812639682 -109.569345667571 0.0258216813804615 0.998621375478147 -0.0457010854227841 -10.5189593533725 0.789751117791649 0.00764996252211837 0.613379694822262 115.100702418952
0.622680699318437 -0.0508760565674966 -0.780820320921813 -110.342364691382 0.0255773007321069 0.998674153406496 -0.0446736723930015 -10.5872025676871 0.782057893242924 0.00784615740083951 0.623156392433296 115.723073894311
0.632756753003475 -0.050119818853892 -0.772726921548973 -111.136288054848 0.0236444388207817 0.998688377818078 -0.0454143647312774 -10.6581363568323 0.773989555511797 0.0104655515453429 0.633111870201074 116.354628675705
0.642373542914314 -0.0493293151419298 -0.764802490863713 -111.914241299315 0.0218031006798616 0.998698740503618 -0.0461026085729554 -10.7260749876518 0.76608149446678 0.0129400302980907 0.642613180265881 116.985070949651
0.651664932545661 -0.04904334019531 -0.756919788665051 -112.668231325547 0.021788239121452 0.998706050265202 -0.0459510369813996 -10.7893893952107 0.758193964844251 0.0134527300636939 0.651890278902507 117.626367457415
0.660478874854621 -0.0468964173446853 -0.74937866390164 -113.387173868448 0.0207136501794558 0.998805758846694 -0.0442493027167943 -10.8477988168692 0.750558858829217 0.0137033621754833 0.660661499784928 118.272570594437
