1 -1.73472347597681e-18 -9.48676900924816e-20 -1.73472347597681e-18 1.73472347597681e-18 1 -1.6456920911512e-37 6.93889390390723e-18 9.48676900924816e-20 0 1 5.55111512312578e-17
0.999993927548523 -0.00220586520966344 -0.00269796678196986 -0.0146338966525004 0.0022028742271633 0.999996956423211 -0.00111107580971008 -0.0357539740471211 0.00270040945397473 0.00110512578126639 0.999995743233834 0.694179128971897
0.999975912900971 -0.00176465855049699 -0.00671264464050281 -0.0154185180793618 0.00174894780632048 0.999995719613525 -0.00234562064255853 -0.0412900196732845 0.00671675512731259 0.00233382407824321 0.999974718913299 1.38755813878263
0.999939884909195 -0.00164646385284015 -0.0108404669902417 -0.030408162880212 0.00160811867687912 0.999992423462713 -0.00354499245292101 -0.0405245478506289 0.0108462215589716 0.0035273465879447 0.999934956536645 2.12612369610646
0.99987850170629 0.000333008404924602 -0.0155843168277438 -0.0498222240811328 -0.000401669794295726 0.999990226616692 -0.004402877749066 -0.0483579119095299 0.0155826983209455 0.00440860255626651 0.999868863269849 2.85554101851857
0.999794544311868 -0.000903018890388657 -0.0202497832360573 -0.0722811670921967 0.000811056161870285 0.999989323559252 -0.00454917084882734 -0.0627167044019848 0.0202536750276585 0.00453181248433003 0.999784602463691 3.58773376316506
0.999692585830888 0.000446357122296469 -0.0247898083911782 -0.0861465196599195 -0.000580679224794867 0.999985189095888 -0.00541150630584397 -0.0758022371387743 0.0247870257673212 0.00542423765884872 0.999678038670166 4.35705819192758
0.999556746658221 0.00342648605975376 -0.0295731196074184 -0.128744485452078 -0.00360198788945237 0.999976206102007 -0.00588327401028382 -0.0920881719364899 0.0295522569912452 0.00598718824809741 0.999545305468244 5.13216863794559
0.999407220610838 0.00533448808817864 -0.0340110368521196 -0.152566802892745 -0.00550614071036533 0.999972563307731 -0.00495530485885062 -0.0978407836680237 0.0339836696870249 0.00513963701087647 0.999409172624506 5.91688301128528
0.999251714379124 0.00541619562607886 -0.0382972079311499 -0.19618914374438 -0.00552805508453678 0.999980756500288 -0.00281553477944338 -0.111895847273935 0.0382812214716826 0.0030251370302802 0.999262426306816 6.73690099313832
0.999111917878682 0.00401888676350818 -0.0419431055355288 -0.220909206612301 -0.00404776106795041 0.999991625666043 -0.000603513149136284 -0.122893558273953 0.0419403288389492 0.000772752849554205 0.999119818475199 7.52793805130022
0.998996255359369 0.00441177313070405 -0.0445759804805425 -0.272890715905117 -0.00444370847330578 0.999989936110643 -0.000617359244533013 -0.137641692364803 0.0445728082238799 0.000814822235667269 0.99900580620523 8.34850556019219
0.998898203524812 0.00398632253948355 -0.0467598997808423 -0.318675242862389 -0.00404115068705285 0.999991253393843 -0.00107807093291781 -0.140524213419702 0.0467551932519559 0.00126584691928979 0.998905575885704 9.17062765855431
0.998811104453995 0.0028168465020263 -0.0486666517768984 -0.351130420489574 -0.00289026827913447 0.999994788719418 -0.00143836131819228 -0.161798395365596 0.0486623465182732 0.00157731093670999 0.998814040811174 10.0049631998262
0.998715528744266 0.00241514736601314 -0.0506108655158326 -0.409964287462258 -0.00245720734215023 0.999996685501385 -0.000768842195104214 -0.168318939533355 0.0506088408989866 0.000892216029742489 0.99871815302087 10.8513199718737
0.998640319552596 -0.000861907174497058 -0.0521226369239993 -0.449056295317351 0.000812640635131932 0.999999202852673 -0.000966389784805543 -0.182519290086934 0.0521234283128675 0.000922718830735903 0.998640223909929 11.7003533043853
0.998548420392046 0.00168170999255388 -0.0538351556517705 -0.505662651334257 -0.00184586288796346 0.999993797577107 -0.00299959955913259 -0.194287411265775 0.0538297772868164 0.00309461771746587 0.998545331178527 12.5700297544829
0.998468884454972 0.00270749241019691 -0.0552499435302272 -0.55635349087066 -0.00300595724806225 0.999981332352647 -0.00531969616127976 -0.212011605816239 0.0552345091067838 0.00547763006000211 0.998458383996378 13.4310710978264
0.998375716518822 0.00668760025972936 -0.0565791893569897 -0.617816109036827 -0.00708860032639612 0.999951140783695 -0.00688968727883371 -0.224925138466489 0.0565303494677032 0.00727956373373941 0.998374342389119 14.3182193171383
0.998279671561385 0.00793305125771119 -0.0580927193806253 -0.677735667515789 -0.00833771787367264 0.999942614648575 -0.00672680239263926 -0.237592023191755 0.0580360216413271 0.00719959078789235 0.998288528474876 15.2053649658837
0.998200165949334 0.00786338868369514 -0.0594524668717091 -0.724519423464334 -0.0082113339841194 0.999950547196334 -0.0056104506017345 -0.259447911292123 0.0594054096267653 0.00608853678336531 0.998215371063236 16.0964830432517
0.998136243052713 0.00720118919282271 -0.0605985410618502 -0.795879103564227 -0.00747725528892197 0.999962669647574 -0.00433012293597176 -0.276884041527621 0.0605650968624657 0.00477516340092291 0.998152827404969 16.9917328766005
0.998058989923594 0.00732262248620389 -0.0618436078557837 -0.853629938140839 -0.00757450796382514 0.999963941959558 -0.0038394804085673 -0.299399438734429 0.0618132628308955 0.00430046283862142 0.99807846713451 17.9080854883561
0.997975288783096 0.00692427638312315 -0.0632248161315299 -0.913302189461233 -0.00723907287060761 0.99996250986014 -0.00475128384570467 -0.307355960389464 0.0631895466218082 0.00519935291921449 0.997987999891257 18.8094174545818
0.997904020659797 0.0066589911377742 -0.0643678754351719 -0.970093949424911 -0.00700367304843319 0.999962311445495 -0.00513071655948938 -0.329206544025847 0.0643312841068901 0.00557077423795047 0.997913048496485 19.7354207849659
0.997863988166268 0.00637833676034618 -0.0650136750313439 -1.03306312714709 -0.00662815650791179 0.999971453600127 -0.00362760611927975 -0.34526584216848 0.0649886810315166 0.00405077832294312 0.997877779356151 20.6584680999655
0.997878065399267 0.00663286489829739 -0.0647716890180905 -1.09955065304109 -0.00667397923644401 0.999977641218633 -0.000418406465342672 -0.353688522824462 0.0647674655684998 0.000849803541802836 0.997900021664382 21.5959843650437
0.997934816244583 0.00687150836187089 -0.063866148308183 -1.17120367254961 -0.0066758631616725 0.99997234910478 0.00327625959194928 -0.363677194217903 0.0638868951971898 -0.00284313184709295 0.997953095703081 22.5230648583908
0.998015201978706 0.00601124360898174 -0.0626858960985372 -1.21250187939033 -0.00563939278057786 0.999965448995517 0.00610721411606535 -0.372107367638282 0.062720442189684 -0.00574158213967001 0.998014619314799 23.4668877585836
0.998153283694139 0.00465942272863694 -0.0605665917023889 -1.27784905043668 -0.00424754076111444 0.999966983860695 0.00692745162576844 -0.381233696186181 0.0605968699529166 -0.0066573995208754 0.99814011961424 24.4195348241157
0.998223315514679 0.00505555458637474 -0.0593687942500515 -1.33998489114596 -0.00479134183872244 0.999977978618277 0.00459187563950612 -0.390872461246476 0.0593907013451203 -0.00429926113749411 0.998225556148212 25.358659414316
0.998264773285612 0.00798469741923376 -0.0583411263531087 -1.40486457030208 -0.00801238109259307 0.999967871414155 -0.000240600645813653 -0.411031469634152 0.0583373308118667 0.000707634486857769 0.998296676888779 26.3149560880904
0.998338573904859 0.00747929021189527 -0.057132758305004 -1.46231331327638 -0.007664417209708 0.999966061971737 -0.00302185598142137 -0.423847118500024 0.0571082179939743 0.00345472468702904 0.998362016662738 27.2689718729425
0.998387407241885 0.00534981045483552 -0.0565151713164156 -1.51968490324819 -0.00548169143422017 0.999982601829484 -0.00217878345799808 -0.441848666181988 0.0565025319773058 0.0024850686980809 0.998399363137677 28.2402412119664
0.998404589583659 0.0019048957231228 -0.0564326755574215 -1.57568501763901 -0.00178133005020188 0.99999590499509 0.00223983399036257 -0.447630340284122 0.0564367111155267 -0.00213573531509975 0.998403894359956 29.2299903771977
0.998354502906874 -0.00258267092078719 -0.057285393744683 -1.62946205644242 0.00292306271707449 0.999978563462358 0.00585903747300135 -0.452430692274043 0.0572690337784783 -0.00601684524255903 0.998340650952072 30.1861771942751
0.998224203110999 -0.0103791345175443 -0.0586575987411506 -1.67315050780665 0.0107248027510606 0.999926911548143 0.00558123353248789 -0.473196992419759 0.0585953831744614 -0.00620041357169381 0.998262558619814 31.18355485068
0.998166971100017 -0.0104842533726456 -0.0596051863199461 -1.74174477952964 0.0106081184512944 0.999942179860124 0.00176203277657549 -0.491635803326989 0.0595832663416552 -0.00239110179636677 0.998220475147779 32.1739903456566
0.998060305579192 -0.00976753672913955 -0.0614835071658689 -1.80187822702362 0.00966187261035563 0.999951291493362 -0.00201565334779696 -0.511405591827252 0.0615002003641598 0.00141769778236944 0.998106064247766 33.1427019212934
0.997957145627522 -0.00871420615966458 -0.063289794611575 -1.86949605241017 0.00854666382654813 0.999959220599258 -0.00291747767096888 -0.517341071955521 0.0633126371935687 0.00237060109075572 0.997990926923719 34.135055247427
0.997891861302671 -0.0107768727923676 -0.0639975949447198 -1.93465929537997 0.010706330406836 0.999941641362906 -0.00144511510846918 -0.5377967501632 0.0640094339539958 0.000756889208665889 0.997949006454546 35.1575677267516
0.997826469651735 -0.00860457461593408 -0.065332210723608 -2.00397444064224 0.00870904419981002 0.999961211672234 0.0013144200710896 -0.541895133245625 0.0653183665708264 -0.00188054425003792 0.997862703252227 36.1450357153658
0.997780877299251 -0.00478189096134815 -0.066411252169869 -2.08342315969204 0.00497380479331973 0.999983918405585 0.00272473780216899 -0.563098201721106 0.0663971547719787 -0.00304900787903147 0.997788615584052 37.1686688980036
0.997703553688862 -0.0061589064881596 -0.0674513663870879 -2.15475333453891 0.00650225930066409 0.999966991505706 0.00487201426674137 -0.566853807461318 0.0674191336387675 -0.00529941222198365 0.997710667803797 38.1500609329289
0.997714046315533 -0.00530905720942405 -0.0673683582717647 -2.21784969774655 0.00589296948647674 0.99994675026169 0.00847169119584893 -0.587022870233906 0.0673197942310969 -0.00884932498179566 0.997692204415795 39.1516626586948
0.997690963780133 -0.00280575014191246 -0.0678591818224366 -2.30685192408732 0.00349496370635357 0.999943490819604 0.0100399400493754 -0.581392762763536 0.0678271775924712 -0.0102539228417684 0.997644391076397 40.1744810637821
0.997691758691234 -0.00146336552263024 -0.0678897135134582 -2.3796367486871 0.00214634947234519 0.999947811690578 0.00998834716894339 -0.593827841380706 0.0678715538612077 -0.010111006704179 0.997642831738841 41.150255988044
0.997683100612169 -0.00197875312655653 -0.0680037887838142 -2.44925848921154 0.00256571120199448 0.999960199263315 0.00854499943237234 -0.60501889867587 0.06798417373858 -0.00869967961107915 0.997648468998849 42.1564135074342
0.997689718464937 0.00203894340044191 -0.0679048479798286 -2.52734717567067 -0.00161600009700293 0.999978957148297 0.00628281818062354 -0.616710791770813 0.0679162293788482 -0.00615856886087032 0.997672019160879 43.1577372843275
0.997635112411841 0.00155783357518346 -0.0687150321077221 -2.59343351384222 -0.00112536929320953 0.999979320380979 0.00633185236325914 -0.628550383906998 0.0687234750792416 -0.00623954845707928 0.997616234835863 44.1352943742635
0.997541240533755 -0.0017379775744287 -0.0700603516143562 -2.67163182567197 0.00226304087837112 0.999969942068267 0.0074157673891126 -0.637002085273377 0.0700453573076708 -0.0075560832405015 0.997515189621543 45.1389053677033
0.997487940936888 -0.00149444153849228 -0.07082071963752 -2.74590569117717 0.0020810999801663 0.999964126473757 0.0082106509150366 -0.642685656682258 0.07080590871079 -0.00833741027322443 0.997455267609318 46.138969831959
0.997462806253696 -0.000136491228256973 -0.0711894058877241 -2.81709042555112 0.000565067707864163 0.999981839439549 0.00600012413059649 -0.666180098062265 0.0711872940839027 -0.00602512748758448 0.99744476889689 47.0995871041713
0.997410761780182 0.00246238636244617 -0.071872866496888 -2.90144234456344 -0.00240046060528131 0.999996669570618 0.000947964426996791 -0.677214995419838 0.0718749613840587 -0.00077298193665696 0.997413350835533 48.1034635018119
0.997388531501064 0.0033722147431125 -0.0721439214201584 -2.97735851241568 -0.00338171087506435 0.999994281954461 -9.48358493845587e-06 -0.698223322464521 0.0721434769172455 0.00025342870249147 0.997394232243291 49.0584245422193
0.997364603075978 0.00266695797024722 -0.0725033507245195 -3.04241023906714 -0.00246521900684211 0.999992837642181 0.00287182164968685 -0.706275510433575 0.0725104904572163 -0.0026855166214791 0.997364034229293 50.0373503428752
0.997364841996876 1.72293986211266e-05 -0.0725490982141997 -3.10928086760627 0.000447546407397467 0.99997948294242 0.00639010144076567 -0.73070602918914 0.0725477198177792 -0.00640573160207896 0.99734437129403 51.0128141251261
0.997331691892757 -0.00141678548572597 -0.0729896503979744 -3.19633215765152 0.00190872382762558 0.999975930136632 0.00667052627070042 -0.735718777807055 0.0729784428422595 -0.00679204433625741 0.997310390507415 51.9789139218873
0.997324052057759 -0.00432539611014659 -0.0729796282230998 -3.25855172147751 0.00476552239755586 0.999971487801343 0.00585776242655175 -0.750357942146033 0.072952210270628 -0.00618987341210276 0.997316228928304 52.9326951452844
0.997259690737267 -0.0076799478221374 -0.0735807558540901 -3.32238342225595 0.00805350622983819 0.999956138199802 0.00478149704001756 -0.768487050777018 0.0735408068218994 -0.00536097733505619 0.997277799639598 53.9047594903972
0.997174216172217 -0.00785915416005381 -0.0747115539740267 -3.38869488552866 0.00829651741740233 0.999950206559792 0.00554546659637523 -0.777201957350257 0.0746642511518607 -0.00614964201537639 0.997189767046882 54.8596932273236
0.997075214689847 -0.0115585134946956 -0.0755474487788193 -3.47358392087862 0.0123156744874282 0.999878418402367 0.00956412960495192 -0.782202684069436 0.0754277164781958 -0.0104665743666946 0.997096339582044 55.8252582127962
0.996982699863444 -0.0142781242596715 -0.0762996155994404 -3.53881292899931 0.0154458292887743 0.999772111783503 0.0147360394114665 -0.799017544626651 0.0760718248143097 -0.015870087195086 0.996976036723973 56.770158758031
0.99695681724597 -0.0121645434452625 -0.0770008339536262 -3.61888834910544 0.0135016826355693 0.999766551377115 0.0168685302714701 -0.791674921337494 0.0767776602456336 -0.0178568370737782 0.996888320854912 57.7242419018383
0.996888228133318 -0.0108873298323507 -0.078072573022378 -3.70023697600722 0.0119799437619715 0.999836559258304 0.0135401520661778 -0.802697255450822 0.0779123966816124 -0.0144333232360682 0.996855725581034 58.6712179639967
0.996792384148403 -0.00874552167289804 -0.0795516106336767 -3.78157009831488 0.00926705323737552 0.999937906720846 0.0061890570387249 -0.817503419868343 0.0794925444808435 -0.0069064139321223 0.996811535255566 59.5753978475644
0.996736085116371 -0.00768349836561519 -0.0803625564535912 -3.85686675491639 0.00779695289378342 0.999969000397825 0.00109807510933097 -0.835307352213531 0.0803516281880035 -0.00172107415273094 0.996765094569075 60.497113373423
0.996685406202567 -0.00234563588780769 -0.0813185037682442 -3.94980408837594 0.00245787803702654 0.99999615994902 0.00128020419043324 -0.836957812657201 0.0813151886081513 -0.00147583179798001 0.996687344166728 61.4240675120397
0.996611255341482 -0.000615734830613915 -0.0822534290914007 -4.02912162696611 0.000929400565386052 0.999992442114862 0.00377517254482647 -0.852624913940102 0.082250482924204 -0.00383882583253269 0.996604295332386 62.3046654467694
0.996516132519106 0.00137927733874497 -0.0833888195334787 -4.11011875530335 -0.000896591146893859 0.999982629387897 0.00582555119999944 -0.87117528776547 0.0833954060693967 -0.00573049007427183 0.996500059071764 63.2000664323231
0.996430553792688 0.00251038820399988 -0.0843792001589357 -4.18833720035508 -0.00207003560465175 0.999983781487027 0.00530581902268821 -0.889700794821415 0.0843911513192704 -0.00511221223847996 0.996419589763789 64.0680118363945
0.996286506607643 0.00400432011835501 -0.086006756548128 -4.26413502502881 -0.00346872488250728 0.999973657549782 0.00637590418688313 -0.896012774591135 0.0860300220808335 -0.0060538935323126 0.996274151864772 64.9005443794179
0.996172589512144 0.00438951311839024 -0.0872977896584575 -4.34529375915559 -0.00382827902212234 0.999970922443277 0.00659534287733412 -0.908823905383156 0.0873242015961073 -0.00623589949600729 0.996160427528156 65.7559808519953
0.996034039664004 0.00570003063770555 -0.0887902105039472 -4.41806769981775 -0.00510149320019022 0.999962720607003 0.00696650295126733 -0.925128305772649 0.0888266097390554 -0.00648591142175266 0.996025986787139 66.5746801181576
0.995921649903772 0.00637953572310336 -0.0899964931367157 -4.49308511995823 -0.00569981560885797 0.999953274674328 0.00780772502802437 -0.940329380712725 0.090042097681997 -0.00726291897558187 0.995911477317628 67.3913611271552
0.995806695123942 0.00766766672283998 -0.0911604784616684 -4.57892636538452 -0.00674617855314557 0.999923033973604 0.0104122621918424 -0.942184034930066 0.0912332999581948 -0.0097536155373299 0.995781779288358 68.2029418854514
0.995692168886504 0.00791244108464098 -0.092382347308193 -4.66332225274621 -0.006651793177796 0.99988062515442 0.0139459344730239 -0.943841901644832 0.0924816655646368 -0.0132713494750208 0.995625940209225 68.9924583346061
0.995495560530242 0.0118822948230324 -0.094060618934373 -4.73928805247343 -0.010419734777827 0.999817297090422 0.0160250293591841 -0.954035554510848 0.0942338479090105 -0.0149727588821001 0.995437490955469 69.7574070863662
0.99532096817618 0.0156388739101782 -0.0953498606797813 -4.81384749878703 -0.0144635430480588 0.999810816958529 0.0130052379914802 -0.97405165171636 0.0955352093802548 -0.0115652892544732 0.995358863854204 70.5251980350807
0.995199341149086 0.0160236137933515 -0.0965479941657372 -4.89778709385128 -0.0155440937745021 0.999862840353076 0.00571678491890298 -0.981052478387606 0.0966263552306264 -0.00418858950973097 0.995311912514245 71.2318151263361
0.995065682878481 0.0149727651880705 -0.0980821240604281 -4.97164246615489 -0.0150326559828765 0.99988699499955 0.000128393423124461 -1.00224700063064 0.0980729626945306 0.00134667493981178 0.995178315908724 71.9561016704759
0.994990871095089 0.0163701621128357 -0.0986163486944975 -5.04580185039143 -0.0165778795868593 0.999861748942991 -0.00128720979937747 -1.00389065224252 0.098581643046963 0.00291561195351783 0.99512469513177 72.644117754758
0.994912493757328 0.0171594981453971 -0.0992707479017533 -5.12641346009752 -0.0170608601978129 0.999852755240537 0.0018425219718308 -1.01673785463892 0.0992877475567153 -0.00013950377811271 0.995058753905421 73.3264948526552
0.99480054803547 0.0163134025361718 -0.100527322286137 -5.19369001873537 -0.01594376496431 0.99986285639466 0.00447937061137026 -1.03000525412652 0.100586609382616 -0.00285329634002349 0.994924214557523 73.991869059004
0.994727462320266 0.0148447666093941 -0.101473684323552 -5.26019291473187 -0.0147892625189185 0.999889788690807 0.00129930212033104 -1.05013087887574 0.101481788612686 0.000208269455278645 0.994837375254772 74.6120257663786
0.994822027095914 0.00851076169583209 -0.1012753738089 -5.31358602768573 -0.00892650432483819 0.999953486976188 -0.00365258876697226 -1.06782943272052 0.101239576872458 0.00453771082361186 0.994851726266365 75.2167817598953
0.994921966609849 0.00475407947356291 -0.100536953830663 -5.37242801868729 -0.00561539130640984 0.999949904720496 -0.00828585722457162 -1.08429012608207 0.100492525780109 0.00880833570143286 0.994898821732394 75.8310492988142
0.99523871485202 0.00539567259881153 -0.0973179694450384 -5.43232288577303 -0.00628661605835634 0.999941070329519 -0.00885066815507106 -1.09535489615482 0.0972644792215216 0.00942032830971444 0.995213986284509 76.3992980718121
0.995594147820679 0.0108786501752336 -0.0931340313504197 -5.49499669916326 -0.0115136632149048 0.999913971967193 -0.00628364736168361 -1.10480641693241 0.0930576616114429 0.00732827641107616 0.995633751929018 76.9695264634629
0.996030463738088 0.00940362933035502 -0.0885148973964602 -5.54369163749208 -0.00971836797558835 0.999947891002132 -0.00312547664840233 -1.11767464650287 0.0884808941499782 0.00397329029973099 0.996069949518915 77.5314541623812
0.996529167253766 0.0055617043358986 -0.0830583304515325 -5.58033178259632 -0.00549899256198106 0.999984396507703 0.000983779410421378 -1.13476995908813 0.0830625059417257 -0.000523627735265073 0.996544201689356 78.0593825010197
0.997192907734814 0.000777091577019238 -0.0748712287335194 -5.60941494746282 -0.000467668524585076 0.999991278608707 0.00415017983634841 -1.14832013799697 0.0748738008220309 -0.00410351498155499 0.997184574246543 78.6019006916932
0.997923658763109 0.00444316908985529 -0.064254412527765 -5.64361923869131 -0.00416536024613509 0.999981392777629 0.00445689045568227 -1.16534340352048 0.0642730196495323 -0.00417999365465892 0.997923597575575 79.1077915973312
0.998739489766917 0.00974206610710275 -0.0492394529628781 -5.67009686402144 -0.00955593106984821 0.999946283741716 0.00401420135525266 -1.17083342436238 0.0492759146186751 -0.00353861259493641 0.998778935730723 79.6073846103533
0.999416195991093 0.0142098937780418 -0.0310700194642633 -5.68306360660702 -0.014083706813212 0.999891674664853 0.00427646329525323 -1.17139192282571 0.0311274218831631 -0.00383638563402204 0.999508061874528 80.121681214006
0.999870913020407 0.0131636037428313 -0.00921286232609102 -5.67858641434176 -0.0131209429578767 0.999902984195195 0.00467579441811284 -1.1822561789016 0.00927351883774087 -0.00455430939287479 0.999946628632909 80.5754420038218
0.999812161579577 0.0092571244299626 0.017027836176755 -5.65638215860299 -0.00935294842162124 0.999940822148122 0.00555648788002308 -1.1966787243072 -0.0169753914062889 -0.0057147046316096 0.999839576250899 81.0630336421853
0.998891549725771 0.00816004283074267 0.0463582310646932 -5.60230259628702 -0.00850432325749715 0.999937669833135 0.00723415057987966 -1.20037508017794 -0.0462963105698395 -0.00762037726630548 0.998898684290824 81.4986659448558
0.996824242233681 0.00708332870609414 0.079317441648669 -5.55632978277348 -0.00780226849561193 0.999931210114599 0.00875783335517542 -1.20560986909276 -0.0792499507985397 -0.00934887657400954 0.9968109368407 81.9502227623991
0.993115027213331 0.00677144157794009 0.11694738262151 -5.48182176402983 -0.00791188852149028 0.999925543264661 0.00929031468227285 -1.21268342434555 -0.116875766278082 -0.0101516257726873 0.993094658001483 82.4019750675833
0.987329898820574 0.0068173897973813 0.15853452018821 -5.40061155923226 -0.00845062686952202 0.999917919269855 0.00963024550863773 -1.21778647861801 -0.158455854421563 -0.0108479453997099 0.987306469278986 82.8218917938296
0.979057019151599 0.00635564326733673 0.203486999704266 -5.27979477264795 -0.00843082874845369 0.999920906031057 0.00933288854773617 -1.22157826080272 -0.203411588599568 -0.010852994088664 0.979033164986106 83.2352733287725
0.967631202381344 0.00772942990132108 0.252250098298168 -5.14061799305852 -0.00996754787995812 0.999921471433563 0.00759598284612383 -1.2271655100664 -0.252171576842624 -0.009864424947174 0.967632259152807 83.6591322594477
0.952288968525987 0.00822264798806417 0.305087050665505 -4.99701278976405 -0.0103216208274692 0.999932856129856 0.00526757776230097 -1.24020303702604 -0.305023252502503 -0.00816524905023226 0.952309899213876 84.0229791779127
0.932847649901505 0.00817465590919838 0.360178340650858 -4.78584442688153 -0.0100195232635263 0.999944504566632 0.00325529423637512 -1.24865593265983 -0.360131741487488 -0.00664550884131002 0.93287778727196 84.4151929548428
0.908736670473503 0.00830835685019008 0.417287233141851 -4.60435225943131 -0.00990247163890372 0.999949598988908 0.00165545684393491 -1.2533918379426 -0.417252447317175 -0.00563654933193377 0.90877314249457 84.7490271062818
0.880112858135461 0.0085546347091566 0.474687449981166 -4.3724910508946 -0.0093194539163429 0.999956297853171 -0.00074172938571301 -1.24646724323927 -0.474673050344477 -0.00377102224514287 0.880154119838052 85.0696487468723
0.847257193656261 0.00670594866865542 0.531140544536162 -4.08938699038874 -0.00645291135621875 0.999976461037261 -0.00233180325572519 -1.27043756258142 -0.531143678991613 -0.00145176576898135 0.847280522993068 85.4171170702885
0.810647479814025 0.00623098541462548 0.585501356353623 -3.85454800792857 -0.00527567351133665 0.999980513753343 -0.00333757136275507 -1.27362111582001 -0.585510743488257 -0.00038332018264963 0.810664555981983 85.6643161196101
0.771104789104486 0.00449773085984545 0.636692370487693 -3.53882117339091 -0.00396128403255075 0.999989585350866 -0.00226658743837033 -1.29212598796843 -0.636695934060317 -0.000774342892208353 0.771114575108101 85.958468469202
0.728595781932221 0.00392658794454551 0.684932674397775 -3.27524644683925 -0.00472016580142948 0.99998860671096 -0.000711676246545634 -1.28855390313746 -0.684927665221213 -0.00271447147463951 0.728606014976017 86.1838865468151
0.683658653429838 0.00252412484039692 0.729797557124091 -2.97058394777682 -0.00368156125364145 0.999993222982054 -9.83358344179043e-06 -1.29170436544607 -0.729792636094141 -0.00268007159489603 0.683663312983087 86.4070755247923
0.637098982187546 0.000881919580032699 0.770781492456486 -2.61404518799261 -0.000352352749362349 0.999999574164537 -0.000852946824650756 -1.30099435541661 -0.770781916460897 0.000271824575820438 0.637099021634994 86.644631271256
0.590493255130746 -0.00240100527893228 0.807039002043115 -2.31699946919869 0.00475258770110909 0.999988580226372 -0.000502321598956725 -1.32895048659138 -0.807028579763591 0.0041321411515159 0.590497922819602 86.7854672291855
0.543618354208128 -0.000614440065941707 0.839332298575154 -1.95475255773129 0.00382108014694222 0.999991180986845 -0.00174278370566056 -1.32777414420728 -0.839323825656437 0.00415456519258484 0.543615907855449 86.9813481678757
0.496513605000197 0.00231575025729533 0.868025850623387 -1.63886809343912 0.000459337621746971 0.999995600384897 -0.00293056646359605 -1.32606990473881 -0.868028818103787 0.00185378304937299 0.496510356820226 87.1101028357723
0.450978435236915 0.0042129705139565 0.892524902638975 -1.28923316303481 -0.000358619251824949 0.999989634245795 -0.00453902998373205 -1.33371657821303 -0.892534773744696 0.00172692802673739 0.450975271357637 87.2534028233942
0.408228781875793 0.00187991961261844 0.912877717742336 -0.918324383161018 0.00648161007214456 0.999966704074651 -0.00495776894904804 -1.32781714806341 -0.912856642841076 0.00794082138884658 0.40820300461485 87.3853873831575
0.369003674461879 -0.00600197452993339 0.929408556306307 -0.575176644189768 0.0205898891901244 0.999786529079053 -0.00171835246639319 -1.36147519860732 -0.929199841098119 0.0197704975608201 0.369048482898152 87.4511962115117
0.33340943678742 -0.00977383432125412 0.942731467398727 -0.211033934805405 0.025958008282928 0.999662333348557 0.00118367651892638 -1.36112882927222 -0.942424707479106 0.0240767823177993 0.333550564811607 87.5353421270442
0.299709119644959 -0.00650392374686627 0.954008460432893 0.166475166572871 0.023100121132041 0.999733059142248 -0.000441431498523923 -1.37576294499053 -0.953750925559356 0.022170012042798 0.299779356461871 87.6385764297418
0.268890169785622 0.00122598258552412 0.963170064713059 0.518547708775036 0.0126698907089596 0.99990816551163 -0.00480982459034189 -1.37192909039628 -0.96308750924414 0.0134965740047921 0.268849943329082 87.7287492091683
0.240413581524708 0.0062329344086316 0.970650534614348 0.90828467217493 0.00762913463490413 0.999936363116932 -0.00831059692233103 -1.3784944065794 -0.970640564845291 0.00940320398272035 0.240350730457958 87.8302076435048
0.214322743727863 0.0075967853635762 0.976733356844692 1.30257173129234 0.00899196321792255 0.999912035691351 -0.00975015266882423 -1.39426230601527 -0.97672150898731 0.0108724298902134 0.21423558096132 87.8924064632274
0.191004976897142 0.0087432029960835 0.981550128725931 1.70869289287291 0.0154694104638199 0.999809333520254 -0.0119161212517824 -1.40731342729288 -0.981467165085223 0.017460040296477 0.190833306454668 87.9494059096476
0.170483371961362 0.01429407871215 0.985256869653013 2.1062067133086 0.0233286438672377 0.999555956387305 -0.0185381883142854 -1.4180463122291 -0.985084358956125 0.0261451594837587 0.170074208437286 87.9961339680743
0.150784065296256 0.0214310579165491 0.988334394529155 2.5322854272578 0.0239850027405918 0.99939136861005 -0.0253300610197584 -1.41257667243328 -0.988275713197622 0.0275245727361643 0.15017826939815 88.0432300753429
0.133219412135384 0.0227704937124023 0.990824955704284 2.98045038887995 0.0216234850621888 0.999431276828633 -0.0258756215471822 -1.42527485978151 -0.990850651270951 0.0248722237200687 0.132651269738178 88.103354592321
0.117460131661559 0.0186894319070419 0.992901718502411 3.41685704591148 0.0206231402390614 0.999561369931103 -0.0212545013617484 -1.440610075983 -0.992863436509135 0.022973307912632 0.117023175340709 88.1598561116121
0.102685554093829 0.015072537068474 0.994599665999724 3.89084226853642 0.0204319576262997 0.999642277155037 -0.0172584133641927 -1.45825965401277 -0.994504003052778 0.0220938079699206 0.102340859686578 88.1928613851232
0.089631379308788 0.0127086709033424 0.995893922828669 4.38684991307268 0.0239258847719525 0.999602552694946 -0.014909348866655 -1.47285643418907 -0.99568758548105 0.0251639887462007 0.0892916893629954 88.2328787195843
0.0778809903841342 0.0115621057448887 0.996895615923518 4.87596595671714 0.0282614517191671 0.999505299260792 -0.0138002571106377 -1.48783366797892 -0.996562010957427 0.029248495009804 0.0775157007073399 88.2587289781109
0.0678831661657365 0.0125815036487709 0.997613944127312 5.3868911766849 0.0298094979294711 0.999448481855561 -0.0146330430808661 -1.50442324501058 -0.997247847620895 0.0307317080968434 0.0674706790609265 88.2878301671462
0.0600259348635679 0.0128311556691417 0.998114346449318 5.91550646272224 0.0322422464418935 0.999370702928972 -0.0147863339483487 -1.51779827365504 -0.997675961767214 0.0330690122538629 0.0595744554353538 88.3069222804714
0.053873956864047 0.0131395028542107 0.998461291306055 6.48003766713446 0.0333592050322761 0.999331593364509 -0.0149509178034503 -1.52712480332841 -0.997990360780817 0.0341133400342908 0.0533996237840631 88.3328629841941
0.0483732623129845 0.0142787727279139 0.998727262140462 7.02350541125382 0.0327041196544101 0.999339048952904 -0.0158715404272772 -1.54068102223223 -0.998293778429391 0.0334302540715629 0.0478743152627955 88.3597805267918
0.0424134748700688 0.0149849881640298 0.998987761326019 7.62182972536222 0.0352692826958615 0.999241853926464 -0.0164862081668913 -1.55164726429322 -0.998477428311509 0.0359328191397023 0.0418528094768798 88.3771207561855
0.0379863849197352 0.0150540260752562 0.99916485669766 8.23218514940396 0.0386421107619126 0.999116508531005 -0.0165223986357168 -1.5698296164889 -0.998530831690536 0.0392374652562951 0.0373711049297079 88.3967974070181
0.0349496230826669 0.0149010811785941 0.999277980156717 8.83587274415584 0.0379860811689714 0.999146495801648 -0.0162276789687171 -1.5844236610753 -0.998666902166986 0.038525805728062 0.0343537597534795 88.4123120823644
0.0316935612856274 0.0146250758622454 0.9993906269968 9.48268406130053 0.0387933134426559 0.9991215203386 -0.0158513856941266 -1.60583287065305 -0.998744510375488 0.0392720607086982 0.031098363984594 88.442469214284
0.0295635300465498 0.0140658013459704 0.999463931777271 10.1446040292795 0.0413345577760217 0.999028480528955 -0.015282323955101 -1.62086155511596 -0.9987078912398 0.0417641990765252 0.0289534048230757 88.4534850456712
0.0289227937624877 0.013791600194377 0.999486500041422 10.8146507800948 0.0455213009929005 0.998849237145327 -0.0151000864273396 -1.63492751788784 -0.998544582458333 0.0459346624922599 0.0282616989021505 88.4640218918033
0.0298697477751911 0.0134613384936413 0.999463151163567 11.5247222273066 0.0493721332607257 0.998668915110882 -0.0149261665721627 -1.6530251853955 -0.998333707046462 0.0497914687191934 0.02916537360731 88.4818625521053
0.0321548620143715 0.0132094216105764 0.99939560536834 12.2251942564867 0.0517278712332965 0.998550615443972 -0.0148625614930829 -1.67228150079447 -0.998143422653532 0.0521745107996061 0.0314249619938285 88.5052157312809
0.0360406805796399 0.0132331228973385 0.999262705098985 12.9572179342311 0.0535131928704957 0.998452172626478 -0.0151524640329923 -1.68728074940694 -0.997916533349439 0.0540198429824628 0.0352767491697941 88.5297235355254
0.0404576518167186 0.0126818902796106 0.999100769726664 13.7029024600248 0.0539668701305472 0.998432168316852 -0.0148587414817718 -1.703923943924 -0.997722784814394 0.0545194912764728 0.039709819102645 88.5711096471428
0.0441904691874891 0.0110053061982218 0.998962504635921 14.4499255522302 0.0557015351915313 0.998356697584985 -0.0134626655796726 -1.71899017274203 -0.997469067896492 0.056238666615478 0.0435048384322588 88.5929838062483
0.0484215803287919 0.00942991067169219 0.998782472484968 15.2322250615131 0.0554278463460993 0.99838921269964 -0.0121133733710173 -1.73805678022507 -0.997287874391289 0.0559469100998113 0.047820903822367 88.6315573980193
0.052573425724433 0.00767900231141883 0.998587536388823 16.0106534642718 0.0532640307969919 0.998525440238171 -0.0104827582450548 -1.75212641454965 -0.997195556513794 0.0537399118036901 0.0520868884507127 88.6781492094247
0.0563875648368041 0.00659938593540244 0.998387144667363 16.8190328238214 0.0525155882940408 0.998574279922698 -0.00956663279296505 -1.76509353975438 -0.997026857972194 0.0529703273742974 0.055960601318729 88.7429020442831
0.0605552014533565 0.00730487802234397 0.998138119868198 17.6164195741534 0.0504899047490608 0.99867071304711 -0.0103719053412203 -1.7871137671011 -0.996887073391653 0.0510239714159448 0.0601058836185833 88.7876129457558
0.0640646561786759 0.0109445807052384 0.997885732928322 18.4238080234919 0.047281296527853 0.998783640991779 -0.013989906570443 -1.816762830945 -0.996825059289419 0.0480775897939051 0.063469256591327 88.8455875528381
0.0653810218318109 0.0164191437952744 0.997725279674349 19.2334014733831 0.0427683477848165 0.99889971923876 -0.0192410844934548 -1.83480032670036 -0.996943423877195 0.0439290635201502 0.0646068646991739 88.9180314417377
0.0654149144868171 0.0192958763956858 0.997671568261221 20.0669413875237 0.0403756484087228 0.998943052781384 -0.0219678017877187 -1.86792955344093 -0.997040970060036 0.0417186583429011 0.0645666908538039 88.9868114968902
0.0654966489149769 0.0190765113928514 0.997670424385722 20.8979092056436 0.0366384439815481 0.999097084122369 -0.0215090892599007 -1.88911363969947 -0.997179930305218 0.0379618652236402 0.0647385772567096 89.035549456209
0.0657563376877556 0.0173905140154239 0.997684155470143 21.7219010632814 0.0357687879189234 0.999164446230297 -0.0197738008514961 -1.92354960362584 -0.997194413273914 0.0369862056932431 0.0650793571243 89.0996934479139
0.0654684591978891 0.0160488157395582 0.997725571669691 22.5433339389308 0.0365867824762769 0.999159731704643 -0.0184726253667137 -1.95566468318771 -0.997183678265087 0.0377129427817966 0.0648262735968142 89.1664749230268
0.0659037953114847 0.0153861501692757 0.997707349951132 23.3475146744676 0.0329894165495171 0.999300903437904 -0.0175898488882263 -1.98425900217348 -0.997280496229253 0.0340730211627423 0.0653501420777257 89.2140796331925
0.0657491766021746 0.0155068430511792 0.9977156827447 24.1807146259332 0.0322934318290416 0.999322400764995 -0.0176599430913394 -2.01705430212983 -0.99731348132713 0.0333807901025785 0.0652038558314499 89.2764080938255
0.0662640341733608 0.0162286288654527 0.997670140567622 24.9956761859923 0.029038257649496 0.999412858268448 -0.0181856624947184 -2.04492799969266 -0.997379495161071 0.0301756579520267 0.0657538766873036 89.3313480750872
0.0650403866745883 0.0170137619069451 0.997737580733027 25.8019072444847 0.0249282297448607 0.999514906606275 -0.0186690876487538 -2.07871858647498 -0.997571216236218 0.0260860763171312 0.0645847130470464 89.3898975717103
0.062302273005711 0.0170762338064007 0.997911233034938 26.6317647704391 0.0228548287708922 0.999567027238651 -0.0185314559368543 -2.10612520542424 -0.997795612127141 0.0239616421865346 0.0618850234188324 89.4520402106738
0.0586246256652898 0.0159646144567576 0.998152435428002 27.4438893860328 0.0204956475415055 0.999642114057854 -0.0171922143366829 -2.12969785472331 -0.998069677776787 0.0214656676390731 0.0582764396248589 89.5025289877452
0.0536980444716113 0.0138814790311129 0.998460727600156 28.2573100730154 0.0176633769984779 0.999733718797865 -0.0148491283111433 -2.1601502569317 -0.998400984140608 0.0184335574021925 0.0534385518943541 89.5563767310762
0.0471552270315985 0.0120499198846418 0.998814889754039 29.0833771415998 0.0169566839341281 0.999773493878365 -0.0128620297078301 -2.1851059272133 -0.998743638494662 0.0175431003252201 0.0469402194010933 89.5959893405934
0.0399346746228678 0.0118250855538525 0.999132318121283 29.8853511118537 0.0166480030477735 0.999783296014617 -0.0124982000572251 -2.21754422051667 -0.999063594450967 0.0171326694298689 0.0397291565593813 89.6279794730816
0.0312785081640664 0.0127891328076493 0.999428883417454 30.6898267958037 0.0165473259213829 0.999774470532568 -0.0133114265266905 -2.24274614945321 -0.999373724355349 0.0169542370324428 0.0310598279899581 89.658409696862
0.0211744595101749 0.0130145111151972 0.999691084668101 31.4965114816632 0.0166931081024842 0.999771277070378 -0.013369131869511 -2.26951481730963 -0.999636425109815 0.0169710354869115 0.0209523637848156 89.6693164086761
0.0108317048514349 0.0125398960034763 0.999862703163906 32.2845425891091 0.0184498752329138 0.999748636852191 -0.0127383364721071 -2.2950074532869 -0.999771111942079 0.0185853200243822 0.0105976226433095 89.6918547619717
0.000167754033709197 0.0113464736598586 0.999935612624168 33.0973242395196 0.0178652970909264 0.99977600580247 -0.0113476597372791 -2.31642408170026 -0.999840388771346 0.0178660504070224 -3.49916650887114e-05 89.6934037675805
-0.0109333882231366 0.0107503437184734 0.999882438655614 33.8906420307543 0.0189215010302952 0.999765392048342 -0.0105421848392477 -2.34375525595617 -0.999761190395348 0.0188040147936287 -0.011134235803066 89.6807742865026
-0.022043198338769 0.0109633640122966 0.999696905095005 34.6824096745844 0.0193404844967673 0.999757423192939 -0.0105375723032058 -2.36524261536007 -0.999569929052704 0.0191023406981675 -0.0222498879418108 89.6594507042155
-0.033023389784443 0.0113340991779164 0.999390311101208 35.4677303190936 0.0190428245912415 0.99976131489953 -0.0107090644759695 -2.38883399092607 -0.999273149123267 0.0186775647820699 -0.0332313408558792 89.627916123111
-0.0436139895938504 0.0123429670532975 0.998972207359158 36.2385590005771 0.0189167842983338 0.999754614558299 -0.0115267489430751 -2.41253499312704 -0.998869348405245 0.0183946142581894 -0.0438367766010982 89.5992071654362
-0.0540134412041759 0.0132770238569078 0.998451936152555 37.0040636267721 0.0193521468505898 0.999737715550204 -0.012247224940083 -2.43426043729407 -0.998352664433544 0.0186606737274645 -0.0542562132338857 89.5541994126566
-0.0633882977156918 0.0139117143262477 0.997891972067724 37.7674320868412 0.0195310148127985 0.999728630242446 -0.012696666253169 -2.45751978076578 -0.997797806759009 0.0186850228275748 -0.0636428059472863 89.4938697511135
-0.0728630245200117 0.0144258967334034 0.997237621212333 38.5140695553715 0.0198901446710781 0.999717540640676 -0.0130085003102956 -2.48052878465684 -0.997143601394884 0.0188873618802775 -0.0731293768498248 89.4400305012126
