1 -1.73472347597681e-18 -9.48676900924816e-20 -1.73472347597681e-18 1.73472347597681e-18 1 -1.6456920911512e-37 6.93889390390723e-18 9.48676900924816e-20 0 1 5.55111512312578e-17
0.998982254926886 -0.00120911910623977 0.0450887166836841 0.0427099611082243 0.00127831447615292 0.999998049165829 -0.00150584748109691 -0.0409643554972667 -0.0450868079741144 0.00156195247149007 0.998981851712624 0.960360608826512
0.995920044152383 -0.0046388628882284 0.0901207335002255 0.138961196242642 0.00523955328830293 0.99996560074795 -0.00642996128531607 -0.057285612209092 -0.0900878057056197 0.00687591971272547 0.995910090817063 2.01954123569227
0.99077788630038 -0.00531691935617684 0.135391692458255 0.261680915474101 0.00675899891719033 0.999925199204688 -0.0101937200816479 -0.104127850928107 -0.135327365864367 0.0110148247387547 0.990739712378678 2.97284001083679
0.983354843466719 -0.00355356677158986 0.181660738723985 0.444485407700282 0.00604196083284805 0.999895327098489 -0.0131464655288053 -0.107025670309409 -0.181595006924305 0.0140252276204555 0.98327338337329 3.99774631491273
0.973864294003373 -0.00593043946080093 0.227053224493979 0.663245909844657 0.00911092697003264 0.999874478193074 -0.0129622092204254 -0.146968993195793 -0.226947852765913 0.0146920980778487 0.973796084598317 4.94088757332833
0.962120172938484 -0.00704698433090783 0.272534608511765 0.93785831182556 0.0112976093482135 0.99983774034516 -0.0140305739190804 -0.174964053044824 -0.272391513905695 0.0165780877462861 0.962043673727363 5.88834398970758
0.948397120417613 -0.0100037840455875 0.316927162433814 1.23834634171077 0.0161398282707559 0.999729574759543 -0.0167416634326705 -0.200468088790898 -0.316673977344162 0.0209928953665653 0.948302109254829 6.88537102315014
0.933282743513443 -0.0119233759437288 0.358944499562434 1.59468032467283 0.0196603284365431 0.999646249641389 -0.0179122043219977 -0.28046351371771 -0.35860394887088 0.0237741179438954 0.933187011895365 7.75359306477952
0.915828811349468 -0.0119911415739699 0.401389836475681 1.98654771830619 0.0212945576912299 0.999597885409075 -0.0187245640387456 -0.2780063455435 -0.401003902867486 0.0256959142561461 0.915715889277665 8.66124447034043
0.895897901088922 -0.0127495561379435 0.444077019944456 2.43382134802548 0.0229420854340752 0.999582109363618 -0.0175859988660348 -0.321919498093506 -0.443667230636204 0.025943312403508 0.895816015151066 9.56832038957182
0.874065208345515 -0.0128271988948899 0.485639243192334 2.8978155468962 0.0237108323562909 0.999586403645709 -0.0162732318735328 -0.371490971826293 -0.485229644589944 0.0257387764889637 0.874007841724528 10.4147075309912
0.849701711888131 -0.0129782168349462 0.527103942977251 3.42561717741404 0.0249919987748809 0.999564728007782 -0.0156765595703957 -0.391067007412679 -0.526671055604555 0.0264937806006039 0.849656212110446 11.2687954489329
0.824078164452748 -0.0133685137595864 0.566318339551219 3.96894558309934 0.0265240418100039 0.999535608501749 -0.0150014180362516 -0.423202078207023 -0.565854799465597 0.0273833923555311 0.824050056577179 12.0474514976465
0.796468014542751 -0.015124401089883 0.604491484060777 4.55784615625584 0.0298960162221086 0.999449509529568 -0.0143842314759135 -0.478499917656084 -0.603941164373133 0.0295284674979517 0.796481725831074 12.825028491272
0.767240490634143 -0.0147361158994402 0.641190202997268 5.17988986479859 0.0314881133359917 0.99939587863299 -0.0147097413279276 -0.484128035068716 -0.64058608184226 0.031475778935446 0.76724099674769 13.6074695020137
0.736879456113353 -0.0176132645045703 0.675794673012136 5.83585992392186 0.036221951622757 0.999253221933558 -0.0134524598509499 -0.532423215929384 -0.675053062639321 0.0343914432511171 0.73696715751272 14.27855809798
0.70462208429293 -0.0169725037402949 0.709379766023442 6.52133798079354 0.0367775918613429 0.999243745951717 -0.0126231895042329 -0.565222726662625 -0.708629047572542 0.0349838576084023 0.7047134188046 14.9508536216443
0.669775121641038 -0.0161454854480128 0.742388449351403 7.24882594477673 0.0385747830168826 0.999170213008875 -0.0130717845376836 -0.571891556228678 -0.741561374766737 0.0373926294267628 0.669842159555981 15.6303633692637
0.634396986588519 -0.017088232294345 0.772818514092708 7.96544408369653 0.0429128113121592 0.998992443494034 -0.0131372929900282 -0.621745627295963 -0.771815362656571 0.041498074158608 0.634491099865422 16.2194462570554
0.597343090831072 -0.015776229481229 0.801830619532416 8.74886729270306 0.0438980827160487 0.998950799479933 -0.0130483160698094 -0.645053305660514 -0.800783485200736 0.0429931483117752 0.597408904376228 16.8099603348397
0.559966128030383 -0.0149102964258115 0.828381324342332 9.52422159010038 0.0469884491733269 0.998800305170513 -0.013785355837812 -0.684558193021938 -0.827181975808798 0.0466436860870134 0.559994951267661 17.3133104197394
0.521054670865978 -0.0135586681275552 0.853415603611367 10.3392610576536 0.0512476923422712 0.998566850577109 -0.0154246218140212 -0.719779950765808 -0.851983394203396 0.051772651536506 0.521002772117903 17.8007135375267
0.481428780780739 -0.012489903730118 0.876396218237381 11.2093504912919 0.0536992257871465 0.998440405142455 -0.0152692674621533 -0.729714912338281 -0.874838683521615 0.0544128632198499 0.481348645090423 18.2915670216828
0.443165075460812 -0.0141515927100271 0.896328315025015 12.0486334587635 0.0585418014111029 0.998197890141713 -0.0131844455391768 -0.755882260843244 -0.894526452028869 0.0583155600196212 0.443194903039557 18.6850540154027
0.405933694332825 -0.0149689562783112 0.913779933109303 12.9479205848559 0.0631060706538609 0.997938401030998 -0.0116863849981174 -0.798336194325112 -0.911721152355222 0.0624089584565575 0.406041453859619 19.0771313123632
0.369797508085164 -0.0130434296896382 0.929020813521384 13.8556457017945 0.0644287557127936 0.997854467031421 -0.0116360673227848 -0.824886489187187 -0.926875794511489 0.0641586437463471 0.369844467285 19.449099472359
0.336616216205538 -0.0133660473352636 0.94154706295867 14.7546367129083 0.0654225329959452 0.997815011910893 -0.00922465076078796 -0.841402034742608 -0.939366496722052 0.0647035608285629 0.336755154455345 19.7600116451282
0.302833874050472 -0.0147076212274367 0.952929866572254 15.7252728972477 0.0675781048254803 0.997695477857578 -0.00607727000672648 -0.851485212538993 -0.950644436409207 0.0662375976343384 0.303129899851289 20.0482485653903
0.269989620116648 -0.0146870784772214 0.962751211245705 16.6513647072608 0.0688408916197233 0.997619282465704 -0.00408642797742825 -0.882266057912595 -0.960399154867532 0.0673799449273828 0.27035792267162 20.3222036652767
0.23752924209329 -0.0122819792152005 0.971302739694038 17.6214268397779 0.066395609904769 0.997786810239972 -0.00361998570655797 -0.910837537946624 -0.969108601827453 0.065350090265426 0.237819014307813 20.5646676107234
0.205808664241946 -0.0100070388863208 0.978541083907913 18.6227709929933 0.0660088355541491 0.997812256214125 -0.0036789913919672 -0.905655180114383 -0.976363470922449 0.0653495257947946 0.206018960599902 20.7848047789259
0.175522544223274 -0.0098009870411439 0.984426623533927 19.6112286736039 0.0678660695677735 0.997692086230533 -0.00216741191040992 -0.92128408472495 -0.982133408998396 0.0671895953700168 0.175782607794976 20.9558666181699
0.144835052043928 -0.0102378376655851 0.989402847367727 20.622946546731 0.0695675619447516 0.997577232645363 0.00013868194561456 -0.939981591132547 -0.987007174251786 0.0688102578657573 0.14519637181401 21.1089907710832
0.113662882788208 -0.0107205671782691 0.993461533485645 21.6844353252779 0.0686860268944024 0.997634090301248 0.00290715982750378 -0.951564914073909 -0.991142259610464 0.0679064894408292 0.114130319836961 21.2393756414413
0.0846469322776079 -0.010578140367547 0.996354856365118 22.7296054703945 0.0692340257979335 0.997589330143254 0.00470935835804187 -0.953513693662354 -0.994002790000009 0.0685830250914748 0.0851752437126011 21.3349553650619
0.0567197557794349 -0.0102797462723301 0.998337215634526 23.8084096319536 0.0716395395164148 0.997411317131192 0.00620006745897267 -0.955950702483927 -0.995816572307469 0.0711687520980682 0.057309362608621 21.3917505966205
0.0316150041074553 -0.00988692163339033 0.999451219567969 24.8717304012806 0.0758294023948667 0.997092862561689 0.00746492873199528 -0.965540010196654 -0.99661948267517 0.0755517849501359 0.032272814304387 21.427436587449
0.0086461293321145 -0.00920414812550242 0.999920260873264 25.9682088692803 0.0801915353831283 0.996743388113377 0.00848150370874644 -0.960294606110882 -0.996741973682492 0.0801118088021286 0.00935606701463604 21.4294520777108
-0.0123054382645601 -0.0097245502883252 0.999876997090546 27.0817064925659 0.0858202448391033 0.996252688874002 0.0107454868236943 -0.977360403339469 -0.996234641921708 0.0859419166240297 -0.0114247626721468 21.4165965334248
-0.0296894739909621 -0.00995837044622028 0.999509562731741 28.2013530035534 0.0902368312970271 0.995840598928212 0.0126022142408592 -0.970450158963845 -0.995477699103105 0.090566728903922 -0.0286673717670743 21.3848833327456
-0.0453444105233088 -0.00992764208301489 0.998922082225118 29.3352271293556 0.0931657569510591 0.995550438635542 0.01412323845003 -0.966922791317994 -0.99461752757833 0.0937057418478279 -0.0442177314967469 21.3183549133369
-0.0601541584241255 -0.0103077709629258 0.998135876062002 30.4809973612093 0.0955760462081457 0.995292915503309 0.0160384456897256 -0.968265242614232 -0.99360288677897 0.0963626598154064 -0.0588858317237402 21.2646193736049
-0.0732360235399097 -0.0111691376715241 0.997252092110985 31.6210954233172 0.0958283101993118 0.995231771775424 0.0181839328280526 -0.960363807102325 -0.99270006538753 0.0968967017623675 -0.0718164978759654 21.1856434650745
-0.0855696158809493 -0.0110385269640437 0.996271043321269 32.7626979244682 0.0959286961385179 0.99520174189982 0.0192659849664708 -0.955348530472237 -0.99170334581222 0.0972195651195193 -0.0841001192794687 21.0884266526398
-0.0972499782071663 -0.0084459225511006 0.995224149692403 33.9268545298144 0.0957665839934319 0.995244580941705 0.0178040865083999 -0.94621833944173 -0.990641813739424 0.0970406641487497 -0.0959786766559892 20.9758268864063
-0.106989631808039 -0.00503599288660811 0.994247382426138 35.0976649351161 0.0962611999568136 0.995236974502331 0.0153995443543449 -0.941743108515154 -0.989589308788476 0.0973550376667439 -0.105995266745513 20.866063361697
-0.116777433229216 -0.00257165189665731 0.993154780331303 36.3097901426803 0.0970247976809246 0.995183701569 0.0139853053738425 -0.934742076430741 -0.988407415858143 0.0979938096919718 -0.115965484255799 20.7170298578966
-0.123937751499846 -0.00128259030390449 0.992289165876195 37.5149772014956 0.096839379156553 0.995210060808247 0.0133816856419269 -0.923853216408293 -0.987553324331267 0.0977511627969627 -0.123219891957857 20.5650676082436
-0.129784551291937 -0.00026791093257722 0.991542181891261 38.7680176167479 0.0968453246698853 0.995215256285549 0.012945143725451 -0.910385103378589 -0.986801374814372 0.0977063041989629 -0.129137619554662 20.4048029566931
-0.135147916502534 0.000965244288154865 0.990824963839975 40.0514876280793 0.0973745273752154 0.99517164727016 0.0123123469756344 -0.90874772532185 -0.986029026998434 0.0981451006064958 -0.134589364897317 20.2395027863868
-0.139393521653685 0.00268270388119374 0.99023343168208 41.307994562632 0.0968820621172584 0.995235723766487 0.0109416716686083 -0.899285196340642 -0.985486332812836 0.097461054985475 -0.138989318295424 20.0672159177859
-0.143426253573861 0.00336087107856359 0.989655300764544 42.6213703723154 0.0968707773370295 0.995239887577648 0.010659206000004 -0.898451048402245 -0.984908606056362 0.0973974882634256 -0.143069098676443 19.8724670945019
-0.146772485764576 0.00283374153790555 0.989166218252213 43.9602261646037 0.0970956937318588 0.995207960631231 0.0115560094736791 -0.896937430432545 -0.984393348048033 0.0977398844132887 -0.146344290335019 19.6930664498137
-0.148599520156675 0.00092237446496729 0.988897027922803 45.3224461780394 0.0974591888266957 0.995144992550928 0.0137167894951906 -0.885837717685323 -0.984083273469501 0.0984154105115621 -0.147967962246536 19.4757193858131
-0.150569643223386 0.000336852024164724 0.988599347091781 46.6898548751857 0.0979712730234531 0.995082397974716 0.0145825547505398 -0.87229727903978 -0.983732896777243 0.0990500266108107 -0.149862203462553 19.266809878294
-0.153130077857795 0.000403541326150059 0.988205958497349 48.0838376917264 0.0992138917276995 0.994953553179742 0.0149676552355753 -0.874805199583383 -0.983212989612887 0.100335757182596 -0.152397351968744 19.0611242965136
-0.153720650378678 0.000980081391053544 0.988113860386354 49.4974239023544 0.0999366718461078 0.99488725920771 0.0145603257688269 -0.844063646348837 -0.983047620040596 0.100987033358931 -0.15303266261123 18.8414880457632
-0.154982054039303 0.00166261018079078 0.98791588642614 50.923973069722 0.101226512225616 0.994761972086432 0.0142060590365407 -0.851707235291042 -0.982717536298399 0.102204963764482 -0.154338553943935 18.634306300594
-0.154795617076206 0.00240238897459299 0.987943594271055 52.3817883406493 0.101348870421823 0.994759876540459 0.0134608502492154 -0.823924122969194 -0.982734309667785 0.102210647940545 -0.15422794834062 18.4098113162853
-0.153900908333885 0.0034551818116349 0.988080245796187 53.8637764105458 0.100973338911361 0.994813729282166 0.0122486268944997 -0.830994786096115 -0.982913472917681 0.101654836335305 -0.153451617803611 18.1758176881178
-0.153390316004822 0.0033346708242768 0.988160053294219 55.3251146685596 0.100808358746127 0.99482993678828 0.0122911218665248 -0.82207725037207 -0.983010216509906 0.101500132218236 -0.152933441067765 17.9607932199889
-0.151406104623817 0.00287805973588584 0.988467454322497 56.8573550387879 0.101014888071818 0.99480542402063 0.0125761968405632 -0.807883481704403 -0.983296589982127 0.101754042235634 -0.150910340991693 17.7292350744657
-0.150104580488798 0.00319175460497467 0.988664972383883 58.4306591484097 0.101274897955404 0.994784105933614 0.0121646054593939 -0.810266117974345 -0.983469374185289 0.101952907189554 -0.149644895520007 17.4838179502959
-0.149536789163031 0.00397482613934541 0.988748172915618 59.9484883461112 0.100961834892616 0.994826464139986 0.0112700550952368 -0.797383978946931 -0.983588052276931 0.101511117636915 -0.149164460962312 17.2776733349474
-0.148130793812072 0.00457377961693223 0.988957202544489 61.5320822408256 0.10175655915286 0.99475241724615 0.0106410080496182 -0.790897450341301 -0.9837188981584 0.102209143049716 -0.147818877289292 17.0266669494795
-0.147067938510654 0.00452425132092132 0.989116046079636 63.1639154763339 0.101493823259007 0.994780327577043 0.0105405742718691 -0.786127652772817 -0.983905496123736 0.101939349692337 -0.146759475611653 16.7891902352181
-0.145781774879595 0.00296551831466135 0.989312326727046 64.7770643604491 0.1027364771826 0.994634311214277 0.0121574344090613 -0.782116825276985 -0.983967931575549 0.103410795647393 -0.14530422214963 16.5405232826999
-0.145111821086111 0.00153946389625426 0.989414063692236 66.4121752924612 0.10503434495647 0.994372039387993 0.0138576211136235 -0.768295838529799 -0.983824347005418 0.105933362706352 -0.144456834054629 16.3125996391744
-0.14468122276286 0.0024134576523549 0.989475375642064 68.0655144262705 0.107200931101421 0.9941490812881 0.0132500771701841 -0.76455817171188 -0.983654057151615 0.107989718937442 -0.144093429596842 16.0722337860265
-0.143952842758248 0.00351182123178712 0.989578317352121 69.7059542264246 0.107460949734766 0.994135620487014 0.012104229054421 -0.776759769515213 -0.983732546652758 0.108083464001372 -0.143486032301207 15.8332220374467
-0.142989815863663 0.00380445040778499 0.989716847748067 71.3869816406411 0.107876546371421 0.994094690394724 0.01176423699152 -0.761841379363188 -0.983827506884337 0.108449401501865 -0.14255582770142 15.5929955694134
-0.143247916425614 0.00317590860635802 0.989681740785513 73.0960024721758 0.107678260850591 0.994108518476776 0.0123953875333297 -0.770465241134397 -0.983811682477857 0.108342822080808 -0.142745950288106 15.3527337564374
-0.142713867280989 0.00266244344289696 0.989760407109022 74.7870227864091 0.10761205689571 0.994110012072431 0.0128424728158357 -0.748045473576733 -0.983896537902425 0.108342952203936 -0.142159795340866 15.1123352643056
-0.142861698861009 0.00248783657833684 0.989739534255203 76.5291913759957 0.108694132434342 0.993987721864647 0.0131906920468175 -0.753967073092438 -0.983756128607539 0.109463324686799 -0.142273187831088 14.860269218258
-0.142707898285617 0.00264894893775802 0.989761303970016 78.2500702878666 0.110001491613748 0.99384375838259 0.0132005972106701 -0.73909731827067 -0.983633126531255 0.11075904926232 -0.14212074231742 14.6247502854485
-0.142546852451905 0.00332178519186943 0.989782481457009 80.006353431328 0.109655240976578 0.993891622083205 0.0124567924917782 -0.738400650288971 -0.983695137216009 0.110310513079913 -0.142040373561966 14.3647975124266
-0.143338263262856 0.0042075244276682 0.98966481145031 81.7836410443503 0.109507688040737 0.99391785074027 0.0116349576628176 -0.733164171037345 -0.983596567981386 0.110043640061721 -0.14292721482351 14.1197981515499
-0.143979428798043 0.00474113019910855 0.989569323376298 83.5690993919447 0.108677425110339 0.994015653249179 0.0110498129846174 -0.72905030699931 -0.983595008809203 0.109134791794567 -0.143633059793283 13.8559032688475
-0.145326256158705 0.00514320173627564 0.989370419381333 85.3717413329844 0.107745395719271 0.994121383287795 0.0106585642212947 -0.734298591292659 -0.983499470753387 0.108149076583491 -0.145026095106867 13.6019295489284
-0.146378338066135 0.00473289393158238 0.989217358248443 87.1793401918903 0.107148502446613 0.994181080530655 0.0110985376671034 -0.728056402870105 -0.983408653901543 0.107617744029191 -0.146033696801879 13.333371525729
-0.147164064770115 0.00408087263425988 0.989103677335637 89.0097532410185 0.106646159419949 0.994227425110968 0.0117653660456936 -0.732842090043275 -0.983345989324872 0.107215547546787 -0.146749758578781 13.0679156537274
-0.147685101804839 0.00337501020166731 0.989028675019604 90.8334496917825 0.104424977122486 0.994457940317712 0.0121995529435605 -0.716671137569446 -0.98350624545951 0.105080988980848 -0.147219057519549 12.8066902636343
-0.149878720248022 0.00412271060814867 0.988695793696957 92.711155192871 0.104426392431656 0.994463988727381 0.011683479282169 -0.722077176634399 -0.983174195033884 0.104997039870982 -0.149479509759052 12.5375812308685
-0.151956124857023 0.00474121920975845 0.988375868260067 94.5756682865557 0.103002585372613 0.99461954434111 0.0110647829278731 -0.712873940868882 -0.983005495165207 0.103486631286792 -0.151626889501557 12.2508370014593
-0.156332354136868 0.0054848209815882 0.987689278968252 96.4619268444193 0.10302688258685 0.994620113115939 0.0107838791569989 -0.719179039654561 -0.982316474724139 0.103444416591893 -0.156056387762573 11.9611895032583
-0.160685096325593 0.00505343245653761 0.986992787531521 98.3432251867985 0.101607486944468 0.994758686335581 0.0114487797052534 -0.711685251194606 -0.981761793112598 0.102125505043142 -0.160356361906906 11.6647087426326
-0.165482229639924 0.00447555285081713 0.986202616656475 100.242190851962 0.099873516907405 0.994924811359879 0.0122433802953431 -0.702842654526829 -0.981142656443978 0.10052158557837 -0.16508936531123 11.3613885440549
-0.170746522162167 0.00515661778341969 0.985301494194828 102.168301195623 0.098564425538807 0.995059841506935 0.0118729035369437 -0.703937700666674 -0.980372724624533 0.0991429327447414 -0.170411266350092 11.0401289657634
-0.174780245954275 0.00656778910094963 0.98458556244264 104.086962196391 0.0989481950606153 0.995032584979601 0.0109274664519915 -0.71116642034506 -0.97962294803583 0.0993328695605761 -0.17456191081233 10.7005557941203
-0.179508934833484 0.00829812637703292 0.983721344392597 106.008619177105 0.0986466079427155 0.995076153340494 0.00960707002588951 -0.715014824738898 -0.978797930655937 0.0987653286923957 -0.179443642383727 10.364952978844
-0.185050402619461 0.00887773358582883 0.982688930606606 107.957164603035 0.0971807435062411 0.995223212459707 0.00930916070092652 -0.71681320359422 -0.97791219011829 0.0972211048474586 -0.185029200912423 10.0175932927866
-0.189810872621244 0.00841529990116657 0.981784607417704 109.898667311421 0.0957263880285575 0.995357699726779 0.00997538117673646 -0.721596295683503 -0.977142922642214 0.095876130096018 -0.18973527981913 9.65697906620595
-0.19566274503733 0.00796630039554069 0.980638887798391 111.8571223486 0.0934655197560912 0.995566500716887 0.0105612152263523 -0.721056520979558 -0.976207092179308 0.0937223597032299 -0.195539848804477 9.278322998581
-0.200901934227062 0.00720739040908142 0.97958484387383 113.8165413125 0.0930521710799683 0.9955917959067 0.0117588001333946 -0.726349468946893 -0.975181883692027 0.0935148621704801 -0.200686980823636 8.89007118168399
-0.206223991375647 0.00702182932934803 0.978479616187259 115.790056170789 0.0928278848516753 0.995604708799592 0.0124196461319637 -0.720962637313935 -0.974091704704984 0.093391422137949 -0.205969398445474 8.48704687716071
-0.212184375001688 0.0084709090187538 0.977192936274889 117.785484936038 0.093660189533665 0.995535389456513 0.0117071446640977 -0.729597198015862 -0.972730980231256 0.0940081487960706 -0.212030441348111 8.07490043945177
-0.21761819971002 0.00936917843505586 0.975989004881931 119.759998462153 0.092793171678425 0.995623167733197 0.0111326170675337 -0.726300472884842 -0.971612961237564 0.0929877753705619 -0.217535117134696 7.63922935158098
-0.223589494307106 0.00950598652877321 0.974637047446693 121.742326096763 0.0934616147830057 0.995553772469683 0.0117308432576455 -0.734016385231356 -0.970192076136291 0.0937140455934817 -0.223483809393112 7.19640102427357
-0.229581859842285 0.00952884772313917 0.973242709036357 123.74470626296 0.093059258956738 0.995585769637687 0.0122044916877843 -0.732444421181512 -0.968830296777398 0.0933711751880827 -0.229455180133759 6.74374603476018
-0.234370950056233 0.0102806502885445 0.972092879307005 125.748171176704 0.0925401567135745 0.995639247402537 0.0117816988222182 -0.73497344113081 -0.967732699233195 0.0927189153374598 -0.234300289315825 6.27181164950862
-0.240081065741132 0.0103376337223369 0.970697798082197 127.774512901242 0.0909687594607758 0.995782711609146 0.011894371042823 -0.736688035455029 -0.966481125876119 0.0911587877791255 -0.240008976365199 5.78090219235506
-0.243990607785408 0.0100442916790504 0.969725577427539 129.782995364453 0.0922048086259339 0.995656672480083 0.012886574880232 -0.735763017395347 -0.965384305123489 0.0925575645236794 -0.243857008656062 5.28250897789252
-0.247893994192823 0.00973668034266267 0.968738233321589 131.80748649614 0.0944741135431346 0.995426462077991 0.0141704080792647 -0.732513441428679 -0.9641696995412 0.0950334449065106 -0.24768010585397 4.77434166064863
-0.251798816220783 0.0105463147062898 0.967722135427277 133.853990426769 0.0957419272625075 0.995306818436202 0.0140648689459209 -0.733707401767686 -0.963032107208204 0.0961930996512801 -0.251626803154206 4.25104732330556
-0.254404398303368 0.0110124774184537 0.967035225555414 135.868642416357 0.095868796412907 0.995297110597879 0.013886522597633 -0.727712835310442 -0.962334440825144 0.0962412955888584 -0.254263715510365 3.72309594179208
-0.257930510523203 0.0109279578995208 0.966101667257327 137.897203482503 0.0952018482276477 0.995357299722518 0.0141581772533241 -0.71876427413657 -0.961461626813717 0.0956264901857373 -0.257773378259814 3.19202013856848
-0.262038612728974 0.0112414944095403 0.964991914081416 139.97065656649 0.0940304585235523 0.995471765029727 0.0139369257172961 -0.717931210992636 -0.960465532077505 0.094390644833263 -0.261909083193072 2.64403221747268
-0.266199710096466 0.0117882303865633 0.963845813379355 142.039113194827 0.0923854435994466 0.995633976612354 0.0133384566575374 -0.716507702847181 -0.959480403215976 0.0925960163258918 -0.266126536829915 2.08914711559147
-0.270964174891624 0.0118125713136557 0.962516950024394 144.116525053893 0.0920998118423447 0.995655415481345 0.013708328901636 -0.709296175315231 -0.958173283171633 0.092362096022289 -0.270874883727642 1.53292081859688
-0.275427060650132 0.0122824282559915 0.961243505162852 146.180882810779 0.0925047285114303 0.99561683316323 0.0137839299565536 -0.712610299622403 -0.956860914378185 0.0927160367906061 -0.275356000583222 0.949744020393403
-0.279715331347498 0.0128204496621721 0.959997379933726 148.251334469791 0.091842881991103 0.995682491398743 0.0134633335233261 -0.70599927028408 -0.955679976998957 0.0919348268745404 -0.279685125043897 0.363962500799661
-0.284702180018331 0.0127567861825432 0.958531133088072 150.358620128882 0.0909686996195535 0.995758584888347 0.0137672186982107 -0.705730997108257 -0.954289979189941 0.0911158878980488 -0.284655108140031 -0.241122141800994
-0.288468253202724 0.0121789798682301 0.957412000835345 152.412025041077 0.0908076081761047 0.995760050519836 0.0146935389225697 -0.700446618126295 -0.953173670005369 0.0911789133413164 -0.288351106414372 -0.858711578513763
-0.292712808221306 0.0124328431619799 0.956119572184414 154.518421676771 0.0914290923303044 0.995697957633581 0.0150432124219629 -0.694640159968925 -0.951819275376819 0.0918204855967623 -0.29259026888453 -1.48490256082933
-0.297012880450442 0.0131361670160213 0.954783111477501 156.661790885568 0.0924201921733373 0.995606318241356 0.0150521479043783 -0.692712473388263 -0.950390370808319 0.0927119204526531 -0.296921947455566 -2.12928273262607
-0.300141254202625 0.0139226686448571 0.953793157253438 158.746320724351 0.0923057107030734 0.995624934639497 0.0145136244852127 -0.685013766861329 -0.94941818146551 0.0923966927000245 -0.300113258422252 -2.78412261852787
-0.303730525529736 0.0157005761394188 0.952628605370593 160.86374787589 0.0926283969640988 0.995614252179576 0.0131240593097486 -0.689855426145363 -0.948244561248464 0.0922266380488564 -0.303852759238605 -3.44207522979547
-0.307586684879322 0.0168403969461866 0.951371027683544 163.001177952328 0.0934993818640505 0.995539517284362 0.012606947142745 -0.684962549690182 -0.94691514766424 0.0928303320898636 -0.307789266492671 -4.11949248308154
-0.310440184429276 0.0174008181406902 0.950433639671677 165.1096169879 0.0928397340740435 0.995607584137589 0.0120963707273792 -0.687980563472536 -0.946048453129425 0.0919932059216763 -0.310692089367712 -4.79770567929133
-0.314386793621013 0.017281909022497 0.94913765051084 167.240970900857 0.0923471361231391 0.995648914722963 0.012459737591151 -0.68154428244375 -0.944792543602326 0.0915673207619622 -0.314614804676962 -5.4877538385291
-0.317846298681565 0.0177279153364878 0.947976503628783 169.382301005902 0.0928235132468565 0.995604058855875 0.0125041344449965 -0.686645866637642 -0.94358758247602 0.0919689023938538 -0.318094632443759 -6.19276568360285
-0.321814720901649 0.0179482458747077 0.946632529485975 171.508621575233 0.0937746396125157 0.995508514002714 0.0130044420737934 -0.682918644712758 -0.942147335811409 0.0929551451944909 -0.322052384877576 -6.91347410013117
-0.325359977607204 0.0185071607201713 0.945409101909601 173.653967031564 0.0963142951482567 0.995257187911553 0.0136633253815878 -0.683346806602027 -0.940672334833726 0.0955019105173629 -0.32559936051227 -7.63456624257152
-0.32770244564058 0.0181902750993952 0.944605854847931 175.789453392118 0.096979986934428 0.995180993380505 0.0144800741845124 -0.676343052532341 -0.93979039644773 0.0963530191846583 -0.327887338027286 -8.37272209651011
-0.330418061620381 0.0177753898807387 0.943667282504601 177.95583569509 0.0969692331081891 0.995171191029127 0.0152075105154775 -0.676071689082767 -0.938840174036795 0.0965315288403556 -0.330546201845225 -9.11432349565128
-0.333500099941498 0.0179398037261328 0.942579358346701 180.131260166263 0.095482596230882 0.995320479503113 0.0148397068267239 -0.667406801764246 -0.937902317491551 0.0949489679983969 -0.333652418423751 -9.88062254179296
-0.336248411163947 0.0195824717977319 0.941569717433612 182.27978020184 0.094428965046868 0.995446470912241 0.0130189903042827 -0.660614358653828 -0.937027308326656 0.0932890687415019 -0.336566446787918 -10.6439392038655
-0.339477038115663 0.0211378372984016 0.940376803428585 184.46108530072 0.0939538527877315 0.995509665666643 0.0115403254126638 -0.672330678010684 -0.935910259660913 0.0922696992443088 -0.339938653969811 -11.4106005690571
-0.342958592130647 0.0222980077189977 0.939085833635844 186.66349736905 0.0928663074308256 0.995625571863975 0.0102747065503439 -0.662876452792922 -0.934748764657075 0.0907332326234209 -0.343529078055667 -12.2006105266494
-0.345722476678573 0.023016476524978 0.938054481854657 188.82485206593 0.0915765561543612 0.995754437016547 0.00931855808402887 -0.668311638408092 -0.933857432096645 0.0891254339132968 -0.346362459784005 -12.9812965503431
-0.34999786313392 0.0234876322576404 0.936455993057132 191.024936125211 0.092388049223601 0.995677214762687 0.00955679669526999 -0.680587090242074 -0.932183428388612 0.0898622008040482 -0.350654874063239 -13.7962422922878
-0.353299565303336 0.0228310672906902 0.935231607422911 193.207183637494 0.0920050956027522 0.995703709695512 0.0104491569862833 -0.679810683862414 -0.930975015529204 0.0897377560727008 -0.353882262335136 -14.6109285056905
-0.356898920832088 0.0222334986274012 0.933878381721987 195.395337446409 0.0918797721456719 0.995704756643203 0.0114081141543509 -0.685226582917307 -0.929613504516447 0.089876076554802 -0.357408761901222 -15.4373337325712
-0.361306713296951 0.0220954192106247 0.932185202294298 197.614412191245 0.0917227682715347 0.995712879203093 0.0119497267622994 -0.689028954333249 -0.927924777504708 0.0898201237974767 -0.361784400788432 -16.2843949300251
-0.364539833740725 0.0222594636197399 0.930921707715341 199.797671113126 0.0906587259405464 0.995813406250667 0.0116899675910817 -0.689886690563511 -0.926764104304392 0.0886576348139579 -0.365031668163289 -17.1236540020027
-0.368262776698827 0.0229234920922292 0.929439100107354 202.002868346506 0.0897520098473424 0.995903410236228 0.0109988275835692 -0.692208798492563 -0.925379437866669 0.0874694860516972 -0.368811584665421 -17.9809869418307
-0.3721730576499 0.0230184432053434 0.927877883361774 204.214960435562 0.089569548061598 0.995917368495318 0.0112201243042464 -0.699282481850707 -0.923831430088609 0.0872854306385896 -0.372715363754529 -18.856439517708
-0.374263802731004 0.0236920318774392 0.927019575624402 206.427258607198 0.0905093185372666 0.995833854562657 0.0110904177017973 -0.712448504875117 -0.922894722719362 0.0880546519634206 -0.374848914956883 -19.7393740857551
-0.37747073202778 0.0236228615725256 0.925720155810349 208.620436353953 0.0914569630111289 0.995738129781832 0.011882794930502 -0.716418577812883 -0.921494151028205 0.0891489613495562 -0.378022475933776 -20.6422174564695
-0.379686568702868 0.0236290032731999 0.924813375633677 210.83477895971 0.0931326902769648 0.995571435153524 0.0127991995112205 -0.717226005996846 -0.92041534730165 0.0909900418214443 -0.380205734755427 -21.5277210095394
-0.382196830499437 0.0240236593866364 0.92376861093342 213.045076235393 0.0941762902664486 0.995469662329537 0.013075845409265 -0.719774356192821 -0.919269497540212 0.0919946475138214 -0.382727808920352 -22.4335779446669
-0.385126016156953 0.0246911401285565 0.922533630432098 215.258260827599 0.093891131827887 0.995503339133051 0.0125521766647549 -0.729790788289549 -0.918075382004742 0.0914518965035546 -0.385712514164048 -23.3572069124453
-0.387443801338424 0.0251873878013143 0.921549182789599 217.460629636479 0.0934105453406682 0.995554605828226 0.0120622068198844 -0.726140213617342 -0.917148717942511 0.0907558389854498 -0.388074228552292 -24.2746620348966
-0.39013881382564 0.0261436179793784 0.920384820162562 219.666861340687 0.0930768920930124 0.99559621980261 0.011174044615051 -0.735537827949448 -0.916039517763851 0.0900259871020681 -0.390854094952669 -25.1932339260948
-0.393645509714012 0.0270546647225017 0.918864112803819 221.897910146107 0.0926089075263369 0.995648677896008 0.0103585930854787 -0.751565241371632 -0.914585590816286 0.0891726153069717 -0.394438134249898 -26.1402026853889
-0.395806552606541 0.0273922530114638 0.917925289655254 224.08222626367 0.0908126091792791 0.995823243538974 0.00944127330231226 -0.754292217789263 -0.9138327215239 0.0870961084232435 -0.396640926997895 -27.0747257936341
-0.398755575324536 0.0280662176176999 0.916627666272535 226.279348543743 0.0912643076332617 0.995784092809295 0.00921231025265232 -0.767885163383618 -0.912504694398785 0.0873288493947199 -0.399635902745956 -28.0270345814203
-0.401947682954043 0.027916522980862 0.915236979100241 228.494316996962 0.0930245796091192 0.995608594517123 0.0104859006377924 -0.789908719879642 -0.910925072525958 0.0893543186885671 -0.402779490509732 -28.9958590108869
-0.403729325477671 0.0269334733459351 0.914481940643372 230.701588568166 0.0929819695445752 0.995598723549981 0.0117275319338632 -0.794332686890341 -0.910141189645297 0.0897650805111425 -0.404456728503646 -29.957421170082
-0.407412748024586 0.0265308605179153 0.912858678102604 232.919612580464 0.0923299004110849 0.995652868509601 0.0122700822606048 -0.798577714124689 -0.908564825555741 0.0892831387708888 -0.408091262947498 -30.9317962196156
-0.410027279105885 0.0265075588447352 0.911687983749439 235.099722410445 0.0910178641144616 0.995777169428577 0.0119823727555153 -0.813006174159477 -0.907520456409147 0.0878929927178704 -0.410708464765496 -31.9021847290528
-0.413415996273012 0.0262580076769358 0.910163573792333 237.296839630275 0.0896842309192504 0.995897894562247 0.0120050960390272 -0.810045636768608 -0.906114756943079 0.0865904188656094 -0.414075049490624 -32.8894661699158
-0.417356044232446 0.0257740863593329 0.908377470446613 239.511766485099 0.0887747452989146 0.99597293509291 0.0125282544485166 -0.818490370516607 -0.904396471100898 0.0858697212919408 -0.417963412304817 -33.8806559509301
-0.420473958549938 0.0255179229341666 0.906945690651028 241.698788056274 0.0879627929444693 0.996042081238809 0.0127561537647598 -0.829867513566443 -0.903030562737914 0.0851411064679554 -0.421054384552232 -34.8861263058909
-0.424094510286469 0.0253570606273569 0.90526287111602 243.872809313013 0.0873430269640945 0.996093246831229 0.013016883573661 -0.832201670196821 -0.90139616261976 0.0845887882261079 -0.424652440144655 -35.8889613570701
-0.428523762584686 0.024852920609209 0.903188638788961 246.066608392151 0.0863870278971777 0.996169156768697 0.0135754378874075 -0.843219162597565 -0.899391275425416 0.0838411798577225 -0.42902912517533 -36.9113022765172
-0.432036817715189 0.0247576336828628 0.901516082892012 248.240642018212 0.0857557857138995 0.996221459328843 0.0137386021597043 -0.843764299404479 -0.897769532427518 0.0832458019790552 -0.432527459356906 -37.9349981078315
-0.435950291795056 0.0251650701377993 0.899618842804421 250.415591427425 0.0855542596293338 0.996240807678177 0.0135912389431988 -0.848736375554292 -0.895894978076718 0.0828913286278741 -0.436464449749603 -38.9709380820342
-0.440016803898846 0.0255691181042524 0.897625441086657 252.590471773588 0.0858272980096044 0.99621589954481 0.013695123602761 -0.857463255960777 -0.8938785640136 0.0830668507498336 -0.440546264430298 -40.0233180712367
-0.443083593563017 0.0256613626796562 0.896112952467883 254.758542392657 0.0855840753353196 0.996235534753724 0.0137885946694959 -0.858559438846421 -0.892385732272923 0.0828024985093111 -0.443611824770637 -41.089573486224
-0.447511954920511 0.0256783974649373 0.893909206858759 256.931345785351 0.0844828167571117 0.996331113918898 0.0136735185637308 -0.865027106160097 -0.890278441767522 0.0816390307436407 -0.448039467885622 -42.1607086043155
-0.450562696978649 0.0261572620772592 0.892361503950023 259.07050167751 0.0846857906305847 0.996315510618937 0.013554341201237 -0.856125949024691 -0.888719063009565 0.0816774200177035 -0.451117751925873 -43.2389660112458
-0.454099334500844 0.0267695665180593 0.890548810966769 261.229531426455 0.0852494990005076 0.99626787361013 0.0135220905378295 -0.852951359636741 -0.886863189745776 0.0820592122847033 -0.454686670525057 -44.3260949233143
-0.458082801572265 0.0279123930144801 0.888471184237232 263.420379796772 0.0863488707996934 0.996177190737402 0.0132241130574077 -0.864622105705243 -0.884705611723653 0.0827762222545971 -0.458741842013496 -45.4317648109134
-0.460751402265099 0.0297074664241459 0.88703191134784 265.555528451689 0.0883082429801118 0.996014602823205 0.0125126010364827 -0.868407717902867 -0.883125019197458 0.0840974280319612 -0.461538539090615 -46.537159638553
-0.463802456762963 0.0306938409162018 0.885406781784763 267.701647579971 0.0894640334083448 0.995913615986098 0.0123392147159015 -0.86231016673857 -0.881409931772356 0.0849350200053279 -0.464653176627196 -47.654906768837
-0.467096484795914 0.0324610145692188 0.883610296694441 269.878653330767 0.0911999782540573 0.995764694243423 0.0116291730042366 -0.868553883719031 -0.879490442163961 0.0860171856749566 -0.468078632187798 -48.7832304295044
-0.469290499433342 0.0348398743880382 0.88235628308197 272.030855482713 0.0930703328523376 0.995607402896393 0.0101888390238328 -0.875286172806453 -0.878125469556805 0.0869027183149309 -0.470471654050609 -49.9221612685271
-0.472593419775018 0.0355905513245217 0.88056162319384 274.196842787505 0.094222467953062 0.995497544483873 0.0103327372662345 -0.875530706401179 -0.876229185840205 0.0878518729623644 -0.473819018506873 -51.0712239347095
-0.475561037552388 0.0364069905028998 0.878929024782216 276.367822518241 0.0942360091227188 0.995502116375794 0.00975248050183602 -0.882903345762053 -0.874620645849799 0.0874646633437619 -0.476852868838433 -52.2343229545514
-0.478800482727758 0.036773305176346 0.877153248734834 278.541840126507 0.0937107747698125 0.995554939361739 0.00941559368733208 -0.877508775781627 -0.87290800685508 0.0867069013334624 -0.480118240467326 -53.3881179110148
-0.482578697257279 0.0377580983745718 0.875038357422464 280.745702033992 0.0943042751667624 0.995502266502505 0.00905213088988413 -0.879537121211979 -0.870760876842052 0.0868882235720824 -0.483968936984336 -54.5925955774259
-0.485383030721349 0.0380975201519119 0.873471174364691 282.925687931391 0.0935779872361185 0.99557500281128 0.0085775335706732 -0.883657962039616 -0.869279284115637 0.085901063646464 -0.486800301429458 -55.7875507958534
-0.488296558050557 0.0381037437227948 0.87184550013766 285.127675678167 0.0922644153515609 0.995701122732238 0.00815793169833748 -0.881591164327194 -0.867786695597377 0.0844238053162002 -0.489713050714516 -57.0080217053631
-0.491618208174366 0.0384063790674561 0.869963497762034 287.334501759939 0.0933418845599147 0.995595269132732 0.008795036516554 -0.89135778083988 -0.865793757183678 0.0855278324725398 -0.493037686079188 -58.2280572328661
-0.493177949383841 0.0385029765542842 0.869075963905348 289.530662942132 0.0947062549895811 0.99545857417516 0.00964118078896711 -0.895038206261338 -0.864757905721248 0.0870617476140776 -0.494584691023675 -59.4759141980011
-0.495372170728304 0.0383861721826844 0.86783230767994 291.741690191566 0.0955750776726063 0.995366543759571 0.0105284420500471 -0.899942546705198 -0.863407098068926 0.0881586374060264 -0.496745646840422 -60.7265857649644
-0.497997729893789 0.0383178693012527 0.866331346490963 293.983675852171 0.0954957264504275 0.99537049910791 0.0108690264225939 -0.900072233211944 -0.861904186815645 0.0881436917645389 -0.499351441723943 -61.9873234791882
-0.499867966060624 0.037887597898854 0.865272527260556 296.186878459011 0.0953397966515587 0.995378434504856 0.0114932718187905 -0.887009414751052 -0.86083816114346 0.0882400252046424 -0.501169989395844 -63.2610195569197
