1 -1.73472347597681e-18 -9.48676900924816e-20 -1.73472347597681e-18 1.73472347597681e-18 1 -1.6456920911512e-37 6.93889390390723e-18 9.48676900924816e-20 0 1 5.55111512312578e-17
0.999998083178525 -0.0017222395614709 -0.000931412995783842 0.0277001884163221 0.00172392720582468 0.99999686844242 0.0018141610575488 -0.0461169241671028 0.000928285659066225 -0.00181576326832922 0.999997920642582 1.55037426506065
0.999995891782957 -0.00216699737195116 -0.00187631010197289 0.00293554656536281 0.00217297307597271 0.999992555299081 0.00318865715083872 -0.0713372219397941 0.00186938632173943 -0.00319272122247683 0.999993155939567 3.0607647509062
0.999991761697886 -0.00128131486268841 -0.00385159299270205 -0.0331269197694332 0.00129290952358187 0.999994636013207 0.00300937365193165 -0.0891388159289018 0.00384771637762051 -0.00301432862106356 0.999988054379472 4.59741391469344
0.999987194613676 -0.000915686598099897 -0.00497716050817668 -0.0426124826561882 0.000929541209732251 0.999995698100704 0.00278203760293503 -0.107962004931152 0.00497459162238498 -0.00278662845366856 0.999983743937896 6.11624672451912
0.999977848825658 -0.000708390033505042 -0.00661815998366989 -0.058250277608937 0.00072957724850841 0.999994615412217 0.00319950990171119 -0.133395441313626 0.00661585784668003 -0.00320426748776062 0.999972981182401 7.62258214229924
0.999965026883667 -0.00117513263014202 -0.00828034255619078 -0.0777039171908294 0.00120330843950833 0.999993500848052 0.00339857476847475 -0.154017735957809 0.00827629496487991 -0.00340841971580389 0.999959942006026 9.12132517048506
0.999952037312987 -0.00223800587099636 -0.00953490447398031 -0.0958670249252899 0.00226633328324484 0.999993047641047 0.00296114893565527 -0.185084660985734 0.00952821111519894 -0.00298261618235761 0.999950157354682 10.6375142126693
0.999930621838115 -0.00330909408371614 -0.0113049284290196 -0.112840224210392 0.00334283174222831 0.999990011913102 0.0029667406317737 -0.204006933670681 0.0112949982905395 -0.00300432527835802 0.999931696188914 12.1251380267157
0.999917616269112 -0.00329228394675249 -0.0124065120445083 -0.13937580381034 0.00333049274839382 0.999989771027394 0.00306033635957543 -0.231112779106083 0.0123963096423681 -0.00310140403604545 0.999918353067017 13.6163964799891
0.999909828689168 -0.00287658798706365 -0.0131171541254976 -0.175260110470785 0.0029156825034269 0.999991361860891 0.0029622625033887 -0.248764992744969 0.0131085196089638 -0.00300024084907421 0.999909578546235 15.11763523851
0.99989805569211 -0.00183609440729962 -0.0141600487451895 -0.20695059666037 0.00188395642822069 0.999992555377405 0.00336747649495269 -0.275961059751578 0.0141537603242116 -0.00339381011474949 0.999894070950313 16.5947770139496
0.999892945262852 -0.000165482836331892 -0.0146311526890731 -0.238013076896671 0.000227054248632283 0.999991126106607 0.00420667973689454 -0.294572621857434 0.0146303267204895 -0.00420955145728148 0.999884109893032 18.0829519264622
0.999889994005932 0.00033167042144093 -0.014828684417322 -0.27499440583751 -0.000259959211702436 0.999988264736017 0.00483764523886188 -0.313296466083847 0.014830114902631 -0.00483325821577672 0.99987834625368 19.5409364065009
0.999874131276815 0.000586936963904409 -0.0158548764875224 -0.306487443207298 -0.000506312155568649 0.999986924255697 0.00508870962357522 -0.337630647611251 0.0158576559249881 -0.00508004159750157 0.999861354351658 21.0276065096953
0.99987421873955 0.0010674639396948 -0.0158242605107516 -0.336511463081674 -0.000989907932609388 0.999987465213256 0.00490810540355369 -0.357268281743962 0.0158293013825513 -0.00489182349486234 0.999862742220469 22.4995267551986
0.999864640345619 0.00204402958171013 -0.0163255299943166 -0.36474525341612 -0.00194993933315241 0.999981410554423 0.00577722097402571 -0.378895898539601 0.0163370353223363 -0.0057446051783209 0.999850039149983 23.9598754151186
0.999865928127102 0.00249058694538431 -0.0161840275332475 -0.404360001133761 -0.00238638148406302 0.999976319384489 0.00645490926840332 -0.391985111423173 0.0161997207982716 -0.00641542258298541 0.999848194177066 25.4072958740875
0.999871264418527 0.00288451982228262 -0.015783983511482 -0.43749688977113 -0.00279508294029855 0.999979931465771 0.00568543552149486 -0.413387184107589 0.0158000665015286 -0.00564058606060417 0.999859260939978 26.8479352690745
0.999866274957234 0.00309068404500353 -0.0160586386495846 -0.46699741068067 -0.00302860355064126 0.999987852537702 0.00388874498619493 -0.43563893467505 0.016070462459961 -0.00383958971357275 0.999863489576029 28.2765302113627
0.999875475597171 0.00191606383300803 -0.0156640351991189 -0.499639679445414 -0.00185663924570881 0.999991028416586 0.00380735827696674 -0.458771828066098 0.0156711898094143 -0.00377780170545409 0.999870062570248 29.718515485987
0.999888029711387 0.000573708149989857 -0.0149532236938987 -0.522770434267362 -0.000491757483611305 0.999984844208058 0.00548356898038111 -0.476506908361083 0.0149561430341666 -0.00547560162392416 0.99987315774172 31.1488317440847
0.999883666769045 -0.000945283400235744 -0.0152236450228688 -0.547987352156026 0.00105398362828128 0.999973998785103 0.00713378386571489 -0.495851343738492 0.0152165057421339 -0.00714899944220573 0.999858664892181 32.5633446617679
0.999892867992689 -0.00186685644692408 -0.0145178298778084 -0.579346948791188 0.00196325149137795 0.99997610499328 0.00662835470163359 -0.518367965701259 0.0145051087874586 -0.00665614674384842 0.999872640654593 33.9580552781965
0.99989399465247 -0.00140815737787833 -0.0144919477891863 -0.599456128853285 0.00148494908114156 0.999984907803549 0.00528952657176933 -0.538260284800844 0.0144842805879958 -0.00531048565822033 0.999880995097878 35.3485344337453
0.999904786231887 -0.000934092052166736 -0.0137675685072775 -0.625323626712918 0.000994251610526169 0.999989985786452 0.00436346084515007 -0.556306549700028 0.013763354761811 -0.00437673381076238 0.999895701694357 36.7119990872081
0.999920722538935 -0.000388859609700928 -0.012585603895652 -0.64953553456138 0.00043457654150159 0.999993317290749 0.00362994725483989 -0.5855451033819 0.0125841082498477 -0.0036351288900514 0.999914209348736 38.0709671065587
0.9999319416545 0.000380070381609992 -0.0116605148070746 -0.678695962858072 -0.000327823743977037 0.999989901021466 0.0044822301001882 -0.604579631906434 0.0116621006106905 -0.00447810245340268 0.999921967959382 39.4091212436479
0.999948360555365 0.000491011146464272 -0.0101506221824682 -0.706164240798978 -0.000430704725732971 0.999982250509505 0.00594248764284081 -0.624924995648266 0.0101533598417666 -0.00593780885513607 0.999930823462265 40.7427237698086
0.999968183133589 0.000168305583496292 -0.00797523628114102 -0.724228594545 -0.000110770796939505 0.999973972107379 0.00721407219405288 -0.65452161225674 0.00797624287117748 -0.00721295924160296 0.999942174712438 42.0370576708896
0.999981143639025 0.000521183272299076 -0.00611888342631303 -0.739288845091046 -0.000473213431354148 0.999969166740298 0.00783847164709282 -0.669986245006311 0.00612278004149411 -0.00783542830421973 0.999950557591651 43.3314318669001
0.999996815007004 0.000268690672272766 -0.0025095380393965 -0.760678075017155 -0.000250269247914443 0.999973045230017 0.00733799555127877 -0.687204140080531 0.00251144204633369 -0.0073373441196166 0.999969927567883 44.591440450163
0.999999536339941 -0.000367532697729415 0.000890078434727607 -0.764034900562955 0.000362224954570481 0.999982196863777 0.0059560682145011 -0.713158501828199 -0.000892251638358721 -0.00595574304428958 0.999981866341487 45.8423279357247
0.999987681356592 -0.000462228659577643 0.00494201170917784 -0.761780114369382 0.000440462570212252 0.999990203230629 0.00440447902596635 -0.736197817396036 -0.00494399916986521 -0.00440224799758039 0.999978088302327 47.0988316150508
0.999966207600174 -0.000403415167586881 0.00821102392690582 -0.758356372700639 0.000365743617426101 0.999989404020483 0.00458890818878419 -0.748985991328388 -0.00821278815823049 -0.00458574998897012 0.999955759525244 48.3053137718834
0.999905178635215 -0.000230200746433418 0.0137688324158307 -0.758130866019712 0.000165678662233612 0.999989001976779 0.00468705409249664 -0.775923069776683 -0.0137697599492427 -0.0046843284578956 0.999894219794193 49.5025612243905
0.999794126458143 0.00122498473628298 0.0202534962955737 -0.743115244129232 -0.00130316285083766 0.999991750245666 0.00384723370666227 -0.795199738407628 -0.0202486164066373 -0.0038728352670047 0.999787474756816 50.7160851637385
0.999601524256106 0.00253408907841321 0.0281135393967423 -0.720489155962745 -0.00264593444596151 0.999988730329001 0.0039418581786497 -0.815722280274192 -0.0281032335466435 -0.00401467402606738 0.999596964109379 51.903801903802
0.999338777803599 0.00341237051349336 0.0361989351430045 -0.699251128902767 -0.0035873174196858 0.999982193351355 0.00476908103759916 -0.836234631389835 -0.0361820166897759 -0.00489578468597324 0.999333224185291 53.081053447085
0.998893486042708 0.00535098739161771 0.0467244098451808 -0.647353305622483 -0.00559384773448279 0.999971509132388 0.00506850974319375 -0.8546615367511 -0.0466959570944755 -0.00532427060057775 0.998894959309337 54.2572527031436
0.998211604847277 0.00766576380161186 0.0592859849674578 -0.588445377420103 -0.00799197384130543 0.999954191674418 0.00526715358428393 -0.87360502957696 -0.0592428924204721 -0.0057315458733611 0.998227143028859 55.3970545087967
0.997199884250377 0.00970675740574497 0.0741496440429785 -0.516810980939929 -0.0101679455652526 0.999931223667146 0.00584472569977667 -0.89354740982031 -0.074087810967908 -0.00658230933560436 0.997229998280133 56.5472956737953
0.995810410945221 0.0115830367116649 0.0907053400503285 -0.422663551730921 -0.0122565200734191 0.999901275579682 0.00687144888761826 -0.904782307192915 -0.0906167929734846 -0.00795439216166138 0.995854067861622 57.6686294678988
0.994052404750027 0.0119849060673155 0.108241298205661 -0.311349213973341 -0.0129019732087388 0.999886529513201 0.00777606490249446 -0.923953171465879 -0.108135820605432 -0.00912634234534544 0.994094238076746 58.7692851500403
0.991777755016876 0.0115678559482064 0.12744830074366 -0.174807885963399 -0.0125989010697373 0.999894080146315 0.00728671257763388 -0.94507594653716 -0.127350509796859 -0.00883250797427447 0.991818448334858 59.8738272328402
0.988951163740519 0.010588905035962 0.147863013720172 -0.0326644465698623 -0.0116237335628965 0.999913614306181 0.00613618311405126 -0.958026508240449 -0.147785265010864 -0.0077871057068561 0.988988815118947 60.9769914408389
0.985713845484929 0.0078605129951517 0.168245140062847 0.141528608091801 -0.00897685394580315 0.999942444790832 0.00587564455783285 -0.966593732438667 -0.168189271098217 -0.00730201624123938 0.985727675195469 62.0172138479972
0.981661725736678 0.00283273420836989 0.190610156708904 0.35265860445325 -0.00441312629653447 0.999959314500074 0.00786725243229094 -0.994346602178715 -0.190580115804296 -0.00856416729444742 0.981634287552434 63.0859167406465
0.976944385659254 -0.00279018600705142 0.213475718035819 0.577612294842575 0.000837614828910131 0.99995699205061 0.0092364739210916 -0.999115907490507 -0.213492308363231 -0.00884471091345951 0.976904706385734 64.0801397199647
0.971404221604108 -0.00814188284886179 0.237292115320743 0.818621291260131 0.00621851936171765 0.999941476860581 0.00885284535214241 -1.01385927578511 -0.237350307070931 -0.00712408573477447 0.971398002435551 65.1084583475619
0.96479200143326 -0.0138287461432901 0.262650261280108 1.11121194628604 0.0122548839376221 0.999895798816674 0.0076295038135533 -1.04328884346253 -0.262728399283518 -0.00414213578604695 0.964860938644036 66.1286995941116
0.957322376358788 -0.0177496659058448 0.288476718441879 1.39401637127559 0.0160734524962488 0.999837365002417 0.00817848823890283 -1.0504540450883 -0.288574967465327 -0.00319263296573959 0.957451980648184 67.0727299360666
0.948602819937098 -0.0204362193050931 0.315808566932404 1.73385388461047 0.0180739218165569 0.999782484224453 0.0104075735956738 -1.0521761104313 -0.315952565043479 -0.00416475431382388 0.948765846488981 68.0562776227079
0.938885884985629 -0.0254180700712736 0.343288824007721 2.06494327279809 0.0222498507463303 0.999665753533141 0.0131653087613763 -1.06141099447309 -0.343508717671791 -0.00472259747047881 0.939137613961135 68.9715167584609
0.927875688774457 -0.0288155622862862 0.371774621984143 2.42443960406683 0.025768891234742 0.999581279891454 0.0131616539650097 -1.08314813232101 -0.37199821293369 -0.00263215894044776 0.928229713655759 69.879417441169
0.915554065012073 -0.0283666446986455 0.401193329341864 2.83931135086796 0.0269155207777216 0.999594879467256 0.00925373892572761 -1.07850703902788 -0.401293295210788 0.00232602910177388 0.91594665827628 70.8000370759998
0.90249486677984 -0.0293537304830756 0.429699166793195 3.24633933946101 0.0302633144079838 0.999530824408254 0.00471835339916379 -1.09877126668532 -0.429636063706345 0.00874583126311261 0.902959779391327 71.6374640734953
0.888329092832589 -0.0311876743096012 0.458147085332197 3.68033642812249 0.0337952878085411 0.999425632613621 0.00250667046110423 -1.1117358854663 -0.45796211781016 0.0132564643107028 0.888872862002667 72.4964034158966
0.872155451877018 -0.0321991052170764 0.488168091321437 4.16526003374625 0.0338851992293775 0.99941124404111 0.00538131558139593 -1.130889919492 -0.488053952995343 0.0118483293092666 0.872733038252935 73.3473250506871
0.854670703328486 -0.031526623433947 0.518212370449458 4.65876333512643 0.0302218813466875 0.999483104178388 0.0109618588661134 -1.132057694072 -0.518290099037073 0.00629257314522049 0.855181721485763 74.1524278562493
0.834687814791586 -0.03183131199733 0.549802709537682 5.19367558198486 0.0289566092847855 0.999483945934488 0.0139052723077711 -1.12707154386455 -0.549961604675432 0.0043138608871436 0.835178797615858 74.9628227607326
0.813659310010562 -0.0266489115563001 0.580730886681602 5.70921823046581 0.0252671347836279 0.999625908221444 0.0104697427035982 -1.14871906321628 -0.580792647278667 0.00615460196260197 0.814028268392272 75.7330276419016
0.791737536403141 -0.0196396822096096 0.610545621827714 6.26539140464414 0.0218841462087423 0.99975336451107 0.00378077948455254 -1.16323510370467 -0.610469292917341 0.010367884620402 0.791972063505714 76.4850502418612
0.7689949049181 -0.0169366608331272 0.639030504537793 6.88332028558388 0.0206058844390758 0.999786228603408 0.00170135870946131 -1.16394199699127 -0.63892271342979 0.0118594525505363 0.769179510679215 77.2042874513465
0.745440921753049 -0.019714067886949 0.666280112042461 7.49167479532666 0.0223572579063985 0.99973961373832 0.00456702761780643 -1.18384471365783 -0.666196656547353 0.0114917470257482 0.745687571678263 77.8816876269856
0.721138067816232 -0.0203980752570437 0.692491014867398 8.10810039244802 0.0229835991660293 0.999720638886869 0.00551347014186474 -1.18042373870844 -0.692410023985533 0.0119399627067223 0.721405431068353 78.5322817888428
0.695364161097695 -0.0189186638865695 0.718408496342885 8.77748018740069 0.0238274636568724 0.999710759389385 0.00326336280230894 -1.2156348011506 -0.718262441894729 0.0148486268000135 0.695613817319333 79.1693773414143
0.669284550914145 -0.0164721172366982 0.742823572095953 9.44140204056277 0.0232198660287721 0.999729603733088 0.0012478947426512 -1.22605873406318 -0.742643270843584 0.0164130671546585 0.669486059225523 79.7707992612184
0.642065156576513 -0.0144221820040268 0.766514406502983 10.1371621789468 0.0220836395169346 0.999756077858608 0.000312490735016623 -1.22724071027314 -0.766331943465796 0.0167267884250418 0.642227036937032 80.3548815794655
0.613934868804403 -0.0130381700877143 0.789248999357544 10.8363707503772 0.0225948176124442 0.999744142162806 -0.00106039059602467 -1.24123958599622 -0.78903323826261 0.0184839479527396 0.614072383831824 80.8920975796151
0.585470468124911 -0.00707517219037565 0.810662860190397 11.5664227801058 0.0214715689760681 0.999746458672428 -0.00678159993252685 -1.26612254422142 -0.810409342665362 0.0213766300060471 0.585473942212871 81.4548793826276
0.555318370081516 0.00208022552980904 0.831635244871063 12.3614204326301 0.0198638392920735 0.999678402547652 -0.0157644970853134 -1.28621588704663 -0.831400586804331 0.025273783680314 0.555098459842841 81.9631131365597
0.52443167570593 0.0100042557471488 0.851393758717561 13.1013748851186 0.0189994950962708 0.99954449723145 -0.0234481820279414 -1.3175375229013 -0.851240528113152 0.0284730209369208 0.52400271981772 82.4350511946815
0.492567713188219 0.0151688800405621 0.870141915438421 13.909066947413 0.0165713253571044 0.999503327725738 -0.0268046458861938 -1.34753709529343 -0.870116336532327 0.0276225079145665 0.492071700015427 82.8877087526176
0.460112478709615 0.0150178704135977 0.887733614607408 14.7390002164716 0.0144412113080411 0.99959808268175 -0.0243951740089112 -1.37700359731945 -0.887743182655688 0.0240444726955892 0.45971067529604 83.3032891128576
0.426572293640052 0.0135995443296808 0.904351220872007 15.5663558240146 0.0108278015429537 0.999738508760647 -0.0201413210784114 -1.40682475504503 -0.904388653739316 0.0183838650740887 0.426313495555238 83.7094603092425
0.392391143274586 0.0146154813833103 0.919682324709787 16.4502351658482 0.00643798337853622 0.9998056141728 -0.0186356174721164 -1.4388293180228 -0.919775920020568 0.0132333507655268 0.392220773771399 84.0845359688742
0.356967126017633 0.0171247688225679 0.933959963400726 17.3074251286385 -0.000112019123050584 0.999832721810109 -0.0182897744520269 -1.47523973115949 -0.934116940427925 0.00642422684558625 0.356909331504528 84.430659874507
0.321155690188723 0.019253040871411 0.946830683425822 18.1883527697713 -0.00529857199633045 0.999814205658358 -0.0185331945046078 -1.48940890592859 -0.947011587993624 0.000935190328062696 0.321198034901905 84.7607063724379
0.285176655431503 0.0187687173597378 0.958291192929149 19.1165144393813 -0.00811824776973833 0.9998196919148 -0.0171661793228304 -1.5242131517884 -0.958440592446945 -0.00288425173393477 0.285277604872665 85.0054244899518
0.248206586993934 0.0183026291710649 0.968534203804 20.0315659921684 -0.00866554512728584 0.999823440988017 -0.0166731874135487 -1.55315249148613 -0.968668363528235 -0.00425448190815629 0.248321366143197 85.2658364944914
0.212321980592149 0.0174769600713144 0.977043464961561 20.9462363775398 -0.00813984188470954 0.999836998584033 -0.0161158070404033 -1.58645612436816 -0.977165860809473 -0.00453123924961653 0.212429631500277 85.4595058623079
0.177004213584643 0.0168507219667121 0.98406583191496 21.9139022401924 -0.00557651819392253 0.99985454517982 -0.0161180311480355 -1.60486202308779 -0.98419429525786 -0.00263470158780047 0.177072435826213 85.6310514624334
0.14183377613719 0.0153322337594784 0.989771742653128 22.8384521002086 0.00143825339490243 0.999875793789791 -0.0156948533095417 -1.64399548390058 -0.989889444015764 0.00364960287986091 0.14179410786412 85.772939925504
0.108216629090353 0.0181899550100172 0.993960908046717 23.8188697123569 0.00374111396245063 0.999818057179249 -0.018704454138833 -1.68717644078452 -0.994120297174663 0.00574265400710329 0.10812888915694 85.8700441116525
0.0757504327899412 0.0241975388861135 0.996833161087647 24.7723330826165 0.00518229380121738 0.999682451074456 -0.0246605118504528 -1.68663778405929 -0.99711334148285 0.00703392675704572 0.0756009795656251 85.9407843934923
0.0464040026298278 0.0264768607555188 0.998571802317922 25.7619439276436 0.0102251503164503 0.999583707120004 -0.0269788576710675 -1.75279054981021 -0.998870419444353 0.0114624737627874 0.0461139550927968 85.9909923736462
0.0204322925310173 0.025662618966649 0.999461830891855 26.7487169769812 0.0131145915755221 0.999577636205137 -0.0259336978920775 -1.78559692020785 -0.99970522100754 0.0136374186092122 0.0200871079039003 85.9912337404389
-0.00163313866297537 0.0227101175676095 0.999740758105907 27.6950054710919 0.0150156272411034 0.999629936136688 -0.0226830711747051 -1.80999938884363 -0.999885925391824 0.014974689960926 -0.00197354095736929 85.9951708945822
-0.0212377296870383 0.0206708265863299 0.999560741408934 28.6950483207097 0.0164626328737256 0.999657919095534 -0.0203230536202654 -1.84506802724993 -0.999638905083533 0.0160237860016019 -0.0215707608945454 85.9831188651097
-0.0377515026990902 0.0228392329775517 0.999026122521808 29.6806140684844 0.0176323894527065 0.999598359086634 -0.0221860170714995 -1.88498389730292 -0.999131584370221 0.016777662182375 -0.0381390504017264 85.9549181840985
-0.0523111770449236 0.0278984865097478 0.998241060669536 30.6504832203853 0.020494447303985 0.999429157502558 -0.0268577132949179 -1.91070616617628 -0.998420511801455 0.0190534402193737 -0.0528530796636101 85.8784576623364
-0.0646502054262535 0.0322586426852425 0.997386450133773 31.6516486764024 0.0240828298791322 0.999236707098798 -0.0307574461125199 -1.95951577682346 -0.997617345600685 0.0220314129927619 -0.0653777377873107 85.8339952165517
-0.0733510747966838 0.0363008453919746 0.996645307243254 32.6197158134708 0.0301173263885976 0.998962186169105 -0.0341686589646841 -1.99978650798776 -0.996851326165228 0.0275099841524883 -0.074368234445601 85.740373378276
-0.0788197456377641 0.0409649802370426 0.996046845329966 33.6127283061834 0.0331653957549915 0.998709993182597 -0.0384500460550032 -2.04977699896933 -0.996337043485794 0.0300036649660635 -0.0800766874102024 85.6613679804919
-0.082611021578688 0.0463194779242025 0.995504859394747 34.6216669209669 0.0355141950645319 0.99842164884269 -0.0435080805272237 -2.09323813706674 -0.995948874723318 0.0317603067849526 -0.0841256313514601 85.576648002847
-0.0861153612817308 0.0497875036972618 0.995040375576244 35.6279730253503 0.0368430554601471 0.998226550005465 -0.0467583589163247 -2.15634356630453 -0.99560370319504 0.032633714771421 -0.0877969637546768 85.5051461514198
-0.0882745401270525 0.0530925877649085 0.994680241429266 36.6285344747625 0.037744682301517 0.998039635614564 -0.0499221864535715 -2.21456093316629 -0.995380803774774 0.0331370316530178 -0.0901054527201986 85.389557469213
-0.0910825580680959 0.0563220165541028 0.994249364127054 37.6256492180082 0.0386469617458498 0.997847162512165 -0.0529854000101436 -2.2773554124683 -0.995093151400203 0.0335986713680686 -0.0930631469418146 85.3214471022745
-0.0923400473915523 0.0600402706812453 0.993915731611211 38.6321866533607 0.0398425411316369 0.997603814814848 -0.0565614761391277 -2.3437972684061 -0.994930091797358 0.0343772390308774 -0.0945109404921685 85.2069631159433
-0.0949742846527371 0.0614170191629553 0.993583330683359 39.6464120177713 0.0416302783011394 0.997466891016068 -0.0576777362186498 -2.41829104649393 -0.994608870452738 0.0358852488339657 -0.097290512039221 85.094864687644
-0.0970384977947978 0.0607506934866816 0.993424825131029 40.6648029197891 0.0423689804148245 0.997482724621048 -0.056860210878776 -2.47884656318297 -0.994378398520572 0.0365727675116052 -0.0993681701160127 85.0036211269489
-0.0990006516974985 0.0602072075535378 0.993264296711644 41.6796722752313 0.0425928092782708 0.997509524541314 -0.0562192231104878 -2.5553243427146 -0.994175398791006 0.0367401770268895 -0.101318487112557 84.9113734255146
-0.101546529512981 0.0612928416435914 0.992940829006 42.7148853891868 0.0419378948498262 0.997476699756348 -0.0572839106447038 -2.63080019669561 -0.993946434834108 0.0358248657560515 -0.103860789878215 84.81359664269
-0.103942723549012 0.063435800868215 0.992558214609814 43.7343160541668 0.0407595207026551 0.997397207672788 -0.0594766475065296 -2.69621263568267 -0.993747740472049 0.0342740323675859 -0.106257795064466 84.7001089718724
-0.106062034326676 0.0656506185912022 0.992189921916706 44.7487890654942 0.0390640613073497 0.997322904425313 -0.0618144273032896 -2.76968200820273 -0.993591890057816 0.0322028040277634 -0.10834267591345 84.5781280231061
-0.10882289471368 0.0691679275644741 0.991651841818776 45.7943625885828 0.0369507134581585 0.997168334333436 -0.0654977692567827 -2.84700775871967 -0.9933741603047 0.029514586209489 -0.111070548930913 84.4853891605462
-0.11117398180573 0.0732188047083158 0.99110007184267 46.820055636704 0.0337719772703229 0.996984603782477 -0.0698652515343015 -2.92490811891407 -0.993226962642835 0.0257042108959589 -0.113311492009875 84.3790366522468
-0.113647344750212 0.0755330097978432 0.990645771939751 47.8645037881077 0.0312713071153223 0.99688378392274 -0.0724211757925777 -3.01170339651513 -0.993028895039075 0.0227483138443087 -0.115655211014096 84.2677246724242
-0.116638622055792 0.0741455333010252 0.990402883546102 48.9076327919001 0.0287391068658491 0.997043801972976 -0.0712581271422926 -3.1060832639667 -0.992758528334801 0.0201518445503231 -0.118424691596559 84.1471462148804
-0.1192751990674 0.0707424190198212 0.990337789362123 49.9773274051254 0.0267873780075688 0.997324601324028 -0.0680152627970295 -3.17332227440921 -0.992499805172229 0.018416018709086 -0.120851094277193 84.0331943808061
-0.121407979798759 0.0685204939986527 0.990234843026322 51.0092742693034 0.0264076936797559 0.997484358242521 -0.0657844113451089 -3.26422787981143 -0.992251347268272 0.0181630659220001 -0.122912029031388 83.8857760313233
-0.123771807930638 0.0690906313799592 0.989902532685466 52.0765977077218 0.0265807484847911 0.997446048034942 -0.0662936276686128 -3.34702346789523 -0.99195463775899 0.0181070680949452 -0.125292181373921 83.7841260084272
-0.124925901090211 0.0717668136669951 0.989567099136226 53.1395999884851 0.0273495057561064 0.997250590268086 -0.0688713637504787 -3.43385187300878 -0.991789052052751 0.0184603538980395 -0.126545215485469 83.6402019546094
-0.125232391691163 0.0741838837005982 0.989350089437711 54.1997214608203 0.0271921014709489 0.997082646821127 -0.0713217009455679 -3.52150067357767 -0.991754726577547 0.0179707208333872 -0.126884260268261 83.4869927258054
-0.125675608105493 0.0749002521160207 0.989239907080316 55.2754497739717 0.0264760467071294 0.997043948694286 -0.0721275489869759 -3.6149314635879 -0.991718034764961 0.0171264884043178 -0.127287167133456 83.3733948751444
-0.125447413853367 0.0738202794102421 0.989350045588161 56.3423576513867 0.0236057818571422 0.997167647815844 -0.0714104278962795 -3.69427518754676 -0.991819395565753 0.0143961278547572 -0.126834688009134 83.2478453242822
-0.125945906946966 0.0732543712234147 0.989328775291596 57.4070071855983 0.0202695984779433 0.997251757607617 -0.0712606155324416 -3.77912632270596 -0.991830011595157 0.0110783141850036 -0.1270846137578 83.1306225935587
-0.125262018485472 0.0739731648797368 0.989362116518831 58.5051400999568 0.0160778706313582 0.997236897963346 -0.0725263498075347 -3.87623582769229 -0.991993411672127 0.00682203914668129 -0.126105237722208 82.9691057825845
-0.125578877108781 0.0742573435863607 0.989300658317579 59.5808047619954 0.0117466812224745 0.997236204237318 -0.0733619004565924 -3.96368472420453 -0.992014093198456 0.00240829438453571 -0.126104080083882 82.8455756768451
-0.126133779486079 0.0734999803579265 0.989286623057212 60.6739669510166 0.00861561597956191 0.9972949839541 -0.0729964803349068 -4.05888368421855 -0.991975826738661 -0.000684008315844504 -0.126425833193909 82.738157710966
-0.126258354746644 0.0687239443232277 0.989613989054989 61.7593556883986 0.00842104594866453 0.997635676062606 -0.0682066260141734 -4.14570295065857 -0.99196164938056 -0.000278071510095939 -0.12653856658914 82.594342634554
-0.12656480992474 0.0607024812108811 0.990099266570558 62.8652784910371 0.0120643457222702 0.998146228811365 -0.0596536459233093 -4.22487749413922 -0.991884973397121 0.00439484749367206 -0.127062523446134 82.4760773554363
-0.126887554938758 0.0555601836056799 0.990359840865615 63.9923790437132 0.0180665110256651 0.998393871373585 -0.0536961710275943 -4.29133815091874 -0.991752564695965 0.0110789711331098 -0.127687535874135 82.3137787745783
-0.125834904827081 0.0572420956846839 0.99039836389646 65.0748594535429 0.024870472100253 0.998202177727766 -0.0545332192067909 -4.37661980301252 -0.991739399411292 0.0177694924286222 -0.127032313976244 82.1454509512128
-0.125083618238572 0.0623950515893471 0.990182279171623 66.1875022460803 0.0297884092182946 0.997806775602016 -0.0591125133871915 -4.45878083593804 -0.991698915560862 0.022101947875022 -0.126667931125203 82.0129297574545
-0.124278271532993 0.068150994744886 0.989904214123798 67.2962692523748 0.033094750454891 0.997368138507416 -0.064509951035323 -4.52681581439799 -0.9916953406753 0.0247434477293241 -0.126206628500115 81.8658500871089
-0.12330716609371 0.071387966508736 0.989797505062367 68.4167056515614 0.0332546728447829 0.997146253932417 -0.0677751798414044 -4.64933532994855 -0.991811206593233 0.0245582268556963 -0.125329262224668 81.7150355087012
-0.123313468562683 0.0704277370908209 0.989865507187369 69.5469746480959 0.0323122695402372 0.997234542997834 -0.0669267023620588 -4.70830263394402 -0.991841572887626 0.0237318372690941 -0.125248130491573 81.596700774444
-0.122833003284014 0.0657539452922292 0.990246672290665 70.6633072843978 0.0313898837928672 0.997560855485105 -0.0623459284901299 -4.78206476632819 -0.991930808322687 0.0234255903305044 -0.124597404539452 81.4701509360033
-0.122361580690999 0.0636380101878886 0.990443257955814 71.8173232301858 0.0294104347916459 0.997736448484716 -0.0604731815805393 -4.8677169726118 -0.992049731563981 0.0217297727653261 -0.123956230498515 81.3176262254728
-0.122600559289256 0.0641582869689859 0.990380137661881 72.9603907364507 0.0274530922235034 0.997745639062782 -0.0612369778693285 -4.94389143993277 -0.992076322965794 0.0196813095195942 -0.124085516746575 81.1874376914415
-0.121964858677716 0.0685407381418293 0.990165006684592 74.0955694116889 0.0270848945983763 0.997471087459082 -0.0657102592278464 -5.04022628421308 -0.992164795652577 0.0188041723606524 -0.123512838885321 81.0386822038862
-0.121768446754878 0.0718321961549994 0.989955847990431 75.239555538312 0.0280603210016568 0.997228286800223 -0.068908362270306 -5.12839251590711 -0.99216181329468 0.0193876146300012 -0.123446574026055 80.9038114236293
-0.121333027958436 0.0703002045981108 0.990119274410867 76.3854441331964 0.0265878897663846 0.997361139691073 -0.0675562073528025 -5.2215951924221 -0.992255703155295 0.0181283829281053 -0.122881981137203 80.7745389456041
-0.120964985700103 0.0645853628597109 0.990553483229883 77.5479362029331 0.0297969127317106 0.99766772969723 -0.0614104641932835 -5.29303802646455 -0.992209461870946 0.0220869197729156 -0.122607307077156 80.6180038483537
-0.121129445869981 0.0626163676889552 0.990659804292408 78.7150152292717 0.029283718774739 0.997799454491931 -0.0594870778432378 -5.38118080318097 -0.992204677049022 0.021804566334761 -0.122696535114076 80.4840202944368
-0.120829748577882 0.065264260298773 0.990525490932091 79.8618084527079 0.0262765494233874 0.997697030123822 -0.0625314243601209 -5.46646726401085 -0.99232540772118 0.0184719357339519 -0.122266400868083 80.3396620125299
-0.120282331403696 0.0681407880660181 0.99039840153033 81.0406185351168 0.0253871508013195 0.99752641841013 -0.0655479759264037 -5.55344486014409 -0.992415061013426 0.0172591302098151 -0.121714703705502 80.220728740741
-0.120499882798473 0.0677599378402631 0.990398086160024 82.203727532905 0.0248817211140898 0.997560477060599 -0.0652226537410939 -5.64425573511985 -0.992401470272971 0.0167834868401548 -0.12189190444624 80.0739946972605
-0.119876916491194 0.0646739436263468 0.990679971488462 83.3872884105236 0.0242346022152219 0.997769169804187 -0.0622042429721101 -5.72122893725405 -0.992492926396976 0.0165518821914447 -0.121176838743578 79.9264185505786
-0.119356878507459 0.0634784436317723 0.990820075870006 84.5630165830944 0.0254737718621361 0.997821300828019 -0.060858348326229 -5.81146237035314 -0.992524570224874 0.0179760620817986 -0.120713871166323 79.8022707277975
-0.118289010337081 0.0638453789752684 0.990924556975443 85.7683262601382 0.0265574817634955 0.997777256130313 -0.0611166696691272 -5.90005559425863 -0.992624002427835 0.0190870304806158 -0.119721656652322 79.6429615334409
-0.117522453914016 0.0640296469429319 0.991003873422496 86.9627547689114 0.0287468255372279 0.997720383209342 -0.0610545407822966 -5.98612898428178 -0.992654065043588 0.0213129360006647 -0.119095196844673 79.5258296960285
-0.1164293924477 0.0639117390160068 0.991140497704644 88.1522386374327 0.0287025278748529 0.997727147514974 -0.0609647767586084 -6.06385397812423 -0.992784146462791 0.0213501458445487 -0.117999194084383 79.3749771292952
-0.115594239343329 0.0639060530498811 0.991238613157409 89.3470917164683 0.0286048806577972 0.997728491234199 -0.0609886758511955 -6.15820677237972 -0.99288455151301 0.0213043226391923 -0.117159691036187 79.2475241433951
-0.113326420697021 0.0625825663435831 0.991584865133516 90.5768323021876 0.030679743427118 0.997758768937065 -0.0594658923454401 -6.2422616689815 -0.993084022485131 0.0236825125154466 -0.114992447081135 79.0970441956849
-0.112526307213452 0.0615326434783115 0.991741682078289 91.7701144151366 0.0286207643421233 0.997867342908158 -0.0586653032540173 -6.32716233920231 -0.993236468336406 0.0217830150342918 -0.114047438474695 78.957588134287
-0.111082558009335 0.0611470145769707 0.991928277606011 92.9752817764568 0.0300884160082131 0.99785474684853 -0.0581428535073105 -6.40905020586074 -0.993355602253402 0.0233868937693658 -0.112684074613944 78.8345614455875
-0.10948809674607 0.0616230796959396 0.992076082122592 94.2096803238268 0.0283224797564796 0.997864571746223 -0.0588568907959931 -6.49164942009679 -0.993584517699107 0.0216539257991601 -0.110999611198047 78.7026319773183
-0.10824744426594 0.0638256813498734 0.992072967684392 95.4327184178106 0.0276386101395556 0.997744329209958 -0.0611748376289149 -6.58749404091317 -0.99373970336273 0.020797498157107 -0.109767326791533 78.5670312474847
-0.106999029600697 0.0632074311515468 0.992247967149206 96.6696746476108 0.0256906955961088 0.997819783325899 -0.0607920073960726 -6.66839988293439 -0.993927158208436 0.0189868546810299 -0.108389591405376 78.4388173244396
-0.106324551190258 0.062178130166327 0.992385494625556 97.9142759810598 0.0240991581882281 0.997910891497008 -0.0599423323392237 -6.75172992390385 -0.994039395793149 0.0175423134354191 -0.107600868261016 78.3220304925545
-0.105934811363489 0.0625860356910128 0.992401533593064 99.1336107750126 0.0201370643670704 0.99794765893013 -0.060786253993396 -6.84754643753333 -0.994169157829823 0.0135446732096594 -0.106977696028588 78.1889812727054
-0.106790964713111 0.0621767541449916 0.992335498256329 100.400532171996 0.0170049923719765 0.998011048812171 -0.0607023614306675 -6.93509897855852 -0.994136067191042 0.0103921938407454 -0.107635877926945 78.0630426241677
-0.107567760350645 0.0598919321771742 0.992392126829526 101.647739271545 0.0155508648363721 0.998163076413621 -0.058554619692526 -7.01598572336682 -0.994076127636102 0.00913396653049702 -0.1083015379366 77.9415565298208
-0.108685574415279 0.0582307977067024 0.992369195467323 102.923860595052 0.0133263868026108 0.998278487621651 -0.0571180231329477 -7.10828696627874 -0.993986847663895 0.00701679059612361 -0.109274476987639 77.8145413533193
-0.110026144455721 0.0575409157504796 0.99226170466808 104.176076160581 0.0114100098466741 0.998330167200285 -0.0566276340062909 -7.19219882483587 -0.993863199445229 0.00509119558137855 -0.110498961606182 77.6872361535906
-0.111914739254976 0.0575946322101193 0.992047352437408 105.415249547376 0.0109565903811838 0.998329813425826 -0.0567233351661751 -7.28057344996963 -0.99365740789505 0.00452127921459949 -0.112358861553301 77.5405935585784
-0.114401485495647 0.0556780314959188 0.991873105253454 106.666233444231 0.00982893595176365 0.998442756165537 -0.054913155788225 -7.37953047440607 -0.993385973393245 0.00346691062838631 -0.114770590293199 77.3979790352195
-0.117208487209204 0.0526071745540181 0.991712990593333 107.933459479504 0.0102347764233738 0.998606937373031 -0.0517632493379113 -7.44144883669806 -0.993054590582861 0.0040828685869487 -0.117583631115935 77.2711957680815
-0.12138838869521 0.0516788782249843 0.991258872664143 109.180524646484 0.00841101735826714 0.998661455849146 -0.0510348056551988 -7.52434602025667 -0.992569450404847 0.00214246275865666 -0.121660576919346 77.1231690432766
-0.126998641136467 0.056515028408377 0.990291571565411 110.411666102674 0.00290099376954469 0.998392419840371 -0.0566053022290179 -7.61757352733625 -0.991898648746252 -0.00431596678506042 -0.126958430385974 76.9755897714836
-0.134940890384983 0.0593109684699753 0.989076925785483 111.643650990044 -0.000140105880035942 0.998205722933779 -0.0598775005540057 -7.70336598560001 -0.990853640288237 -0.00821849873189523 -0.134690459224636 76.8263898885423
-0.143265476520749 0.0563065694658173 0.988081258537107 112.884341203513 0.00425200859545921 0.998406059492999 -0.0562784220689156 -7.79036482174964 -0.989675160676566 -0.00386142495122707 -0.143276535891817 76.6484598480583
-0.1539948643574 0.053959367361396 0.986597166236303 114.10493791656 0.00712730951987679 0.99854240265016 -0.0535002015758294 -7.87256770133991 -0.988045941852176 -0.00120697290956392 -0.154154986963905 76.4745185009127
-0.167340791009192 0.0543197217726977 0.984401558049841 115.352259413582 0.00694713443507367 0.998521205804053 -0.0539178901920379 -7.97650938561316 -0.985874635533118 -0.00218389243241414 -0.167470694828333 76.2680132675244
-0.181583239149444 0.0544877305765516 0.981864865690087 116.56166216839 0.00761654655797123 0.998511727242985 -0.054002951556014 -8.0548792344859 -0.983346081234133 -0.0023276114040068 -0.181728002098262 76.0561818527856
-0.195792741257932 0.0537171310535391 0.979172953212088 117.771094852946 0.0103342023320862 0.998556172181227 -0.0527140897762175 -8.11588314280644 -0.980590845731727 -0.00020206472360222 -0.196065173952397 75.8212739196592
-0.211428562344964 0.0547738359794523 0.975857463934584 118.977067721562 0.0126188524604084 0.998498242083536 -0.0533106473293266 -8.22009921231762 -0.977311990915554 0.00104280783725988 -0.211802230782611 75.5561087523996
-0.226283229512001 0.0585168331200355 0.972302257676707 120.141354336256 0.0138479752299269 0.998286242569203 -0.0568578181000182 -8.29601137863822 -0.97396310691096 0.000598446877631009 -0.22670577460154 75.2803247306931
-0.242423549085662 0.0613490440706588 0.968228856025438 121.358207311283 0.0117713326886252 0.998111180587424 -0.0602951649231747 -8.39841941331758 -0.97009909729648 -0.0032196238903789 -0.242687814787969 74.9932355675924
-0.258213858392257 0.0600119212604199 0.964222055670174 122.515007403593 0.00964861365682734 0.998179198235189 -0.0595415188339687 -8.48144628541437 -0.966039599389531 -0.0060710392181009 -0.258322733986243 74.7147590604664
-0.274038644638512 0.0547638867301918 0.960158183819151 123.678587353992 0.00457709816263036 0.99844034776062 -0.0556410112782144 -8.55997238123004 -0.961707788996791 -0.0108530490580049 -0.273861899338056 74.3928313432996
-0.289598317991637 0.0516881076889708 0.95575161717883 124.86121080479 0.00180360242072847 0.998568513304259 -0.053457190869244 -8.63548767883056 -0.957146572492804 -0.0137573166299321 -0.289276986648473 74.0591608386728
-0.305115031958936 0.051742884210165 0.950908771232189 125.994767078488 -0.00145904127672438 0.998496258985593 -0.0548004743622537 -8.7247814184349 -0.952314385311516 -0.0181078636340309 -0.304580722967428 73.7153769029346
-0.319224213076557 0.0538173174273901 0.946149881430301 127.157527698556 -0.00148285501209865 0.998356640915659 -0.0572871598232479 -8.8064416188234 -0.947678058692226 -0.0196904516078427 -0.318619809787171 73.348953896445
-0.333613902991896 0.0556270575622834 0.941067157113389 128.300056751345 -0.00032503786390951 0.998250685733618 -0.0591224389106887 -8.90028984028595 -0.942709742222335 -0.0200299500579383 -0.333012226531963 72.9445170478966
-0.347472593542879 0.0556763504253843 0.93603575825921 129.427571292716 0.001439124141462 0.99826617377601 -0.0588436506031898 -8.98589976988122 -0.93768903462624 -0.0190994842316388 -0.346950261628082 72.5367433721412
