1 -1.73472347597681e-18 -3.00926553810506e-36 4.33680868994202e-19 1.73472347597681e-18 1 1.73472347597681e-18 0 0 -1.73472347597681e-18 1 -5.55111512312578e-17
0.999997883988666 0.00111710677163418 0.00172745206914053 0.00643052503739136 -0.00111076873135317 0.999992664655946 -0.00366562779415813 -0.0351339608006709 -0.00173153429531641 0.00366370123790486 0.999991789507406 0.958385734956734
0.999996709027737 -0.000323760780273434 0.00254501722044878 0.0103311766076566 0.000335348642784226 0.999989574032857 -0.00455404950262903 -0.0363381288974669 -0.00254351626356249 0.00455488798344917 0.999986391667644 1.91850059253273
0.999994014340644 -0.00186624090801905 0.00291349064811994 0.0122219547478326 0.00187128425528594 0.999996753959543 -0.00172926736302406 -0.0253296913154489 -0.00291025396131765 0.00173470898139644 0.999994260586845 2.88225515988361
0.999986000158359 -0.00496091248953317 0.00184087874598974 0.0112817055387757 0.00495558750195384 0.999983556421418 0.00288600749875887 -0.012877742126562 -0.0018551657060009 -0.00287684445940467 0.999994141045916 3.83086674393676
0.999981213210378 -0.00608397533423252 0.000747308793635328 0.0133426177768903 0.00608136942467691 0.999975587276031 0.00344119134558376 -0.0231798431633145 -0.000768226673058936 -0.0034365820357975 0.999993799846624 4.77325782387098
0.99996582083096 -0.00826641657051322 0.000153384966999165 0.0176643247870127 0.0082662842181728 0.999965477230443 0.000844329625361404 -0.0211819185258983 -0.000160359252131359 -0.000843032843144403 0.9999996317902 5.70794767020633
0.999966424189361 -0.00810686910803419 -0.00119547781621458 0.0103730257911866 0.00810459285853393 0.99996535834139 -0.00189675822720554 -0.0278029835606463 0.00121081317355773 0.00188700568103865 0.999997486567351 6.64604022937857
0.999969222783374 -0.0075717705561154 -0.00205469624536076 -0.00197125081543321 0.00756620639140665 0.999967724210024 -0.00270241726397022 -0.0243289519495112 0.00207509201188595 0.00268678783522463 0.999994237565533 7.57384676831235
0.999961135112186 -0.00839460873518068 -0.00269421775872509 -0.00953311788098233 0.00839108977247896 0.999963929840775 -0.00131477367751233 -0.0198525225739985 0.00270515758845958 0.00129211515590079 0.999995506270326 8.48788298014884
0.999956545681509 -0.00861465586558005 -0.00356292759147268 -0.0124785515491957 0.00861917765430677 0.99996206575267 0.0012557197998536 -0.0177193884599374 0.00355197484055688 -0.00128637473928582 0.999992864331922 9.42331773880916
0.99994649115963 -0.00927839833641855 -0.00457451001256016 -0.0186936281479629 0.00929205470326382 0.999952407894736 0.00297315739749153 -0.0196476680663657 0.00454670616334731 -0.00301550490456429 0.999985116985865 10.3393650246307
0.999927026768318 -0.0110443930114514 -0.00489515283529092 -0.0274131035958045 0.0110633683079229 0.999931324192117 0.00386636535819215 -0.0210918271986631 0.00485211499817351 -0.0039202400957575 0.999980544159553 11.2568664750994
0.999913414856135 -0.0116432500026589 -0.00613168167126975 -0.0362639302618669 0.011666862236386 0.999924607663959 0.00382927064017818 -0.0199106374494399 0.00608663423407325 -0.00390047656756498 0.999973869241715 12.1678089190699
0.999906377453937 -0.0119027039363307 -0.00674996044058634 -0.0501558032210075 0.0119200716311996 0.999925730844832 0.00253863875645736 -0.0169334380110897 0.00671924246120759 -0.002618861094593 0.999973996335562 13.0660244993709
0.999896971182524 -0.0121060646704584 -0.00771299022487132 -0.056777950483678 0.0121109320237244 0.999926489044913 0.000584663860037594 -0.0193633096392966 0.00770534525709322 -0.000678015123124541 0.999970083527483 13.9630422993009
0.999874211635745 -0.0126929736556023 -0.00951048503363545 -0.0682860909893661 0.0126868870567967 0.999919273156255 -0.00070004819433376 -0.0190935446855518 0.00951860297548453 0.000579301686939407 0.999954529269682 14.8712833071606
0.999855832085538 -0.0128197746429888 -0.0111341107700146 -0.0858190122390623 0.0128046550580325 0.999916997108998 -0.00142818114014881 -0.0168797806290483 0.011151495566998 0.0012854067944644 0.999936993953115 15.7748643115644
0.999849726887078 -0.0118792017357749 -0.0126256964147272 -0.100846596681083 0.0118539749176341 0.999927594462346 -0.00207101699618585 -0.0257725449507591 0.0126493842730859 0.00192104108939708 0.999918147989446 16.6642542308467
0.99984792045856 -0.010184444888659 -0.0141567311552621 -0.119613091361778 0.0101544465603295 0.999946045667924 -0.00218928484581581 -0.0249124548666347 0.014178263989146 0.00204519813039532 0.999897391733203 17.5482054584821
0.999819636779554 -0.0106734334175523 -0.0157089697014483 -0.137046162263463 0.0106500320984005 0.999942050219275 -0.00157258372651045 -0.0285786911588746 0.0157248442377971 0.00140499905869189 0.999875369859335 18.4456488026633
0.999801142125313 -0.0103775405382835 -0.0170288830313697 -0.153115675996297 0.0103658453522717 0.999945972923029 -0.000774909768430348 -0.0258472655026315 0.0170360046681308 0.000598236903495622 0.999854697772409 19.3366123468934
0.999782174207903 -0.00994072890717667 -0.0183517313873198 -0.174200058125789 0.00994009547515985 0.999950588125587 -0.000125734792547445 -0.0327864812587094 0.0183520744893601 -5.67105578577821e-05 0.9998315848911 20.2144877338123
0.999742739886495 -0.0107946518486122 -0.0199481712372577 -0.191060148550726 0.0107954412682376 0.99994172520614 -6.81145501116504e-05 -0.0390502966575451 0.0199477440345452 -0.000147252284045804 0.999801013114458 21.0818939456577
0.999713963317256 -0.0102862813308147 -0.0215912937288878 -0.220939857554276 0.0102789977122009 0.999947069216752 -0.0004482977358953 -0.0397812229269859 0.0215947622014308 0.000226232647455347 0.999766780336421 21.9631789021631
0.999687048830807 -0.0106290939501793 -0.022645678655089 -0.240113527697054 0.0106288202373651 0.999943503722238 -0.000132453981008586 -0.0410171240712386 0.0226458071243458 -0.00010828431819771 0.999743544962504 22.8244156982596
0.999661982196512 -0.0107183155612058 -0.0236862631597108 -0.260108719671522 0.0107589531450651 0.999940858435914 0.00158888566939345 -0.0315063422132111 0.023667832139065 -0.0018431879932665 0.999718178478244 23.6872386371202
0.9996295094851 -0.0115860169934154 -0.0246294128392784 -0.282213409260143 0.0116943011000976 0.999922557409602 0.00425705358462348 -0.0362215634488588 0.0245781831785748 -0.00454350015631009 0.999687585957718 24.5309381347196
0.999615132956394 -0.0119296567431189 -0.0250453439697408 -0.307206688628544 0.0120757401920271 0.999910898310858 0.00568963425776725 -0.0352483732812886 0.0249752370035989 -0.0059898855718498 0.999670124994966 25.3508704034012
0.999604961324829 -0.0111829629831197 -0.025784930360698 -0.340518379652995 0.011313533457393 0.999923878590301 0.0049235135459244 -0.039183107072702 0.025727908105719 -0.00521328723998833 0.999655388811893 26.1930195484558
0.999602735018907 -0.00989017928136745 -0.0263923567819174 -0.367187547303794 0.00996297592329594 0.999946914495086 0.00262817474849558 -0.0390877798072442 0.0263649626108863 -0.00289007708188109 0.999648206221062 26.9964364562514
0.999577881038647 -0.00939357874097342 -0.027492188285494 -0.39451780938836 0.00941698914815282 0.99995539839165 0.000722179188318805 -0.0358744471095935 0.0274841782426088 -0.000980767981533392 0.999621757486548 27.7996870224575
0.999570373578364 -0.00860625310758096 -0.028017863442071 -0.422958743186742 0.00862457294328933 0.999962665585976 0.000533081358762284 -0.0371718768104021 0.0280122295784567 -0.000774494439896939 0.999607280461885 28.5855626492504
0.999525118343264 -0.00891207975636205 -0.0294976716928586 -0.448615459607099 0.00891622517740111 0.999960249633732 9.00164908836538e-06 -0.0469338004780243 0.0294964189261901 -0.000272005257392911 0.999564848963623 29.3746425519132
0.99947252702652 -0.00856717331609973 -0.0313252495695349 -0.466297159640343 0.00854770361555069 0.999963182392313 -0.000755395749134924 -0.045905796716729 0.0313305678550906 0.000487238349289433 0.999508958497456 30.1448226918377
0.999412966713861 -0.00838042729284835 -0.0332188260266416 -0.504755796392274 0.00834943783745182 0.999964568761626 -0.0010714985647605 -0.0503611472361688 0.0332266286583146 0.000793511036494367 0.999447528131536 30.9174310570336
0.99934258456452 -0.00803138957340107 -0.0353538605731377 -0.530300237751994 0.00803249953534014 0.999967732834336 -0.00011064073342098 -0.051199718584509 0.0353536084030945 -0.000173411872131172 0.999374850744806 31.6777035020158
0.999265659762884 -0.00852299783727698 -0.0373563880282142 -0.567473909751011 0.0086027958243861 0.999961043094816 0.00197590402868856 -0.0501296840695584 0.0373380921131846 -0.00229582242179888 0.999300053075529 32.4266735707571
0.999204268045581 -0.00771222462579543 -0.0391324968640644 -0.595211958886051 0.00785389388490307 0.999963144657566 0.00346780584759812 -0.0501641396038771 0.0391043101248369 -0.00377238888149513 0.999228013023948 33.1720997326479
0.999124281392517 -0.00694622057960633 -0.0412603968903224 -0.648232940720568 0.00710629949688207 0.999967777152568 0.00373432243008967 -0.0493450114233103 0.0412331279355337 -0.00402426095211415 0.999141448687042 33.8861067304644
0.999069536570956 -0.00460129187252622 -0.0428822714999851 -0.677618123219629 0.00474113242208009 0.999983768208811 0.00315990225545293 -0.0505531119116591 0.0428670358113424 -0.0033602726097059 0.999075135216935 34.6008999479728
0.998998212341713 -0.00261363291214764 -0.0446737133117623 -0.719124127558305 0.00272762423894727 0.999993177779395 0.00249087548429993 -0.0546609324229864 0.044666898303689 -0.00261023325925438 0.998998525964008 35.3096298244254
0.998932017029576 -0.00170712076319389 -0.046172622753354 -0.754387629545305 0.00186996715767543 0.999992182661956 0.00348393998325106 -0.0500211200357888 0.0461663143000704 -0.00356656048281148 0.998927400300077 36.0111436808938
0.998880044563422 -0.000650994797094201 -0.0473099648990569 -0.78711438977547 0.000890903680417013 0.999986851344765 0.00505009190174587 -0.0458041413990711 0.0473060552530864 -0.00508658464571426 0.998867490607755 36.7049222958727
0.998869199228877 0.00185219955845568 -0.0475067593996557 -0.831769754443518 -0.00158407151272308 0.999982608183274 0.00568102529652653 -0.0417731193095983 0.0475164555633487 -0.00559934708451367 0.998854761095387 37.3871882984481
0.998910304872106 0.00508977783135619 -0.0463928548587275 -0.878091780164238 -0.00490607513164547 0.999979671460705 0.00407272539500913 -0.0488847160219053 0.0464126410271832 -0.00384068053448049 0.998914969317166 38.043350172475
0.998980975985146 0.0067924605361724 -0.0446191898136779 -0.914077005684038 -0.00674114617702989 0.99997643265084 0.00130041959385025 -0.047432676785555 0.044626971306424 -0.000998309954220085 0.999003221621057 38.6924036103632
0.999067389771637 0.00724503106400642 -0.0425659514138761 -0.940176475386725 -0.00728000953607239 0.999973278067352 -0.000666792612391145 -0.0514000966468031 0.0425599830361993 0.000976051286985644 0.999093436655373 39.3380480501421
0.999190546204356 0.00835969234201994 -0.0393493064714945 -0.968943247107196 -0.00837056944212831 0.999964959933764 -0.000111677573740652 -0.0476921282472612 0.0393469940790314 0.000440963278223933 0.999225509886698 39.972039228582
0.999270804208544 0.0130123044886548 -0.0358962364086202 -0.996343089193487 -0.0129273377720715 0.99991306312709 0.00259810044591252 -0.0500048887692434 0.0359269229761719 -0.00213216314920121 0.999352145184954 40.5945433154059
0.999323789033878 0.017459205622597 -0.0323595551576399 -1.01328720707587 -0.0172841451941355 0.999834474442767 0.00568172866860089 -0.0403106298400928 0.0324533972933575 -0.00511857937160637 0.999460142851798 41.2259847581465
0.999361489206658 0.0220710076061084 -0.0280977670625733 -1.05256211258076 -0.0218829994972188 0.999736163444471 0.00698124876608767 -0.0440779454576007 0.0282444370391099 -0.00636192774089625 0.999580800961965 41.8243975587101
0.999398126841092 0.0261975765188725 -0.0227391963590163 -1.06887960256022 -0.0260365279104262 0.999633972285889 0.00734987525766242 -0.0448423767183147 0.0229234221024191 -0.00675340184436132 0.999714413361457 42.4207352969252
0.99941576570617 0.0297178196084772 -0.016881304916008 -1.0919923384991 -0.0295663442668809 0.999520913786119 0.00915282420096837 -0.040497916175489 0.0171452192940629 -0.00864835833436389 0.999815606676291 42.9768001358022
0.999341836762382 0.0347639807236663 -0.010361415956937 -1.09575445973877 -0.034655022555969 0.999344005206509 0.0105161147510695 -0.0357256290969741 0.0107202009325101 -0.0101501183272383 0.999891020256663 43.5261750257145
0.999270832165904 0.0380711901054019 -0.00289628493408119 -1.11425846892426 -0.0380403666236352 0.999225744706256 0.0100419929977773 -0.0358829907892482 0.00327635309459428 -0.00992449495875414 0.999945383463624 44.069320605886
0.999138653578602 0.0412923265159522 0.00411031580772361 -1.10821444071637 -0.0413326149312625 0.99909282663597 0.0102537167648012 -0.0384689513884221 -0.00368318721805082 -0.0104147748630863 0.999938981436602 44.5778168692186
0.998893113465743 0.0455473934295373 0.0117466089783049 -1.11497309486781 -0.0456632470437149 0.998908911205184 0.00979055587284436 -0.0362999275679406 -0.0112878580846373 -0.0103161071460881 0.999883074260792 45.0629922035109
0.99854429585119 0.0504040365377434 0.0192021437280713 -1.0995843961734 -0.0505550979722474 0.998693380886958 0.00746411693333468 -0.0335172905584037 -0.018800832217435 -0.00842401764479744 0.999787759794374 45.5364741741231
0.998266891286417 0.0521719695987497 0.0272268130624884 -1.10278512174699 -0.0523091827995135 0.998621456804644 0.00435148299069552 -0.042831329961568 -0.0269622542863099 -0.00576815373914123 0.999619810351036 45.9639181317276
0.997959136805453 0.0532806610897378 0.0351956306997728 -1.07847003926394 -0.0534516135407594 0.998562692957176 0.00393360445416477 -0.032657206842748 -0.0349354587261079 -0.0058068397560999 0.999372700415437 46.3987366804902
0.997709232009683 0.0521784014464673 0.0430546488214631 -1.05394155936695 -0.0524343206281334 0.998612667368704 0.00483555488318909 -0.0398514784288811 -0.0427426061783126 -0.00708201900968354 0.999061016466878 46.8061290518989
0.997244601478034 0.0536543676630296 0.0512290313552549 -1.04516108840172 -0.0540200013832815 0.998523133574505 0.00577850907259306 -0.038542374615784 -0.0508433306685106 -0.00852997932191031 0.998670213423481 47.1660983433363
0.996604836643701 0.0564397924895048 0.0599445527310265 -1.02327989323088 -0.0568851989225627 0.998364175890622 0.00574860346342236 -0.0351159949434782 -0.0595220439998632 -0.00913904382202195 0.998185155247311 47.5230752105773
0.995759272538077 0.0613682652300106 0.0685376332907675 -0.998063887643426 -0.0618790535340104 0.998069302003663 0.00535267518681526 -0.0374023033453544 -0.0680768234289448 -0.00957101982964955 0.997634172275211 47.8535040661693
0.994818733067143 0.0654326886074201 0.0778090714524236 -0.988753486919586 -0.0660462502082202 0.997802297024844 0.00533562417893618 -0.0339471057310627 -0.0772889459891719 -0.0104469762874278 0.996954000701302 48.1543058554657
0.994085288043088 0.0648909293783354 0.0870839099989576 -0.95255856740225 -0.0656236941492995 0.997828867294951 0.00557515552026414 -0.0375606613466554 -0.0865330622507366 -0.0112569479563435 0.996185379465197 48.4490566775135
0.993178741451599 0.0639907119299446 0.0974739776315576 -0.911615728179264 -0.0646968721950062 0.997896548342072 0.00409799160097316 -0.0436386387308582 -0.0970067124316745 -0.0103762996139015 0.995229636892673 48.7095981135372
0.992008395190876 0.0629421539392959 0.109350944798411 -0.874545341619359 -0.0633193662411243 0.997993315275025 -2.29169585365058e-05 -0.0494430899307491 -0.109132954370555 -0.00690129870724311 0.994003204394487 48.9668465977117
0.990423417324225 0.0636989009136831 0.122490425904201 -0.837139687044579 -0.0637214019105412 0.997960726940363 -0.00373770293321397 -0.0567702377581144 -0.122478722047379 -0.00410335314717838 0.992462656798023 49.2349728853528
0.9883012110031 0.0655196508294668 0.13772396917382 -0.794977673200957 -0.0652722337498248 0.997847499346064 -0.00631692568548792 -0.051198540811068 -0.13784140100534 -0.00274652580408296 0.990450505964277 49.4927237815954
0.985804873268194 0.0668901832308608 0.153994984424889 -0.749789466248697 -0.0664816306794076 0.997757106413969 -0.00780700855834729 -0.0519891016439636 -0.154171802294995 -0.00254165059855136 0.988040786298495 49.7659470686506
0.982955874990318 0.0675820953483146 0.170969027049781 -0.702560591416068 -0.0670084756725992 0.997710630212683 -0.00913030934005881 -0.0529311027590205 -0.171194661161066 -0.00248168268354341 0.985234098699901 50.0015491230977
0.97969303367816 0.0669725782316947 0.18898738986367 -0.639717421593359 -0.066201465452424 0.997752106865533 -0.0103970773461782 -0.0569462000645747 -0.189258885483442 -0.00232529791433974 0.981924471257935 50.2441477883659
0.975914588116834 0.0659909678189874 0.207932462273362 -0.558931444028606 -0.0651429856924662 0.997816070265792 -0.0109307517766341 -0.0649643979405512 -0.208199683275026 -0.00287786129697164 0.978082107902263 50.4981861943493
0.971377483390087 0.0661979541453889 0.228130698569278 -0.490084791088416 -0.0651140775122802 0.997802227954695 -0.0122829474627458 -0.066071267351565 -0.228442425290195 -0.00292314139459586 0.97355303582903 50.7256990091345
0.966062772978945 0.0681828470518704 0.249146178040389 -0.417203382651215 -0.0666647948768466 0.997669540312753 -0.0145359367145026 -0.0667618386742245 -0.249556654465995 -0.00256665152315401 0.968356798144 50.9744512589881
0.959807191616738 0.0695900892906807 0.271895888886363 -0.33206665156519 -0.067602704027497 0.997572855999403 -0.0166814682016913 -0.0703507805521183 -0.272396823272521 -0.00236990415596875 0.962182079559441 51.2206481435241
0.952493924309737 0.0708933439934803 0.296191589905013 -0.247686567433294 -0.0686629633281445 0.997478606611896 -0.0179395322845549 -0.0786391627499995 -0.296716567821946 -0.00325009676975587 0.954960059505607 51.4397254379374
0.944006771478436 0.0735413620381243 0.321625377531746 -0.152422193883092 -0.0711891017102966 0.997280230874783 -0.01908541076375 -0.082122162348873 -0.322154197862672 -0.00487946471629251 0.946674634509419 51.6882030956057
0.93409530859808 0.0758891451629039 0.348865005555877 -0.0298245762461705 -0.0734141324835429 0.99709428260933 -0.0203311765393722 -0.0911733585149679 -0.349394218049966 -0.00662036511304417 0.936952427372395 51.9476285708739
0.922876091081808 0.0768251852277626 0.377356080412495 0.0774870845401476 -0.074088169863828 0.997013669866119 -0.0217872711995369 -0.0941671184254177 -0.377902981723868 -0.00785066970478138 0.925811915774147 52.1678406337281
0.910207168650938 0.0752020132398197 0.407268421733285 0.208674133444399 -0.071725681064728 0.997139894010504 -0.0238213863686134 -0.109040659203735 -0.407895007094036 -0.00752920828506102 0.912997795293262 52.3939271787925
0.895272710532143 0.0728293966555571 0.43952548590408 0.363190773363042 -0.0680420304737309 0.997326143676004 -0.0266616809177854 -0.122136407518088 -0.440292012039104 -0.00603673116325792 0.897834339960006 52.6424307497303
0.878014848968555 0.0721335163641309 0.47316665225655 0.509867640217509 -0.0653106096045317 0.997387714551544 -0.0308588906918634 -0.135017979071699 -0.474156566192866 -0.00380823825325716 0.880432307481726 52.846969670437
0.858409408539626 0.0740795552175004 0.507587930145533 0.687435624053363 -0.0646984228605308 0.997250660436841 -0.0361280270378121 -0.14340242779947 -0.508868746741249 -0.00182750022222543 0.860842179980122 53.0946371338742
0.836649851650709 0.0761106304428108 0.542424370457712 0.862361672144432 -0.0643164806774778 0.997099032986169 -0.0407051437942503 -0.148402981874542 -0.543948909407961 -0.000830874024656207 0.839117925921169 53.3022139691749
0.812130597084098 0.0790500376938155 0.578095999657871 1.05766255629486 -0.0652640984872844 0.996869543756741 -0.0446285802918929 -0.160992639007707 -0.579814186380834 -0.00148467869730584 0.814747387231586 53.52412167983
0.784655697668602 0.0830163302798316 0.614348211540548 1.27717866525987 -0.0678940099505221 0.996539796707164 -0.0479461885000509 -0.175061967547699 -0.616202758456207 -0.0040893135993617 0.787576940993861 53.7875331979459
0.754837293756581 0.0873499917333151 0.650069718490587 1.50014765262324 -0.0711359328026695 0.996149026510483 -0.0512522784518935 -0.180103278113184 -0.652043203337429 -0.00755618464611062 0.75814415849168 53.9991678298593
0.721930703528683 0.0889569276082093 0.686223523593507 1.75781921799003 -0.0713198279529078 0.995986288971374 -0.054081367602886 -0.199742481349473 -0.68828013297156 -0.00989834387858222 0.725377475074263 54.2285255726483
0.685516520788918 0.0870228893898076 0.72283754499037 2.0669141972174 -0.0681354015848717 0.996141815298598 -0.055308687061638 -0.225615576914077 -0.72486182598915 -0.0113358076846445 0.688801010951503 54.472072299236
0.646588706295484 0.0857546116568457 0.758003424445244 2.3519374060409 -0.0653333421943051 0.996235560214215 -0.0569759858395654 -0.249121086728618 -0.760035919735939 -0.0126828681398218 0.649757297432582 54.6693353590081
0.604475668054202 0.0854097685014857 0.792031778513305 2.70004366185961 -0.0631660763089534 0.996244278421783 -0.059223175493998 -0.263943055716485 -0.794115365380974 -0.0142305711896618 0.607600425698878 54.9069341279832
0.558710783101407 0.085397975214779 0.824954208835514 3.03875180897052 -0.0600850472221054 0.996238710718319 -0.0624357138713 -0.291577157274583 -0.827183200957642 -0.0146839060034271 0.56174045159482 55.0725395933698
0.510796473809887 0.0842993030378117 0.855558641970686 3.4233759338262 -0.0564853796156015 0.996321341711431 -0.0644452165797866 -0.315260335409012 -0.857844020922841 -0.0154081652922532 0.513679106261156 55.2666852417976
0.46222275608179 0.0826430754586817 0.882904437546264 3.84710340679096 -0.0545596088426332 0.996411854129949 -0.064704451409903 -0.343810483927196 -0.885083822495413 -0.0182630508965036 0.46507320727909 55.444677765036
0.412543643387232 0.0803176839851673 0.90739011011805 4.25748772321452 -0.0540545737108798 0.996508557062081 -0.0636301717975367 -0.372777407355322 -0.909332637356498 -0.0227983626891882 0.415444808966207 55.6015841009105
0.362392309590706 0.0801514651297046 0.92857286013919 4.69840840383076 -0.0563637228097795 0.996356583695238 -0.064005381634485 -0.389589664208758 -0.930319807754589 -0.0291427652208139 0.365589598504592 55.7561630903933
0.313176296003685 0.0809031320714211 0.946242723006336 5.17562454773477 -0.0547766384619242 0.996244928154753 -0.067048959758842 -0.402202801949957 -0.948113984445026 -0.0308338506671705 0.316431898127877 55.878428486426
0.265907765127244 0.0775261078660875 0.960876039374575 5.6471960006921 -0.0446846245036799 0.996680790459039 -0.0680491459381388 -0.454793851121382 -0.962962275885198 -0.0248415886988079 0.268489386555446 55.9654332202254
0.221740192360974 0.0721128457761415 0.972435614611983 6.13340781095819 -0.0311886789047253 0.997275922152378 -0.066843110365257 -0.484899768939885 -0.974606871204947 -0.0155071779892544 0.223385259206854 56.0472378923914
0.17936646795078 0.0701876295739148 0.981275377674207 6.66462285688343 -0.0217279382834495 0.997491047936866 -0.0673758560892828 -0.535622909453688 -0.983542356420308 -0.00923612151327905 0.180441478564602 56.0993057165464
0.140947109750146 0.0724585481210814 0.987361975699523 7.18525313538631 -0.0177407037244153 0.997342791984526 -0.0706584935295966 -0.538040062857555 -0.989858161397098 -0.00755738583734255 0.141858049594877 56.1528119265284
0.10798316427796 0.0727378155554779 0.991488197822211 7.71276631703562 -0.0098297572271449 0.997349169271351 -0.0720972289800423 -0.586862956930398 -0.994104125383943 -0.00196080135723414 0.108411914256059 56.1769031430428
0.0787490332537731 0.0715429205701865 0.994323991603282 8.27572271968778 -0.00165362944048334 0.997429513652659 -0.0716354018924577 -0.626358772815073 -0.996893101225638 0.00399697521988246 0.078664915418641 56.1993316665627
0.0536579313771877 0.0698449188123668 0.996113705214628 8.82603946133843 0.00459371962573436 0.997522979852998 -0.0701911846687036 -0.653802956304212 -0.998548809092636 0.00834218084734421 0.0532041716258137 56.2014872416318
0.033702039457879 0.0689859314077156 0.997048200341483 9.40575235162036 0.0104505156151818 0.997536055961307 -0.0693729326217111 -0.690068616663213 -0.999377285743355 0.0127576770992832 0.0328980609652608 56.2145370963958
0.0174945172547121 0.0702459288457176 0.99737628372978 9.98695575649905 0.0123660613344941 0.997437447731391 -0.0704671440471349 -0.730703392832848 -0.999770484857948 0.0135664049655952 0.0165810211752281 56.1984409005974
0.00418006201796027 0.0705895378964949 0.997496688827128 10.5735415572802 0.0137439649541061 0.997407129274643 -0.0706407948670988 -0.760054889584883 -0.999896809930338 0.0140048424366194 0.00319904352254775 56.2057008181532
-0.00778953122384615 0.071469482223984 0.997412370243095 11.1839223152919 0.0142142037953234 0.997349770587117 -0.0713539874168985 -0.785025684713406 -0.999868631178005 0.0136216085856821 -0.00878476896456209 56.1925254406849
-0.0168107061907573 0.0742678289125243 0.99709663009459 11.8007236739285 0.0187972428355831 0.997084779020814 -0.0739500311480339 -0.836014760998784 -0.999681981341641 0.0174995152400026 -0.0181577296823353 56.183046689614
-0.0236038572700968 0.0758299840783944 0.996841347174486 12.4237089999083 0.0227666480785367 0.996901335563404 -0.0752954639216032 -0.890743344646663 -0.999462124173418 0.0209174727577647 -0.0252571113983213 56.1494921079884
-0.028014452961201 0.0756616119550327 0.996739941459983 13.0592707422509 0.0235593740009479 0.996904291724472 -0.0750119259718867 -0.920922969465696 -0.999329848609541 0.0213811509908702 -0.0297102686008979 56.1366817875074
-0.032095640464051 0.0730581753955201 0.996811101899994 13.7149934376601 0.0210168619564162 0.997153738719672 -0.0724065803009945 -0.969879174672615 -0.999263809700275 0.0186259057566831 -0.0335397414724062 56.1236973511567
-0.0344543998256611 0.0663375540758738 0.997202197777303 14.3809731885199 0.0196674818174837 0.99764639684063 -0.0656875713500392 -0.99169498117757 -0.99921273235063 0.017349230246269 -0.0356780004799808 56.1043096550522
-0.0357282014810693 0.0607440340777678 0.997513738222631 15.0566069278863 0.0203633795140558 0.997988028071815 -0.0600435558581925 -1.03374064609936 -0.999154056386549 0.0181675025605706 -0.0368932711617852 56.0692356592427
-0.0362140659028242 0.0583826935818003 0.997637209871865 15.7430121813841 0.023282515506379 0.99807035730429 -0.0575628903216417 -1.06950361649076 -0.999072803104199 0.0211429175049174 -0.0375034816636953 56.0467118133306
-0.0360132535940481 0.060129921049059 0.997540694989535 16.4383427859265 0.0269900814987783 0.997882618645929 -0.0591761345901659 -1.11810124097898 -0.998986777222932 0.0247925795144043 -0.0375599112720179 56.0072086348279
-0.0351402825826755 0.0672854556499359 0.997114751670032 17.1339314002122 0.0278449392567214 0.997409535460622 -0.0663240373470727 -1.15532517195744 -0.998994404337581 0.0254339542778329 -0.0369228123521747 55.9932344786189
-0.0329630697628671 0.0747253699086035 0.99665919707984 17.8385025974744 0.0271369330339208 0.99690037835248 -0.073845937641784 -1.21479633274681 -0.999088095663901 0.0246120850946064 -0.0348887140774061 55.9717591439272
-0.0309764110450992 0.0765515298488891 0.996584329214823 18.553939998465 0.0280385855069408 0.996736975168702 -0.0756917436337411 -1.24579738056501 -0.999126768574206 0.0255981563660481 -0.0330217308620297 55.9503906265903
-0.0284180676706901 0.0721262386483321 0.996990581263588 19.3101643008821 0.0280882202865265 0.997057180415347 -0.071330434341402 -1.29202924052164 -0.999201413785529 0.0259766179600301 -0.0303603361041837 55.9351603848868
-0.0258372685358881 0.0660235050762121 0.997483499779348 20.0392609550602 0.0284114877629187 0.997462031898088 -0.0652861569158018 -1.33053910229753 -0.999262339387261 0.0266531742797846 -0.0276475203790413 55.9161968772392
-0.0234309619250487 0.0641563236402262 0.997664751387077 20.7769816779193 0.0263677602307028 0.997631223335487 -0.0635348994376759 -1.37121824287254 -0.999377671975757 0.0248175011455622 -0.0250671177682424 55.9058171940853
-0.019892111309688 0.0691477232235016 0.99740808913937 21.5077615092964 0.0328340242039853 0.997112560017956 -0.0684723996148031 -1.43618429853369 -0.999262843681389 0.0313868607452737 -0.0221050720501361 55.8757084433679
-0.0164039561886043 0.0744886876297273 0.997086929829372 22.2254515442831 0.0353425461491218 0.996641132279138 -0.0738739323513743 -1.49181716261099 -0.999240618996776 0.0340277660824089 -0.0189814773498091 55.8642534924098
-0.0142458728102665 0.0752561645768954 0.997062467852967 22.9739272170197 0.0292118502109407 0.996769348578587 -0.0748166662012774 -1.53219362268349 -0.999471721918698 0.0280602107510802 -0.016398221168093 55.8700513456087
-0.0107397505903382 0.0725665588404331 0.997305746647093 23.7251334933422 0.0242958954455934 0.997087760006225 -0.0722890607925315 -1.57029910084493 -0.999647121349206 0.0234540696645056 -0.0124715433855795 55.8734026924127
-0.00600135655678426 0.0685339615663318 0.997630733203174 24.460935451486 0.0288802619892551 0.997244421973736 -0.0683336908830498 -1.6200252198982 -0.999564862421099 0.0284017420996101 -0.00796409811572582 55.8676591584073
-0.00267791222041891 0.0693141914570608 0.997591284870108 25.1840261178624 0.0339443411063705 0.997026269266845 -0.06918381384898 -1.67739221425494 -0.999420137126021 0.033677310677812 -0.0050227733888791 55.843082125809
0.000386268649970352 0.0734974849551157 0.997295327624572 25.9076156824822 0.0334553395955621 0.996736179594902 -0.0734692353240805 -1.74432115656676 -0.999440138802257 0.0333932327250904 -0.00207387538012438 55.8561810409185
0.00388812500557376 0.0750570315292893 0.997171662504482 26.6567758730156 0.0293356267033262 0.996741464212003 -0.0751390346386954 -1.78041962498345 -0.999562055847392 0.02954480560984 0.00167361035269188 55.8697086910218
0.00746045774122302 0.0738680711082182 0.997240116341617 27.4165045984576 0.0277096446700837 0.996869640416104 -0.074047927782791 -1.84207492427579 -0.999588173780857 0.0281856007106278 0.00539024582295933 55.8835877415495
0.0111749338774196 0.071817283232776 0.997355201862355 28.1463861626888 0.0319873447522736 0.996881339105376 -0.072141565821452 -1.88376912378154 -0.999425800461712 0.0327089219103128 0.00884283885019764 55.8791370351288
0.0147904732747271 0.0715017438606458 0.997330808972227 28.8795103220633 0.0368671219142563 0.996722685380003 -0.0720048871302088 -1.9404026648038 -0.999210717127308 0.037833702881972 0.0121059367324348 55.8984315918609
0.0183035737621302 0.0724332067499215 0.997205299698842 29.6301833045032 0.0395441156442476 0.996539558589519 -0.0731106769502335 -1.99893874019202 -0.999050169964176 0.0407717883607055 0.0153759282133214 55.9049751130657
0.0214024093256954 0.0723396070444546 0.997150398950785 30.3599915367451 0.0400643223215754 0.996515638761833 -0.073153480983532 -2.04828957638897 -0.998967860820341 0.0415158157302607 0.0184295982669924 55.9227073738237
0.0244692764219589 0.0712574911291964 0.997157773107826 31.1058946973724 0.0411306546262219 0.996540093027706 -0.0722226573752919 -2.0923325065926 -0.99885410534342 0.042780988140795 0.0214537477446936 55.9259135980697
0.0282044586365727 0.0701253382982279 0.997139381150688 31.8412543614749 0.0442100803099785 0.996472603957589 -0.0713289447627542 -2.14934408113792 -0.998624042025828 0.0460954063930656 0.0250047235028706 55.9526565613175
0.0312757554817763 0.0706683190455537 0.997009436165135 32.5960195735321 0.0423666978319679 0.996507185253533 -0.0719617443708556 -2.19622346605542 -0.998612482414404 0.044490655438614 0.0281725317425266 55.9738100909336
0.0343578800445268 0.0719500392682703 0.996816295978422 33.3368813569163 0.0392065020114118 0.996540353132719 -0.0732814763643971 -2.24736486303095 -0.99864026870484 0.0415994762876998 0.0314181045531717 56.0113347681801
0.0370070911610523 0.0722230916123149 0.996701710764939 34.094861410849 0.0411340582764788 0.996429515549726 -0.0737306570637112 -2.3007495212562 -0.99846805880484 0.0437269434021922 0.0339041290582235 56.0421517763848
0.0397218941519729 0.0718163460158314 0.996626601877511 34.8346990795836 0.0388486250425864 0.996548657975173 -0.0733590936434128 -2.35405003013789 -0.998455284655893 0.0416315353165947 0.0367948340110828 56.0750671917697
0.0418781448390784 0.07220998814827 0.996509878825325 35.615907364293 0.0370057751637987 0.996588398459602 -0.0737708388203034 -2.40560578158888 -0.998437175584605 0.0399660063973312 0.039063086709641 56.11061545913
0.0451311261642638 0.0725297919988908 0.996344624476764 36.3388219167511 0.0352302926645007 0.996624902111898 -0.074146011148434 -2.45484002371122 -0.998359658605013 0.0384478056987353 0.0424235583966428 56.1527620552175
0.0481151199435033 0.0741195720060289 0.996087960111187 37.1189445700983 0.0324032111179366 0.996602253579371 -0.0757230484711627 -2.51049156730022 -0.998316065753762 0.0359198720231953 0.0455499248272547 56.1901189040055
0.0515141213248635 0.0777080022145364 0.995644395201396 37.8824981784713 0.0320692355982607 0.996325231278294 -0.0794203855845357 -2.57339248466723 -0.998157231818851 0.0360208260604705 0.0488327826122046 56.2424904224532
0.0546081334241937 0.0796781147336879 0.995323741200023 38.6351666691726 0.0315752371829514 0.99617480417886 -0.0814786101750002 -2.62584722322054 -0.998008495034369 0.0358769780178675 0.0518833912494127 56.2857779662274
0.0579187191294516 0.0821019953857321 0.994939538026349 39.4093569096339 0.02617826611405 0.996144948120781 -0.083725388722347 -2.68756752685847 -0.997978015969122 0.0308950592672575 0.0555461515787275 56.3325597793968
0.06030290280512 0.0817924591565884 0.994823378061852 40.1988677315675 0.0217058231938518 0.996294019292972 -0.0832291076519011 -2.7340877970974 -0.997944095204112 0.0266124171426104 0.0583040487537032 56.3962943237001
0.0640372749486422 0.0817461355461071 0.99459378478876 40.9593123906365 0.0240719775289294 0.996222861371894 -0.083429912967975 -2.80504015552272 -0.997657139159039 0.0292844635135194 0.0618276061458523 56.4522199851316
0.0679996830151949 0.082861813397095 0.994238383382164 41.7428440089481 0.024062312953474 0.996118953209544 -0.084664255456784 -2.87326578992483 -0.997395131432454 0.0296808176650765 0.0657419261778235 56.5090441129273
0.0715406720591241 0.0839822604982531 0.993895825608968 42.5323659780668 0.0196240218856411 0.996137659901369 -0.0855842292204424 -2.93324241962423 -0.99724461894079 0.0256269867098903 0.0696162879347237 56.574036534242
0.0758723478813912 0.0827899066011489 0.993674603777282 43.3407454306729 0.0179042184198275 0.9962733311106 -0.0843735069827217 -2.98359906524169 -0.996956782307909 0.0241925832180301 0.0741073081922318 56.6358949472226
0.0805631828424495 0.0815353130046691 0.993409062926006 44.132281596968 0.0201435457818038 0.996311940265939 -0.0834071654407273 -3.06501273353021 -0.996545940302619 0.0267303276588806 0.0786236507014172 56.7048871325109
0.0854635662922672 0.0857679451458173 0.992642855422871 44.9202534690236 0.0153329033008027 0.996056778928057 -0.0873830374147713 -3.11390693586159 -0.996223308758119 0.0226881629253485 0.0838114929475508 56.7833147367922
0.0913396245776937 0.0938765764573846 0.991385021762305 45.7094765555134 0.0130862030931068 0.995347488662299 -0.0954574675039155 -3.19323795924504 -0.995733811955089 0.0216925149831907 0.0896861779935577 56.8669646554629
0.0987717783204691 0.0988347821529058 0.990189790719032 46.5051044429695 0.0117003234128525 0.994871371663615 -0.100469180728179 -3.26042894812696 -0.995041324890302 0.0215090604384403 0.0971088156637118 56.9544780840597
0.105712561830698 0.101910531526997 0.989160804841698 47.3232180347279 0.0069713634714118 0.994634174087982 -0.103219474071839 -3.33828317823948 -0.994372291630524 0.0178073945371772 0.104434871270362 57.0515140959303
0.113011031562438 0.100514306912395 0.988496525462338 48.129217489241 0.00394024714645685 0.994816767534429 -0.101607447978846 -3.4129127846647 -0.993585920390189 0.0153776831242516 0.112029217903686 57.1569013062604
0.120543558730428 0.0984836417078742 0.987810823368806 48.9437497093077 0.00344488648508946 0.995019321228345 -0.0996227039353446 -3.49828400266619 -0.99270206165078 0.0154117714179626 0.119603905020078 57.2605797672147
0.127892824027865 0.095550432497734 0.987174523785776 49.738927076355 0.00316560133863019 0.995303932238723 -0.0967474104991943 -3.57382948791546 -0.991782942246106 0.015498300540083 0.126989756083028 57.3634152955371
0.135516439887082 0.0896610896115451 0.986709776747956 50.5714720838238 0.00140277539584217 0.995878465980873 -0.0906868966101082 -3.65443846452975 -0.990774104799636 0.0136736975706687 0.134832129899465 57.4900864086565
0.142934362996838 0.0829533613337315 0.986249718741721 51.362152339894 -0.000558887624035566 0.996488026800038 -0.0837335063686633 -3.70656065390165 -0.98973201197057 0.0114171926322832 0.142478742951661 57.6163865923218
0.150238434772323 0.0792490927472563 0.985468413504918 52.1882014966866 -0.000494284583213615 0.996787993287587 -0.0800840316196411 -3.78521107778423 -0.988649669195268 0.0115445977167526 0.149795039516151 57.7402352671598
0.156967418862116 0.0812291943250416 0.984257612317563 52.9597200601209 -0.000719865737047619 0.996620975875269 -0.08213472005643 -3.85002716861645 -0.987603519236888 0.0121839416746846 0.156495496280827 57.872606905066
0.162903469355035 0.0874658360856323 0.982757440668823 53.7507958555697 -0.00129510945298037 0.996080934450993 -0.0884369533325337 -3.92383963771562 -0.986641161904164 0.0131339080656621 0.162378317811599 58.0042561842685
0.167882976246483 0.0919614417303392 0.981508226925022 54.5194170559736 -0.00237333059371393 0.995674223717688 -0.0928827622655164 -3.986622151737 -0.985804074645929 0.0132639910681863 0.167375006952732 58.1411980620413
0.172972282307331 0.0939506368387246 0.980435549840473 55.2911217401054 -0.00342149518131354 0.995491435736928 -0.0947897396618134 -4.06558506760649 -0.984920749565221 0.0130414420992539 0.172513877308043 58.2913287104332
0.178277615688647 0.0943374681549886 0.979447565644265 56.0699939420185 -0.00578244342963466 0.995476797163373 -0.0948288440156009 -4.12843583983031 -0.983963238689512 0.0112422600689806 0.178016730944558 58.433775117583
0.18320241216518 0.0912607718418771 0.978830091333365 56.8242681481687 -0.00322699210590539 0.995732254804535 -0.0922326583365401 -4.2128876987628 -0.983069917502722 0.0137385685099056 0.182715048741177 58.5755642979411
0.187824838941125 0.0854690030904466 0.978476815968302 57.5807415902166 -0.00161807466851393 0.996232339228397 -0.0867093311580874 -4.26529254359102 -0.982201207345576 0.014702917609814 0.187255473892358 58.7330693136888
0.19150990408961 0.0781236464012623 0.978376539226365 58.3350696994733 -0.00210805896127058 0.996857571881611 -0.079186725337745 -4.33555485202068 -0.981488417009087 0.0131025667435888 0.191072787234933 58.8877771618427
0.194578377641706 0.0750426984602129 0.978012192338179 59.0628074292286 -0.00582915786090088 0.997140060727049 -0.0753506483840079 -4.38181307410974 -0.980869652845348 0.00896061945778589 0.194459331033454 59.0408211759119
0.197669444041222 0.0750575288279968 0.977390995589108 59.7839062569186 -0.0078196137393248 0.997153347560717 -0.0749937003315885 -4.45755431287193 -0.980237544951938 0.00718114299333813 0.197693668719833 59.1950009269242
0.199653457316999 0.0770021107091116 0.976836307642028 60.4919754853291 -0.0102432363558003 0.997017015680357 -0.0764993238714882 -4.51365494563562 -0.979813029659398 0.00526738931325092 0.199846645004349 59.3343673829851
