1 -1.73472347597681e-18 -2.50721752387273e-19 8.67361737988404e-19 1.73472347597681e-18 1 -8.67361737988403e-19 1.38777878078145e-17 2.50721752387273e-19 8.67361737988403e-19 1 5.55111512312578e-17
0.999999730452473 -0.000690561526784394 0.000249438889333253 0.00133700202164077 0.000690384856016474 0.999999511288805 0.000707665812550105 -0.0407512274303356 -0.000249927454213643 -0.000707493412968838 0.999999718494629 1.31383345928309
0.999998186305388 -0.00188190888951903 0.000292924676763691 -0.00797712442641565 0.00188161952493439 0.999997744631997 0.000985007046624801 -0.059556391326113 -0.00029477770962803 -0.000984454087331694 0.999999471977987 2.63305319163572
0.999996402127822 -0.00268059620735041 -0.000100674644813626 -0.0186962430994959 0.00268064222939238 0.999996301355517 0.00045981792473569 -0.0903254500465151 9.94416862687884e-05 -0.000460086143073888 0.99999988921604 3.95047581412835
0.999995225059903 -0.00306939032183971 0.000358748442773346 -0.0273078208329976 0.00306927501289245 0.999995238073381 0.000321529869822957 -0.108481724954341 -0.000359733635110203 -0.000320427236905771 0.999999883959042 5.26592019518968
0.999994494920827 -0.00331757783399096 -6.1687558280717e-05 -0.0250981800483577 0.00331762856108125 0.999994142797677 0.000841255650936668 -0.128320669307283 5.88962658639402e-05 -0.00084145567616292 0.999999644241724 6.59150875542245
0.999989247102039 -0.00463659535338207 -8.75432835673479e-05 -0.036085470358902 0.00463676670992195 0.999987106075453 0.00207076732595952 -0.162263083284709 7.79408446293757e-05 -0.00207115097699268 0.999997852127121 7.92915557008033
0.999988349727115 -0.00482103244366199 0.000240948579491013 -0.0427015904935085 0.00482039679186916 0.99998507283219 0.00257252552338924 -0.180158813149999 -0.000253347211821541 -0.00257133408500531 0.999996662022536 9.25466751996545
0.999992425145973 -0.00387803440905186 -0.00033241509878611 -0.0524734356320483 0.00387845596338968 0.99999166334683 0.00127703413426628 -0.20861531370059 0.000327459945242505 -0.00127831371824133 0.999999129341632 10.5785966063224
0.999999088305542 -0.00134639820491446 -0.000102956097666849 -0.0654136913404907 0.0013462979730034 0.999998625721467 -0.000967490023128509 -0.228725273331104 0.000104258583006907 0.00096735053148762 0.999999526681437 11.9127408862266
0.999998463795068 0.00170781532955863 -0.000394682535461559 -0.0778925757809563 -0.00170859838788671 0.999996555762305 -0.00199227384567011 -0.257649102382329 0.000391278740266779 0.00199294513907302 0.999997937533183 13.251538892341
0.999990620707522 0.00431861689690411 -0.000328702119416498 -0.0912699837267602 -0.00431932842761548 0.999988261199002 -0.00219564708727803 -0.279787497429184 0.000319216102236973 0.00219704626607044 0.999997535541356 14.5927157160632
0.999987364777964 0.00502471442176523 0.000150097979255945 -0.106878795542934 -0.00502449891831218 0.999986392641292 -0.00140319024953596 -0.305456741079304 -0.000157146567102223 0.00140241835278118 0.999999004263364 15.934088710642
0.999995331945016 0.00303768660895162 0.000329466604167487 -0.10561656894617 -0.00303804619952779 0.999994783990278 0.00109647960606476 -0.333523916624038 -0.000326134124250145 -0.00109747542240233 0.9999993445919 17.2920506252856
0.999998833464694 -0.00126821461889713 0.000851293680953023 -0.113396083775248 0.00126561479472633 0.999994555187873 0.00304759147501741 -0.360925819347755 -0.000855154045879909 -0.00304651051001709 0.999994993730104 18.6422382298239
0.999994975601992 -0.00316991048611318 2.09351861076032e-05 -0.113999779743235 0.00316987471511524 0.999993803650102 0.00153119420420174 -0.39430453658292 -2.57888049500398e-05 -0.00153112014895553 0.999998827502326 19.9900718914342
0.999991990881077 -0.00397262984993189 0.000486195202411009 -0.122249514943201 0.00397306241455234 0.999991709534513 -0.000891985029044149 -0.41098598342509 -0.00048264764527439 0.000893909568914809 0.999999483988333 21.3396601837494
0.99999792472112 -0.00193637824331123 0.000633239885276364 -0.124779023881453 0.00193761313182567 0.9999962111283 -0.00195534764053035 -0.456119435796473 -0.000629451193382451 0.00195657055655599 0.999997887809195 22.6976726057813
0.999998789561048 0.000584066089069929 0.00144213149245111 -0.133497614043401 -0.000582676382147405 0.999999365711557 -0.000963880032867598 -0.456418335464269 -0.0014426935473649 0.000963038570189059 0.999998495594889 24.0593059765967
0.999997039520114 0.00036493230142688 0.00240577958745937 -0.133168329282065 -0.000372469378936952 0.999995022146127 0.00313320116311975 -0.476781797275349 -0.00240462420552884 -0.00313408796656953 0.999992197607085 25.4359891876236
0.999996472127438 -0.00128199322847049 0.00232641914541571 -0.133877562453018 0.00127172732429957 0.999989472204528 0.00440887624251188 -0.497844899956845 -0.00233204680283883 -0.00440590211776335 0.999987574714925 26.8160857270679
0.999985652237264 -0.00479677093918531 0.00238459811511259 -0.14479357543411 0.00478794647778141 0.999981719807471 0.00369264396036766 -0.544700165066043 -0.00240226729143779 -0.00368117365104207 0.999990338989538 28.1873486329101
0.999983486370945 -0.00538357082097747 0.00201100736607374 -0.145437902934886 0.00538188922654291 0.999985164158763 0.000840672780914111 -0.549649457307438 -0.00201550335254105 -0.000829835879477679 0.999997624556503 29.5499663446868
0.999980471234022 -0.00546665386985692 0.00302867067379266 -0.156038371686077 0.00546946498183807 0.999984618547894 -0.000920663041480852 -0.595213804981314 -0.0030235911422612 0.0009372102702596 0.999994989754206 30.9395101098344
0.999990908228318 -0.00266648022820326 0.00332766342883879 -0.164733078480559 0.00267406225998429 0.999993834315921 -0.00227611976215818 -0.605272422845818 -0.00332157368317455 0.00228499744738597 0.999991872934442 32.306258758346
0.999992210325047 -0.0011364523517793 0.00377991604119469 -0.162421995933188 0.00115135816070911 0.999991561209508 -0.00394358772650611 -0.64672542812665 -0.00377540244372891 0.0039479090444204 0.99998508006398 33.6976467999086
0.999991994996851 -0.000293629293719013 0.00399045411649116 -0.169917848239403 0.000309111477938245 0.999992425996111 -0.00387974232464147 -0.669972738283237 -0.00398928468677757 0.00388094476246154 0.999984511817777 35.0881073756715
0.999993702426104 -0.00111917606327652 0.00336787070297044 -0.165799825466163 0.00112747477102446 0.999996330734877 -0.00246319252655157 -0.704505599253744 -0.00336510159924498 0.00246697420366429 0.999991295026864 36.4805218187985
0.999994075278866 0.000244775815437629 0.0034335829632693 -0.173867284248351 -0.00024101477161548 0.999999370631546 -0.00109574102432658 -0.73095056976685 -0.00343384901318324 0.00109490698815286 0.999993504908728 37.8756637891643
0.999990534083955 0.00281260041157116 0.00331979237483893 -0.192441598304887 -0.0028100384332285 0.999995750635736 -0.000776140756997859 -0.759141148722298 -0.00332196124164441 0.000766804665950978 0.999994188275169 39.2676540635012
0.999980833875961 0.00513332310270851 0.00346134000948407 -0.194051374454476 -0.00512980053441166 0.999986316346355 -0.00102580043135666 -0.789744935905766 -0.00346655841075929 0.00100802478690793 0.999993483408174 40.6709016534209
0.999965470664976 0.00745539918426576 0.00367076296931956 -0.203228007498809 -0.00745313528221058 0.999972026525419 -0.000630032628113882 -0.815931307885284 -0.00367535743006665 0.000602652180506922 0.999993064255003 42.0764147780511
0.999956873357688 0.00869840796284614 0.00325409336512193 -0.207193582703667 -0.00869666472673227 0.999962032330366 -0.000549472796982518 -0.842125121937021 -0.00325874935333273 0.000521149341079793 0.999994554463181 43.4778660178536
0.999968927369982 0.00727985020783452 0.00302457856230459 -0.216637884887677 -0.00727790411387967 0.999973301883642 -0.000653935498127789 -0.871656091229623 -0.00302925836422615 0.000631902585870651 0.999995212134981 44.9027994721517
0.999974926410553 0.00673778827214437 0.00217916484213635 -0.218536831726337 -0.00673524057502746 0.999976628445684 -0.00117434952136855 -0.901978261177534 -0.00218702643009935 0.00115964287674635 0.999996936067202 46.3007762787577
0.999979174466457 0.00630676633664019 0.00136942752935441 -0.221438672691849 -0.00630570582605689 0.999979816688676 -0.000777360481111787 -0.934145301994449 -0.00137430252068596 0.0007687090850148 0.999998760188693 47.7283704062991
0.999978398856127 0.00657280767090043 4.52313769815179e-06 -0.23441710925982 -0.00657280758509374 0.999978398691492 -1.87309638166035e-05 -0.962970462851894 -4.64615501511608e-06 1.87008294925884e-05 0.999999999814346 49.1481429096172
0.999972654305381 0.00733330037542193 -0.000955691925137672 -0.234722711516048 -0.0073331348818062 0.999973096618577 0.00017655554188142 -0.993409648572731 0.000956960948614849 -0.000169542496055001 0.999999527740431 50.5549678122796
0.999969430946349 0.00760565552467222 -0.0018141601019493 -0.255444465898898 -0.00760541489129892 0.999971068683012 0.000139503717444179 -1.02269676778285 0.00181516863312762 -0.00012570201269299 0.999998344679549 52.0030799804353
0.999967382094381 0.00744693962456593 -0.0031269533957583 -0.268416147925206 -0.00744318005029187 0.999971564376363 0.00121223323992603 -1.04484447859384 0.00313589190663703 -0.00118891922228312 0.999994376310703 53.405869766176
0.999973924213716 0.00621310692433887 -0.00368078727550463 -0.274195010682246 -0.00620552305409005 0.99997860669688 0.00206824374575409 -1.07254863739441 0.00369355875084469 -0.00204534860437684 0.9999910870467 54.8451495885048
0.999981392605662 0.00424919717232692 -0.00437707274696039 -0.290686105947889 -0.0042392106355214 0.999988396291832 0.0022883126702687 -1.09864602770036 0.00438674544841352 -0.00226971475739111 0.999987802355254 56.2630680047577
0.999985492952303 0.00232375277995117 -0.00485942979760534 -0.309957009836298 -0.00231497663080857 0.999995680844335 0.00181084948965711 -1.12799886633286 0.00486361677550726 -0.00179957375315668 0.999986553292677 57.6847122190259
0.999988072105352 0.00130797649255946 -0.00470583090600162 -0.319197801343509 -0.0012981136768835 0.999996955981837 0.00209831550095485 -1.15314680170414 0.00470856112871609 -0.00209218176900844 0.999986726025672 59.1396424218908
0.99998972381364 0.000165329470452867 -0.00453044515321155 -0.33687108868788 -0.000153922169841161 0.99999681760046 0.00251815347374647 -1.17958272185195 0.00453084706050531 -0.00251743026078377 0.999986566894674 60.5344370045449
0.999991617081089 -0.00155773375074769 -0.00378671798672481 -0.342185783965216 0.00157006959694186 0.999993463802898 0.00325687472003987 -1.20769476960185 0.00378161989231632 -0.00326279282870633 0.999987526689182 61.9772179468965
0.999988690938626 -0.00322131650203555 -0.00349873046224597 -0.359053330447726 0.00323167620424632 0.999990399115323 0.00295938272073454 -1.23628651520943 0.00348916376294414 -0.00297065601687363 0.999989500414412 63.3760544848115
0.999986787418086 -0.00405832756411775 -0.00315514922581913 -0.367015217876736 0.00406499989510056 0.999989509219521 0.00211121452126427 -1.26240578765593 0.00314654812575581 -0.00212401230794145 0.99999279387734 64.7861658051175
0.999989511145538 -0.0040590270592623 -0.00212176771591005 -0.384342580375335 0.0040633070753264 0.999989710993855 0.00201679003305384 -1.29522461798582 0.00211355967971196 -0.00202539027300896 0.999995715320682 66.2172563219604
0.999995491474653 -0.00239179238432267 -0.00181558793714927 -0.392604695904249 0.00239535725703359 0.999995202761685 0.00196385264912181 -1.32190251456179 0.00181088209953115 -0.0019681927767834 0.999996423455212 67.6223027871344
0.999999629282085 -4.94802333275459e-05 -0.000859643762983763 -0.408727079822716 5.19321551425275e-05 0.99999593036435 0.00285246521281302 -1.35031909606158 0.00085949912390257 -0.00285250879850633 0.999995562217558 69.0566488288959
0.999993256960059 0.00364622010197488 -0.000437165165628995 -0.422428259206375 -0.00364438000723363 0.999984795338257 0.00413854886013849 -1.37617015789707 0.000452248578727368 -0.00413692775774875 0.999991340612483 70.4530865916677
0.999975526395664 0.00697874259889433 0.000493722040713556 -0.437763622275725 -0.00698092556293753 0.999965202807749 0.00456725869014354 -1.40186390069141 -0.000461831137791712 -0.00457059354967645 0.999989448137631 71.880485401538
0.999933392540816 0.0115080647380473 0.000880299834879805 -0.446295679112823 -0.011511750549232 0.999924477942174 0.00430325590251231 -1.42570782961819 -0.000830711205314276 -0.00431310306567809 0.999990353483892 73.2822642323418
0.999889816357132 0.0147379987573991 0.0017738483382082 -0.466025425107148 -0.014744327169215 0.999884783177887 0.0036090422050379 -1.45246191443853 -0.00172045390150651 -0.0036347987478676 0.999991914105527 74.6890328687563
0.999853152978572 0.0169618428790887 0.00244302373164421 -0.477646418481644 -0.0169705684483232 0.999849521846969 0.00359631324107918 -1.47583527640013 -0.00238165600980609 -0.00363724463465035 0.999990549038399 76.0747869380888
0.999849830389875 0.0171231688015321 0.00266716319934082 -0.481089067637051 -0.017133606676821 0.999845441834713 0.00394106135338569 -1.50123490767444 -0.00259926750867899 -0.00398616765093917 0.999988677073834 77.4515190971986
0.999880176536786 0.0151678314889014 0.0030934538449231 -0.494494182520625 -0.0151793055913059 0.999877867560786 0.00372003277682735 -1.53001570408015 -0.00303665120356731 -0.00376654351086145 0.999988295881231 78.8469537265097
0.999884550738126 0.0149646652831192 0.00263514481209318 -0.497675730573281 -0.0149720537066859 0.999883973126959 0.00280675821022497 -1.55703277891602 -0.00259283686733396 -0.00284588770171289 0.999992589032623 80.2318776295147
0.999887222319224 0.0148078311694389 0.00250415231253258 -0.503322742811334 -0.0148151129527279 0.999886001765158 0.00291477311040733 -1.58611755390105 -0.00246070537547304 -0.00295154368841695 0.999992616632198 81.6304032246537
0.999898709034326 0.0140662554884423 0.00217074365631378 -0.51070194845984 -0.0140725966959044 0.999896671131188 0.00293412389008846 -1.60767023894548 -0.00212924721955456 -0.00296437468985172 0.999993339372306 83.0081823198345
0.999901868972182 0.0139402778794962 0.00138602979023642 -0.514279766145038 -0.0139441276698886 0.999898833598975 0.00280782316649133 -1.63855685812054 -0.00134674773541345 -0.0028268746082674 0.999995097513226 84.396722292786
0.99989652071673 0.0143611562485933 0.000839672425611062 -0.522176295622974 -0.0143635718840727 0.999892500616401 0.00294533763964061 -1.65953375871504 -0.000797283707295142 -0.002957093553457 0.999995309957205 85.771596114255
0.999910267653399 0.0133849536610013 -0.000547409171406415 -0.529164135893525 -0.0133828999550667 0.999903973570352 0.00359744729119272 -1.68701005536506 0.000595508270948637 -0.00358979856163008 0.999993379336176 87.1338952078605
0.999928430847707 0.0118707432363459 -0.00148950913363412 -0.54040142123675 -0.0118637892540096 0.999919070885747 0.00459371130133247 -1.71468200440141 0.00154391935633928 -0.0045757113108554 0.999988339521527 88.52825582272
0.999948461210769 0.00982999915470101 -0.0025389050461124 -0.55353671675662 -0.00981701268411663 0.999938919333949 0.00507778132785117 -1.7382303247127 0.00258866455426167 -0.0050525951621081 0.999983884919129 89.8938782179298
0.999957648576806 0.00851802887727577 -0.0034848582167716 -0.560070078680134 -0.00850006937789408 0.999950682225604 0.00513633498903376 -1.76527796743271 0.00352843780108022 -0.00510649592132229 0.999980736727508 91.2519217782225
0.999972514619361 0.00636764430054093 -0.00379777723060753 -0.578812314781754 -0.00634955190337404 0.999968525980064 0.0047571251701065 -1.78732537772725 0.00382794938026765 -0.00473288023506726 0.999981473152489 92.6204055470236
0.999975988840864 0.00548591102076539 -0.00423397236748168 -0.593067248655564 -0.00546720868160129 0.999975303036814 0.00441621395143545 -1.81427074033609 0.00425809475800823 -0.00439295990253433 0.999981285091039 94.0039639586099
0.999974204113474 0.00579550545507617 -0.0042430206392377 -0.604875169117519 -0.00577880249194045 0.99997554729203 0.00393830671293379 -1.83714261369531 0.00426574136393166 -0.00391368554257734 0.999983243117648 95.3439611560142
0.999973164130677 0.00598894767337989 -0.00421942226475617 -0.614930931179151 -0.0059750494003807 0.999976708006902 0.00329882226590301 -1.86180070960731 0.00423908045993617 -0.00327352248266678 0.999985657020844 96.7068626869812
0.999967015336602 0.00694705314602799 -0.00420793196166248 -0.634044922761325 -0.00693550048706426 0.999972157193645 0.00275384648869864 -1.89371790270801 0.0042269459189407 -0.00272457153982952 0.99998735473911 98.0665931312992
0.999960895860536 0.00809875727256655 -0.00355202483572438 -0.656155523938396 -0.00808864662866445 0.999963220314111 0.00285163369847111 -1.91543768591743 0.00357498888252083 -0.00282279111407686 0.999989625598594 99.3943312107059
0.999958460222933 0.00836837269949701 -0.00361222465297823 -0.669391128605181 -0.00835317066675508 0.999956277597182 0.00420326465980271 -1.9437804556918 0.00364724120306474 -0.0041729165281128 0.999984642081695 100.756150634728
0.999953437277834 0.00904334550632408 -0.00336766659542929 -0.679730426238914 -0.00902537437073267 0.999945151162459 0.00531387656559201 -1.96183506849785 0.00341553710459191 -0.0052832346852543 0.999980210572963 102.092958169729
0.999958090871004 0.00849843267465858 -0.00340487058366786 -0.696965801709497 -0.00848404493245574 0.999955113606165 0.00421802731921657 -1.99271784893943 0.00344056437249811 -0.00418896347034451 0.999985307442986 103.434841100819
0.999954857609364 0.0089457985267187 -0.003202410366487 -0.70687316793945 -0.00893892268915073 0.999957724935686 0.00215499480392272 -2.01335020231508 0.00322155313372482 -0.0021262714236205 0.99999255025487 104.755876057573
0.999962534443546 0.00806042900011653 -0.00315581900223173 -0.72138446788648 -0.0080575664038687 0.999967115219375 0.000918751048572862 -2.03829115336248 0.00316312075141195 -0.000893288405884512 0.999994598336879 106.091811473778
0.999975428520257 0.00617055798175473 -0.00332664544590264 -0.740441866079315 -0.00616390207914652 0.999978988230314 0.00200733879481024 -2.06959875041432 0.00333896194761711 -0.00198678435474512 0.999992451982034 107.426521377844
0.999991192251627 0.00337586297642688 -0.00249378594380594 -0.746464013223871 -0.00336645947906985 0.999987244297717 0.00376539406089393 -2.09288687079036 0.00250646558821672 -0.00375696566692122 0.99998980136761 108.768251018387
0.999997533950437 0.00128558508876301 -0.00181090143989661 -0.752570109076158 -0.00127731072409649 0.99998877384452 0.00456296638675924 -2.11766001807059 0.00181674719198284 -0.00456064205042851 0.999987949914262 110.104044709135
0.99999904118657 0.000992159685831697 -0.000966046115724319 -0.763578207574577 -0.000988721083891192 0.999993197672631 0.00355345452840864 -2.14497126123435 0.000969565138690909 -0.00355249597114609 0.999993219834923 111.417950528615
0.99999572792252 0.00292283494660465 -3.42430123924375e-05 -0.774956199236692 -0.00292279086024286 0.999994980020384 0.00122361252773398 -2.16517868382683 3.78192579503775e-05 -0.00122350721520281 0.999999250799618 112.738001178685
0.999984181634198 0.00553477205347565 0.00100138888520448 -0.782068995902336 -0.00553409731102727 0.999984458729108 -0.000675327479883545 -2.19908357902135 -0.00100511110601115 0.000669775013769529 0.999999270576282 114.076935831009
0.999965357465395 0.00798269703012666 0.00235805369535487 -0.793073282911635 -0.00798030949868288 0.999967636422085 -0.00102018073599276 -2.21869391006575 -0.00236612117403178 0.00100132739604286 0.999996699401571 115.393834883513
0.999952889782464 0.00892368938285123 0.00381916005138048 -0.801596144543175 -0.00892732533581675 0.999959712531496 0.000936042882150218 -2.24785747574924 -0.00381065323116086 -0.000970093669254645 0.999992268890227 116.736502326389
0.999952282307449 0.00854996881337419 0.00472558371146535 -0.804276871149905 -0.00856411985860751 0.999958879483177 0.00298248114770847 -2.26938254155753 -0.00469988927222146 -0.00302280929589689 0.999984386710507 118.025224725574
0.999949528685729 0.00832158912563419 0.00562949692357933 -0.803138193903084 -0.0083415039604194 0.999959001622656 0.00352340538375982 -2.30059751941382 -0.00559994579141351 -0.0035701860237426 0.999977946946276 119.398007454956
0.999938770992375 0.00885851318280906 0.00663181803493567 -0.805611925606744 -0.00887733018683087 0.999956638116157 0.00281334252922323 -2.32281283619751 -0.00660660843492949 -0.00287204310948716 0.999974051710026 120.739935396235
0.999917697981837 0.00993254926988552 0.00812045120087884 -0.809729510669144 -0.00995343478345741 0.999947248522237 0.00253560817547506 -2.34629661023031 -0.00809483778194586 -0.00261622587124514 0.999963813827018 122.054813278825
0.999893278700619 0.0115164821372255 0.008988984843087 -0.810110963720518 -0.0115360166200468 0.999931201382927 0.0021243402359502 -2.36440322564812 -0.0089639014869802 -0.00222781060214709 0.999957341755163 123.385747891739
0.999867025863365 0.012429985161233 0.0105558543018108 -0.812647361744248 -0.0124432470091902 0.999921869792315 0.00119160182508835 -2.39079198327842 -0.0105402179777179 -0.0013227924753349 0.999943575420658 124.733658055159
0.999832747865773 0.0143544214132114 0.011332558452034 -0.799683783927146 -0.0143606941636614 0.999896768354663 0.000472331492064021 -2.41801484369639 -0.0113246085280953 -0.000634995899635388 0.999935672941961 126.063580935809
0.999834205400309 0.0133859293098868 0.0123441730400387 -0.798519861947268 -0.0133886758651555 0.99991035787794 0.000139882049347 -2.44733340956503 -0.012341194030948 -0.000305130989315093 0.999923798009113 127.400439073398
0.999829508479601 0.0127291177687578 0.0133762301964304 -0.792533767242191 -0.0127423523270633 0.999918403708028 0.000904645323538746 -2.47524101588676 -0.0133636234087836 -0.00107493572715293 0.999910125002528 128.747231808875
0.999836470606915 0.0114902550190823 0.0139644578807823 -0.782416052843118 -0.0115156602611064 0.999932178282589 0.00174023095826398 -2.49636905406698 -0.0139435150897635 -0.00190075633203716 0.999900977853461 130.079075520164
0.999832845209281 0.0110768360567459 0.0145459734526948 -0.769063572451806 -0.0111079298353136 0.999936186057911 0.00205856909836899 -2.52384765136739 -0.0145222427843731 -0.00221980065118104 0.999892082651713 131.405922280822
0.999852139037636 0.00943696585262371 0.0143751082555974 -0.760779768885505 -0.00947049175808944 0.999952586543293 0.00226593275216061 -2.54916229919801 -0.014353043152018 -0.0024017370534195 0.999894105298857 132.768792585516
0.999870862673015 0.00760167357541632 0.0141588324509541 -0.75374096456192 -0.00764333414005111 0.999966611418228 0.00289058678646223 -2.56782208843027 -0.014136386410427 -0.00299843419126685 0.999895580534115 134.101671786477
0.999891103164591 0.00557303579226328 0.0136646655413142 -0.738294812227714 -0.00561084863261703 0.999980531390648 0.00273042438087013 -2.59724615883303 -0.0136491827564761 -0.00280679741626339 0.999902906135563 135.44756011578
0.999909720148582 0.00507301197507494 0.0124425118800647 -0.726229627840674 -0.00511084308740594 0.999982407745323 0.00301056187497926 -2.62488877464727 -0.0124270203717834 -0.0030738818077327 0.999918056850316 136.772425047193
0.999930456262487 0.00272985978482339 0.0114730337857952 -0.72476426860737 -0.00277423512516226 0.999988726393907 0.00385366118926327 -2.64444666554741 -0.0114623844886267 -0.00388522208458179 0.999926756713305 138.112278525771
0.999944954229421 0.00206211849416094 0.0102876711863188 -0.715855149457936 -0.00210190646563744 0.999990347989007 0.00385822731762354 -2.67101100229152 -0.0102796157676971 -0.00387963866111064 0.999939637129926 139.4611647809
0.999957782431961 0.00127021407197143 0.00910054448734273 -0.702206525339034 -0.00130547705397865 0.999991659654419 0.00386992910305273 -2.6901775490405 -0.0090955529472525 -0.00388164627606445 0.999951100673814 140.808106719919
0.999967942586392 0.0015026482781993 0.00786484886631845 -0.703832349557723 -0.0015314591341747 0.999992134960373 0.00365850383571824 -2.71701917143333 -0.00785928956448092 -0.00367043124818282 0.999962379043329 142.160986910725
0.999976283462146 0.00113328186378089 0.00679324557567175 -0.697613530445521 -0.0011530466956433 0.99999511201883 0.00290627283045965 -2.73308838196148 -0.00678991874412533 -0.00291403683309378 0.99997270232381 143.491991012587
0.999981945682688 -0.000139906251437278 0.00600739002447018 -0.69691045273827 0.000133262028982251 0.99999937906635 0.00110639420953365 -2.7628405401616 -0.00600754108574603 -0.00110557367735797 0.999981343404439 144.830973807122
0.999979042710952 -0.0041655805882131 0.00495601425040335 -0.697443560890274 0.00416476998610077 0.999991312192619 0.000173868474831979 -2.79649868614567 -0.00495669545664982 -0.000153224171619328 0.999987703770653 146.176865436359
0.999917404998926 -0.0122073466946857 0.00402043118203486 -0.68553566628457 0.0121974837567203 0.999922560566832 0.00246865539826028 -2.81718180957041 -0.0040502555744393 -0.00241941235562712 0.999988870874889 147.529619247724
0.999792736813312 -0.0202374191459675 0.00222042375648306 -0.678112149498883 0.0202287511797706 0.99978792990754 0.00385912385174498 -2.83826255165147 -0.00229805157793569 -0.0038134075977541 0.999990088391599 148.875432575442
0.999750354551468 -0.0223138194724255 0.00114979770693616 -0.670946991795254 0.0223122877693078 0.999750167654203 0.00132819045816812 -2.870346412112 -0.0011791474523864 -0.0013022042641518 0.999998456936479 150.224467436117
0.999761125233661 -0.0217950739743164 0.00163316318142841 -0.67466772090048 0.021798472143558 0.999760194968857 -0.00209264618121232 -2.90138660985113 -0.00158716216235923 0.00212774676296101 0.999996476798785 151.552545676669
0.999803091935351 -0.0197081530829006 0.0023164754635668 -0.688366518493153 0.0197182535654467 0.999795799723366 -0.00442146263616281 -2.92246329333558 -0.0022288635761525 0.00446626886508095 0.999987542227194 152.875583656647
0.999822085974562 -0.0185683645743539 0.00331846869942599 -0.692084250596632 0.0185825574738214 0.999818088982114 -0.00429854648533446 -2.96453722642675 -0.00323804805512755 0.00435944734895788 0.999985255023095 154.241320700182
0.999763540110944 -0.0214166639906578 0.00376701053158076 -0.690644071418721 0.0214225911501789 0.999769323602766 -0.00154018546960494 -2.98896450195462 -0.00373315593647717 0.00162052040399614 0.999991718695897 155.554987866853
0.999625785516438 -0.0270102781957577 0.00432825628082624 -0.67537159759196 0.0270025465408782 0.999633680676124 0.00183492185454753 -3.02226076122163 -0.00437623250667069 -0.00171736125854949 0.999988949568621 156.894575024338
0.999537673811989 -0.0301254936753264 0.00411014127925625 -0.663433353394097 0.0301134018312263 0.999542067894513 0.0029727999110147 -3.04953741095787 -0.00419781617852368 -0.00284765517183877 0.999987134516916 158.268367051632
0.999487483538923 -0.0317230800007762 0.00429143848789789 -0.658611713093443 0.0317094569813009 0.999491986513274 0.00320612440514299 -3.08332679358902 -0.00439096652026537 -0.0030684020294892 0.99998565205807 159.609169494624
0.999525736000794 -0.0303554415271427 0.00518172189181783 -0.664200248882949 0.0303372214302676 0.999533383128321 0.00355935498985498 -3.09976739439896 -0.00528734980522765 -0.00340046787150075 0.999980240179921 160.961051395765
0.999577698212529 -0.0283621047805012 0.00632583975146144 -0.664257368847195 0.0283433814674807 0.999593653055389 0.00303009873944864 -3.11391735097425 -0.00640920924374984 -0.00284952343415693 0.999975400823974 162.296023613638
0.999660488307144 -0.0249737496598689 0.00743101241068897 -0.674126121000585 0.0249670596900196 0.999687782490669 0.000991700218692131 -3.13928128427889 -0.00745345879150155 -0.00080583299445713 0.99997189789775 163.6580190082
0.999728055355986 -0.0218934142552763 0.00803079985958631 -0.671531185041249 0.0218932211309806 0.999760308439687 0.000111969158079713 -3.16357178934413 -0.00803132633179905 6.38813685176924e-05 0.999967746338112 165.010958033323
0.99974678492415 -0.0209130494609776 0.00830724960909269 -0.675933477366875 0.0209030642672938 0.99978067870781 0.00128700691076273 -3.18056957655359 -0.00833234289155528 -0.00111303404874689 0.999964665984326 166.359778748112
0.999773226930117 -0.0196118972644802 0.00829868660858769 -0.675552057159762 0.019602254512084 0.999807086271905 0.00124171596040826 -3.20776512626709 -0.00832143808386293 -0.00107876140565044 0.999964794351304 167.728636923111
0.999810027116488 -0.017957617382032 0.00757849954069451 -0.674162476782899 0.0179658219415342 0.999838085467378 -0.00101591874320532 -3.23493271803779 -0.00755902899140168 0.00115187971952438 0.999970766699616 169.085668774003
0.999878599914253 -0.0137683083692394 0.00729514346423247 -0.678266518149346 0.0137981139296209 0.999896594512502 -0.00405121392760833 -3.26879979778596 -0.00723861074374111 0.00415138133054255 0.999965183667686 170.443698590894
0.999943372778407 -0.00797084654820754 0.00705101707902581 -0.680744816479881 0.00800824467758264 0.999953931918578 -0.0052916970585619 -3.30578171920308 -0.00700851294696351 0.00534786367445461 0.999961139795138 171.834575698891
0.999966890188028 -0.00373387223226606 0.00723026457590264 -0.680534207549776 0.00376761789376954 0.999982047843976 -0.00465929663937918 -3.33339132620316 -0.00721273755872122 0.00468638324513639 0.999963006430232 173.183377024924
0.999968743295568 0.000541152682445969 0.00788793925284497 -0.686662287536227 -0.000520683505159944 0.999996492702539 -0.00259681946024506 -3.36394805390592 -0.00788931686331239 0.00259263117236807 0.999965517877009 174.576037948835
0.999969636735608 -0.00023891121751981 0.00778900046771841 -0.698507079549693 0.00024006124199461 0.999999960422999 -0.000146712648428314 -3.39040134858312 -0.00778896510815567 0.000148578030879557 0.999969654513132 175.985693960964
0.999972279502981 -0.00182308941664331 0.00721918074236018 -0.693405154675688 0.00181685261765115 0.999997970736575 0.000870384569288696 -3.42179209560671 -0.00722075288163742 -0.000857244254366784 0.999973562580587 177.371460079601
0.999975807972726 -0.00433903672855838 0.00543656413208287 -0.688296585526968 0.00433437320739472 0.999990228719416 0.000869295455429618 -3.44189570759253 -0.0054402829147984 -0.000845710327495868 0.999984843933071 178.719384471343
0.99998393076833 -0.00441291055646605 0.0035587112189765 -0.687964816617157 0.00442348131635431 0.999985811765133 -0.00296800968207362 -3.48270393436036 -0.00354556316588818 0.00298370388102588 0.999989263188854 180.098452989051
0.999995485063413 -0.00225383593142002 0.00198747990770911 -0.697273932860484 0.0022677678443595 0.999972677912061 -0.00703567042904623 -3.51754253431638 -0.00197156835879368 0.00704014580646641 0.999973274275483 181.505551311664
0.99999685778215 0.00214507687107281 0.00129733227981415 -0.708642834332218 -0.00213448435706975 0.999964820357232 -0.0081118447013264 -3.54558565349185 -0.00131468717057855 0.008109050076686 0.99996625688295 182.871461059319
0.999984182128376 0.0054495672107009 0.00139201661621165 -0.721057082027344 -0.00543960624216532 0.99996026827809 -0.00706204992481191 -3.5787848603268 -0.00143044642470515 0.00705436619593805 0.999974094534753 184.248176168447
0.999977463393156 0.00660769559781734 0.00118788243319757 -0.732895627306711 -0.00660269467606509 0.999969525238932 -0.00416569519291059 -3.60759754324035 -0.00121537187855228 0.00415775808725834 0.999990617915431 185.674787658709
0.99997987416691 0.00611140014767295 0.00170354024482964 -0.739710482314183 -0.00610808774070232 0.999979458003857 -0.00194289332276344 -3.64091032813116 -0.00171537904925215 0.00193244884713148 0.999996661552513 187.080422355897
0.999974479418807 0.00689520241636476 0.00186994511209235 -0.748461280891782 -0.00689318820797395 0.999975656901042 -0.00108146274043804 -3.6718570906547 -0.00187735649633451 0.00106854525728413 0.999997666869088 188.461171085066
0.99998453116424 0.00529194666925772 0.0017125223168688 -0.75261301877809 -0.00529093912854546 0.999985827451419 -0.000592333892181409 -3.69899728523045 -0.00171563264543089 0.000583263878130887 0.99999835820259 189.906984987478
0.999994959315719 0.00261289236162722 0.00180392257598187 -0.755145328074472 -0.00261272110722073 0.999996582106229 -9.72845079426832e-05 -3.72695799905656 -0.00180417060431384 9.25708709721334e-05 0.999998368198201 191.305793633778
0.99999756302831 0.000716122749403681 0.00208832603975136 -0.758362167461328 -0.000716068014028261 0.999999743259907 -2.69577424241216e-05 -3.75721336016103 -0.00208834480864696 2.54622932489382e-05 0.999997819081438 192.714617041585
0.999994189544037 -0.0022735870534579 0.0025400157626825 -0.75843810342052 0.00227157089617488 0.999997102883275 0.000796360923549201 -3.78468139243459 -0.00254181899984602 -0.00079058647044679 0.999996457058326 194.122406677776
0.999970601999427 -0.00713216425970318 0.00281555853712486 -0.752194595404002 0.00712630349104003 0.999972431532468 0.0020861384414464 -3.80615170280181 -0.00283035959852362 -0.00206601258851497 0.999993860309416 195.532212951733
0.999940952234444 -0.0103844966639331 0.00320222945925286 -0.757350625413512 0.0103770018251203 0.999943400043608 0.00234830627256915 -3.83571421744736 -0.0032264341918585 -0.00231493806938779 0.999992115560988 196.958023039098
0.999963666155331 -0.00788282797979717 0.00324459430898693 -0.759512843228217 0.00788822897363927 0.999967517558328 -0.00165519542491066 -3.86465866114936 -0.00323144129583402 0.00168072938813305 0.999993366445936 198.372165552578
0.99999215696946 -0.000927989513196612 0.00385030323873582 -0.773623447350274 0.000953067811181783 0.999978312451669 -0.00651661630445428 -3.89774902994269 -0.00384417238350618 0.00652023479451371 0.999971354028159 199.801311621477
0.999962246351208 0.00719748569885604 0.0048684773657927 -0.785247030823276 -0.00716356210859924 0.999950189748602 -0.00694992083775405 -3.91647306878938 -0.0049182568215491 0.00691478281289944 0.999963997616158 201.214221659685
0.999879691736276 0.0142110704184747 0.00621671383692321 -0.801206288691128 -0.0141876255887994 0.99989213269754 -0.00379924330840402 -3.9494678408959 -0.0062700345709641 0.00371058581972715 0.999973458757458 202.69076500515
0.999857492374417 0.0152479322253417 0.00724537822303081 -0.805999559591904 -0.0152391116265473 0.999883070098556 -0.0012710653484786 -3.98129088804543 -0.00726391213995684 0.0011604710844565 0.999972944077631 204.099383665492
0.999874148969028 0.0143648566812255 0.00673328419047203 -0.806460279902884 -0.0143588939541311 0.999896470413823 -0.00093306933983211 -4.01234200415144 -0.00674599050368651 0.000836269398439709 0.999976895865908 205.563194567836
0.999927087821056 0.0107816764215951 0.00543824376445054 -0.802221560840325 -0.0107774274113115 0.999941593755482 -0.000810022308841311 -4.0424368105157 -0.00544665953548368 0.000751352970933397 0.999984884570071 206.994043511702
0.999947357430567 0.00924240601614205 0.00445648949956201 -0.797604722752658 -0.00923764179906825 0.99995673968593 -0.00108845334137221 -4.07614316396876 -0.0044663566381372 0.00104722858871335 0.99998947742997 208.437895799302
0.999939095597782 0.0102809842319905 0.00401328522663517 -0.803371065952837 -0.010272842262929 0.999945143629719 -0.00204412406232492 -4.1037727625815 -0.00403408067962772 0.00200277172008148 0.999989857497819 209.904813955316
0.999926954927306 0.0114648823800851 0.00382639279418417 -0.809576294569535 -0.0114580306288595 0.999932720433978 -0.00180779966063974 -4.13494133652477 -0.00384686156661354 0.0017638246839483 0.999991045249192 211.348616532249
0.999919661830281 0.0121518020878881 0.00360604925551194 -0.815262101944084 -0.0121477508666167 0.999925559809004 -0.00114323642906251 -4.16436903627927 -0.00361967320334225 0.00109933919557153 0.999992844684018 212.829400515824
0.999929948174577 0.0113864329287613 0.00323231940676622 -0.823115174147682 -0.0113820006348636 0.999934261897451 -0.00138634236279769 -4.19796767442508 -0.00324789241455189 0.00134945498544462 0.999993815063926 214.298222893752
0.999920611915164 0.0122347095347468 0.00301359416709499 -0.821187022068029 -0.0122279935213165 0.999922733002047 -0.00223700696477227 -4.23171742478383 -0.00304073044616185 0.00219997916312246 0.999992957000216 215.738105518434
0.999935456615706 0.0110004066634186 0.00284141795214415 -0.835764791670278 -0.0109929921127676 0.999936163691517 -0.00261202341127876 -4.26074247972715 -0.00286996988624967 0.00258061913731094 0.999992551811122 217.229953934869
0.999933612113361 0.0113156041872683 0.00217450403647862 -0.833123587897834 -0.0113100062813176 0.999932738148355 -0.0025696180746327 -4.29085804606319 -0.00220343455635571 0.00254485382880793 0.999994334281523 218.669797885429
0.99993438083521 0.0112885166094773 0.00195023497654686 -0.851203105342534 -0.0112829269436427 0.999932273501854 -0.00285376400521027 -4.32424389545015 -0.00198231765633368 0.00283157238483642 0.999994026289427 220.1436042187
0.999936825769002 0.011085239254625 0.00186062937765472 -0.850142843570636 -0.0110795989804199 0.999934074569156 -0.00301479716698456 -4.35675197380458 -0.00189392646276155 0.00299399168213632 0.99999372450849 221.614441644669
0.999923435768755 0.0122985688544205 0.00136667645858424 -0.859850689908948 -0.0122941049096939 0.999919214116458 -0.00322803735951202 -4.3881709256303 -0.00140626629014961 0.00321098814355372 0.999993855966257 223.113273044967
0.99992129209484 0.0125179630943258 0.000842742756855156 -0.863823911597025 -0.012514901007301 0.999915399196792 -0.00354565958567881 -4.42412417248881 -0.000887055895979599 0.00353483367206375 0.999993359019323 224.584093196714
0.999919122370592 0.0127004549482217 0.000668701527379738 -0.882101128215881 -0.0126979961894688 0.999913036215015 -0.00356102513922277 -4.45655741761287 -0.000713870013914076 0.00355224596250469 0.999993435947569 226.08988557075
0.999923225873992 0.0123780030542497 0.000572187154408 -0.884224625647818 -0.0123758736937987 0.9999169851886 -0.00358615137118695 -4.49494528484879 -0.000616529047024845 0.00357879473159752 0.999993406038362 227.591669563202
0.999925393540306 0.0121962910083359 0.000676637941894302 -0.896035406958361 -0.0121935410232155 0.999917935122895 -0.00392944994642043 -4.5267007310671 -0.00072450712873399 0.00392090617156903 0.999992050760512 229.059500053315
0.999942049795547 0.0107420550257247 0.000710847735559295 -0.907060266359485 -0.0107394809535582 0.999936095936057 -0.00353094789036404 -4.56632478244183 -0.000748731946031405 0.00352310913549496 0.999993513530209 230.568227550928
0.9999601375699 0.00889882644565764 0.000730861871932216 -0.906375859818149 -0.00889668990001417 0.999956286885567 -0.00287632175752107 -4.60008284670298 -0.000756425811805622 0.00286970484891174 0.999995596297339 232.054995347373
0.999962186860814 0.00866001136104079 0.000793127836363483 -0.914784099487553 -0.00865794229143008 0.999959201173996 -0.00257604789196404 -4.63240434986341 -0.000815404081689883 0.00256908362846959 0.999996367456149 233.558781732103
0.999960266575159 0.00888918200177277 0.000669114547024242 -0.927542044376919 -0.00888714968540399 0.999956064034583 -0.00298137064679588 -4.6634243494221 -0.000695587095124756 0.00297530566559327 0.999995331846499 235.072622412343
0.999949992727988 0.00994026505190945 0.00109689288189357 -0.9321263757433 -0.00993644566428262 0.999944735176811 -0.00343418691071311 -4.69940170280254 -0.00113096899043268 0.00342311595987365 0.999993501572019 236.56844554363
0.99994203398284 0.0106661245905279 0.00147053067984107 -0.945405739156788 -0.0106620983857839 0.999939461225565 -0.00271910682731635 -4.73471731177567 -0.00149944398791105 0.00270327026873556 0.999995221987376 238.064170177378
