1 -1.73472347597681e-18 -2.50721752387273e-19 8.67361737988404e-19 1.73472347597681e-18 1 -8.67361737988403e-19 1.38777878078145e-17 2.50721752387273e-19 8.67361737988403e-19 1 5.55111512312578e-17
0.999996341079647 -0.00220231676855435 -0.00157086860356301 -0.00810437079659028 0.00220220346616612 0.999997572419848 -7.38532647315829e-05 -0.0345725078853814 0.00157102743843689 7.03936222247114e-05 0.999998763457998 0.611414421471612
0.999993402458767 -0.00245936043400297 -0.00267330978258663 -0.00671286079454358 0.00245570350185004 0.999996045802835 -0.00137036455178142 -0.0476009188131626 0.00267666943215148 0.00136379065455016 0.999995487747721 1.16068168449754
0.99998697369545 -0.00266059210467941 -0.00435587982704559 -0.00654000101619676 0.00264974086091447 0.999993376777248 -0.00249505010095188 -0.0551706004485881 0.00436248928768259 0.00248347564690644 0.999987400438589 1.70058625655475
0.999969173110682 -0.00442820499922322 -0.0064841212838063 -0.0215691026081363 0.00439914885311241 0.999980250010076 -0.00448854978301571 -0.068223674980039 0.00650386944106469 0.00445988680027925 0.999968904062532 2.24905113262935
0.999941844475607 -0.00722591800483905 -0.00800585883641181 -0.0258895054643619 0.00717823339204909 0.999956420906211 -0.00596902452755023 -0.0856485660975133 0.00804864163014367 0.00591120947256715 0.999950137242093 2.81126503514305
0.999922349084834 -0.00807950331583563 -0.00948775141095905 -0.0423703672384956 0.00801185762507498 0.999942368705073 -0.00714628616013719 -0.0964434827344557 0.00954494306228603 0.00706971673099011 0.999929454095278 3.38861641628505
0.999909263040248 -0.00822277136132791 -0.0106701320257709 -0.0406728748737822 0.00815095154009062 0.999943950613997 -0.00675704221268738 -0.109660427469414 0.0107250955846161 0.00666945737015166 0.999920242150887 3.96051003374268
0.999891926104794 -0.00833529232147684 -0.0121102853955053 -0.0457869592840702 0.00825154759816984 0.999941811645932 -0.00694876136344257 -0.12758975883 0.0121675006751673 0.00684808178736673 0.999902523100704 4.53782288125144
0.999883826731355 -0.0077934284409884 -0.0130994470951085 -0.0580067621352804 0.00766755215025871 0.9999242118766 -0.00963219325922698 -0.145979437720806 0.0131735221214911 0.00953063356211053 0.999867803931509 5.13624103279226
0.999873429306394 -0.00656303753056669 -0.0144931675434944 -0.0782238788312047 0.00637464465543407 0.999895086736576 -0.013006899152799 -0.165955324358394 0.0145770117852862 0.0129128640675301 0.999810366354033 5.7400515013819
0.999859620777723 -0.00522184505510304 -0.0159207748695836 -0.0983662378918906 0.00495052834192421 0.999842659907864 -0.0170337223619277 -0.176854464123783 0.0160072173522844 0.0169525149340128 0.999728153664809 6.33620228769862
0.999850837483515 -0.00347148609826606 -0.0169189706478842 -0.124768724120533 0.00318320585229804 0.999849807572848 -0.0170361232984682 -0.194187520227604 0.0169755702118166 0.0169797255810646 0.999711717914307 6.96349675637932
0.999833348453427 -0.00169987926139137 -0.0181765159176777 -0.13236944700965 0.00149836190119878 0.99993733080757 -0.0110945648425443 -0.199823802458451 0.0181942362307939 0.0110654809172071 0.999773236739236 7.60723088360722
0.999825940070626 -0.000877060703100375 -0.0186365320382273 -0.151790708780727 0.000859756919299498 0.999999191912064 -0.000936479182476444 -0.211287324876216 0.0186373383273608 0.000920293291604469 0.999825886182354 8.25986886341794
0.999807133738549 0.000199652489540427 -0.0196381125465535 -0.17033311000529 -8.36107576359108e-05 0.999982534370917 0.00590964993541595 -0.226771173235656 0.0196389494308857 -0.00590686820585786 0.999789688171092 8.93125681332832
0.999777932762424 0.00201953794536408 -0.0209763349463407 -0.188611287380735 -0.00190083633463684 0.99998207776583 0.0056772324561857 -0.247386416613372 0.0209874243899237 -0.00563609914922356 0.999763853319301 9.60570342974657
0.999758231036836 0.00482732313820425 -0.0214517231339508 -0.213738633250439 -0.00485965935426963 0.999987132503135 -0.00145552022242414 -0.256215529171157 0.0214444208375228 0.00155941638980221 0.999768825796977 10.2940324415154
0.999724311326367 0.00493267713010583 -0.0229558280040513 -0.235621864559317 -0.00510538580845511 0.999959058713574 -0.00747100611767592 -0.265784009470812 0.0229180361019063 0.00758614480442185 0.999708564546807 11.0132892309299
0.999708663659305 0.0033778542199371 -0.0238993285553416 -0.259847952189987 -0.00353104668832707 0.999973473153991 -0.00637061202933526 -0.278704744273576 0.0238771755828064 0.00645314568348723 0.999694071902487 11.7353918994989
0.999694954296903 0.00168260100939616 -0.0246407631204128 -0.279729016883723 -0.00161985473042976 0.99999539538197 0.00256618111409993 -0.278798190067907 0.0246449675180435 -0.00252548385487571 0.999693076652696 12.4992975851963
0.99969681132268 0.000798849826240309 -0.0246099018734737 -0.297558832379239 -0.000551169127032008 0.999949150306969 0.0100694097624813 -0.278139784743546 0.024616694413757 -0.0100527926133221 0.999646417348061 13.2729021750881
0.999678881360201 0.000187676324009407 -0.0253396712688698 -0.325228876481732 0.000136794478718485 0.999918035103959 0.0128025138589352 -0.285598015102124 0.0253399970340876 -0.0128018690602209 0.999596917111531 14.0625002448779
0.999670567782358 -0.00151161962762153 -0.025621688386993 -0.344540826678578 0.00182947864080266 0.999921605042941 0.0123869599277567 -0.296323408343812 0.0256009554040787 -0.0124297535957232 0.999594964126945 14.8634422415658
0.999686992242079 -0.00195657320966341 -0.0249417193324863 -0.376423137591045 0.00220676731098396 0.99994748793844 0.0100075743134519 -0.30137145335547 0.0249208290395898 -0.0100594824359565 0.999638814319002 15.6780589137124
0.999696640637638 0.000175796886860738 -0.02462916550102 -0.40121622189677 -1.96337580995367e-05 0.999979897521117 0.00634067568736201 -0.292878226352553 0.0246297850647871 -0.00633826862095091 0.999676547708583 16.5104786106106
0.999722063614156 -0.00255480169527949 -0.0234364782198635 -0.418520782237801 0.00258463157204406 0.999995887811852 0.00124259366781793 -0.304975793558526 0.0234332072642464 -0.00130282296736941 0.999724555790057 17.3683779420329
0.999717180120093 -0.00531561188818041 -0.0231798197357767 -0.443525159623402 0.00519401091928718 0.999972449633699 -0.00530303914284974 -0.324293371243105 0.0232073700211634 0.00518114310114149 0.999717246891773 18.2260123547509
0.999757054974906 -0.00425832381415274 -0.0216263197562027 -0.46313776052441 0.0040358791011485 0.999938612212942 -0.0103190835608643 -0.34660097615595 0.0216689341635581 0.0102292953789109 0.999712868181793 19.1222231175236
0.999761778640759 -0.00245295355441073 -0.021687991790988 -0.499904329177657 0.00219863304852042 0.999928638402326 -0.0117424067204213 -0.35259250243866 0.0217152476795457 0.0116919254928239 0.999695827187693 20.0117410182348
0.999761510700378 -0.00257649722987041 -0.0216860181712294 -0.52198178339206 0.00233599018291127 0.999935570614906 -0.0111084548388491 -0.377834566722901 0.0217132418575339 0.0110551472656802 0.999703115353238 20.9213114484713
0.999763168109255 -0.00190529748095876 -0.0216789652348835 -0.550978963519249 0.00164247389910187 0.999925021750351 -0.0121347911828571 -0.402291064412186 0.0217004601710886 0.0120963101427596 0.999691337018228 21.8826955072684
0.999764245735867 0.00127190779611844 -0.0216756821980431 -0.573734356235677 -0.00157830742714839 0.999899000037703 -0.0141243997843346 -0.430832714003649 0.0216555280207571 0.0141552807870588 0.999665277046263 22.8263358671256
0.999752473509665 0.00496226125389412 -0.0216879615121906 -0.606157380505852 -0.00529152671110337 0.999871214882537 -0.0151510195823475 -0.453629813507614 0.0216099851080893 0.0152620317312964 0.999649978207903 23.7928276160873
0.999741522433902 0.00654204688752053 -0.021773606592964 -0.645185618627584 -0.0068722728849584 0.999861974952619 -0.0151262324867691 -0.483597878517775 0.0216716447677224 0.0152719568612083 0.999648491794336 24.7453829298289
0.999735652521107 0.00707995105179247 -0.0218746284837249 -0.671915083557427 -0.00741017682909713 0.999859248896643 -0.0150522980040077 -0.514111382674871 0.0217649800725449 0.015210413832114 0.999647402314185 25.7314533693887
0.999724465649217 0.00726963348228775 -0.0223191669069587 -0.708712812762566 -0.0076048089094349 0.999859031841489 -0.0149694130295847 -0.54419823546628 0.0222071984689302 0.0151350214414292 0.999638820505751 26.7286065023881
0.999705898380349 0.00832357991880134 -0.022777944614791 -0.732546037924464 -0.00864658966432532 0.999862932133923 -0.0141192574780429 -0.576361386757274 0.0226572997225164 0.0143120565220312 0.999640841406249 27.7206171274578
0.999703378841342 0.0088446632841397 -0.0226919867925704 -0.762191909555493 -0.00912180458741145 0.999884713518772 -0.0121388777303467 -0.605120845771795 0.0225820064270887 0.0123422689515914 0.999668805846643 28.7234585294464
0.999688679639436 0.00914427017189251 -0.0232147824410546 -0.79963113137778 -0.00940022822275033 0.99989596443274 -0.0109405676489769 -0.632165265435665 0.0231123237715784 0.0111553858805991 0.999670634687112 29.7326504258835
0.999692825670849 0.00864786834251075 -0.023226464977755 -0.8334482363887 -0.00892110553407119 0.999891916236051 -0.0116863048842469 -0.666530745011871 0.0231228929479476 0.0118899208966338 0.999661923653587 30.7639410595665
0.999663288768565 0.0104521042388178 -0.0237500022188931 -0.859564134397841 -0.0107531290993386 0.999863015257426 -0.0125825647186999 -0.695175459006023 0.0236152345529215 0.0128337148678082 0.999638742976533 31.7632955913701
0.99965121594947 0.0109317914246976 -0.0240404323378978 -0.893943164376236 -0.0112212071439174 0.99986578802007 -0.0119369366772659 -0.725243914503695 0.0239067137218697 0.0122025359352336 0.999639718676569 32.8079147629246
0.999654463821857 0.00959867534305551 -0.0244707660830941 -0.920601686991067 -0.00983066649240939 0.999907703835742 -0.00937772926938195 -0.754827091265774 0.0243784937465363 0.00961505286482721 0.999656560925329 33.8661104692982
0.999633071935389 0.0100331093811046 -0.0251606480274896 -0.954841436972552 -0.0101851150383855 0.999930602887729 -0.00592054391394873 -0.774436721495282 0.0250995004864894 0.00617463559482925 0.999665888660106 34.9019903668202
0.999629907520926 0.00931835842439351 -0.0255580943338779 -0.991699629288295 -0.0094150787788037 0.999948954828903 -0.00366660990213861 -0.801233072937719 0.0255226229313091 0.00390588438897969 0.999666614319917 35.9790039734
0.999613510532614 0.00966902398363879 -0.0260641427226757 -1.02661553913188 -0.00974834243355933 0.999948226627728 -0.00291785603819367 -0.825205260452296 0.0260345804740975 0.00317081050606537 0.999656014126996 37.0375514686177
0.99960539110444 0.00979987464438853 -0.0263253591028368 -1.06588009967627 -0.00991722183920809 0.999941445099229 -0.00433071401246943 -0.852091761996903 0.0262813771696039 0.00459007950041563 0.999644046840799 38.1087331837236
0.999572249004639 0.0110754789533609 -0.0270675596565442 -1.10161895722254 -0.0112069352084428 0.999926108800272 -0.00470972852508918 -0.873953790268032 0.0270133971029319 0.00501105832134625 0.999622511586979 39.184477940413
0.999556833825106 0.010774668300162 -0.0277496392147755 -1.14527159646642 -0.0108800174061458 0.999934155673537 -0.00364822404646965 -0.895355929641026 0.0277085036544865 0.00394852383464484 0.999608247257272 40.2622014214843
0.999545263605858 0.00957371529211438 -0.0285938800899985 -1.16877527785538 -0.00962689120965717 0.999952176648898 -0.00172260870997707 -0.922057954286558 0.0285760208694825 0.00199709554999217 0.999589627117364 41.3434605322759
0.999516286595168 0.00965642381618965 -0.0295625829400584 -1.20838473498847 -0.00964420522399891 0.999953339066704 0.000555873139444366 -0.941495518934411 0.0295665712689702 -0.000270496639330019 0.999562776765404 42.4055101976134
0.99950697917183 0.0100272102014662 -0.0297532123035239 -1.24606684916729 -0.0100044461276585 0.999949536679459 0.000913866628012129 -0.965008126504769 0.0297608743904095 -0.000615751663114958 0.999556857415029 43.4932854936876
0.999472770656957 0.0115648531652363 -0.0303386698220491 -1.30040871153068 -0.0116484250208284 0.999928828083089 -0.0025793338122082 -0.992228161868188 0.030306680943959 0.00293137163239071 0.999536348588941 44.5665963552341
0.999441258144101 0.0144238887536614 -0.0301516658338839 -1.32808900830557 -0.0146207246184777 0.99987315099972 -0.00631793649234698 -1.02634030149446 0.0300567119120978 0.00675524559973138 0.999525367725062 45.6341315554015
0.9994310395032 0.0150812927737084 -0.0301687236360299 -1.38534122322492 -0.0152943135232984 0.999859620756734 -0.00684271540046173 -1.0467274699451 0.030061291579114 0.0073002320835952 0.999521398150195 46.6920569145955
0.999438934455195 0.0142642417816244 -0.0303042522009498 -1.41284095975088 -0.0144083577482077 0.999885875533432 -0.00454259130253528 -1.07253568884332 0.0302359971236782 0.00497667711807449 0.99953039831853 47.7882920470603
0.999444488152504 0.0147183120906969 -0.029901277410492 -1.4564485662364 -0.0148084760687558 0.99988643878042 -0.00279617230002224 -1.09180457592516 0.0298567268483912 0.00323741134414044 0.999548945789895 48.8649833474602
0.999472331783932 0.0125717444327526 -0.02995011252579 -1.49992447455405 -0.0126225564011519 0.999919195110577 -0.00150808465112335 -1.11607696141084 0.0299287331554423 0.00188533586736344 0.999550257085844 49.9458689006968
0.999468936343734 0.0140565830218302 -0.0293982611335403 -1.53511160516227 -0.0141256024875478 0.999897935736472 -0.00214136972664627 -1.14216354696016 0.0293651602803257 0.00255550067360734 0.999565483986926 51.0375117547775
0.999486268692375 0.013319555478719 -0.0291511258314969 -1.56905210056421 -0.0134261155175396 0.999903869774872 -0.00346274910237539 -1.17593690920148 0.02910220124843 0.00385235656263106 0.999569017742852 52.1062519964868
0.999487473591168 0.0138137395541007 -0.028878551450456 -1.60859573562283 -0.0139874297578809 0.999885226353653 -0.00582116212387736 -1.1926243990952 0.0287948249363234 0.00622211533448138 0.999565977481052 53.1651707727088
0.999508716212395 0.0126440242366409 -0.0286784739229987 -1.64822137829659 -0.0128784926953781 0.999885018861461 -0.00800584051250961 -1.22501064541559 0.0285739503979406 0.00837124288979159 0.999556627535997 54.256670340644
0.999521340503747 0.0114746807333651 -0.0287301510552895 -1.67964003306481 -0.0118048611457979 0.999865909761352 -0.0113493502207445 -1.26239788264102 0.0285960684521639 0.0116830731903906 0.999522771461414 55.3272332276892
0.999529498510359 0.0111191628951572 -0.0285857626125425 -1.71694095436627 -0.0114990645763304 0.99984728091485 -0.0131600289152517 -1.30557626302928 0.0284350685158144 0.0134825466322887 0.999504711251933 56.4068377646255
0.999563676100278 0.00923173414873383 -0.0280576639352837 -1.75177614005389 -0.00955271935370874 0.999890207588633 -0.0113277677108092 -1.33729698322475 0.0279500084766982 0.0115908521243209 0.999542119759435 57.4931594467966
0.999589067811623 0.00716408679509428 -0.0277555647012177 -1.78961215916178 -0.00732800011208979 0.999956280539339 -0.00580839257349927 -1.3588396612614 0.0277127394143621 0.00600939849926972 0.999597864745533 58.5869704390713
0.999593385883404 0.005890193968718 -0.0278992564983869 -1.82211385838649 -0.00590286610055179 0.999982508788303 -0.000371872626038232 -1.38206612004016 0.0278965781046862 0.000536406992793836 0.999610670810185 59.6651760956647
0.999612357021392 0.00376261688903731 -0.0275858370234179 -1.85773588306383 -0.00373271133623056 0.999992388717533 0.00113550565026779 -1.40636574738545 0.0275898995325576 -0.00103209551289858 0.999618793452102 60.7393598030573
0.999627119553222 0.0028436283950567 -0.0271576072450862 -1.87577175781458 -0.00288722640626771 0.999994605310909 -0.00156629267983372 -1.43785842281234 0.0271530067838994 0.00164411880068854 0.999629937074697 61.8276506334645
0.999628992950541 0.000959394855240757 -0.0272205072362544 -1.91941793607282 -0.00109484152694258 0.999987092643829 -0.00496143807520678 -1.46022377836747 0.0272153959133084 0.00498939948841212 0.999617140768418 62.9158984406929
0.999619018277013 0.00346486924383078 -0.0273827131603908 -1.95319103034594 -0.00369905991546392 0.99995697746289 -0.00850647865002923 -1.49000448197106 0.0273520612503499 0.00860452813376484 0.999588828889635 64.0080315233589
0.999621580447023 0.00300354327791877 -0.0273436397060544 -1.99514663287272 -0.00334946317718492 0.999914832485532 -0.0126138365240062 -1.52515945456221 0.0273034247123237 0.0127006497159531 0.999546505419218 65.0669449518387
0.999624299418115 0.00623224163594163 -0.0266911816342596 -2.03068733807955 -0.00659446363465255 0.999887065791112 -0.013504396062491 -1.55804225538358 0.0266040046273686 0.0136753364796854 0.999552505929506 66.1592620410349
0.999622961868151 0.00944946821199311 -0.0257806449968953 -2.06724896692716 -0.00972200743807425 0.999897960336729 -0.0104666845668833 -1.57819344441512 0.0256791097454612 0.0107133778501057 0.999612828477967 67.2502792614059
0.999611238038683 0.0107282484469332 -0.0257347522240352 -2.10522714539445 -0.0109444120558479 0.999905879412162 -0.00827358215906591 -1.61714349620896 0.0256435690090794 0.00855201743753363 0.99963456841299 68.3448247683336
0.999613323578308 0.0104677397172451 -0.0257610122072258 -2.14680398273713 -0.0106663707341527 0.999914342736676 -0.00758523070464913 -1.64649277774155 0.0256794053687082 0.00785707418147185 0.999639352229201 69.4521318458755
0.999627500071927 0.00915791482726525 -0.0257097976648096 -2.18123992185658 -0.00933364986618201 0.999933835434903 -0.00672366957991682 -1.67821752409547 0.0256465217938888 0.00696113126301563 0.999646836923628 70.5365217783856
0.999628725391493 0.00834102845398538 -0.0259391329174553 -2.21176397944707 -0.00848407842587617 0.999949376629064 -0.00540967581370716 -1.7043340626378 0.0258926975312189 0.00562773697640819 0.999648886755285 71.6068215740038
0.999630904761869 0.00682412914335856 -0.02629611200161 -2.24839666544918 -0.00691471894308731 0.99997046287652 -0.00335559777938286 -1.73212147791899 0.026272436257503 0.00353618946800849 0.999648565475458 72.6986424485792
0.999615650649837 0.00562917053782315 -0.0271452282171104 -2.27868553335185 -0.00567139662708625 0.999982824024437 -0.00147882264350459 -1.75826779911002 0.0271364374264784 0.00163220561473456 0.99963040653465 73.7789962647286
0.999605599130369 0.0052039579063042 -0.0275964673341704 -2.31189873267813 -0.00527133500958347 0.999983299524298 -0.00236932473813313 -1.78857764734306 0.0275836765938346 0.00251386049879541 0.999616337046849 74.8748274471371
0.999589131823526 0.00552159801232085 -0.0281261354558372 -2.34998441191979 -0.0056996975247999 0.999964187687157 -0.00625594048006622 -1.82191979254 0.0280905854053553 0.00641368057784887 0.999584805663346 75.9455517248033
0.999570037440648 0.00638924135731036 -0.0286167406561094 -2.38295491466969 -0.00662211983311554 0.999945667213933 -0.00805047507910423 -1.85209974292528 0.02856374940054 0.00823651716209317 0.999558038337555 77.0151503980777
0.999539231957016 0.00716695830370838 -0.0294950586955045 -2.42607915757526 -0.00736337874601773 0.999951397163383 -0.0065562157103878 -1.88045897415914 0.0294466370273593 0.00677037810401657 0.99954342454348 78.0861998570176
0.999516251074284 0.00823267632554445 -0.0299914467628291 -2.46758465687759 -0.00832205219880074 0.999961291349966 -0.0028564399013349 -1.90697234021005 0.0299667696892613 0.00310464848707908 0.999546073911634 79.1676021173797
0.999497992714291 0.00902004709691392 -0.0303710604107498 -2.50788015352137 -0.00898880054586081 0.999958921039251 0.00116520331452572 -1.924613952494 0.0303803229879258 -0.000891618969573975 0.999538013779747 80.2485350431854
0.999475803505633 0.00951081252812184 -0.0309461249888431 -2.55019060932307 -0.00945163561738012 0.999953214560048 0.00205797842130246 -1.94899587423404 0.0309642502077226 -0.00176440813906408 0.999518935324885 81.2975530551007
0.999444894075158 0.010621090440129 -0.0315768292417041 -2.59180291224136 -0.010615427796523 0.999943594561133 0.000346970974163482 -1.97682721974847 0.0315787333468894 -1.15768176615282e-05 0.999501267365972 82.3622492400093
0.999424311750824 0.0107086070423024 -0.0321927137191699 -2.63159508601126 -0.0107314690176272 0.999942271690317 -0.00053745653906296 -2.00354189674112 0.0321850998773436 0.000882622241519591 0.999481535759348 83.4083901975241
0.999421435044671 0.010152183285978 -0.0324611821685269 -2.67415351368501 -0.010173646859904 0.999948124049788 -0.000496103698752231 -2.02505632302909 0.0324544616781783 0.000826065274575528 0.999472873835674 84.4568899441336
0.999402899971531 0.00895850382199377 -0.0333704770383103 -2.71072424491927 -0.00897382896793885 0.999959686490425 -0.000309495759697754 -2.05386255735278 0.0333663591383185 0.000608771913291155 0.999443002614261 85.4735371714712
0.99939144749195 0.00799367840290613 -0.0339534355483485 -2.74977528696663 -0.00795673918871446 0.999967596860821 0.00122291858942799 -2.07603233278206 0.0339621109683677 -0.000952015748034222 0.999422667685993 86.4767224556522
0.999374202869834 0.00742198166667518 -0.0345849219519708 -2.79131278093855 -0.00730128014031681 0.999966811009133 0.00361499495672126 -2.09718476126333 0.034610604539606 -0.00336021849944945 0.999395224615887 87.4825436067137
0.999338034121687 0.00660744053988133 -0.0357747856361697 -2.83015813292036 -0.0064386550594312 0.999967601300494 0.0048311562137332 -2.12251540535271 0.0358055481570611 -0.00459761664863052 0.999348199899477 88.4735272375347
0.999274146340844 0.00566209540864578 -0.0376712241685939 -2.87556256047742 -0.00547069310517405 0.999971608767504 0.00518200500571518 -2.1407934096453 0.0376994956428605 -0.00497215592209743 0.999276751302541 89.4215042372487
0.999145201723736 0.00546687213948223 -0.040975348460338 -2.92357173336375 -0.00529143901317151 0.999976369869433 0.00438866448029711 -2.17233637445833 0.0409983724750807 -0.00416809450004292 0.999150519412683 90.3504681625609
0.999009279744988 0.005241761703686 -0.0441925663165539 -2.96502450936283 -0.00508616397921974 0.999980467353931 0.0036326087857116 -2.19115541799366 0.0442107443884146 -0.00340423924766052 0.999016426909872 91.2589201503083
0.998872057996865 0.00458350766794036 -0.0472610115271016 -3.01603294307159 -0.00441024225733252 0.999983169187321 0.00376976197034532 -2.21053969485816 0.047277494818767 -0.00355707738731604 0.998875460547571 92.1430779359682
0.99871034645357 0.00527912954700528 -0.0504952936204546 -3.06474384792901 -0.00504437877662687 0.999975875204695 0.00477527500384384 -2.22677499903874 0.0505192847272 -0.00451439916604139 0.998712882699939 93.0157928156544
0.998555777781039 0.00670672912622989 -0.0533045818343288 -3.12426009790772 -0.00640680964592307 0.999962682293846 0.00579541282892834 -2.24543327133409 0.0533414608936255 -0.00544553065588467 0.998561482706803 93.8503743268396
0.99838934391204 0.00701323547921495 -0.0562986011460266 -3.17523408671565 -0.00660669599799703 0.999950764903959 0.0074040081021699 -2.26224530558975 0.0563477553313028 -0.00702013504856055 0.99838652243158 94.66122788897
0.998219415777288 0.00884048709136373 -0.058990200484797 -3.22706238715115 -0.00836284658180594 0.999930260149941 0.00833892280330349 -2.27928078779279 0.0590598066564588 -0.00783074865244118 0.99822373174216 95.4704382070158
0.998040725918348 0.0106187531961391 -0.0616599666634342 -3.27654820336172 -0.0100885003434336 0.999909460996592 0.00890460388368822 -2.29729043459754 0.0617489398224526 -0.00826510072923137 0.998057491600929 96.2045719905004
0.997860796650155 0.0118583700458383 -0.0642900425304969 -3.34473300645656 -0.011370477373565 0.999903754039519 0.00794952212238609 -2.31287880344096 0.064378123248619 -0.00720150800409368 0.997899591907649 96.9364024041027
0.9976784175732 0.0137096658921907 -0.066706972422385 -3.39462813042303 -0.0134276749028758 0.999898921206689 0.0046738545551565 -2.33268976251993 0.066764306746487 -0.00376728427711294 0.997761662379266 97.6126224386093
0.997464761639055 0.0163738708652666 -0.0692527663074302 -3.45890315690548 -0.0163497794288865 0.999865915015288 0.000914714855943169 -2.35414890284867 0.0692584579742484 0.000219871618215649 0.997598725768784 98.3021391699219
0.997275359740583 0.018612829493632 -0.0713822066941849 -3.50238339592003 -0.0187766365541408 0.999822383844712 -0.00162440228735665 -2.36822917714753 0.0713392933382723 0.00296029412701629 0.997447713860069 98.9306486465075
0.997195419588967 0.0196518204995039 -0.0722156569023538 -3.56270418704744 -0.019889784921742 0.999798856284422 -0.00257748484531203 -2.38598315292219 0.0721504789072814 0.00400660996557526 0.99738571048017 99.5265975130561
0.997187413136558 0.0219992468781457 -0.0716470251916572 -3.61394156532034 -0.022212988637861 0.999750867386419 -0.00218776047054165 -2.40519335253996 0.0715810464983142 0.00377310176070067 0.997427650251039 100.103783688881
0.997323559453447 0.0249393338392001 -0.0687295233998051 -3.65737949145884 -0.0250687459856517 0.999685208294363 -0.00102092710977895 -2.41760531522084 0.0686824266738902 0.00274115762289188 0.99763480809416 100.67661057553
0.99760950994908 0.0274853567452344 -0.0634020569362158 -3.70206285098089 -0.0275112788583011 0.999621385310467 0.000464290386524256 -2.43236322928772 0.0633908131730202 0.00128109116358758 0.997987957648134 101.206422717231
0.998032082820092 0.0288305443876275 -0.0556844805318582 -3.72886546320752 -0.0287474310516207 0.999584076767794 0.00229318124231277 -2.44828398846789 0.055727433726327 -0.000687882686814473 0.998445782177323 101.714244198559
0.998521473220221 0.0285947017927087 -0.0462299745566168 -3.75353014242611 -0.0284102879412204 0.999585570903775 0.0046413338676411 -2.45828982651441 0.0463435330679084 -0.00332106464255512 0.998920040580037 102.229054617175
0.999027766349861 0.0277489005569331 -0.034256686644942 -3.75677987252423 -0.0275586399543777 0.999602098649859 0.00601379569512262 -2.4692637129106 0.0344099320817883 -0.00506388118730486 0.99939497381238 102.686951214287
0.999405542131072 0.0273979445652415 -0.0209264185014754 -3.76102646611903 -0.0272712867522655 0.999608127313806 0.00631416875464967 -2.48221121277701 0.0210912132551603 -0.00573972488769608 0.999761079599341 103.140869825161
0.999638618929641 0.0262497765957433 -0.00579489198455938 -3.75743423891267 -0.0262179763842906 0.999641135711222 0.0054970454147225 -2.48985309755697 0.00593710861884191 -0.00534312854536603 0.999968100350504 103.566854900196
0.999610847387871 0.0252091050410733 0.0119438188001639 -3.74509477698362 -0.0252422877566164 0.999677888242915 0.00263565304971146 -2.50963340004486 -0.0118735291011218 -0.00293611668950912 0.999925196464951 103.980831401819
0.999140557335641 0.0249238834173535 0.0331201860263869 -3.72385456988832 -0.0248781725888049 0.999688884959724 -0.00179159611127152 -2.52292795006621 -0.0331545353709857 0.000966086632998418 0.999449770354144 104.387816152009
0.998079088444921 0.0231316169040145 0.0574722672979018 -3.6749563836336 -0.0228043129504708 0.999719816601885 -0.00634441520947607 -2.537408864829 -0.0576029211048585 0.00502161257955551 0.998326943885263 104.800623048723
0.996223376249859 0.0209431626578634 0.0842636846525119 -3.62617227003579 -0.0202406634548809 0.999752966402892 -0.00918268542005399 -2.54850795781479 -0.0844351831657748 0.00744245298968683 0.99640117911274 105.190046421702
0.993268683987309 0.0182728798606733 0.114382792725643 -3.56135722609953 -0.0171695597396214 0.999796150787777 -0.0106237040759097 -2.55793765508441 -0.114553601551709 0.0085882903736618 0.993379944250935 105.579030205324
0.989026673111294 0.0157982616901811 0.146889941119105 -3.47374288073851 -0.0140896979660615 0.999820524876852 -0.0126648508163911 -2.57125933171704 -0.147063660656298 0.0104562403637654 0.989071760162944 105.949642225653
0.983138685522732 0.013575790196403 0.182356856052023 -3.3756542914992 -0.0111498730594198 0.999835269314716 -0.0143218212922703 -2.58477584295333 -0.182521246323254 0.0120470807630791 0.983128100750708 106.326689245112
0.975385759567961 0.0101385065461777 0.220272174177868 -3.25960697269213 -0.00698513218230685 0.999861740408903 -0.0150899965167743 -2.6003001693228 -0.220394709465603 0.0131799374616753 0.975321721940037 106.688085663664
0.965468157895198 0.0078153773763247 0.260403832473561 -3.1284150261189 -0.00389515042988359 0.999871238618675 -0.0155670802106391 -2.6178876334806 -0.260491965122883 0.0140152081547698 0.96537428495211 107.037746917661
0.953388635327585 0.00827033805269686 0.301631748224055 -2.99442400143155 -0.00336982669348878 0.999853805610337 -0.0167634028342444 -2.63893522620777 -0.301726290363073 0.0149655910348177 0.953277124863865 107.361675990821
0.938285319812151 0.00998278842409544 0.345718096952255 -2.84801261458337 -0.0042605475421382 0.999841132599501 -0.0173077236165775 -2.64132194177439 -0.345835952959854 0.0147666346005581 0.93817878900715 107.690645468811
0.920622564628592 0.00962698677938936 0.390335003070725 -2.65768593611454 -0.00353110359689254 0.999860393906591 -0.0163316871248625 -2.66210047028459 -0.390437734861861 0.0136570063522666 0.920528033996484 108.022652359005
0.900687699154823 0.00921156988573943 0.434369445945996 -2.49176828806065 -0.00281830798041809 0.99987805221353 -0.0153602682855806 -2.66713037776679 -0.434457967738329 0.012610617824581 0.900603823324531 108.306963405257
0.877799724177379 0.00803215772969345 0.478960466715493 -2.2600318768785 -0.000330659175011977 0.999869335162249 -0.0161617841438317 -2.68577996633817 -0.479027697423257 0.0140284369908823 0.87768768252549 108.620491600352
0.852904626948534 0.00821361146725343 0.522002139762326 -2.07341373565302 0.00136811763789987 0.999837632723524 -0.0179676499283597 -2.7037278253051 -0.52206496299207 0.0160388520937198 0.852754905960443 108.871319378285
0.825490833270204 0.00956688974984672 0.564334438792617 -1.82655548511459 0.00250469749016939 0.999784399199357 -0.0206126565018681 -2.72073343981461 -0.564409966847988 0.0184290460440996 0.825288894620882 109.159453274411
0.795401857146592 0.0129331152434907 0.605944403537033 -1.5990771101582 0.00218736343059511 0.999704533468806 -0.0242087009800158 -2.7322455328214 -0.606078461165693 0.0205810663478817 0.795138553095629 109.396677152508
0.761823141432958 0.0189559088600371 0.647507663812953 -1.34114268997799 -0.00111789270267477 0.999608739820681 -0.027948480996556 -2.75337556625163 -0.647784108706847 0.0205679554987731 0.761546261046219 109.649587124856
0.724974723010364 0.0237195918247054 0.688366931192744 -1.07999588052907 -0.00330732999125509 0.999515218941891 -0.0309578531534684 -2.75114012848569 -0.688767531584042 0.0201670044184093 0.724701717514463 109.868541536466
0.685901878999267 0.0238983372276035 0.727301506847766 -0.802127129213012 -0.00114504346987153 0.999494790276719 -0.0317624477197467 -2.76664750149921 -0.72769313674153 0.0209531307315465 0.685582719335763 110.071745851748
0.64506425671302 0.0209844551433479 0.763840138611225 -0.470863600457314 0.00297322950726007 0.99954635421124 -0.0299707472265116 -2.79999697009068 -0.764122545549846 0.021604129821752 0.644709234428257 110.301346574838
0.601490515978228 0.0193630120583282 0.798645248500405 -0.165693905243242 0.0046099825867607 0.999605451397543 -0.027707212000938 -2.80234743396766 -0.798866639213827 0.0203473659313484 0.601163935587342 110.469074036327
0.555370832849052 0.017230793815132 0.83142428264097 0.195086855243822 0.00574598515484519 0.999681942345052 -0.0245560135980047 -2.82342478191627 -0.831582961390595 0.0184150453088093 0.555095185018861 110.664900833975
0.507689012852114 0.0146573926525674 0.86141571094906 0.506448272418043 0.00727875182759519 0.999746611361175 -0.021301005696455 -2.81791776869977 -0.861509655198987 0.0170843177351802 0.507453682700644 110.791340325459
0.457150056179874 0.0100753290299422 0.889332510301786 0.905944196057315 0.0103564217518719 0.999807734211453 -0.0166504996759055 -2.85947344356157 -0.88932928134816 0.0168220794165994 0.456957817507115 110.962773208726
0.406024758698072 0.0103833522117396 0.913803086732048 1.25189006102206 0.00818029527205948 0.999854093217836 -0.0149958342482218 -2.86019293891196 -0.91382546369284 0.0135638590520981 0.405880578045046 111.06197967995
0.355163599901979 0.0142685920852928 0.934695257602482 1.62528844032804 0.00532393078580092 0.999836411932736 -0.017285980864874 -2.87550510846483 -0.934788999221565 0.0111156040490974 0.355029534378435 111.170304975336
0.304256318885012 0.0200099174374247 0.952380016391928 2.04504952628015 0.00350972436328282 0.9997490204018 -0.0221264104756139 -2.88995600511181 -0.952583736084884 0.0100746915480835 0.304109727461611 111.282824792755
0.257925770515908 0.0221365331810198 0.965911109161967 2.42871871913718 0.00527951261092777 0.999690273102056 -0.0243204566513059 -2.89506341767013 -0.966150311106075 0.0113724124029427 0.257729013861015 111.335041751601
0.215769664917093 0.0215944596174312 0.976205475817154 2.87576362261897 0.0125746083812253 0.99961106902924 -0.0248915627929966 -2.91787140783198 -0.976363319121332 0.017646245721116 0.215414203538963 111.4069999538
0.180800187347651 0.0211717569458607 0.983291944929317 3.28464795478608 0.0206021134399026 0.99946738219694 -0.0253081972136669 -2.93596911313509 -0.983304045133988 0.0248336189916386 0.180267707010753 111.44739548262
0.149695086644296 0.0220219837173513 0.988486931257925 3.74108924059424 0.0243005960936905 0.999367983666633 -0.0259444454860578 -2.9572247804033 -0.9884335395281 0.0279045776753641 0.149065329573015 111.488884399818
0.121898357325437 0.0207878713492368 0.992324873660903 4.19107595330761 0.0223788189627292 0.999468926408634 -0.023686570148613 -2.97474576341064 -0.992290269499401 0.0250944126916601 0.121368412317485 111.529125780879
0.0965142011240327 0.0176354174621608 0.995175361950006 4.67679175694113 0.0171600422497679 0.99966493376425 -0.0193791937939634 -2.97126918151732 -0.995183672460203 0.0189476186644423 0.0961792379652227 111.56816343756
0.0720273576963843 0.01428551428804 0.99730034785154 5.1800994192886 0.01294874245634 0.999799764518198 -0.0152565047817368 -2.9787798045436 -0.997318599952932 0.0140126710830586 0.0718279558183409 111.595535574262
0.0496446958610511 0.0113675210999989 0.998702249740585 5.70320668227476 0.0161321926653435 0.999795656139893 -0.0121818850597968 -3.00223307967376 -0.998636648903229 0.016716023086935 0.0494511682317524 111.605067069727
0.029469803989671 0.0114879679761429 0.999499653448959 6.23250446555697 0.023099360892848 0.999659086554675 -0.0121708748664619 -3.02433785142808 -0.999298729199208 0.0234464765039915 0.0291943926190534 111.593631518486
0.0116106714016379 0.0135801682073458 0.999840372930131 6.7926670724518 0.0287368463467234 0.999490235093165 -0.0139091198662648 -3.04821556569798 -0.999519577582975 0.028893753388397 0.0112145014816754 111.593914176203
-0.00272312226239547 0.0186728317380257 0.999821939127177 7.35658678538634 0.0294124689058532 0.999394573744971 -0.0185847421819803 -3.05895340547809 -0.999563650438533 0.0293566231707913 -0.00327068769556107 111.58609725546
-0.0141076838001002 0.0235338739086342 0.999623494139993 7.96843316562063 0.026414979230385 0.999382847401217 -0.0231554138916447 -3.06503645642363 -0.999551510493609 0.0260783645784691 -0.0147206239968873 111.58413916486
-0.0202850829036535 0.0238346797342357 0.999510091721719 8.57457119649688 0.0284570212949463 0.999324526373731 -0.0232527186999094 -3.07301917256725 -0.999389170118734 0.0279713966380757 -0.0209496448539008 111.556272314085
-0.0231841983904441 0.0203229121442786 0.999524623101887 9.19809123998328 0.0345547213033928 0.999212256634909 -0.0195150563980303 -3.10718609847685 -0.99913385698846 0.0340858538480318 -0.023868187757206 111.538676198391
-0.0226763678776744 0.018764026399554 0.999566752975084 9.86847815935916 0.0366281078448159 0.999168181474414 -0.0179255918959869 -3.12325961514664 -0.999071651111963 0.0362057515098054 -0.0233447960373466 111.508144088216
-0.0207940290114291 0.0181931632405183 0.999618235712402 10.5299780569413 0.0353688111916351 0.999221966012348 -0.0174502101221914 -3.15094876264993 -0.999157973271676 0.0349924484670909 -0.0214213211057504 111.515745688026
-0.0192122164071579 0.0186820422822063 0.999640871531817 11.2263018985216 0.0317412231631558 0.999332830177166 -0.0180662470425545 -3.15742372930237 -0.999311455699789 0.0313827313384562 -0.0197923894693643 111.516277058958
-0.0180508466710449 0.0199711602852577 0.999637594176669 11.9391912868544 0.0314823498732251 0.999316089737463 -0.0193962480466209 -3.18711716936564 -0.999341297345866 0.0311208217868158 -0.0186672405672338 111.515768096938
-0.0171977814786307 0.0207611467264952 0.999636539497639 12.6526182564964 0.0302075619820917 0.999338799907993 -0.0202352711262082 -3.21002518772823 -0.999395687158651 0.0298485809554492 -0.0178135539304946 111.503137932631
-0.0165522011503001 0.0202183287862676 0.999658563619684 13.3929614128677 0.0301583270900099 0.999350730708746 -0.0197127455984191 -3.23122382360964 -0.999408074784376 0.0298217406096022 -0.0171512052871402 111.492593771422
-0.0157323497523824 0.0189617720753631 0.999696426106961 14.1401554209081 0.0292757338405151 0.999400245232013 -0.0184954383103261 -3.25010860537213 -0.999447559694538 0.0289758697876999 -0.0162780339930296 111.493086358724
-0.0154307102507538 0.0175982844518807 0.99972605926099 14.9154654818071 0.0299274037792196 0.999405267787677 -0.0171307098882877 -3.27876069717515 -0.999432961075525 0.0296548664234357 -0.0159482040749216 111.489498139219
-0.0159077349892063 0.0153521309372093 0.999755598155469 15.6852187275248 0.0309233592993503 0.999411367077974 -0.0148548041043295 -3.30832459854259 -0.999395161994072 0.0306794952862902 -0.0163731106336588 111.4736649444
-0.0169839483874647 0.0141341995788831 0.999755855146363 16.4817753172154 0.0291505937530394 0.999482029111219 -0.0136351152384136 -3.33038946008296 -0.99943073215757 0.0289118986921278 -0.0173871715065718 111.470530637592
-0.0180457987307323 0.0132047524601214 0.99974996057046 17.2725204292944 0.0269504947162685 0.999555891978399 -0.0127157243527504 -3.34593093879878 -0.999473871585805 0.0267142906275586 -0.018393659058166 111.458399172302
-0.0190676577941876 0.0107491415051769 0.999760411490246 18.0906149081342 0.029610553858906 0.999509653759634 -0.0101817062157937 -3.36990243047858 -0.999379627332083 0.0294093182205502 -0.0193765960733516 111.431627712061
-0.0204987026897439 0.00873448888070499 0.999751725125809 18.900238182324 0.0314549398665644 0.999472453605722 -0.00808710339672003 -3.39999449347941 -0.999294946422741 0.0312813552671757 -0.0207626314955603 111.43060728385
-0.0219454217207505 0.00834019598658825 0.99972438181551 19.7051193009711 0.0296792288864811 0.999529915667252 -0.00768707089338611 -3.41594620703079 -0.999318538724366 0.0295023527387457 -0.0221826361074681 111.414393095498
-0.0231861460338175 0.0122621316268335 0.999655962199028 20.5111158212181 0.0268107146939921 0.999572765337182 -0.0116392600184183 -3.44190593963885 -0.999371596659469 0.0265316212121537 -0.0235049966211219 111.409070276919
-0.0241281851286141 0.0163665770358319 0.999574892561097 21.3675336633378 0.0270172959984726 0.999511458321885 -0.0157133828372305 -3.46832976851861 -0.999343732856383 0.0266266753348711 -0.0245585781608203 111.397153302629
-0.0249329756452302 0.018230511712867 0.999522883764129 22.2026587028338 0.0280566585867729 0.999452622907271 -0.0175293603055424 -3.50053311162458 -0.999295337042268 0.0276062131858623 -0.0254308151484985 111.377280073881
-0.026388209448555 0.0162651821765891 0.999519437655347 23.0524512248372 0.0243273722930596 0.999581948423109 -0.0156239349709518 -3.52491767508737 -0.99935571312692 0.0239033938055672 -0.026772866958208 111.366976449203
