1 -1.73472347597681e-18 -2.50721752387273e-19 8.67361737988404e-19 1.73472347597681e-18 1 -8.67361737988403e-19 1.38777878078145e-17 2.50721752387273e-19 8.67361737988403e-19 1 5.55111512312578e-17
0.999997966674073 -0.000110985132851113 0.00201353669448027 -0.0081229062002751 0.000111318392408158 0.999999980125819 -0.000165398235414799 -0.0518015079566721 -0.00201351829771775 0.000165622042774163 0.999997959154619 1.2095976621395
0.999993755442403 5.58310585381918e-05 0.00353354766374518 -0.0128804777092249 -5.54961784876868e-05 0.999999993959966 -9.48696025260694e-05 -0.0667824528308033 -0.00353355293907277 9.46729117155303e-05 0.999993752500818 2.40476394461769
0.999989128952553 1.86119947206353e-05 0.00466279211511883 -0.0154699054628421 -1.89380619640865e-05 0.999999997378686 6.98854693976872e-05 -0.0911368677633129 -0.0046627908021882 -6.99730139154353e-05 0.999989126683742 3.60606855565491
0.999984105511653 -8.39801117949866e-05 0.00563752351655902 -0.0134001355655471 8.37234829117888e-05 0.999999995448313 4.57575462190829e-05 -0.116804241234473 -0.00563752733362262 -4.52848258224943e-05 0.999984107991146 4.80090817663214
0.999979073874394 -0.000154826140946148 0.00646744479487394 -0.00837718801241846 0.000155637483589179 0.999999980082591 -0.000124947156545651 -0.13571045426976 -0.00646742532097312 0.000125951118718885 0.999979078054153 6.00463915406013
0.999973446741599 -0.000165420754782286 0.00728549570718744 -0.0158756669785117 0.000170599106215494 0.999999733284523 -0.000710159719980195 -0.165696424757344 -0.00728537628887608 0.000711383761981627 0.999973208253838 7.20795611315984
0.999967324440769 0.000181684675366352 0.00808189590677776 -0.014325500678356 -0.000173202222120745 0.999999433487982 -0.0010502498295486 -0.188633376911574 -0.00808208214258594 0.00104881570971808 0.999966789415452 8.40072649708273
0.999966176798421 0.000243512469696037 0.00822106810733353 -0.00511599047308611 -0.000243179880467006 0.999999969572501 -4.14553117944868e-05 -0.215139325246035 -0.00822107795207235 3.9454711283467e-05 0.999966205589285 9.6123622025514
0.999972973396596 -0.00021781780110975 0.00734881158943783 -0.00411587370234084 0.000213037359663705 0.999999765223457 0.000651281901231926 -0.237842352672609 -0.00734895172490087 -0.000649698727876597 0.999972785029727 10.8081990369533
0.999985525719972 -0.00139863364846565 0.00519539935597408 -0.00980567379342188 0.00139660548274516 0.999998947134025 0.000393984728662709 -0.263473461596953 -0.00519594492621336 -0.000386723102791816 0.999986426208659 11.9971855826892
0.999994583996947 -0.00139575597394429 0.00298057746656021 -0.00975575596178016 0.00139582572622732 0.999999025607478 -2.13222107259771e-05 -0.288000483276568 -0.00298054480170482 2.5482461951657e-05 0.999995557841798 13.1948001407696
0.999997928073489 -0.00118923601775644 0.00165213995253884 -0.0163035417925442 0.00118932824138199 0.999999291245238 -5.48393623633113e-05 -0.315832755721005 -0.00165207356463187 5.68041854444525e-05 0.999998633712177 14.3822451777041
0.999999630433893 0.000545725058332802 0.00066431636963659 -0.0270114292424122 -0.000545646525347803 0.99999984412662 -0.000118391743823115 -0.339729588420416 -0.000664380875428656 0.000118029218150716 0.999999772333552 15.5701076125913
0.999999931732738 5.7289209989149e-05 0.000365037622961297 -0.0320292590984915 -5.72916644175586e-05 0.999999998336298 6.71331507366031e-06 -0.362967914214185 -0.000365037237753467 -6.73422822835515e-06 0.99999993335123 16.7745673968689
0.999999931798092 -0.000296775017658982 0.000219837212854208 -0.0340304311118148 0.000296706560592899 0.999999907508184 0.000311366087148728 -0.393724975472564 -0.000219929598197077 -0.00031130083876965 0.999999927361377 17.9760695009571
0.999999491026957 -0.000840497847942906 -0.000558130088115668 -0.0393399575063735 0.000840913200286106 0.999999369390183 0.000744368340087357 -0.413446815794663 0.000557504096165435 -0.000744837300182511 0.999999567203196 19.1709304109583
0.999999316419306 -0.00082305051326032 -0.000830511151349251 -0.0490495191260506 0.000822943803520616 0.999999653084343 -0.000128820376363483 -0.43944437780108 0.000830616888908814 0.000128136824298603 0.999999646828207 20.3704386276225
0.999998437445239 -0.000696179391967998 -0.00162494348670107 -0.0622774159761717 0.000694715977778882 0.999999352797968 -0.000900984658322023 -0.463676093973013 0.00162556968198595 0.000899854376280956 0.999998273891165 21.560146206092
0.999996596301765 -0.000586578471731218 -0.00254230418757978 -0.0755230140114617 0.000585480466013489 0.999999735027699 -0.000432616637648558 -0.489287466466916 0.00254255727754575 0.00043112669571158 0.999996674760603 22.7600519274742
0.99999548079336 -0.000598016234960001 -0.00294631455211372 -0.0827445834127118 0.000596328104124698 0.999999657568113 -0.000573808721200841 -0.511775223409602 0.00294665669013271 0.000572049157869641 0.999995494976908 23.966832674189
0.999991688326486 -4.11709387224214e-05 -0.00407695755412695 -0.0895492266015746 3.65705668170051e-05 0.99999936262949 -0.0011284516862896 -0.541749401896763 0.00407700141500966 0.00112829321031896 0.999991052466918 25.152899344853
0.999989410025427 0.000298595146176439 -0.00459245881169552 -0.109122090313566 -0.000301278064028803 0.999999784367927 -0.000583520031838475 -0.567331508559688 0.0045922835851649 0.000584897459476094 0.999989284355805 26.3583857324455
0.999984536036483 -0.00106109944322959 -0.00545909844860219 -0.124713043425632 0.00106689648042612 0.999998870017625 0.00105910120991258 -0.588502994183139 0.005457968468213 -0.00106490912493123 0.999984538154843 27.5495253003887
0.999977080783121 -0.00172007248374329 -0.00654822564650581 -0.132184133675359 0.00172887084409827 0.999997610108034 0.00133820171289081 -0.615142713614889 0.00654590819300991 -0.00134949207875635 0.999977664729097 28.7556483911067
0.999973678276488 -0.00208412655499225 -0.00694976047736026 -0.149264923319695 0.0020861517023038 0.999997783609158 0.000284161655453678 -0.639195453911845 0.00694915284512274 -0.000298652430479599 0.999975809748146 29.9510689651247
0.999962611095009 -0.00252134023282948 -0.0082715932856328 -0.173598567908758 0.00251830323184491 0.999996757795204 -0.000377555178984599 -0.663862724050086 0.00827251841249627 0.000356710682506168 0.999965718510692 31.1579447068569
0.999959152692995 -0.00239705106715973 -0.00871476285899893 -0.182605470728125 0.00239312295463219 0.999997030150716 -0.000461142355815454 -0.685527951992301 0.00871584235924281 0.000440268020350027 0.999961919402954 32.3523221746058
0.999950771075501 -0.00265820703593558 -0.00955977828536178 -0.202487917594969 0.00265831023713399 0.999996466685273 -1.91137000577585e-06 -0.714185893901643 0.00955974958847357 -2.35015805696223e-05 0.999954304273691 33.5465937111526
0.999944285144893 -0.00309621807962204 -0.0100915826149056 -0.221048047559252 0.00309886706215787 0.999995168027847 0.000246868161424799 -0.735313069194088 0.0100907694949948 -0.000278126880171331 0.999949048210176 34.7395314010341
0.999938456700228 -0.0040916806486469 -0.0103121753978033 -0.239038111987207 0.00409327795987464 0.999991613552125 0.000133794471919621 -0.763445173036635 0.0103115414710302 -0.000175996838040518 0.999946819154701 35.9477514487165
0.99993170285148 -0.00380733836903194 -0.0110496066483839 -0.262277923738264 0.00380830832943932 0.999992746140224 6.67428017941607e-05 -0.784054040062798 0.0110492723836565 -0.000108818552487182 0.999938949005545 37.1340081137964
0.999931085737446 -0.00448730701459545 -0.0108484031861678 -0.283834878622406 0.00449465661443104 0.999989685645018 0.000653196368666045 -0.815492867028112 0.0108453601992393 -0.000701911201256719 0.999940940997424 38.3484468023583
0.999931150016215 -0.00416561511615283 -0.0109700901524724 -0.292757703856697 0.00418492152853823 0.999989733628551 0.00173754692014237 -0.837890629861403 0.0109627395777365 -0.00178333625651418 0.999938317123985 39.5387301916617
0.999929820369601 -0.00435358746093372 -0.0110181945815341 -0.322526368602527 0.00438260874921442 0.999986987183189 0.0026111692475294 -0.857008569384724 0.011006683250092 -0.00265927443261027 0.999935888536522 40.7419116632367
0.999937518113926 -0.00356904455425454 -0.0105934786134027 -0.348510896676566 0.00359174634534539 0.999991292368679 0.00212474586964833 -0.881864260939889 0.0105858030566213 -0.00216266219961315 0.999941630129407 41.9572670111049
0.999940358597053 -0.00265444509867732 -0.0105940157643798 -0.365082013674163 0.00267672527390602 0.999994234620257 0.00208946597346873 -0.906944038804069 0.0105884083131438 -0.00211769862453534 0.999941698781449 43.1440040091725
0.999951079489695 0.00025159384603299 -0.00988814077212394 -0.390273340837829 -0.000215189646148089 0.999993196443921 0.00368249362327192 -0.918444505115483 0.00988899999033735 -0.00368018564829086 0.999944330406841 44.3516888671564
0.999963714524976 -4.61043468230026e-05 -0.00851865645516203 -0.415337797084942 0.00010300778698193 0.99997768629908 0.00667954289864241 -0.942193682915905 0.00851815841644723 -0.00668017801620489 0.999941406382826 45.5532807842052
0.999976532011835 0.000939141037624623 -0.00678626846611369 -0.431791839122408 -0.000873574273258496 0.999952976963132 0.00965819499486019 -0.954852849680421 0.00679501976243047 -0.00965204002691094 0.999930330487953 46.7402575841718
0.999988975994501 0.000993381216649247 -0.004589235582018 -0.44559766032636 -0.000935203178556755 0.999919398042286 0.0126618645454467 -0.966499430262989 0.00460144373905289 -0.0126574330932789 0.999909303938615 47.9592383217315
0.999993401446239 0.000694567537952185 -0.00356575937449086 -0.449971591713855 -0.000643275038558724 0.99989659989095 0.0143657830883592 -0.978552375116573 0.00357536868117313 -0.0143633945309681 0.99989044881744 49.1582387196039
0.999998031673497 -0.000165902468311583 -0.00197715085473646 -0.454423489646034 0.000191674190962659 0.999914934715754 0.0130417250927202 -0.990054832787553 0.00197481901345308 -0.0130420783911376 0.999912998355909 50.3635821292365
0.999999709766166 0.000261947876979096 -0.000715437554243493 -0.474809161876321 -0.000253925733606756 0.999937356785594 0.0111900860748408 -1.00308772312816 0.000718323956225906 -0.0111899011590934 0.999937133085247 51.5793285886707
0.999999876985419 0.000398986828735319 -0.000294683995788647 -0.477202074875553 -0.000395778140847895 0.999941497029703 0.0108095271709335 -1.00068114746945 0.000298979614865654 -0.01080940921172 0.999941531932584 52.7705947949073
0.999999970310433 -5.51133586895375e-05 0.000237363963121049 -0.489644899906464 5.26146589890869e-05 0.999944724541094 0.0105140427112388 -1.02156358830331 -0.000237930306926282 -0.0105140299102575 0.999944697752938 53.9765843096475
0.99999945397873 -0.000390676932146031 -0.000969233602510522 -0.490129627360684 0.000399733304704749 0.999956102003255 0.00936131826942992 -1.0363011970063 0.00096553380399465 -0.00936170059290199 0.999955712172535 55.1838126366123
0.999996895542199 -5.02299912016015e-05 -0.00249126130964749 -0.504867692458165 7.35811791149486e-05 0.999956060076978 0.00937403334415081 -1.04292016772796 0.00249068098620491 -0.00937418755280451 0.999952959451568 56.3872761017131
0.999993169790309 -0.000513152107787426 -0.00366019776041045 -0.518670106641397 0.00055184163854703 0.999943907866644 0.0105771731190878 -1.05688883709464 0.00365456475342907 -0.010579120724307 0.999937361218773 57.6016977005232
0.999988103192924 -0.000505546058756719 -0.00485158693628788 -0.529600364589378 0.000559044709502911 0.999938989050581 0.0110320281687271 -1.06884520533037 0.00484571373800191 -0.0110346091768257 0.99992737559219 58.8112961424415
0.99998494704787 0.000265066946534235 -0.00548045775300951 -0.544704720199398 -0.00020528587561231 0.999940509686618 0.0109057299332062 -1.08169018361049 0.00548302246739342 -0.010904440709207 0.999925512044493 60.0061245943806
0.999979493890892 0.000965911842536586 -0.00633078289214519 -0.559870659882752 -0.000898324496255665 0.999942668833689 0.0106701480242485 -1.09361811989297 0.00634072636331656 -0.0106642421236764 0.99992303160249 61.2104683948776
0.999979478033933 0.000231505360327778 -0.0064023367804469 -0.572177286352073 -0.000165923008951935 0.999947534173448 0.0102421369838568 -1.1033898415593 0.00640437198616883 -0.0102408645000862 0.999927051696149 62.4200434979688
0.999980668009962 -0.000542919155845974 -0.00619425904691098 -0.5883115710907 0.000601374908311132 0.999955269593306 0.00943912923939169 -1.12476054752682 0.00618885729110607 -0.00944267183420566 0.999936264965954 63.6205646471151
0.999976660569247 -0.00069872041218146 -0.00679633037474801 -0.594743674851597 0.000768940334995034 0.999946297685806 0.0103349153460753 -1.1373522374124 0.00678874417976839 -0.0103399001075893 0.999923496782742 64.8243297243149
0.999974650012018 -0.00166462096675669 -0.00692303187759695 -0.609457348405258 0.00174587645308545 0.999929471057294 0.0117475455517729 -1.1432988592017 0.0069029883928449 -0.0117593345099734 0.999907029079769 66.0256792320185
0.999972230527193 -0.000778834626661789 -0.00741158492464329 -0.627877499523629 0.000858201731501383 0.999942263337256 0.0107113716093514 -1.16639731863749 0.00740281461735569 -0.0107174347952242 0.999915163864991 67.2194064845428
0.999973180067726 0.00135445991453629 -0.00719754010609314 -0.638785709284117 -0.00128769647333115 0.999956181057953 0.00927242157085663 -1.18164975446908 0.00720978384082876 -0.00926290463812681 0.999931106434155 68.4147284556347
0.999969384814572 0.0030115829543402 -0.00722217430386214 -0.66359449053741 -0.00294402483539706 0.999951984609102 0.00934672103392846 -1.19161549359904 0.00724997595408456 -0.00932517262181472 0.999930237068686 69.6248403452901
0.999964809890715 0.00419092930892768 -0.0072673992428002 -0.685151572174244 -0.00412092179318836 0.999945221299326 0.00962145541057096 -1.20566569936531 0.0073073239835871 -0.00959116844658412 0.999927303609631 70.8078152594952
0.999958299286248 0.00611149559053306 -0.00678596420568874 -0.699925421268796 -0.00604381877679254 0.999932240804934 0.0099491735041634 -1.21429860138673 0.00684630872421656 -0.00990774547864205 0.999927479688594 72.0006324424152
0.999961730694707 0.00635359847498667 -0.00601406122897538 -0.720917868732503 -0.00628712061699303 0.999919635511858 0.0110088433625619 -1.2316404367315 0.0060835236824228 -0.0109706109334298 0.999921315122021 73.1724212405231
0.999960355213962 0.0079302924718613 -0.00404950141097365 -0.736653712315812 -0.00788234949387122 0.999900238026482 0.0117210307157952 -1.23491724681142 0.00414204862636906 -0.0116886464526431 0.999923106532338 74.3769339061659
0.999978798346037 0.00641109231262037 -0.00114050592973393 -0.747346658456721 -0.00639922281523238 0.999928284355208 0.0101230476543194 -1.24923660236981 0.00120532393061268 -0.0101155346773995 0.999948110229932 75.553259544257
0.99999050038306 0.00416003103573069 0.00130126300922043 -0.745425640723666 -0.00416692310284771 0.999977063785071 0.00533934973978226 -1.2833463556579 -0.00127902130254425 -0.00534472128090102 0.999984898915447 76.7120279222189
0.999977842500547 0.00538415078701934 0.00391477052365467 -0.744494924613156 -0.00540089396637438 0.99997625994143 0.00427900665026081 -1.29580671483984 -0.00389163876974949 -0.00430005509867425 0.999983182195498 77.8998400611204
0.999970776351116 0.0043037847375884 0.00631853469397795 -0.748509567671508 -0.00435160812759618 0.999961843666224 0.0075746101121105 -1.3065432555521 -0.0062856941104655 -0.00760188454129296 0.999951349517051 79.0802170399807
0.99994420367047 0.00360765469917925 0.00992846279146171 -0.752316824904776 -0.00370064966254301 0.999949307898668 0.00936412436104856 -1.32901546756769 -0.00989417696956498 -0.00940034363975875 0.999906865063717 80.2613210984837
0.999892272636439 0.00454444444372453 0.0139567598902735 -0.744754801154282 -0.00464800635588003 0.999961841366534 0.00739674575520504 -1.3316546184802 -0.0139226132192396 -0.00746082003196338 0.99987524072036 81.4362589253121
0.999845667184593 0.00376668822808909 0.0171596582713127 -0.727462587725026 -0.00385144427982065 0.999980534371745 0.00490889545196215 -1.35948203242568 -0.017140833969072 -0.00497422731599923 0.999840711750353 82.5952960706601
0.999774562730747 0.00305393350070524 0.0210118349202786 -0.710757493908214 -0.00308046771956307 0.999994498190862 0.00123057166994019 -1.38353139496759 -0.0210079612331253 -0.00129502053242401 0.999778469705488 83.7617340948269
0.999707744947472 0.00201782975030884 0.0240905179508072 -0.68752430994706 -0.00202902699094335 0.999997844562191 0.000440363987727184 -1.40628737588565 -0.0240895774456386 -0.000489115600274813 0.999709684370628 84.922277514166
0.999617466654293 0.00183378915418052 0.0275963326728681 -0.664031835001673 -0.0018827820192511 0.999996697254412 0.00174946052712374 -1.431091842122 -0.0275930333874619 -0.00180074917908887 0.999617617797362 86.0913382735669
0.999499840720013 0.00243526649895209 0.0315299520733585 -0.636526456450142 -0.00250266212442302 0.999994667056228 0.00209822338994099 -1.44859335484646 -0.0315246741927681 -0.00217608276087989 0.999500605092792 87.258813835106
0.999378733326802 0.0026657482084471 0.0351431523999461 -0.600692006223676 -0.0026818348168643 0.999996319572136 0.000410614413648088 -1.47929666438446 -0.0351419284634713 -0.000504607442277897 0.999382204281824 88.4004745775054
0.999253246189956 0.00267532660275121 0.0385459804182336 -0.566172327572922 -0.00261435298692539 0.999995250595654 -0.00163215948820558 -1.50606557924542 -0.0385501639074855 0.00153016786784879 0.999255494580341 89.5564845090993
0.999122775242354 0.00285948169263698 0.0417792215876097 -0.515915729274668 -0.00278121496162731 0.999994267358551 -0.00193134496481377 -1.53161245486034 -0.0417845047278814 0.00181345374503048 0.999125000462985 90.7017987235971
0.999008532668869 0.00146864937011231 0.0444948842432594 -0.471400383372527 -0.00142654515388794 0.999998504232648 -0.000978008890755907 -1.5576394043399 -0.0444962540414056 0.000913565265401141 0.999009133479163 91.8550176880818
0.998869816083125 0.000515292972850623 0.0475270974415276 -0.430113450474119 -0.000524526043731517 0.999999845910915 0.000181798170905321 -1.58152745364631 -0.0475269964388007 -0.000206521905927493 0.998869932452774 93.0191186027264
0.998758840684683 -0.000605083678678836 0.0498037350801097 -0.372591710120546 0.000511825588361954 0.999998091942988 0.00188524400285467 -1.60399774695374 -0.0498047807821202 -0.00185741328868888 0.998757244693184 94.1711314137994
0.998619302882748 -0.00185115045057225 0.0524982014166587 -0.323027734258798 0.00170021860640096 0.99999429285707 0.00291950509129247 -1.62366821108801 -0.0525033062450848 -0.00282621572017793 0.998616750980093 95.3364878422799
0.998502716790362 -0.00286088893965368 0.054627281432832 -0.257481046267532 0.0027997181360516 0.999995365235722 0.00119627983123038 -1.64914525775057 -0.0546304506719973 -0.00104154767097435 0.998506098648287 96.4762567623473
0.998378472134354 -0.00428583748976734 0.0567631744679907 -0.196186759179738 0.00442143523545382 0.999987663755087 -0.00226345932184295 -1.67595390245186 -0.0567527734047503 0.00251076375914881 0.998385105445897 97.6388397369203
0.99824727131271 -0.00352414154902165 0.0590759320118795 -0.136360128477665 0.00383388081822308 0.999979489216372 -0.00513054621214463 -1.6961910388203 -0.0590566395471449 0.00534804383917613 0.998240307617606 98.8043997410837
0.998156812813594 -0.00337736295739694 0.0605934852377851 -0.0712805022731818 0.00376051501126643 0.999973644386901 -0.00621039921669962 -1.72257731302714 -0.0605709134870666 0.00642681499926257 0.998143206402923 99.9904174862721
0.998100448290858 -0.00331213625049862 0.0615184921389192 -0.00673263593526599 0.00366328714832401 0.999977631495866 -0.0055961446717146 -1.74925276273447 -0.0614985808686432 0.00581087440717561 0.998090255583014 101.151421713468
0.998157539950642 -0.00332166573996023 0.0605845853034756 0.0582118951827035 0.00356473058060826 0.999986024278141 -0.00390434940601053 -1.7762465403996 -0.0605707696465037 0.00411312352215599 0.998155430821935 102.326292712015
0.998233616381917 -0.00409767531879676 0.05926935280617 0.121225948154442 0.00425053267517504 0.999987957357444 -0.00245318406643297 -1.80800186292703 -0.0592585866947381 0.00270077712302498 0.998239012314122 103.510159235035
0.998346301086745 -0.00365968624196388 0.0573695895315972 0.176778702529262 0.0037701479901956 0.999991241621097 -0.0018173236442432 -1.82893905403639 -0.0573624362326566 0.00203061018077858 0.998351354750294 104.71315130228
0.998489708308067 -0.00359478972365985 0.0548213452015984 0.236568170630995 0.00366750792970724 0.999992523236252 -0.0012259107549697 -1.85601762104954 -0.0548165284239679 0.0014251169903855 0.998495426756231 105.904130150978
0.998643018970351 -0.00295265463627283 0.0519942544170275 0.295531098726028 0.00302365709186894 0.999994600580822 -0.00128697591017758 -1.87788982505829 -0.0519901736828651 0.00144244230438634 0.998646554693213 107.098192198446
0.998840843738786 -0.00175294158480792 0.0481029736605674 0.331667400032275 0.00184041087914835 0.999996732641556 -0.00177414599432785 -1.8994490785577 -0.0480997065166192 0.00186061871793451 0.998840806300484 108.311264729272
0.999022379610597 -0.0016390243256515 0.0441769016165674 0.382874724396976 0.00170536291864323 0.999997474199198 -0.00146401247967644 -1.9243567701617 -0.0441743904824466 0.00153791888110342 0.999022651410377 109.519283515202
0.99918395206284 -0.00107496963379906 0.0403766563792938 0.421214668880759 0.00109285348737971 0.999999314275383 -0.000420856291817863 -1.9437320183964 -0.0403761762842927 0.000464638622641927 0.99918444168212 110.740250460077
0.999355642696428 -0.000889823054257765 0.0358818564979714 0.455957944263744 0.000874047967252035 0.999999514360193 0.000455323543934468 -1.97203005195849 -0.0358822442297001 -0.000423667689150165 0.999355935117578 111.948173567125
0.999494642744109 -0.000728347075733009 0.0317793743859607 0.486845134355589 0.000694604948638402 0.999999183323778 0.00107278876882808 -1.99330312505061 -0.031780129795064 -0.00105017251652659 0.999494332394083 113.170141962504
0.999643520687783 -0.000378208985776665 0.0266962264167866 0.509958396614553 0.000344197587957063 0.999999123356059 0.00127859889452184 -2.01795445391638 -0.0266966865912926 -0.00126895432372711 0.999642774534969 114.392113464159
0.999763478886021 0.000616812035815264 0.0217394992728408 0.534403477689886 -0.00064140245025223 0.999999162404786 0.00112418531572457 -2.03832908191509 -0.021738787652907 -0.00113786319026223 0.999763037113666 115.614131452534
0.999854184496721 0.000965851833141212 0.0170492485064167 0.542483597760613 -0.000981610664301822 0.999999098721074 0.000915968091121226 -2.06072301398087 -0.0170483484508284 -0.000932570252925262 0.999854231439675 116.837100448569
0.999923682979033 0.00209557837903464 0.0121752523137776 0.556770755253178 -0.00210133187105482 0.999997686499353 0.000459782894792035 -2.08882016786524 -0.0121742606352301 -0.000485332051256287 0.999925773160581 118.061056669257
0.999954633294383 0.00360662351269425 0.00881610004104878 0.544972786547139 -0.00360909997376145 0.999993452062422 0.000265008793672955 -2.10822610797727 -0.00881508652682969 -0.000296814957523854 0.999961102318688 119.293981097649
0.999963019559147 0.00577050699036864 0.00637657927313213 0.551357622175941 -0.00577242782885653 0.999983299391326 0.000282869931326686 -2.1276746473315 -0.00637484047746092 -0.00031966781432106 0.999979629403207 120.527912438636
0.9999625908496 0.0067758025280111 0.00537637437845781 0.547103785402821 -0.00677742071497939 0.999976993026309 0.000282818870283786 -2.16088165995515 -0.00537433435953769 -0.000319246241354176 0.999985507200994 121.759724653775
0.999951863555704 0.00872535615016966 0.00448761980642892 0.540959490529499 -0.00872687087357905 0.999961869553463 0.00031806272890044 -2.18168524559032 -0.00448467348089406 -0.000357210297072029 0.99998988000108 123.014610184639
0.99994140852777 0.0102914655593205 0.00335637425513561 0.53590934678823 -0.010295334216363 0.999946354773084 0.00113739588276842 -2.20009489161009 -0.00334448873112226 -0.00117188423578096 0.999993720521517 124.249455333228
0.999938360319838 0.0107158695678434 0.00290614870226922 0.531940304401467 -0.0107206152328462 0.999941216480462 0.00162234170366733 -2.23148761250094 -0.00288859306652923 -0.00165339740509007 0.999994461138219 125.504239347354
0.99990358797879 0.0137655028019819 0.00182364463385761 0.520996196880239 -0.0137715484332539 0.999899572239028 0.00334512928900221 -2.24873253841817 -0.00177741410270947 -0.00336992118872646 0.999992742188807 126.740010820392
0.999882175562679 0.0152993294900646 0.0012512031004518 0.509895726185304 -0.0153069124396248 0.999863033391666 0.00629387705485641 -2.25118840062438 -0.00115473962857459 -0.00631228753863665 0.999979410589248 127.995779341005
0.999908134379395 0.0135179764506283 0.00099353641008513 0.502716166326819 -0.0135242154909833 0.999886979421003 0.00656688508314257 -2.27871461038884 -0.000904653122116904 -0.00657971861267709 0.999977944209624 129.247596927452
0.999900111027919 0.0141334983928587 0.000110406228037193 0.490725980613105 -0.0141338760747432 0.999887317547566 0.00505823631671661 -2.2985959778855 -3.89032123396403e-05 -0.00505929152263535 0.999987200946007 130.50659700087
0.999932839597737 0.0115874898072811 -0.000215346168530765 0.494734071396843 -0.0115860783060304 0.999916711070494 0.00568627395159423 -2.31102856426608 0.000281217874034421 -0.00568339704157676 0.999983809826227 131.767506280468
0.999961513556684 0.00865166469196155 -0.00145605751370245 0.482289697820946 -0.00864014157106127 0.999932699299069 0.00774240441399024 -2.33467513178388 0.00152294420691058 -0.00772952589332764 0.999968967053682 133.019205872914
0.999980537642594 0.0060141325084671 -0.00165968255987107 0.478449463586289 -0.00599830781081218 0.999938011457271 0.00938048752924757 -2.34471366549914 0.00171599517356271 -0.00937034967598429 0.999954624924308 134.287035141042
0.999992677550529 0.00347499260803408 -0.00160289478714493 0.465685550658293 -0.00345778681018778 0.999937681898842 0.0106148965678179 -2.35610182177609 0.00163968158489366 -0.010609276372321 0.999942375689297 135.555868710036
0.999998310877403 0.000140084038351459 -0.0018326534871098 0.464112314723816 -0.000123193274968064 0.999957547864496 0.00921342999324459 -2.38147510911207 0.00183386634153616 -0.00921318866004683 0.999955876071017 136.813841367196
0.99999731563817 -0.0018652807175466 -0.00137457058712148 0.467297968983258 0.00187606982656955 0.999967113280249 0.00789003928829955 -2.38755186266703 0.00135980824385866 -0.00789259689898224 0.999967928403572 138.08993839719
0.999990964041643 -0.0039541070705793 -0.00156104847437734 0.45611452584502 0.00396619399409899 0.999961579732446 0.00781718390415857 -2.41059095988921 0.00153007851632984 -0.00782330468949392 0.999968226876969 139.347803431353
0.999991556747896 -0.00392844237800396 -0.00120572525949912 0.445622666676429 0.00393796593173503 0.999960240816385 0.0080005756516807 -2.41679288213235 0.00117424752040865 -0.00800525620579844 0.999967267972227 140.629756941701
0.999993260477993 -0.00367071637245751 -6.95694336379644e-05 0.441399254342665 0.0036712170338985 0.999946633595645 0.0096567140491951 -2.43466734229782 3.41186626029172e-05 -0.00965690437204806 0.999953370429775 141.907526746794
0.99999859071629 -0.00167554641484431 0.000105402301412717 0.427448521392508 0.00167425588957095 0.999935430374606 0.0112397486078572 -2.43768336986208 -0.000124228216109246 -0.0112395562974387 0.999936826475346 143.18938432419
0.999998340987854 -0.00165052435696928 0.000770578280737142 0.422399132700728 0.00164274043601669 0.999948698822016 0.00999505517825189 -2.46437793279889 -0.000787035831184568 -0.00999377273623307 0.999949751278081 144.47032591746
0.999998305357653 -0.000599511345836868 0.00174065159290609 0.413258988487427 0.000585460780403198 0.999967335526839 0.00806133456874506 -2.47185861461291 -0.0017454275969754 -0.00806030182442614 0.999965991930227 145.735435427418
0.999997792370713 -0.00100849873961712 0.00184341639180355 0.396030502658579 0.000997739652071421 0.999982518587508 0.00582812448141504 -2.48934372054811 -0.00184926182247505 -0.00582627236544736 0.999981317215995 147.002492289118
0.999994862172615 -0.00200821454459018 0.00249854011691521 0.396955212329182 0.0020031005725777 0.99999589744125 0.00204760561764555 -2.52129905891868 -0.00250264189789054 -0.00204259027026253 0.999994782290647 148.283602928102
0.999995484695566 -0.00157483749629837 0.00255938964212854 0.402543124155273 0.00157844316725077 0.999997763879512 -0.00140739232044555 -2.54356812056975 -0.00255716750482668 0.00141142581673371 0.99999573437666 149.545758595442
0.99999411046347 -0.001981768333181 0.00280207648853816 0.389736239198634 0.00198846250510942 0.999995171152213 -0.00238823975393333 -2.57371257920928 -0.00279733001982092 0.00239379751234196 0.999993222316147 150.82664069823
0.999992062062868 -0.00251912614740545 0.00308703979688199 0.390703152250902 0.00252565929657071 0.999994575486943 -0.00211424733811635 -2.60257408959417 -0.00308169699544278 0.00212202736611577 0.999993000047243 152.091462142616
0.999994844316815 -0.00168184156188452 0.00273546134130506 0.383325711624143 0.00168686293052141 0.999996894754399 -0.00183438682220857 -2.62981567179038 -0.0027323676990276 0.00183899171302579 0.999994576123409 153.364281808727
0.999994971853093 -0.00140847576253914 0.00284120829198942 0.378830731983459 0.00141093035962713 0.999998633021821 -0.000862107887480666 -2.65858968602434 -0.00283999015005547 0.00086611229971275 0.999995592143001 154.63304209315
0.999997436174175 -0.000599451959263407 0.0021836442991617 0.376486853157197 0.000600661672030714 0.999999666491148 -0.000553374328593259 -2.68561295028563 -0.00218331184957152 0.00055468454127372 0.999997462733995 155.90587214199
0.999998163317864 -0.000316537231681333 0.00189028174627317 0.367019533640457 0.000317838641927242 0.999999712670343 -0.000688213505977072 -2.71596049412896 -0.00189006335794118 0.000688813046530715 0.999997976596498 157.159698268385
0.999998855523921 -0.000187910767267865 0.00150121297337145 0.365116698930262 0.000188571259327603 0.999999885489576 -0.000439842829696098 -2.74151050832525 -0.00150113015026331 0.000440125411927409 0.999998776448198 158.413541254088
0.999999692740737 -0.000652472155262111 0.000434509513568582 0.360448337080474 0.000652262822858651 0.999999671242388 0.00048173470437358 -2.76940170423977 -0.000434823689201099 -0.000481451141954251 0.999999789566556 159.693317484265
0.999999989582534 7.33129858511999e-05 0.000124338801057376 0.349428123925893 -7.34257768160795e-05 0.999999585649342 0.000907364204042205 -2.79313839567407 -0.000124272227958459 -0.000907373324262826 0.999999580614944 160.94514102774
0.99999958029445 0.0002936027672021 -0.000867875761871566 0.349518173940006 -0.000293498159984674 0.999999949650312 0.000120657382110378 -2.8217616045967 0.000867911143515563 -0.0001204026115306 0.999999616116655 162.222049546911
0.999998234581162 0.00111184987658274 -0.00151480177282718 0.33164920513798 -0.00111319830763236 0.999998984684306 -0.000889617830636199 -2.8480741262836 0.00151381111334997 0.000891302534858032 0.999998456976662 163.473953751411
0.999996878071101 0.00158816535605792 -0.00192913940751333 0.32097609993631 -0.00159064848713131 0.999997907608507 -0.00128631877817061 -2.86976200735846 0.0019270924840781 0.00128938334505487 0.999997311898961 164.738854026442
0.999994929750822 0.00137145048922043 -0.0028739513223667 0.311241954864056 -0.00137702946103499 0.999997169816975 -0.00194014120718326 -2.90028236910119 0.0028712823809507 0.00194408888582438 0.999993988109875 166.020720784771
0.999993407958692 0.00189815973928439 -0.00309532369308023 0.300846087573085 -0.0019068438241221 0.999994247898696 -0.00280501624789091 -2.93403232705193 0.00308998151955499 0.00281090005597574 0.999991275389483 167.284577198068
0.999988630771093 0.00206318202505944 -0.00429902413195142 0.287474735825659 -0.00207463599914806 0.999994305960696 -0.0026615656403374 -2.95935637663185 0.00429350835875138 0.00267045429061374 0.999987217148227 168.544411424591
0.999984402088544 0.00200062112876071 -0.0052146998682003 0.278967272674304 -0.0020085489767632 0.99999683449788 -0.00151549504354393 -2.98950378572361 0.00521165142965217 0.00152594538507083 0.999985254981321 169.818147078541
0.999982977769301 0.00202081673548552 -0.00547361593132513 0.257127762857857 -0.00202597270660876 0.999997509116479 -0.000936587117522334 -3.01786700949583 0.00547170962626408 0.000947660571203674 0.999984581047732 171.08190894188
0.999975545361804 0.00248423121347911 -0.00653737513387718 0.23932550987296 -0.00248881752299742 0.999996662409752 -0.000693510413471858 -3.04382552116961 0.00653563047458167 0.000709763787713212 0.999978390651351 172.346722074288
0.999973184118714 0.00269406582149129 -0.00680977626862407 0.216546403902225 -0.00269630358769726 0.999996313942072 -0.000319451454192066 -3.07243101967477 0.00680889054414991 0.0003378041120043 0.999976762178972 173.607495869095
0.999966402865685 0.00322353219029276 -0.00753670883610163 0.204346421337278 -0.00323051874741132 0.999994363233461 -0.000915013621283951 -3.09812720785871 0.00753371677757069 0.000939330358637224 0.999971179969699 174.874382928331
0.999958268698372 0.00420367323849437 -0.00811110307285414 0.18854735193914 -0.00421599820062819 0.999989983098436 -0.00150301761829287 -3.12469859873768 0.00810470362979409 0.00153715129137155 0.999965974893636 176.131256361642
0.999957545197383 0.00423714475276139 -0.00818256727243868 0.164599987845689 -0.00424713800245656 0.999990255698481 -0.00120429517748391 -3.14906643491185 0.00817738476604393 0.00123899654179029 0.999965797048058 177.404060723214
0.999953189524201 0.00387846353085226 -0.00886432631493743 0.152417890316483 -0.00389802969506469 0.999990002210667 -0.00219108265636823 -3.17593497420402 0.00885573965709455 0.00222553349794894 0.999958310568883 178.677968679656
0.99996023779362 0.00297647020492676 -0.00840615588993609 0.134565921630207 -0.00300335710169265 0.999990409267579 -0.00318766669820556 -3.20931288202291 0.00839658727379381 0.00321278663753441 0.999959586845476 179.92982031857
0.999960241548203 0.000451280309019021 -0.00890570990669217 0.12569833655801 -0.000480933738531681 0.999994347045313 -0.0033278491787237 -3.25225065379366 0.00890415777031187 0.00333199992495225 0.999954805854195 181.193564777794
0.999957449032155 0.000450275494140448 -0.00921397726743917 0.100139708686996 -0.000451912789769678 0.999999882466968 -0.000175615717069958 -3.2732259117592 0.00921389710903871 0.00017977215862303 0.999957534989379 182.465174771915
0.999956242521824 -0.00144286627008183 -0.00924289881813708 0.0741166350440994 0.00148065746471874 0.999990567781872 0.00408313614291098 -3.29150069052909 0.00923692021768253 -0.00409664304230103 0.999948947107139 183.733711337559
0.999951601242034 -0.00028112283987581 -0.00983443661027388 0.055440579570974 0.000320802844598165 0.999991814120629 0.00403345723529709 -3.32216806564346 0.0098332222098096 -0.00403641693621618 0.999943505943856 184.979512046801
0.999958500945502 0.00156858988851368 -0.00897418032944549 0.0383091085380896 -0.00156183632385393 0.999998491901905 0.000759513799904607 -3.34429187780904 0.00897535816116795 -0.000745466079984689 0.999959442790658 186.234614447246
0.99995122725792 0.00221921087806353 -0.0096238354338617 0.0152832398325019 -0.00222829116660096 0.999997082203021 -0.000932900810241849 -3.37211363259487 0.0096217370498375 0.00095430001759734 0.999953254651246 187.485549571705
0.999952785519148 0.00170680678610303 -0.00956627111736571 -0.00641259989246401 -0.00171431501888735 0.999998228913372 -0.000776720114055377 -3.39936468822779 0.00956492846350928 0.000793083043869673 0.999953940520649 188.718348519642
0.999954752495188 0.00169006361559876 -0.00936144472087621 -0.0321677833440059 -0.00168888925761522 0.999998564934368 0.000133350213921496 -3.42718786879907 0.00936165665693331 -0.000117533736732203 0.999956171824775 189.981079954405
0.999953305299527 0.00185779398871056 -0.00948344990216845 -0.0485675560859604 -0.00183914197599047 0.999996358186103 0.00197513830484252 -3.45116855166498 0.00948708476527841 -0.0019576046655587 0.999953080402591 191.214782778696
0.999963910759337 0.000902314978939002 -0.00844766278751177 -0.0667602048241552 -0.000876769037019797 0.999995033534745 0.0030272399804833 -3.47802818781893 0.00845035235646729 -0.00301972408052383 0.999959735595153 192.46351983992
0.999971827657209 0.00111141590034603 -0.0074235198253411 -0.078741182309094 -0.00109268477857762 0.999996210672802 0.00252679243558075 -3.50103573273013 0.00742630001248529 -0.00251860968280147 0.999969252864002 193.685411756634
0.999982103430612 0.000374942922750177 -0.00597094936288267 -0.0903393534101888 -0.000368316275465794 0.999999315148999 0.00111087562446288 -3.53860048285748 0.00597136178862547 -0.00110865654576985 0.999981556689449 194.926277832543
0.999989954607699 0.000529791539059148 -0.00445084313551363 -0.101458797277463 -0.000530912773044025 0.99999982763122 -0.000250737229629659 -3.5620600632261 0.00445070952986444 0.000253097720347282 0.999990063513745 196.154230554717
0.999994352683398 -0.000235370266570159 -0.00335249193118359 -0.111981202020672 0.000232576118323889 0.999999625326539 -0.000833819602741066 -3.59252282861372 0.00335268693143601 0.000833035184337714 0.999994032753557 197.376080671941
0.999998205672124 -3.01108395883616e-05 -0.00189413459624759 -0.127484061394065 2.9673321569728e-05 0.999999972876154 -0.000231013385451471 -3.62080987459058 0.00189414150087837 0.000230956765672743 0.999998179441816 198.612844692038
0.999999645148859 -0.000368177120923452 -0.000757725387856501 -0.131351953240154 0.00036919541727582 0.999999028430328 0.0013441849369191 -3.64321605953479 0.000757229753533431 -0.00134446420867429 0.999998809508837 199.820594882864
0.999999883228473 -4.69853810938463e-05 0.00048097340219986 -0.140848664312719 4.59779892757576e-05 0.999997805931365 0.00209428233089521 -3.66957806290236 -0.000481070747564639 -0.00209425997215273 0.999997691320388 201.030370186313
0.999998477587704 0.000110023931302884 0.00174146978411924 -0.145533985572016 -0.000113290082969874 0.999998234780562 0.00187552689052729 -3.69665803530746 -0.00174126035720117 -0.00187572132645843 0.999996724835574 202.241222894658
0.999995704290985 0.000486101620847829 0.00289051981333608 -0.157894152679451 -0.000492696816285897 0.999997276251066 0.00228138999229823 -3.72192203463596 -0.00288940295291278 -0.00228280434202011 0.999993220054472 203.414024728236
0.999992036915031 0.000384548132786096 0.00397218192692939 -0.152440723972179 -0.000394542845699997 0.999996757789567 0.00251569996175624 -3.74723827215422 -0.00397120164055676 -0.00251724712498478 0.99998894645113 204.62587339633
0.99998855891264 0.000778869049268398 0.00471968291574453 -0.160268655579791 -0.000789933030561146 0.999996943617003 0.00234281080306659 -3.76951214326221 -0.00471784374776312 -0.00234651223219245 0.999986117819 205.784748755
0.999985250458697 0.00057767692867304 0.00540047724039725 -0.154744414785745 -0.000590888658948441 0.999996836101825 0.00244512513652025 -3.7931752477693 -0.00539904766145808 -0.00244828015280032 0.999982427949933 206.967620000331
0.999980594762241 -0.000494484332990143 0.0062101194995129 -0.157760161967578 0.00047791347509564 0.999996322505757 0.00266956432273602 -3.82424747489685 -0.0062114167195677 -0.00266654461941485 0.999977153660087 208.135417058686
0.999981027697972 -0.00043435322999859 0.00614455705318576 -0.146936120788133 0.000414854250820822 0.999994875866929 0.00317429296617058 -3.84508319067045 -0.00614590433206057 -0.00317168364691277 0.999976083855401 209.27228984383
