1 -1.73472347597681e-18 -2.50721752387273e-19 8.67361737988404e-19 1.73472347597681e-18 1 -8.67361737988403e-19 1.38777878078145e-17 2.50721752387273e-19 8.67361737988403e-19 1 5.55111512312578e-17
0.999980636752218 0.000562154874616842 -0.0061975884443079 -0.0164122405744002 -0.000560361402135672 0.999999800623565 0.000291114976998767 -0.0293444164113034 0.0061977508603582 -0.000287636450716822 0.999980752389537 0.0901657413832804
0.999912773295056 0.00107866558620701 -0.0131636728135634 -0.0209281873595896 -0.00107134075638505 0.999999267358396 0.000563481725486127 -0.0246058911732231 0.0131642709776548 -0.000549329795643029 0.999913196335763 0.138418305428867
0.999777835214656 0.00105724333327253 -0.0210514239430786 -0.0304325394515719 -0.00105498669829339 0.999999436503723 0.00011830174179947 -0.0223424363185111 0.0210515371544075 -9.60664870783146e-05 0.999778387221222 0.194737427597227
0.99955222116276 0.00149864006499516 -0.0298849668988997 -0.0400634046635932 -0.00154237569586252 0.999997773062746 -0.00144046754994606 -0.0246585644303408 0.0298827416045709 0.00148591638567798 0.999552306688694 0.405191943051887
0.999147439396314 0.00167084856669532 -0.0412504862135718 -0.0642787562588751 -0.0017811262191456 0.999994937532726 -0.00263675905439494 -0.0232773407408289 0.0412458717592486 0.00270798338005125 0.999145357237291 0.499165790009718
0.998490737880096 0.00178946099422393 -0.0548912032753087 -0.0836790941027588 -0.00198322027759169 0.999991993454398 -0.0034756099364692 -0.0236600553519454 0.054884544317974 0.00357922567744552 0.998486292313799 0.63771675179875
0.997472611203371 0.00191023877376785 -0.0710263393886732 -0.110349887885586 -0.00215450436076132 0.999992025371558 -0.00336263352877152 -0.0232174317904086 0.0710193495470584 0.00350716140440555 0.997468772347684 0.773998000794184
0.995970583734752 0.00101248553123696 -0.0896748081018639 -0.137544999210155 -0.00131780315322688 0.999993535225792 -0.00334557939259231 -0.0253328662816081 0.0896708410237488 0.00345027240545278 0.995965479266436 0.917251642964559
0.993976059974405 0.00015021139485444 -0.109597306692701 -0.169163353504333 -0.000536972574669685 0.999993732826893 -0.00349942386546256 -0.033451829314847 0.109596094174068 0.00353719429392452 0.993969911213773 1.08929920511935
0.991286392981247 0.000455530253751503 -0.131723496698261 -0.212432006360056 -0.000954453345380729 0.999992608374641 -0.00372454223935962 -0.0360652745681471 0.131720826405851 0.00381781197405 0.991279500545981 1.25272768226143
0.98780328685123 0.00299389818134761 -0.155678203546889 -0.273787789144699 -0.00377101068865029 0.999981860107518 -0.00469669397503776 -0.0396049816793222 0.155661318137465 0.00522647391544186 0.987796658227855 1.41903594406691
0.983449962664956 0.00718878433115524 -0.181037267749316 -0.341712483496061 -0.00853206588871827 0.999941540437486 -0.00664225557917613 -0.0454169548911491 0.180978934647013 0.00807694789810255 0.983453805791957 1.62418613781779
0.978073047362851 0.0100389282617375 -0.208020032549038 -0.417543802076114 -0.0119010669026037 0.99989951600224 -0.00770211042933354 -0.0493735844683792 0.207921808930489 0.0100088869431913 0.978094240629824 1.78629273722521
0.971391069421278 0.0109528033276816 -0.23723285258971 -0.504971635084931 -0.0131837531357967 0.999882514435125 -0.00781958951267305 -0.0577339906971173 0.237119334727981 0.0107234987833945 0.971421344047989 1.98771251732068
0.963247552511751 0.0130951104056505 -0.268295864044874 -0.574657722512441 -0.0156210406325092 0.999851465846658 -0.0072821242675246 -0.0635863906427054 0.268160652724592 0.0112055489715586 0.963309036603813 2.16236153037207
0.953948146666322 0.0144683422755473 -0.299622429974272 -0.68415536085264 -0.0171988094381383 0.999831105709882 -0.00647773176860106 -0.0627398026705806 0.299478103416261 0.011332569291778 0.954035868532964 2.37281804430451
0.942687279265881 0.016927122712636 -0.333247904760049 -0.800865602699652 -0.0197066362229156 0.999793492318062 -0.00496197614172745 -0.0711389808180618 0.333095094528678 0.0112447870199824 0.942826183750646 2.55908893982166
0.930097544361415 0.0197048846386035 -0.366783690332932 -0.88535461101309 -0.0229566059750812 0.999726311779157 -0.00450508363392849 -0.0701456992376314 0.366594533803997 0.012610275882119 0.930295344891721 2.74080752598767
0.916415554500374 0.0224204042224024 -0.399599620800966 -1.03017253880913 -0.0260453010884846 0.999654126262917 -0.00364281988758639 -0.0690316715271304 0.399379736292393 0.0137460292458329 0.916682536606317 2.94838246033465
0.900414773046914 0.0229194094617677 -0.434428287694066 -1.16878720398847 -0.0271575517984895 0.999624861839664 -0.00355006652689837 -0.0658238282471022 0.434183951637076 0.0149945410718993 0.900699428155062 3.14401165103794
0.882057772020745 0.0191102637143671 -0.47075352854606 -1.30028452424574 -0.0239274223698774 0.999704663946917 -0.00425009900073287 -0.0670663344067947 0.470533277544248 0.0150127513650857 0.882254527911259 3.31257257867899
0.861081712452478 0.0155184719200953 -0.508229733003859 -1.460367308206 -0.020383226256581 0.999784210550317 -0.00400704649983138 -0.0799752011374253 0.508057879150872 0.0138097561000909 0.861212216627919 3.51176265317414
0.836313352313359 0.0170324534114167 -0.547987109586694 -1.60990790347772 -0.0211531311350539 0.999775517588353 -0.00120808696901957 -0.0878800831166435 0.547843519433766 0.0126019824523533 0.836485904395702 3.68004948728856
0.807686456863809 0.0218814634557018 -0.589206066631891 -1.82361197778456 -0.0252397344018118 0.999678234527548 0.00252650335662967 -0.0815670496885814 0.589071764054358 0.0128307820853544 0.807978853575367 3.8701879598066
0.775535344267394 0.0250236554718816 -0.630808010775767 -2.04059201031721 -0.0283789389426557 0.999585889958628 0.00476281640486485 -0.0912647819936018 0.630665969921118 0.0142079295621143 0.775924332084652 4.03758095993932
0.739929000440608 0.024717913311305 -0.672230688877336 -2.22003012237422 -0.0285423353714155 0.99957833293974 0.00533773444030609 -0.0803629669656526 0.672079168996115 0.0152374892598615 0.740322503725604 4.17046915480473
0.700749633968745 0.021692669758914 -0.713077400126663 -2.4786273226561 -0.0239052670586472 0.999690279411732 0.00691978731947827 -0.0966123934142284 0.713006654035938 0.0121972672522478 0.701051166443686 4.36859694737124
0.658616485131173 0.0187152344273502 -0.75224601395673 -2.71686862829586 -0.0194912806039628 0.999779535216857 0.00780838920537126 -0.0966192325934036 0.752226306036871 0.00951950428826533 0.658836067276397 4.50888225192002
0.614443340357606 0.0180688529100019 -0.788754016182931 -2.95397730596461 -0.0167692946891893 0.9998109607648 0.0098404009163235 -0.0964681521590068 0.788782715483684 0.00718047972516926 0.614630188377615 4.63499323036976
0.566834149341721 0.0184645458596382 -0.823624980003791 -3.26316941167401 -0.0145521816652557 0.999817227109718 0.012399450932007 -0.092801075189314 0.823703393916056 0.00495710811170919 0.566999246851651 4.79577836151884
0.51622009067939 0.0196917347267485 -0.856229556580719 -3.55873754992316 -0.0132359211901411 0.999799680099237 0.0150136625681764 -0.0950711217672435 0.856353681821484 0.00358263267919807 0.516377319770993 4.90142996074959
0.463832831084884 0.0213206768121429 -0.885666152423165 -3.8408114604729 -0.0124109376595037 0.999768644982361 0.017567729977021 -0.0875202437949103 0.885835805008012 0.00284345747387991 0.463990130622841 4.98688984970755
0.409540837878561 0.0232027925017999 -0.911996673530032 -4.20932021447501 -0.0112642509709361 0.999728919998684 0.0203765347478041 -0.0847434650678512 0.912222241978231 0.00192793630162382 0.409691181625657 5.11024032817239
0.354840071735083 0.0252961764612817 -0.934584735028066 -4.52650324213498 -0.0108684549002803 0.999677958737696 0.0229315394623625 -0.0792199810982471 0.934863840449037 0.00202046293532241 0.355000728943484 5.15726574326643
0.299595040352535 0.0277872347991768 -0.95366172271848 -4.93588412393489 -0.00924869532062371 0.99961339488056 0.0262206485470314 -0.0717658025765491 0.954021631532026 0.000964550452846837 0.299736211044636 5.24136672841308
0.246109505316553 0.0295284159320701 -0.968792126333294 -5.31715707135562 -0.0053018128626789 0.999561879478532 0.0291194071662631 -0.0708741161128215 0.969227528588211 -0.0020302083361444 0.246158233827148 5.2940972116841
0.195447202191099 0.0305821060024219 -0.980237280431696 -5.67382766159016 -0.00332728282531887 0.999528601481555 0.030520550606562 -0.0769756314097579 0.980708580743878 -0.00270362955746674 0.195456823985616 5.31479167081945
0.147739288602704 0.0314383211452262 -0.988526547224067 -6.11627668043205 -0.00443938433946319 0.999505671795755 0.0311240086557532 -0.0659805867279117 0.989016377250576 -0.000209789624375238 0.147805823696024 5.35283386413734
0.10527016004685 0.0318547125106751 -0.993933333123793 -6.52139576641164 -0.00642420133583623 0.999487749561143 0.0313523223126817 -0.051049702818061 0.994422909551518 0.0030847638586896 0.105420876447831 5.34259257041179
0.0667670454683205 0.0309103336304783 -0.997289683549511 -7.00345288467784 -0.00717043558895168 0.999509075216968 0.0304990723200858 -0.038297307532405 0.997742825828828 0.005114668491081 0.0669559084273407 5.35275235012048
0.0321661725236661 0.0284120517935743 -0.99907862186019 -7.45921431859185 -0.00624830230780161 0.999582061081993 0.0282251994030984 -0.0307309093349092 0.999463003849291 0.00533464862512934 0.0323302561171163 5.34485114669024
0.000866037722336265 0.0260323309756725 -0.999660726307999 -7.90956703179376 -0.00652194410227517 0.999639987317047 0.0260261407415968 -0.0317776076769612 0.999978356877683 0.00649719175857152 0.00103550734524757 5.31014865911302
-0.0263547739807595 0.0241098855012694 -0.999361866047299 -8.41413730322367 -0.00687380271002934 0.999681107261584 0.0242988604785534 -0.0248121250374825 0.999629019549116 0.00750980727903819 -0.0261806430384173 5.28029127256653
-0.04724975102023 0.0222339228746916 -0.998635626092985 -8.91514418624686 -0.00742783726200916 0.999716780189925 0.0226094369743867 -0.0127169437298195 0.998855489178557 0.00848599318241068 -0.0470712189939107 5.23279238001466
-0.0636491355588517 0.0209240376925986 -0.997752961503623 -9.46422040419783 -0.00714212715814375 0.999745023724208 0.0214214275514159 0.00483790622737579 0.997946780926853 0.00848953386955757 -0.0634834644014472 5.17872168295046
-0.0768675929314466 0.0214083373161249 -0.996811444682636 -10.0113958875811 -0.0061481365681425 0.999740267432166 0.0219453432736943 0.00553215095047582 0.997022353597784 0.00781541860809946 -0.0767160065326349 5.1342335891654
-0.0862284344697691 0.0220422019275623 -0.996031524813887 -10.5742919197182 -0.0064314695430787 0.999722073331934 0.022680658994287 0.00958919215562129 0.99625463275631 0.0083616641336068 -0.0860627055379249 5.07564550480109
-0.0934837962961192 0.0234116536090229 -0.995345504990783 -11.1419583197932 -0.00644963989108862 0.999688275976283 0.0241195568127293 0.014172593931548 0.995599910594281 0.00867440781023815 -0.0933036584159523 5.0040267860227
-0.0978017705401444 0.0242042693674607 -0.994911537285401 -11.7238319100996 -0.00725128837074756 0.999660335830487 0.0250326144108421 0.0214260620630652 0.995179497626522 0.0096626244708693 -0.0975930386459903 4.94296705934827
-0.0994667095889512 0.0250943592390383 -0.994724407470697 -12.3311617672174 -0.00650888384828811 0.999644142975135 0.0258693224990184 0.0287248265837913 0.995019601874554 0.00904768201755677 -0.0992679773920696 4.87895730470617
-0.098533418897742 0.0269351336191441 -0.9947691510784 -12.9636534357065 -0.00489525377217172 0.999608411462873 0.02755104758768 0.0415011696616428 0.995121702029871 0.00758434635228509 -0.0983629800259246 4.8199052371541
-0.0971072439966949 0.0289026961857902 -0.994854168869266 -13.5979253684713 -0.00433291054184215 0.999556502727353 0.0294622426454484 0.053739888700125 0.995264492006825 0.00717161130115064 -0.0969389444018371 4.74643622927682
-0.0953594866198305 0.0290609293574421 -0.99501860821619 -14.2583279024282 -0.00414080548952788 0.999553536631984 0.0295902202829159 0.0572377991393204 0.99543428815844 0.00694188673023054 -0.0951965764464479 4.67661612522942
-0.0936319181192035 0.0271606239253283 -0.995236335961115 -14.904078063207 -0.00767344044006425 0.999578441162036 0.0280010406215046 0.0641732679097412 0.995577311021666 0.0102586778905106 -0.0933840313265988 4.61351333773649
-0.0923058591922534 0.0268036510505427 -0.995369877306492 -15.6000964236636 -0.00849463167608094 0.99958005513895 0.0277047757814733 0.0815632943559329 0.995694465984153 0.0110126136214222 -0.0920394086777922 4.54260716823309
-0.0904321787003893 0.0292500364255553 -0.99547298126298 -16.2793547673619 -0.00678349619501657 0.999527318230693 0.0299854012801388 0.0944772088871056 0.995879513412578 0.00946443234760761 -0.0901910155473621 4.48055695117381
-0.0890223786368488 0.0331074730950555 -0.995479237014564 -16.9994796591186 -0.0075430325559068 0.999396347227394 0.0339122958291252 0.107211590881478 0.996001063634823 0.0105278855332753 -0.0887189092837609 4.41474151245073
-0.0869757302055093 0.0346732491332052 -0.995606844165791 -17.7320964259962 -0.00770475117394573 0.999340814634595 0.0354763726275967 0.119838598841105 0.996180635810878 0.0107564864157028 -0.0866512483200488 4.34421543590598
-0.0852889947783076 0.0344383979002373 -0.995760907105602 -18.4702346709846 -0.0110224387452266 0.999308704600776 0.0355051933275471 0.135012183897094 0.996295284147132 0.0140039158517787 -0.0848504397572738 4.27568139427411
-0.0835562879358699 0.0320354262301095 -0.995987990998201 -19.2230110482214 -0.0136859253974635 0.999351966500179 0.0332917782378869 0.141837435726034 0.996409073720424 0.0164127547499129 -0.0830637062087055 4.20327486452556
-0.0820640516172486 0.0312720379933324 -0.996136311491507 -19.9989399000058 -0.0149608444199156 0.999356315711706 0.0326056341966846 0.162099243624328 0.996514758830196 0.0175787908249828 -0.0815433721814769 4.13134862026136
-0.0804706909697975 0.0330456278298375 -0.996209041504932 -20.7892845854935 -0.0109030552034447 0.99936130638111 0.0340309079436774 0.182519063848123 0.996697341865661 0.0136002128502563 -0.0800589965485062 4.07155264355609
-0.0793122448574996 0.0350081616432017 -0.996234910266664 -21.556241021363 -0.00888089803402686 0.999318669267591 0.0358235523554032 0.197079485362542 0.996810261517092 0.0116887070120933 -0.0789473030737099 4.00730814135667
-0.0780613223913215 0.0363837238721601 -0.996284424541362 -22.3755926742807 -0.00745403749008673 0.999284598542711 0.0370773305461602 0.218967501934762 0.996920692568679 0.0103206469044942 -0.0777342715657528 3.94500882343358
-0.0774561401660779 0.0326641379529909 -0.996460536319608 -23.177363115164 -0.00785279343862261 0.999412172193628 0.033371300640292 0.225755371416422 0.996964833876192 0.0104098109013758 -0.0771541045649186 3.87812092289083
-0.076866811275912 0.0262374036085245 -0.996696088071061 -23.9652461522327 -0.00766993890622829 0.999608554002724 0.0269055905298124 0.230577300592999 0.997011868214942 0.00971274505310383 -0.0766354827875793 3.80342400082236
-0.0772064669025058 0.0219470964418834 -0.99677353818518 -24.8075225830383 -0.00634570106020481 0.99972662192534 0.0225036328579024 0.240047642910746 0.996994931555064 0.00806265288347558 -0.077046090634073 3.74415107933013
-0.0774427659201007 0.0220630291726196 -0.996752647726793 -25.6388474694349 -0.00693811534534967 0.999718978437153 0.022667745984749 0.245986501546549 0.996972657880897 0.00867103778694439 -0.0772679269917232 3.66566348271174
-0.0776611364355295 0.0289119165730504 -0.996560509436138 -26.4801382873276 -0.00509749709302045 0.999554845358504 0.0293960310879561 0.268181570084927 0.996966781498225 0.00736289348085452 -0.0774791868094966 3.60372086576072
-0.0778248421334584 0.0355409755226277 -0.996333344320967 -27.3168105263147 -0.00525766334839605 0.999335840756286 0.0360587625417361 0.289878635208337 0.996953183917388 0.00804465280955968 -0.0775862915607934 3.52738426703783
-0.0780975485791064 0.0407854037456661 -0.996111100102412 -28.1571767006636 -0.00549736233493153 0.999130012492717 0.0413400186703104 0.301103342299516 0.996930565241779 0.00870453775947594 -0.0778053925451267 3.45623717402361
-0.0783892307711911 0.0418117395911435 -0.996045634964314 -29.0043900298966 -0.00581467278281985 0.999083926735859 0.042396897510144 0.310370779036057 0.996905872226425 0.00911513962697873 -0.0780742989084821 3.37424923661235
-0.0787515794968051 0.0388672400041117 -0.996136299098282 -29.8421570541824 -0.00685635207923745 0.999194915083069 0.0395286239110968 0.319228301815037 0.996870693301255 0.00994280275386045 -0.0784216903061513 3.301889832182
-0.0791157497643164 0.0369116415670097 -0.996181825198622 -30.6753425969344 -0.0085026834069159 0.999252901379701 0.0377007090003681 0.32718463819746 0.996829174188894 0.011452938534598 -0.0787427944945497 3.22753950643128
-0.0794127021734015 0.0372249397946017 -0.99614653871346 -31.5215044283677 -0.00952329699839466 0.999228577203195 0.0380993085863583 0.35210868765099 0.996796333032881 0.0125121683878721 -0.0789969372471777 3.15333921416402
-0.0792759394979842 0.0390116772493596 -0.996089059499653 -32.3441729057631 -0.00953394311151408 0.999158565029503 0.0398906738089353 0.374956003323539 0.996807117423154 0.0126590270706822 -0.0788372988385915 3.08173738443455
-0.0790589567336241 0.0376744146360333 -0.996157778588323 -33.1918470703176 -0.0101059696288111 0.999203959374063 0.0385916694256397 0.391120540103062 0.996818715082162 0.0131181573793175 -0.0786152861021249 3.00370654469846
-0.0785992385675515 0.0335866973505748 -0.99634035021055 -34.0280479641118 -0.0117484985123513 0.999331686445022 0.0346143503427952 0.397301886017714 0.996837064158083 0.0144261647026984 -0.0781521163671478 2.93427160581154
-0.078738584522892 0.0302338054969481 -0.996436727701516 -34.8375980812622 -0.0131124686170652 0.99942212295857 0.0313605374276665 0.400514808588652 0.996809058182207 0.0155350296478089 -0.0782966434768683 2.86690748251284
-0.0779977450819938 0.0302855710074534 -0.996493419923522 -35.6570947666335 -0.0134841701057167 0.999415001303755 0.0314297999607971 0.414318335697554 0.996862342010513 0.0158883403087965 -0.0775437407115975 2.79417040784875
-0.0775076745315419 0.032238847148949 -0.996470379451 -36.5110679393123 -0.0126540865026827 0.999364732310988 0.0333167511586838 0.42537817674021 0.996911447663981 0.0151917262841897 -0.077050483249692 2.72861363181801
-0.0769792381646953 0.0367034854375819 -0.996356889396724 -37.3410198284566 -0.0123399751678486 0.999210566448933 0.0377620035175443 0.447389423423642 0.996956328985598 0.0152019095358235 -0.0764655480724793 2.64960874389994
-0.0762006868753773 0.0418522704162392 -0.996213753559309 -38.1676103576882 -0.00947996974757368 0.999043121898633 0.0426962616702883 0.472384261838343 0.997047433923435 0.0126975607121459 -0.075731013849384 2.58302416040129
-0.0763211737504887 0.045097250600093 -0.996062907865593 -39.0099808951618 -0.0113308471934009 0.998872903372745 0.0460926763117918 0.490418297801508 0.997018901696065 0.0148040837614569 -0.0757241623575742 2.50896342336819
-0.0760536330082266 0.0454191144588839 -0.996068747099326 -39.8333492237046 -0.0106446575750249 0.998868102463471 0.0463595205554833 0.505277229845404 0.99704690770864 0.0141286206968205 -0.0754840771676049 2.44371876084845
-0.0759170306325766 0.0419651959433215 -0.996230659430521 -40.6599608951681 -0.0116669691319456 0.999008184078107 0.0429712691950979 0.517466841132402 0.997045879732325 0.0148852435116787 -0.0753521282671655 2.37951812779992
-0.0756046951226475 0.0373032006161444 -0.996439863363165 -41.4968287787541 -0.013996157008771 0.999161845270004 0.0384670579278811 0.532908847884968 0.997039636957527 0.0168546189643318 -0.0750192252370672 2.30522801008347
-0.0755927644111233 0.034334061070035 -0.996547493207987 -42.323554508526 -0.0163695069145193 0.999229613646404 0.0356681714618694 0.548952941825064 0.997004399795738 0.0190092467630077 -0.0749724971269009 2.23927476097462
-0.0757210721470989 0.0324342398312124 -0.99660139439972 -43.1469219727824 -0.0196606640420198 0.999227971196496 0.0340135247800312 0.57004002712435 0.996935192237851 0.0221693857629472 -0.0750249346055894 2.15961802742284
-0.0765798218241935 0.0305833705165932 -0.9965942947545 -43.9718081342414 -0.0173765638996861 0.999336718856594 0.0320027713171276 0.577076644546626 0.996912025163913 0.0197681509702102 -0.0759975939803628 2.09401304843224
-0.0776099556843886 0.0274545065409482 -0.996605711828535 -44.7899976540547 -0.0154766625196272 0.999467141865796 0.0287385672550063 0.583841342484161 0.996863665551073 0.017654529198197 -0.0771436964558298 2.03058475485442
-0.0787357246956275 0.0262121980787647 -0.99655085486318 -45.6206785296028 -0.0130226017542878 0.999541916234806 0.0273197645158401 0.585430529899513 0.996810462174331 0.0151287263684468 -0.0783583061217194 1.96954233528283
-0.0800709570325112 0.029202770040299 -0.996361299961952 -46.4259743949967 -0.0110546057281595 0.999483267902016 0.0301826585326913 0.600601927642452 0.996727865333408 0.0134311356883739 -0.0797067566899306 1.89099078691598
-0.0818513712996786 0.0342086858492956 -0.996057286921202 -47.2506936494688 -0.00867681299259684 0.999348427773358 0.0350347373789173 0.618916838123346 0.996606775981708 0.0115102441061171 -0.0815012168495903 1.82705370803151
-0.0835977155453888 0.0379329466950544 -0.995777341332199 -48.0770583387668 -0.00568763621527525 0.999240779973101 0.0385423719175497 0.62856249286742 0.996483352971777 0.00888567351291942 -0.0833184976841689 1.75045089821391
-0.0852644966294476 0.0376825484350192 -0.995645514808343 -48.8804936681294 -0.00587537544153998 0.999248167551363 0.0383220512063825 0.63347730426095 0.996341028753683 0.00911730161210448 -0.0849789928945151 1.67560065263713
-0.0863696959343031 0.0345231107522771 -0.995664818324019 -49.6784353927001 -0.0089461698489893 0.999332248166104 0.0354263153646104 0.643454266508495 0.996222987924515 0.0119671466635039 -0.0860031727989446 1.59748442352991
-0.0875246293093184 0.0307422571632794 -0.995687879251713 -50.483893935013 -0.0127055833099991 0.999407941012491 0.0319739830788356 0.643795648934713 0.996081325704392 0.0154493063171065 -0.087082211256382 1.51575097304822
-0.0888482869694339 0.0293659907146122 -0.995612183780385 -51.2687514531267 -0.0159726300628732 0.999394758087425 0.0309029544906583 0.655360585180323 0.995917093432717 0.0186482196664028 -0.0883254601561852 1.42966718938568
-0.0900528061144773 0.0300611798364138 -0.99548320808427 -52.075962093174 -0.0170741289588638 0.999350867128026 0.03172252339835 0.665465174665198 0.995790623691147 0.0198537109202679 -0.0894810814166323 1.34668120553742
-0.0909195184004883 0.0317135941565866 -0.995353147942726 -52.8552985105606 -0.0174477785690932 0.999288660603825 0.0334327356286654 0.678409224044797 0.99570538624476 0.0204063895455237 -0.0903015119966946 1.27449782603414
-0.0918808434239467 0.031377142739943 -0.99527553246585 -53.636418129596 -0.0190434325745037 0.99926525833161 0.0332609555972433 0.685221516100099 0.99558789581206 0.0220095071489279 -0.0912158062376076 1.18849104518866
-0.0923732756504847 0.0312333703702507 -0.995234472132529 -54.4276450036254 -0.0193574868463727 0.999262696476844 0.0331564644197765 0.692626108278876 0.99553627038325 0.0223280094308056 -0.0917005689527921 1.11117883806895
-0.0929765719500895 0.032736140881882 -0.99512999258819 -55.2000856426914 -0.0192339992360385 0.999213798200649 0.0346675461897677 0.705486677807088 0.995482501273527 0.0223635991198463 -0.092273826693212 1.03130275863288
-0.0931628844492733 0.0356967810668587 -0.995010762144087 -55.9888897709331 -0.0174523660574188 0.999144998022692 0.0374791654820679 0.709161546154226 0.995497911539793 0.0208569592150709 -0.0924602367086071 0.951060040489817
-0.0929817584780772 0.0393432113256882 -0.994890197113685 -56.7380237801422 -0.0172848042262959 0.999004639929523 0.0411213441188683 0.728965811589731 0.995517768868634 0.0210200171709255 -0.0922091684430071 0.8774525463177
-0.0935658380952579 0.041586845777446 -0.994744172237171 -57.5121967711918 -0.0173094573496715 0.998908289975857 0.0433890643338635 0.741941027230623 0.995462614379763 0.0212782159917406 -0.0927438455986 0.79735146130648
-0.0943083762602381 0.0415931442793516 -0.994673785980165 -58.2663506659009 -0.0174016017609935 0.998905345004778 0.0434199951294053 0.756620431990691 0.995390935473751 0.0214037863436081 -0.0934813537923368 0.723316349861268
-0.0946640128908491 0.0402625617142099 -0.994694752568651 -59.0098621289167 -0.0168137959976545 0.998974611897499 0.0420359494765025 0.766072748048913 0.99536727941376 0.0207038863127494 -0.0938899790392901 0.645359788912181
-0.0949387777433861 0.0368746510470432 -0.994799923899651 -59.741962457438 -0.0167359988148503 0.999113354450984 0.0386317395592142 0.773291930023712 0.99534242089055 0.0203166204832503 -0.0942374665824496 0.566337969199053
-0.0947025441107751 0.0339306874146031 -0.994927201653729 -60.438738837212 -0.0171458140482923 0.999215137862707 0.0357089530318697 0.782640423007706 0.995357950287015 0.0204405654907929 -0.0940464464126557 0.499042337051093
-0.093397572308229 0.0319885822397359 -0.995114879847157 -61.1623544944642 -0.0178822164919287 0.99926861011798 0.0338004610355621 0.789843981478626 0.995468291720166 0.0209517407193869 -0.0927572355159566 0.419323036599145
-0.0911145179252927 0.0310712270010551 -0.99535557640267 -61.8536925209389 -0.0199914368831891 0.999254635817696 0.0330229503253384 0.80041760708827 0.995639737593165 0.0229074583813484 -0.0904254459536684 0.345493679860382
-0.0869865331806699 0.031946909244822 -0.995697111593135 -62.5253951363547 -0.0198412056141187 0.999231861256264 0.0337936977870183 0.807026474257333 0.996011882260943 0.0226954277343515 -0.0862858502592884 0.291934638682782
-0.0812719287905103 0.0329527189704151 -0.996147073429987 -63.1906784073515 -0.0200128281388195 0.999197848069349 0.0346864112220836 0.817437556053382 0.996491023692916 0.0227547517243819 -0.0805472592544616 0.234557333269707
-0.0742361727391933 0.0342337445470312 -0.996652919220791 -63.8375918007544 -0.0200017825366315 0.999158444776151 0.0358096485302627 0.825239305389254 0.997040079110361 0.0225932062087756 -0.0734889629863818 0.186999841495391
-0.0652248138222242 0.0357908451512604 -0.997228529006874 -64.4766206116831 -0.0211740719626195 0.999081914303985 0.0372422768799898 0.82934772179353 0.997645920323628 0.0235445092121818 -0.064407093922793 0.135542115826539
-0.0534593040419534 0.0370521815317543 -0.997882377164307 -65.1163501051984 -0.0231081096820774 0.998997851045081 0.0383315649854248 0.8398311613374 0.998302618487135 0.0251083542082846 -0.0525495239814811 0.0951867330335229
-0.0388778454379305 0.0385842976488819 -0.99849875568728 -65.6836092787127 -0.0261197372037741 0.998873539955565 0.03961578605864 0.856886089172214 0.998902534015461 0.0276207015041371 -0.03782623938365 0.0727239763051158
-0.020362518783675 0.0404299052106351 -0.998974869850811 -66.27611535767 -0.0281717243158557 0.998762094036788 0.040995529809022 0.860029816018924 0.999395678286561 0.0289776168776878 -0.0191983317565365 0.0638849323407231
0.00134995344559552 0.0410543463902556 -0.999156002968587 -66.8390976460834 -0.0293577256706597 0.998727872128109 0.0409970898711742 0.866978637904064 0.999568057497408 0.0292776036746136 0.00255349837110498 0.0757822600617747
0.0272694338578676 0.0409347573516959 -0.998789629310211 -67.3893637184359 -0.0295913164987947 0.998756376694558 0.0401254781881323 0.884171966974843 0.999190037963219 0.0284613009631657 0.0284468343149912 0.098607953622531
0.0563666870252444 0.0410478728014253 -0.997565972120278 -67.906564630484 -0.0287398422119527 0.99880716058556 0.0394750228960344 0.887559195194546 0.997996401828899 0.0264448123738549 0.0574791600067486 0.146062226823541
0.0905664795371154 0.0417185048855747 -0.995016220538321 -68.4054870402542 -0.0282268914676174 0.998828331342228 0.0393091224294734 0.890254066009823 0.995490309034864 0.0245261260335232 0.0916379493411934 0.208234424887509
0.127917739889944 0.0414963929169425 -0.990916293738443 -68.8803349830557 -0.0283856141114714 0.998868201147025 0.0381650841584519 0.900018474137538 0.991378489141742 0.0232457762225702 0.12895086333502 0.300980752679016
0.16765875261235 0.0416154276760536 -0.98496634401984 -69.3212670382078 -0.027286824667101 0.998921743336625 0.0375603499571752 0.897849771742729 0.98546738752333 0.0205792825107616 0.168613526323615 0.417674354542115
0.213184466392789 0.0417663093139096 -0.976118824065552 -69.7671620989028 -0.0255827366028601 0.998981910861908 0.0371573055885204 0.911454256567016 0.976676971611766 0.0170504304046801 0.214035922093196 0.529029184130389
0.260035811823663 0.0405323656814672 -0.964747896551981 -70.1981069896901 -0.0221089050373134 0.999106597312741 0.0360167117350788 0.914050133127671 0.965345830719364 0.0119638847545655 0.260699621354386 0.702201106459779
0.310449143924451 0.0365102812107566 -0.949888587363006 -70.606241137247 -0.01524420587791 0.999324856372063 0.0334282159875062 0.908057871820602 0.950467749702076 0.00410253615059585 0.310796116406569 0.87747791498466
0.36039830383542 0.0310768274818292 -0.93228069452618 -71.0008338501963 -0.00949712056556314 0.999515322341525 0.0296466710691142 0.90391196954059 0.932750163384341 -0.00183062781081332 0.360518767206789 1.10225713058282
0.413204763468586 0.0266410023747277 -0.91024836195367 -71.3983990339389 -0.003896913790367 0.999614549653764 0.0274875641593363 0.903455706425581 0.910629802669438 -0.00781083305242989 0.413149311238984 1.30712460618924
0.462701103528013 0.0257667870170136 -0.886139809217924 -71.7474814204843 -0.00349608098818597 0.999622778687238 0.0272411040034835 0.910807394963941 0.886507454120767 -0.00950647234385164 0.462616645584541 1.57534683557679
0.511336925260934 0.0239150146743614 -0.85904750796322 -72.1282298814654 -0.0017104672546244 0.999639062300743 0.0268108079748182 0.926120419407382 0.859378626198293 -0.0122399834810671 0.511193270337079 1.81561182215925
0.556291823824031 0.0201793911788313 -0.830741956878419 -72.4547823077553 0.00572295212286281 0.99958836651947 0.0281130812600914 0.933161699010866 0.830967300539277 -0.020393373693158 0.555947349794815 2.1005800442199
0.599397079275865 0.0130817426117352 -0.800344931492543 -72.7549260808371 0.0163148981461181 0.999459074621418 0.0285548989733808 0.920329420808597 0.800285552446153 -0.0301732690827246 0.598859422885553 2.42770504369423
0.641962453364642 0.00838872966019862 -0.76669018363661 -73.0524503007381 0.0182262712968966 0.999490628477291 0.0261970727502663 0.915355272318569 0.766519413651515 -0.0307914403813612 0.641482560709626 2.70745963546241
0.682793406040817 0.00345064609753348 -0.730603351832367 -73.3476794717105 0.0156928339508183 0.999688882472003 0.0193874501796863 0.934210803340383 0.730442947552902 -0.0247028602268512 0.682526826627965 3.03975608766812
0.723457087546872 -0.00280423388571738 -0.690363656887087 -73.6206568928113 0.0121845472515824 0.999887855166004 0.00870711776665324 0.918977187856768 0.6902618193747 -0.0147109946585065 0.723410123892171 3.35817162374192
0.762270901466539 -0.00590384078794392 -0.647231193192464 -73.8900364892166 0.00809892366457857 0.999967116212084 0.000417049113594204 0.919631353565424 0.647207447587607 -0.00555978043077514 0.76229364986775 3.73825758788729
0.799367728192921 -0.00734585132316046 -0.600797198388963 -74.1337799463143 0.00678352053851965 0.999971868512496 -0.00320094247537459 0.922571733658575 0.600803810717602 -0.00151679002014019 0.799395071522988 4.10992735004758
0.833385534571367 -0.00901623179305907 -0.552618546858003 -74.3591509249316 0.00748424141545393 0.999959351476663 -0.00502807366757699 0.915579802507144 0.552641418007764 5.43932459752229e-05 0.833419138335413 4.53271549655083
0.864012273807058 -0.00848418336440896 -0.503399254412834 -74.5971580075235 0.00560568674439534 0.999958138323125 -0.00723172714317493 0.917373224002357 0.50343953657503 0.00342640248492627 0.864023664478659 5.01012339710836
0.890188295841061 -0.00650916583007502 -0.455546296997116 -74.7888186186811 0.00446728838447525 0.99997457143826 -0.00555875987585797 0.894851646255904 0.455570895999819 0.00291328629971374 0.890194737953925 5.47309233005352
0.911711921555757 -0.00206751091236852 -0.41082489882155 -75.0029000187628 -9.17732515752154e-05 0.999986286901648 -0.00523618050926239 0.891709139058031 0.410830090999649 0.00481159093050533 0.911699229418308 5.98601434085632
0.929257171499375 0.00288678317536655 -0.369422218741483 -75.1747999251017 -0.0059052152337142 0.99995778119348 -0.00704018917760355 0.892409022635498 0.369386298676636 0.00872366399578509 0.929234986446627 6.47941387375474
0.942958323029263 0.00691678101809018 -0.332838938782993 -75.3522503804262 -0.00944963917451095 0.999937400023303 -0.00599169042168195 0.888375783922017 0.332776659862606 0.00879512222686612 0.942964654945084 7.03147079237077
0.95329029984352 0.00680782119793731 -0.301978902896855 -75.5286195377188 -0.00854300451878709 0.999953714213508 -0.00442566428939146 0.877997256781825 0.301934796434666 0.00679874996946695 0.953304335299494 7.6015355236231
0.960694726629514 0.00693833004539019 -0.277520272777369 -75.6712656343517 -0.00799221941982585 0.999964506555379 -0.00266646923891343 0.860098952179554 0.2774919217833 0.0047796658500306 0.960716080920567 8.16102853173999
0.966669748401817 0.00794218112696629 -0.255903339727552 -75.8195453775946 -0.00833077143046105 0.99996520410629 -0.000434538881435659 0.846468952982046 0.25589098415564 0.00255192782275008 0.966702276759626 8.76144250450115
0.971227425848536 0.00931975567062654 -0.23797148869952 -75.9575583211618 -0.0091304994978721 0.999956515727232 0.00189753355020324 0.8457240278425 0.237978825231459 0.000329861932653719 0.971270286754702 9.37631584814657
0.974881102633762 0.01360107167398 -0.222310248474739 -76.11658477615 -0.0132197238368946 0.999907484202481 0.00320342590702561 0.839675802022194 0.222333251290168 -0.0001840792894992 0.974970713142481 10.0039858453729
0.977886353758658 0.0152827903937828 -0.208577840266834 -76.2539917356902 -0.0146638009570935 0.999882292737713 0.00451371366673542 0.843192137263231 0.208622271280149 -0.00135535506574121 0.977995353229532 10.6425150189353
0.980526579056086 0.0159719363506364 -0.195735855207421 -76.3826917305523 -0.0153427695552344 0.99987110365668 0.00473027427818007 0.82196252923977 0.19578617721112 -0.00163502953583672 0.980645246504297 11.294847763576
0.98308976466008 0.0165574853362447 -0.182374242424548 -76.4977223920234 -0.0160327740303472 0.999861999144369 0.00435118649546772 0.817204095137646 0.182421119329642 -0.00135364189007293 0.983219559852302 11.9643274244553
0.98573043580173 0.016773031575101 -0.167493800917858 -76.6154214934683 -0.0162067256941821 0.999857391474515 0.00474749997908828 0.814648899095965 0.167549544840934 -0.00196522913640373 0.985861698159553 12.6694645566965
0.988005496900439 0.0180889028668859 -0.153355566209997 -76.7250192549067 -0.0174951954871721 0.999833320212314 0.00522014636642905 0.809929996001276 0.153424431657354 -0.00247454769476689 0.988157285245787 13.3813983926207
0.989871878568151 0.0182337280257297 -0.140787766450938 -76.8195875896354 -0.0180077072245626 0.999833702175327 0.00287931847744406 0.798464017413021 0.140816854461654 -0.000314891511214946 0.990035612663939 14.0999874917089
0.991332110657155 0.0192344696546674 -0.129964154893316 -76.9130032332403 -0.0196674535738609 0.999804477748457 -0.00204879087616423 0.784146649360223 0.129899336603195 0.00458709616619336 0.991516576209804 14.8240435771802
0.992576705430035 0.0181861316984895 -0.120252852155376 -77.0064356491964 -0.0193270044621549 0.99977853358644 -0.00832770546230104 0.761414570834002 0.120074771439205 0.0105900138617563 0.992708366475387 15.564538724166
0.993509579911609 0.0189705582931211 -0.112155394617934 -77.0983208591804 -0.0201153763855482 0.999756391542778 -0.00908455844998067 0.754366968913793 0.111955733469639 0.0112816438257322 0.993649152495922 16.3368625853105
0.994251213494681 0.0195326295617958 -0.105275832206427 -77.1765161582406 -0.0199515234722508 0.999796663289649 -0.00292724888265444 0.746598553242249 0.105197248896966 0.00501083399110739 0.994438751440843 17.0876376383514
0.994691532441963 0.0245363417827812 -0.0999335940521455 -77.2702400076501 -0.0242330937216127 0.999697312407036 0.00424743861973651 0.739757437561307 0.100007561998781 -0.00180319107901564 0.994985043126274 17.8626751449801
0.995107795988431 0.0234913951222669 -0.0959616002276779 -77.3454053493439 -0.0227568154010813 0.999702805237011 0.00874234259521773 0.727782691705465 0.0961384507668406 -0.00651579284972927 0.995346644505165 18.6412200024749
0.995454684562253 0.0233484136111485 -0.0923299656932003 -77.4235304748171 -0.022711914725279 0.999710531676547 0.00793862610956998 0.707929742474375 0.0924885934187371 -0.00580555224234775 0.995696819142546 19.3995145612735
0.99571589825094 0.0237100004096012 -0.0893738544032906 -77.4898882234954 -0.0231606946476227 0.999705983486712 0.00717835665766895 0.697862675173002 0.0895177758535335 -0.00507764329604075 0.995972281413893 20.1703745637122
0.995993162328753 0.0222950452205579 -0.0866057247125369 -77.5609941249688 -0.0216016670777975 0.999726727707325 0.00893520492571701 0.69485698646608 0.0867812685654597 -0.00702857497774873 0.996202595138133 20.9437558943921
0.996254023856014 0.0207023646770042 -0.0839603004251417 -77.6247394982044 -0.0198291393077977 0.999740411868778 0.0112211456971962 0.681674250658333 0.0841708095779747 -0.00951425105965168 0.996405918208921 21.718336268824
0.996564043752169 0.017452420084784 -0.0809661641274216 -77.6860241745712 -0.0164199588852502 0.99977538513282 0.0134001579366899 0.67627717303763 0.0811818431087336 -0.0120246544942367 0.996626768672086 22.4914740528131
0.996783552921204 0.0168684136542567 -0.0783454226267878 -77.7502180734328 -0.0161289126330001 0.999819288416704 0.0100622406645935 0.665295395062743 0.0785009987392399 -0.00876624952325879 0.996875491757239 23.2371155693839
0.996877858100794 0.0194296702221931 -0.0765311958839694 -77.8298599893886 -0.0192698874773227 0.999810325197992 0.00282578557156848 0.654489900762557 0.0765715839263169 -0.00134221553484828 0.997063183049336 23.9943272914478
0.996989748421617 0.0202817723373416 -0.0748337574431349 -77.8888574834591 -0.0206666124011085 0.999776864603547 -0.0043717428291166 0.633690361317177 0.0747283926902221 0.0059051430429608 0.997186440246546 24.7577788391176
0.997043571360006 0.0212090734797076 -0.0738531787522877 -77.9469615364132 -0.0219206172844043 0.999720655435449 -0.00883728655113971 0.615280764930836 0.0736451176084041 0.0104300670107457 0.997229968640431 25.5123191159192
0.997185384536111 0.0227229739398026 -0.07144911002174 -78.0186401757235 -0.0232989633442132 0.999702337805658 -0.00723837640548649 0.601446649805752 0.0712633648844387 0.00888269335469534 0.997417981883279 26.2739463896285
0.997284620890903 0.0254034804175278 -0.0691234266885218 -78.075890104064 -0.0257107338359298 0.999663089734373 -0.00355881839174685 0.582767940766317 0.0690097319231508 0.00532636887604882 0.997601767587894 27.0279161204732
0.997337631533124 0.0289672543430918 -0.0669219463533459 -78.1491624515707 -0.0289439635120194 0.999580167076015 0.00131778772955674 0.572059754760109 0.0669320230092619 0.000622707080345035 0.997757343511828 27.7851124686533
0.997570567867573 0.0267440692135415 -0.0643250875340897 -78.1975324795388 -0.0265724665761212 0.999640685425379 0.00352194013859758 0.548229079749322 0.0643961656034575 -0.00180410758555072 0.997922782108612 28.546944377149
0.997710714808259 0.0244163746002638 -0.0630648095864255 -78.2443827183364 -0.0242546947334658 0.999700271768657 0.00332812395507384 0.531597488932955 0.0631271680037914 -0.00179088722524431 0.998003884452745 29.3034886117553
