1 -1.73472347597681e-18 -2.50721752387273e-19 8.67361737988404e-19 1.73472347597681e-18 1 -8.67361737988403e-19 1.38777878078145e-17 2.50721752387273e-19 8.67361737988403e-19 1 5.55111512312578e-17
0.999887331523369 0.00074676688204951 0.0149922179246697 -0.0612312400067968 -0.000743264242582025 0.999999695170515 -0.000239201050764261 -0.0289629990311135 -0.0149923919820224 0.000228030920845858 0.999887581773349 0.0227019428313564
0.999240861752475 0.0048638225601226 0.0386528580350083 0.0645153633718172 -0.00485764946955337 0.999988169389031 -0.000253620988989487 -0.013387969962795 -0.03865363431557 6.56664202658901e-05 0.999252666867654 0.306592427188522
0.997905008605478 0.00583067808597546 0.0644328875121847 0.0414980774976 -0.00589899126353735 0.999982222317555 0.000870029262017213 -0.0161225836178344 -0.0644266691842192 -0.00124829559871917 0.997921663286215 0.419306750376109
0.995292381640603 0.00525461790208669 0.0967753276350895 0.100026984932613 -0.00554141544008194 0.999981014639069 0.00269500952487951 -0.0162002381252246 -0.0967593290752694 -0.00321859474333751 0.99530260367628 0.569654494305015
0.990812753782822 0.00206391247034176 0.135225098286581 0.185047610611272 -0.00276070358075523 0.999983860998331 0.00496550688355358 -0.00897773214447076 -0.135212667516915 -0.00529320396226902 0.990802460904682 0.804994050261283
0.984622707267966 -0.00101022944241634 0.174691453050155 0.232846366825345 2.94821900020527e-06 0.99998337519726 0.00576622236857993 -0.0280345288559334 -0.174694374046816 -0.00567703845059922 0.984606341088062 0.965644679984833
0.975897364942807 -0.00131641523141703 0.218226029952031 0.332783135261644 -0.000154290991579659 0.999977393897532 0.00672219370365156 -0.0241520967831182 -0.218229945910217 -0.00659384143257848 0.975875100595965 1.20229425544418
0.964071317306297 -0.00134250042575783 0.265640156677993 0.4154466493555 -0.00132765648202095 0.999950389623178 0.009871961341059 -0.0127043597876341 -0.265640231282025 -0.00986995365037019 0.96402170698557 1.39238418000048
0.949804080366564 -0.00524707972493587 0.312801338030043 0.567848335345006 8.15313040895882e-05 0.999863455754805 0.0165246240110297 0.00268229762917747 -0.312845332827056 -0.0156696522111887 0.94967481788658 1.64221664188003
0.932753603934333 -0.0149525640705931 0.360204296441934 0.678070897152802 0.00646409716997468 0.999672552836515 0.024758888365629 -0.0180315310373384 -0.360456557431392 -0.0207655467792053 0.932544831239587 1.8338127453083
0.911581434744749 -0.020714972462572 0.410597342593178 0.840402146643997 0.00932666846790709 0.999514753332976 0.0297198776075723 -0.0223598923139978 -0.411013748047428 -0.0232625833817789 0.911332294572299 2.06752070131867
0.886619542560645 -0.0226418325842544 0.461944947116839 1.04053278749539 0.00800528997449484 0.999402621854651 0.0336201541113898 -0.0184877915244256 -0.462430213201924 -0.0261102824051358 0.886271149858071 2.30545821573513
0.858274998060421 -0.024595758644996 0.512600308584634 1.20510483344313 0.00592567583077316 0.999259214607827 0.0380251020681948 0.00611196965108508 -0.513155837996932 -0.0295984911444004 0.857784946971933 2.52426536746717
0.826222555492497 -0.029929941607959 0.562548208948167 1.45605154306172 0.00720288764557732 0.999067282634452 0.0425756171884356 0.00721886195585045 -0.563297796201097 -0.0311249636908251 0.825667505373823 2.76005557139168
0.790471069209021 -0.0356446232214927 0.611461323044185 1.66117327509793 0.00940078943964145 0.998893668215277 0.0460767268514057 0.00919014574748228 -0.61242723151527 -0.0306741003914597 0.789931633537812 2.95708973549385
0.752718561815447 -0.0401448930521682 0.657117306316243 1.93623507859521 0.0106533882231262 0.998751126724521 0.0488128280871643 0.021016777581515 -0.658256235836663 -0.0297417959835931 0.7522061908505 3.16759817630097
0.712660835599411 -0.0434296133612175 0.70016312534012 2.24461604318962 0.0117132063947599 0.998679345606474 0.0500236489570496 0.0290806608234872 -0.701410959565577 -0.0274487402683536 0.712228356960727 3.40080975412534
0.671041342876286 -0.0453186170531602 0.740033606736329 2.51854402752321 0.0108093887488026 0.998622086179979 0.0513525667170008 0.0426777483475341 -0.741341131508072 -0.0264603843875288 0.670606572285417 3.59491452740983
0.628512773600962 -0.0456876124806769 0.776456267594152 2.87832808505458 0.00660657641157401 0.998550911634764 0.0534081456474588 0.0693119059543857 -0.777771204512319 -0.0284379840916622 0.627903841756251 3.82482268966395
0.586587007588982 -0.0464645142290852 0.80855224410378 3.21740286120019 0.00360104481995014 0.998492656577829 0.054767209499434 0.0844484313742007 -0.809878209982222 -0.0292141006639828 0.585870140319837 4.01946354015386
0.546537210992591 -0.047592422169451 0.836081358692134 3.5925408486917 0.00168019722259292 0.998444110378396 0.0557363022453614 0.106434512876034 -0.837433134009953 -0.0290571816034837 0.545766824073733 4.22155458624947
0.507626270064923 -0.0502426477778234 0.860111182513195 4.01059434564393 0.000737553009040363 0.998323223500365 0.0578808900708973 0.117530191527812 -0.861577057468183 -0.0287474827439556 0.506812150880732 4.43521602621728
0.470252093340072 -0.0500407860804347 0.881112301830892 4.42283686866616 -0.00230895895575044 0.998318005301144 0.0579295175198849 0.141142016006252 -0.88252911420407 -0.0292759290202406 0.469345589690775 4.62843413898097
0.434004048404836 -0.0493458828821261 0.899558486042345 4.8758028965337 -0.00331553966000481 0.998404567731572 0.056367777404263 0.167862418827233 -0.900904819148491 -0.02744636543 0.433148016109628 4.81969206304585
0.40030207401786 -0.0480924095381867 0.915120412668088 5.38545180475954 -0.00226757216112113 0.998566898452062 0.0534696870415704 0.182353064912114 -0.916380438275225 -0.0234791281916664 0.399619347486912 4.99756230769927
0.370526507788645 -0.0464176501830775 0.927661311458785 5.88372563435518 -0.000199553950809353 0.998746479730078 0.0500542646035128 0.205066659003689 -0.928821870545785 -0.018731550343183 0.370052782475107 5.18954297158188
0.344939668041996 -0.0445139408990678 0.937568735867783 6.43807156290336 0.000715009331570047 0.998886990587019 0.0471621542941415 0.228798773756765 -0.938624586388367 -0.0155977274512328 0.344587574827682 5.36836861875235
0.324504427899943 -0.0439158365343718 0.944864157207171 7.00590898229636 0.00196949867794707 0.998950828072123 0.0457532968099192 0.251567735135254 -0.945882126561385 -0.01298623869738 0.324250459145714 5.55648844436718
0.309499704010967 -0.0443942647729308 0.949862665058689 7.59702691354765 0.00289826915525756 0.998948987341468 0.0457440785824625 0.27792402980139 -0.950895122110229 -0.0114048211176562 0.309303082432501 5.73266830621279
0.297894379696188 -0.0459997261936945 0.953489886540769 8.22151951238024 0.0038570713358552 0.9988881552145 0.0469848525897685 0.295129442685651 -0.954591044136772 -0.0103188450069417 0.297740591608853 5.91273970626347
0.287265720830934 -0.0478577563087633 0.956654608934999 8.84425800844127 0.00292750661190733 0.998790237716919 0.0490865638073896 0.325602023134623 -0.957846457079902 -0.0113002744422746 0.287058301494676 6.11528726911383
0.276703137150189 -0.049535914964637 0.959677845435571 9.51639160130052 0.00127765545465398 0.998688568548984 0.0511811551854723 0.355092039189266 -0.960954599077284 -0.0129358485688595 0.276403549785492 6.2984017922232
0.266043252568209 -0.0512205312445647 0.962599316923689 10.2178918065771 0.000568769682127549 0.998595479858276 0.0529787137222843 0.38435441612894 -0.963960924656169 -0.0135471320080536 0.265698722146681 6.48621909447452
0.25628575714054 -0.0533129823144369 0.965129699368764 10.9187106848414 -0.000369018736479687 0.998472329434459 0.0552527934035697 0.411674274253048 -0.966600990332656 -0.0145166549337638 0.255874563443617 6.6677612788375
0.246245906138447 -0.0549739160256198 0.96764705459525 11.6508165448857 -0.000678229492392476 0.99838007884071 0.0568925142595428 0.44315080747913 -0.969207146958178 -0.0146658354969889 0.245809722253544 6.85214985103373
0.234989097969515 -0.0562399057992898 0.970369618666599 12.4077230753972 -0.00132119090234051 0.998305297556926 0.0581789250878401 0.473175195310476 -0.971997108169604 -0.0149534566393175 0.2345165577192 7.02566414997899
0.225172097869075 -0.0591490310800608 0.972521937265957 13.1684374986648 -0.00228504878987595 0.998120759365902 0.0612350249029409 0.509133018517113 -0.974316326915067 -0.0160106790963376 0.224613786891203 7.21687133998135
0.213754389592507 -0.0626059409269786 0.974879252569559 13.945270736291 -0.0042945364671937 0.997874439462594 0.0650243033314956 0.551713396053374 -0.976877995394751 -0.0180858847685724 0.213031178200918 7.3818423382211
0.201132431277277 -0.0664672679532403 0.977306424505295 14.7456285368042 -0.00429191120182123 0.997625893540778 0.0687324962095859 0.588177516725772 -0.979554656252895 -0.0180188464613364 0.20036964986114 7.55493400361784
0.188833688143328 -0.0689612037222893 0.979584703128505 15.5239326814017 -0.00544291809934543 0.997442382460492 0.0712675824909312 0.628827048008967 -0.981993998385302 -0.0187895197573215 0.18797537360659 7.69588247204024
0.173868221817961 -0.069622570007836 0.982304707912654 16.3211659793804 -0.00606885843328524 0.997402969982882 0.0717668755530239 0.662450072204021 -0.984750227417682 -0.0184394472485067 0.172994151305738 7.83024094177612
0.160562073182484 -0.0688557072620715 0.984621100846809 17.1268372157383 -0.00746662071147186 0.997450471548056 0.07097046134633 0.704740799192998 -0.986997502646533 -0.0187469567130191 0.159638596158656 7.97259141857089
0.143649935194801 -0.0678742814742494 0.987298221426983 17.9295495396476 -0.00841842275514703 0.997525327194512 0.0698022332292929 0.742911825174326 -0.989592757793248 -0.0183385800932174 0.142723054211013 8.08366140956457
0.122959383266182 -0.0663851664203306 0.990188870744438 18.7619460365296 -0.0110758919768122 0.997606231776857 0.0682578269277491 0.778754662538886 -0.992349895290828 -0.0193601652711329 0.121929772069648 8.18760117687979
0.09808267652809 -0.0650710188905146 0.993048614653702 19.5742864999282 -0.0153837910266504 0.997641656851195 0.0668914306084959 0.820603373763781 -0.995059358801642 -0.0218377429180115 0.0968503249633806 8.26792371582407
0.067733567283206 -0.0646846338030438 0.995604370225873 20.3930559769497 -0.0193291070998949 0.997623725375293 0.0661308414209421 0.860099214224642 -0.997516190085059 -0.0237234212980998 0.0663223175115336 8.32147630170025
0.0345825872423412 -0.0643877781460294 0.997325553009168 21.2523163662233 -0.022513071634294 0.997619049444792 0.0651873744712849 0.899975479628825 -0.999148240385387 -0.0247072096823596 0.0330506811502714 8.32726019846886
9.46964559438488e-05 -0.0637558291113364 0.997965523095316 22.0877183244229 -0.0238467966017366 0.997681586858439 0.0637399524275168 0.935242152113648 -0.99971562022628 -0.0238043167923966 -0.00142589537855719 8.32106189975146
-0.0335147831052521 -0.0627094025283181 0.99746894194654 22.9422721006149 -0.0250280203047726 0.99776928915663 0.0618873477820599 0.965448087852673 -0.99912479576529 -0.022890531894543 -0.0350095135149449 8.29531224927763
-0.0663230192193724 -0.0608046398838111 0.995943800066162 23.7638131155501 -0.0273573829797943 0.997877077748794 0.0591008570159826 0.997279254218163 -0.997423095139732 -0.0233266686890093 -0.0678456764263544 8.24233993519259
-0.0987979276345465 -0.0576850488671828 0.993434147104029 24.5999422579494 -0.0294630188066557 0.998050301100013 0.0550229679040634 1.03541349749317 -0.994671252232574 -0.0238334137580763 -0.100304877103353 8.14987355730796
-0.130932076661127 -0.0532820451039276 0.98995849153929 25.4457718627314 -0.0267628590096541 0.998380759949608 0.0501956924453871 1.05853720395149 -0.991030040250463 -0.0199218932831581 -0.132146046059579 8.03241398346839
-0.162731327589212 -0.0479053197827656 0.985506770832937 26.2863993366808 -0.0223146967732917 0.998743845879679 0.0448640683106599 1.0771425676463 -0.986418049981329 -0.014690495361916 -0.163595904646336 7.86749804014164
-0.193478993545725 -0.0417426213498567 0.980216013243701 27.1044167561228 -0.0167042042141286 0.999089819872498 0.0392492215045433 1.09365523406346 -0.980962205499328 -0.00877982858502948 -0.194000170082172 7.68949030753139
-0.222342702324653 -0.0361484659163937 0.974298214683195 27.9228729302081 -0.0102831366621841 0.999343791590809 0.0347310136519538 1.10605637883498 -0.9749143448649 -0.00229665426145944 -0.222568518788812 7.50278264837587
-0.250204601178738 -0.0295705414814863 0.967741308731564 28.7317587775238 -0.00172001449232585 0.999545483014572 0.0300976566415435 1.12594292344349 -0.968191457873459 0.00586604310057133 -0.250141740697564 7.25785368147417
-0.275866656696787 -0.0194031735797434 0.961000054411014 29.5779884680029 0.00456537179066064 0.999758504606047 0.0214962752190729 1.1239003246558 -0.961185073283678 0.010317428115351 -0.27571145346854 7.01549847188744
-0.301217849834648 -0.00449395239082621 0.95354476105367 30.3461037991708 0.00843527015079409 0.999937209336462 0.00737723538263384 1.11108607519987 -0.953518040289996 0.0102655626400432 -0.301161028463526 6.74563240217163
-0.326228590201213 0.0125246229310603 0.945207935195089 31.1251151296543 0.00908071181498856 0.999907606248888 -0.0101153170267935 1.0871938115068 -0.945247294419964 0.00528325525165783 -0.326312181209473 6.46801315208369
-0.351697915097498 0.0271419408242683 0.935719985660435 31.9011422371828 0.00818895338264661 0.999630534109129 -0.0259178764406718 1.05946976245324 -0.936077730510971 -0.00145269576615476 -0.351790238802104 6.18245734161968
-0.375799252653836 0.0379414439091856 0.925924061972095 32.6676608162269 0.0120266931669106 0.999277039258054 -0.036066015348601 1.02167667136143 -0.926623051923643 -0.00241777702500818 -0.37598387465152 5.8619499275815
-0.399502439192149 0.0428011051140813 0.915732420787064 33.4303672001537 0.0161394562193252 0.999083047136614 -0.0396558050878267 0.976009119596537 -0.916590049603675 -0.00106316754680569 -0.399826900848729 5.52226079446319
-0.42187456672323 0.0419359645953116 0.905683843747667 34.1595032845274 0.0182716678850806 0.999120106854797 -0.0377512679410493 0.928087795566412 -0.906470074577636 0.000622054595957917 -0.42226960220136 5.16660542939678
-0.442026237055112 0.0387211450487404 0.896165988353169 34.9106741781161 0.0224020830373604 0.999232778505361 -0.0321247729337122 0.888655240183043 -0.896722338536565 0.00587599239020713 -0.442554539331532 4.77849783090501
-0.460327531994746 0.0374043076839101 0.886960811453535 35.6527497984508 0.0297011962782971 0.999201544055545 -0.0267228983580108 0.85333533602398 -0.887252163833521 0.0140425113032495 -0.461070933424602 4.3807728099744
-0.474084037343784 0.0380824971025584 0.879655642254542 36.3541402976656 0.0332951484134116 0.999125024392642 -0.0253104469445251 0.80679969844467 -0.879849850047124 0.0172889862871238 -0.474937187768253 3.98811911616607
-0.485368381905667 0.0414172120113569 0.873328201992516 37.0516531307649 0.035961157354507 0.998977768869502 -0.0273900066855888 0.755566472823117 -0.873569876431187 0.0181116496686119 -0.486361634114248 3.58638652244903
-0.495370683875599 0.0441130710469584 0.867560904213317 37.7464562334721 0.037486662628978 0.998864994148262 -0.0293849211353846 0.713048660303412 -0.86787247662405 0.0179655344478697 -0.496462087062486 3.19939361345037
-0.505749070513659 0.0433834522597157 0.861589086365768 38.444868274538 0.0312272968751247 0.999000816908133 -0.0319722339969475 0.658982126469485 -0.862115267005777 0.0107351705581099 -0.506598482536856 2.79996276750241
-0.516969506981934 0.042173006936992 0.854964307054247 39.1457269253062 0.0299152906057826 0.999065621183393 -0.0311923060611379 0.639760865924165 -0.855480919856678 0.00945103461704329 -0.517748079384018 2.38260706447019
-0.525495063262758 0.0435439927804618 0.849681622244006 39.8181536007359 0.032191559667399 0.998991920087949 -0.0312865320093607 0.595983135706451 -0.850187415792924 0.010911658523229 -0.52636707128735 1.95860003759511
-0.532937580422735 0.0465239406715976 0.844874581412855 40.4909586016761 0.0356647144578359 0.998835046940449 -0.0325050326274678 0.54969099345429 -0.84540260439379 0.0128090572587284 -0.533975996217377 1.52751613267286
-0.536812476440076 0.0496313850916249 0.842240518350999 41.1831228500957 0.0364457373670583 0.998700543291419 -0.0356220866485467 0.512896507330128 -0.84291403675941 0.0115736961819463 -0.537923764292529 1.08370418923528
-0.536035596987152 0.0512916918024856 0.842635746402125 41.9006736037827 0.0357550806705193 0.998636251388167 -0.0380422346824437 0.469052053669769 -0.843437853649498 0.00973651710974224 -0.537138517763993 0.632302527726659
-0.53271532572133 0.0520850732720795 0.844690195801905 42.621879399706 0.0383741629096262 0.998564346720021 -0.0373720360778483 0.428232342336556 -0.845424038789177 0.0125056228097861 -0.533949252303565 0.161940002036639
-0.527209824297463 0.0508595332370488 0.848211712394463 43.3737289247492 0.0365040668227311 0.998641249631914 -0.0371901551356051 0.379784600932102 -0.848950678349243 0.011356161874433 -0.528350057554498 -0.280444923085059
-0.52012680265229 0.0494871083952941 0.852654170965801 44.132180066619 0.0344401571256557 0.998723250235441 -0.0369559875570652 0.340408458356657 -0.853394389915861 0.0101437439749937 -0.521167074668291 -0.735676792931477
-0.512937526269187 0.0488769932440478 0.857033332885173 44.901612113793 0.0325937433329956 0.998766713374643 -0.0374526387636002 0.293245441036657 -0.857806937510061 0.00872306060022658 -0.513898011451081 -1.19419066216541
-0.506682421943592 0.0473771009499019 0.860830025962709 45.7063450353572 0.0297794245098006 0.998854857756885 -0.0374454137557373 0.24322909562996 -0.861618308283454 0.00666208984148929 -0.507513061299612 -1.6465532840606
-0.501862859864552 0.0453922826445198 0.86375529553508 46.5290068026616 0.0256264854254383 0.998963917000521 -0.0376081876153977 0.195988314921038 -0.864567494839652 0.00326085990118869 -0.502506132956994 -2.12100455100797
-0.500873750439068 0.0423794093321127 0.86448219865175 47.3597428593531 0.0208696936966426 0.999101494865676 -0.0368871094310782 0.15523543679463 -0.865268710867388 -0.000434306151538249 -0.501308158094456 -2.57022152410316
-0.501206348625706 0.0398797633233485 0.864408352906519 48.1956585636687 0.0182090562416013 0.999202335363701 -0.0355404456150492 0.107586014092709 -0.865136189491618 -0.00207303666146452 -0.501532726899175 -3.06010570316142
-0.502271215043573 0.0385080040401838 0.863852279133125 49.0632631494181 0.0165853445506303 0.999253160742676 -0.0349005313986536 0.0587758218853621 -0.864551070142643 -0.003202244620998 -0.502534767697318 -3.53750669521122
-0.502672397893651 0.0380260309498887 0.863640249968727 49.9326390601479 0.0169404200454554 0.999273546707244 -0.0341379703528033 0.0140010176238548 -0.864310987182583 -0.00252978681383366 -0.502951406811976 -4.04548353052708
-0.502689466932661 0.0373991046385776 0.863657690759012 50.799242759442 0.0166249969803746 0.999297205708043 -0.0335961923363315 -0.0344921264882035 -0.864307184576386 -0.00253014551557176 -0.502957939646359 -4.54748263453833
-0.502681402194148 0.0367983799150412 0.863688188598034 51.6838501956161 0.0169832950745271 0.999321150367367 -0.032692600337916 -0.0841329056872403 -0.86430490891614 -0.00176569081989222 -0.502965114853298 -5.05328073882825
-0.503186410847446 0.0363738015070814 0.863412058348961 52.5813499211396 0.0166360216852195 0.999336367623745 -0.0324047392686286 -0.138480038930708 -0.864017753707037 -0.00194188272105518 -0.503457595404561 -5.57038386593569
-0.503053891750298 0.0349501455553283 0.863548070069374 53.4845804561376 0.0149042052264905 0.999384220374982 -0.0317654644552318 -0.185526931756577 -0.864126522368944 -0.0031092428582064 -0.503265025555525 -6.09029577223432
-0.503260001145695 0.0342356970574356 0.863456593172943 54.371016837471 0.0142959570341409 0.999407986325399 -0.0312938089961697 -0.242373261020954 -0.864016780426927 -0.00340498399441944 -0.503451496397304 -6.61606373592578
-0.502682590611711 0.0331687973794766 0.863834500339213 55.2606907013182 0.013022980373533 0.999440805879846 -0.0307973622967241 -0.294342851043045 -0.864372960635679 -0.00423159811942644 -0.502833450060024 -7.12138637925962
-0.501322474207187 0.03184926509715 0.864674158956746 56.1610056051651 0.0125912930697354 0.999485039432387 -0.0295146622828664 -0.346637276043453 -0.865168906164349 -0.00390899777578482 -0.501465336332206 -7.62971068925068
-0.49927307182869 0.0299177495589879 0.865928015488626 57.0637149288667 0.0131356834387554 0.999550186891149 -0.0269606696219877 -0.401364369463498 -0.866345112277631 -0.00208618004851999 -0.499441482343492 -8.14915227756162
-0.496985598545854 0.0285867610694787 0.867287790718615 57.9455826307269 0.013713124523385 0.999591149128701 -0.0250895356546986 -0.451717474885875 -0.867650427910818 -0.000575912422852099 -0.497174419365131 -8.63610447657923
-0.494237698605898 0.0279067767123394 0.868878765473224 58.8521129731078 0.0132820665464555 0.999610354007018 -0.0245504963334534 -0.506762414471965 -0.869225335563225 -0.000593275223661103 -0.494415780532446 -9.16108864078715
-0.492330261110391 0.0283016979918466 0.869948232876965 59.7428623428354 0.013964238656353 0.999599426307684 -0.0246168024750984 -0.553500916804575 -0.870296451810372 2.85679522983571e-05 -0.492528258224997 -9.65884782243008
-0.491050321771183 0.0286288126074949 0.870660652939538 60.6334651400331 0.0137834626482773 0.999590059711472 -0.0250943954587482 -0.60343997606988 -0.871022156805348 -0.000321892375554803 -0.491243624629834 -10.1598079871548
-0.492098319065966 0.0299869286402746 0.870023004571244 61.513658333469 0.0129970464442086 0.999548233419333 -0.0270999234688743 -0.654459942002133 -0.870442600724584 -0.00202809738790701 -0.492265746995266 -10.6514938868669
-0.494498061517722 0.0316549603024784 0.868602112962813 62.4022897137786 0.0117665064675034 0.999488819700726 -0.0297262277929628 -0.706085437491268 -0.869099083235488 -0.00447914963999026 -0.494617752145773 -11.1361412164014
-0.498944758189492 0.0321161742909619 0.866038497772554 63.281645074639 0.0105276568006244 0.999463974686057 -0.0309988991262096 -0.761128216787281 -0.866569845262064 -0.00634938214798937 -0.499015419229528 -11.6410653840495
-0.504428332907358 0.0308496454087037 0.862902286668926 64.152582699108 0.0107595756573088 0.999508528821336 -0.0294437148655448 -0.799983086512466 -0.863386523228141 -0.00556778156594733 -0.504512350013809 -12.1366750975606
-0.509926345160918 0.028635296973873 0.859741322886161 65.0174641640421 0.0137297990383439 0.99958940489122 -0.0251498359355277 -0.862707962771844 -0.860108490325026 -0.00102048833181344 -0.510110128770611 -12.6440138579963
-0.515546523409324 0.0265819626996907 0.856449170388758 65.8825888641606 0.0110835055035865 0.999641943277075 -0.0243544892573221 -0.904740908854972 -0.856789903130465 -0.00306341317247623 -0.515656549840515 -13.1515764306091
-0.520256365243112 0.0288598435944095 0.853522362830484 66.7045231375085 0.0120882472137177 0.999577573336444 -0.0264300806303309 -0.956330322881315 -0.853924580219662 -0.00343282835748698 -0.520385460006467 -13.6787826335923
-0.525484587613809 0.0310263667460256 0.850237209693204 67.5396074314735 0.0124061125917863 0.999508032087396 -0.0288059397198038 -1.00528495877763 -0.850712663918144 -0.00458893880130918 -0.525610982657301 -14.1828678146617
-0.53022533960067 0.0314049151733963 0.847274937991385 68.3828292962845 0.0111494058009829 0.999485628149981 -0.030069417552117 -1.05157923502 -0.847783451121593 -0.00649695502449698 -0.530302752755226 -14.7089017318195
-0.534083588875195 0.0318043240370806 0.844833240981163 69.2133228788811 0.0100639730468588 0.999460519872767 -0.0312631678204549 -1.10524755339326 -0.845371774156615 -0.0081947659028313 -0.534115539252599 -15.2081004485584
-0.537466603811454 0.0307853944905286 0.842722913699066 70.0281848993699 0.0100462050329717 0.999496246868598 -0.0301052530303542 -1.15703140539591 -0.843225191483163 -0.00771440092610482 -0.537505129711833 -15.7354219071463
-0.539979922133306 0.0245419173446913 0.841320021148882 70.869051674411 0.0120542186834232 0.999697782269907 -0.0214252173049103 -1.20139623751165 -0.841591575233997 -0.00142773165432377 -0.540112564265527 -16.2661784063825
-0.541727501678662 0.0165935038492259 0.840390367362097 71.678932640766 0.0127789732855116 0.999852160432756 -0.0115045695147211 -1.23619687044421 -0.840457025532396 0.00450698435282311 -0.541859460861652 -16.7993740270478
-0.543722642313466 0.0136177276337761 0.83915448263699 72.5011045784061 0.0129230110983849 0.999885658827686 -0.00785271003387432 -1.26713526323342 -0.839165468796121 0.00657470644343765 -0.543836454474476 -17.3224682211347
-0.544915797857774 0.0185565632444165 0.838285409157037 73.2858522889905 0.0125765132668067 0.999823497863486 -0.0139572359037861 -1.31274408994368 -0.838396448322078 0.0029371892312332 -0.545052995919062 -17.8245738054164
-0.545967687122635 0.0235177594931682 0.837476088975908 74.0876950750303 0.0130088307156919 0.999723399772843 -0.0195932200017785 -1.35362992392168 -0.837705231535157 0.000197319662271359 -0.546122610888416 -18.3462039635635
-0.546672218588185 0.0288194049652402 0.836850600359061 74.8833998055974 0.0193621707622223 0.999575388095799 -0.0217749823537608 -1.38630002070685 -0.837122805666675 0.00429946631357138 -0.546998101296679 -18.8769339520569
-0.546140139298072 0.0298011124603528 0.8371635694078 75.6919019156985 0.0227236232661069 0.999526286978813 -0.0207566515606 -1.42978224301706 -0.837385565431565 0.00768734898866453 -0.546558614855154 -19.4018342609996
-0.545817608910809 0.026967692994797 0.837469928616798 76.4725036859351 0.0222510479950998 0.999595960384987 -0.0176863462912876 -1.47147830111037 -0.837608517546238 0.00898106433302603 -0.546197136405382 -19.9129578824526
-0.545336837955591 0.0221932630440607 0.837923142205808 77.2848995127219 0.020594426540744 0.999702414046801 -0.0130748974931572 -1.49275586680391 -0.837963962688167 0.0101263233434351 -0.545631610898314 -20.438036936824
-0.544470786222685 0.0159163514325586 0.838628781229888 78.0827084863635 0.0184564163321033 0.999805212515926 -0.00699269062375099 -1.52948847715884 -0.838576724960947 0.0116707661727375 -0.544658488936612 -20.9441817614325
-0.54418384735851 0.00930650989094788 0.8389143753374 78.8906196834606 0.00976494613481927 0.999940999167018 -0.00475857245933121 -1.55919542082888 -0.838909164392114 0.00560241541804216 -0.544242617626008 -21.4522968433503
-0.542413302260936 0.00428079802956738 0.840100877453783 79.6725962966789 0.0013398651907823 0.999990154026798 -0.00423043859804027 -1.58057143670289 -0.840110715496271 -0.00116902424752916 -0.542413697366366 -21.9435865895111
-0.540944076504319 0.00496745826455692 0.841043893297656 80.4693241796833 0.00475469731924152 0.999984640541346 -0.00284807563048873 -1.60243958258118 -0.84104512301558 0.00245825950307763 -0.540959386656636 -22.4459160438611
-0.537746819000949 0.00783783714936065 0.843069941916553 81.2793760514978 0.00980501451406775 0.999947301889119 -0.00304222534505361 -1.63041414620453 -0.8430493581901 0.00663036601487942 -0.537795330866464 -22.968852507882
-0.53246396360911 0.0110080840104382 0.846381090020385 82.0793001227941 0.0107167145524032 0.999922959819675 -0.00626310263866281 -1.65964568692863 -0.846384829428599 0.00573554808882731 -0.532540912983445 -23.4433889979422
-0.524600201589945 0.0130911459685554 0.851248054558141 82.8617683085066 0.0157206599900819 0.999860241607425 -0.0056884182526883 -1.67995673977932 -0.851203553412029 0.010398035870839 -0.524732685763679 -23.9338560237613
-0.516233313066341 0.0153844704928155 0.856309806406656 83.6512324417778 0.0228756255707317 0.999729620223973 -0.004170395853892 -1.71321306661268 -0.856142436884948 0.0174357252354516 -0.516445663405374 -24.4348628154766
-0.506826270690208 0.0160261586696209 0.861899236324382 84.4533833948261 0.0226111360094773 0.999730324674832 -0.00529286821249846 -1.73401037539798 -0.861751627713355 0.0168059562015999 -0.507051961804244 -24.8910546625176
-0.495469949335572 0.0129462256325896 0.868528597426288 85.2886230639362 0.0183682067886681 0.999821499360699 -0.00442474807100071 -1.75651785982711 -0.868430848303291 0.0137609831768365 -0.495619306582414 -25.3595021275421
-0.484267845583026 0.0100014580562103 0.874862631829206 86.0790160293208 0.0200397593756549 0.999799127059059 -0.000337010548101514 -1.77591883280816 -0.874690266196292 0.0173688332565415 -0.484370996089532 -25.787690213217
-0.472786218066141 0.0087953202169118 0.881133267076552 86.9082892857493 0.0197096872881596 0.999805567804423 0.000595662890456317 -1.80081796175428 -0.880956707354975 0.0176484823584944 -0.472867646214798 -26.2198941708847
-0.460767837278553 0.00772268189076838 0.887487104308597 87.7534576233006 0.0191843325496135 0.999815169761283 0.00126003961912008 -1.8181603168012 -0.887313338970102 0.0176064334727369 -0.460830827946763 -26.6479648784822
-0.448831448937447 0.00956015925984911 0.893565293529039 88.5717442085876 0.0224998177117856 0.999746663808742 0.00060531498124617 -1.84295696361683 -0.893333134193313 0.0203767406180778 -0.448932845528299 -27.050769124348
-0.436637677649175 0.0119051690310425 0.899558672576435 89.3778320165158 0.021427415978297 0.99976639923753 -0.00283068898263193 -1.8669305933671 -0.899382234815447 0.0180392324106564 -0.436790775763873 -27.441277713508
-0.42505648451012 0.0215033209271342 0.904911372547059 90.2385758032104 0.0234138393835549 0.999644469143256 -0.0127564664628672 -1.891626340421 -0.904863955023748 0.0157652307436915 -0.425408839116419 -27.8471228622344
-0.412298238035191 0.0268235113713963 0.910653974982147 91.0762890997032 0.02439867140914 0.999533055846622 -0.0183949749492157 -1.92568415548607 -0.910722168252506 0.0146345313427535 -0.412760175823482 -28.2165744121832
-0.400398710204358 0.0230177845238365 0.916051884154113 91.9107312518237 0.0211296273619184 0.999650576756681 -0.0158827969067914 -1.95178087398392 -0.916097381130539 0.0129963835604426 -0.400745158798103 -28.5727428462514
-0.388910473428739 0.0182074786012832 0.921095614678747 92.7623717455054 0.020464880040898 0.999728718878236 -0.0111210312018133 -2.0010828518487 -0.921048224764776 0.0145250257508848 -0.389177583224664 -28.9203491656959
-0.378850154943925 0.0189542151458379 0.925263907124432 93.6061189463932 0.0181771045293012 0.999749777697183 -0.0130374409054908 -2.02574620037422 -0.925279499918751 0.011879382249873 -0.379099890935709 -29.2587963539727
-0.371837779518641 0.0239224240832601 0.927989430623338 94.4467779577516 0.0143479358587467 0.999696585188342 -0.0200218455533376 -2.06108704519052 -0.928186835965281 0.00586985423576028 -0.372068195835133 -29.5823645585629
-0.366931940143224 0.0294843838220406 0.929780416234588 95.2882323623132 0.00863598500791856 0.999562477158353 -0.0282891148677484 -2.08342258385482 -0.930207703185516 -0.00235061006809927 -0.367026025734737 -29.8877656478417
-0.363466389495235 0.0320729341947094 0.931055052399932 96.1511455706203 0.00604102202113604 0.999467327171211 -0.0320712951122191 -2.1274952846978 -0.931587725209085 -0.00603231376643648 -0.363466534127125 -30.2170365022483
-0.359900169242157 0.0318945382651458 0.932445497929139 96.9918748991682 0.00545145560046587 0.999470340540388 -0.032083017500175 -2.17036212472827 -0.932974892379909 -0.00646349819629708 -0.359883416372252 -30.5357021221003
-0.355288315431802 0.0312501467709708 0.934234253945136 97.8244755257998 0.00358138977675106 0.999479189771743 -0.0320705918324966 -2.22772699118287 -0.934749905891891 -0.00804844954089886 -0.355215196599313 -30.8455009159095
-0.349302317444492 0.0286183770553647 0.936572944047939 98.6750868497745 0.00370036123915244 0.999567814161403 -0.0291631997437479 -2.26259998544462 -0.937002773931116 -0.00672111503479388 -0.349257252262687 -31.1504846597762
-0.344218141624288 0.024608127694557 0.938567158507099 99.5216962192551 0.00355757353427018 0.99968347253558 -0.0249057906871761 -2.30666465046829 -0.938882961101792 -0.00523400330278326 -0.344196732352527 -31.4537241154066
-0.338257764590295 0.0215378798138957 0.940806996374654 100.401485731123 0.00150972454881209 0.999749191999416 -0.0223444361822359 -2.34979224527512 -0.94105228623396 -0.00613781961591262 -0.33820544310256 -31.7632584798186
-0.332419921688746 0.0203086115808047 0.942912804006875 101.245340359277 -0.00311631678901843 0.999739024886409 -0.0226311884098647 -2.38926715429101 -0.943126335245771 -0.0104614728806375 -0.332269880294693 -32.0394981327787
-0.326499279302239 0.0202745545767313 0.944979980238647 102.099312668998 -0.013535968448979 0.999567101962702 -0.0261225234622043 -2.42191069832146 -0.945100522787532 -0.0213202042813927 -0.326083502673983 -32.3040626412736
-0.31972272002007 0.0232253410872192 0.947226459635894 102.941446914537 -0.011788239226212 0.9995246623091 -0.0284866082892578 -2.47152312107129 -0.947437818391747 -0.0202739479939735 -0.319296957883761 -32.5783905396955
-0.312503536453443 0.0269679968228144 0.949533710223842 103.788656974981 -0.0102719044603484 0.999442546489263 -0.0317660864101057 -2.52505851272104 -0.949861057040896 -0.0196805338957432 -0.312052317573079 -32.8660135183381
-0.306150159308825 0.0250747202815169 0.951652950585446 104.621471224725 -0.0110491996192062 0.999492129076135 -0.0298897825791619 -2.55602779914734 -0.951919111659681 -0.0196657651175417 -0.305717618954789 -33.1081708243244
-0.298850319716058 0.0209446598801676 0.95407012720665 105.500255147874 -0.0112798795497772 0.999611749890702 -0.0254777117848324 -2.59256531158681 -0.954233331383343 -0.0183758184294624 -0.298498037806106 -33.3941973692131
-0.292029762506447 0.0188483191802165 0.956223487828295 106.364031826191 -0.0100953888938273 0.999689342141036 -0.0227882060001462 -2.62894040331023 -0.95635594886711 -0.0163082823652093 -0.291748760053553 -33.6407453519519
-0.285378401066723 0.0213981345993893 0.958176021428353 107.215072887758 -0.0126662050603948 0.999579215444278 -0.026095196898451 -2.66801570087406 -0.958331224292504 -0.019583459537766 -0.284987285082272 -33.886109019198
-0.279293248784866 0.0240073962286103 0.959905686049165 108.081939781708 -0.0132166580756047 0.999496571709739 -0.0288430769820126 -2.71911372275545 -0.960114889548385 -0.0207424219125988 -0.27883534711491 -34.1295697083877
-0.272349613917263 0.0250140462927172 0.961873164864881 108.927896217415 -0.0141642188207476 0.999449482888288 -0.0300017676067759 -2.75121899536735 -0.962094102832106 -0.0217951518094921 -0.271845376369152 -34.3592624582299
-0.265302577642285 0.0238036800770473 0.963871322901117 109.7906064421 -0.0145822296115699 0.999481791100502 -0.0286968262720576 -2.7943960761321 -0.964054926275425 -0.0216687349266814 -0.264817984757007 -34.5894018576334
-0.257413345221615 0.0240116109321847 0.966003008402282 110.655457615674 -0.0110773578527905 0.999552199632535 -0.0277973443473037 -2.83740369376866 -0.966237890917562 -0.0178561684076609 -0.257032090224116 -34.8112128060526
-0.249510055022266 0.025181345707005 0.968044747039707 111.528368911666 -0.00711044449920742 0.999587254819171 -0.02783453937284 -2.87841649088661 -0.968346102394082 -0.0138282258970119 -0.249228020388422 -35.0333716740658
-0.242844833034098 0.0254981688786111 0.969729978113742 112.397987198696 -0.00662891289776621 0.999587529879763 -0.0279432929818172 -2.93021574330824 -0.970042496276547 -0.013214139877861 -0.242575641656069 -35.245738886473
-0.236221285189659 0.0248613378605126 0.971381191038374 113.251664950977 -0.0117509111280979 0.999526449641797 -0.0284392783685275 -2.95900878910962 -0.971628231635436 -0.0181325769334779 -0.235817279143718 -35.4335548556917
-0.230413859582369 0.0226301681280558 0.972829547661281 114.125014700339 -0.0168498142168128 0.999486870354417 -0.0272411407615608 -3.00783221942081 -0.972946831575711 -0.0226687335250164 -0.229914313271612 -35.635924131199
-0.225598901106539 0.0227779752358188 0.973953951510891 115.003475794327 -0.0147183055563437 0.999532847198025 -0.0267854224114555 -3.05096554466502 -0.974109083881817 -0.0203777137178445 -0.225158258748289 -35.8393272065486
-0.220994455570206 0.0230239743154365 0.97500325497608 115.869881116511 -0.0127121067395945 0.999568370073725 -0.0264853901311342 -3.09559497958752 -0.97519221333513 -0.0182474698213025 -0.220606384530573 -36.0290412947095
-0.216402709159665 0.0242819591845072 0.976002179263202 116.745439170077 -0.0117878578339781 0.99955280620241 -0.0274815214384836 -3.12724546172393 -0.976233022324098 -0.0174520506259247 -0.21601970292755 -36.2116374494962
-0.210688378041723 0.0232004119143046 0.977277927840977 117.582824182118 -0.00699844036968198 0.999656911709572 -0.0252404576755851 -3.16968926272758 -0.977528224242421 -0.0121572923913012 -0.210453726626953 -36.3924254977336
-0.205313733733504 0.022559657263874 0.978436166852261 118.462191247794 -0.000347154351752334 0.99973255512804 -0.0231235313266808 -3.21448725848095 -0.978696148058356 -0.00508724692701912 -0.205250991945081 -36.5775411232759
-0.20042754812467 0.0213557272597273 0.979475742867551 119.351510403003 0.00249298177612341 0.999770274934814 -0.0212880811401596 -3.25506038851386 -0.979705355193385 -0.00182490273007749 -0.200434744331987 -36.7631176916078
-0.196647446616595 0.0227888508237946 0.980209390904466 120.192974420864 0.00187018629715608 0.999736751865406 -0.0228676490444655 -3.28217566240018 -0.980472480053564 -0.00266369062350532 -0.19663829893964 -36.9176282095821
-0.192622960858639 0.024720014995912 0.98096142422047 121.088406220177 -0.00111143002449458 0.999676499217865 -0.0254098727823467 -3.32288611313919 -0.981272214868714 -0.00598479491012656 -0.192533172613272 -37.0882040579831
-0.190732331853868 0.0243898978898255 0.981339039510051 121.961554873288 -0.00156067075387819 0.99968249234711 -0.0251491312269177 -3.35634132058905 -0.981640841597569 -0.00632829958161118 -0.190633708278524 -37.2415956346566
-0.189600657405595 0.0232385953762845 0.981586246030528 122.819518497232 -0.00283804488740558 0.999702728888845 -0.0242156840376864 -3.40152528185642 -0.981857187279588 -0.00737709544016609 -0.189478342430694 -37.4058924679129
-0.188882181419051 0.0194495998870106 0.981807126989113 123.699419773426 -0.000970083842591018 0.999799656198221 -0.0199926587340731 -3.42801794825631 -0.981999277229733 -0.00472869222449122 -0.188825472302142 -37.5699304688657
-0.187754864248821 0.0138610620490383 0.982118109959173 124.573092747404 -0.0018964165325443 0.999893440875736 -0.0144744774695408 -3.46883688819889 -0.982214087943785 -0.00458015857300399 -0.187708570907682 -37.7288040966525
-0.186824766937734 0.0118250525267979 0.982322082919548 125.416105612607 0.000109862600597838 0.999927798110895 -0.0120160931797779 -3.49689719703634 -0.98239324834247 -0.00213698334915987 -0.186812576967652 -37.890951163808
-0.185717669161984 0.0162024671470389 0.982469555466931 126.29241503728 -0.00379734041539579 0.999844740583195 -0.017206828118319 -3.54604374792348 -0.982595810884012 -0.00692638336167559 -0.185627308461653 -38.0489911646901
-0.185916770037138 0.019466347971642 0.982372646156032 127.111639319326 -0.00526405998867925 0.99976964604644 -0.0208073188232439 -3.58125577039947 -0.982551395241691 -0.00903969804935337 -0.185771471350643 -38.1953963227537
-0.185601771562038 0.018861148088838 0.982444013410334 128.002814224037 -0.00464151876564893 0.9997877834044 -0.0200709854980903 -3.59634832051681 -0.982614084316209 -0.00828524278988504 -0.185474839413144 -38.3542896509954
-0.185355053578127 0.0183088531279066 0.982501038172576 128.832715011733 -0.0058442338182861 0.999788193534637 -0.0197335501069941 -3.64255036929573 -0.982654236771066 -0.00939967903115793 -0.185208792960768 -38.5014444804792
